time	open	high	low	close	volume
2018-06-12	9.26	0.0	0.0	0.0	0
2018-06-13	9.26	9.26	9.26	9.26	0
2018-06-14	9.26	9.26	9.26	9.26	0
2018-06-15	9.26	9.26	9.26	9.26	0
2018-06-18	9.26	9.26	9.26	9.26	0
2018-06-19	9.26	9.26	9.26	9.26	0
2018-06-20	9.26	9.26	9.26	9.26	0
2018-06-21	9.26	9.26	9.26	9.26	0
2018-06-22	9.26	9.26	9.26	9.26	0
2018-06-25	9.26	9.26	9.26	9.26	0
2018-06-26	9.26	9.26	9.26	9.26	0
2018-06-27	9.26	9.26	9.26	9.26	0
2018-06-28	9.26	9.26	9.26	9.26	0
2018-06-29	7.58	7.58	7.23	7.32	1100
2018-07-02	6.61	6.7	6.52	6.52	600
2018-07-03	5.64	5.64	5.64	5.64	800
2018-07-04	5.38	5.38	5.38	5.38	200
2018-07-05	5.47	5.47	5.47	5.47	100
2018-07-06	5.2	5.2	5.11	5.11	200
2018-07-09	5.11	5.11	5.11	5.11	100
2018-07-10	5.2	5.29	5.2	5.29	700
2018-07-11	5.2	5.38	5.2	5.29	800
2018-07-12	5.38	5.38	5.38	5.38	200
2018-07-13	5.03	5.03	4.94	5.03	700
2018-07-16	4.94	4.94	4.94	4.94	0
2018-07-17	5.03	5.03	5.03	5.03	200
2018-07-18	5.11	5.11	5.11	5.11	100
2018-07-19	5.11	5.11	5.11	5.11	0
2018-07-20	5.11	5.11	5.11	5.11	0
2018-07-23	5.38	5.38	5.38	5.38	100
2018-07-24	5.2	5.2	5.2	5.2	100
2018-07-25	5.03	5.03	5.03	5.03	100
2018-07-26	5.03	5.03	5.03	5.03	0
2018-07-27	5.11	5.11	5.11	5.11	100
2018-07-30	5.11	5.11	5.11	5.11	0
2018-07-31	5.11	5.11	5.11	5.11	0
2018-08-01	5.11	5.11	5.11	5.11	0
2018-08-02	5.11	5.11	5.11	5.11	0
2018-08-03	5.11	5.11	5.11	5.11	0
2018-08-06	5.11	5.11	5.11	5.11	0
2018-08-07	5.38	5.38	5.38	5.38	200
2018-08-08	5.29	5.29	5.29	5.29	100
2018-08-09	5.55	5.55	5.55	5.55	100
2018-08-10	5.55	5.55	5.55	5.55	0
2018-08-13	5.55	5.55	5.55	5.55	0
2018-08-14	5.55	5.55	5.55	5.55	0
2018-08-15	5.55	5.55	5.55	5.55	0
2018-08-16	5.55	5.55	5.55	5.55	0
2018-08-17	5.38	5.47	5.38	5.38	500
2018-08-20	5.2	5.2	5.11	5.11	200
2018-08-21	5.03	5.03	5.03	5.03	300
2018-08-22	4.85	4.94	4.85	4.85	400
2018-08-23	4.58	4.85	4.58	4.58	300
2018-08-24	4.67	4.67	4.67	4.67	0
2018-08-27	4.76	4.85	4.67	4.67	500
2018-08-28	4.58	4.58	4.41	4.41	400
2018-08-29	4.5	4.5	4.5	4.5	0
2018-08-30	4.85	4.85	4.85	4.85	100
2018-08-31	4.85	4.85	4.85	4.85	0
2018-09-04	4.85	4.85	4.85	4.85	0
2018-09-05	4.85	4.85	4.85	4.85	0
2018-09-06	4.85	4.85	4.85	4.85	0
2018-09-07	4.85	4.85	4.85	4.85	0
2018-09-10	4.85	4.85	4.85	4.85	0
2018-09-11	4.85	4.85	4.85	4.85	0
2018-09-12	4.85	4.85	4.85	4.85	0
2018-09-13	4.85	4.85	4.85	4.85	0
2018-09-14	4.85	4.85	4.85	4.85	0
2018-09-17	4.85	4.85	4.85	4.85	0
2018-09-18	4.85	4.85	4.85	4.85	0
2018-09-19	4.85	4.85	4.85	4.85	0
2018-09-20	4.85	4.85	4.85	4.85	0
2018-09-21	4.85	4.85	4.85	4.85	0
2018-09-24	4.85	4.85	4.85	4.85	0
2018-09-25	4.85	4.85	4.85	4.85	0
2018-09-26	4.85	4.85	4.85	4.85	0
2018-09-27	4.85	4.85	4.85	4.85	100
2018-09-28	4.94	4.94	4.94	4.94	300
2018-10-01	5.03	5.03	5.03	5.03	200
2018-10-02	5.11	5.11	5.11	5.11	300
2018-10-03	5.2	5.2	5.11	5.11	300
2018-10-04	5.2	5.2	5.2	5.2	0
2018-10-05	5.03	5.03	5.03	5.03	100
2018-10-08	4.94	4.94	4.94	4.94	200
2018-10-09	4.85	4.85	4.85	4.85	200
2018-10-10	4.85	4.85	4.85	4.85	0
2018-10-11	4.85	4.85	4.85	4.85	0
2018-10-12	4.94	4.94	4.94	4.94	100
2018-10-15	5.11	5.11	4.94	4.94	400
2018-10-16	5.03	5.03	5.03	5.03	100
2018-10-17	5.11	5.11	5.11	5.11	200
2018-10-18	5.2	5.2	5.2	5.2	100
2018-10-19	5.2	5.2	5.2	5.2	0
2018-10-22	5.11	5.11	5.11	5.11	100
2018-10-23	4.94	4.94	4.94	4.94	100
2018-10-24	4.85	4.85	4.85	4.85	100
2018-10-25	4.85	4.85	4.85	4.85	0
2018-10-26	4.67	4.67	4.67	4.67	100
2018-10-29	4.67	4.67	4.67	4.67	0
2018-10-30	4.67	4.67	4.67	4.67	0
2018-10-31	4.67	4.67	4.67	4.67	0
2018-11-01	5.2	5.2	5.2	5.2	100
2018-11-02	5.2	5.2	5.2	5.2	0
2018-11-05	5.2	5.2	5.2	5.2	0
2018-11-06	5.2	5.2	5.2	5.2	0
2018-11-07	5.2	5.2	5.2	5.2	0
2018-11-08	5.2	5.2	5.2	5.2	0
2018-11-09	5.2	5.2	5.2	5.2	0
2018-11-12	5.2	5.2	5.2	5.2	0
2018-11-13	5.2	5.2	5.2	5.2	0
2018-11-14	5.2	5.2	5.2	5.2	0
2018-11-15	5.2	5.2	5.2	5.2	0
2018-11-16	5.2	5.2	5.2	5.2	0
2018-11-19	5.2	5.2	5.2	5.2	0
2018-11-20	5.2	5.2	5.2	5.2	0
2018-11-21	5.2	5.2	5.2	5.2	0
2018-11-22	5.2	5.2	5.2	5.2	0
2018-11-23	5.2	5.2	5.2	5.2	0
2018-11-26	5.2	5.2	5.2	5.2	0
2018-11-27	5.2	5.2	5.2	5.2	0
2018-11-28	5.2	5.2	5.2	5.2	0
2018-11-29	5.2	5.2	5.2	5.2	0
2018-11-30	5.2	5.2	5.2	5.2	0
2018-12-03	5.2	5.2	5.2	5.2	0
2018-12-04	5.2	5.2	5.2	5.2	0
2018-12-05	5.2	5.2	5.2	5.2	0
2018-12-06	5.2	5.2	5.2	5.2	0
2018-12-07	5.2	5.2	5.2	5.2	0
2018-12-10	3.17	3.17	3.17	3.17	100
2018-12-11	3.17	3.17	3.17	3.17	0
2018-12-12	2.73	3.61	2.73	3.61	200
2018-12-13	2.82	3.17	2.82	2.91	12208
2018-12-14	3.09	3.09	2.65	2.65	11300
2018-12-17	3.0	3.09	3.0	3.09	600
2018-12-18	3.09	3.26	3.09	3.26	1000
2018-12-19	2.82	2.82	2.73	2.73	34800
2018-12-20	2.82	2.82	2.82	2.82	700
2018-12-21	2.73	2.91	2.73	2.73	41100
2018-12-24	2.73	2.73	2.73	2.73	43100
2018-12-25	2.91	2.91	2.91	2.91	200
2018-12-26	2.91	3.09	2.91	3.09	1000
2018-12-27	3.17	3.17	3.17	3.17	500
2018-12-28	3.61	3.61	3.61	3.61	100
2019-01-02	3.61	3.61	3.61	3.61	0
2019-01-03	4.14	4.14	4.14	4.14	100
2019-01-04	4.76	4.76	4.76	4.76	100
2019-01-07	5.47	5.47	5.47	5.47	100
2019-01-08	5.47	5.47	5.47	5.47	0
2019-01-09	6.26	6.26	4.67	4.67	300
2019-01-10	5.2	4.67	4.67	4.67	0
2019-01-11	5.2	4.67	4.67	4.67	0
2019-01-14	5.2	4.67	4.67	4.67	0
2019-01-15	5.2	4.67	4.67	4.67	0
2019-01-16	5.2	4.67	4.67	4.67	0
2019-01-17	5.91	5.91	4.5	4.5	200
2019-01-18	5.2	4.5	4.5	4.5	0
2019-01-21	5.2	4.5	4.5	4.5	0
2019-01-22	5.2	4.5	4.5	4.5	0
2019-01-23	5.2	4.5	4.5	4.5	0
2019-01-24	5.91	5.91	4.5	4.5	300
2019-01-25	4.94	4.5	4.5	4.5	0
2019-01-28	4.94	4.5	4.5	4.5	0
2019-01-29	4.94	4.5	4.5	4.5	0
2019-01-30	4.94	4.5	4.5	4.5	0
2019-01-31	4.94	4.5	4.5	4.5	0
2019-02-01	4.94	4.5	4.5	4.5	0
2019-02-11	4.94	4.5	4.5	4.5	0
2019-02-12	4.94	4.5	4.5	4.5	0
2019-02-13	4.94	4.5	4.5	4.5	0
2019-02-14	4.94	4.5	4.5	4.5	0
2019-02-15	5.64	5.64	4.23	4.23	300
2019-02-18	4.67	4.23	4.23	4.23	0
2019-02-19	4.67	4.23	4.23	4.23	0
2019-02-20	4.06	4.06	4.06	4.06	100
2019-02-21	4.06	4.06	4.06	4.06	0
2019-02-22	4.58	4.58	4.58	4.58	200
2019-02-25	4.58	4.58	4.58	4.58	0
2019-02-26	4.58	4.58	4.58	4.58	0
2019-02-27	4.58	4.58	4.58	4.58	0
2019-02-28	4.58	4.58	4.58	4.58	0
2019-03-01	5.2	5.2	5.2	5.2	100
2019-03-04	5.2	5.2	5.2	5.2	0
2019-03-05	4.5	4.5	4.5	4.5	200
2019-03-06	4.5	4.5	4.5	4.5	0
2019-03-07	4.5	4.5	4.5	4.5	0
2019-03-08	4.41	4.41	4.41	4.41	60000
2019-03-11	4.41	4.41	4.41	4.41	0
2019-03-12	4.41	4.41	3.88	3.88	6300
2019-03-13	3.97	3.88	3.88	3.88	0
2019-03-14	3.97	3.88	3.88	3.88	0
2019-03-15	4.06	4.06	4.06	4.06	100
2019-03-18	4.06	4.06	4.06	4.06	0
2019-03-19	4.23	4.23	4.23	4.23	100
2019-03-20	3.97	3.97	3.97	3.97	400
2019-03-21	4.23	4.23	4.23	4.23	200
2019-03-22	4.23	4.23	4.23	4.23	0
2019-03-25	4.23	4.23	4.23	4.23	0
2019-03-26	4.23	4.23	4.23	4.23	0
2019-03-27	4.23	4.23	4.23	4.23	0
2019-03-28	3.97	3.97	3.97	3.97	100
2019-03-29	3.97	3.97	3.97	3.97	0
2019-04-01	3.97	3.97	3.97	3.97	0
2019-04-02	4.41	4.41	3.61	3.61	3700
2019-04-03	4.14	4.14	3.7	4.14	2000
2019-04-04	3.7	4.32	3.61	4.32	2500
2019-04-05	4.14	4.32	4.32	4.32	0
2019-04-08	3.7	3.7	3.7	3.7	1200
2019-04-09	4.23	4.23	3.7	3.7	300
2019-04-10	4.41	4.41	4.41	4.41	100
2019-04-11	3.79	3.79	3.79	3.79	53800
2019-04-12	4.32	4.32	3.88	3.88	400
2019-04-16	4.5	4.5	3.79	3.79	13200
2019-04-17	3.79	3.79	3.79	3.79	200
2019-04-18	4.14	4.14	4.14	4.14	100
2019-04-19	4.14	4.14	4.14	4.14	63
2019-04-22	4.41	4.41	4.41	4.41	5400
2019-04-23	4.41	4.41	4.41	4.41	0
2019-04-24	4.41	4.41	3.97	3.97	400
2019-04-25	3.79	3.97	3.79	3.97	2900
2019-04-26	4.5	4.5	4.23	4.23	200
2019-05-02	4.41	4.41	4.41	4.41	708
2019-05-03	4.41	4.41	4.41	4.41	0
2019-05-06	4.06	4.06	3.97	3.97	1000
2019-05-07	4.41	4.41	4.41	4.41	110
2019-05-08	4.41	4.41	4.41	4.41	0
2019-05-09	4.41	4.41	4.41	4.41	0
2019-05-10	4.41	4.41	4.41	4.41	0
2019-05-13	4.41	4.41	4.41	4.41	0
2019-05-14	3.88	3.88	3.88	3.88	5600
2019-05-15	4.06	4.06	3.88	3.88	6100
2019-05-16	4.41	4.41	4.41	4.41	100
2019-05-17	4.41	4.41	4.41	4.41	0
2019-05-20	4.41	4.41	4.41	4.41	0
2019-05-21	4.41	4.41	4.41	4.41	0
2019-05-22	4.23	4.23	4.23	4.23	2600
2019-05-23	3.61	4.5	3.61	4.5	2700
2019-05-24	4.85	4.85	4.85	4.85	4000
2019-05-27	4.14	5.55	4.14	4.14	6410
2019-05-28	5.47	5.82	4.41	4.41	13230
2019-05-29	5.82	5.82	5.82	5.82	100
2019-05-30	5.82	5.82	5.82	5.82	0
2019-05-31	5.82	5.82	5.82	5.82	0
2019-06-03	5.82	5.82	5.82	5.82	10
2019-06-04	5.82	5.82	5.82	5.82	40
2019-06-05	5.82	5.82	5.82	5.82	16
2019-06-06	5.82	5.82	5.82	5.82	9
2019-06-07	5.03	6.17	5.03	6.17	7500
2019-06-10	5.29	6.52	5.29	6.44	15200
2019-06-11	5.47	6.61	5.47	5.47	2500
2019-06-12	6.52	6.52	5.11	5.11	9300
2019-06-13	5.82	5.91	5.82	5.91	6700
2019-06-14	5.82	5.82	5.73	5.82	4700
2019-06-17	6.61	6.61	6.61	6.61	500
2019-06-18	6.7	6.7	5.73	5.73	6100
2019-06-19	5.11	5.29	5.11	5.29	4600
2019-06-20	4.76	4.76	4.76	4.76	5010
2019-06-21	4.76	4.76	4.76	4.76	0
2019-06-24	4.76	4.76	4.76	4.76	0
2019-06-25	5.47	5.47	5.47	5.47	300
2019-06-26	5.47	5.47	5.47	5.47	0
2019-06-27	5.47	5.47	5.47	5.47	0
2019-06-28	5.47	5.47	5.47	5.47	4000
2019-07-01	6.26	6.26	4.76	6.26	6211
2019-07-02	6.35	6.35	5.47	5.47	9000
2019-07-03	5.82	5.82	5.82	5.47	10
2019-07-04	6.08	6.08	6.08	5.82	8000
2019-07-05	6.52	6.97	6.52	6.97	300
2019-07-08	7.76	7.76	7.76	7.76	502
2019-07-09	7.94	7.94	7.94	7.94	5103
2019-07-10	7.94	9.08	7.94	9.08	10800
2019-07-11	8.02	8.2	8.02	8.11	25600
2019-07-12	7.41	7.67	7.41	7.58	16000
2019-07-15	6.61	8.64	6.61	8.64	54000
2019-07-16	7.58	9.7	7.58	8.46	5300
2019-07-17	8.82	10.14	8.82	10.14	7700
2019-07-18	11.2	11.2	8.91	8.91	8500
2019-07-19	8.55	11.37	8.55	11.37	23100
2019-07-22	8.91	8.91	8.91	8.91	6600
2019-07-23	10.23	10.23	10.23	10.23	1027
2019-07-24	11.73	11.73	10.58	11.73	5100
2019-07-25	13.14	13.14	13.14	13.14	18100
2019-07-26	15.08	15.08	15.08	15.08	1708
2019-07-29	13.23	13.31	13.23	13.31	3100
2019-07-30	13.23	13.23	11.64	13.23	7900
2019-07-31	12.08	13.84	10.58	13.84	500
2019-08-01	11.46	13.67	11.46	13.67	3000
2019-08-02	13.14	15.17	13.14	15.17	8000
2019-08-05	15.08	15.87	15.08	15.87	300
2019-08-06	15.87	16.05	15.87	16.05	200
2019-08-07	17.63	17.63	17.63	17.63	6000
2019-08-08	18.52	18.52	18.52	18.52	2600
2019-08-09	21.16	21.16	15.87	17.63	500
2019-08-12	16.84	17.72	16.84	17.72	1900
2019-08-13	18.52	18.52	18.52	18.52	1100
2019-08-14	19.4	19.57	19.4	19.57	3200
2019-08-15	16.75	19.84	16.75	19.84	2000
2019-08-16	20.1	22.4	20.1	22.4	1620
2019-08-19	20.46	20.46	20.46	20.46	1000
2019-08-20	17.81	23.28	17.81	20.72	2500
2019-08-21	18.34	18.34	18.34	20.72	20
2019-08-22	18.34	20.72	20.72	20.72	0
2019-08-23	20.1	20.1	20.1	20.1	2000
2019-08-26	20.72	20.72	20.72	20.72	100
2019-08-27	20.72	20.72	20.72	20.72	0
2019-08-28	20.72	20.72	20.72	20.72	0
2019-08-29	18.07	18.16	17.99	17.99	300
2019-08-30	18.07	17.99	17.99	17.99	0
2019-09-03	17.63	17.63	17.63	17.63	100
2019-09-04	18.43	18.43	18.43	18.43	100
2019-09-05	18.43	18.43	18.43	18.43	0
2019-09-06	15.69	17.55	15.69	17.55	200
2019-09-09	16.66	17.55	17.55	17.55	0
2019-09-10	16.66	17.55	17.55	17.55	0
2019-09-11	16.66	17.55	17.55	17.55	0
2019-09-12	16.66	17.55	17.55	17.55	0
2019-09-13	16.66	17.55	17.55	17.55	0
2019-09-16	16.66	17.55	17.55	17.55	0
2019-09-17	16.66	17.55	17.55	17.55	0
2019-09-18	17.63	17.63	17.63	17.63	200
2019-09-19	17.63	17.63	17.63	17.63	3
2019-09-20	17.55	17.55	16.75	17.37	10700
2019-09-23	17.37	17.37	17.37	17.37	0
2019-09-24	17.37	17.37	17.37	17.37	0
2019-09-25	17.37	17.37	17.37	17.37	0
2019-09-26	19.4	19.4	19.31	19.31	12300
2019-09-27	19.4	19.31	19.31	19.31	0
2019-09-30	19.4	19.31	19.31	19.31	0
2019-10-01	19.4	19.31	19.31	19.31	0
2019-10-02	19.4	19.31	19.31	19.31	0
2019-10-03	19.4	19.31	19.31	19.31	0
2019-10-04	19.4	19.31	19.31	19.31	0
2019-10-07	19.4	19.31	19.31	19.31	0
2019-10-08	19.4	19.31	19.31	19.31	0
2019-10-09	19.4	19.31	19.31	19.31	0
2019-10-10	22.04	22.04	22.04	22.04	300
2019-10-11	22.04	22.04	22.04	22.04	0
2019-10-14	22.04	22.04	22.04	22.04	0
2019-10-15	22.04	22.04	22.04	22.04	0
2019-10-16	22.04	22.04	22.04	22.04	0
2019-10-17	22.04	22.04	22.04	22.04	0
2019-10-18	22.04	22.04	22.04	22.04	0
2019-10-21	22.04	22.04	22.04	22.04	0
2019-10-22	22.04	22.04	22.04	22.04	0
2019-10-23	22.04	22.04	22.04	22.04	0
2019-10-24	22.04	22.04	22.04	22.04	0
2019-10-25	22.04	22.04	22.04	22.04	0
2019-10-28	22.04	22.04	22.04	22.04	0
2019-10-29	22.04	22.04	22.04	22.04	0
2019-10-30	22.04	22.04	22.04	22.04	0
2019-10-31	22.04	22.04	22.04	22.04	0
2019-11-01	22.04	22.04	22.04	22.04	0
2019-11-04	22.04	22.04	22.04	22.04	0
2019-11-05	22.04	22.04	22.04	22.04	0
2019-11-06	22.04	22.04	22.04	22.04	0
2019-11-07	22.04	22.04	22.04	22.04	0
2019-11-08	22.04	22.04	22.04	22.04	0
2019-11-11	22.04	22.04	22.04	22.04	0
2019-11-12	22.04	22.04	22.04	22.04	0
2019-11-13	22.04	22.04	22.04	22.04	0
2019-11-14	22.04	22.04	22.04	22.04	0
2019-11-15	22.04	22.04	22.04	22.04	0
2019-11-18	22.04	22.04	22.04	22.04	0
2019-11-19	22.04	22.04	22.04	22.04	0
2019-11-20	22.04	22.04	22.04	22.04	0
2019-11-21	22.04	22.04	22.04	22.04	0
2019-11-22	22.04	22.04	22.04	22.04	0
2019-11-25	22.04	22.04	22.04	22.04	0
2019-11-26	22.04	22.04	22.04	22.04	0
2019-11-27	22.04	22.04	22.04	22.04	0
2019-11-28	13.23	13.23	13.23	13.23	100
2019-11-29	13.23	13.23	13.23	13.23	0
2019-12-02	13.23	13.23	13.23	13.23	0
2019-12-03	13.23	13.23	13.23	13.23	0
2019-12-04	13.23	13.23	13.23	13.23	3000
2019-12-05	13.23	13.23	13.23	13.23	0
2019-12-06	12.17	12.17	12.17	12.17	100
2019-12-09	11.73	12.17	11.73	12.17	500
2019-12-10	12.17	12.17	10.32	10.58	1300
2019-12-11	10.58	10.58	10.58	10.58	2000
2019-12-12	10.49	10.49	10.49	10.49	2000
2019-12-13	10.32	11.99	10.32	10.67	6300
2019-12-16	10.67	10.67	10.67	10.67	3000
2019-12-17	10.58	10.58	10.58	10.58	4000
2019-12-18	10.58	12.17	10.58	12.17	3100
2019-12-19	10.67	10.67	10.67	10.67	2000
2019-12-20	12.26	12.26	12.26	12.26	500
2019-12-23	11.02	11.02	11.02	11.02	2000
2019-12-24	11.2	12.61	11.2	12.61	1100
2019-12-25	11.2	11.37	11.2	11.37	1100
2019-12-26	11.37	12.96	11.37	12.96	3900
2019-12-27	11.64	13.23	11.64	13.23	1600
2019-12-30	10.05	13.4	10.05	13.4	2500
2019-12-31	10.23	10.4	10.23	10.32	1501
2020-01-02	10.32	10.76	10.32	10.67	1800
2020-01-03	10.58	12.17	10.58	12.17	2000
2020-01-06	11.02	12.43	11.02	12.43	1200
2020-01-07	12.96	12.96	12.08	12.08	1500
2020-01-08	12.17	12.26	11.46	12.26	2800
2020-01-09	11.99	11.99	11.46	11.81	2100
2020-01-10	11.9	12.34	11.9	11.99	1600
2020-01-13	11.99	11.99	11.99	11.99	0
2020-01-14	11.99	13.23	11.99	11.99	400
2020-01-15	14.11	14.11	14.11	14.11	100
2020-01-16	14.11	14.11	14.11	14.11	200
2020-01-17	14.11	14.11	14.11	14.11	0
2020-01-20	13.23	13.23	13.23	13.23	100
2020-01-21	13.23	13.23	13.23	13.23	0
2020-01-22	13.23	13.23	13.23	13.23	0
2020-01-30	13.23	13.23	13.23	13.23	0
2020-01-31	13.67	13.67	13.67	13.67	100
2020-02-03	14.11	14.11	14.11	14.11	200
2020-02-04	14.11	14.11	14.11	14.11	0
2020-02-05	14.11	14.11	14.11	14.11	0
2020-02-06	14.11	14.11	14.11	14.11	0
2020-02-07	16.22	16.22	16.22	16.22	600
2020-02-10	16.22	16.22	16.22	16.22	0
2020-02-11	16.22	16.22	16.22	16.22	0
2020-02-12	16.22	16.22	16.22	16.22	0
2020-02-13	16.22	16.22	16.22	16.22	0
2020-02-14	16.22	16.22	16.22	16.22	0
2020-02-17	16.22	16.22	16.22	16.22	0
2020-02-18	16.22	16.22	16.22	16.22	0
2020-02-19	16.22	16.22	16.22	16.22	0
2020-02-20	16.22	16.22	16.22	16.22	0
2020-02-21	16.22	16.22	16.22	16.22	0
2020-02-24	16.22	16.22	16.22	16.22	0
2020-02-25	16.22	16.22	16.22	16.22	0
2020-02-26	16.22	16.22	16.22	16.22	0
2020-02-27	16.22	16.22	16.22	16.22	0
2020-02-28	16.22	16.22	16.22	16.22	0
2020-03-02	16.22	16.22	16.22	16.22	0
2020-03-03	18.6	18.6	18.6	18.6	1000
2020-03-04	21.34	21.34	21.34	21.34	100
2020-03-05	24.25	24.51	21.16	21.16	1700
2020-03-06	24.25	24.25	24.25	24.25	500
2020-03-09	27.86	27.86	27.86	27.86	7200
2020-03-10	29.1	32.01	29.1	32.01	4100
2020-03-11	32.01	32.01	32.01	32.01	500
2020-03-12	29.18	36.68	27.24	36.68	1900
2020-03-13	27.16	33.5	27.16	27.16	7000
2020-03-16	27.33	28.92	27.33	28.92	2300
2020-03-17	27.42	28.39	27.42	28.3	2600
2020-03-18	23.89	23.89	23.89	23.89	1000
2020-03-19	20.63	20.63	20.63	20.63	100
2020-03-20	23.72	23.72	23.72	23.72	600
2020-03-23	27.24	27.24	27.24	27.24	1900
2020-03-24	31.3	31.3	31.3	31.3	100
2020-03-25	26.63	35.18	26.63	35.18	6600
2020-03-26	28.57	28.57	24.33	24.33	2100
2020-03-27	28.04	28.04	28.04	28.04	100
2020-03-30	23.89	32.18	23.89	32.18	3300
2020-03-31	25.66	25.66	25.66	25.66	300
2020-04-01	25.66	25.66	25.66	25.66	0
2020-04-03	25.66	25.66	25.66	25.66	220
2020-04-06	25.66	29.36	25.66	29.36	3200
2020-04-07	29.1	29.36	29.36	29.36	0
2020-04-08	29.1	29.36	29.36	29.36	0
2020-04-09	29.1	29.36	29.36	29.36	0
2020-04-10	29.1	29.36	29.36	29.36	0
2020-04-13	29.1	29.36	29.36	29.36	0
2020-04-14	29.1	29.36	29.36	29.36	0
2020-04-15	29.1	29.36	29.36	29.36	0
2020-04-16	29.1	29.36	29.36	29.36	0
2020-04-17	29.1	30.86	29.1	30.86	400
2020-04-20	30.86	30.86	30.86	30.86	100
2020-04-21	26.89	26.89	26.54	26.54	500
2020-04-22	26.8	26.54	26.54	26.54	0
2020-04-23	26.8	26.54	26.54	26.54	0
2020-04-24	28.66	28.66	28.57	28.57	200
2020-04-27	27.33	27.33	27.33	27.33	200
2020-04-28	27.16	27.16	26.54	26.54	200
2020-04-29	26.89	27.42	24.78	27.42	400
2020-05-04	26.63	27.42	27.42	27.42	0
2020-05-05	26.63	27.42	27.42	27.42	0
2020-05-06	26.36	26.36	23.01	23.01	1300
2020-05-07	26.8	26.8	26.8	26.8	100
2020-05-08	23.81	30.33	23.81	29.98	300
2020-05-11	28.04	29.98	29.98	29.98	0
2020-05-12	28.04	29.98	29.98	29.98	0
2020-05-13	28.04	29.98	29.98	29.98	0
2020-05-14	27.69	27.69	27.69	27.69	1100
2020-05-15	23.89	23.89	23.89	23.89	1200
2020-05-18	27.24	27.33	27.24	27.33	700
2020-05-19	28.3	28.3	27.33	27.33	2500
2020-05-20	27.24	27.33	24.33	24.33	12200
2020-05-21	28.83	28.83	28.83	28.83	210
2020-05-22	28.83	28.83	28.83	28.83	0
2020-05-25	28.83	28.83	28.83	28.83	0
2020-05-26	28.83	28.83	28.83	28.83	0
2020-05-27	28.83	28.83	28.83	28.83	0
2020-05-28	32.98	32.98	32.98	32.98	100
2020-05-29	32.98	32.98	32.98	32.98	0
2020-06-01	32.98	32.98	32.98	32.98	0
2020-06-02	32.98	32.98	32.98	32.98	0
2020-06-03	32.98	32.98	32.98	32.98	0
2020-06-04	32.98	32.98	32.98	32.98	0
2020-06-05	32.98	32.98	32.98	32.98	0
2020-06-08	32.98	32.98	32.98	32.98	0
2020-06-09	28.04	28.04	28.04	28.04	110
2020-06-10	28.04	28.04	28.04	28.04	0
2020-06-11	23.89	23.89	23.89	23.89	9000
2020-06-12	23.89	23.89	23.89	23.89	0
2020-06-15	26.36	26.36	26.36	26.36	100
2020-06-16	26.36	26.36	26.36	26.36	0
2020-06-17	26.36	26.36	26.36	26.36	0
2020-06-18	22.57	26.1	22.57	26.1	200
2020-06-19	24.16	24.16	20.81	20.81	200
2020-06-22	23.98	23.98	19.13	19.13	14243
2020-06-23	21.87	21.87	21.87	21.87	100
2020-06-24	22.92	22.92	22.92	22.92	100
2020-06-25	22.92	22.92	22.92	22.92	0
2020-06-26	25.04	25.04	25.04	25.04	100
2020-06-29	25.04	25.04	25.04	25.04	0
2020-06-30	25.04	25.04	25.04	25.04	0
2020-07-01	25.04	25.04	25.04	25.04	0
2020-07-02	25.04	25.04	25.04	25.04	0
2020-07-03	25.04	25.04	25.04	25.04	0
2020-07-06	25.04	25.04	25.04	25.04	0
2020-07-07	25.04	25.04	25.04	25.04	0
2020-07-08	25.04	25.04	25.04	25.04	0
2020-07-09	25.04	25.04	25.04	25.04	0
2020-07-10	25.04	25.04	25.04	25.04	0
2020-07-13	25.04	25.04	25.04	25.04	0
2020-07-14	25.04	25.04	25.04	25.04	0
2020-07-15	24.69	24.69	22.92	22.92	6400
2020-07-16	24.07	22.92	22.92	22.92	0
2020-07-17	20.54	24.95	20.54	24.95	200
2020-07-20	24.25	24.25	24.25	24.25	200
2020-07-21	24.25	24.25	24.25	24.25	0
2020-07-22	24.25	24.25	24.25	24.25	0
2020-07-23	24.25	24.25	24.25	24.25	0
2020-07-24	24.25	24.25	24.25	24.25	0
2020-07-27	24.25	24.25	24.25	24.25	0
2020-07-28	24.25	24.25	24.25	24.25	0
2020-07-29	22.92	22.92	22.04	22.04	1200
2020-07-30	21.16	21.16	21.16	21.16	2000
2020-07-31	20.28	20.28	20.28	20.28	3200
2020-08-03	20.28	20.28	20.28	20.28	10
2020-08-04	20.28	20.28	20.28	20.28	0
2020-08-05	19.4	19.4	19.4	19.4	3500
2020-08-06	19.4	19.4	19.4	19.4	0
2020-08-07	19.4	19.4	19.4	19.4	10
2020-08-10	16.66	21.69	16.66	21.69	300
2020-08-11	17.02	21.87	17.02	21.87	300
2020-08-12	15.96	20.98	15.96	20.98	320
2020-08-13	19.31	20.98	20.98	20.98	0
2020-08-14	18.52	18.52	18.52	18.52	1600
2020-08-17	18.52	18.52	18.52	18.52	0
2020-08-18	17.63	17.63	17.63	17.63	1900
2020-08-19	17.63	17.63	17.63	17.63	0
2020-08-20	17.63	17.63	17.63	17.63	0
2020-08-21	17.63	17.63	17.63	17.63	0
2020-08-24	17.55	19.4	17.55	19.31	1920
2020-08-25	21.07	21.07	21.07	21.07	200
2020-08-26	22.92	23.81	22.75	23.81	400
2020-08-27	23.37	23.37	23.37	23.37	101
2020-08-28	26.45	26.45	26.45	26.45	100
2020-08-31	26.45	26.45	26.45	26.45	0
2020-09-01	23.45	23.45	23.45	23.45	100
2020-09-03	23.45	23.45	23.45	23.45	0
2020-09-04	23.45	23.45	23.45	23.45	0
2020-09-07	23.45	23.45	23.45	23.45	0
2020-09-08	26.36	26.36	26.36	26.36	100
2020-09-09	26.36	26.36	26.36	26.36	0
2020-09-10	26.36	26.36	26.36	26.36	0
2020-09-11	26.36	26.36	26.36	26.36	0
2020-09-14	26.36	26.36	26.36	26.36	0
2020-09-15	28.92	29.01	28.92	29.01	200
2020-09-16	29.01	29.01	29.01	29.01	0
2020-09-17	29.01	29.01	29.01	29.01	0
2020-09-18	29.01	29.01	29.01	29.01	0
2020-09-21	29.01	29.01	29.01	29.01	0
2020-09-22	29.01	29.01	29.01	29.01	0
2020-09-23	30.77	30.77	30.77	30.77	100
2020-09-24	30.77	30.77	30.77	30.77	0
2020-09-25	30.77	30.77	30.77	30.77	0
2020-09-28	26.89	26.89	26.89	26.89	100
2020-09-29	22.92	22.92	22.92	22.92	100
2020-09-30	19.66	26.36	19.66	26.36	200
2020-10-01	26.45	26.45	26.45	26.45	100
2020-10-02	26.45	26.45	26.45	26.45	0
2020-10-05	22.48	22.48	22.48	22.48	100
2020-10-06	19.22	25.83	19.22	25.83	400
2020-10-07	27.69	27.69	27.69	27.69	100
2020-10-08	28.13	28.13	28.13	28.13	100
2020-10-09	28.13	28.13	28.13	28.13	0
2020-10-12	28.13	28.13	28.13	28.13	200
2020-10-13	28.13	28.13	28.13	28.13	0
2020-10-14	23.98	28.13	23.98	28.13	200
2020-10-15	26.1	28.13	28.13	28.13	0
2020-10-16	22.22	28.13	22.22	28.13	300
2020-10-19	22.48	22.48	22.48	22.48	100
2020-10-20	22.48	22.48	22.48	22.48	0
2020-10-21	25.83	25.83	25.83	25.83	100
2020-10-22	28.13	28.13	22.04	22.04	3200
2020-10-23	26.45	27.33	20.98	20.98	1600
2020-10-26	24.78	24.86	22.48	22.92	1200
2020-10-27	23.81	23.81	19.93	23.63	500
2020-10-28	22.92	23.63	23.63	23.63	0
2020-10-29	22.92	23.63	23.63	23.63	0
2020-10-30	19.57	26.27	19.57	26.27	300
2020-11-02	24.07	26.27	26.27	26.27	0
2020-11-03	24.07	26.27	26.27	26.27	0
2020-11-04	24.07	26.27	26.27	26.27	0
2020-11-05	24.07	26.27	26.27	26.27	0
2020-11-06	24.07	26.27	26.27	26.27	0
2020-11-09	24.07	26.27	26.27	26.27	0
2020-11-10	24.07	26.27	26.27	26.27	0
2020-11-11	24.07	26.27	26.27	26.27	0
2020-11-12	24.69	24.69	24.69	24.69	13500
2020-11-13	24.69	24.69	24.69	24.69	0
2020-11-16	24.69	24.69	24.69	24.69	0
2020-11-17	24.69	24.69	24.69	24.69	0
2020-11-18	24.69	24.69	24.69	24.69	0
2020-11-19	24.69	24.69	24.69	24.69	0
2020-11-20	24.69	24.69	24.69	24.69	0
2020-11-23	24.69	24.69	24.69	24.69	0
2020-11-24	24.69	24.69	24.69	24.69	0
2020-11-25	24.69	24.69	24.69	24.69	0
2020-11-26	24.69	24.69	24.69	24.69	0
2020-11-27	24.69	24.69	24.69	24.69	0
2020-11-30	24.69	24.69	24.69	24.69	0
2020-12-01	24.69	24.69	24.69	24.69	0
2020-12-02	24.69	24.69	24.69	24.69	0
2020-12-03	24.69	24.69	24.69	24.69	0
2020-12-04	24.69	24.69	24.69	24.69	0
2020-12-07	24.69	24.69	24.69	24.69	0
2020-12-08	24.69	24.69	24.69	24.69	0
2020-12-09	24.69	24.69	24.69	24.69	0
2020-12-10	24.69	24.69	24.69	24.69	0
2020-12-11	24.69	24.69	24.69	24.69	0
2020-12-14	24.69	24.69	24.69	24.69	0
2020-12-15	24.69	24.69	24.69	24.69	0
2020-12-16	25.92	25.92	25.92	25.92	300
2020-12-17	25.92	25.92	25.92	25.92	0
2020-12-18	25.92	25.92	25.92	25.92	0
2020-12-21	25.92	25.92	25.92	25.92	0
2020-12-22	25.83	25.92	22.13	25.92	743
2020-12-23	25.83	25.83	20.1	25.83	22300
2020-12-24	23.01	23.01	23.01	23.01	100
2020-12-25	23.01	23.01	23.01	23.01	0
2020-12-28	25.75	25.75	25.75	25.75	100
2020-12-29	25.75	25.75	25.75	25.75	0
2020-12-30	25.75	25.75	25.75	25.75	0
2020-12-31	22.04	22.04	22.04	22.04	24200
2021-01-04	22.04	22.04	22.04	22.04	0
2021-01-05	22.48	22.48	22.48	22.48	400
2021-01-06	23.89	23.89	22.48	22.48	2000
2021-01-07	22.57	22.57	22.57	22.57	0
2021-01-08	22.57	22.48	22.48	22.48	0
2021-01-11	22.57	22.48	22.48	22.48	0
2021-01-12	22.57	22.48	22.48	22.48	0
2021-01-13	20.28	20.28	19.49	19.57	5200
2021-01-14	21.87	21.87	21.87	21.87	100
2021-01-15	24.6	24.6	24.6	24.6	100
2021-01-18	21.87	24.6	21.87	24.6	11100
2021-01-19	26.36	26.36	26.36	26.36	100
2021-01-20	26.36	26.36	26.36	26.36	0
2021-01-21	26.36	26.36	26.36	26.36	0
2021-01-22	26.36	26.36	26.36	26.36	0
2021-01-25	26.36	26.36	26.36	26.36	0
2021-01-26	26.36	26.36	26.36	26.36	0
2021-01-27	26.36	26.36	26.36	26.36	0
2021-01-28	26.36	26.36	26.36	26.36	0
2021-01-29	26.36	26.36	26.36	26.36	0
2021-02-01	26.36	26.36	26.36	26.36	0
2021-02-02	22.48	22.48	22.48	22.48	600
2021-02-03	19.4	22.31	19.4	19.4	10200
2021-02-04	16.84	16.84	16.49	16.75	18000
2021-02-05	19.22	19.22	19.22	19.22	100
2021-02-08	21.87	21.87	21.87	21.87	400
2021-02-09	21.87	21.87	21.87	21.87	400
2021-02-17	21.87	21.87	21.87	21.87	100
2021-02-18	21.87	21.87	21.87	21.87	0
2021-02-19	21.87	25.13	21.87	25.13	500
2021-02-22	25.13	25.13	25.13	25.13	100
2021-02-23	25.13	25.13	25.13	25.13	100
2021-02-24	25.13	25.13	25.13	25.13	300
2021-02-25	25.13	25.13	25.13	25.13	0
2021-02-26	25.13	25.13	25.13	25.13	0
2021-03-01	25.13	25.13	25.13	25.13	0
2021-03-02	25.13	25.13	25.13	25.13	0
2021-03-03	23.63	25.57	21.43	25.57	17000
2021-03-04	20.37	20.37	20.37	20.37	1000
2021-03-05	20.37	20.37	20.37	20.37	0
2021-03-08	23.28	23.28	18.07	18.07	200
2021-03-09	23.28	23.28	18.52	18.52	243
2021-03-10	23.28	23.28	19.49	19.49	200
2021-03-11	24.51	24.51	18.6	18.6	500
2021-03-12	19.75	18.6	18.6	18.6	0
2021-03-15	19.22	19.22	19.22	19.22	200
2021-03-16	22.04	22.04	21.87	22.04	13743
2021-03-17	24.25	25.3	24.25	25.3	2601
2021-03-18	28.74	28.74	28.66	28.74	15714
2021-03-19	28.74	32.18	24.51	25.13	13640
2021-03-22	25.13	25.3	25.13	25.3	2400
2021-03-23	21.69	26.27	21.51	26.27	12700
2021-03-24	21.16	24.33	19.84	24.33	7500
2021-03-25	23.98	23.98	23.98	23.98	100
2021-03-26	23.98	23.98	23.98	23.98	0
2021-03-29	23.98	23.98	23.98	23.98	0
2021-03-30	20.81	23.28	20.81	23.28	400
2021-03-31	23.19	23.19	20.37	20.37	2600
2021-04-01	23.1	20.37	20.37	20.37	0
2021-04-02	21.69	21.69	21.6	21.69	3600
2021-04-05	21.69	21.69	21.69	21.69	4300
2021-04-06	21.78	24.25	21.78	21.95	7100
2021-04-07	21.95	22.84	21.95	21.95	6400
2021-04-08	21.87	21.95	21.87	21.87	2500
2021-04-09	21.78	21.78	21.69	21.69	2800
2021-04-12	22.92	23.01	19.4	21.16	3100
2021-04-13	21.16	21.16	21.16	21.16	2000
2021-04-14	20.28	20.28	19.22	19.66	1700
2021-04-15	19.66	19.66	19.66	19.66	0
2021-04-16	19.84	21.87	19.04	19.4	7200
2021-04-19	21.07	21.07	20.72	20.72	200
2021-04-20	20.9	20.72	20.72	20.72	0
2021-04-22	19.84	21.25	19.84	21.07	5200
2021-04-23	18.16	21.16	17.9	21.16	6003
2021-04-26	20.72	21.07	19.4	21.07	8200
2021-04-27	21.34	21.34	21.34	21.34	100
2021-04-28	19.49	19.49	19.49	19.49	400
2021-04-29	20.98	20.98	20.98	20.98	100
2021-05-04	20.98	20.98	20.98	20.98	3
2021-05-05	20.98	20.98	20.98	20.98	0
2021-05-06	20.98	20.98	20.98	20.98	0
2021-05-07	20.98	20.98	20.98	20.98	0
2021-05-10	20.19	20.28	20.19	20.28	2900
2021-05-11	18.52	20.72	18.52	20.37	7300
2021-05-12	19.75	19.84	19.75	19.84	803
2021-05-13	18.69	21.87	18.69	21.87	900
2021-05-14	21.43	21.43	19.57	19.57	3200
2021-05-17	19.66	19.66	19.66	19.66	1700
2021-05-18	21.95	21.95	21.95	21.95	100
2021-05-19	19.4	21.07	19.4	21.07	5100
2021-05-20	19.4	21.07	21.07	21.07	0
2021-05-21	19.4	20.19	19.4	19.4	3100
2021-05-24	19.4	19.4	19.4	19.4	0
2021-05-25	19.93	19.93	19.93	19.93	103
2021-05-26	17.81	19.93	17.81	19.93	2100
2021-05-27	19.93	20.98	18.07	20.98	28000
2021-05-28	21.16	21.16	20.28	20.28	1000
2021-05-31	20.63	20.28	20.28	20.28	0
2021-06-01	20.63	20.28	20.28	20.28	0
2021-06-02	18.16	18.34	18.16	18.25	3500
2021-06-03	19.75	19.75	19.75	19.75	201
2021-06-04	19.66	20.72	19.66	20.72	2100
2021-06-07	20.54	20.54	20.46	20.46	2700
2021-06-08	20.46	20.46	20.46	20.46	0
2021-06-09	20.46	20.46	20.46	20.46	0
2021-06-10	20.46	20.46	20.46	20.46	0
2021-06-11	17.99	21.07	17.72	21.07	3800
2021-06-14	19.66	19.66	19.66	19.66	400
2021-06-15	20.19	20.19	20.19	20.19	500
2021-06-16	20.1	20.1	20.1	20.1	100
2021-06-17	20.01	20.28	20.01	20.28	830
2021-06-18	18.96	20.28	18.87	20.28	2200
2021-06-21	19.84	20.28	20.28	20.28	0
2021-06-22	20.28	20.72	19.84	20.72	1100
2021-06-23	20.63	20.72	20.72	20.72	0
2021-06-24	20.63	20.72	20.72	20.72	0
2021-06-25	20.63	20.72	20.72	20.72	0
2021-06-28	20.63	20.72	20.72	20.72	0
2021-06-29	20.63	20.72	20.72	20.72	0
2021-06-30	20.63	20.72	20.72	20.72	0
2021-07-01	20.63	20.72	20.72	20.72	0
2021-07-02	20.63	20.72	20.72	20.72	0
2021-07-05	20.63	20.72	20.72	20.72	0
2021-07-06	20.63	20.72	20.72	20.72	0
2021-07-07	20.63	20.72	20.72	20.72	0
2021-07-08	20.63	20.72	20.72	20.72	0
2021-07-09	20.63	20.72	20.72	20.72	0
2021-07-12	17.81	20.37	17.81	20.37	600
2021-07-13	19.93	20.37	20.37	20.37	0
2021-07-14	19.93	20.37	20.37	20.37	0
2021-07-15	20.1	20.28	20.1	20.28	1100
2021-07-16	20.28	20.28	20.28	20.28	300
2021-07-19	20.28	20.28	20.28	20.28	0
2021-07-20	18.16	20.1	18.07	20.01	1800
2021-07-21	19.31	20.1	19.31	20.1	300
2021-07-22	19.57	20.1	20.1	20.1	0
2021-07-23	19.57	20.1	20.1	20.1	0
2021-07-26	18.07	19.84	18.07	19.84	2500
2021-07-27	20.01	20.01	20.01	20.01	100
2021-07-28	20.01	20.01	20.01	20.01	0
2021-07-29	18.6	20.01	18.6	20.01	11100
2021-07-30	20.19	20.19	20.19	20.19	300
2021-08-02	19.84	19.84	19.84	19.84	2200
2021-08-03	19.75	19.75	19.75	19.75	600
2021-08-04	19.75	19.75	19.75	19.75	0
2021-08-05	19.75	19.75	19.75	19.75	0
2021-08-06	19.75	19.75	19.75	19.75	0
2021-08-09	17.99	20.01	17.81	19.75	4700
2021-08-10	19.93	19.93	19.93	19.93	100
2021-08-11	19.93	19.93	19.93	19.93	0
2021-08-12	19.66	20.28	19.4	20.19	5700
2021-08-13	21.07	21.07	21.07	21.07	100
2021-08-16	20.72	21.07	18.6	21.07	5300
2021-08-17	20.98	20.98	20.98	20.98	100
2021-08-18	20.98	20.98	20.98	20.98	5500
2021-08-19	20.54	20.81	20.54	20.81	1600
2021-08-20	20.81	20.81	20.81	20.81	0
2021-08-23	20.37	20.37	20.37	20.37	4200
2021-08-24	20.37	20.37	20.37	20.37	0
2021-08-25	18.52	20.28	18.52	20.28	2400
2021-08-26	20.28	20.28	20.28	20.28	100
2021-08-27	20.28	20.28	20.28	20.28	0
2021-08-30	20.28	20.28	20.28	20.28	0
2021-08-31	20.28	20.28	20.28	20.28	0
2021-09-01	17.72	21.16	17.72	21.16	7300
2021-09-06	21.6	21.6	21.6	21.6	100
2021-09-07	21.6	21.6	21.6	21.6	0
2021-09-08	21.6	21.6	21.6	21.6	0
2021-09-09	19.13	20.63	19.04	19.04	8500
2021-09-10	20.19	20.19	20.19	20.19	300
2021-09-13	20.19	20.19	20.19	20.19	0
2021-09-14	19.93	20.98	19.49	20.54	6700
2021-09-15	20.19	20.28	20.1	20.28	1700
2021-09-16	20.72	22.84	20.19	22.84	2309
2021-09-17	22.04	22.04	22.04	22.04	100
2021-09-20	22.04	22.04	22.04	22.04	0
2021-09-21	24.25	24.25	19.49	23.81	4200
2021-09-22	22.48	22.48	19.31	21.87	7200
2021-09-23	21.87	21.87	21.87	21.87	100
2021-09-24	21.87	21.87	21.87	21.87	0
2021-09-27	21.87	21.87	21.87	21.87	0
2021-09-28	21.87	21.87	21.87	21.87	0
2021-09-29	21.87	21.87	21.87	21.87	0
2021-09-30	21.87	21.87	21.87	21.87	0
2021-10-01	21.87	21.87	21.87	21.87	0
2021-10-04	21.87	21.87	21.87	21.87	0
2021-10-05	21.87	21.87	21.87	21.87	0
2021-10-06	21.87	21.87	21.87	21.87	0
2021-10-07	21.87	21.87	21.87	21.87	0
2021-10-08	21.87	21.87	21.87	21.87	0
2021-10-11	18.69	21.25	18.69	21.25	1200
2021-10-12	20.19	20.19	20.19	20.19	0
2021-10-13	20.98	20.98	20.54	20.54	500
2021-10-14	20.63	20.63	20.63	20.63	0
2021-10-15	20.63	20.63	20.63	20.63	0
2021-10-18	17.81	20.1	17.81	20.1	300
2021-10-19	18.96	18.96	18.96	18.96	0
2021-10-20	18.96	18.96	18.96	18.96	0
2021-10-21	18.96	18.96	18.96	18.96	0
2021-10-22	18.96	18.96	18.96	18.96	0
2021-10-25	18.07	19.4	17.81	19.4	6400
2021-10-26	20.54	20.63	20.54	20.63	200
2021-10-27	20.63	20.63	20.63	20.63	0
2021-10-28	20.63	20.63	20.63	20.63	0
2021-10-29	20.63	20.63	20.63	20.63	0
2021-11-01	20.63	20.63	20.63	20.63	9
2021-11-02	20.63	20.63	20.63	20.63	0
2021-11-03	20.63	20.63	20.63	20.63	0
2021-11-04	18.43	18.6	18.34	18.6	600
2021-11-05	20.1	20.1	20.1	20.1	100
2021-11-08	20.1	20.1	20.1	20.1	0
2021-11-09	20.1	20.1	20.1	20.1	100
2021-11-10	20.1	20.1	20.1	20.1	0
2021-11-11	20.01	20.01	18.34	18.34	700
2021-11-12	20.72	20.72	18.52	18.52	18700
2021-11-15	18.69	18.69	18.69	18.69	500
2021-11-16	18.78	18.78	18.6	18.6	47000
2021-11-17	20.19	20.19	17.81	17.81	57510
2021-11-18	19.49	19.49	19.4	19.49	1600
2021-11-19	19.49	19.49	18.52	19.4	42000
2021-11-22	18.52	18.52	18.07	18.25	41500
2021-11-23	18.16	18.16	18.16	18.16	10
2021-11-24	19.04	19.4	19.04	19.4	3008
2021-11-25	19.31	19.31	19.31	19.31	0
2021-11-26	19.31	19.31	19.31	19.31	0
2021-11-29	19.31	19.31	19.31	19.31	0
2021-11-30	18.96	20.1	18.96	20.1	1000
2021-12-01	17.9	19.84	17.9	19.84	1100
2021-12-02	19.49	19.49	19.49	19.49	0
2021-12-03	19.49	19.49	19.49	19.49	8
2021-12-06	17.81	18.96	17.81	18.96	1100
2021-12-07	18.78	18.78	18.78	18.78	0
2021-12-08	18.78	18.78	18.78	18.78	0
2021-12-09	18.78	18.78	18.78	18.78	0
2021-12-10	18.78	20.19	18.78	20.19	1500
2021-12-13	17.72	20.1	17.72	19.84	5300
2021-12-14	20.1	20.1	20.1	20.1	101
2021-12-15	18.34	20.1	18.34	20.1	1300
2021-12-16	17.72	19.84	17.72	19.84	2100
2021-12-17	17.99	19.84	17.99	19.84	2200
2021-12-20	19.57	19.57	19.57	19.57	0
2021-12-21	19.57	19.57	19.57	19.57	400
2021-12-22	19.57	19.57	19.57	19.57	0
2021-12-23	19.57	19.57	19.57	19.57	100
2021-12-24	19.57	19.57	19.57	19.57	0
2021-12-27	19.57	19.57	19.57	19.57	0
2021-12-28	19.57	19.57	19.57	19.57	0
2021-12-29	19.84	21.95	19.84	21.95	1814
2021-12-30	21.95	21.95	21.69	21.69	300
2021-12-31	24.69	24.69	22.04	22.04	1100
2022-01-04	25.13	25.13	23.28	23.28	300
2022-01-05	23.28	24.25	23.28	24.25	1800
2022-01-06	26.01	26.01	26.01	26.01	100
2022-01-07	22.13	22.13	22.13	22.13	41900
2022-01-10	22.13	22.13	19.31	19.31	5500
2022-01-11	22.04	22.04	22.04	22.04	0
2022-01-12	19.57	19.57	18.78	18.96	4300
2022-01-13	18.34	21.16	17.72	21.16	7700
2022-01-14	18.52	20.63	18.16	20.63	4200
2022-01-17	17.9	19.22	17.81	19.22	1000
2022-01-18	17.99	17.99	17.99	17.99	1600
2022-01-19	19.75	19.75	17.63	19.4	3400
2022-01-20	17.63	18.78	17.63	18.78	900
2022-01-21	18.52	18.52	17.81	18.52	1200
2022-01-24	18.43	18.43	18.43	18.43	0
2022-01-25	18.87	18.96	18.34	18.34	31800
2022-01-26	18.69	19.22	18.6	19.22	22400
2022-01-27	18.69	18.69	18.69	18.69	0
2022-01-28	18.69	18.69	18.69	18.69	0
2022-02-07	19.31	19.31	18.69	19.22	47100
2022-02-08	19.66	19.75	19.31	19.4	7500
2022-02-09	19.4	19.75	18.52	19.75	1600
2022-02-10	19.75	19.75	18.52	18.52	300
2022-02-11	19.31	19.31	19.31	19.31	6500
2022-02-14	19.31	19.31	19.31	19.31	3500
2022-02-15	19.13	19.13	19.13	19.13	9000
2022-02-16	19.04	19.4	19.04	19.4	6900
2022-02-17	19.31	19.31	19.31	19.31	0
2022-02-18	18.87	18.96	18.07	18.07	5800
2022-02-21	18.07	19.84	18.07	19.84	15800
2022-03-03	20.28	20.28	17.28	17.63	9300
2022-03-04	17.72	18.6	17.72	18.6	3500
2022-03-07	19.88	19.88	19.88	19.88	1100
2022-03-08	19.66	19.66	18.52	19.27	36300
2022-03-09	19.22	19.27	19.22	19.27	400
2022-03-10	18.96	19.0	18.96	18.96	2300
2022-03-11	18.07	18.78	17.85	18.52	8200
2022-03-14	18.07	18.52	17.9	18.52	1800
2022-03-15	17.72	17.94	17.72	17.94	1200
2022-03-16	17.72	18.43	17.72	18.16	2300
2022-03-17	17.77	18.34	17.77	18.25	3000
2022-03-18	18.25	18.25	18.25	18.25	200
2022-03-21	18.3	18.47	18.3	18.47	1800
2022-03-22	17.99	18.47	17.99	18.47	400
2022-03-23	17.99	18.38	17.94	18.38	700
2022-03-24	18.38	18.38	18.03	18.38	500
2022-03-25	17.85	18.25	17.81	18.12	1000
2022-03-28	17.9	18.12	17.9	18.12	4000
2022-03-29	18.12	18.34	18.12	18.16	1400
2022-03-30	18.16	18.25	18.03	18.03	800
2022-03-31	18.03	18.03	17.99	17.99	1300
2022-04-01	17.9	18.52	17.9	17.99	6500
2022-04-04	17.99	18.16	17.68	18.16	600
2022-04-05	18.16	18.16	18.16	18.16	1600
2022-04-06	17.63	17.63	17.63	17.63	1200
2022-04-07	18.12	18.12	17.63	17.63	800
2022-04-08	16.49	18.16	16.49	18.07	400
2022-04-12	18.03	18.03	17.37	17.99	2700
2022-04-13	17.63	18.38	17.19	18.38	400
2022-04-14	18.38	18.52	17.46	17.46	3500
2022-04-15	17.46	17.46	17.46	17.46	200
2022-04-18	17.28	17.63	17.28	17.63	200
2022-04-19	17.63	17.63	17.63	17.63	0
2022-04-20	17.28	17.28	17.28	17.28	900
2022-04-21	16.09	17.63	16.09	17.63	5100
2022-04-22	16.8	18.07	16.8	18.07	400
2022-04-25	16.84	17.63	16.84	17.28	900
2022-04-26	16.31	17.28	16.31	17.28	1500
2022-04-27	17.28	17.28	17.28	17.28	500
2022-04-28	18.43	18.43	17.37	18.07	1000
2022-04-29	18.07	18.07	18.07	18.07	300
2022-05-04	18.07	18.07	18.07	18.07	0
2022-05-05	18.07	18.07	18.07	18.07	0
2022-05-06	18.07	18.07	18.07	18.07	0
2022-05-09	17.63	17.63	16.84	17.41	3900
2022-05-10	16.22	17.19	16.22	17.19	1000
2022-05-11	17.19	17.19	17.19	17.19	0
2022-05-12	16.09	17.15	16.09	17.15	200
2022-05-13	16.0	17.99	15.96	17.99	1800
2022-05-16	17.99	17.99	17.99	17.99	0
2022-05-17	16.75	19.04	16.75	19.04	19300
2022-05-18	19.04	19.04	19.04	19.04	0
2022-05-19	19.04	19.04	19.04	19.04	0
2022-05-20	19.04	19.04	19.04	19.04	0
2022-05-23	19.04	19.04	19.04	19.04	0
2022-05-24	17.72	17.72	17.72	17.72	200
2022-05-25	16.84	18.96	16.75	17.72	4100
2022-05-26	16.66	16.66	16.66	16.66	1200
2022-05-27	17.19	17.19	17.1	17.19	4400
2022-05-30	17.19	18.07	17.19	17.72	2600
2022-05-31	17.19	17.63	16.49	17.63	12000
2022-06-01	16.4	17.63	16.4	17.63	22300
2022-06-02	16.4	17.63	16.4	17.63	25700
2022-06-03	16.4	16.75	16.4	16.4	10400
2022-06-06	15.61	15.61	15.25	15.25	4600
2022-06-07	14.55	15.91	14.46	15.56	2100
2022-06-08	16.27	16.27	14.99	14.99	1300
2022-06-09	14.99	14.99	14.99	14.99	100
2022-06-10	14.46	14.46	14.11	14.11	2200
2022-06-13	14.06	14.06	13.14	13.93	3200
2022-06-14	13.14	14.02	13.14	14.02	200
2022-06-15	13.14	13.75	13.09	13.75	500
2022-06-16	12.83	13.45	12.83	12.83	1600
2022-06-17	12.83	13.53	12.83	13.53	600
2022-06-20	13.53	13.53	13.53	13.53	1700
2022-06-21	12.61	12.61	12.61	12.61	100
2022-06-22	11.73	11.73	11.73	11.73	300
2022-06-23	11.46	11.46	11.02	11.02	400
2022-06-24	11.2	11.2	11.2	11.2	300
2022-06-27	11.2	11.46	11.2	11.46	900
2022-06-28	11.02	11.46	11.02	11.46	200
2022-06-29	10.67	12.26	10.67	10.98	11800
2022-06-30	11.64	11.64	11.64	11.64	700
2022-07-01	11.64	11.64	11.64	11.64	0
2022-07-04	11.64	11.64	11.64	11.64	0
2022-07-05	10.84	11.64	10.84	10.84	300
2022-07-06	10.27	10.27	10.27	10.27	100
2022-07-07	10.49	10.49	10.49	10.49	200
2022-07-08	9.92	10.05	9.92	10.05	600
2022-07-11	10.05	10.05	10.05	10.05	0
2022-07-12	9.48	9.48	9.43	9.43	1800
2022-07-13	9.21	10.05	9.21	9.96	3200
2022-07-14	9.43	10.62	9.43	10.62	2100
2022-07-15	10.98	11.33	10.98	11.02	900
2022-07-18	11.02	11.02	11.02	11.02	100
2022-07-19	10.27	10.27	10.27	10.27	1400
2022-07-20	9.79	9.79	9.79	9.79	100
2022-07-21	9.83	10.45	9.83	10.45	400
2022-07-22	10.45	10.45	10.45	10.45	300
2022-07-25	10.45	10.45	10.45	10.45	200
2022-07-26	10.01	10.01	10.01	10.01	100
2022-07-27	10.01	10.01	10.01	10.01	400
2022-07-28	10.05	10.05	10.05	10.05	100
2022-07-29	10.05	10.05	10.05	10.05	0
2022-08-01	9.83	10.05	9.83	10.05	300
2022-08-02	10.05	10.05	10.05	10.05	0
2022-08-03	9.7	10.58	9.61	10.58	1400
2022-08-04	10.71	11.29	10.14	11.29	3200
2022-08-05	11.29	11.9	11.29	11.9	2100
2022-08-08	11.9	11.95	11.9	11.9	3400
2022-08-09	11.86	11.99	11.86	11.99	800
2022-08-10	11.46	11.95	11.46	11.95	400
2022-08-11	11.2	11.86	11.15	11.86	400
2022-08-12	11.46	11.46	11.37	11.37	1100
2022-08-15	11.02	11.02	11.02	11.02	400
2022-08-16	11.02	11.02	11.02	11.02	0
2022-08-17	10.32	10.32	10.32	10.32	200
2022-08-18	10.32	10.32	10.32	10.32	0
2022-08-19	10.32	10.32	10.32	10.32	0
2022-08-22	10.4	10.4	10.4	10.4	400
2022-08-23	10.58	10.93	10.58	10.93	200
2022-08-24	10.58	10.58	10.58	10.58	100
2022-08-25	10.58	11.24	10.58	11.24	2100
2022-08-26	11.24	11.24	11.24	11.24	0
2022-08-29	11.24	11.24	11.24	11.24	0
2022-08-30	10.76	10.76	10.76	10.76	400
2022-08-31	10.76	10.76	10.76	10.76	0
2022-09-05	10.76	10.76	10.76	10.76	0
2022-09-06	10.76	10.76	10.76	10.76	400
2022-09-07	10.76	10.76	10.76	10.76	0
2022-09-08	10.76	10.76	10.76	10.76	0
2022-09-09	10.58	10.58	10.58	10.58	100
2022-09-12	10.58	10.58	10.58	10.58	0
2022-09-13	11.29	10.58	10.58	10.58	7
2022-09-14	10.54	10.54	9.96	10.1	403
2022-09-15	10.54	10.54	10.54	10.54	101
2022-09-16	10.4	10.4	10.4	10.4	100
2022-09-19	10.4	10.4	10.4	10.4	0
2022-09-20	9.74	10.49	9.74	10.49	800
2022-09-21	10.58	10.58	10.58	10.58	401
2022-09-22	10.58	11.07	10.58	11.07	700
2022-09-23	10.36	10.36	10.36	10.36	100
2022-09-26	10.32	10.32	10.32	10.32	100
2022-09-27	10.32	10.32	10.32	10.32	0
2022-09-28	10.32	10.32	10.32	10.32	0
2022-09-29	10.32	10.32	10.32	10.32	0
2022-09-30	9.74	9.74	9.65	9.65	300
2022-10-03	8.99	8.99	8.99	8.99	3000
2022-10-04	8.46	8.99	8.46	8.99	2100
2022-10-05	8.99	8.99	8.99	8.99	100
2022-10-06	8.99	8.99	8.99	8.99	0
2022-10-07	8.37	8.91	8.37	8.91	200
2022-10-10	8.91	8.91	8.91	8.91	0
2022-10-11	8.99	8.99	8.99	8.99	100
2022-10-12	8.99	8.99	8.99	8.99	0
2022-10-13	8.37	8.82	8.37	8.82	1100
2022-10-14	8.21	8.82	8.21	8.82	2100
2022-10-17	8.82	8.82	8.82	8.82	0
2022-10-18	8.82	8.82	8.82	8.82	0
2022-10-19	8.82	8.82	8.82	8.82	0
2022-10-20	8.82	8.82	8.82	8.82	0
2022-10-21	9.39	9.39	8.2	8.2	2100
2022-10-24	8.2	8.2	8.2	8.2	0
2022-10-25	8.2	8.2	8.2	8.2	0
2022-10-26	7.64	7.64	7.64	7.64	4100
2022-10-27	7.12	8.16	7.12	8.16	200
2022-10-28	8.16	8.16	8.16	8.16	0
2022-10-31	8.16	8.16	8.16	8.16	0
2022-11-01	8.72	8.72	8.72	8.72	600
2022-11-02	9.21	9.21	9.21	9.21	100
2022-11-03	9.17	9.17	8.57	8.57	700
2022-11-04	8.57	8.57	8.57	8.57	0
2022-11-07	8.57	8.57	8.57	8.57	0
2022-11-08	8.57	8.57	8.57	8.57	0
2022-11-09	8.57	8.57	8.57	8.57	0
2022-11-10	8.57	8.57	8.57	8.57	0
2022-11-11	8.57	8.57	8.57	8.57	0
2022-11-14	8.57	8.57	8.57	8.57	0
2022-11-15	8.57	8.57	8.57	8.57	0
2022-11-16	8.57	8.57	8.57	8.57	0
2022-11-17	8.57	8.57	8.57	8.57	0
2022-11-18	8.57	8.57	8.57	8.57	0
2022-11-21	8.57	8.57	8.57	8.57	0
2022-11-22	8.57	8.57	8.57	8.57	0
2022-11-23	8.57	8.57	8.57	8.57	0
2022-11-24	8.57	8.57	8.57	8.57	0
2022-11-25	8.57	8.57	8.57	8.57	0
2022-11-28	8.57	8.57	8.57	8.57	0
2022-11-29	8.57	8.57	8.57	8.57	0
2022-11-30	8.57	8.57	8.57	8.57	0
2022-12-01	8.95	8.95	8.82	8.82	200
2022-12-02	9.39	9.39	8.3	8.3	210
2022-12-05	8.86	8.86	8.86	8.86	1400
2022-12-06	8.86	8.86	8.86	8.86	0
2022-12-07	8.86	8.86	8.86	8.86	0
2022-12-08	8.25	8.25	8.25	8.25	200
2022-12-09	8.25	8.25	8.25	8.25	0
2022-12-12	8.25	8.25	8.25	8.25	100
2022-12-13	8.25	8.25	8.25	8.25	0
2022-12-14	8.25	8.25	8.25	8.25	0
2022-12-15	7.69	7.69	7.69	7.69	100
2022-12-16	7.69	7.69	7.69	7.69	0
2022-12-19	7.69	7.69	7.69	7.69	0
2022-12-20	7.67	8.23	7.67	8.23	1100
2022-12-21	8.23	8.23	8.23	8.23	0
2022-12-22	8.23	8.23	8.23	8.23	0
2022-12-23	8.23	8.23	8.23	8.23	0
2022-12-26	8.23	8.23	8.23	8.23	0
2022-12-27	7.65	7.68	7.65	7.68	900
2022-12-28	7.68	7.68	7.68	7.68	0
2022-12-29	7.68	7.68	7.68	7.68	0
2022-12-30	7.68	7.68	7.68	7.68	0
2023-01-03	7.68	7.68	7.68	7.68	0
2023-01-04	8.2	8.21	8.2	8.21	700
2023-01-05	7.71	7.71	7.71	7.71	100
2023-01-06	7.71	7.71	7.71	7.71	0
2023-01-09	7.71	7.71	7.71	7.71	0
2023-01-10	7.41	7.41	7.23	7.23	800
2023-01-11	7.23	7.23	7.23	7.23	0
2023-01-12	7.23	7.23	7.23	7.23	0
2023-01-13	7.23	7.23	7.23	7.23	0
2023-01-16	6.81	6.81	6.81	6.81	100
2023-01-17	7.28	7.28	7.28	7.28	100
2023-01-18	7.28	7.28	7.28	7.28	0
2023-01-19	7.28	7.28	7.28	7.28	0
2023-01-27	7.79	7.79	7.79	7.79	200
2023-01-30	7.79	7.79	7.79	7.79	0
2023-01-31	8.32	8.32	8.32	8.32	300
2023-02-01	8.32	8.82	8.32	8.82	1000
2023-02-02	9.43	9.43	9.43	9.43	1000
2023-02-03	9.43	9.43	9.43	9.43	0
2023-02-06	9.7	10.05	9.7	10.05	1100
2023-02-07	10.67	10.71	10.58	10.71	1000
2023-02-08	11.46	11.46	11.46	11.46	4302
2023-02-09	11.81	11.81	11.46	11.81	800
2023-02-10	11.81	12.34	11.81	12.34	1801
2023-02-13	12.26	12.26	11.51	11.55	16000
2023-02-14	11.55	11.55	11.55	11.55	0
2023-02-15	11.02	11.02	11.02	11.02	200
2023-02-16	10.58	10.58	10.32	10.32	1200
2023-02-17	9.79	9.79	9.79	9.79	4300
2023-02-20	9.79	9.79	9.79	9.79	0
2023-02-21	10.4	10.4	9.96	9.96	2300
2023-02-22	9.88	9.88	9.88	9.88	500
2023-02-23	10.54	10.54	9.21	9.21	500
2023-02-24	9.21	9.21	9.21	9.21	0
2023-02-27	9.83	9.83	8.58	9.17	600
2023-02-28	9.17	9.17	9.17	9.17	0
2023-03-01	8.55	8.6	8.55	8.55	3400
2023-03-02	8.11	8.2	8.11	8.2	200
2023-03-03	7.94	7.94	7.68	7.68	5000
2023-03-06	8.2	8.21	8.2	8.21	600
2023-03-07	8.21	8.21	8.18	8.18	500
2023-03-08	8.17	8.18	8.17	8.18	200
2023-03-09	8.11	8.3	8.11	8.3	400
2023-03-10	8.3	8.82	7.72	8.82	1900
2023-03-13	8.82	9.43	8.29	8.29	1900
2023-03-14	8.28	8.28	7.94	7.94	1300
2023-03-15	8.1	8.46	8.1	8.46	2700
2023-03-16	8.46	8.46	7.94	7.94	400
2023-03-17	7.98	7.98	7.68	7.68	800
2023-03-20	7.68	7.68	7.68	7.68	100
2023-03-21	7.68	7.93	7.46	7.93	500
2023-03-22	7.9	7.91	7.9	7.91	300
2023-03-23	7.8	7.8	7.8	7.8	100
2023-03-24	7.8	7.8	7.8	7.8	600
2023-03-27	7.85	7.85	7.85	7.85	400
2023-03-28	7.85	7.85	7.85	7.85	600
2023-03-29	7.76	7.76	7.76	7.76	200
2023-03-30	7.94	8.3	7.94	8.29	900
2023-03-31	7.94	7.94	7.94	7.94	1200
2023-04-03	7.77	7.89	7.77	7.85	102100
2023-04-04	7.85	8.27	7.85	8.27	2100
2023-04-05	8.25	8.25	8.25	8.25	500
2023-04-06	7.7	7.84	7.7	7.84	600
2023-04-07	7.84	7.84	7.84	7.84	0
2023-04-10	8.26	8.26	7.85	7.85	700
2023-04-11	8.22	8.22	8.11	8.2	1000
2023-04-12	8.2	8.2	8.2	8.2	0
2023-04-13	7.9	7.9	7.8	7.8	2500
2023-04-14	8.34	8.34	8.34	8.34	300
2023-04-17	8.82	8.91	8.73	8.73	16100
2023-04-18	8.72	8.72	8.15	8.15	200
2023-04-19	7.95	7.95	7.94	7.94	14000
2023-04-20	7.86	7.89	7.86	7.89	200
2023-04-21	8.43	8.43	8.43	8.43	200
2023-04-24	8.46	8.99	7.94	8.99	12900
2023-04-25	9.13	9.61	9.13	9.61	7100
2023-04-26	9.7	10.27	9.61	9.65	17600
2023-04-27	9.61	10.32	9.61	10.32	5000
2023-04-28	11.02	11.02	10.93	11.02	5800
2023-05-04	11.46	11.77	11.46	11.77	1800
2023-05-05	11.86	12.56	11.86	12.56	13300
2023-05-08	13.14	13.4	13.14	13.4	9800
2023-05-09	14.33	14.33	13.4	13.4	17400
2023-05-10	13.67	14.11	13.4	14.11	3300
2023-05-11	14.15	14.15	13.14	13.14	13000
2023-05-12	13.58	13.93	13.23	13.93	9000
2023-05-15	13.93	13.93	13.49	13.49	1200
2023-05-16	13.36	13.4	12.78	13.4	3100
2023-05-17	13.4	14.28	12.52	14.11	1200
2023-05-18	13.75	14.11	13.75	14.11	2400
2023-05-19	13.23	13.23	13.23	13.23	200
2023-05-22	12.7	13.58	12.34	13.58	4200
2023-05-23	13.53	13.58	13.49	13.49	800
2023-05-24	13.23	13.23	13.18	13.18	800
2023-05-25	13.18	13.18	13.14	13.14	300
2023-05-26	13.14	13.14	13.14	13.14	0
2023-05-29	12.26	13.05	12.26	13.05	300
2023-05-30	12.17	12.78	12.17	12.74	1400
2023-05-31	12.34	12.34	12.34	12.34	600
2023-06-01	11.9	12.83	11.9	12.83	300
2023-06-02	12.34	12.83	11.95	12.83	2000
2023-06-05	12.08	12.08	11.95	11.95	4300
2023-06-06	11.95	11.95	11.9	11.9	300
2023-06-07	11.24	11.77	11.11	11.11	4200
2023-06-08	11.37	11.46	11.37	11.46	1100
2023-06-09	11.46	11.46	11.46	11.46	0
2023-06-12	10.76	11.37	10.67	11.37	27900
2023-06-13	11.37	11.37	11.37	11.37	0
2023-06-14	10.58	10.76	10.58	10.76	1625
2023-06-15	10.71	10.71	10.49	10.49	603
2023-06-16	10.49	10.49	9.79	10.49	2280
2023-06-19	9.96	10.49	9.79	10.49	900
2023-06-20	10.4	10.4	9.79	10.18	2460
2023-06-21	10.14	10.14	10.14	10.14	1715
2023-06-22	9.96	10.32	9.96	10.32	2000
2023-06-23	9.88	9.96	9.88	9.96	710
2023-06-26	10.05	10.62	10.05	10.62	13370
2023-06-27	11.33	11.33	11.33	11.33	8463
2023-06-28	12.08	12.08	12.08	12.08	2618
2023-06-29	12.92	12.92	12.08	12.12	17931
2023-06-30	12.08	12.08	11.73	11.73	10032
2023-07-03	11.68	11.73	10.93	10.93	7700
2023-07-04	10.93	11.68	10.67	11.68	500
2023-07-05	11.55	11.55	10.89	10.89	5230
2023-07-06	11.42	11.42	11.37	11.37	204
2023-07-07	11.37	11.46	10.58	11.46	8112
2023-07-10	11.46	11.46	11.46	11.46	3
2023-07-11	10.84	10.84	10.76	10.8	2810
2023-07-12	10.93	11.46	10.93	11.46	7300
2023-07-13	10.8	10.89	10.8	10.89	1700
2023-07-14	10.89	11.37	10.89	11.37	1100
2023-07-17	11.37	11.37	11.37	11.37	0
2023-07-18	11.15	11.15	10.93	10.93	2100
2023-07-19	10.8	11.2	10.8	10.89	3400
2023-07-20	11.02	11.37	11.02	11.33	5300
2023-07-21	11.37	12.08	11.37	12.08	19423
2023-07-24	12.04	12.04	11.55	11.64	3011
2023-07-25	11.81	11.81	11.29	11.46	6303
2023-07-26	11.02	11.29	11.02	11.29	421
2023-07-27	11.29	11.29	11.29	11.29	108
2023-07-28	10.93	11.11	10.93	11.11	1400
2023-07-31	11.15	11.64	11.15	11.15	8100
2023-08-01	11.15	11.9	11.02	11.9	11785
2023-08-02	12.7	12.7	12.7	12.7	4963
2023-08-03	13.58	13.58	12.7	13.58	11899
2023-08-04	14.2	14.5	13.58	14.5	22485
2023-08-07	14.46	14.46	13.49	13.49	11467
2023-08-08	13.49	13.49	12.56	12.61	13710
2023-08-09	12.56	12.78	12.52	12.74	8200
2023-08-10	12.17	12.43	12.17	12.43	2427
2023-08-11	12.43	12.78	12.43	12.78	1500
2023-08-14	12.78	12.78	12.78	12.78	1701
2023-08-15	12.87	12.92	12.78	12.78	1100
2023-08-16	12.65	12.65	12.65	12.65	200
2023-08-17	12.65	12.65	12.65	12.65	3100
2023-08-18	12.65	12.7	12.52	12.52	5304
2023-08-21	12.52	12.52	12.52	12.52	0
2023-08-22	11.9	11.99	11.86	11.86	4100
2023-08-23	11.86	11.86	11.86	11.86	300
2023-08-24	11.55	11.86	11.07	11.86	2600
2023-08-25	11.86	12.43	11.15	12.43	5100
2023-08-28	11.95	12.43	11.95	12.43	403
2023-08-29	11.59	12.43	11.59	11.99	1910
2023-08-30	11.99	11.99	11.99	11.99	1600
2023-08-31	12.08	12.08	12.04	12.04	500
2023-09-05	12.78	12.78	12.74	12.74	200
2023-09-06	12.74	12.74	12.56	12.56	1300
2023-09-07	11.9	12.52	11.9	12.52	2000
2023-09-08	12.52	12.7	12.52	12.65	1003
2023-09-11	12.65	12.78	12.43	12.43	4133
2023-09-12	12.43	12.43	12.43	12.43	0
2023-09-13	12.43	12.43	12.08	12.12	3100
2023-09-14	12.12	12.12	12.08	12.12	2409
2023-09-15	12.17	12.17	12.17	12.17	400
2023-09-18	11.99	12.34	11.99	12.34	900
2023-09-19	12.96	12.96	12.08	12.08	509
2023-09-20	12.26	12.26	12.26	12.26	100
2023-09-21	12.08	12.26	12.08	12.17	1200
2023-09-22	12.17	12.17	12.17	12.17	0
2023-09-25	11.99	11.99	11.99	11.99	500
2023-09-26	11.99	11.99	11.99	11.99	500
2023-09-27	11.99	11.99	11.46	11.46	400
2023-09-28	11.46	11.46	10.76	10.76	200
2023-09-29	11.02	11.02	11.02	11.02	500
2023-10-02	11.73	11.73	11.73	11.73	100
2023-10-03	11.73	11.73	11.73	11.73	0
2023-10-04	11.73	11.73	11.73	11.73	0
2023-10-05	11.73	11.73	11.73	11.73	0
2023-10-06	11.73	11.73	11.73	11.73	300
2023-10-09	10.93	11.11	10.93	11.07	1327
2023-10-10	11.07	11.07	11.07	11.07	0
2023-10-11	11.81	11.81	11.81	11.81	9152
2023-10-12	12.61	12.61	12.34	12.61	2460
2023-10-13	13.4	13.49	13.4	13.49	7852
2023-10-16	13.49	14.42	12.56	14.2	5366
2023-10-17	14.2	14.9	13.67	14.9	6414
2023-10-18	14.9	15.43	14.9	15.25	5736
2023-10-19	15.25	15.25	15.25	15.25	0
2023-10-20	15.25	15.25	15.25	15.25	1
2023-10-23	14.2	14.2	14.2	14.2	500
2023-10-24	13.23	13.23	13.23	13.23	604
2023-10-25	12.3	14.11	12.3	14.11	7951
2023-10-26	15.08	15.08	14.11	14.94	4405
2023-10-27	14.72	15.87	13.93	14.94	14509
2023-10-30	13.93	15.87	13.93	15.87	4503
2023-10-31	15.87	15.87	15.87	15.87	2000
2023-11-01	14.77	15.34	14.77	15.34	905
2023-11-02	14.46	15.34	14.28	15.34	1200
2023-11-03	15.34	15.34	15.34	15.34	0
2023-11-06	15.34	15.34	15.34	15.34	1
2023-11-07	14.28	14.28	14.28	14.28	3091
2023-11-08	13.31	15.17	13.31	13.31	10150
2023-11-09	12.43	14.24	12.39	14.11	37285
2023-11-10	13.14	14.2	13.14	13.14	3632
2023-11-13	13.93	13.93	12.34	13.05	6200
2023-11-14	13.05	13.05	12.52	12.96	3847
2023-11-15	12.87	12.96	12.87	12.92	2019
2023-11-16	12.87	12.87	12.43	12.43	904
2023-11-17	12.78	13.14	12.34	12.39	15520
2023-11-20	12.74	12.74	12.74	12.74	521
2023-11-21	12.39	12.39	12.12	12.17	1301
2023-11-22	12.7	12.7	12.26	12.34	5800
2023-11-23	12.34	12.34	12.17	12.34	5900
2023-11-24	12.3	12.3	12.26	12.26	200
2023-11-27	12.26	12.26	12.26	12.26	762
2023-11-28	12.26	12.26	11.99	12.08	3920
2023-11-29	12.08	12.08	12.08	12.08	1801
2023-11-30	12.12	12.12	12.08	12.12	1101
2023-12-01	12.12	12.26	12.12	12.26	1501
2023-12-04	12.26	12.26	12.26	12.26	530
2023-12-05	12.26	12.34	12.26	12.34	2351
2023-12-06	12.56	12.56	11.55	11.55	2714
2023-12-07	11.64	12.26	10.76	12.26	12449
2023-12-08	12.26	12.26	12.26	12.26	0
2023-12-11	12.78	12.78	11.59	11.59	2851
2023-12-12	12.3	12.3	11.59	11.68	3801
2023-12-13	11.68	11.68	11.64	11.68	600
2023-12-14	11.68	11.68	11.51	11.51	202
2023-12-15	11.51	11.9	11.51	11.9	1200
2023-12-18	11.86	12.26	11.86	12.26	1013
2023-12-19	11.51	12.17	11.51	12.17	600
2023-12-20	12.12	12.12	11.51	11.73	800
2023-12-21	11.73	11.73	11.73	11.73	100
2023-12-22	11.73	11.73	11.73	11.73	100
2023-12-25	12.12	12.12	11.51	11.9	730
2023-12-26	11.9	12.12	11.9	12.12	300
2023-12-27	12.04	12.04	11.95	11.95	2100
2023-12-28	12.26	12.26	12.17	12.17	348
2023-12-29	12.17	12.17	12.12	12.12	900
2024-01-02	12.3	12.3	11.51	11.9	1000
2024-01-03	11.64	12.3	11.51	12.3	2300
2024-01-04	12.17	12.17	12.08	12.12	1500
2024-01-05	12.12	12.21	11.81	11.81	1933
2024-01-08	12.21	12.21	12.17	12.21	2700
2024-01-09	11.9	11.9	11.59	11.9	505
2024-01-10	11.9	12.17	11.59	11.59	1100
2024-01-11	12.34	12.34	11.64	12.12	434
2024-01-12	12.08	12.08	11.51	12.04	300
2024-01-15	12.26	12.26	11.55	12.08	910
2024-01-16	12.08	12.08	12.08	12.08	1
2024-01-17	12.08	12.08	11.46	12.04	1425
2024-01-18	11.59	11.9	11.59	11.59	400
2024-01-19	11.64	11.95	11.64	11.95	1113
2024-01-22	11.95	11.95	11.95	11.95	1
2024-01-23	11.55	11.81	11.51	11.81	1405
2024-01-24	11.9	12.39	11.46	12.26	7710
2024-01-25	13.05	13.05	11.51	11.99	1308
2024-01-26	11.73	11.73	11.42	11.73	4600
2024-01-29	11.73	11.73	11.73	11.73	212
2024-01-30	12.04	12.04	11.95	11.95	200
2024-01-31	11.81	11.81	11.59	11.59	3100
2024-02-01	11.24	11.64	11.02	11.55	2301
2024-02-02	11.55	11.55	11.55	11.55	4
2024-02-05	11.68	11.68	11.68	11.68	101
2024-02-06	11.51	11.51	11.29	11.29	2400
2024-02-07	11.29	11.46	11.29	11.46	964
2024-02-15	11.46	11.46	11.33	11.33	3203
2024-02-16	11.37	11.46	11.37	11.46	800
2024-02-19	11.46	11.46	11.46	11.46	807
2024-02-20	11.46	11.46	11.37	11.37	1404
2024-02-21	11.29	11.37	11.29	11.37	500
2024-02-22	11.46	11.46	11.46	11.46	2400
2024-02-23	11.29	11.29	11.2	11.29	4301
2024-02-26	11.29	11.29	11.29	11.29	100
2024-02-27	11.29	11.29	11.29	11.29	607
2024-02-28	11.73	11.73	11.73	11.73	600
2024-02-29	11.33	11.33	11.33	11.33	100
2024-03-01	11.33	11.33	11.07	11.07	1420
2024-03-04	11.29	11.29	11.29	11.29	616
2024-03-05	11.29	11.29	11.02	11.02	2801
2024-03-06	11.02	11.02	11.02	11.02	3000
2024-03-07	11.2	11.2	11.2	11.2	400
2024-03-08	11.2	11.29	11.2	11.29	800
2024-03-11	11.11	11.11	11.11	11.11	700
2024-03-12	11.02	11.02	11.02	11.02	100
2024-03-13	11.02	11.02	11.02	11.02	400
2024-03-14	10.98	11.02	10.98	11.02	1901
2024-03-15	10.98	11.33	10.98	11.33	900
2024-03-18	11.68	11.68	11.29	11.37	2200
2024-03-19	11.37	11.37	11.02	11.37	3600
2024-03-20	11.37	11.37	11.37	11.37	402
2024-03-21	11.37	11.37	11.37	11.37	0
2024-03-22	11.2	11.37	11.2	11.37	900
2024-03-25	11.37	11.37	11.37	11.37	11
2024-03-26	11.37	11.37	11.37	11.37	0
2024-03-27	10.8	11.37	10.8	11.37	700
2024-03-28	11.37	11.37	11.37	11.37	0
2024-03-29	11.37	11.37	11.37	11.37	0
2024-04-01	10.62	11.02	10.62	11.02	1001
2024-04-02	11.33	11.33	11.29	11.29	201
2024-04-03	11.29	11.29	11.29	11.29	0
2024-04-04	10.62	10.62	10.62	10.62	100
2024-04-05	11.33	11.33	11.29	11.29	300
2024-04-08	11.29	11.29	11.29	11.29	300
2024-04-09	11.2	11.33	10.8	11.24	1691
2024-04-10	11.29	11.33	11.15	11.33	901
2024-04-11	11.29	11.29	11.29	11.29	401
2024-04-12	11.33	11.37	11.33	11.37	421
2024-04-15	11.37	11.37	11.2	11.37	1600
2024-04-16	11.37	11.37	11.37	11.37	0
2024-04-17	11.33	11.33	11.33	11.33	100
2024-04-19	11.02	11.02	10.98	11.02	1400
2024-04-22	11.37	11.37	11.37	11.37	100
2024-04-23	10.58	11.37	10.58	11.37	200
2024-04-24	11.37	11.37	11.37	11.37	0
2024-04-25	11.29	11.33	11.29	11.33	1100
2024-04-26	11.42	11.46	10.93	11.46	4569
2024-05-02	12.26	12.26	12.26	12.26	18320
2024-05-03	13.09	13.09	13.05	13.05	52201
2024-05-06	12.78	13.05	12.26	12.52	6244
2024-05-07	12.52	12.74	12.34	12.74	3202
2024-05-08	13.53	13.53	13.36	13.45	48201
2024-05-09	13.45	13.49	13.05	13.05	9058
2024-05-10	13.23	13.84	13.23	13.84	8400
2024-05-13	14.11	14.77	14.11	14.77	50352
2024-05-14	14.81	15.17	14.81	15.03	12400
2024-05-15	15.03	15.03	14.64	14.9	23300
2024-05-16	14.9	14.9	13.9	13.9	23300
2024-05-17	13.1	14.1	12.95	13.05	14676
2024-05-20	13.8	13.85	12.55	13.05	9460
2024-05-21	13.1	13.85	12.75	12.9	5029
2024-05-22	13.75	13.75	12.8	12.9	3303
2024-05-23	12.8	13.05	12.5	12.85	20111
2024-05-24	12.5	13.6	12.45	13.6	23200
2024-05-27	13.6	13.8	13.1	13.1	13701
2024-05-28	13.1	13.5	13.1	13.3	13400
2024-05-29	13.3	13.5	13.3	13.35	5300
2024-05-30	13.2	13.2	13.1	13.1	2612
2024-05-31	13.1	13.4	13.1	13.35	2905
2024-06-03	13.35	13.4	13.35	13.4	5700
2024-06-04	13.4	13.4	13.2	13.2	500
2024-06-05	12.75	13.5	12.75	13.3	7304
2024-06-06	13.3	13.45	13.3	13.3	2300
2024-06-07	13.3	13.3	13.3	13.3	4900
2024-06-10	13.3	13.3	13.0	13.15	6200
2024-06-11	13.2	13.2	13.2	13.2	2400
2024-06-12	13.2	13.4	13.2	13.4	4605
2024-06-13	13.4	13.5	13.4	13.5	2000
2024-06-14	13.5	13.5	13.1	13.1	717
2024-06-17	13.1	13.5	13.1	13.45	3437
2024-06-18	14.3	14.3	13.4	13.4	9600
2024-06-19	12.75	13.45	12.75	13.45	3100
2024-06-20	13.45	13.8	13.45	13.5	8200
2024-06-21	13.5	13.5	13.5	13.5	200
2024-06-24	13.3	13.4	12.9	13.4	822
2024-06-25	13.0	13.5	13.0	13.5	4601
2024-06-26	12.8	12.8	12.8	12.8	1801
2024-06-27	12.9	13.5	12.9	13.5	6443
2024-06-28	12.9	13.3	12.9	13.3	900
2024-07-01	13.3	13.3	13.3	13.3	0
2024-07-02	13.3	13.3	13.3	13.3	100
2024-07-03	13.3	13.3	13.3	13.3	100
2024-07-04	12.55	13.3	12.55	13.3	404
2024-07-05	13.3	13.3	13.3	13.3	0
2024-07-08	13.3	13.3	12.7	13.25	1200
2024-07-09	13.25	13.25	13.25	13.25	0
2024-07-10	13.15	13.15	12.8	13.05	1004
2024-07-11	13.8	13.8	13.5	13.5	300
2024-07-12	13.5	13.5	13.5	13.5	0
2024-07-15	13.25	13.8	13.0	13.65	16100
2024-07-16	13.65	13.65	13.65	13.65	0
2024-07-17	13.65	13.65	13.65	13.65	100
2024-07-18	13.65	13.65	13.65	13.65	0
2024-07-19	12.85	13.5	12.85	13.5	7700
2024-07-22	12.65	13.5	12.65	13.05	4202
2024-07-23	13.0	13.4	13.0	13.0	1501
2024-07-24	12.85	12.85	12.85	12.85	500
2024-07-25	12.8	12.8	12.8	12.8	401
2024-07-26	12.8	13.0	12.8	13.0	2100
2024-07-29	13.0	13.0	12.6	12.6	1200
2024-07-30	12.6	12.6	12.6	12.6	400
2024-07-31	13.0	13.0	13.0	13.0	100
2024-08-01	12.35	12.35	12.2	12.2	5000
2024-08-02	12.0	12.6	12.0	12.6	1100
2024-08-05	12.3	12.6	11.8	12.6	2100
2024-08-06	12.55	12.55	12.55	12.55	100
2024-08-08	11.9	12.4	11.9	12.4	200
2024-08-09	12.4	12.4	12.4	12.4	100
2024-08-12	11.7	12.4	11.7	12.4	700
2024-08-15	11.65	12.25	11.65	11.7	2900
2024-08-16	11.15	12.2	11.15	12.15	1000
2024-08-19	11.55	12.05	11.55	12.05	3700
2024-08-21	11.7	11.7	11.7	11.7	200
2024-08-22	11.35	12.0	11.35	12.0	1000
2024-08-26	12.0	12.0	11.9	11.9	1200
2024-08-27	11.9	11.9	11.9	11.9	1100
2024-09-04	11.8	11.8	11.8	11.8	200
2024-09-05	11.9	11.9	11.9	11.9	3600
2024-09-10	11.9	11.9	11.9	11.9	100
2024-09-11	11.8	11.9	11.8	11.9	400
2024-09-12	11.8	12.7	11.8	12.4	600
2024-09-16	13.0	13.0	12.75	12.75	200
2024-09-17	13.0	13.5	13.0	13.3	13400
2024-09-18	13.3	14.0	13.3	14.0	7700
2024-09-19	14.2	14.2	13.5	13.5	1100
2024-09-20	13.5	14.0	13.5	14.0	5000
2024-09-23	14.0	14.2	14.0	14.2	2200
2024-09-24	14.4	14.5	14.25	14.5	13600
2024-09-25	14.55	14.6	14.5	14.6	14100
2024-09-26	14.9	14.9	14.9	14.9	600
2024-09-27	15.0	15.1	14.5	14.5	3600
2024-09-30	14.5	15.2	14.5	15.2	6800
2024-10-02	14.85	14.85	14.3	14.85	11400
2024-10-04	14.85	14.85	14.5	14.85	1100
2024-10-08	14.85	14.85	14.85	14.85	2400
2024-10-09	14.85	14.85	14.85	14.85	1000
2024-10-10	14.85	14.85	14.85	14.85	500
2024-10-11	14.85	14.85	14.85	14.85	900
2024-10-14	15.7	15.7	15.1	15.1	200
2024-10-16	15.0	15.0	14.45	14.45	1100
2024-10-17	15.0	15.0	15.0	15.0	100
2024-10-18	15.0	15.0	15.0	15.0	17400
2024-10-21	15.5	15.7	15.3	15.45	23400
2024-10-22	16.5	16.5	15.45	15.45	18100
2024-10-23	16.0	16.2	15.5	15.65	13300
2024-10-24	16.65	16.65	15.65	15.8	31500
2024-10-25	15.85	16.05	15.85	15.9	1600
2024-10-28	15.85	15.9	15.2	15.7	13100
2024-10-29	15.6	15.6	15.4	15.5	14600
2024-10-30	15.2	15.5	15.2	15.5	1500
2024-11-01	14.8	14.8	14.45	14.45	5000
2024-11-04	13.65	14.4	13.45	14.4	7400
2024-11-05	14.35	14.35	13.4	13.4	1200
2024-11-06	13.0	13.0	13.0	13.0	1400
2024-11-08	13.7	13.7	13.5	13.5	200
2024-11-13	13.0	13.1	13.0	13.1	1600
2024-11-15	13.2	13.2	13.2	13.2	100
2024-11-18	13.3	13.3	13.2	13.2	500
2024-11-19	13.2	13.2	13.2	13.2	100
2024-11-20	13.2	13.2	12.35	12.35	1100
2024-11-21	13.1	13.1	13.1	13.1	700
2024-11-25	13.1	13.1	13.1	13.1	300
2024-11-26	13.1	13.1	13.1	13.1	600
2024-11-28	13.5	13.5	13.5	13.5	100
2024-11-29	13.5	13.5	13.5	13.5	100
2024-12-03	13.2	13.2	13.2	13.2	500
2024-12-04	13.2	13.2	13.2	13.2	100
2024-12-05	13.5	13.5	13.3	13.3	200
2024-12-06	13.5	13.5	13.3	13.3	200
2024-12-09	12.6	14.2	12.6	14.2	6800
2024-12-10	15.1	15.15	15.1	15.1	4100
2024-12-11	16.1	16.1	14.05	16.1	8400
2024-12-12	17.15	17.15	15.05	15.15	5900
2024-12-13	14.2	14.2	14.1	14.1	3000
2024-12-17	13.2	13.85	13.15	13.85	7600
2024-12-18	14.8	14.8	12.9	14.3	6900
2024-12-19	13.4	13.5	13.4	13.4	2300
2024-12-20	13.4	13.4	13.4	13.4	200
2024-12-23	13.1	13.2	13.0	13.05	4300
2024-12-24	13.05	13.05	13.0	13.0	200
2024-12-25	13.1	13.1	13.1	13.1	100
2024-12-26	13.1	13.1	13.0	13.0	200
2024-12-27	13.75	13.75	13.75	13.75	100
2024-12-30	13.65	13.65	13.65	13.65	100
2024-12-31	13.0	13.0	13.0	13.0	1000
2025-01-02	13.0	13.8	13.0	13.75	1000
2025-01-08	12.85	13.65	12.8	13.65	1900
2025-01-10	12.95	13.45	12.9	13.45	600
2025-01-14	13.4	13.45	13.4	13.45	700
2025-01-17	12.8	13.9	12.8	13.9	1300
2025-01-21	13.5	13.5	13.5	13.5	1800
2025-02-03	13.9	13.9	13.9	13.9	100
2025-02-04	14.0	14.0	13.9	13.9	1400
2025-02-06	13.8	13.8	13.8	13.8	2000
2025-02-07	13.25	13.25	13.25	13.25	100
2025-02-10	13.25	13.25	13.25	13.25	100
2025-02-11	13.0	13.25	12.95	13.25	400
2025-02-14	13.25	13.25	13.25	13.25	200
2025-02-17	13.25	13.25	13.25	13.25	400
2025-02-19	14.0	14.0	13.7	14.0	2600
2025-02-20	14.1	14.2	14.1	14.2	2800
2025-02-24	13.4	13.4	13.4	13.4	100
2025-02-25	13.4	13.4	13.3	13.3	600
2025-02-26	13.7	13.9	13.7	13.9	300
2025-02-27	13.9	13.9	13.9	13.9	100
2025-02-28	14.1	14.1	14.1	14.1	200
2025-03-05	13.3	13.5	13.3	13.5	300
2025-03-06	14.0	14.0	14.0	14.0	100
2025-03-10	14.0	14.0	13.6	13.6	1600
2025-03-13	13.0	13.5	13.0	13.5	700
2025-03-14	13.5	13.5	13.5	13.5	100
2025-03-17	14.35	14.35	14.35	14.35	100
2025-03-19	14.3	14.3	13.7	13.7	2600
2025-03-20	13.5	13.5	13.5	13.5	300
2025-03-21	13.3	13.3	13.1	13.1	2500
2025-03-24	13.2	13.2	13.2	13.2	100
2025-03-26	13.25	13.25	13.25	13.25	600
2025-03-27	13.2	13.4	12.6	12.6	2900
2025-03-28	12.75	12.75	12.75	12.75	100
2025-03-31	12.85	12.85	12.85	12.85	400
2025-04-01	12.95	12.95	12.95	12.95	100
