time	open	high	low	close	volume
2016-01-07	9.3	9.3	9.3	9.3	5000
2016-01-08	9.3	9.3	9.1	9.1	5080
2016-01-11	9.1	9.2	9.1	9.2	179000
2016-01-12	9.2	9.2	9.2	9.2	6260
2016-01-13	9.2	9.2	9.2	9.2	10620
2016-01-14	9.2	9.2	9.0	9.1	31320
2016-01-15	9.0	9.0	9.0	9.0	12100
2016-01-18	8.8	8.8	8.6	8.7	87590
2016-01-19	8.8	8.8	8.7	8.7	2770
2016-01-20	8.8	8.8	8.8	8.8	790
2016-01-21	8.7	8.7	8.7	8.7	10000
2016-01-22	8.7	8.7	8.6	8.7	10460
2016-01-25	8.8	8.9	8.8	8.9	20380
2016-01-26	8.9	8.9	8.8	8.8	4210
2016-01-27	8.8	9.0	8.8	9.0	10050
2016-01-28	9.0	9.0	9.0	9.0	606640
2016-01-29	8.9	9.0	8.9	8.9	27740
2016-02-01	9.4	9.4	8.9	9.0	6310
2016-02-02	9.0	9.0	9.0	9.0	10
2016-02-03	8.8	8.8	8.8	8.8	22050
2016-02-04	8.9	8.9	8.9	8.9	120
2016-02-05	9.0	9.0	9.0	9.0	10
2016-02-15	8.9	8.9	8.8	8.9	310
2016-02-16	9.3	9.3	9.0	9.0	2500
2016-02-17	9.0	9.0	9.0	9.0	3000
2016-02-18	9.4	9.4	9.0	9.0	12900
2016-02-19	9.0	9.0	9.0	9.0	2340
2016-02-22	9.1	9.1	9.0	9.1	19590
2016-02-23	8.5	9.1	8.5	9.1	10860
2016-02-24	9.2	9.2	9.2	9.2	300
2016-02-25	9.2	9.2	9.2	9.2	4000
2016-02-26	9.2	9.2	9.2	9.2	74300
2016-02-29	9.2	9.2	9.2	9.2	7000
2016-03-01	9.2	9.2	9.1	9.2	7060
2016-03-02	9.2	9.2	9.2	9.2	2380
2016-03-03	9.2	9.3	9.2	9.3	420
2016-03-04	9.2	9.2	9.2	9.2	1010
2016-03-07	9.2	9.2	9.2	9.2	4010
2016-03-08	9.2	9.2	9.2	9.2	1880
2016-03-09	9.2	9.2	9.2	9.2	2000
2016-03-10	9.2	9.2	9.2	9.2	2000
2016-03-11	9.3	9.3	9.3	9.3	1000
2016-03-14	9.2	9.4	9.2	9.4	64440
2016-03-15	9.3	9.3	9.2	9.2	6300
2016-03-16	9.3	9.3	9.2	9.3	3950
2016-03-17	9.3	9.3	9.3	9.3	300
2016-03-18	9.3	9.3	9.3	9.3	11900
2016-03-21	9.4	9.4	9.3	9.3	2550
2016-03-22	9.3	9.3	9.3	9.3	3000
2016-03-23	9.3	9.3	9.3	9.3	40
2016-03-24	9.2	9.3	9.2	9.2	4040
2016-03-25	9.3	9.3	9.1	9.2	1090
2016-03-28	9.2	9.2	9.2	9.2	12000
2016-03-29	9.1	9.1	9.1	9.1	4000
2016-03-30	9.2	9.2	9.2	9.2	60
2016-03-31	9.2	9.2	9.1	9.1	3010
2016-04-01	9.1	9.1	9.1	9.1	400
2016-04-04	9.1	9.1	9.1	9.1	600
2016-04-05	9.0	9.0	9.0	9.0	4000
2016-04-06	9.2	9.2	9.2	9.2	10
2016-04-07	9.2	9.2	9.2	9.2	300
2016-04-08	9.3	9.3	9.3	9.3	102920
2016-04-11	9.3	9.3	9.3	9.3	2150
2016-04-12	9.3	9.3	9.3	9.3	3100
2016-04-13	9.3	9.3	9.3	9.3	3000
2016-04-14	9.4	9.4	9.4	9.4	2100
2016-04-15	9.4	9.4	9.4	9.4	20
2016-04-19	9.4	9.4	9.2	9.2	50410
2016-04-20	9.2	9.2	9.1	9.2	2550
2016-04-21	9.2	9.3	9.2	9.3	4010
2016-04-22	9.3	9.4	9.3	9.4	2230
2016-04-25	9.5	9.5	9.5	9.5	3570
2016-04-26	9.5	9.5	9.4	9.5	339300
2016-04-27	9.6	9.6	9.5	9.5	4000
2016-04-28	9.7	10.1	9.4	9.4	30590
2016-04-29	9.5	9.5	9.5	9.5	73820
2016-05-04	9.5	9.5	9.5	9.5	103800
2016-05-05	9.6	9.6	9.6	9.6	10
2016-05-06	9.6	9.6	9.6	9.6	653000
2016-05-09	9.5	9.7	9.5	9.6	406490
2016-05-10	9.6	9.6	9.5	9.5	820
2016-05-11	9.6	9.6	9.6	9.6	2500
2016-05-12	9.0	9.7	9.0	9.7	118510
2016-05-13	9.7	9.7	9.7	9.7	0
2016-05-16	9.7	9.7	9.6	9.7	1110
2016-05-17	9.8	9.8	9.7	9.8	105790
2016-05-18	9.9	9.9	9.9	9.9	135000
2016-05-19	9.9	9.9	9.9	9.9	9600
2016-05-20	9.9	9.9	9.8	9.9	10600
2016-05-23	9.8	9.8	9.8	9.8	26600
2016-05-24	9.8	9.8	9.7	9.7	200510
2016-05-25	9.9	9.9	9.9	9.9	1000
2016-05-26	9.7	9.7	9.7	9.7	107550
2016-05-27	9.6	9.7	9.6	9.7	2300
2016-05-30	9.7	9.8	9.7	9.8	570
2016-05-31	9.8	9.8	9.7	9.8	715000
2016-06-01	9.8	9.8	9.8	9.8	30450
2016-06-02	9.8	9.8	9.8	9.8	200600
2016-06-03	9.8	9.9	9.8	9.9	15810
2016-06-06	9.9	9.9	9.9	9.9	100000
2016-06-07	9.9	9.9	9.9	9.9	2000
2016-06-08	10.0	10.0	10.0	10.0	65810
2016-06-09	10.1	10.1	10.1	10.1	70530
2016-06-10	10.1	10.1	10.1	10.1	31890
2016-06-13	10.0	10.0	10.0	10.0	90000
2016-06-14	9.9	9.9	9.9	9.9	2200
2016-06-15	9.9	9.9	9.9	9.9	3000
2016-06-16	9.9	9.9	9.9	9.9	20
2016-06-17	9.9	9.9	9.8	9.8	112400
2016-06-20	9.9	9.9	9.9	9.9	43060
2016-06-21	10.0	10.0	9.9	9.9	115510
2016-06-22	9.9	9.9	9.9	9.9	230000
2016-06-23	9.9	9.9	9.9	9.9	500
2016-06-24	9.7	9.8	9.5	9.7	291710
2016-06-27	9.6	9.7	9.6	9.7	16360
2016-06-28	9.7	9.7	9.7	9.7	200
2016-06-29	9.8	9.9	9.8	9.8	900000
2016-06-30	9.9	9.9	9.9	9.9	80200
2016-07-01	10.0	10.1	10.0	10.1	30300
2016-07-04	10.0	10.0	10.0	10.0	13460
2016-07-05	10.1	10.1	10.1	10.1	132250
2016-07-06	10.1	10.1	10.1	10.1	580
2016-07-07	10.1	10.2	10.1	10.2	210300
2016-07-08	10.2	10.2	10.2	10.2	168300
2016-07-11	10.2	10.3	10.2	10.2	44990
2016-07-12	10.2	10.2	10.2	10.2	1000
2016-07-13	10.3	10.4	10.3	10.4	202080
2016-07-14	10.4	10.5	10.3	10.3	181810
2016-07-15	10.4	10.5	10.4	10.5	33450
2016-07-18	10.4	10.4	10.4	10.4	220
2016-07-19	10.5	10.5	10.5	10.5	1100
2016-07-20	10.5	10.5	10.4	10.5	40
2016-07-21	10.4	10.4	10.4	10.4	680
2016-07-22	10.2	10.2	10.2	10.2	20
2016-07-25	10.2	10.2	10.2	10.2	130
2016-07-26	10.2	10.2	10.2	10.2	0
2016-07-27	10.2	10.2	10.2	10.2	810
2016-07-28	10.3	10.3	10.3	10.3	1710
2016-07-29	10.3	10.3	10.3	10.3	0
2016-08-01	10.2	10.2	10.2	10.2	17200
2016-08-02	10.1	10.1	10.1	10.1	600
2016-08-03	10.0	10.0	9.9	10.0	10460
2016-08-04	10.0	10.0	10.0	10.0	650
2016-08-05	9.9	9.9	9.8	9.8	3900
2016-08-08	9.8	9.8	9.8	9.8	1300
2016-08-09	10.0	10.0	9.9	9.9	150
2016-08-10	10.0	10.0	10.0	10.0	110
2016-08-11	10.2	10.2	10.1	10.1	10360
2016-08-12	10.3	10.3	10.3	10.3	210
2016-08-15	10.2	10.2	10.2	10.2	29800
2016-08-16	10.3	10.3	10.3	10.3	200
2016-08-17	10.4	10.4	10.4	10.4	500
2016-08-18	10.4	10.4	10.4	10.4	19670
2016-08-19	10.4	10.4	10.4	10.4	300000
2016-08-22	10.4	10.4	10.4	10.4	18090
2016-08-23	10.4	10.4	10.4	10.4	200
2016-08-24	10.4	10.4	10.4	10.4	10030
2016-08-25	10.4	10.4	10.4	10.4	12800
2016-08-26	10.4	10.5	10.4	10.5	34170
2016-08-29	10.5	10.6	10.5	10.6	16000
2016-08-30	10.6	10.6	10.6	10.6	0
2016-08-31	10.6	10.6	10.6	10.6	10100
2016-09-01	10.6	10.6	10.6	10.6	0
2016-09-05	10.6	10.6	10.6	10.6	29100
2016-09-06	10.6	10.6	10.6	10.6	100
2016-09-07	10.6	10.6	10.5	10.5	630
2016-09-08	10.5	10.6	10.5	10.6	1050
2016-09-09	10.6	10.7	10.6	10.6	17400
2016-09-12	10.6	10.6	10.5	10.5	970
2016-09-13	10.5	10.5	10.5	10.5	0
2016-09-14	10.58	10.58	10.58	10.58	30
2016-09-15	10.6	10.6	10.46	10.46	100360
2016-09-16	10.46	10.46	10.46	10.46	0
2016-09-19	10.46	10.46	10.4	10.4	1500
2016-09-20	10.4	10.4	10.4	10.4	2000
2016-09-21	10.53	10.6	10.53	10.6	100000
2016-09-22	10.64	10.75	10.64	10.75	2240
2016-09-23	10.75	10.75	10.75	10.75	0
2016-09-26	10.77	10.79	10.77	10.79	3010
2016-09-27	10.75	10.75	10.72	10.72	400000
2016-09-28	10.78	10.88	10.78	10.88	35600
2016-09-29	10.89	10.89	10.84	10.84	3810
2016-09-30	10.84	10.86	10.84	10.86	150
2016-10-03	10.84	10.84	10.8	10.8	200
2016-10-04	10.72	10.74	10.7	10.7	47800
2016-10-05	10.69	10.7	10.69	10.7	370
2016-10-06	10.8	10.8	10.77	10.77	80420
2016-10-07	10.72	10.72	10.64	10.64	17470
2016-10-10	10.6	10.6	10.6	10.6	50
2016-10-11	10.43	10.56	10.43	10.56	55060
2016-10-12	10.56	10.56	10.56	10.56	0
2016-10-13	10.53	10.6	10.53	10.6	20100
2016-10-14	10.66	10.66	10.66	10.66	35000
2016-10-17	10.59	10.59	10.59	10.59	10050
2016-10-18	10.5	10.64	10.46	10.64	31000
2016-10-19	10.6	10.6	10.6	10.6	232000
2016-10-20	10.6	10.6	10.6	10.6	200910
2016-10-21	10.64	10.64	10.64	10.64	10
2016-10-24	10.64	10.64	10.64	10.64	0
2016-10-25	10.4	10.45	10.4	10.45	2900
2016-10-26	10.4	10.4	10.39	10.39	35000
2016-10-27	10.39	10.39	10.39	10.39	0
2016-10-28	10.39	10.39	10.39	10.39	0
2016-10-31	10.52	10.52	10.52	10.52	24050
2016-11-01	10.42	10.42	10.4	10.4	50000
2016-11-02	10.4	10.4	10.38	10.38	6820
2016-11-03	10.21	10.21	10.21	10.21	500000
2016-11-04	10.2	10.2	10.2	10.2	50
2016-11-07	10.3	10.3	10.3	10.3	750540
2016-11-08	10.4	10.4	10.4	10.4	750000
2016-11-09	10.23	10.3	10.2	10.2	553500
2016-11-10	10.2	10.31	10.2	10.31	170
2016-11-11	10.31	10.31	10.31	10.31	0
2016-11-14	10.32	10.32	10.31	10.31	6870
2016-11-15	10.25	10.31	10.25	10.31	390
2016-11-16	10.34	10.34	10.3	10.3	550430
2016-11-17	10.3	10.3	10.3	10.3	0
2016-11-18	10.3	10.3	10.3	10.3	0
2016-11-21	10.3	10.3	10.3	10.3	90
2016-11-22	10.3	10.39	10.3	10.3	163070
2016-11-23	10.3	10.3	10.3	10.3	0
2016-11-24	10.5	10.5	10.5	10.5	3740
2016-11-25	10.45	10.45	10.45	10.45	3600
2016-11-28	10.4	10.4	10.24	10.24	160
2016-11-29	10.22	10.24	10.15	10.18	26240
2016-11-30	10.15	10.15	10.12	10.13	700300
2016-12-01	10.26	10.26	10.26	10.26	10
2016-12-02	10.21	10.21	10.19	10.19	1550
2016-12-05	10.15	10.15	10.15	10.15	100
2016-12-06	10.1	10.1	9.99	9.99	890
2016-12-07	9.97	9.97	9.97	9.97	8700
2016-12-08	10.03	10.03	10.01	10.01	1050
2016-12-09	10.02	10.05	10.02	10.05	1000490
2016-12-12	9.98	9.98	9.98	9.98	200
2016-12-13	9.9	9.9	9.9	9.9	580
2016-12-14	9.85	9.85	9.85	9.85	8100
2016-12-15	9.9	9.9	9.9	9.9	100
2016-12-16	9.9	9.9	9.9	9.9	0
2016-12-19	10.06	10.11	10.06	10.11	8100
2016-12-20	10.06	10.06	10.05	10.05	8000
2016-12-21	10.0	10.05	10.0	10.05	10010
2016-12-22	10.04	10.04	10.04	10.04	49500
2016-12-23	9.97	10.0	9.97	10.0	1001100
2016-12-26	10.06	10.06	10.06	10.06	29910
2016-12-27	10.07	10.1	10.07	10.09	153950
2016-12-28	10.08	10.08	10.08	10.08	100
2016-12-29	10.12	10.12	10.12	10.12	10
2016-12-30	10.17	10.17	10.17	10.17	3600
2017-01-03	10.19	10.19	10.19	10.19	500
2017-01-04	10.27	10.29	10.25	10.25	12200
2017-01-05	10.29	10.29	10.29	10.29	5470
2017-01-06	10.3	10.38	10.3	10.35	1007580
2017-01-09	10.33	10.38	10.32	10.37	552450
2017-01-10	10.37	10.37	10.37	10.37	0
2017-01-11	10.43	10.43	10.43	10.43	25300
2017-01-12	10.43	10.43	10.43	10.43	550
2017-01-13	10.4	10.41	10.4	10.41	600
2017-01-16	10.34	10.34	10.34	10.34	1000
2017-01-17	10.34	10.34	10.34	10.34	500
2017-01-18	10.34	10.36	10.34	10.36	440
2017-01-19	10.36	10.36	10.36	10.36	0
2017-01-20	10.36	10.36	10.36	10.36	0
2017-01-23	10.36	10.36	10.36	10.36	0
2017-01-24	10.41	10.41	10.41	10.41	1000
2017-01-25	10.45	10.45	10.45	10.45	3600
2017-02-02	10.45	10.52	10.44	10.52	29380
2017-02-03	10.63	10.63	10.61	10.61	1010
2017-02-06	10.6	10.6	10.6	10.6	12240
2017-02-07	10.65	10.65	10.65	10.65	10100
2017-02-08	10.68	10.68	10.67	10.67	136100
2017-02-09	10.7	10.71	10.7	10.7	10100
2017-02-10	10.74	10.75	10.72	10.73	36000
2017-02-13	10.74	10.76	10.72	10.76	343000
2017-02-14	10.77	10.77	10.75	10.76	500130
2017-02-15	10.8	10.84	10.8	10.84	1100100
2017-02-16	10.9	11.0	10.9	10.9	2010
2017-02-17	10.88	10.91	10.88	10.89	113020
2017-02-20	10.8	10.8	10.8	10.8	80
2017-02-21	10.9	10.92	10.9	10.92	2810
2017-02-22	10.94	10.94	10.9	10.9	31690
2017-02-23	10.91	10.95	10.86	10.86	48590
2017-02-24	10.85	10.9	10.85	10.87	35860
2017-02-27	10.76	10.82	10.76	10.82	120
2017-02-28	10.82	10.82	10.82	10.82	0
2017-03-01	10.75	10.75	10.7	10.7	31590
2017-03-02	10.72	10.72	10.72	10.72	50
2017-03-03	10.71	10.71	10.69	10.69	3000
2017-03-06	10.69	10.79	10.69	10.74	16620
2017-03-07	10.79	10.79	10.74	10.75	1290
2017-03-08	10.78	10.79	10.78	10.79	14840
2017-03-09	10.83	10.83	10.83	10.83	36230
2017-03-10	10.87	10.9	10.86	10.86	31600
2017-03-13	10.86	10.86	10.84	10.86	31200
2017-03-14	10.84	10.89	10.84	10.89	550
2017-03-15	10.85	10.85	10.85	10.85	2000
2017-03-16	10.3	10.85	10.3	10.85	102520
2017-03-17	10.9	10.9	10.9	10.9	250
2017-03-20	10.93	11.03	10.93	11.0	1160
2017-03-21	10.31	11.06	10.31	11.03	2340
2017-03-22	11.03	11.13	11.03	11.08	6560
2017-03-23	11.8	11.8	11.1	11.18	37360
2017-03-24	11.27	11.32	11.27	11.32	1830
2017-03-27	11.31	11.31	11.29	11.29	840
2017-03-28	11.28	11.3	11.25	11.25	4700
2017-03-29	11.25	11.33	11.25	11.32	14900
2017-03-30	11.31	11.32	11.31	11.32	920
2017-03-31	11.33	11.33	11.28	11.3	830
2017-04-03	11.33	11.34	11.33	11.34	600
2017-04-04	11.41	11.42	11.37	11.37	20850
2017-04-05	11.36	11.36	11.36	11.36	11400
2017-04-07	11.33	11.33	11.29	11.29	22700
2017-04-10	11.29	11.41	11.29	11.4	31160
2017-04-11	11.39	11.39	11.39	11.39	85070
2017-04-12	11.4	11.4	11.37	11.38	23800
2017-04-13	11.3	11.34	11.3	11.34	10160
2017-04-14	11.3	11.3	11.14	11.14	4910
2017-04-17	11.15	11.15	11.0	11.0	29350
2017-04-18	11.0	11.0	10.96	10.96	31000
2017-04-19	11.05	11.08	11.05	11.08	11000
2017-04-20	11.1	11.1	11.04	11.04	110
2017-04-21	11.03	11.03	11.03	11.03	800
2017-04-24	10.99	10.99	10.95	10.95	6660
2017-04-25	11.71	11.71	10.92	10.92	1050500
2017-04-26	10.93	10.99	10.93	10.99	1032000
2017-04-27	11.06	11.14	11.06	11.14	125100
2017-04-28	11.1	11.15	11.1	11.14	71330
2017-05-03	11.09	11.18	11.08	11.18	99800
2017-05-04	11.21	11.21	11.21	11.21	49000
2017-05-05	11.23	11.23	11.23	11.23	3300
2017-05-08	11.2	11.2	11.19	11.19	39720
2017-05-09	11.15	11.24	11.15	11.24	71690
2017-05-10	11.3	11.35	11.27	11.35	1460
2017-05-11	12.0	12.0	11.25	11.32	79150
2017-05-12	11.32	11.33	11.3	11.3	3060
2017-05-15	11.34	11.37	11.34	11.37	37010
2017-05-16	11.35	11.42	11.35	11.41	38550
2017-05-17	11.32	11.38	11.3	11.38	66420
2017-05-18	11.38	11.4	11.37	11.4	69400
2017-05-19	11.46	11.46	11.39	11.46	41000
2017-05-22	11.5	11.63	11.5	11.6	420
2017-05-23	11.66	11.66	11.61	11.61	550
2017-05-24	11.6	11.78	11.6	11.78	34310
2017-05-25	11.8	11.82	11.7	11.7	5500
2017-05-26	11.77	11.77	11.77	11.77	4100
2017-05-29	11.85	11.85	11.8	11.85	6460
2017-05-30	11.85	11.85	11.83	11.83	1050
2017-05-31	11.7	11.7	11.61	11.61	3730
2017-06-01	11.77	11.79	11.77	11.79	14520
2017-06-02	11.82	11.82	11.78	11.78	11300
2017-06-05	11.83	11.84	11.83	11.84	1000
2017-06-06	11.87	11.91	11.87	11.91	39280
2017-06-07	12.08	12.1	12.08	12.1	49620
2017-06-08	12.1	12.1	12.04	12.04	49730
2017-06-09	12.5	12.5	12.12	12.13	41160
2017-06-12	12.16	12.17	12.09	12.09	43080
2017-06-13	12.09	12.14	12.09	12.14	34350
2017-06-14	12.22	12.26	12.22	12.24	110520
2017-06-15	12.26	12.26	12.26	12.26	1530
2017-06-16	12.3	12.3	12.3	12.3	26500
2017-06-19	12.5	12.5	12.36	12.37	17750
2017-06-20	12.45	12.46	12.45	12.46	705100
2017-06-21	12.44	12.44	12.35	12.37	5410
2017-06-22	12.45	12.46	12.45	12.45	57240
2017-06-23	12.47	12.47	12.37	12.37	210
2017-06-26	12.37	12.45	12.37	12.45	3040
2017-06-27	12.39	12.45	12.39	12.39	1710
2017-06-28	12.38	12.38	12.35	12.36	42140
2017-06-29	12.4	12.5	12.4	12.49	1547940
2017-06-30	12.54	12.56	12.54	12.56	80000
2017-07-03	12.7	12.7	12.52	12.63	1556250
2017-07-04	12.57	12.64	12.49	12.57	548260
2017-07-05	12.54	13.4	12.52	13.4	504730
2017-07-06	13.0	13.0	12.64	12.65	118370
2017-07-07	12.65	12.69	12.6	12.6	330020
2017-07-10	12.63	12.63	12.3	12.3	487680
2017-07-11	13.16	13.16	12.35	12.38	45180
2017-07-12	12.42	12.44	12.39	12.44	1541900
2017-07-13	12.4	12.44	12.38	12.44	18680
2017-07-14	12.51	12.51	12.47	12.47	10260
2017-07-17	12.37	12.37	12.25	12.27	81930
2017-07-18	12.26	12.26	12.02	12.02	40190
2017-07-19	12.13	12.14	12.13	12.14	20
2017-07-20	12.1	12.11	12.01	12.11	341200
2017-07-21	12.12	12.14	12.0	12.04	303600
2017-07-24	11.9	12.03	11.2	12.03	305190
2017-07-25	12.04	12.07	11.91	12.0	307280
2017-07-26	12.07	12.16	12.06	12.14	302800
2017-07-27	12.17	12.22	12.13	12.14	302950
2017-07-28	12.19	12.27	12.19	12.27	301810
2017-07-31	12.26	12.35	12.26	12.35	302400
2017-08-01	12.34	12.44	12.33	12.44	305200
2017-08-02	12.3	12.44	12.3	12.43	302150
2017-08-03	12.5	12.5	12.36	12.36	302110
2017-08-04	12.41	12.41	12.38	12.38	303850
2017-08-07	12.47	12.49	12.47	12.49	261000
2017-08-08	12.5	12.5	12.4	12.43	266770
2017-08-09	12.37	12.37	12.16	12.3	276870
2017-08-10	12.35	12.35	12.14	12.2	304570
2017-08-11	12.16	12.19	12.09	12.19	1068950
2017-08-14	12.2	12.25	12.19	12.25	303950
2017-08-15	12.35	12.35	12.22	12.22	304270
2017-08-16	12.2	12.27	12.18	12.27	304740
2017-08-17	12.28	12.31	12.22	12.22	305900
2017-08-18	11.4	12.22	11.4	12.22	306790
2017-08-21	12.22	12.22	12.17	12.18	218270
2017-08-22	12.21	12.23	12.17	12.17	1018540
2017-08-23	12.17	12.2	12.12	12.12	233330
2017-08-24	12.2	12.29	12.2	12.29	927940
2017-08-25	12.28	12.28	12.25	12.26	103500
2017-08-28	12.8	12.8	12.35	12.39	58490
2017-08-29	12.4	12.4	12.38	12.39	161410
2017-08-30	12.44	12.46	12.4	12.46	111120
2017-08-31	13.33	13.33	12.52	12.63	160140
2017-09-01	13.51	13.51	12.67	12.69	123980
2017-09-05	12.69	12.73	12.69	12.73	151260
2017-09-06	12.69	12.76	12.68	12.75	215230
2017-09-07	12.76	12.82	12.7	12.82	176900
2017-09-08	12.79	12.8	12.73	12.8	1564260
2017-09-11	12.81	12.91	12.81	12.82	8960
2017-09-12	12.8	12.81	12.76	12.81	7830
2017-09-13	12.88	12.88	12.82	12.82	1026550
2017-09-14	12.88	13.04	12.88	13.04	93110
2017-09-15	13.05	13.05	12.91	13.02	1025510
2017-09-18	13.03	13.07	13.02	13.06	14190
2017-09-19	13.08	13.12	13.03	13.12	533530
2017-09-20	13.04	13.04	12.93	13.04	61430
2017-09-21	13.5	13.5	12.94	12.96	47300
2017-09-22	13.06	13.06	12.93	12.95	267370
2017-09-25	12.9	13.03	12.9	13.0	239110
2017-09-26	13.0	13.03	12.95	13.0	213560
2017-09-27	13.0	13.02	12.9	12.95	203860
2017-09-28	12.96	13.06	12.96	13.06	707820
2017-09-29	12.98	13.18	12.98	13.0	1605080
2017-10-02	13.0	13.11	12.96	12.96	83650
2017-10-03	13.0	13.05	12.9	12.9	157340
2017-10-04	13.0	13.05	12.94	13.05	203720
2017-10-05	13.05	13.2	13.05	13.11	637030
2017-10-06	13.17	13.18	13.06	13.15	118650
2017-10-09	13.24	13.24	13.1	13.2	161220
2017-10-10	13.22	13.25	13.11	13.25	200590
2017-10-11	13.23	13.36	13.23	13.31	201600
2017-10-12	13.34	13.41	13.3	13.4	201830
2017-10-13	13.28	13.43	13.28	13.42	196540
2017-10-16	13.35	13.43	13.35	13.42	199970
2017-10-17	13.42	13.46	13.32	13.46	205400
2017-10-18	13.47	13.53	13.46	13.46	1512240
2017-10-19	13.45	13.54	13.45	13.48	27400
2017-10-20	13.48	13.56	13.4	13.4	204070
2017-10-23	13.4	13.42	13.32	13.35	207650
2017-10-24	13.34	13.42	13.3	13.41	2155840
2017-10-25	13.52	13.56	13.5	13.56	327390
2017-10-26	13.63	13.63	13.47	13.52	51000
2017-10-27	13.6	13.72	13.55	13.72	202430
2017-10-30	13.8	13.9	13.8	13.84	203380
2017-10-31	13.83	13.83	13.72	13.78	200360
2017-11-01	13.65	13.8	13.65	13.75	225040
2017-11-02	13.77	13.86	13.59	13.71	236700
2017-11-03	13.8	13.8	13.71	13.71	75490
2017-11-06	13.89	13.94	13.83	13.86	211490
2017-11-07	13.97	14.03	13.85	13.96	204190
2017-11-08	13.98	14.13	13.98	14.13	201450
2017-11-09	14.13	14.18	14.02	14.02	558280
2017-11-10	14.1	14.19	14.09	14.15	1060560
2017-11-13	14.15	14.29	14.08	14.22	3026020
2017-11-14	14.23	14.43	14.23	14.33	196240
2017-11-15	14.33	14.57	14.3	14.57	129930
2017-11-16	14.57	14.66	14.49	14.61	203570
2017-11-17	14.9	15.0	14.5	14.65	1768270
2017-11-20	14.68	14.86	14.52	14.82	75300
2017-11-21	14.89	15.21	14.89	15.06	300000
2017-11-22	15.08	15.25	15.04	15.25	324240
2017-11-23	15.32	15.49	15.2	15.3	440530
2017-11-24	15.3	15.33	15.03	15.31	187610
2017-11-27	15.31	15.41	15.2	15.3	186600
2017-11-28	15.32	15.42	15.25	15.34	193090
2017-11-29	15.34	15.49	15.34	15.49	210860
2017-11-30	15.67	15.72	15.64	15.64	201630
2017-12-01	15.6	15.73	15.57	15.73	1025620
2017-12-04	15.73	15.99	15.73	15.99	1110380
2017-12-05	15.99	15.99	15.65	15.65	308790
2017-12-06	15.64	15.64	15.22	15.28	288940
2017-12-07	15.28	15.56	15.28	15.42	151880
2017-12-08	15.4	15.47	15.25	15.43	215990
2017-12-11	15.4	15.4	15.21	15.33	222660
2017-12-12	15.31	15.39	15.0	15.28	241060
2017-12-13	15.3	15.3	15.05	15.13	2832190
2017-12-14	15.13	15.36	15.05	15.36	389310
2017-12-15	15.41	15.43	15.3	15.43	81850
2017-12-18	15.41	16.51	15.41	15.71	49510
2017-12-19	15.78	15.84	15.59	15.74	784640
2017-12-20	15.74	15.79	15.61	15.74	265790
2017-12-21	15.63	15.78	15.62	15.71	42500
2017-12-22	15.7	15.7	15.46	15.65	2500410
2017-12-25	15.69	15.73	15.57	15.73	56790
2017-12-26	15.73	15.85	15.7	15.85	437720
2017-12-27	15.81	15.9	15.8	15.86	142500
2017-12-28	15.85	16.04	15.85	16.04	78460
2017-12-29	16.05	16.22	15.99	16.18	157690
2018-01-02	16.1	16.41	16.1	16.41	113830
2018-01-03	16.45	16.76	16.43	16.65	210090
2018-01-04	17.0	17.0	16.65	16.75	186570
2018-01-05	16.75	16.8	16.6	16.71	2249140
2018-01-08	16.68	16.98	16.57	16.98	1424120
2018-01-09	17.0	17.16	16.9	17.16	323790
2018-01-10	17.16	17.28	17.0	17.09	168690
2018-01-11	17.05	17.35	17.03	17.35	1025720
2018-01-12	17.4	17.5	17.3	17.45	370240
2018-01-15	17.45	17.6	17.2	17.6	192300
2018-01-16	17.5	17.61	17.3	17.58	954650
2018-01-17	17.58	17.6	17.25	17.25	1315950
2018-01-18	16.7	17.25	16.7	17.25	992700
2018-01-19	17.41	17.6	17.35	17.55	651840
2018-01-22	17.55	17.85	17.55	17.85	327250
2018-01-23	17.85	17.85	17.85	17.85	0
2018-01-24	17.85	17.85	17.85	17.85	0
2018-01-25	18.5	18.5	17.9	18.5	678060
2018-01-26	18.3	18.3	17.85	18.15	528090
2018-01-29	18.25	18.35	18.0	18.01	317800
2018-01-30	17.9	18.07	17.85	18.0	102250
2018-01-31	18.0	18.25	17.95	18.0	233870
2018-02-01	18.0	18.0	17.6	17.8	307310
2018-02-02	17.75	17.9	17.6	17.9	196920
2018-02-05	17.5	17.58	16.9	16.91	433980
2018-02-06	16.0	16.6	15.73	16.44	284450
2018-02-07	17.0	17.1	16.8	16.94	357550
2018-02-08	16.9	16.91	16.65	16.65	375100
2018-02-09	16.0	16.4	15.68	16.35	282370
2018-02-12	16.65	17.0	16.55	17.0	115590
2018-02-13	17.1	17.33	17.1	17.33	178320
2018-02-21	17.33	17.75	17.33	17.67	307780
2018-02-22	17.67	17.67	17.4	17.45	194570
2018-02-23	17.45	17.9	17.45	17.9	74950
2018-02-26	18.1	18.3	18.0	18.0	367490
2018-02-27	18.2	18.2	17.9	18.0	80120
2018-02-28	17.8	18.15	17.8	18.0	162080
2018-03-01	17.9	18.24	17.9	18.15	159330
2018-03-02	17.7	18.24	17.7	18.24	123040
2018-03-05	18.25	18.29	17.9	17.9	189250
2018-03-06	18.0	18.0	17.7	17.9	88130
2018-03-07	17.9	18.15	17.7	17.7	192790
2018-03-08	18.0	18.1	17.91	18.1	177560
2018-03-09	18.25	18.3	18.15	18.17	157430
2018-03-12	18.0	18.3	18.0	18.0	1049710
2018-03-13	18.0	18.1	17.92	18.1	5630
2018-03-14	18.1	18.4	18.1	18.3	73070
2018-03-15	18.3	18.3	18.15	18.21	286810
2018-03-16	18.4	18.6	18.2	18.3	463930
2018-03-19	18.4	18.6	18.4	18.55	37670
2018-03-20	18.55	18.7	18.5	18.65	68220
2018-03-21	18.99	18.99	18.7	18.78	101940
2018-03-22	19.0	19.0	18.9	18.91	68610
2018-03-23	18.0	18.7	18.0	18.7	205930
2018-03-26	18.5	18.8	18.5	18.76	93490
2018-03-27	18.9	19.06	18.9	18.95	130620
2018-03-28	18.9	18.95	18.7	18.9	257010
2018-03-29	19.0	19.0	18.75	18.75	254090
2018-03-30	18.8	18.9	18.7	18.88	178590
2018-04-02	19.05	19.25	18.9	19.1	236210
2018-04-03	19.19	19.19	18.9	18.96	388470
2018-04-04	19.0	19.25	19.0	19.1	257290
2018-04-05	19.15	19.2	19.05	19.2	310570
2018-04-06	19.2	19.2	19.0	19.0	179710
2018-04-09	19.3	19.35	19.16	19.3	83140
2018-04-10	19.25	19.3	19.0	19.05	110930
2018-04-11	19.2	19.25	18.7	18.7	48860
2018-04-12	18.5	18.72	18.3	18.72	155430
2018-04-13	19.0	19.0	18.5	18.6	119840
2018-04-16	18.6	18.6	18.25	18.5	48340
2018-04-17	18.5	18.6	18.3	18.55	71310
2018-04-18	18.55	18.55	18.25	18.3	268840
2018-04-19	18.3	18.3	17.65	18.2	798820
2018-04-20	17.7	17.8	17.4	17.8	252540
2018-04-23	18.0	18.0	17.4	17.4	94140
2018-04-24	17.1	17.4	16.8	17.3	98030
2018-04-26	17.3	17.3	16.5	16.7	224460
2018-04-27	16.68	17.0	16.5	16.6	675140
2018-05-02	16.6	17.0	16.4	16.4	202090
2018-05-03	16.4	16.49	16.09	16.49	97690
2018-05-04	16.49	16.7	16.49	16.52	48200
2018-05-07	16.52	17.2	16.52	17.2	91470
2018-05-08	17.2	17.3	17.1	17.17	88910
2018-05-09	17.0	17.35	16.9	17.1	79870
2018-05-10	17.1	17.2	16.75	17.0	1071330
2018-05-11	16.5	16.85	16.48	16.8	240060
2018-05-14	17.05	17.3	16.9	17.29	114420
2018-05-15	17.34	17.55	17.29	17.3	107490
2018-05-16	17.3	17.3	16.9	16.99	160750
2018-05-17	16.99	17.0	16.65	16.65	402070
2018-05-18	16.65	16.7	16.31	16.7	317580
2018-05-21	17.0	17.0	16.4	16.4	179210
2018-05-22	16.3	16.3	15.6	15.63	436920
2018-05-23	15.63	15.9	15.45	15.9	254150
2018-05-24	15.98	15.98	15.58	15.6	207990
2018-05-25	15.6	15.8	15.4	15.4	27520
2018-05-28	15.4	15.4	14.75	14.8	1097480
2018-05-29	14.8	15.33	14.52	15.1	98090
2018-05-30	15.01	15.1	14.84	15.0	97210
2018-05-31	15.45	15.8	15.01	15.8	142950
2018-06-01	15.8	16.04	15.54	16.04	76840
2018-06-04	16.1	16.34	16.0	16.34	82960
2018-06-05	16.34	16.56	16.34	16.45	1197860
2018-06-06	16.45	16.73	16.35	16.73	189190
2018-06-07	16.85	17.0	16.8	16.8	195240
2018-06-08	16.8	16.85	16.72	16.78	652820
2018-06-11	16.78	16.88	16.72	16.86	355940
2018-06-12	16.8	16.85	16.2	16.6	288540
2018-06-13	17.05	17.05	16.5	16.75	57650
2018-06-14	16.65	16.7	16.31	16.31	114420
2018-06-15	16.35	16.54	16.35	16.54	7250
2018-06-18	16.0	16.51	16.0	16.0	255890
2018-06-19	15.0	15.65	15.0	15.11	562910
2018-06-20	16.0	16.0	15.35	16.0	111860
2018-06-21	16.0	16.0	15.55	15.56	10580
2018-06-22	15.5	15.99	15.5	15.99	331650
2018-06-25	16.1	16.2	16.06	16.14	23210
2018-06-26	16.0	16.0	15.81	15.93	28090
2018-06-27	16.0	16.07	15.8	15.8	19000
2018-06-28	15.66	15.75	15.49	15.49	165350
2018-06-29	15.49	15.89	15.48	15.89	43520
2018-07-02	16.19	16.19	15.11	15.33	164140
2018-07-03	15.11	15.29	14.79	14.8	396500
2018-07-04	14.5	14.99	14.5	14.99	514800
2018-07-05	15.0	15.0	14.5	14.52	101590
2018-07-06	14.8	14.97	14.4	14.9	52940
2018-07-09	15.09	15.1	14.82	14.82	12940
2018-07-10	14.9	15.0	14.82	14.82	45130
2018-07-11	14.75	14.75	14.29	14.46	75830
2018-07-12	14.46	14.65	14.33	14.51	716620
2018-07-13	14.41	14.85	14.41	14.85	38350
2018-07-16	14.97	14.97	14.8	14.9	60480
2018-07-17	14.9	14.95	14.61	14.95	8800
2018-07-18	15.05	15.4	15.05	15.4	10210
2018-07-19	15.5	15.52	15.25	15.41	5480
2018-07-20	14.7	15.53	14.7	15.53	2890
2018-07-23	15.8	15.8	15.53	15.6	142950
2018-07-24	15.6	15.6	15.14	15.2	11050
2018-07-25	15.6	15.6	15.16	15.16	27880
2018-07-26	15.06	15.07	14.9	15.01	118830
2018-07-27	15.0	15.25	15.0	15.21	5820
2018-07-30	15.4	15.41	15.34	15.41	30430
2018-07-31	15.41	15.57	15.36	15.55	16160
2018-08-01	15.55	15.55	15.38	15.55	56080
2018-08-02	15.36	15.4	15.16	15.4	9520
2018-08-03	15.4	15.6	15.4	15.48	12170
2018-08-06	15.48	15.48	15.4	15.4	39900
2018-08-07	15.85	15.85	15.36	15.4	10630
2018-08-08	15.4	15.55	15.4	15.55	107120
2018-08-09	15.48	15.66	15.48	15.55	153440
2018-08-10	15.5	15.55	15.41	15.55	29070
2018-08-13	15.55	15.85	15.5	15.85	24430
2018-08-14	15.85	15.88	15.75	15.84	101150
2018-08-15	16.0	16.0	15.6	15.6	32990
2018-08-16	15.45	15.55	15.35	15.55	242850
2018-08-17	15.7	15.72	15.63	15.68	53230
2018-08-20	15.64	15.65	15.45	15.45	7600
2018-08-21	15.57	15.66	15.54	15.65	100010
2018-08-22	15.78	15.82	15.75	15.75	35200
2018-08-23	15.75	15.84	15.75	15.82	54970
2018-08-24	15.82	15.82	15.73	15.81	34370
2018-08-27	15.85	15.94	15.85	15.9	117360
2018-08-28	15.92	15.99	15.91	15.99	239980
2018-08-29	16.0	16.0	15.86	15.98	425650
2018-08-30	15.86	15.98	15.81	15.98	1158720
2018-08-31	16.0	16.1	15.94	15.95	1134750
2018-09-04	15.95	16.4	15.73	15.8	299430
2018-09-05	15.8	15.8	15.48	15.5	208450
2018-09-06	15.4	15.55	15.37	15.4	283220
2018-09-07	15.4	15.56	15.39	15.56	256180
2018-09-10	15.65	15.65	15.5	15.5	89710
2018-09-11	15.54	15.78	15.54	15.78	185830
2018-09-12	15.8	15.94	15.8	15.85	66690
2018-09-13	15.82	15.84	15.71	15.71	351200
2018-09-14	15.85	16.1	15.81	16.1	161810
2018-09-17	15.7	15.83	15.7	15.7	282340
2018-09-18	15.7	15.75	15.6	15.75	152620
2018-09-19	15.55	15.94	15.55	15.9	63430
2018-09-20	15.9	16.0	15.89	15.96	674470
2018-09-21	15.96	16.9	15.96	16.2	153680
2018-09-24	16.25	16.25	16.18	16.21	276120
2018-09-25	16.25	16.28	16.16	16.22	123480
2018-09-26	16.22	16.29	16.19	16.24	417470
2018-09-27	16.24	16.32	16.22	16.29	346250
2018-09-28	16.28	16.41	16.28	16.37	525990
2018-10-01	16.47	16.49	16.32	16.45	921640
2018-10-02	16.3	16.35	16.24	16.3	660300
2018-10-03	16.3	16.35	16.24	16.35	634990
2018-10-04	16.35	16.36	16.31	16.31	330450
2018-10-05	16.31	16.33	15.69	16.13	2263000
2018-10-08	16.15	16.15	15.97	16.0	1396880
2018-10-09	15.9	16.25	15.9	15.96	249470
2018-10-10	15.96	16.0	15.89	15.91	1500680
2018-10-11	15.0	15.85	15.0	15.15	1549030
2018-10-12	14.8	15.59	14.8	15.59	1305300
2018-10-15	15.99	15.99	15.21	15.21	701750
2018-10-16	15.35	15.43	15.32	15.43	225520
2018-10-17	15.74	15.74	15.55	15.58	22810
2018-10-18	15.55	15.58	15.48	15.48	182750
2018-10-19	15.36	15.4	15.17	15.4	540350
2018-10-22	15.35	15.46	15.3	15.3	70970
2018-10-23	15.28	15.28	14.75	15.02	1335860
2018-10-24	14.9	15.8	14.7	14.7	218190
2018-10-25	14.0	14.64	14.0	14.6	235570
2018-10-26	14.85	14.85	14.36	14.52	351230
2018-10-29	14.52	14.52	14.3	14.42	213360
2018-10-30	14.4	14.52	14.4	14.42	40560
2018-10-31	15.1	15.1	14.53	15.02	356880
2018-11-01	15.05	15.05	14.57	14.57	134880
2018-11-02	14.8	15.02	14.72	15.02	735640
2018-11-05	15.02	15.02	14.78	15.02	411790
2018-11-06	14.96	14.97	14.87	14.88	29940
2018-11-07	15.0	15.0	14.75	14.8	234310
2018-11-08	15.02	15.02	14.85	14.85	223120
2018-11-09	14.85	14.9	14.6	14.6	62410
2018-11-12	14.6	14.65	14.48	14.6	555940
2018-11-13	14.6	14.6	14.4	14.47	336030
2018-11-14	14.8	14.8	14.35	14.36	165420
2018-11-15	14.36	14.41	14.17	14.17	747320
2018-11-16	14.3	14.41	14.26	14.41	38230
2018-11-19	14.45	14.93	14.43	14.93	72460
2018-11-20	14.8	14.8	14.64	14.7	75950
2018-11-21	14.7	14.8	14.5	14.8	425500
2018-11-22	14.9	14.9	14.65	14.81	205750
2018-11-23	14.78	14.84	14.6	14.6	512110
2018-11-26	14.5	14.74	14.5	14.71	1402490
2018-11-27	14.79	14.91	14.73	14.75	42700
2018-11-28	14.8	14.82	14.75	14.78	309380
2018-11-29	14.78	14.97	14.78	14.78	72190
2018-11-30	14.8	14.83	14.7	14.72	329170
2018-12-03	14.8	15.18	14.8	15.18	200480
2018-12-04	15.2	15.5	15.19	15.5	33640
2018-12-05	15.3	15.32	15.1	15.27	107790
2018-12-06	15.27	15.3	15.07	15.14	488360
2018-12-07	15.28	15.5	15.28	15.3	3854120
2018-12-10	15.4	15.4	15.2	15.2	4823000
2018-12-11	15.3	15.7	15.11	15.15	5481320
2018-12-12	15.21	15.35	15.21	15.35	5964330
2018-12-13	15.45	15.45	15.3	15.45	1913930
2018-12-14	15.49	15.49	14.8	15.34	201890
2018-12-17	15.34	15.34	14.8	14.8	355940
2018-12-18	14.51	14.73	14.51	14.57	1115100
2018-12-19	14.65	14.66	14.46	14.55	671170
2018-12-20	14.47	15.46	14.45	14.53	980700
2018-12-21	14.53	14.53	14.3	14.5	515700
2018-12-24	14.69	14.69	14.4	14.4	53440
2018-12-25	14.4	14.4	14.0	14.13	124900
2018-12-26	14.25	14.29	14.1	14.1	1358180
2018-12-27	14.1	14.4	14.1	14.32	679800
2018-12-28	14.3	14.31	14.0	14.31	44520
2019-01-02	14.3	14.33	14.06	14.1	566440
2019-01-03	14.0	14.07	13.76	13.93	1474710
2019-01-04	13.6	13.92	13.57	13.92	1050810
2019-01-07	14.0	14.15	13.96	13.98	1698490
2019-01-08	14.5	14.5	13.88	14.1	914990
2019-01-09	14.0	14.6	14.0	14.0	357160
2019-01-10	14.0	14.2	14.0	14.2	319410
2019-01-11	14.1	14.23	14.1	14.17	410790
2019-01-14	14.23	14.23	14.1	14.15	43670
2019-01-15	14.18	14.25	14.15	14.25	668610
2019-01-16	14.27	14.29	14.23	14.26	211100
2019-01-17	14.23	14.25	14.04	14.04	1014300
2019-01-18	14.04	14.15	14.04	14.05	825380
2019-01-21	14.19	14.39	14.1	14.39	248820
2019-01-22	14.25	14.27	14.2	14.2	45330
2019-01-23	14.2	14.29	14.14	14.28	316090
2019-01-24	14.28	14.28	14.25	14.27	210030
2019-01-25	14.3	14.34	14.2	14.2	147050
2019-01-28	14.2	14.37	14.2	14.31	211520
2019-01-29	14.31	14.5	14.26	14.5	589950
2019-01-30	14.9	14.9	14.33	14.42	43830
2019-01-31	14.41	14.69	14.26	14.26	275770
2019-02-01	14.27	14.3	14.2	14.2	347260
2019-02-11	14.5	14.69	14.3	14.69	41430
2019-02-12	14.7	14.84	14.6	14.8	53790
2019-02-13	14.85	14.95	14.63	14.9	46930
2019-02-14	15.0	15.0	14.85	14.95	1361040
2019-02-15	14.95	14.95	14.8	14.9	968070
2019-02-18	14.9	14.94	14.88	14.94	556170
2019-02-19	15.02	15.1	15.02	15.02	62500
2019-02-20	15.0	15.19	15.0	15.15	1579210
2019-02-21	15.19	15.22	15.04	15.18	233770
2019-02-22	15.25	15.46	14.93	15.4	1071230
2019-02-25	15.4	15.6	15.4	15.55	481560
2019-02-26	15.5	15.56	15.25	15.37	102470
2019-02-27	15.4	15.49	15.33	15.44	95180
2019-02-28	15.99	15.99	15.0	15.0	98050
2019-03-01	15.0	15.25	15.0	15.2	426010
2019-03-04	15.28	15.4	15.2	15.39	906110
2019-03-05	15.44	15.44	15.22	15.3	700230
2019-03-06	15.1	15.39	15.1	15.3	193700
2019-03-07	15.3	15.41	15.3	15.4	592610
2019-03-08	15.4	15.4	15.12	15.22	1588510
2019-03-11	15.2	15.2	15.08	15.2	241630
2019-03-12	15.3	15.3	15.23	15.3	515580
2019-03-13	15.35	15.51	15.35	15.46	443660
2019-03-14	15.55	15.55	15.4	15.47	288870
2019-03-15	15.48	15.5	15.3	15.35	1586970
2019-03-18	15.4	15.46	15.39	15.41	1591850
2019-03-19	15.5	15.5	15.3	15.3	281980
2019-03-20	15.34	15.34	15.15	15.24	1005180
2019-03-21	15.4	15.4	15.11	15.11	625180
2019-03-22	15.11	15.4	15.01	15.4	1692150
2019-03-25	14.4	15.0	14.4	14.73	1400630
2019-03-26	14.73	15.0	14.73	15.0	1153400
2019-03-27	15.0	15.0	14.8	14.86	1603520
2019-03-28	15.0	15.0	14.84	14.89	718390
2019-03-29	14.96	14.97	14.7	14.7	325980
2019-04-01	14.7	15.0	14.7	14.94	542080
2019-04-02	14.94	15.1	14.5	14.97	126490
2019-04-03	14.89	15.0	14.84	15.0	1136820
2019-04-04	14.9	14.98	14.86	14.95	320570
2019-04-05	14.95	14.99	14.93	14.98	92260
2019-04-08	15.45	15.45	14.93	15.0	53270
2019-04-09	15.13	15.13	14.9	14.9	104010
2019-04-10	14.9	14.9	14.67	14.8	207730
2019-04-11	14.8	14.83	14.76	14.81	1071860
2019-04-12	14.8	14.81	14.75	14.81	233770
2019-04-16	14.75	14.75	14.52	14.68	1273020
2019-04-17	14.6	14.76	14.6	14.75	1240160
2019-04-18	14.68	14.69	14.52	14.61	543370
2019-04-19	14.61	14.65	14.55	14.65	220320
2019-04-22	14.38	14.57	14.38	14.57	471730
2019-04-23	14.53	14.61	14.51	14.52	81880
2019-04-24	14.6	14.8	14.6	14.8	99530
2019-04-25	14.75	14.75	14.62	14.63	1115080
2019-04-26	14.63	14.72	14.63	14.72	413520
2019-05-02	14.72	14.77	14.71	14.72	218710
2019-05-03	14.9	14.9	14.73	14.9	842140
2019-05-06	14.8	14.8	14.51	14.52	117320
2019-05-07	14.52	14.66	14.5	14.5	302890
2019-05-08	14.5	14.51	14.38	14.46	967950
2019-05-09	14.7	14.7	14.41	14.46	495250
2019-05-10	14.5	14.53	14.46	14.46	186470
2019-05-13	14.56	14.7	14.5	14.5	512620
2019-05-14	14.46	14.57	14.46	14.56	1678330
2019-05-15	14.58	14.78	14.58	14.77	1911940
2019-05-16	14.77	14.84	14.76	14.82	1256260
2019-05-17	14.82	14.82	14.75	14.77	325050
2019-05-20	14.75	14.94	14.72	14.94	821380
2019-05-21	14.9	15.03	14.9	14.98	664510
2019-05-22	14.97	15.01	14.8	14.8	1177340
2019-05-23	14.84	14.9	14.8	14.84	668060
2019-05-24	14.84	14.9	14.69	14.79	1925740
2019-05-27	14.82	14.82	14.67	14.75	306240
2019-05-28	14.75	14.81	14.65	14.81	430640
2019-05-29	14.81	14.81	14.64	14.7	247960
2019-05-30	14.65	14.78	14.62	14.78	10380
2019-05-31	14.75	14.75	14.55	14.55	97070
2019-06-03	14.55	14.55	14.1	14.1	482740
2019-06-04	14.4	14.4	14.27	14.39	2022320
2019-06-05	14.5	14.5	14.36	14.37	625900
2019-06-06	14.37	14.37	14.18	14.21	1227250
2019-06-07	14.49	14.49	14.3	14.38	486500
2019-06-10	14.6	14.6	14.32	14.32	649830
2019-06-11	14.6	14.6	14.43	14.49	457800
2019-06-12	14.54	14.54	14.3	14.3	195340
2019-06-13	14.3	14.36	14.27	14.3	209960
2019-06-14	14.26	14.5	14.26	14.5	303650
2019-06-17	14.29	14.32	14.15	14.19	459940
2019-06-18	14.2	14.5	13.72	14.05	744180
2019-06-19	14.4	14.4	14.14	14.2	614080
2019-06-20	14.06	14.41	14.06	14.4	296770
2019-06-21	14.4	14.45	14.37	14.41	232300
2019-06-24	14.45	14.52	14.41	14.45	1320080
2019-06-25	14.49	14.49	14.41	14.42	1210580
2019-06-26	14.41	14.45	14.34	14.34	374640
2019-06-27	14.3	14.4	14.22	14.22	761060
2019-06-28	14.2	14.25	14.0	14.21	2347750
2019-07-01	14.45	14.55	14.41	14.55	1165130
2019-07-02	14.52	14.55	14.45	14.55	1034630
2019-07-03	14.65	14.65	14.35	14.35	1166500
2019-07-04	14.5	14.59	14.48	14.59	1320260
2019-07-05	14.59	14.61	14.56	14.6	649600
2019-07-08	14.59	14.59	14.41	14.51	1078340
2019-07-09	14.5	14.5	14.39	14.42	260350
2019-07-10	14.54	14.59	14.54	14.56	1801640
2019-07-11	14.56	14.6	14.56	14.6	253770
2019-07-12	14.7	14.7	14.55	14.55	85720
2019-07-15	14.5	14.6	14.48	14.48	110890
2019-07-16	14.56	14.62	14.48	14.56	31480
2019-07-17	14.6	14.64	14.57	14.57	457360
2019-07-18	14.58	14.58	14.48	14.49	101000
2019-07-19	14.45	14.62	14.45	14.57	261260
2019-07-22	14.59	14.65	14.59	14.59	224260
2019-07-23	14.59	14.68	14.59	14.68	422850
2019-07-24	14.7	14.8	14.69	14.73	629550
2019-07-25	14.68	14.79	14.67	14.79	974980
2019-07-26	14.78	14.79	14.73	14.75	152940
2019-07-29	14.75	14.75	14.63	14.73	129370
2019-07-30	14.73	14.79	14.64	14.64	458570
2019-07-31	14.55	14.71	14.52	14.71	183160
2019-08-01	14.61	14.7	14.61	14.68	354450
2019-08-02	14.67	14.68	14.55	14.66	601860
2019-08-05	14.64	14.67	14.5	14.5	1169220
2019-08-06	14.25	14.37	14.24	14.3	663310
2019-08-07	14.45	14.45	14.32	14.37	439000
2019-08-08	14.5	14.51	14.37	14.5	974700
2019-08-09	14.6	14.6	14.49	14.56	372720
2019-08-12	14.55	14.66	14.55	14.62	2156290
2019-08-13	14.62	14.7	14.53	14.58	780620
2019-08-14	14.75	14.75	14.62	14.62	710920
2019-08-15	14.4	14.72	14.4	14.72	266520
2019-08-16	14.7	15.0	14.7	14.86	1350370
2019-08-19	14.9	14.9	14.83	14.85	818580
2019-08-20	14.82	14.89	14.82	14.85	454040
2019-08-21	14.85	14.96	14.81	14.94	163950
2019-08-22	14.94	15.0	14.94	14.97	523270
2019-08-23	14.94	14.95	14.92	14.95	85270
2019-08-26	14.8	14.85	13.91	14.85	215730
2019-08-27	14.85	14.92	14.7	14.7	803210
2019-08-28	14.82	14.82	14.7	14.7	22120
2019-08-29	14.7	14.73	14.68	14.73	87430
2019-08-30	14.8	14.88	14.8	14.88	82050
2019-09-03	14.81	14.88	14.76	14.78	649900
2019-09-04	14.78	14.79	14.7	14.75	1003610
2019-09-05	14.81	14.81	14.73	14.73	458430
2019-09-06	14.79	14.79	14.72	14.75	289790
2019-09-09	14.74	14.74	14.7	14.7	17390
2019-09-10	14.76	14.76	14.67	14.69	282020
2019-09-11	14.69	14.7	14.62	14.7	174650
2019-09-12	14.71	14.81	14.71	14.81	344750
2019-09-13	14.85	14.99	14.84	14.9	1231060
2019-09-16	15.0	15.11	15.0	15.06	595800
2019-09-17	15.06	15.2	15.06	15.12	811300
2019-09-18	15.12	15.2	15.12	15.15	1379880
2019-09-19	15.15	15.23	15.12	15.21	1339300
2019-09-20	15.28	15.3	15.22	15.26	737010
2019-09-23	15.26	15.28	15.22	15.22	450870
2019-09-24	15.3	15.3	15.11	15.16	153390
2019-09-25	15.16	15.19	15.1	15.16	220070
2019-09-26	15.3	15.5	15.16	15.2	323040
2019-09-27	15.27	15.4	15.25	15.4	1342050
2019-09-30	15.4	15.47	15.36	15.46	559390
2019-10-01	15.46	15.5	15.33	15.5	267380
2019-10-02	15.4	15.5	15.28	15.28	813050
2019-10-03	15.26	15.4	15.19	15.4	134570
2019-10-04	15.36	15.36	15.22	15.22	773940
2019-10-07	15.22	15.3	15.0	15.3	191440
2019-10-08	15.16	15.21	15.11	15.2	284860
2019-10-09	15.3	15.3	15.2	15.23	474650
2019-10-10	15.26	15.27	15.2	15.23	506680
2019-10-11	15.1	15.3	15.1	15.3	194580
2019-10-14	15.3	15.5	15.3	15.5	199320
2019-10-15	15.36	15.4	15.33	15.4	550720
2019-10-16	15.41	16.23	15.35	15.4	471420
2019-10-17	15.4	15.4	15.29	15.29	1205170
2019-10-18	15.29	15.35	15.27	15.3	716490
2019-10-21	15.32	15.32	15.22	15.26	585720
2019-10-22	15.26	15.26	15.2	15.23	232640
2019-10-23	15.23	15.3	15.23	15.3	373310
2019-10-24	15.3	15.35	15.29	15.35	317440
2019-10-25	15.35	15.4	15.35	15.4	56170
2019-10-28	15.4	15.46	15.4	15.45	198460
2019-10-29	15.45	15.45	15.39	15.41	410070
2019-10-30	15.41	15.5	15.36	15.5	802250
2019-10-31	15.5	15.5	15.33	15.38	345970
2019-11-01	15.4	15.53	15.37	15.5	840920
2019-11-04	15.6	15.63	15.52	15.62	1392790
2019-11-05	15.62	15.69	15.62	15.67	797500
2019-11-06	15.66	15.75	15.66	15.72	1633730
2019-11-07	15.72	15.75	15.66	15.73	491800
2019-11-08	15.75	15.77	15.7	15.7	1056710
2019-11-11	16.0	16.0	15.62	15.67	1606220
2019-11-12	16.0	16.0	15.61	15.65	1609120
2019-11-13	15.65	15.65	15.5	15.5	461180
2019-11-14	15.55	15.58	15.4	15.45	1396550
2019-11-15	15.42	15.48	15.38	15.43	337910
2019-11-18	15.43	15.46	15.33	15.33	227040
2019-11-19	15.35	15.41	15.31	15.4	312200
2019-11-20	15.45	15.61	15.28	15.3	366880
2019-11-21	15.2	15.24	15.0	15.0	761620
2019-11-22	15.09	15.09	14.8	14.87	1282150
2019-11-25	14.86	14.93	14.77	14.91	696490
2019-11-26	14.91	15.0	14.91	14.98	539550
2019-11-27	14.98	15.49	14.9	14.9	1099330
2019-11-28	14.95	14.95	14.72	14.74	825820
2019-11-29	14.74	14.79	14.7	14.75	313390
2019-12-02	14.75	14.78	14.58	14.65	575360
2019-12-03	14.6	14.62	14.43	14.5	869000
2019-12-04	14.5	14.75	14.42	14.75	276910
2019-12-05	14.8	14.8	14.64	14.64	29350
2019-12-06	14.61	14.68	14.59	14.67	269090
2019-12-09	14.7	14.7	14.58	14.66	317720
2019-12-10	14.7	14.7	14.49	14.52	467070
2019-12-11	14.55	14.8	14.46	14.8	342210
2019-12-12	14.8	14.8	14.66	14.73	25660
2019-12-13	14.75	14.8	14.69	14.8	1145330
2019-12-16	14.65	14.66	14.54	14.56	857760
2019-12-17	14.56	14.6	14.45	14.48	1540000
2019-12-18	14.48	14.48	14.32	14.35	1783320
2019-12-19	14.35	14.43	14.29	14.3	2325680
2019-12-20	14.3	14.45	14.3	14.36	663400
2019-12-23	14.36	14.51	14.36	14.44	1420470
2019-12-24	14.42	14.75	14.38	14.5	1662090
2019-12-25	14.5	14.55	14.47	14.5	30220
2019-12-26	14.5	14.58	14.49	14.5	167930
2019-12-27	14.45	14.61	14.44	14.61	1118830
2019-12-30	14.66	14.66	14.57	14.66	406520
2019-12-31	14.7	14.79	14.58	14.76	247060
2020-01-02	14.76	14.78	14.6	14.78	718680
2020-01-03	14.78	14.82	14.7	14.7	574920
2020-01-06	14.6	14.7	14.57	14.6	1353170
2020-01-07	14.55	14.61	14.51	14.58	929850
2020-01-08	14.55	14.55	14.34	14.43	961020
2020-01-09	14.51	14.61	14.51	14.6	29710
2020-01-10	14.68	14.77	14.64	14.72	381940
2020-01-13	14.72	15.75	14.66	14.7	383600
2020-01-14	14.72	14.75	14.67	14.74	690850
2020-01-15	14.72	14.74	14.7	14.73	635650
2020-01-16	14.73	14.85	14.73	14.85	236500
2020-01-17	14.85	14.92	14.84	14.91	251680
2020-01-20	14.91	14.92	14.85	14.92	582930
2020-01-21	14.96	15.8	14.95	15.8	802230
2020-01-22	15.0	15.7	15.0	15.1	332530
2020-01-30	15.1	15.1	14.54	14.6	1942860
2020-01-31	14.45	14.77	14.15	14.15	1625870
2020-02-03	13.59	14.12	13.37	13.97	1785670
2020-02-04	14.1	14.93	13.91	14.04	2468510
2020-02-05	14.0	14.8	14.0	14.0	1320020
2020-02-06	14.1	14.35	14.05	14.35	915900
2020-02-07	14.4	14.6	14.27	14.4	1395780
2020-02-10	14.3	14.33	14.12	14.25	1044420
2020-02-11	14.25	14.29	14.2	14.26	1337680
2020-02-12	14.29	14.46	14.29	14.46	1540550
2020-02-13	14.4	14.68	14.29	14.68	1173370
2020-02-14	14.43	14.43	14.38	14.43	743840
2020-02-17	14.4	14.41	14.34	14.39	560050
2020-02-18	14.8	14.8	14.3	14.35	1381830
2020-02-19	14.3	14.38	14.3	14.31	597630
2020-02-20	14.6	14.6	14.39	14.4	486860
2020-02-21	14.4	14.56	14.4	14.43	1517360
2020-02-24	14.2	14.2	13.92	14.11	564000
2020-02-25	13.91	14.09	13.85	14.09	1062540
2020-02-26	13.95	14.11	13.95	14.05	419330
2020-02-27	14.03	14.12	13.92	14.12	1153740
2020-02-28	14.0	14.0	13.7	13.86	1474530
2020-03-02	13.8	13.99	13.79	13.99	1406800
2020-03-03	14.03	14.1	13.95	14.08	661360
2020-03-04	13.95	13.97	13.83	13.87	1366600
2020-03-05	13.9	14.1	13.9	13.95	497280
2020-03-06	13.95	13.95	13.76	13.81	1549940
2020-03-09	13.15	13.4	12.96	13.02	1425700
2020-03-10	12.5	13.18	12.5	13.0	3243780
2020-03-11	13.0	13.2	12.39	12.55	2538450
2020-03-12	11.93	12.5	11.8	11.8	2025430
2020-03-13	11.5	12.0	11.15	12.0	3161760
2020-03-16	12.0	12.0	11.5	11.53	3282350
2020-03-17	11.25	11.63	11.25	11.63	2523040
2020-03-18	11.63	11.7	11.5	11.51	1380000
2020-03-19	11.5	11.5	11.12	11.15	2380290
2020-03-20	11.15	11.27	11.15	11.24	1805300
2020-03-23	10.46	10.81	10.46	10.5	1948010
2020-03-24	10.35	11.23	10.35	10.4	2835490
2020-03-25	10.4	11.12	10.4	10.85	589520
2020-03-26	10.9	10.9	10.64	10.7	1276330
2020-03-27	10.7	10.79	10.55	10.67	2001070
2020-03-30	10.1	10.5	10.0	10.1	1277920
2020-03-31	10.1	10.75	9.95	10.75	1761260
2020-04-01	10.1	10.45	10.1	10.38	515370
2020-04-03	10.49	10.71	10.49	10.71	313370
2020-04-06	11.15	11.22	10.83	11.22	551730
2020-04-07	11.4	11.5	11.3	11.5	375400
2020-04-08	11.5	11.55	11.28	11.55	201880
2020-04-09	11.55	11.69	11.55	11.68	241980
2020-04-10	11.68	11.68	11.48	11.5	287880
2020-04-13	11.6	11.91	11.6	11.8	387620
2020-04-14	11.8	11.84	11.64	11.82	546830
2020-04-15	11.82	12.1	11.82	12.1	401090
2020-04-16	12.0	12.2	11.9	11.95	192430
2020-04-17	11.95	12.25	11.95	12.25	347620
2020-04-20	12.28	12.33	12.17	12.3	430000
2020-04-21	12.15	12.15	11.72	11.82	705940
2020-04-22	11.36	11.91	11.36	11.91	488790
2020-04-23	12.18	12.18	11.92	11.95	1206290
2020-04-24	12.1	12.1	11.85	12.05	428200
2020-04-27	12.14	12.2	12.12	12.13	102150
2020-04-28	11.91	12.05	11.85	11.94	285840
2020-04-29	12.0	12.0	11.9	12.0	142970
2020-05-04	11.9	12.0	11.75	11.9	53890
2020-05-05	11.9	11.9	11.78	11.86	165430
2020-05-06	12.0	12.18	11.82	12.18	65510
2020-05-07	12.16	12.35	12.15	12.35	676580
2020-05-08	12.32	12.95	12.32	12.7	478900
2020-05-11	12.85	12.95	12.7	12.95	302370
2020-05-12	12.95	13.1	12.77	13.1	968540
2020-05-13	13.1	13.1	12.72	13.04	928900
2020-05-14	13.0	13.02	12.94	12.95	66770
2020-05-15	13.1	13.1	12.85	12.93	80440
2020-05-18	12.9	13.09	12.87	13.07	711790
2020-05-19	13.5	13.62	13.35	13.4	250860
2020-05-20	13.4	13.45	13.22	13.45	93220
2020-05-21	13.5	13.7	13.4	13.7	491060
2020-05-22	13.7	13.7	13.35	13.42	1770610
2020-05-25	13.35	13.46	13.32	13.4	615080
2020-05-26	13.6	13.6	13.45	13.58	393590
2020-05-27	13.58	13.64	13.46	13.46	159820
2020-05-28	13.46	13.52	13.35	13.43	478690
2020-05-29	13.2	13.47	13.2	13.47	130360
2020-06-01	13.5	13.7	13.4	13.69	225430
2020-06-02	13.72	13.79	13.62	13.62	193680
2020-06-03	13.62	13.71	13.61	13.63	1554230
2020-06-04	13.62	13.78	13.62	13.7	701220
2020-06-05	13.75	13.75	13.64	13.75	446860
2020-06-08	13.85	14.09	13.84	14.0	1214890
2020-06-09	14.0	14.06	13.95	13.96	346180
2020-06-10	13.8	14.14	13.8	14.14	384300
2020-06-11	14.0	14.02	13.38	13.65	1153640
2020-06-12	12.91	13.55	12.91	13.55	1062160
2020-06-15	13.6	13.6	12.94	13.0	477170
2020-06-16	13.35	13.35	13.14	13.29	251750
2020-06-17	13.49	13.49	13.16	13.4	602090
2020-06-18	13.1	13.4	13.1	13.35	332960
2020-06-19	13.32	13.5	13.31	13.5	574780
2020-06-22	13.55	13.55	13.41	13.55	1087470
2020-06-23	13.5	13.54	13.42	13.54	635700
2020-06-24	13.54	13.54	13.3	13.4	765870
2020-06-25	13.3	13.34	13.16	13.34	823110
2020-06-26	13.38	13.38	13.23	13.35	136360
2020-06-29	13.35	13.35	12.82	12.82	500420
2020-06-30	12.9	13.3	12.8	13.3	657680
2020-07-01	13.3	13.3	12.83	13.3	749680
2020-07-02	13.3	13.3	13.04	13.18	691500
2020-07-03	13.18	13.29	13.1	13.29	1083110
2020-07-06	13.29	13.5	13.18	13.5	605660
2020-07-07	13.6	13.7	13.44	13.48	894270
2020-07-08	13.48	13.48	13.3	13.44	80590
2020-07-09	13.5	13.7	13.47	13.7	1356370
2020-07-10	13.67	13.69	13.43	13.69	845800
2020-07-13	13.6	13.6	13.4	13.5	37780
2020-07-14	13.5	13.5	13.32	13.5	456250
2020-07-15	13.55	13.75	13.55	13.7	661900
2020-07-16	13.7	13.7	13.53	13.6	17500
2020-07-17	13.55	13.6	13.55	13.6	634760
2020-07-20	13.6	13.6	13.42	13.47	198010
2020-07-21	13.47	13.5	13.36	13.5	72780
2020-07-22	13.6	13.7	13.33	13.4	114720
2020-07-23	13.4	13.4	13.27	13.28	253490
2020-07-24	13.28	13.28	12.71	13.0	245220
2020-07-27	12.5	12.9	12.1	12.25	169100
2020-07-28	12.2	12.6	12.2	12.6	242340
2020-07-29	12.6	12.6	12.12	12.38	198440
2020-07-30	12.38	12.47	12.3	12.46	218750
2020-07-31	12.46	12.5	12.2	12.4	213370
2020-08-03	12.6	12.62	12.45	12.62	37410
2020-08-04	12.9	12.9	12.65	12.9	116730
2020-08-05	12.94	13.07	12.77	13.07	305880
2020-08-06	13.07	13.44	13.0	13.44	672890
2020-08-07	13.11	13.2	13.03	13.2	211340
2020-08-10	13.2	13.29	13.17	13.29	791180
2020-08-11	13.29	13.29	13.07	13.13	334760
2020-08-12	13.2	13.3	13.12	13.3	251230
2020-08-13	13.32	13.32	13.23	13.32	379690
2020-08-14	13.32	13.39	13.15	13.3	367120
2020-08-17	13.16	13.3	13.12	13.27	41870
2020-08-18	13.27	13.28	13.17	13.28	50190
2020-08-19	13.28	13.3	13.16	13.3	49750
2020-08-20	13.25	13.26	13.13	13.25	435690
2020-08-21	13.2	13.31	13.17	13.31	338340
2020-08-24	13.33	13.59	13.33	13.58	1224710
2020-08-25	13.58	13.79	13.58	13.78	2110630
2020-08-26	13.78	13.78	13.6	13.68	100410
2020-08-27	13.68	13.75	13.59	13.75	205470
2020-08-28	13.79	13.89	13.71	13.85	1735590
2020-08-31	13.85	13.99	13.74	13.79	329090
2020-09-01	13.8	13.98	13.78	13.98	645270
2020-09-03	14.0	14.12	14.0	14.12	1281800
2020-09-04	14.0	14.09	13.93	14.09	74840
2020-09-07	14.1	14.12	13.86	14.0	552500
2020-09-08	14.0	14.0	13.73	13.97	1118820
2020-09-09	13.9	13.9	13.69	13.8	491960
2020-09-10	13.8	13.95	13.8	13.83	900250
2020-09-11	13.8	13.87	13.77	13.87	972740
2020-09-14	13.87	13.96	13.87	13.95	153340
2020-09-15	13.9	13.97	13.9	13.97	194740
2020-09-16	13.97	14.0	13.93	14.0	24280
2020-09-17	14.0	14.0	13.91	14.0	424970
2020-09-18	14.04	14.2	14.0	14.2	1377340
2020-09-21	14.3	14.3	14.2	14.28	1212200
2020-09-22	14.18	14.3	14.18	14.3	78260
2020-09-23	14.3	14.39	14.3	14.38	255040
2020-09-24	14.38	14.38	14.27	14.3	694240
2020-09-25	14.3	14.34	14.22	14.3	116450
2020-09-28	14.3	14.49	14.3	14.49	132170
2020-09-29	14.49	14.61	14.43	14.53	686070
2020-09-30	14.49	14.52	14.3	14.52	547940
2020-10-01	14.52	14.55	14.44	14.55	153020
2020-10-02	14.55	14.58	14.2	14.5	248320
2020-10-05	14.32	14.58	14.32	14.54	60960
2020-10-06	14.58	14.61	14.51	14.61	636840
2020-10-07	14.61	14.67	14.54	14.66	1590330
2020-10-08	14.65	14.65	14.52	14.6	291390
2020-10-09	14.6	14.65	14.6	14.63	459770
2020-10-12	14.63	14.74	14.63	14.7	448170
2020-10-13	14.64	14.7	14.61	14.7	148670
2020-10-14	14.72	14.95	14.72	14.95	1072530
2020-10-15	14.99	15.09	14.9	15.07	551630
2020-10-16	15.06	15.15	14.5	15.1	523350
2020-10-19	15.15	15.18	15.1	15.14	807300
2020-10-20	15.14	15.3	15.08	15.3	108490
2020-10-21	15.3	15.39	15.18	15.3	349770
2020-10-22	15.3	15.45	15.15	15.45	395150
2020-10-23	15.5	15.62	15.45	15.62	554570
2020-10-26	15.9	15.9	15.62	15.74	1216970
2020-10-27	15.74	15.74	15.38	15.41	1051890
2020-10-28	15.41	15.41	14.8	14.8	646960
2020-10-29	14.8	14.97	14.78	14.79	605000
2020-10-30	14.9	14.9	14.66	14.9	237040
2020-11-02	15.08	15.1	14.96	14.96	310690
2020-11-03	15.0	15.19	15.0	15.18	333530
2020-11-04	15.18	15.28	15.1	15.23	866740
2020-11-05	15.23	15.3	15.2	15.2	734620
2020-11-06	15.2	15.22	15.11	15.2	48590
2020-11-09	15.2	15.34	15.2	15.33	631820
2020-11-10	15.33	15.6	15.33	15.5	720550
2020-11-11	15.5	15.5	15.29	15.36	270550
2020-11-12	15.53	15.53	15.41	15.41	309140
2020-11-13	15.5	15.7	15.5	15.7	349860
2020-11-16	15.7	15.76	15.35	15.35	520920
2020-11-17	15.35	15.6	15.35	15.52	307640
2020-11-18	15.65	15.72	15.6	15.7	1326850
2020-11-19	15.6	15.82	15.6	15.82	140860
2020-11-20	15.82	15.95	15.82	15.95	590870
2020-11-23	15.52	16.1	15.52	15.95	1400520
2020-11-24	16.2	16.2	15.93	16.05	934030
2020-11-25	16.0	16.18	16.0	16.18	354690
2020-11-26	16.18	16.2	15.98	16.2	1547560
2020-11-27	16.2	16.26	16.18	16.24	341840
2020-11-30	16.24	16.34	16.1	16.27	386930
2020-12-01	16.2	16.32	16.03	16.32	705160
2020-12-02	16.32	16.45	16.3	16.45	739480
2020-12-03	16.45	16.65	16.43	16.65	371910
2020-12-04	16.65	16.65	16.48	16.6	484610
2020-12-07	16.89	17.0	16.51	16.67	559630
2020-12-08	16.85	16.85	16.6	16.63	636170
2020-12-09	16.65	16.92	16.65	16.92	150830
2020-12-10	17.0	17.0	16.72	16.72	307670
2020-12-11	16.72	16.92	16.67	16.92	147990
2020-12-14	17.0	17.11	17.0	17.11	621860
2020-12-15	17.02	17.2	16.92	17.0	715550
2020-12-16	17.0	17.3	17.0	17.3	198050
2020-12-17	17.43	17.43	17.1	17.1	1281610
2020-12-18	17.1	17.59	17.1	17.59	1556260
2020-12-21	17.59	17.7	17.49	17.7	626080
2020-12-22	17.7	17.7	17.52	17.69	468820
2020-12-23	17.69	17.76	17.6	17.6	635940
2020-12-24	17.84	17.84	17.14	17.5	249360
2020-12-25	17.5	18.0	17.2	17.8	311410
2020-12-28	17.8	17.84	17.56	17.71	359080
2020-12-29	17.67	17.8	17.62	17.79	123540
2020-12-30	17.86	17.95	17.73	17.73	239980
2020-12-31	17.73	18.0	17.72	18.0	266160
2021-01-04	18.5	18.5	18.14	18.33	606600
2021-01-05	18.33	18.55	18.29	18.51	573800
2021-01-06	18.6	19.1	18.55	18.7	905000
2021-01-07	18.7	18.98	18.7	18.98	858500
2021-01-08	18.98	19.41	18.98	19.22	355500
2021-01-11	19.8	19.8	19.43	19.55	892000
2021-01-12	19.99	19.99	19.44	19.8	617500
2021-01-13	19.8	19.8	19.53	19.59	570800
2021-01-14	19.59	20.5	19.38	19.58	417500
2021-01-15	19.58	19.88	19.58	19.8	1568800
2021-01-18	20.1	20.1	19.69	19.69	248000
2021-01-19	19.7	19.7	18.41	18.7	158300
2021-01-20	18.7	19.5	18.0	18.85	350800
2021-01-21	19.29	19.3	18.79	19.3	2093900
2021-01-22	19.3	19.58	19.26	19.39	1094900
2021-01-25	19.39	19.54	19.26	19.36	739800
2021-01-26	19.36	19.36	18.59	18.7	772500
2021-01-27	18.98	18.99	18.07	18.35	2449500
2021-01-28	17.52	17.7	17.07	17.07	609600
2021-01-29	16.0	17.79	16.0	17.5	1435100
2021-02-01	17.5	18.0	17.31	17.31	1177800
2021-02-02	17.3	18.24	17.29	18.2	1491400
2021-02-03	18.25	18.85	18.25	18.85	788800
2021-02-04	18.88	19.0	18.58	18.75	2113200
2021-02-05	18.51	19.49	18.51	19.49	509200
2021-02-08	19.49	19.49	18.17	18.59	1286100
2021-02-09	18.57	19.47	18.35	19.47	1593600
2021-02-17	19.27	19.71	19.1	19.6	878000
2021-02-18	19.8	19.85	18.6	19.76	803300
2021-02-19	19.49	19.95	19.49	19.85	442800
2021-02-22	19.85	20.0	19.7	19.81	438100
2021-02-23	19.8	20.0	19.7	19.9	894400
2021-02-24	20.0	20.0	19.48	19.55	704200
2021-02-25	19.85	19.85	19.44	19.72	222600
2021-02-26	19.69	19.72	19.4	19.7	475100
2021-03-01	19.72	20.03	19.72	20.03	385100
2021-03-02	20.05	20.21	19.97	20.03	340400
2021-03-03	20.03	20.14	19.92	20.06	588700
2021-03-04	20.2	20.2	19.57	20.1	202500
2021-03-05	19.2	19.74	19.0	19.74	681600
2021-03-08	19.79	19.8	19.5	19.66	314100
2021-03-09	19.45	19.65	19.33	19.65	146200
2021-03-10	19.37	19.72	19.37	19.72	65700
2021-03-11	19.72	20.0	19.72	20.0	380700
2021-03-12	20.0	20.04	19.9	19.92	105800
2021-03-15	20.0	20.1	19.94	20.0	384100
2021-03-16	20.0	20.0	19.8	19.99	204600
2021-03-17	20.0	20.03	19.91	20.03	254900
2021-03-18	20.1	20.28	20.1	20.28	228600
2021-03-19	20.3	20.3	20.2	20.2	140200
2021-03-22	20.2	20.24	20.05	20.22	50300
2021-03-23	20.22	20.22	19.93	19.95	257300
2021-03-24	19.95	19.95	19.57	19.7	203100
2021-03-25	19.7	19.72	19.49	19.6	96400
2021-03-26	19.5	19.65	19.21	19.65	572400
2021-03-29	19.7	19.89	19.63	19.89	745400
2021-03-30	19.98	20.0	19.75	20.0	260500
2021-03-31	20.0	20.15	20.0	20.1	94800
2021-04-01	20.1	20.6	20.1	20.6	735200
2021-04-02	20.98	20.98	20.73	20.84	290300
2021-04-05	20.87	21.2	20.87	21.06	214500
2021-04-06	21.2	21.2	20.88	21.04	128100
2021-04-07	21.2	21.2	20.92	21.11	270900
2021-04-08	21.2	21.2	20.9	20.9	120800
2021-04-09	21.2	21.2	20.89	21.0	333200
2021-04-12	21.0	21.5	21.0	21.47	1007900
2021-04-13	21.8	21.8	21.2	21.2	601300
2021-04-14	21.69	21.69	21.11	21.11	900000
2021-04-15	21.2	21.8	21.2	21.59	1185100
2021-04-16	21.59	21.64	21.1	21.5	1233300
2021-04-19	21.5	21.98	21.33	21.98	952100
2021-04-20	21.98	22.38	21.87	22.38	852900
2021-04-22	22.1	22.1	21.65	21.69	356100
2021-04-23	22.0	22.0	21.16	22.0	641600
2021-04-26	22.0	22.0	21.2	21.26	1719900
2021-04-27	21.4	21.53	21.14	21.46	135700
2021-04-28	21.95	21.95	21.2	21.63	228300
2021-04-29	21.7	22.0	21.7	22.0	461800
2021-05-04	22.0	22.28	21.6	22.2	1067800
2021-05-05	22.2	22.67	22.0	22.5	1000400
2021-05-06	22.6	22.6	22.36	22.4	737400
2021-05-07	22.4	22.58	22.05	22.4	1129300
2021-05-10	22.4	22.99	22.4	22.99	1838600
2021-05-11	22.99	23.35	22.81	23.23	783800
2021-05-12	23.2	23.2	22.65	23.09	1804700
2021-05-13	23.09	23.19	22.85	23.0	774400
2021-05-14	22.9	23.25	22.9	23.0	1117900
2021-05-17	23.45	23.45	23.0	23.0	179100
2021-05-18	23.32	23.32	22.93	23.1	145600
2021-05-19	23.1	23.44	23.1	23.21	759500
2021-05-20	23.21	23.74	23.21	23.74	338400
2021-05-21	23.7	23.9	23.68	23.84	209200
2021-05-24	24.0	25.5	23.84	25.5	415300
2021-05-25	24.9	24.9	23.97	24.2	378100
2021-05-26	24.2	24.4	24.2	24.37	754000
2021-05-27	24.45	24.47	24.1	24.36	372200
2021-05-28	24.35	24.5	24.1	24.48	744700
2021-05-31	24.48	24.72	24.39	24.69	425000
2021-06-01	24.69	25.1	24.69	24.97	663100
2021-06-02	25.8	25.8	24.51	24.59	1123700
2021-06-03	24.6	25.26	24.6	25.26	656000
2021-06-04	25.26	25.31	25.2	25.24	169100
2021-06-07	25.3	25.3	24.8	24.92	440500
2021-06-08	24.92	25.0	24.46	24.46	407700
2021-06-09	24.4	24.6	24.0	24.6	564700
2021-06-10	24.57	24.98	24.3	24.5	614200
2021-06-11	24.5	24.99	24.4	24.98	126900
2021-06-14	25.0	25.2	24.95	25.1	1173300
2021-06-15	25.1	25.19	24.86	25.05	1338400
2021-06-16	25.1	25.1	24.7	24.78	835600
2021-06-17	24.5	24.77	24.29	24.77	323900
2021-06-18	24.99	24.99	24.77	24.9	318000
2021-06-21	24.9	24.94	24.75	24.8	1033100
2021-06-22	25.3	25.3	24.7	25.11	861200
2021-06-23	25.12	25.23	24.93	25.1	621500
2021-06-24	25.1	25.15	24.9	24.9	885600
2021-06-25	25.0	25.26	24.91	25.26	764500
2021-06-28	25.25	25.6	25.25	25.6	860900
2021-06-29	25.53	25.8	25.53	25.8	1163100
2021-06-30	25.96	25.98	25.6	25.84	856900
2021-07-01	25.84	25.98	25.69	25.89	1072400
2021-07-02	26.0	26.2	25.89	26.2	725100
2021-07-05	26.3	26.3	25.8	26.0	1189300
2021-07-06	26.0	26.38	25.6	25.6	1690700
2021-07-07	25.57	26.0	25.0	26.0	2581000
2021-07-08	25.8	26.0	25.3	25.3	1605100
2021-07-09	25.01	25.68	24.5	25.49	3448500
2021-07-12	25.45	25.45	23.71	24.75	3066200
2021-07-13	24.75	24.95	23.89	24.95	2426600
2021-07-14	24.95	24.95	23.53	24.11	2645500
2021-07-15	24.08	24.29	23.6	24.25	1543300
2021-07-16	24.25	24.5	24.16	24.5	887200
2021-07-19	23.6	24.39	23.1	23.3	1713700
2021-07-20	23.29	23.98	22.85	23.98	1253300
2021-07-21	23.98	23.98	23.51	23.6	921700
2021-07-22	23.61	24.09	23.53	24.0	928300
2021-07-23	24.0	24.05	23.75	23.82	412300
2021-07-26	23.72	23.96	23.3	23.96	893300
2021-07-27	23.5	23.95	23.5	23.88	1019600
2021-07-28	23.88	23.88	23.58	23.8	488900
2021-07-29	24.05	24.05	23.73	24.05	1151500
2021-07-30	24.08	24.6	24.02	24.6	2324200
2021-08-02	24.59	24.7	24.3	24.7	1940800
2021-08-03	24.78	24.78	24.34	24.7	1640100
2021-08-04	24.7	24.88	24.5	24.5	2056800
2021-08-05	24.5	24.96	24.5	24.74	1843500
2021-08-06	24.99	24.99	24.7	24.92	479700
2021-08-09	24.5	25.2	24.5	25.2	2160700
2021-08-10	25.2	25.34	24.99	25.19	553500
2021-08-11	25.2	25.2	25.08	25.1	231500
2021-08-12	25.1	25.1	24.8	24.83	614900
2021-08-13	24.92	24.92	24.55	24.82	177500
2021-08-16	24.92	25.3	24.9	25.3	874000
2021-08-17	25.3	25.32	25.03	25.26	358500
2021-08-18	25.26	25.26	25.0	25.17	281000
2021-08-19	25.02	25.21	24.8	25.01	196300
2021-08-20	25.01	25.01	24.0	24.1	1149700
2021-08-23	24.1	24.29	23.45	23.7	1257000
2021-08-24	23.89	23.95	23.66	23.95	2333100
2021-08-25	23.95	24.07	23.73	24.05	1486000
2021-08-26	24.15	24.31	23.75	23.99	1127100
2021-08-27	23.99	25.0	23.42	23.8	1096700
2021-08-30	24.0	24.88	23.85	24.0	1146800
2021-08-31	24.02	24.15	24.0	24.1	139900
2021-09-01	24.0	24.1	23.9	24.05	904700
2021-09-06	24.5	24.5	24.02	24.4	213100
2021-09-07	24.4	24.55	24.2	24.55	436400
2021-09-08	24.54	24.6	24.07	24.25	99300
2021-09-09	24.28	24.28	24.07	24.28	1108400
2021-09-10	24.28	24.68	24.28	24.49	64400
2021-09-13	24.49	24.5	24.24	24.3	959500
2021-09-14	24.48	24.48	24.18	24.2	587000
2021-09-15	24.2	24.4	24.1	24.4	544900
2021-09-16	24.5	24.5	24.0	24.4	796600
2021-09-17	24.4	24.57	24.31	24.56	902100
2021-09-20	24.56	24.99	24.43	24.99	545700
2021-09-21	24.5	24.9	24.1	24.85	2542900
2021-09-22	24.85	24.9	24.24	24.5	477300
2021-09-23	24.5	24.84	24.4	24.84	2365800
2021-09-24	24.61	24.8	24.46	24.6	230800
2021-09-27	24.78	24.78	24.3	24.44	1370300
2021-09-28	24.43	24.47	24.02	24.31	1716200
2021-09-29	24.33	24.42	24.24	24.4	821800
2021-09-30	24.63	24.64	24.4	24.55	2323300
2021-10-01	24.55	24.57	24.25	24.57	901800
2021-10-04	24.55	24.55	24.19	24.55	740400
2021-10-05	24.4	24.5	24.3	24.5	1214900
2021-10-06	24.4	24.53	24.4	24.53	638300
2021-10-07	24.53	24.65	24.53	24.6	273100
2021-10-08	24.6	24.9	24.6	24.9	965700
2021-10-11	24.9	25.4	24.9	25.4	557500
2021-10-12	25.4	25.5	25.3	25.45	822300
2021-10-13	25.4	25.53	25.25	25.4	538900
2021-10-14	25.44	25.44	25.2	25.2	1216200
2021-10-15	25.48	25.48	25.21	25.34	265200
2021-10-18	25.34	25.85	25.34	25.85	647400
2021-10-19	25.79	25.79	25.32	25.68	160800
2021-10-20	25.68	25.77	25.0	25.77	1917200
2021-10-21	25.7	25.77	25.24	25.45	573600
2021-10-22	25.45	25.5	25.04	25.5	272300
2021-10-25	25.49	25.49	24.91	25.0	1037800
2021-10-26	25.01	25.38	24.7	25.38	407700
2021-10-27	25.0	25.47	25.0	25.46	1275700
2021-10-28	25.46	26.0	25.44	25.93	846000
2021-10-29	25.89	25.89	25.41	25.71	365400
2021-11-01	25.71	25.78	25.43	25.69	761900
2021-11-02	25.69	25.69	25.5	25.69	657500
2021-11-03	25.69	25.8	25.53	25.7	244800
2021-11-04	25.55	25.8	25.55	25.65	896800
2021-11-05	25.65	25.96	25.61	25.96	170200
2021-11-08	25.71	25.95	25.7	25.95	2412100
2021-11-09	25.9	25.93	25.6	25.69	427200
2021-11-10	25.69	25.73	25.54	25.71	289100
2021-11-11	25.7	25.73	25.42	25.69	950300
2021-11-12	25.64	25.89	25.3	25.89	960300
2021-11-15	25.8	25.8	25.6	25.8	528300
2021-11-16	25.8	25.8	25.46	25.5	760400
2021-11-17	25.5	25.57	25.43	25.52	161400
2021-11-18	25.6	25.6	25.39	25.4	656900
2021-11-19	25.4	25.53	25.16	25.5	589000
2021-11-22	25.11	25.65	25.11	25.25	414400
2021-11-23	25.48	25.63	25.45	25.6	177600
2021-11-24	25.61	26.2	25.61	26.2	4221600
2021-11-25	26.0	26.47	26.0	26.2	946800
2021-11-26	26.2	26.64	26.2	26.34	943900
2021-11-29	26.25	26.25	25.85	26.2	973700
2021-11-30	26.0	26.25	25.7	25.8	1214800
2021-12-01	25.8	26.2	25.75	26.2	1079300
2021-12-02	26.22	26.22	26.0	26.18	745300
2021-12-03	26.18	26.18	25.5	25.5	599500
2021-12-06	25.51	25.52	24.9	25.01	790200
2021-12-07	25.3	25.98	25.01	25.98	409200
2021-12-08	25.9	25.98	25.37	25.5	772200
2021-12-09	25.51	25.75	25.39	25.75	807100
2021-12-10	25.8	25.8	25.5	25.6	364400
2021-12-13	25.76	26.22	25.51	26.0	1190300
2021-12-14	25.98	25.98	25.48	25.5	88200
2021-12-15	25.82	25.82	25.43	25.7	461700
2021-12-16	25.57	25.67	25.35	25.35	157400
2021-12-17	25.5	25.53	25.42	25.5	135900
2021-12-20	25.35	25.53	25.35	25.5	221300
2021-12-21	25.49	25.5	25.34	25.36	55900
2021-12-22	25.37	25.52	25.26	25.4	812400
2021-12-23	25.4	25.4	24.85	25.24	978200
2021-12-24	25.19	25.35	24.93	25.3	781100
2021-12-27	25.3	25.55	25.25	25.5	1428000
2021-12-28	25.5	25.62	25.37	25.4	1161800
2021-12-29	25.45	25.69	25.45	25.5	802500
2021-12-30	25.5	25.63	25.5	25.6	772500
2021-12-31	25.43	25.83	25.43	25.83	131000
2022-01-04	25.85	26.24	25.85	26.2	959300
2022-01-05	26.2	26.3	25.98	25.99	1500400
2022-01-06	25.98	26.09	25.82	25.82	1612600
2022-01-07	25.9	26.05	25.4	25.85	1417700
2022-01-10	25.85	25.85	25.5	25.58	1313400
2022-01-11	25.45	25.61	25.13	25.4	1546000
2022-01-12	25.4	25.52	24.99	25.21	2134800
2022-01-13	25.86	25.99	25.53	25.81	1560200
2022-01-14	25.67	25.7	25.49	25.65	256600
2022-01-17	25.7	25.7	25.0	25.0	727000
2022-01-18	25.0	25.3	24.7	25.29	1140000
2022-01-19	25.29	25.5	24.88	25.2	746300
2022-01-20	25.2	25.21	24.81	24.95	455200
2022-01-21	25.2	25.35	25.09	25.11	299600
2022-01-24	25.28	25.28	24.63	24.97	992800
2022-01-25	24.97	25.26	24.63	25.18	3517500
2022-01-26	25.3	25.68	25.3	25.5	2204600
2022-01-27	25.68	25.68	25.34	25.58	2579400
2022-01-28	25.72	25.75	25.59	25.74	1470700
2022-02-07	25.78	26.08	25.78	25.91	1322600
2022-02-08	25.99	26.1	25.8	26.1	1152900
2022-02-09	26.11	26.3	26.1	26.3	616000
2022-02-10	26.36	26.36	25.93	26.17	393200
2022-02-11	26.27	26.3	25.0	26.08	403800
2022-02-14	26.08	26.08	25.61	26.0	396100
2022-02-15	26.0	26.0	25.35	25.69	584700
2022-02-16	26.0	26.0	25.52	25.91	678500
2022-02-17	25.89	25.95	25.59	25.95	244600
2022-02-18	25.89	25.89	25.61	25.75	587400
2022-02-21	25.78	25.9	25.62	25.9	467100
2022-02-22	25.88	25.9	25.4	25.9	450500
2022-02-23	25.9	25.96	25.73	25.78	814600
2022-02-24	25.9	25.9	25.29	25.4	2400400
2022-02-25	25.45	25.8	25.45	25.5	2660200
2022-02-28	25.7	25.81	25.43	25.8	133900
2022-03-01	25.75	25.75	25.5	25.6	386100
2022-03-02	25.6	25.6	25.17	25.4	1827100
2022-03-03	25.3	25.7	25.22	25.68	1315200
2022-03-04	25.68	25.7	25.52	25.7	344000
2022-03-07	25.5	25.6	25.35	25.6	487100
2022-03-08	25.5	25.5	25.08	25.3	2859100
2022-03-09	25.3	25.3	24.96	25.0	3324000
2022-03-10	25.5	25.5	25.08	25.15	331200
2022-03-11	25.14	25.2	24.74	24.99	1318800
2022-03-14	25.0	25.0	24.49	24.5	1689900
2022-03-15	24.6	24.7	24.45	24.7	763600
2022-03-16	24.71	24.84	24.64	24.84	901600
2022-03-17	25.0	25.0	24.71	24.86	364700
2022-03-18	24.91	25.0	24.8	25.0	331400
2022-03-21	25.0	25.28	24.9	25.28	226500
2022-03-22	25.29	25.45	25.26	25.41	2290300
2022-03-23	25.41	25.7	25.27	25.27	356800
2022-03-24	25.39	25.39	25.15	25.15	37100
2022-03-25	25.2	25.26	25.11	25.18	445600
2022-03-28	25.2	25.22	24.89	25.13	838900
2022-03-29	25.2	25.2	25.0	25.14	339300
2022-03-30	25.14	25.4	25.13	25.15	684900
2022-03-31	25.2	25.4	25.2	25.3	1364700
2022-04-01	25.31	25.88	25.2	25.88	3624500
2022-04-04	25.9	26.16	25.88	26.1	2152600
2022-04-05	25.71	25.96	25.71	25.9	1235700
2022-04-06	25.89	26.1	25.68	25.8	360600
2022-04-07	25.85	26.21	25.76	25.76	2837000
2022-04-08	25.76	26.0	25.72	25.88	879400
2022-04-12	25.89	25.9	25.33	25.9	491500
2022-04-13	25.6	25.9	25.39	25.9	299200
2022-04-14	25.9	25.9	25.52	25.52	444300
2022-04-15	25.6	25.6	25.16	25.5	362600
2022-04-18	25.44	25.44	24.73	25.3	1568200
2022-04-19	24.93	25.3	24.44	24.95	787500
2022-04-20	24.95	25.0	24.18	24.8	2026500
2022-04-21	24.77	24.99	24.0	24.99	1165600
2022-04-22	24.5	24.99	24.08	24.8	1110800
2022-04-25	24.78	24.78	23.07	23.08	2194600
2022-04-26	23.15	23.55	22.35	23.55	856600
2022-05-04	23.99	23.99	23.42	23.5	261500
2022-05-05	23.6	23.6	23.15	23.55	1397000
2022-05-06	23.39	23.4	22.98	22.99	2092100
2022-05-09	23.08	23.19	22.0	22.0	600700
2022-05-10	22.0	23.0	21.66	23.0	2449300
2022-05-11	22.9	22.9	22.22	22.8	2725200
2022-05-12	22.55	22.55	21.42	21.47	732300
2022-05-13	21.47	21.5	20.73	21.5	1640100
2022-05-16	21.5	21.5	20.5	20.7	1756300
2022-05-17	20.7	21.79	20.24	21.79	1075100
2022-05-18	21.8	21.85	21.36	21.8	494100
2022-05-19	21.18	21.7	21.1	21.68	268200
2022-05-23	21.7	21.7	20.98	21.4	612100
2022-05-24	21.3	21.45	20.89	21.32	428300
2022-05-25	21.48	22.0	21.33	22.0	191400
2022-05-26	22.0	22.1	21.9	21.93	1065700
2022-05-27	21.93	22.42	21.93	22.39	1459700
2022-05-30	22.4	23.8	22.25	22.6	3980300
2022-05-31	22.51	22.8	22.22	22.3	4448900
2022-06-01	22.3	22.65	22.3	22.65	242100
2022-06-02	22.58	22.61	22.2	22.3	993700
2022-06-03	22.3	22.35	22.1	22.1	420700
2022-06-06	22.11	22.48	22.1	22.35	529100
2022-06-07	22.34	22.35	21.8	22.35	690600
2022-06-08	22.35	22.65	22.33	22.4	1556000
2022-06-09	22.5	22.65	22.4	22.45	1640400
2022-06-10	22.4	22.53	22.1	22.4	1833900
2022-06-13	22.0	22.0	21.36	21.74	1586800
2022-06-14	21.5	21.9	21.01	21.9	760300
2022-06-15	21.5	21.5	20.9	21.01	1248400
2022-06-16	21.15	22.48	21.15	21.9	1657800
2022-06-17	21.38	21.5	20.76	21.4	2391100
2022-06-20	21.33	21.33	20.71	20.71	493800
2022-06-21	20.51	20.9	20.44	20.6	206400
2022-06-22	20.72	20.93	20.62	20.9	713900
2022-06-23	20.89	20.89	20.6	20.75	349400
2022-06-24	21.24	21.24	20.79	20.79	260800
2022-06-27	20.81	21.16	20.81	21.11	73000
2022-06-28	21.24	21.5	21.1	21.45	811200
2022-06-29	21.4	21.5	21.1	21.45	202900
2022-06-30	21.45	21.5	21.22	21.35	1233000
2022-07-01	21.06	21.3	20.77	21.3	556900
2022-07-04	21.28	21.29	21.05	21.26	130600
2022-07-05	21.29	21.29	20.9	20.9	559600
2022-07-06	20.7	20.9	20.63	20.66	245000
2022-07-07	20.67	20.7	20.5	20.7	918000
2022-07-08	20.89	20.89	20.74	20.89	249500
2022-07-11	20.8	20.8	20.36	20.37	620600
2022-07-12	20.4	20.63	20.4	20.6	352200
2022-07-13	20.65	20.66	20.47	20.63	1187900
2022-07-14	20.6	20.7	20.44	20.69	1661900
2022-07-15	20.79	20.79	20.55	20.63	623100
2022-07-18	20.65	20.7	20.52	20.52	165900
2022-07-19	20.54	20.54	20.39	20.5	848200
2022-07-20	20.6	20.76	20.6	20.7	1049200
2022-07-21	20.7	20.88	20.66	20.79	2127300
2022-07-22	20.81	20.94	20.7	20.89	1075600
2022-07-25	20.81	20.87	20.6	20.72	1201800
2022-07-26	20.66	20.72	20.62	20.69	78400
2022-07-27	20.6	20.6	20.5	20.6	99700
2022-07-28	20.77	20.98	20.75	20.92	326200
2022-07-29	21.15	21.15	20.86	20.95	594100
2022-08-01	20.97	21.1	20.93	21.1	1461600
2022-08-02	21.1	21.3	21.09	21.3	1776100
2022-08-03	21.29	21.29	21.03	21.2	667200
2022-08-04	21.24	21.5	21.24	21.5	6552500
2022-08-05	21.25	21.5	21.25	21.37	5711900
2022-08-08	21.5	21.62	21.4	21.43	1178900
2022-08-09	21.45	21.7	21.45	21.68	1020300
2022-08-10	21.68	21.7	21.54	21.57	354700
2022-08-11	21.7	21.85	21.45	21.67	595500
2022-08-12	21.59	21.6	21.49	21.6	135300
2022-08-15	21.83	21.87	21.7	21.86	607700
2022-08-16	21.88	21.95	21.85	21.9	61700
2022-08-17	21.95	22.04	21.95	22.04	72300
2022-08-18	22.04	22.1	21.9	21.92	419000
2022-08-19	22.06	22.06	21.8	21.8	538400
2022-08-22	21.94	21.94	21.75	21.8	463100
2022-08-23	21.64	21.79	21.6	21.79	295300
2022-08-24	21.79	21.93	21.79	21.91	247200
2022-08-25	22.0	22.2	21.96	22.2	88700
2022-08-26	22.2	22.31	22.1	22.12	234100
2022-08-29	22.0	22.0	21.66	21.81	861700
2022-08-30	21.85	22.05	21.85	22.0	245400
2022-08-31	22.0	22.06	21.83	22.06	425800
2022-09-05	22.07	22.08	21.73	22.06	1550000
2022-09-06	22.06	22.06	21.86	21.95	1383600
2022-09-07	21.94	21.94	21.63	21.8	1237900
2022-09-08	21.82	21.82	21.47	21.49	594500
2022-09-09	21.47	21.57	21.38	21.54	497100
2022-09-12	21.7	21.79	21.63	21.7	1059300
2022-09-13	21.7	21.7	21.55	21.63	880600
2022-09-14	21.6	21.6	21.18	21.39	376400
2022-09-15	21.4	21.8	21.38	21.41	65900
2022-09-16	21.43	21.43	21.05	21.05	391500
2022-09-19	21.12	21.24	20.85	20.95	553500
2022-09-20	21.0	21.0	20.78	20.93	156500
2022-09-21	20.99	20.99	20.72	20.72	82700
2022-09-22	20.7	20.85	20.57	20.82	401600
2022-09-23	20.82	20.83	20.57	20.82	544900
2022-09-26	20.64	20.64	20.02	20.27	1354700
2022-09-27	20.26	20.29	20.08	20.23	1883200
2022-09-28	20.2	20.22	19.8	20.17	913100
2022-09-29	20.18	20.18	19.66	19.9	2786600
2022-09-30	20.0	20.0	19.21	19.92	2073700
2022-10-03	19.88	19.88	18.74	18.8	1028200
2022-10-04	18.81	18.95	18.5	18.5	1652800
2022-10-05	18.8	19.13	18.8	18.98	164100
2022-10-06	19.27	19.27	18.5	18.72	540000
2022-10-07	18.6	18.65	17.55	17.66	864600
2022-10-10	17.58	17.82	17.15	17.6	370300
2022-10-11	17.4	17.46	16.78	16.86	963200
2022-10-12	16.95	17.61	16.91	17.54	762400
2022-10-13	17.65	17.7	17.11	17.7	1081300
2022-10-14	17.81	18.14	17.81	18.0	608500
2022-10-17	17.94	17.94	17.46	17.75	1332300
2022-10-18	17.91	18.14	17.9	17.95	748100
2022-10-19	18.0	18.01	17.73	18.01	744100
2022-10-20	17.98	17.98	17.7	17.92	1036600
2022-10-21	17.83	17.83	17.0	17.09	1034800
2022-10-24	17.3	17.35	16.33	16.5	971900
2022-10-25	16.5	17.0	16.1	16.61	1273700
2022-10-26	16.8	17.4	16.61	16.68	407000
2022-10-27	16.71	17.34	16.71	17.34	499500
2022-10-28	17.5	17.77	17.45	17.5	239500
2022-10-31	17.51	17.58	17.02	17.58	282300
2022-11-01	17.58	17.81	17.5	17.52	447600
2022-11-02	17.52	17.67	17.39	17.39	218300
2022-11-03	17.07	17.55	17.07	17.42	205200
2022-11-04	17.42	17.5	16.55	16.93	868500
2022-11-07	17.05	17.05	16.5	16.55	352900
2022-11-08	16.58	16.7	16.2	16.56	739000
2022-11-09	16.59	16.91	16.5	16.54	172900
2022-11-10	16.75	16.75	15.6	15.6	920100
2022-11-11	16.0	16.38	15.2	15.2	1636000
2022-11-14	15.8	15.92	15.51	15.8	2975400
2022-11-15	15.8	15.8	15.23	15.3	1287500
2022-11-16	15.15	16.2	14.66	16.15	1438300
2022-11-17	16.3	16.68	16.21	16.51	2987100
2022-11-18	16.6	16.68	16.0	16.65	712500
2022-11-21	16.7	16.7	16.17	16.29	225400
2022-11-22	16.29	16.77	16.02	16.12	2349700
2022-11-23	16.12	16.2	15.9	16.06	1833900
2022-11-24	16.1	16.1	15.78	16.02	875900
2022-11-25	16.2	16.41	16.2	16.41	547000
2022-11-28	16.51	17.15	16.51	16.85	674400
2022-11-29	17.15	17.34	16.95	17.34	1016800
2022-11-30	17.35	17.8	17.34	17.8	405200
2022-12-01	18.16	18.26	17.6	18.1	1069100
2022-12-02	18.0	18.5	17.54	18.5	1723500
2022-12-05	18.56	19.1	18.56	18.89	1204700
2022-12-06	18.9	18.9	18.1	18.1	2055400
2022-12-07	18.1	18.1	17.7	18.0	1240100
2022-12-08	18.04	18.62	18.04	18.1	1701900
2022-12-09	18.16	18.32	17.88	18.18	339500
2022-12-12	18.2	18.32	17.7	17.8	92700
2022-12-13	17.8	17.9	17.55	17.9	1163300
2022-12-14	18.0	18.28	17.95	17.96	68200
2022-12-15	18.19	18.3	18.0	18.3	150400
2022-12-16	18.2	18.35	18.01	18.18	94700
2022-12-19	18.07	18.37	17.99	17.99	560600
2022-12-20	17.94	17.94	17.27	17.59	857600
2022-12-21	17.62	17.9	17.27	17.43	1239000
2022-12-22	17.46	17.86	17.46	17.7	344000
2022-12-23	17.7	17.73	17.44	17.7	1174100
2022-12-26	17.53	17.72	17.0	17.16	160900
2022-12-27	17.0	17.6	16.87	17.5	859000
2022-12-28	17.5	17.5	17.03	17.4	387300
2022-12-29	17.4	17.5	17.23	17.23	69800
2022-12-30	17.49	17.49	17.11	17.33	68700
2023-01-03	17.37	17.7	17.24	17.7	82900
2023-01-04	17.77	17.95	17.77	17.9	88400
2023-01-05	17.9	18.13	17.9	18.07	120900
2023-01-06	18.08	18.24	17.98	17.98	547300
2023-01-09	18.3	18.36	18.04	18.05	2387100
2023-01-10	18.5	18.54	18.0	18.07	2247900
2023-01-11	18.12	18.3	18.08	18.08	294700
2023-01-12	18.2	18.49	18.06	18.13	2097700
2023-01-13	18.16	18.36	18.16	18.36	3086000
2023-01-16	18.36	18.38	18.11	18.25	320300
2023-01-17	18.35	18.8	18.35	18.78	934500
2023-01-18	18.8	19.0	18.8	19.0	199800
2023-01-19	19.0	19.4	18.95	19.4	490400
2023-01-27	19.4	19.44	19.21	19.21	1285700
2023-01-30	19.25	19.25	19.0	19.0	519200
2023-01-31	19.0	19.2	18.72	19.2	142300
2023-02-01	19.3	19.3	18.51	18.52	353500
2023-02-02	18.72	18.72	18.47	18.55	176600
2023-02-03	18.69	18.7	18.44	18.49	132700
2023-02-06	18.4	18.63	18.28	18.56	208000
2023-02-07	18.58	18.73	18.35	18.49	2557200
2023-02-08	18.75	18.75	18.21	18.38	382200
2023-02-09	18.34	18.37	18.12	18.12	173700
2023-02-10	18.12	18.14	17.88	18.12	558300
2023-02-13	18.12	18.12	17.48	17.79	347300
2023-02-14	18.2	18.2	17.59	17.65	306100
2023-02-15	17.73	17.93	17.6	17.74	2201300
2023-02-16	17.97	17.97	17.76	17.92	892400
2023-02-17	18.0	18.0	17.85	17.86	429700
2023-02-20	17.91	18.42	17.9	18.32	205200
2023-02-21	18.45	18.66	18.39	18.4	262000
2023-02-22	18.34	18.34	18.01	18.01	616100
2023-02-23	17.94	18.02	17.5	17.98	613100
2023-02-24	17.97	17.97	17.48	17.72	138000
2023-02-27	17.66	17.66	17.05	17.22	373900
2023-02-28	17.42	17.42	17.17	17.3	530700
2023-03-01	17.2	17.7	17.06	17.54	543000
2023-03-02	17.54	17.73	17.44	17.65	517500
2023-03-03	17.8	17.8	17.27	17.27	78500
2023-03-06	17.51	17.89	17.3	17.3	150600
2023-03-07	17.59	17.69	17.39	17.45	1079000
2023-03-08	17.4	17.7	17.34	17.7	1446400
2023-03-09	17.7	17.96	17.7	17.93	2184000
2023-03-10	17.84	17.85	17.67	17.85	2243000
2023-03-13	17.7	17.92	17.7	17.87	617800
2023-03-14	17.87	17.89	17.6	17.64	245900
2023-03-15	17.84	18.8	17.84	18.12	768500
2023-03-16	18.12	18.12	17.77	17.77	686100
2023-03-17	17.83	18.06	17.79	17.8	259900
2023-03-20	17.71	17.77	17.4	17.4	1076500
2023-03-21	17.53	17.65	17.37	17.6	329800
2023-03-22	17.68	17.84	17.68	17.84	422100
2023-03-23	17.64	17.83	17.61	17.77	312800
2023-03-24	17.85	18.03	17.85	17.97	277800
2023-03-27	18.01	18.2	17.85	17.98	357000
2023-03-28	18.1	18.18	18.0	18.18	442700
2023-03-29	18.18	18.18	17.98	18.03	769000
2023-03-30	18.2	18.29	18.18	18.22	218900
2023-03-31	18.34	18.4	18.25	18.4	315600
2023-04-03	18.5	19.58	18.47	18.57	1514600
2023-04-04	18.6	18.62	18.52	18.62	1799800
2023-04-05	18.5	18.6	18.48	18.6	254000
2023-04-06	18.67	18.67	18.5	18.5	376400
2023-04-07	18.5	18.5	18.29	18.38	336500
2023-04-10	18.4	18.54	18.35	18.38	589100
2023-04-11	18.41	18.55	18.23	18.55	295400
2023-04-12	18.55	18.57	18.4	18.49	801700
2023-04-13	18.5	18.5	18.33	18.34	230100
2023-04-14	18.59	18.59	18.23	18.3	492400
2023-04-17	18.25	18.29	18.1	18.2	242200
2023-04-18	18.22	18.23	18.13	18.17	194700
2023-04-19	18.18	18.27	18.02	18.07	420700
2023-04-20	18.07	18.08	17.97	18.06	241500
2023-04-21	18.17	18.17	17.87	17.89	322800
2023-04-24	18.0	18.0	17.78	17.9	474900
2023-04-25	17.89	17.96	17.7	17.7	289900
2023-04-26	17.7	18.08	17.6	17.92	195000
2023-04-27	17.96	17.96	17.75	17.78	63700
2023-04-28	17.94	18.2	17.8	18.2	77200
2023-05-04	18.05	18.05	17.7	17.93	252800
2023-05-05	17.93	18.0	17.68	18.0	230900
2023-05-08	17.97	18.0	17.75	18.0	541300
2023-05-09	18.1	18.1	17.86	18.0	684300
2023-05-10	18.0	18.02	17.89	18.02	254800
2023-05-11	18.02	18.08	17.96	17.99	96000
2023-05-12	17.99	18.16	17.9	18.16	1227300
2023-05-15	18.18	18.42	18.17	18.24	102800
2023-05-16	18.38	18.39	18.17	18.23	297800
2023-05-17	18.23	18.32	18.03	18.03	107000
2023-05-18	18.04	18.3	18.04	18.3	57900
2023-05-19	18.15	18.3	18.04	18.2	935800
2023-05-22	18.2	18.3	18.19	18.28	530700
2023-05-23	18.29	18.4	18.01	18.01	587100
2023-05-24	18.24	18.25	18.12	18.12	1492300
2023-05-25	18.1	18.12	17.98	18.09	1140300
2023-05-26	18.11	18.12	18.04	18.05	40400
2023-05-29	18.06	18.23	18.06	18.2	286400
2023-05-30	18.3	18.38	18.2	18.25	383600
2023-05-31	18.3	18.41	18.2	18.41	149000
2023-06-01	18.41	18.45	18.2	18.2	156400
2023-06-02	18.34	18.63	18.33	18.63	184500
2023-06-05	18.6	18.88	18.5	18.5	301600
2023-06-06	18.65	18.77	18.64	18.64	155500
2023-06-07	18.82	18.9	18.81	18.82	108800
2023-06-08	18.85	19.0	18.76	18.76	79200
2023-06-09	18.76	18.8	18.64	18.74	72600
2023-06-12	18.8	18.88	18.71	18.88	104700
2023-06-13	18.9	19.05	18.9	19.03	540700
2023-06-14	19.05	19.24	19.05	19.1	467400
2023-06-15	19.1	19.12	19.0	19.0	167200
2023-06-16	19.0	19.25	19.0	19.0	565600
2023-06-19	19.07	19.07	18.79	18.89	1069900
2023-06-20	18.89	18.89	18.82	18.88	41200
2023-06-21	18.99	19.0	18.9	18.95	86500
2023-06-22	19.24	19.25	19.0	19.13	70100
2023-06-23	19.2	19.32	19.19	19.29	628600
2023-06-26	19.34	19.4	19.1	19.36	687100
2023-06-27	19.45	19.5	19.35	19.38	510300
2023-06-28	19.41	19.59	19.4	19.59	291300
2023-06-29	19.59	19.59	19.3	19.3	263600
2023-06-30	19.35	19.45	19.21	19.35	318400
2023-07-03	19.4	19.4	19.2	19.2	640100
2023-07-04	19.21	19.3	19.2	19.3	406600
2023-07-05	19.3	19.5	19.3	19.46	2743000
2023-07-06	19.3	19.47	19.2	19.4	577400
2023-07-07	19.4	19.41	19.16	19.41	1050800
2023-07-10	19.41	19.58	19.41	19.54	1275500
2023-07-11	19.74	19.75	19.6	19.6	549600
2023-07-12	19.77	19.82	19.6	19.6	59900
2023-07-13	19.62	19.8	19.62	19.8	99400
2023-07-14	19.81	19.94	19.7	19.86	78000
2023-07-17	19.89	20.05	19.88	20.0	282300
2023-07-18	20.0	20.05	19.95	20.03	216700
2023-07-19	20.03	20.11	20.03	20.11	114700
2023-07-20	20.09	20.09	19.97	20.01	89700
2023-07-21	20.01	20.29	20.01	20.25	150800
2023-07-24	20.3	20.48	20.3	20.39	146800
2023-07-25	20.39	20.65	20.39	20.5	1364000
2023-07-26	20.5	20.6	20.5	20.55	89100
2023-07-27	20.55	20.68	20.5	20.53	105800
2023-07-28	20.65	20.8	20.55	20.75	712800
2023-07-31	20.93	21.2	20.93	21.2	540800
2023-08-01	21.56	21.59	21.0	21.02	2810100
2023-08-02	21.02	21.02	20.83	20.9	1644200
2023-08-03	20.9	20.98	20.69	20.7	504600
2023-08-04	20.7	21.2	20.7	21.14	552700
2023-08-07	21.2	21.39	21.0	21.39	481900
2023-08-08	21.4	21.5	21.27	21.38	1808100
2023-08-09	21.39	21.39	21.11	21.27	173900
2023-08-10	21.3	21.36	21.06	21.1	3677700
2023-08-11	21.26	21.36	20.96	21.21	6285700
2023-08-14	21.22	21.4	21.21	21.21	3283900
2023-08-15	21.02	21.37	21.02	21.29	3309300
2023-08-16	21.29	21.59	21.29	21.42	637200
2023-08-17	21.42	21.63	21.42	21.46	2472200
2023-08-18	21.46	21.47	19.96	20.4	1893900
2023-08-21	20.4	21.0	20.3	20.45	1520500
2023-08-22	20.45	20.79	19.98	20.55	524700
2023-08-23	20.83	20.83	20.33	20.44	422700
2023-08-24	20.44	20.7	20.0	20.64	349100
2023-08-25	20.64	20.7	20.54	20.56	298500
2023-08-28	20.72	20.83	20.6	20.8	791500
2023-08-29	20.8	20.93	20.75	20.9	573500
2023-08-30	20.95	21.1	20.88	21.08	597600
2023-08-31	21.09	21.3	21.09	21.2	186100
2023-09-05	21.2	21.49	21.2	21.38	1264400
2023-09-06	21.38	21.64	21.3	21.64	1143200
2023-09-07	21.64	21.82	21.57	21.57	537100
2023-09-08	21.65	21.65	21.5	21.54	610800
2023-09-11	21.57	21.65	21.1	21.1	194400
2023-09-12	21.32	21.79	21.14	21.79	647100
2023-09-13	21.9	21.9	21.33	21.48	275500
2023-09-14	21.48	21.59	21.2	21.23	273700
2023-09-15	21.69	21.69	21.24	21.34	78100
2023-09-18	21.37	21.37	20.94	21.07	455200
2023-09-19	21.02	21.2	20.87	21.2	459400
2023-09-20	21.23	21.25	21.04	21.25	82800
2023-09-21	21.44	21.44	20.98	21.04	296800
2023-09-22	21.09	21.09	20.33	20.7	1421700
2023-09-25	20.71	21.4	20.1	20.56	775600
2023-09-26	20.78	20.78	19.85	19.99	993600
2023-09-27	19.99	20.0	19.67	20.0	1562300
2023-09-28	20.0	20.05	19.72	20.0	328100
2023-09-29	20.02	20.24	20.0	20.14	85700
2023-10-02	20.16	20.18	19.98	20.05	665900
2023-10-03	20.0	20.0	19.43	19.55	651000
2023-10-04	19.55	19.82	19.3	19.68	195900
2023-10-05	19.68	19.7	19.4	19.49	818200
2023-10-06	19.5	19.65	19.3	19.65	240400
2023-10-09	19.69	19.75	19.58	19.75	175000
2023-10-10	19.78	19.99	19.78	19.93	89800
2023-10-11	20.0	20.0	19.85	19.95	522800
2023-10-12	19.96	20.11	19.95	20.0	605900
2023-10-13	19.98	20.06	19.78	20.06	1605900
2023-10-16	20.06	20.06	19.75	19.75	534900
2023-10-17	20.0	20.0	19.79	19.8	497500
2023-10-18	19.8	19.8	19.1	19.49	533100
2023-10-19	19.49	19.68	19.11	19.68	917700
2023-10-20	19.56	19.65	18.9	19.41	242200
2023-10-23	19.47	19.47	18.92	19.17	463000
2023-10-24	19.21	19.28	18.9	19.02	2156500
2023-10-25	19.13	19.32	19.1	19.1	122900
2023-10-26	19.1	19.1	18.18	18.41	668600
2023-10-27	18.45	18.5	18.09	18.32	690800
2023-10-30	18.32	18.44	18.14	18.32	331900
2023-10-31	18.32	18.32	17.8	18.3	328500
2023-11-01	18.28	18.3	17.82	18.3	299200
2023-11-02	18.4	18.66	18.18	18.66	130800
2023-11-03	18.89	18.89	18.65	18.83	215400
2023-11-06	18.83	19.05	18.83	19.05	438900
2023-11-07	19.0	19.0	18.8	18.88	99500
2023-11-08	18.96	19.4	18.7	19.4	272200
2023-11-09	19.41	19.61	19.4	19.41	345000
2023-11-10	19.28	19.35	19.05	19.05	2083600
2023-11-13	19.06	19.24	18.96	19.05	644400
2023-11-14	19.3	19.32	19.15	19.3	238700
2023-11-15	19.52	19.77	19.52	19.56	488600
2023-11-16	19.56	19.56	19.38	19.48	63500
2023-11-17	19.55	19.6	18.95	19.12	413300
2023-11-20	19.0	19.3	18.75	19.08	1134900
2023-11-21	19.18	19.23	19.0	19.1	224400
2023-11-22	19.2	19.2	18.93	19.12	338300
2023-11-23	19.3	19.3	18.8	18.8	87000
2023-11-24	18.8	18.8	18.45	18.68	538600
2023-11-27	18.7	18.74	18.6	18.7	472000
2023-11-28	18.55	18.75	18.45	18.75	320300
2023-11-29	18.77	18.98	18.77	18.89	117700
2023-11-30	18.9	18.95	18.72	18.85	432300
2023-12-01	18.86	18.89	18.6	18.78	500300
2023-12-04	18.83	19.2	18.83	19.2	120500
2023-12-05	19.15	19.15	18.95	18.96	143400
2023-12-06	18.96	19.09	18.96	19.07	347800
2023-12-07	19.08	19.23	18.93	19.21	739800
2023-12-08	19.19	19.27	19.14	19.23	301500
2023-12-11	19.25	19.32	19.19	19.29	102700
2023-12-12	19.24	19.34	19.2	19.3	297100
2023-12-13	19.3	19.36	19.1	19.1	240300
2023-12-14	19.26	19.26	19.05	19.08	77300
2023-12-15	19.03	19.09	18.96	19.0	186900
2023-12-18	19.04	19.04	18.73	18.77	611300
2023-12-19	18.77	18.84	18.57	18.84	366300
2023-12-20	18.99	18.99	18.79	18.92	204900
2023-12-21	18.93	18.95	18.8	18.95	1123800
2023-12-22	19.0	19.0	18.85	18.95	239100
2023-12-25	18.95	19.2	18.95	19.2	642600
2023-12-26	19.2	19.25	19.16	19.24	146200
2023-12-27	19.25	19.35	19.25	19.27	217900
2023-12-28	19.16	19.51	19.16	19.43	370400
2023-12-29	19.44	19.63	19.43	19.43	2266600
2024-01-02	19.51	19.68	19.5	19.53	568300
2024-01-03	19.38	19.69	19.38	19.69	455000
2024-01-04	19.69	20.13	19.69	19.95	723900
2024-01-05	20.0	20.03	19.92	20.03	324000
2024-01-08	20.05	20.19	19.9	20.08	840300
2024-01-09	19.86	20.1	19.86	20.04	54300
2024-01-10	20.04	20.16	19.99	20.04	191900
2024-01-11	20.14	21.0	20.02	20.05	720400
2024-01-12	19.99	20.14	19.85	20.1	188300
2024-01-15	20.11	20.3	20.05	20.07	153400
2024-01-16	20.05	20.17	19.95	20.17	462600
2024-01-17	20.07	20.32	20.07	20.12	91100
2024-01-18	20.12	20.24	20.12	20.23	144100
2024-01-19	20.38	20.45	20.33	20.37	143200
2024-01-22	20.41	20.6	20.4	20.52	699100
2024-01-23	20.52	20.56	20.4	20.44	89400
2024-01-24	20.44	20.49	20.35	20.36	136600
2024-01-25	20.36	20.39	20.29	20.3	304700
2024-01-26	20.3	20.46	20.3	20.4	47500
2024-01-29	20.4	20.47	20.18	20.36	130600
2024-01-30	20.35	20.41	20.34	20.39	224100
2024-01-31	20.39	20.42	20.11	20.19	308600
2024-02-01	20.11	20.29	20.1	20.29	1344500
2024-02-02	20.31	20.34	20.2	20.23	1957500
2024-02-05	20.23	20.74	20.23	20.67	2098000
2024-02-06	20.67	20.78	20.67	20.67	106200
2024-02-07	20.7	20.95	20.69	20.95	203200
2024-02-15	20.95	21.13	20.95	20.97	697100
2024-02-16	20.98	21.13	20.98	21.1	743100
2024-02-19	21.1	21.37	21.1	21.37	856400
2024-02-20	21.39	21.44	21.28	21.44	343700
2024-02-21	21.43	21.5	21.3	21.47	482300
2024-02-22	21.48	21.48	21.33	21.42	234700
2024-02-23	21.43	21.64	21.11	21.17	982400
2024-02-26	21.15	21.29	21.07	21.29	244800
2024-02-27	21.3	21.51	21.3	21.51	808100
2024-02-28	21.51	21.76	21.51	21.76	1017800
2024-02-29	21.79	22.0	21.7	21.85	1324600
2024-03-01	21.9	21.9	21.74	21.87	198800
2024-03-04	21.87	21.98	21.81	21.94	313700
2024-03-05	21.94	22.02	21.83	22.01	284900
2024-03-06	22.01	22.19	21.91	21.91	143400
2024-03-07	21.94	22.05	21.88	21.98	186500
2024-03-08	22.03	22.08	21.64	21.69	650100
2024-03-11	21.69	21.69	20.18	21.55	1138600
2024-03-12	21.55	21.55	21.25	21.4	265000
2024-03-13	21.4	21.92	21.4	21.88	208300
2024-03-14	21.88	21.96	21.65	21.8	176000
2024-03-15	21.8	21.82	21.4	21.75	165700
2024-03-18	21.75	21.75	21.0	21.4	1028800
2024-03-19	21.3	21.37	21.15	21.26	1077100
2024-03-20	21.3	21.8	21.22	21.73	495400
2024-03-21	21.8	22.01	21.8	21.88	864600
2024-03-22	22.01	22.33	22.01	22.14	602200
2024-03-25	22.06	22.22	21.84	21.94	394500
2024-03-26	21.94	22.2	21.88	22.08	396500
2024-03-27	22.08	22.25	22.05	22.1	101400
2024-03-28	22.1	22.54	22.1	22.43	1326700
2024-03-29	22.43	22.57	22.33	22.57	175700
2024-04-01	22.55	22.55	22.17	22.38	456400
2024-04-02	22.38	22.4	22.0	22.2	7165000
2024-04-03	22.2	22.29	21.92	22.18	2335900
2024-04-04	22.18	22.18	21.87	21.9	708700
2024-04-05	21.9	21.9	21.62	21.81	317600
2024-04-08	21.81	21.81	21.55	21.69	327900
2024-04-09	21.69	21.88	21.64	21.88	119700
2024-04-10	21.88	21.97	21.79	21.84	406800
2024-04-11	21.7	21.85	21.61	21.84	798000
2024-04-12	21.85	22.11	21.8	22.1	170800
2024-04-15	21.9	22.17	21.34	21.72	407000
2024-04-16	21.7	21.72	21.01	21.72	1752200
2024-04-17	21.72	21.72	20.92	21.06	1470900
2024-04-19	21.06	21.06	20.52	20.67	656800
2024-04-22	20.7	20.93	20.7	20.93	638200
2024-04-23	20.94	20.94	20.56	20.75	701800
2024-04-24	20.75	21.3	20.75	21.27	125000
2024-04-25	21.21	21.3	21.09	21.3	802900
2024-04-26	21.28	21.55	21.07	21.55	167500
2024-05-02	21.5	21.55	21.3	21.55	508300
2024-05-03	21.56	21.7	21.54	21.58	612400
2024-05-06	21.58	21.94	21.58	21.94	216200
2024-05-07	21.94	22.08	21.9	22.08	336300
2024-05-08	22.08	22.08	21.84	22.08	1562500
2024-05-09	22.07	22.2	21.94	22.09	121600
2024-05-10	22.09	22.12	21.89	21.99	86900
2024-05-13	21.97	22.1	21.88	21.93	228300
2024-05-14	21.96	22.15	21.96	22.09	293600
2024-05-15	22.09	22.32	22.09	22.2	594800
2024-05-16	22.3	22.6	22.3	22.57	1269100
2024-05-17	22.55	22.6	22.5	22.57	552700
2024-05-20	22.57	22.8	22.57	22.67	275100
2024-05-21	22.67	22.67	22.42	22.61	327400
2024-05-22	22.61	22.73	22.34	22.5	704300
2024-05-23	22.5	22.55	22.3	22.55	840400
2024-05-24	22.44	22.68	22.25	22.5	1205500
2024-05-27	22.5	22.56	22.2	22.39	152900
2024-05-28	22.35	22.54	22.34	22.54	445900
2024-05-29	22.69	22.69	22.32	22.35	1081300
2024-05-30	22.33	22.35	21.96	22.24	1398200
2024-05-31	22.21	22.5	22.09	22.5	728100
2024-06-03	22.41	22.65	22.4	22.63	872300
2024-06-04	22.62	22.75	22.58	22.62	696600
2024-06-05	22.62	22.83	22.6	22.64	1102800
2024-06-06	22.65	22.75	22.6	22.64	504800
2024-06-07	22.68	22.86	22.68	22.8	388800
2024-06-10	22.82	22.95	22.75	22.82	602500
2024-06-11	22.84	22.9	22.7	22.8	137800
2024-06-12	22.8	23.19	22.75	23.12	610200
2024-06-13	23.2	23.3	23.13	23.3	837800
2024-06-14	23.3	23.3	23.15	23.15	961200
2024-06-17	23.14	23.14	22.79	22.84	342600
2024-06-18	22.86	22.99	22.85	22.89	287500
2024-06-19	22.9	23.0	22.66	22.92	1503300
2024-06-20	22.92	23.2	22.88	23.09	1027000
2024-06-21	23.09	23.1	22.94	23.04	68400
2024-06-24	23.04	23.04	22.49	22.65	1286200
2024-06-25	22.63	22.64	22.33	22.64	540500
2024-06-26	22.64	22.64	22.26	22.46	223600
2024-06-27	22.7	22.7	22.36	22.46	181000
2024-06-28	22.65	22.65	22.22	22.4	358800
2024-07-01	22.65	22.65	22.15	22.65	229700
2024-07-02	22.64	22.7	22.41	22.6	212900
2024-07-03	22.61	22.84	22.61	22.81	240800
2024-07-04	22.81	22.89	22.75	22.87	164300
2024-07-05	22.87	22.98	22.7	22.98	113400
2024-07-08	22.98	22.99	22.83	22.94	167400
2024-07-09	23.5	23.5	22.77	23.01	1349100
2024-07-10	23.01	23.08	22.86	22.87	728100
2024-07-11	22.99	23.0	22.81	22.81	125000
2024-07-12	22.81	22.9	22.65	22.8	158900
2024-07-15	22.8	22.81	22.68	22.75	107100
2024-07-16	22.75	22.87	22.71	22.76	350200
2024-07-17	22.77	23.1	22.64	22.72	1328000
2024-07-18	22.84	22.84	22.56	22.81	814500
2024-07-19	23.2	23.2	22.67	22.78	864700
2024-07-22	22.78	22.8	22.57	22.72	131200
2024-07-23	22.77	22.78	22.41	22.43	434200
2024-07-24	22.19	22.43	22.15	22.31	280400
2024-07-25	22.31	22.31	22.12	22.26	731300
2024-07-26	22.4	22.5	22.25	22.42	139100
2024-07-29	22.42	22.57	22.42	22.5	97400
2024-07-30	22.5	22.58	22.36	22.58	312900
2024-07-31	22.58	22.75	22.5	22.75	75500
2024-08-01	22.75	22.75	22.15	22.31	407500
2024-08-02	22.31	22.32	21.9	22.32	602900
2024-08-05	22.3	22.32	21.37	21.72	2472500
2024-08-06	21.72	22.0	21.55	22.0	620900
2024-08-07	22.09	22.09	21.77	21.98	2180200
2024-08-08	21.94	21.94	21.6	21.83	299200
2024-08-09	22.0	22.2	21.82	22.2	294800
2024-08-12	22.2	22.26	22.02	22.25	283100
2024-08-13	22.3	22.3	22.07	22.2	159400
2024-08-14	22.3	22.3	22.16	22.25	127400
2024-08-15	22.3	22.3	22.08	22.15	385500
2024-08-16	22.15	22.58	22.15	22.58	931800
2024-08-19	22.58	22.71	22.56	22.69	332100
2024-08-20	22.69	22.86	22.69	22.79	763000
2024-08-21	22.89	22.99	22.65	22.99	1010700
2024-08-22	22.99	23.06	22.95	23.03	393200
2024-08-23	23.03	23.07	22.91	23.07	146000
2024-08-26	23.05	23.14	22.5	23.05	188900
2024-08-27	22.95	23.14	22.95	23.09	129700
2024-08-28	23.03	23.14	23.03	23.12	169000
2024-08-29	23.3	23.3	23.13	23.18	187200
2024-08-30	23.18	23.27	23.16	23.27	157400
2024-09-04	23.26	23.26	22.85	22.99	1813900
2024-09-05	22.99	23.09	22.81	22.89	313200
2024-09-06	23.0	23.0	22.79	22.92	417300
2024-09-09	22.89	22.89	22.74	22.85	307500
2024-09-10	22.85	22.92	22.58	22.75	140400
2024-09-11	22.75	23.0	22.45	22.71	252400
2024-09-12	22.7	22.72	22.65	22.72	253100
2024-09-13	22.8	22.8	22.57	22.61	273900
2024-09-16	22.62	22.65	22.4	22.54	295900
2024-09-17	22.51	22.82	22.39	22.82	88600
2024-09-18	22.82	22.99	22.72	22.94	171500
2024-09-19	22.94	23.02	22.9	23.0	110100
2024-09-20	23.02	23.3	23.02	23.2	575900
2024-09-23	23.2	23.28	23.07	23.11	570600
2024-09-24	23.11	23.28	23.07	23.28	144400
2024-09-25	23.28	23.49	23.28	23.46	1206700
2024-09-26	23.46	23.79	23.46	23.7	720700
2024-09-27	23.7	23.8	23.56	23.68	325400
2024-09-30	23.68	23.68	23.55	23.65	127600
2024-10-01	23.7	23.96	23.7	23.81	312500
2024-10-02	23.81	23.81	23.58	23.78	188000
2024-10-03	23.78	23.94	23.55	23.68	125400
2024-10-04	23.68	23.68	23.38	23.38	139400
2024-10-07	23.38	23.57	23.25	23.41	142800
2024-10-08	23.41	23.53	23.31	23.5	223100
2024-10-09	23.58	23.72	23.43	23.72	302500
2024-10-10	23.71	23.93	23.71	23.8	124300
2024-10-11	23.82	23.84	23.7	23.83	149800
2024-10-14	23.85	24.0	23.77	23.77	213300
2024-10-15	23.77	23.92	23.68	23.72	337900
2024-10-16	23.7	23.75	23.61	23.7	276900
2024-10-17	23.7	24.0	23.56	23.78	563100
2024-10-18	24.0	24.0	23.8	23.93	168900
2024-10-21	23.93	23.93	23.7	23.7	489800
2024-10-22	23.84	23.84	23.5	23.68	314100
2024-10-23	23.69	23.69	23.45	23.62	234100
2024-10-24	23.61	23.63	23.29	23.29	464700
2024-10-25	23.4	23.4	23.16	23.31	1147500
2024-10-28	23.31	23.36	23.13	23.18	479200
2024-10-29	23.39	23.39	23.25	23.31	134800
2024-10-30	23.34	23.43	23.23	23.35	355100
2024-10-31	23.35	23.49	23.25	23.43	117400
2024-11-01	23.35	23.38	23.14	23.23	222800
2024-11-04	23.23	23.3	22.6	23.0	285800
2024-11-05	23.03	23.05	22.99	23.0	168900
2024-11-06	23.0	23.33	23.0	23.33	336900
2024-11-07	23.46	23.46	23.22	23.27	80900
2024-11-08	23.26	23.27	22.91	23.04	182000
2024-11-11	23.05	23.05	22.7	23.0	326500
2024-11-12	23.0	23.0	22.7	22.9	346800
2024-11-13	22.89	22.93	22.6	22.93	163000
2024-11-14	22.93	22.93	22.55	22.75	292900
2024-11-15	22.75	22.75	22.27	22.35	359100
2024-11-18	22.55	22.55	21.96	22.48	433300
2024-11-19	22.5	22.5	22.03	22.25	348400
2024-11-20	22.1	22.32	21.88	22.13	394500
2024-11-21	22.33	22.5	22.12	22.5	237900
2024-11-22	22.5	22.57	22.45	22.5	377700
2024-11-25	22.5	22.58	22.48	22.58	214400
2024-11-26	22.58	22.78	22.58	22.72	98700
2024-11-27	22.72	22.77	22.65	22.73	263000
2024-11-28	22.73	22.88	22.68	22.7	186600
2024-11-29	22.8	22.92	22.7	22.92	79000
2024-12-02	22.92	23.05	22.8	22.84	106200
2024-12-03	22.9	22.9	22.76	22.89	52200
2024-12-04	22.89	22.89	22.72	22.78	66500
2024-12-05	22.66	23.36	22.66	23.35	196700
2024-12-06	23.35	23.43	23.1	23.35	426800
2024-12-09	23.35	23.46	23.24	23.35	491400
2024-12-10	23.36	23.4	23.3	23.36	116600
2024-12-11	23.36	23.45	23.25	23.39	177900
2024-12-12	23.39	23.49	23.3	23.42	284600
2024-12-13	23.27	23.32	23.13	23.31	238600
2024-12-16	23.36	23.36	23.16	23.27	860800
2024-12-17	23.2	23.3	23.18	23.22	199100
2024-12-18	23.22	23.35	23.18	23.35	662800
2024-12-19	23.18	23.18	22.9	23.05	284100
2024-12-20	23.04	23.06	22.95	23.06	78000
2024-12-23	23.0	23.18	23.0	23.13	174200
2024-12-24	23.13	23.13	23.0	23.09	75200
2024-12-25	23.13	23.56	23.13	23.44	397800
2024-12-26	23.4	23.52	23.4	23.45	305400
2024-12-27	23.45	23.56	23.45	23.56	241800
2024-12-30	23.55	23.55	23.4	23.47	89100
2024-12-31	23.47	23.54	23.45	23.48	140300
2025-01-02	23.59	23.59	23.32	23.5	97500
2025-01-03	23.5	23.5	23.15	23.18	166600
2025-01-06	23.18	23.19	23.0	23.03	319800
2025-01-07	23.03	23.13	22.95	23.02	303900
2025-01-08	23.02	23.03	22.84	23.01	124400
2025-01-09	23.01	23.1	22.86	23.0	89800
2025-01-10	23.0	23.0	22.65	22.68	171500
2025-01-13	22.78	22.79	22.45	22.7	191800
2025-01-14	22.7	22.7	22.45	22.6	593800
2025-01-15	22.6	22.74	22.59	22.74	253600
2025-01-16	22.8	22.86	22.61	22.77	1061200
2025-01-17	22.8	22.93	22.6	22.93	366300
2025-01-20	22.93	23.1	22.93	23.0	178100
2025-01-21	23.01	23.11	22.86	23.06	237200
2025-01-22	23.06	23.06	22.9	22.9	75300
2025-01-23	23.0	23.29	23.0	23.29	179600
2025-01-24	23.3	23.4	23.18	23.4	581400
2025-02-03	23.35	23.35	22.9	22.98	319600
2025-02-04	23.05	23.2	23.01	23.2	230000
2025-02-05	23.35	23.35	23.15	23.26	320700
2025-02-06	23.27	23.4	23.24	23.35	103200
2025-02-07	23.35	23.43	23.25	23.42	160800
2025-02-10	23.37	23.37	23.15	23.3	586500
2025-02-11	23.3	23.34	23.2	23.34	245400
2025-02-12	23.33	23.42	23.32	23.35	98800
2025-02-13	23.39	23.39	23.21	23.37	208700
2025-02-14	23.38	23.5	23.35	23.41	128500
2025-02-17	23.41	23.42	23.32	23.34	146100
2025-02-18	23.35	23.5	23.27	23.4	106600
2025-02-19	23.4	23.48	23.32	23.48	129100
2025-02-20	23.48	23.55	23.48	23.54	572800
2025-02-21	23.54	23.61	23.5	23.6	383400
2025-02-24	23.6	23.8	23.57	23.8	652400
2025-02-25	23.8	23.86	23.66	23.76	129000
2025-02-26	23.76	23.82	23.67	23.79	249900
2025-02-27	23.78	23.81	23.58	23.76	397700
2025-02-28	23.76	23.76	23.55	23.74	1224900
2025-03-03	23.7	23.78	23.67	23.76	358300
2025-03-04	23.76	23.84	23.61	23.83	713600
2025-03-05	23.83	23.99	23.83	23.88	1507000
2025-03-06	23.88	24.06	23.88	24.06	251800
2025-03-07	24.06	24.18	24.05	24.15	1070800
2025-03-10	24.15	24.5	24.15	24.3	411000
2025-03-11	24.25	24.28	24.07	24.28	145000
2025-03-12	24.3	24.43	24.2	24.32	1099000
2025-03-13	24.3	24.35	24.2	24.24	408300
2025-03-14	24.24	24.35	24.15	24.24	173100
2025-03-17	24.24	24.37	24.24	24.36	173500
2025-03-18	24.36	24.42	24.26	24.29	509600
2025-03-19	24.25	24.27	24.0	24.11	168200
2025-03-20	24.11	24.17	23.83	24.1	342200
2025-03-21	24.1	24.1	24.01	24.04	99500
2025-03-24	24.0	24.26	23.96	24.26	356600
2025-03-25	24.26	24.38	24.26	24.33	126000
2025-03-26	24.3	24.35	24.13	24.24	191600
2025-03-27	24.5	24.5	24.06	24.15	201300
2025-03-28	24.15	24.15	23.93	24.15	152100
2025-03-31	24.15	24.15	23.71	23.82	284700
2025-04-01	23.82	23.94	23.77	23.81	629300
