time	open	high	low	close	volume
2017-02-27	9.22	9.22	9.22	9.22	8330
2017-02-28	9.83	9.83	9.83	9.83	460
2017-03-01	10.49	10.49	10.49	10.49	880
2017-03-02	11.22	11.22	11.22	11.22	840
2017-03-03	11.52	11.99	11.52	11.99	490
2017-03-06	12.79	12.79	12.79	12.79	120
2017-03-07	13.68	13.68	13.68	13.68	370
2017-03-08	14.6	14.6	14.6	14.6	3510
2017-03-09	15.6	15.6	15.6	15.6	900
2017-03-10	16.67	16.67	16.67	16.67	420
2017-03-13	17.82	17.82	17.82	17.82	1560
2017-03-14	19.05	19.05	19.05	19.05	120
2017-03-15	20.36	20.36	20.36	20.36	440
2017-03-16	21.78	21.78	21.78	21.78	720
2017-03-17	23.28	23.28	23.28	23.28	1750
2017-03-20	24.89	24.89	24.89	24.89	1310
2017-03-21	26.62	26.62	26.62	26.62	1970
2017-03-22	28.46	28.46	28.46	28.46	2440
2017-03-23	30.42	30.42	28.5	28.81	54520
2017-03-24	28.81	28.81	26.81	26.89	2770
2017-03-27	26.89	26.89	25.01	25.01	600
2017-03-28	23.28	23.28	23.28	23.28	40
2017-03-29	21.67	21.67	21.67	21.67	10
2017-03-30	20.17	20.17	20.17	20.17	50
2017-03-31	18.78	18.78	18.78	18.78	2850
2017-04-03	18.78	18.78	18.78	18.78	0
2017-04-04	17.48	17.48	17.48	17.48	300
2017-04-05	16.29	16.29	16.29	16.29	490
2017-04-07	15.17	15.17	15.17	15.17	10
2017-04-10	15.17	15.17	15.17	15.17	0
2017-04-11	14.14	14.14	14.14	14.14	130
2017-04-12	13.18	14.14	13.18	14.14	6390
2017-04-13	13.18	15.1	13.18	15.06	2440
2017-04-14	14.02	16.06	14.02	14.6	6540
2017-04-17	15.37	15.37	13.6	13.6	1070
2017-04-18	12.68	13.06	12.68	13.06	3240
2017-04-19	13.75	13.75	12.18	12.18	11020
2017-04-20	11.91	12.98	11.91	12.45	660
2017-04-21	12.68	13.21	11.68	11.68	860
2017-04-24	10.91	12.22	10.87	12.14	1750
2017-04-25	11.91	11.91	11.29	11.91	4490
2017-04-26	11.14	11.83	11.14	11.14	120
2017-04-27	10.37	10.37	10.37	10.37	4070
2017-04-28	10.37	10.68	9.68	10.68	480
2017-05-03	11.33	11.41	11.29	11.41	1260
2017-05-04	12.18	12.18	12.18	12.18	510
2017-05-05	13.02	13.02	13.02	13.02	5370
2017-05-08	13.91	13.91	13.29	13.29	10140
2017-05-09	13.29	14.21	13.29	14.21	8630
2017-05-10	15.14	15.17	15.14	15.17	8290
2017-05-11	16.21	16.21	16.21	16.21	2610
2017-05-12	17.32	17.32	17.32	17.32	5070
2017-05-15	18.52	18.52	18.52	18.52	3670
2017-05-16	19.78	19.78	19.78	19.78	810
2017-05-17	21.17	21.17	18.4	18.4	10430
2017-05-18	17.13	17.13	17.13	17.13	710
2017-05-19	15.94	15.94	15.94	15.94	10
2017-05-22	14.83	14.83	14.83	14.83	210
2017-05-23	13.79	13.79	13.79	13.79	210
2017-05-24	12.83	14.75	12.83	14.75	13350
2017-05-25	15.75	15.75	14.75	14.75	8320
2017-05-26	15.75	15.75	15.37	15.37	1250
2017-05-29	14.29	16.13	14.29	14.29	11810
2017-05-30	13.29	13.37	13.29	13.29	8960
2017-05-31	12.45	14.21	12.37	12.37	27480
2017-06-01	11.68	11.91	11.52	11.75	49290
2017-06-02	11.52	12.56	11.52	11.75	20430
2017-06-05	12.45	12.48	11.45	11.52	11300
2017-06-06	12.06	12.06	11.37	11.37	9410
2017-06-07	11.87	11.87	11.37	11.52	8940
2017-06-08	11.87	11.87	11.37	11.68	7810
2017-06-09	11.37	11.6	11.29	11.45	8810
2017-06-12	11.6	11.6	11.37	11.45	2220
2017-06-13	11.45	11.45	11.14	11.37	2210
2017-06-14	11.52	11.52	10.76	10.99	3040
2017-06-15	11.29	11.29	10.37	10.68	8220
2017-06-16	11.06	11.06	11.06	11.06	20
2017-06-19	11.14	11.83	11.1	11.52	27490
2017-06-20	11.75	11.91	11.68	11.68	1150
2017-06-21	11.68	11.91	11.52	11.83	2950
2017-06-22	12.29	12.29	11.52	11.91	300
2017-06-23	11.91	11.91	11.14	11.75	1080
2017-06-26	11.75	11.75	11.68	11.75	80
2017-06-27	11.83	11.87	11.75	11.75	800
2017-06-28	11.75	11.75	10.99	11.68	3520
2017-06-29	10.91	11.37	10.87	11.37	70
2017-06-30	11.37	11.52	10.76	11.29	4790
2017-07-03	11.52	11.99	11.49	11.52	1220
2017-07-04	11.83	11.83	10.76	11.6	440
2017-07-05	10.91	11.45	10.91	11.45	1150
2017-07-06	11.45	11.45	10.76	10.76	3090
2017-07-07	10.76	11.37	10.22	11.37	150
2017-07-10	11.45	11.45	10.6	11.29	5070
2017-07-11	11.29	11.29	11.29	11.29	10
2017-07-12	10.76	11.14	10.68	10.83	2820
2017-07-13	11.14	11.14	10.37	10.37	1460
2017-07-14	10.99	10.99	9.83	10.91	100
2017-07-17	10.18	10.37	10.18	10.37	4720
2017-07-18	9.68	10.76	9.68	10.76	140
2017-07-19	10.03	10.64	10.03	10.03	300
2017-07-20	9.37	10.14	9.37	10.1	730
2017-07-21	10.1	10.33	9.41	9.41	2150
2017-07-24	10.06	10.06	9.41	9.99	1330
2017-07-25	10.26	10.26	9.3	10.26	4000
2017-07-26	10.68	10.68	10.41	10.41	60
2017-07-27	9.76	10.22	9.76	10.22	300
2017-07-28	9.6	10.06	9.53	10.03	930
2017-07-31	9.45	9.8	9.37	9.8	2120
2017-08-01	9.22	9.95	9.22	9.22	8400
2017-08-02	9.8	9.8	9.8	9.8	10
2017-08-03	9.8	9.99	9.8	9.95	1060
2017-08-04	9.95	9.99	9.95	9.99	510
2017-08-07	9.99	9.99	9.6	9.99	770
2017-08-08	9.91	9.91	9.6	9.91	1090
2017-08-09	9.22	9.95	9.22	9.87	2120
2017-08-10	9.87	9.87	9.87	9.87	10
2017-08-11	9.87	9.87	9.87	9.87	10
2017-08-14	9.22	9.76	9.22	9.72	1460
2017-08-15	9.07	9.57	9.07	9.57	4510
2017-08-16	9.37	9.37	8.91	8.91	600
2017-08-17	9.22	9.53	8.37	9.18	550
2017-08-18	9.8	9.8	9.3	9.3	410
2017-08-21	9.87	9.87	9.87	9.87	10
2017-08-22	9.83	9.83	9.83	9.83	10
2017-08-23	9.83	9.83	9.83	9.83	0
2017-08-24	9.18	9.45	9.18	9.45	440
2017-08-25	10.1	10.1	9.87	9.87	110
2017-08-28	9.87	9.87	9.87	9.87	0
2017-08-29	9.87	9.87	9.87	9.87	0
2017-08-30	9.22	9.87	9.22	9.6	850
2017-08-31	9.95	9.95	9.72	9.72	50
2017-09-01	9.6	9.6	9.6	9.6	110
2017-09-05	8.95	9.53	8.95	8.95	2580
2017-09-06	9.18	9.18	9.18	9.18	10
2017-09-07	9.49	9.49	8.57	9.41	330
2017-09-08	9.26	9.26	9.26	9.26	20
2017-09-11	8.91	9.14	8.91	9.14	310
2017-09-12	9.14	9.14	9.14	9.14	0
2017-09-13	9.53	9.53	8.53	9.14	830
2017-09-14	9.18	9.22	9.18	9.22	100
2017-09-15	8.6	9.22	8.6	9.22	3340
2017-09-18	8.6	8.99	8.6	8.99	3170
2017-09-19	8.37	8.45	8.37	8.37	5290
2017-09-20	7.91	8.95	7.91	8.87	1100
2017-09-21	9.14	9.14	8.26	8.26	1030
2017-09-22	8.8	8.8	8.8	8.8	10
2017-09-25	8.57	8.57	8.57	8.57	10
2017-09-26	7.99	8.41	7.99	8.22	1130
2017-09-27	7.68	7.68	7.65	7.68	4780
2017-09-28	7.22	8.22	7.22	8.22	1550
2017-09-29	8.45	8.45	8.45	8.45	10
2017-10-02	8.45	8.45	8.45	8.45	0
2017-10-03	8.07	8.45	7.87	8.45	1070
2017-10-04	8.26	8.41	8.26	8.41	60
2017-10-05	7.84	8.26	7.84	7.84	580
2017-10-06	8.34	8.34	7.29	7.84	1390
2017-10-09	7.3	8.03	7.3	8.03	670
2017-10-10	7.47	7.99	7.47	7.99	130
2017-10-11	8.41	8.41	7.61	7.99	230
2017-10-12	7.68	7.99	7.68	7.99	1110
2017-10-13	7.99	7.99	7.61	7.61	140
2017-10-16	7.61	7.61	7.61	7.61	1040
2017-10-17	8.14	8.14	7.08	7.99	2730
2017-10-18	7.99	7.99	7.99	7.99	10
2017-10-19	8.34	8.34	8.34	8.34	10
2017-10-20	8.34	8.34	8.34	8.34	0
2017-10-23	7.76	8.34	7.76	8.34	1270
2017-10-24	7.76	8.18	7.76	8.18	170
2017-10-25	7.61	7.68	7.61	7.68	980
2017-10-26	8.18	8.18	7.15	7.99	190
2017-10-27	7.44	7.95	7.44	7.95	630
2017-10-30	7.4	7.99	7.4	7.84	1040
2017-10-31	7.3	7.68	7.29	7.68	1010
2017-11-01	7.68	7.76	7.68	7.76	30
2017-11-02	7.23	7.72	7.22	7.72	510
2017-11-03	7.72	7.72	7.72	7.72	0
2017-11-06	7.19	7.76	7.18	7.72	490
2017-11-07	7.72	7.72	7.72	7.72	10
2017-11-08	8.03	8.03	8.03	8.03	10
2017-11-09	7.47	7.68	7.47	7.47	3850
2017-11-10	7.67	7.67	7.67	7.67	10
2017-11-13	7.84	7.87	7.84	7.87	40
2017-11-14	8.3	8.3	8.3	8.3	10
2017-11-15	8.3	8.3	8.3	8.3	0
2017-11-16	7.72	7.72	7.72	7.72	90
2017-11-17	7.2	8.26	7.19	7.91	1280
2017-11-20	7.91	7.91	7.91	7.91	0
2017-11-21	8.3	8.3	8.3	8.3	10
2017-11-22	8.3	8.3	7.72	7.72	4030
2017-11-23	7.72	7.72	7.72	7.72	0
2017-11-24	7.72	7.72	7.3	7.72	240
2017-11-27	7.22	7.72	7.18	7.72	5380
2017-11-28	7.84	7.84	7.76	7.76	30
2017-11-29	7.76	7.76	7.76	7.76	110
2017-11-30	7.72	7.72	7.22	7.22	3420
2017-12-01	7.26	7.68	7.26	7.61	1600
2017-12-04	7.61	8.07	7.08	7.68	3180
2017-12-05	7.61	7.64	7.3	7.3	340
2017-12-06	7.22	7.76	7.22	7.68	230
2017-12-07	7.17	7.17	7.17	7.17	70
2017-12-08	7.22	7.59	7.22	7.59	200
2017-12-11	7.68	7.68	7.15	7.59	350
2017-12-12	7.8	7.8	7.07	7.07	5940
2017-12-13	7.52	7.52	7.52	7.52	10
2017-12-14	7.5	7.5	7.5	7.5	10
2017-12-15	7.44	7.44	7.3	7.3	2160
2017-12-18	7.22	7.22	7.15	7.15	60
2017-12-19	7.51	7.51	7.14	7.14	20
2017-12-20	7.57	7.57	7.13	7.13	110
2017-12-21	7.54	7.54	7.08	7.08	80
2017-12-22	6.92	7.41	6.92	7.08	110
2017-12-25	6.93	7.08	6.93	7.08	60
2017-12-26	6.94	7.08	6.94	7.08	20
2017-12-27	6.95	7.22	6.9	6.9	350
2017-12-28	6.91	7.29	6.91	6.91	3810
2017-12-29	6.91	7.28	6.91	7.28	170
2018-01-02	7.29	7.68	6.81	6.81	260
2018-01-03	6.53	6.53	6.38	6.38	1040
2018-01-04	6.38	6.79	6.38	6.38	870
2018-01-05	6.65	6.67	6.65	6.67	1370
2018-01-08	7.13	7.13	6.57	6.57	210
2018-01-09	6.57	7.02	6.45	7.02	3170
2018-01-10	7.07	7.3	6.91	7.3	880
2018-01-11	7.53	7.53	7.53	7.53	10
2018-01-12	7.01	7.68	7.01	7.68	2190
2018-01-15	7.22	7.61	7.14	7.61	4430
2018-01-16	7.61	7.61	7.38	7.38	1100
2018-01-17	7.45	7.61	7.23	7.23	1120
2018-01-18	6.92	7.61	6.92	7.11	1220
2018-01-19	7.45	7.59	7.04	7.04	80
2018-01-22	7.07	7.07	6.91	7.07	360
2018-01-23	7.07	7.07	7.07	7.07	0
2018-01-24	7.07	7.07	7.07	7.07	0
2018-01-25	7.53	7.53	6.76	7.29	1350
2018-01-26	6.78	6.91	6.78	6.91	3400
2018-01-29	6.91	6.91	6.91	6.91	320
2018-01-30	7.3	7.4	6.99	7.4	5330
2018-01-31	7.4	7.91	7.4	7.91	10780
2018-02-01	8.37	8.45	8.37	8.45	4610
2018-02-02	9.03	9.03	9.03	9.03	5110
2018-02-05	9.64	9.64	9.6	9.64	9020
2018-02-06	10.29	10.29	10.29	10.29	40180
2018-02-07	10.99	10.99	10.76	10.99	22700
2018-02-08	11.75	11.75	10.68	11.75	14280
2018-02-09	10.95	10.95	10.95	10.95	840
2018-02-12	10.95	10.95	10.22	10.22	760
2018-02-13	9.53	9.53	9.53	9.53	1260
2018-02-21	9.53	9.53	8.87	8.87	2910
2018-02-22	8.26	8.87	8.26	8.26	11790
2018-02-23	7.68	7.68	7.68	7.68	11170
2018-02-26	8.22	8.22	7.84	8.22	9150
2018-02-27	8.72	8.76	8.45	8.76	5650
2018-02-28	9.33	9.33	9.33	9.33	9820
2018-03-01	9.99	9.99	9.6	9.6	33760
2018-03-02	10.22	10.22	8.95	9.99	1110
2018-03-05	9.6	9.6	9.3	9.3	2650
2018-03-06	8.68	9.22	8.68	8.68	6680
2018-03-07	9.22	9.22	8.68	9.22	790
2018-03-08	8.6	9.22	8.6	9.18	200
2018-03-09	9.18	9.22	8.6	9.14	1040
2018-03-12	9.14	9.14	8.53	8.53	1720
2018-03-13	8.07	9.1	8.07	8.57	4220
2018-03-14	9.14	9.14	8.6	9.1	320
2018-03-15	8.49	9.22	8.49	9.22	1870
2018-03-16	8.6	9.22	8.6	9.22	2930
2018-03-19	9.22	9.22	8.6	9.22	2250
2018-03-20	9.22	9.22	8.6	9.14	500
2018-03-21	8.53	9.14	8.53	8.6	1470
2018-03-22	8.6	9.18	8.6	9.18	520
2018-03-23	8.57	9.18	8.57	9.07	80
2018-03-26	9.07	9.07	8.99	8.99	3050
2018-03-27	8.99	8.99	8.99	8.99	30
2018-03-28	8.95	8.99	8.95	8.95	130
2018-03-29	8.45	8.84	8.45	8.84	990
2018-03-30	8.45	8.45	8.22	8.45	470
2018-04-02	7.87	8.45	7.87	8.45	810
2018-04-03	8.45	8.45	7.87	7.87	1450
2018-04-04	7.68	8.41	7.33	8.41	6270
2018-04-05	8.84	8.84	8.84	8.84	10
2018-04-06	8.22	8.72	8.22	8.22	290
2018-04-09	8.3	8.45	7.65	8.45	8580
2018-04-10	8.45	8.45	8.41	8.41	570
2018-04-11	8.07	8.07	8.07	8.07	90
2018-04-12	7.51	8.07	7.51	8.07	100
2018-04-13	7.68	8.41	7.68	8.07	1080
2018-04-16	8.22	8.45	8.22	8.22	1030
2018-04-17	7.68	8.22	7.68	8.22	50
2018-04-18	8.22	8.22	8.22	8.22	270
2018-04-19	8.22	8.22	8.07	8.14	310
2018-04-20	8.14	8.14	8.14	8.14	0
2018-04-23	8.14	8.14	7.68	7.76	9380
2018-04-24	7.91	8.3	7.91	8.3	450
2018-04-26	7.84	8.87	7.84	8.87	3370
2018-04-27	9.37	9.37	8.37	9.37	2760
2018-05-02	9.6	9.6	9.6	9.6	110
2018-05-03	8.95	8.95	8.95	8.95	50
2018-05-04	9.53	9.53	9.22	9.22	400
2018-05-07	9.22	9.37	9.22	9.33	30
2018-05-08	9.76	9.76	8.68	9.57	80
2018-05-09	9.53	9.53	9.22	9.22	9460
2018-05-10	8.68	9.45	8.6	9.37	1210
2018-05-11	8.84	9.37	8.84	9.37	120
2018-05-14	9.37	9.37	9.22	9.37	50
2018-05-15	9.3	9.83	8.72	9.83	10530
2018-05-16	9.83	9.83	9.83	9.83	100
2018-05-17	9.18	9.83	9.18	9.76	690
2018-05-18	9.26	9.76	9.1	9.76	1010
2018-05-21	10.4	10.4	10.03	10.03	1110
2018-05-22	10.12	10.21	10.03	10.21	1100
2018-05-23	10.21	10.4	10.21	10.4	120
2018-05-24	10.58	10.58	10.49	10.58	240
2018-05-25	10.03	10.03	9.99	9.99	60
2018-05-28	10.21	10.21	10.03	10.03	100
2018-05-29	9.99	9.99	9.99	9.99	100
2018-05-30	10.26	10.26	9.3	9.53	280
2018-05-31	9.12	10.08	8.86	10.03	2400
2018-06-01	9.53	9.53	9.35	9.35	1070
2018-06-04	8.7	9.3	8.7	9.3	940
2018-06-05	8.66	8.66	8.66	8.66	100
2018-06-06	9.12	9.12	8.94	8.94	230
2018-06-07	9.35	9.35	9.21	9.3	1120
2018-06-08	9.3	9.3	9.3	9.3	170
2018-06-11	9.71	9.71	9.26	9.3	1820
2018-06-12	9.8	9.8	8.75	8.75	1390
2018-06-13	9.3	9.3	9.3	9.3	100
2018-06-14	9.57	9.57	9.3	9.3	40
2018-06-15	9.12	9.12	8.66	8.66	230
2018-06-18	8.66	8.66	8.21	8.21	210
2018-06-19	8.03	8.03	7.75	7.75	500
2018-06-20	7.75	8.25	7.75	8.21	390
2018-06-21	8.78	8.78	8.3	8.3	350
2018-06-22	8.3	8.3	8.3	8.3	30
2018-06-25	8.33	8.33	8.3	8.3	410
2018-06-26	7.75	8.3	7.72	8.3	4440
2018-06-27	8.11	8.85	8.11	8.85	80
2018-06-28	8.23	9.12	8.23	8.23	380
2018-06-29	7.75	7.75	7.75	7.75	20
2018-07-02	8.21	8.21	7.21	8.21	720
2018-07-03	8.21	8.66	8.02	8.66	190
2018-07-04	8.06	8.21	8.06	8.12	750
2018-07-05	7.75	8.57	7.75	8.57	250
2018-07-06	8.57	8.57	8.57	8.57	90
2018-07-09	9.12	9.12	9.12	9.12	20
2018-07-10	9.12	9.12	9.12	9.12	0
2018-07-11	9.12	9.12	9.12	9.12	0
2018-07-12	8.48	8.48	8.48	8.48	160
2018-07-13	8.48	8.48	8.48	8.48	0
2018-07-16	8.66	8.66	8.21	8.21	40
2018-07-17	8.21	8.21	8.21	8.21	50
2018-07-18	7.63	7.63	7.63	7.63	10
2018-07-19	7.11	8.12	7.11	7.3	160
2018-07-20	7.3	7.3	7.3	7.3	10
2018-07-23	7.66	7.66	7.66	7.66	20
2018-07-24	7.66	8.12	7.66	8.12	1070
2018-07-25	8.66	8.66	8.66	8.66	10
2018-07-26	9.12	9.12	8.66	8.66	20
2018-07-27	9.16	9.16	8.66	8.66	50
2018-07-30	8.65	8.65	8.65	8.65	10
2018-07-31	8.66	9.03	8.21	9.03	1140
2018-08-01	8.84	8.84	8.84	8.84	10
2018-08-02	8.23	8.84	8.23	8.84	2410
2018-08-03	8.23	8.85	8.23	8.23	1880
2018-08-06	8.23	8.66	8.23	8.66	20
2018-08-07	8.21	8.75	8.06	8.06	700
2018-08-08	8.57	8.57	8.48	8.48	250
2018-08-09	8.66	8.66	8.66	8.66	10
2018-08-10	8.66	8.66	8.66	8.66	0
2018-08-13	8.66	8.66	8.66	8.66	200
2018-08-14	9.03	9.26	9.03	9.26	60
2018-08-15	8.61	9.76	8.61	9.76	2400
2018-08-16	9.08	9.08	9.08	9.08	1290
2018-08-17	9.08	9.08	9.08	9.08	0
2018-08-20	9.21	9.21	8.46	8.46	130
2018-08-21	8.45	8.93	7.88	8.92	1740
2018-08-22	8.31	8.94	8.3	8.94	750
2018-08-23	9.03	9.03	9.03	9.03	10
2018-08-24	8.44	8.97	8.4	8.97	4680
2018-08-27	8.97	8.97	8.97	8.97	0
2018-08-28	9.03	9.03	9.03	9.03	10
2018-08-29	9.03	9.03	9.03	9.03	0
2018-08-30	9.03	9.03	9.03	9.03	0
2018-08-31	8.4	8.65	8.4	8.4	1880
2018-09-04	8.94	8.98	8.21	8.89	1320
2018-09-05	9.02	9.02	8.29	8.93	310
2018-09-06	8.93	8.93	8.93	8.93	0
2018-09-07	8.31	8.89	8.31	8.31	270
2018-09-10	8.31	8.31	8.31	8.31	50
2018-09-11	8.31	8.83	7.85	8.83	270
2018-09-12	8.83	8.83	8.83	8.83	0
2018-09-13	8.83	8.83	8.83	8.83	0
2018-09-14	8.57	8.57	8.57	8.57	10
2018-09-17	8.57	8.57	8.57	8.57	0
2018-09-18	8.02	8.16	8.02	8.02	5960
2018-09-19	8.57	8.57	7.47	7.47	460
2018-09-20	7.52	7.52	7.52	7.52	1280
2018-09-21	7.52	7.58	7.52	7.58	2050
2018-09-24	7.59	7.59	7.11	7.11	1100
2018-09-25	7.6	7.61	7.31	7.31	1240
2018-09-26	7.82	7.82	7.82	7.82	210
2018-09-27	8.12	8.37	8.12	8.37	20
2018-09-28	8.33	8.33	8.21	8.3	90
2018-10-01	8.3	8.32	8.3	8.3	140
2018-10-02	8.66	8.66	8.3	8.56	550
2018-10-03	8.57	8.66	8.48	8.57	270
2018-10-04	8.21	8.21	8.21	8.21	50
2018-10-05	8.66	8.66	8.66	8.66	10
2018-10-08	8.21	8.21	8.21	8.21	3700
2018-10-09	8.21	8.21	8.21	8.21	0
2018-10-10	8.02	8.2	8.02	8.2	400
2018-10-11	7.63	7.63	7.63	7.63	620
2018-10-12	7.75	7.75	7.74	7.74	1160
2018-10-15	8.21	8.25	8.21	8.25	110
2018-10-16	8.21	8.38	7.75	8.38	210
2018-10-17	8.38	8.38	8.38	8.38	0
2018-10-18	8.64	8.64	8.64	8.64	10
2018-10-19	8.64	8.64	8.64	8.64	0
2018-10-22	8.37	8.38	8.04	8.38	570
2018-10-23	8.38	8.38	8.38	8.38	0
2018-10-24	8.12	8.65	8.12	8.65	680
2018-10-25	8.12	8.66	8.12	8.48	540
2018-10-26	8.66	8.66	8.66	8.66	170
2018-10-29	8.66	8.66	8.66	8.66	60
2018-10-30	8.3	8.3	8.3	8.3	210
2018-10-31	8.48	8.48	8.3	8.3	1050
2018-11-01	8.86	8.86	8.3	8.3	1030
2018-11-02	8.3	8.3	8.3	8.3	0
2018-11-05	8.3	8.3	8.3	8.3	0
2018-11-06	7.72	8.39	7.72	8.39	360
2018-11-07	8.39	8.39	8.39	8.39	0
2018-11-08	8.39	8.39	8.39	8.39	0
2018-11-09	8.39	8.39	8.39	8.39	120
2018-11-12	8.39	8.39	8.39	8.39	0
2018-11-13	8.39	8.39	8.39	8.39	0
2018-11-14	8.39	8.39	7.84	7.84	110
2018-11-15	8.38	8.38	7.33	8.38	30
2018-11-16	8.38	8.38	8.38	8.38	0
2018-11-19	7.84	7.84	7.84	7.84	220
2018-11-20	7.75	8.21	7.3	8.21	890
2018-11-21	8.21	8.21	8.21	8.21	10
2018-11-22	7.75	7.75	7.63	7.63	100
2018-11-23	8.16	8.16	7.12	8.16	30
2018-11-26	8.12	8.47	8.12	8.47	20
2018-11-27	8.47	8.47	8.47	8.47	0
2018-11-28	8.57	8.57	8.57	8.57	10
2018-11-29	8.57	8.66	8.57	8.66	720
2018-11-30	8.66	8.66	8.66	8.66	0
2018-12-03	8.66	8.66	8.66	8.66	0
2018-12-04	9.02	9.02	8.07	8.07	1780
2018-12-05	8.62	8.62	8.62	8.62	90
2018-12-06	8.21	8.21	8.21	8.21	50
2018-12-07	8.21	8.21	8.21	8.21	240
2018-12-10	8.21	8.21	8.21	8.21	10
2018-12-11	8.21	8.21	8.21	8.21	0
2018-12-12	8.21	8.21	8.21	8.21	2190
2018-12-13	7.63	7.64	7.63	7.64	660
2018-12-14	8.17	8.17	8.17	8.17	10
2018-12-17	8.17	8.17	8.17	8.17	0
2018-12-18	8.65	8.65	8.65	8.65	10
2018-12-19	8.05	8.05	8.05	8.05	1160
2018-12-20	7.5	7.5	7.5	7.5	20
2018-12-21	8.02	8.02	7.5	8.01	180
2018-12-24	8.01	8.01	7.45	7.45	110
2018-12-25	7.45	7.45	7.45	7.45	110
2018-12-26	7.45	7.45	7.45	7.45	170
2018-12-27	7.45	7.45	7.45	7.45	0
2018-12-28	7.97	7.97	7.96	7.96	60
2019-01-02	7.96	7.96	7.96	7.96	0
2019-01-03	8.39	8.39	7.96	7.96	1030
2019-01-04	8.5	8.5	8.5	8.5	10
2019-01-07	8.48	8.48	8.48	8.48	10
2019-01-08	8.48	8.48	8.48	8.48	0
2019-01-09	7.93	8.46	7.93	8.46	610
2019-01-10	8.46	8.46	8.46	8.46	0
2019-01-11	8.46	8.46	8.46	8.46	0
2019-01-14	8.66	8.66	8.66	8.66	10
2019-01-15	8.66	8.66	8.66	8.66	0
2019-01-16	8.21	8.21	8.21	8.21	90
2019-01-17	8.21	8.21	8.21	8.21	0
2019-01-18	7.75	7.75	7.64	7.66	2050
2019-01-21	7.8	7.8	7.8	7.8	40
2019-01-22	8.21	8.21	7.8	7.8	100
2019-01-23	7.8	8.32	7.8	7.8	700
2019-01-24	7.8	8.29	7.8	8.29	210
2019-01-25	8.02	8.02	8.02	8.02	540
2019-01-28	8.48	8.48	8.02	8.02	130
2019-01-29	8.02	8.02	8.02	8.02	0
2019-01-30	8.12	8.12	8.02	8.02	780
2019-01-31	8.12	8.56	8.03	8.56	240
2019-02-01	8.12	8.12	8.1	8.11	3120
2019-02-11	8.48	8.48	8.48	8.48	10
2019-02-12	8.47	8.47	8.47	8.47	10
2019-02-13	8.66	8.66	8.47	8.47	30
2019-02-14	8.47	8.47	8.47	8.47	0
2019-02-15	8.66	8.66	7.88	8.62	8010
2019-02-18	8.65	8.65	8.65	8.65	10
2019-02-19	8.05	8.55	8.05	8.55	100
2019-02-20	8.16	8.62	8.12	8.62	1840
2019-02-21	8.21	8.58	8.21	8.58	220
2019-02-22	8.57	8.57	8.57	8.57	10
2019-02-25	8.66	8.66	8.21	8.21	180
2019-02-26	8.53	8.53	8.03	8.03	820
2019-02-27	8.03	8.03	8.03	8.03	0
2019-02-28	8.07	8.08	8.07	8.07	110
2019-03-01	8.07	8.07	8.07	8.07	80
2019-03-04	8.63	8.63	8.62	8.62	40
2019-03-05	8.65	8.65	8.13	8.61	280
2019-03-06	8.61	8.61	8.61	8.61	0
2019-03-07	8.08	8.47	8.08	8.08	160
2019-03-08	8.61	8.61	8.61	8.61	10
2019-03-11	8.61	8.61	8.21	8.21	120
2019-03-12	8.21	8.21	8.21	8.21	0
2019-03-13	8.21	8.21	8.21	8.21	0
2019-03-14	8.21	8.21	8.21	8.21	1230
2019-03-15	8.3	8.34	8.3	8.34	200
2019-03-18	8.57	8.57	8.37	8.54	100
2019-03-19	8.54	8.54	8.54	8.54	0
2019-03-20	8.22	8.22	8.22	8.22	50
2019-03-21	8.62	8.62	8.02	8.02	220
2019-03-22	8.04	8.04	8.02	8.02	150
2019-03-25	8.55	8.55	8.47	8.47	110
2019-03-26	8.52	8.52	8.52	8.52	60
2019-03-27	8.52	8.52	8.52	8.52	0
2019-03-28	8.52	8.52	8.52	8.52	0
2019-03-29	8.52	8.52	8.52	8.52	0
2019-04-01	9.03	9.03	8.48	9.03	60
2019-04-02	9.03	9.03	9.03	9.03	0
2019-04-03	9.03	9.03	9.03	9.03	0
2019-04-04	9.03	9.03	9.03	9.03	0
2019-04-05	9.03	9.03	9.03	9.03	0
2019-04-08	9.03	9.03	8.48	8.48	290
2019-04-09	8.48	8.48	8.48	8.48	0
2019-04-10	8.39	8.39	8.22	8.22	110
2019-04-11	8.21	8.21	8.21	8.21	120
2019-04-12	8.2	8.75	7.63	8.75	2640
2019-04-16	8.66	8.66	8.66	8.66	10
2019-04-17	8.66	8.66	8.66	8.66	0
2019-04-18	8.66	8.66	8.66	8.66	0
2019-04-19	8.07	8.56	8.07	8.56	670
2019-04-22	8.66	8.66	8.66	8.66	100
2019-04-23	8.66	8.66	8.66	8.66	0
2019-04-24	8.21	8.22	8.21	8.21	5520
2019-04-25	8.21	8.21	8.21	8.21	0
2019-04-26	8.21	8.21	8.21	8.21	0
2019-05-02	8.46	8.65	8.46	8.65	110
2019-05-03	8.65	8.65	8.65	8.65	0
2019-05-06	8.47	8.47	8.47	8.47	10
2019-05-07	8.47	8.47	8.47	8.47	0
2019-05-08	8.47	8.47	8.47	8.47	0
2019-05-09	8.39	8.39	8.39	8.39	110
2019-05-10	8.39	8.39	8.39	8.39	0
2019-05-13	8.39	8.39	8.39	8.39	0
2019-05-14	8.39	8.39	8.39	8.39	30
2019-05-15	8.39	8.39	8.39	8.39	0
2019-05-16	8.39	8.39	8.39	8.39	0
2019-05-17	7.81	8.39	7.81	8.39	390
2019-05-20	8.39	8.39	8.39	8.39	100
2019-05-21	8.39	8.39	8.39	8.39	0
2019-05-22	8.39	8.39	8.39	8.39	0
2019-05-23	8.39	8.39	8.39	8.39	0
2019-05-24	8.39	8.39	8.39	8.39	0
2019-05-27	8.39	8.39	8.39	8.39	100
2019-05-28	8.39	8.39	8.39	8.39	0
2019-05-29	8.39	8.39	8.39	8.39	0
2019-05-30	8.12	8.12	8.12	8.12	70
2019-05-31	8.12	8.12	8.12	8.12	0
2019-06-03	8.39	8.39	8.39	8.39	110
2019-06-04	8.29	8.39	8.29	8.39	80
2019-06-05	8.39	8.39	8.39	8.39	0
2019-06-06	7.82	7.82	7.81	7.81	630
2019-06-07	7.82	7.82	7.82	7.82	50
2019-06-10	7.82	7.82	7.82	7.82	0
2019-06-11	7.82	7.82	7.82	7.82	0
2019-06-12	7.28	7.34	7.28	7.3	630
2019-06-13	7.3	7.3	7.3	7.3	0
2019-06-14	7.3	7.3	7.3	7.3	0
2019-06-17	7.81	7.81	7.81	7.81	570
2019-06-18	7.81	7.81	7.81	7.81	800
2019-06-19	7.81	7.81	7.81	7.81	40
2019-06-20	7.81	7.81	7.81	7.81	0
2019-06-21	7.66	7.66	7.66	7.66	120
2019-06-24	7.81	7.81	7.81	7.81	150
2019-06-25	7.3	7.3	7.3	7.3	1000
2019-06-26	7.3	7.3	7.3	7.3	0
2019-06-27	7.3	7.3	7.3	7.3	0
2019-06-28	7.3	7.3	7.3	7.3	0
2019-07-01	7.48	7.48	7.48	7.48	100
2019-07-02	8.0	8.0	8.0	8.0	10
2019-07-03	8.0	8.0	8.0	8.0	0
2019-07-04	7.75	7.75	7.75	7.75	240
2019-07-05	8.25	8.25	8.25	8.25	40
2019-07-08	8.2	8.2	8.2	8.2	100
2019-07-09	8.2	8.2	8.2	8.2	0
2019-07-10	8.12	8.12	8.12	8.12	250
2019-07-11	8.12	8.12	8.12	8.12	0
2019-07-12	7.84	7.84	7.84	7.84	100
2019-07-15	7.84	7.84	7.84	7.84	0
2019-07-16	8.39	8.39	8.24	8.25	1010
2019-07-17	8.25	8.25	8.25	8.25	0
2019-07-18	8.25	8.25	8.25	8.25	0
2019-07-19	7.68	7.69	7.68	7.68	2470
2019-07-22	7.93	7.93	7.75	7.75	100
2019-07-23	7.75	7.75	7.3	7.3	400
2019-07-24	7.21	7.21	7.21	7.21	120
2019-07-25	6.85	6.85	6.84	6.84	500
2019-07-26	6.84	6.84	6.84	6.84	0
2019-07-29	6.84	6.84	6.57	6.57	1610
2019-07-30	6.57	6.57	6.11	6.11	1700
2019-07-31	5.74	5.74	5.74	5.74	1010
2019-08-01	6.15	6.15	5.52	5.52	1020
2019-08-02	5.13	5.13	5.13	5.13	10
2019-08-05	4.78	5.49	4.78	5.47	110
2019-08-06	5.65	5.65	5.65	5.65	10
2019-08-07	5.65	6.05	5.65	6.05	40
2019-08-08	6.05	6.05	6.05	6.05	0
2019-08-09	6.05	6.05	6.05	6.05	0
2019-08-12	6.05	6.05	6.05	6.05	0
2019-08-13	6.05	6.05	6.05	6.05	0
2019-08-14	6.05	6.05	6.05	6.05	400
2019-08-15	6.02	6.02	6.02	6.02	70
2019-08-16	6.02	6.02	6.02	6.02	0
2019-08-19	5.61	5.61	5.61	5.61	10
2019-08-20	5.61	6.0	5.22	6.0	30
2019-08-21	5.93	6.42	5.59	5.59	120
2019-08-22	5.97	5.97	5.47	5.47	60
2019-08-23	5.85	5.85	5.85	5.85	40
2019-08-26	5.47	5.47	5.47	5.47	10
2019-08-27	5.47	5.47	5.47	5.47	0
2019-08-28	5.47	5.47	5.47	5.47	250
2019-08-29	5.47	5.47	5.47	5.47	0
2019-08-30	5.15	5.15	5.15	5.15	250
2019-09-03	5.51	5.51	5.11	5.11	300
2019-09-04	5.11	5.11	5.11	5.11	0
2019-09-05	5.11	5.11	5.11	5.11	0
2019-09-06	5.46	5.46	5.46	5.46	50
2019-09-09	5.46	5.46	5.46	5.46	0
2019-09-10	5.84	5.84	5.84	5.84	10
2019-09-11	6.24	6.24	6.24	6.24	10
2019-09-12	6.24	6.24	6.24	6.24	0
2019-09-13	6.24	6.24	6.24	6.24	0
2019-09-16	6.38	6.38	6.38	6.38	40
2019-09-17	6.38	6.38	6.38	6.38	0
2019-09-18	6.47	6.47	6.47	6.47	10
2019-09-19	6.47	6.47	6.47	6.47	0
2019-09-20	6.38	6.38	6.38	6.38	100
2019-09-23	6.66	6.66	6.66	6.66	110
2019-09-24	6.83	7.12	6.83	7.12	60
2019-09-25	7.12	7.12	7.12	7.12	0
2019-09-26	7.12	7.12	7.12	7.12	0
2019-09-27	7.61	7.61	6.84	6.84	390
2019-09-30	7.31	7.31	6.66	6.66	110
2019-10-01	6.66	6.66	6.66	6.66	0
2019-10-02	6.66	6.66	6.66	6.66	0
2019-10-03	7.11	7.11	6.2	6.2	940
2019-10-04	5.77	5.77	5.77	5.77	1010
2019-10-07	6.17	6.17	6.17	6.17	20
2019-10-08	5.74	5.74	5.74	5.74	10
2019-10-09	6.15	6.15	6.15	6.15	100
2019-10-10	6.47	6.47	6.47	6.47	20
2019-10-11	6.47	6.47	6.47	6.47	10
2019-10-14	6.47	6.47	6.47	6.47	0
2019-10-15	6.47	6.47	6.47	6.47	50
2019-10-16	6.47	6.47	6.47	6.47	0
2019-10-17	6.47	6.47	6.47	6.47	0
2019-10-18	6.47	6.47	6.47	6.47	0
2019-10-21	6.47	6.47	6.47	6.47	0
2019-10-22	6.47	6.47	6.47	6.47	0
2019-10-23	6.38	6.38	6.38	6.38	10
2019-10-24	6.38	6.38	6.38	6.38	0
2019-10-25	6.38	6.38	6.38	6.38	0
2019-10-28	6.83	6.83	6.83	6.83	10
2019-10-29	6.38	7.3	6.38	7.3	1300
2019-10-30	6.79	6.79	6.79	6.79	110
2019-10-31	7.2	7.27	7.2	7.27	20
2019-11-01	7.74	7.74	6.84	6.84	610
2019-11-04	7.31	7.31	7.31	7.31	10
2019-11-05	7.31	7.31	7.31	7.31	0
2019-11-06	7.31	7.31	7.31	7.31	0
2019-11-07	7.75	7.75	7.75	7.75	210
2019-11-08	7.75	7.75	7.75	7.75	0
2019-11-11	7.75	7.75	7.75	7.75	0
2019-11-12	7.75	7.75	7.75	7.75	20
2019-11-13	7.75	7.75	7.75	7.75	0
2019-11-14	7.75	7.75	7.75	7.75	0
2019-11-15	7.75	7.75	7.75	7.75	100
2019-11-18	7.75	7.75	7.75	7.75	0
2019-11-19	7.75	7.75	7.75	7.75	0
2019-11-20	7.75	7.75	7.75	7.75	0
2019-11-21	7.66	8.29	7.66	8.29	30
2019-11-22	7.75	7.75	7.75	7.75	50
2019-11-25	7.75	7.75	7.75	7.75	0
2019-11-26	7.75	7.75	7.75	7.75	0
2019-11-27	7.75	7.75	7.75	7.75	0
2019-11-28	7.75	7.75	7.75	7.75	1170
2019-11-29	7.21	7.21	7.21	7.21	210
2019-12-02	7.21	7.21	6.71	6.74	1420
2019-12-03	6.74	6.74	6.74	6.74	0
2019-12-04	6.38	6.38	6.38	6.38	10
2019-12-05	6.38	6.38	6.38	6.38	0
2019-12-06	6.38	6.38	6.38	6.38	30
2019-12-09	6.38	6.38	6.37	6.37	570
2019-12-10	6.37	6.37	6.37	6.37	0
2019-12-11	6.37	6.37	6.37	6.37	0
2019-12-12	6.37	6.37	6.37	6.37	0
2019-12-13	6.2	6.2	6.2	6.2	60
2019-12-16	6.2	6.2	6.2	6.2	10
2019-12-17	6.2	6.2	6.2	6.2	0
2019-12-18	6.2	6.2	6.2	6.2	0
2019-12-19	6.2	6.2	6.2	6.2	0
2019-12-20	6.2	6.2	6.2	6.2	140
2019-12-23	6.2	6.2	6.2	6.2	300
2019-12-24	5.79	5.79	5.79	5.79	20
2019-12-25	5.79	5.79	5.79	5.79	0
2019-12-26	5.79	5.79	5.79	5.79	0
2019-12-27	5.79	5.79	5.79	5.79	0
2019-12-30	5.79	5.79	5.79	5.79	0
2019-12-31	5.93	5.93	5.93	5.93	110
2020-01-02	5.93	5.93	5.93	5.93	110
2020-01-03	5.93	5.93	5.93	5.93	110
2020-01-06	6.11	6.11	6.11	6.11	20
2020-01-07	6.11	6.11	6.11	6.11	0
2020-01-08	5.93	5.93	5.93	5.93	50
2020-01-09	5.93	5.93	5.93	5.93	40
2020-01-10	6.34	6.34	6.34	6.34	20
2020-01-13	6.34	6.34	6.34	6.34	0
2020-01-14	6.34	6.34	6.34	6.34	100
2020-01-15	6.34	6.34	6.34	6.34	0
2020-01-16	6.34	6.34	6.34	6.34	0
2020-01-17	6.34	6.34	6.34	6.34	0
2020-01-20	6.34	6.34	6.34	6.34	0
2020-01-21	6.34	6.34	6.34	6.34	0
2020-01-22	6.34	6.34	6.34	6.34	0
2020-01-30	6.47	6.47	6.47	6.47	10
2020-01-31	6.79	6.79	6.79	6.79	10
2020-02-03	6.79	6.79	6.79	6.79	0
2020-02-04	6.79	6.79	6.79	6.79	0
2020-02-05	6.79	6.79	6.79	6.79	0
2020-02-06	6.93	6.93	6.93	6.93	10
2020-02-07	7.11	7.11	7.11	7.11	10
2020-02-10	6.84	6.84	6.84	6.84	70
2020-02-11	6.84	6.84	6.84	6.84	0
2020-02-12	6.84	6.84	6.84	6.84	0
2020-02-13	6.84	6.84	6.84	6.84	0
2020-02-14	6.37	7.02	6.37	7.02	20
2020-02-17	6.54	6.66	6.54	6.66	130
2020-02-18	6.66	6.66	6.66	6.66	0
2020-02-19	6.2	7.02	6.2	7.02	30
2020-02-20	7.02	7.02	7.02	7.02	0
2020-02-21	7.02	7.02	7.02	7.02	0
2020-02-24	7.02	7.02	7.02	7.02	0
2020-02-25	6.57	6.57	6.57	6.57	20
2020-02-26	6.84	6.93	6.84	6.93	5000
2020-02-27	6.93	6.93	6.93	6.93	600
2020-02-28	6.45	6.45	6.45	6.45	10
2020-03-02	6.45	6.45	6.45	6.45	0
2020-03-03	6.45	6.45	6.45	6.45	0
2020-03-04	6.45	6.45	6.45	6.45	10
2020-03-05	6.45	6.45	6.45	6.45	0
2020-03-06	6.45	6.45	6.45	6.45	0
2020-03-09	6.0	6.0	6.0	6.0	20
2020-03-10	6.0	6.0	6.0	6.0	0
2020-03-11	5.74	5.74	5.74	5.74	100
2020-03-12	5.74	5.74	5.74	5.74	0
2020-03-13	5.74	5.74	5.74	5.74	100
2020-03-16	5.74	5.74	5.74	5.74	0
2020-03-17	5.74	5.74	5.74	5.74	0
2020-03-18	5.74	5.74	5.47	5.47	1160
2020-03-19	5.47	5.47	5.47	5.47	10
2020-03-20	5.47	5.47	5.47	5.47	0
2020-03-23	5.74	5.74	5.74	5.74	10
2020-03-24	5.74	5.74	5.74	5.74	0
2020-03-25	5.34	5.74	5.34	5.74	30
2020-03-26	6.14	6.14	6.14	6.14	20
2020-03-27	6.14	6.14	6.14	6.14	0
2020-03-30	5.71	5.71	5.71	5.71	20
2020-03-31	5.71	5.71	5.71	5.71	0
2020-04-01	5.47	5.47	5.47	5.47	10
2020-04-03	5.47	5.47	5.47	5.47	0
2020-04-06	5.47	5.85	5.09	5.85	180
2020-04-07	6.26	6.26	6.26	6.26	60
2020-04-08	6.26	6.26	6.26	6.26	0
2020-04-09	6.38	6.38	5.82	6.26	80
2020-04-10	6.38	6.38	6.38	6.38	30
2020-04-13	6.47	6.47	6.47	6.47	10
2020-04-14	6.47	6.47	6.47	6.47	0
2020-04-15	6.47	6.47	6.47	6.47	0
2020-04-16	6.47	6.47	6.47	6.47	0
2020-04-17	6.47	6.47	6.47	6.47	0
2020-04-20	6.47	6.47	6.47	6.47	0
2020-04-21	6.47	6.47	6.47	6.47	0
2020-04-22	6.57	6.66	6.57	6.66	20
2020-04-23	6.66	6.66	6.66	6.66	0
2020-04-24	6.66	6.66	6.66	6.66	0
2020-04-27	6.66	6.66	6.66	6.66	0
2020-04-28	6.75	6.75	6.75	6.75	10
2020-04-29	6.75	6.75	6.75	6.75	0
2020-05-04	6.75	6.75	6.75	6.75	0
2020-05-05	6.75	6.75	6.75	6.75	0
2020-05-06	6.75	6.75	6.75	6.75	280
2020-05-07	6.75	6.75	6.75	6.75	0
2020-05-08	6.75	6.75	6.75	6.75	0
2020-05-11	6.28	7.2	6.28	6.28	530
2020-05-12	5.85	6.72	5.85	6.72	150
2020-05-13	7.11	7.11	7.11	7.11	10
2020-05-14	7.11	7.11	7.11	7.11	0
2020-05-15	7.61	7.61	7.61	7.61	10
2020-05-18	7.61	7.61	7.61	7.61	0
2020-05-19	7.57	8.12	7.57	8.12	1210
2020-05-20	7.57	7.57	7.57	7.57	500
2020-05-21	7.57	7.57	7.57	7.57	310
2020-05-22	7.57	7.57	7.57	7.57	0
2020-05-25	7.04	7.04	7.04	7.04	240
2020-05-26	7.04	7.39	7.02	7.39	630
2020-05-27	7.39	7.39	7.39	7.39	0
2020-05-28	7.3	7.84	7.3	7.84	350
2020-05-29	7.3	7.3	7.3	7.3	40
2020-06-01	7.3	7.3	6.78	7.3	330
2020-06-02	6.78	6.78	6.78	6.78	200
2020-06-03	6.78	6.78	6.78	6.78	0
2020-06-04	6.31	6.78	6.31	6.78	60
2020-06-05	6.32	7.09	6.31	7.09	280
2020-06-08	6.6	6.6	6.6	6.6	130
2020-06-09	6.6	6.6	6.6	6.6	0
2020-06-10	6.6	6.6	6.6	6.6	140
2020-06-11	6.29	6.29	6.2	6.2	100
2020-06-12	5.77	5.77	5.77	5.77	240
2020-06-15	5.47	5.93	5.37	5.93	510
2020-06-16	5.93	5.93	5.93	5.93	0
2020-06-17	5.93	5.93	5.93	5.93	30
2020-06-18	5.93	5.93	5.93	5.93	0
2020-06-19	5.65	5.65	5.65	5.65	100
2020-06-22	6.05	6.05	6.04	6.05	710
2020-06-23	5.93	5.93	5.93	5.93	500
2020-06-24	6.34	6.34	6.29	6.29	640
2020-06-25	6.29	6.29	6.29	6.29	140
2020-06-26	6.73	6.73	6.56	6.56	740
2020-06-29	6.98	6.98	6.98	6.98	830
2020-06-30	6.49	6.49	6.49	6.49	60
2020-07-01	6.94	6.94	6.92	6.92	30
2020-07-02	6.47	6.47	6.47	6.47	100
2020-07-03	6.04	6.45	6.03	6.03	1070
2020-07-06	6.03	6.03	5.61	5.61	1630
2020-07-07	6.0	6.0	6.0	6.0	10
2020-07-08	5.99	5.99	5.58	5.58	60
2020-07-09	5.93	5.93	5.93	5.93	10
2020-07-10	5.91	5.91	5.91	5.91	10
2020-07-13	5.91	5.91	5.91	5.91	600
2020-07-14	5.84	5.93	5.84	5.93	100
2020-07-15	5.93	5.93	5.93	5.93	0
2020-07-16	5.52	5.93	5.52	5.93	30
2020-07-17	5.93	5.93	5.93	5.93	0
2020-07-20	5.53	5.93	5.53	5.93	180
2020-07-21	5.93	5.93	5.93	5.93	0
2020-07-22	5.53	5.93	5.52	5.93	910
2020-07-23	5.93	5.93	5.93	5.93	30
2020-07-24	6.18	6.18	5.93	5.93	170
2020-07-27	5.52	5.52	5.52	5.52	320
2020-07-28	5.13	5.13	5.13	5.13	910
2020-07-29	4.78	5.49	4.78	5.49	3530
2020-07-30	5.87	5.87	5.84	5.84	20
2020-07-31	5.93	5.93	5.93	5.93	10
2020-08-03	5.93	5.93	5.93	5.93	10
2020-08-04	6.02	6.02	6.02	6.02	10
2020-08-05	6.02	6.02	6.02	6.02	0
2020-08-06	6.02	6.02	6.02	6.02	0
2020-08-07	5.93	5.97	5.6	5.97	410
2020-08-10	5.97	5.97	5.97	5.97	0
2020-08-11	5.56	5.56	5.56	5.56	600
2020-08-12	5.74	5.84	5.74	5.84	710
2020-08-13	5.74	5.74	5.74	5.74	90
2020-08-14	5.74	5.74	5.74	5.74	0
2020-08-17	5.36	5.36	5.36	5.36	90
2020-08-18	5.36	5.36	5.36	5.36	340
2020-08-19	5.47	5.47	5.47	5.47	10
2020-08-20	5.47	5.47	5.47	5.47	0
2020-08-21	5.1	5.1	5.1	5.1	230
2020-08-24	5.1	5.1	5.1	5.1	20
2020-08-25	5.1	5.45	5.1	5.38	880
2020-08-26	5.1	5.1	5.02	5.02	1290
2020-08-27	5.02	5.02	4.92	4.92	470
2020-08-28	4.92	4.92	4.92	4.92	420
2020-08-31	4.92	4.92	4.92	4.92	210
2020-09-01	5.11	5.2	5.11	5.2	1480
2020-09-03	5.23	5.23	5.23	5.23	710
2020-09-04	5.24	5.24	5.24	5.24	100
2020-09-07	5.24	5.61	5.24	5.61	20
2020-09-08	5.61	5.61	5.56	5.56	1170
2020-09-09	5.3	5.3	5.3	5.3	10
2020-09-10	5.3	5.3	5.3	5.3	10
2020-09-11	5.3	5.3	5.3	5.3	0
2020-09-14	5.29	5.29	5.29	5.29	210
2020-09-15	5.29	5.29	5.05	5.29	2900
2020-09-16	5.29	5.29	5.29	5.29	0
2020-09-17	5.29	5.29	5.29	5.29	0
2020-09-18	5.02	5.02	5.02	5.02	80
2020-09-21	5.02	5.02	4.92	4.92	1830
2020-09-22	5.25	5.25	4.74	4.74	1800
2020-09-23	5.07	5.07	5.02	5.07	1060
2020-09-24	5.07	5.07	5.07	5.07	0
2020-09-25	4.84	5.02	4.83	4.83	360
2020-09-28	4.83	4.83	4.83	4.83	2310
2020-09-29	4.83	4.83	4.83	4.83	100
2020-09-30	4.83	4.83	4.83	4.83	90
2020-10-01	5.11	5.11	4.83	4.83	190
2020-10-02	4.83	4.83	4.83	4.83	0
2020-10-05	4.83	4.83	4.83	4.83	30
2020-10-06	4.83	4.83	4.83	4.83	0
2020-10-07	4.83	4.83	4.83	4.83	0
2020-10-08	5.11	5.11	5.02	5.11	70
2020-10-09	5.11	5.11	5.11	5.11	0
2020-10-12	5.11	5.11	5.02	5.02	240
2020-10-13	5.02	5.02	5.02	5.02	60
2020-10-14	5.02	5.02	5.02	5.02	0
2020-10-15	5.11	5.11	4.92	4.92	900
2020-10-16	5.1	5.1	5.1	5.1	70
2020-10-19	5.11	5.11	5.06	5.06	250
2020-10-20	5.02	5.02	5.02	5.02	200
2020-10-21	4.68	4.74	4.68	4.69	700
2020-10-22	4.7	4.7	4.7	4.7	80
2020-10-23	4.7	4.7	4.7	4.7	0
2020-10-26	4.7	4.7	4.7	4.7	0
2020-10-27	5.02	5.02	5.02	5.02	30
2020-10-28	4.97	4.98	4.97	4.97	80
2020-10-29	4.97	4.97	4.62	4.62	510
2020-10-30	4.62	4.62	4.62	4.62	100
2020-11-02	4.62	4.62	4.62	4.62	0
2020-11-03	4.83	4.83	4.83	4.83	10
2020-11-04	4.83	4.83	4.83	4.83	160
2020-11-05	4.83	4.83	4.83	4.83	0
2020-11-06	4.79	4.83	4.74	4.74	1220
2020-11-09	4.74	4.74	4.74	4.74	0
2020-11-10	4.74	4.83	4.74	4.83	250
2020-11-11	4.83	4.83	4.79	4.79	230
2020-11-12	4.56	4.56	4.56	4.56	200
2020-11-13	4.87	4.87	4.56	4.56	680
2020-11-16	4.83	4.88	4.83	4.88	930
2020-11-17	5.02	5.02	4.92	5.02	2860
2020-11-18	5.02	5.02	4.83	4.83	850
2020-11-19	4.83	4.83	4.74	4.74	1020
2020-11-20	4.74	4.76	4.74	4.74	5000
2020-11-23	4.74	4.74	4.74	4.74	1300
2020-11-24	5.02	5.02	4.92	4.92	140
2020-11-25	4.92	5.02	4.92	5.02	550
2020-11-26	5.02	5.02	5.02	5.02	440
2020-11-27	5.02	5.02	5.02	5.02	90
2020-11-30	5.02	5.29	5.02	5.2	1710
2020-12-01	5.11	5.47	5.11	5.47	140
2020-12-02	5.85	5.85	5.74	5.85	630
2020-12-03	5.85	6.26	5.85	6.26	1800
2020-12-04	6.6	6.6	6.6	6.6	280
2020-12-07	6.43	6.6	6.38	6.6	1240
2020-12-08	6.6	6.75	6.29	6.29	160
2020-12-09	6.29	6.29	5.93	5.93	2290
2020-12-10	5.93	5.93	5.93	5.93	0
2020-12-11	5.93	5.93	5.93	5.93	130
2020-12-14	5.93	5.94	5.56	5.56	2100
2020-12-15	5.47	5.93	5.21	5.21	390
2020-12-16	5.21	5.47	5.02	5.47	730
2020-12-17	5.56	5.56	5.56	5.56	1100
2020-12-18	5.47	5.47	5.21	5.21	260
2020-12-21	5.22	5.55	5.22	5.55	350
2020-12-22	5.55	5.55	5.55	5.55	10
2020-12-23	5.55	5.55	5.55	5.55	150
2020-12-24	5.55	5.55	5.55	5.55	0
2020-12-25	5.55	5.55	5.55	5.55	30
2020-12-28	5.7	5.94	5.47	5.7	820
2020-12-29	5.7	5.7	5.7	5.7	60
2020-12-30	5.56	6.09	5.56	6.09	100
2020-12-31	6.11	6.51	6.11	6.51	5260
2021-01-04	6.96	6.96	6.96	6.96	2200
2021-01-05	7.02	7.02	7.02	7.02	100
2021-01-06	6.84	6.84	6.75	6.75	2100
2021-01-07	6.75	6.75	6.75	6.75	200
2021-01-08	6.75	6.75	6.29	6.29	1100
2021-01-11	6.29	6.3	6.29	6.3	1500
2021-01-12	6.3	6.57	6.3	6.57	3500
2021-01-13	6.61	6.61	6.61	6.61	200
2021-01-14	6.61	6.61	6.61	6.61	0
2021-01-15	6.57	7.07	6.38	7.07	4300
2021-01-18	7.07	7.3	7.02	7.02	3000
2021-01-19	6.57	6.57	6.57	6.57	800
2021-01-20	7.03	7.03	6.12	6.12	1200
2021-01-21	6.54	6.54	6.54	6.54	2800
2021-01-22	6.54	6.57	6.54	6.57	9000
2021-01-25	6.61	7.02	6.61	7.02	8000
2021-01-26	7.02	7.11	7.02	7.02	2700
2021-01-27	7.02	7.02	7.02	7.02	0
2021-01-28	7.02	7.02	7.02	7.02	1900
2021-01-29	7.02	7.02	7.02	7.02	700
2021-02-01	6.54	6.54	6.54	6.54	100
2021-02-02	6.54	6.54	6.54	6.54	0
2021-02-03	6.54	6.54	6.54	6.54	0
2021-02-04	6.54	6.54	6.54	6.54	0
2021-02-05	6.54	6.54	6.54	6.54	0
2021-02-08	6.54	6.54	6.54	6.54	0
2021-02-09	6.54	6.54	6.54	6.54	0
2021-02-17	6.54	6.54	6.54	6.54	0
2021-02-18	6.29	6.29	6.29	6.29	300
2021-02-19	5.85	6.73	5.85	6.73	300
2021-02-22	6.73	6.73	6.73	6.73	0
2021-02-23	6.73	6.73	6.73	6.73	0
2021-02-24	6.73	6.73	6.73	6.73	0
2021-02-25	6.73	6.73	6.73	6.73	0
2021-02-26	6.73	6.73	6.73	6.73	0
2021-03-01	6.73	6.73	6.73	6.73	0
2021-03-02	6.73	6.73	6.73	6.73	0
2021-03-03	6.73	6.73	6.73	6.73	0
2021-03-04	6.73	6.73	6.73	6.73	0
2021-03-05	6.73	6.73	6.73	6.73	0
2021-03-08	6.73	6.73	6.73	6.73	0
2021-03-09	6.38	6.66	6.38	6.38	1700
2021-03-10	6.38	6.38	6.38	6.38	0
2021-03-11	6.38	6.38	6.38	6.38	0
2021-03-12	6.29	6.38	6.29	6.38	1000
2021-03-15	6.83	6.83	6.83	6.83	6200
2021-03-16	6.84	6.93	6.84	6.93	3300
2021-03-17	6.47	6.47	6.47	6.47	1100
2021-03-18	6.84	6.84	6.57	6.57	4200
2021-03-19	7.02	7.02	6.57	7.02	300
2021-03-22	7.2	7.2	7.2	7.2	100
2021-03-23	7.71	7.71	7.71	7.71	12800
2021-03-24	7.93	8.02	7.93	7.93	2400
2021-03-25	8.44	8.48	8.39	8.48	4500
2021-03-26	8.48	8.66	8.48	8.66	200
2021-03-29	9.21	9.21	8.06	8.62	2600
2021-03-30	8.63	8.66	8.62	8.62	1100
2021-03-31	8.62	8.66	8.57	8.66	7900
2021-04-01	8.66	9.26	8.66	9.21	2700
2021-04-02	9.67	9.76	9.57	9.76	7900
2021-04-05	10.4	10.4	10.4	10.4	7200
2021-04-06	10.49	11.08	10.49	11.08	12700
2021-04-07	11.08	11.76	11.08	11.67	11100
2021-04-08	11.76	12.04	11.76	12.04	2600
2021-04-09	12.45	12.86	12.45	12.86	16100
2021-04-12	13.72	13.72	13.72	13.72	2500
2021-04-13	14.68	14.68	14.68	14.68	5900
2021-04-14	15.68	15.68	15.68	15.68	2900
2021-04-15	16.78	16.78	16.78	16.78	5900
2021-04-16	17.92	17.92	17.92	17.92	7500
2021-04-19	19.15	19.15	19.15	19.15	5100
2021-04-20	20.47	20.47	20.47	20.47	13600
2021-04-22	21.89	21.89	21.89	21.89	5100
2021-04-23	23.39	23.39	23.39	23.39	8700
2021-04-26	24.99	24.99	24.99	24.99	2800
2021-04-27	26.72	26.72	26.72	26.72	4200
2021-04-28	28.59	28.59	28.59	28.59	2000
2021-04-29	30.55	30.55	30.55	30.55	7900
2021-05-04	32.65	32.65	28.45	28.45	33700
2021-05-05	26.49	26.49	26.49	26.49	5600
2021-05-06	24.67	24.67	24.67	24.67	3200
2021-05-07	22.98	22.98	22.98	22.98	500
2021-05-10	21.38	21.38	21.38	21.38	1300
2021-05-11	19.93	19.93	19.93	19.93	2200
2021-05-12	18.56	18.56	18.56	18.56	300
2021-05-13	17.28	17.28	17.28	17.28	2200
2021-05-14	16.1	16.1	16.1	16.1	6300
2021-05-17	15.0	17.19	15.0	17.01	130800
2021-05-18	17.01	18.19	15.82	15.82	21100
2021-05-19	14.73	16.32	14.73	14.73	27000
2021-05-20	14.73	14.73	13.72	13.72	26900
2021-05-21	13.72	14.5	12.86	14.5	11400
2021-05-24	14.6	15.3	13.5	13.5	40000
2021-05-25	14.0	14.0	13.5	13.9	7200
2021-05-26	13.9	13.9	12.95	13.7	42500
2021-05-27	13.7	13.7	12.75	12.75	28400
2021-05-28	11.95	11.95	11.9	11.9	33100
2021-05-31	11.1	11.8	11.1	11.8	17600
2021-06-01	11.8	12.3	11.1	12.3	7900
2021-06-02	13.15	13.15	12.3	13.15	34300
2021-06-03	14.05	14.05	12.25	14.0	53900
2021-06-04	14.3	14.3	13.2	13.95	14600
2021-06-07	13.95	13.95	13.0	13.0	21100
2021-06-08	12.1	12.5	12.1	12.1	107100
2021-06-09	12.1	12.9	11.3	12.1	39200
2021-06-10	12.1	12.9	12.1	12.9	19600
2021-06-11	13.1	13.1	12.05	12.9	14100
2021-06-14	12.9	12.9	12.4	12.4	4400
2021-06-15	12.3	12.35	12.0	12.0	5200
2021-06-16	12.0	12.5	12.0	12.1	8600
2021-06-17	12.0	12.1	11.3	11.8	90400
2021-06-18	11.8	11.95	11.8	11.8	6700
2021-06-21	11.5	12.2	11.5	12.0	4600
2021-06-22	12.0	12.0	11.3	11.6	4200
2021-06-23	11.6	11.6	11.5	11.6	14200
2021-06-24	11.6	12.0	11.0	11.2	10900
2021-06-25	11.2	11.8	11.2	11.5	12100
2021-06-28	11.6	11.6	11.5	11.6	3400
2021-06-29	11.6	11.6	11.1	11.15	22100
2021-06-30	11.6	11.6	10.8	11.3	10800
2021-07-01	11.3	11.3	11.2	11.2	1700
2021-07-02	11.1	11.1	10.95	11.1	2100
2021-07-05	11.1	11.1	10.8	10.9	11700
2021-07-06	10.8	10.8	10.3	10.4	21000
2021-07-07	10.3	11.0	10.2	10.5	2700
2021-07-08	10.5	10.5	10.0	10.5	8300
2021-07-09	10.8	10.8	10.0	10.0	3300
2021-07-12	9.9	10.0	9.6	9.6	2700
2021-07-13	9.6	9.89	9.6	9.7	5800
2021-07-14	10.1	10.35	10.1	10.35	10400
2021-07-15	10.9	11.05	10.9	11.05	22000
2021-07-16	11.8	11.8	11.75	11.8	26700
2021-07-19	12.5	12.5	11.0	11.5	23800
2021-07-20	10.7	11.6	10.7	11.3	9700
2021-07-21	10.55	11.6	10.55	10.6	3500
2021-07-22	9.9	11.3	9.9	11.3	43000
2021-07-23	12.0	12.0	10.8	11.9	12100
2021-07-26	11.8	11.9	11.1	11.5	1800
2021-07-27	11.3	11.9	11.0	11.55	6800
2021-07-28	11.15	11.5	11.0	11.4	3000
2021-07-29	10.8	11.4	10.7	11.4	1100
2021-07-30	11.8	11.8	10.75	11.45	5200
2021-08-02	10.65	11.8	10.65	10.65	18800
2021-08-03	10.65	10.85	10.1	10.85	3800
2021-08-04	10.85	11.2	10.85	11.1	7100
2021-08-05	11.1	11.5	11.0	11.05	3400
2021-08-06	11.1	11.1	10.9	10.9	3300
2021-08-09	10.8	10.9	10.3	10.9	3800
2021-08-10	10.9	10.9	10.5	10.75	6400
2021-08-11	10.7	10.7	10.5	10.7	7200
2021-08-12	10.5	10.8	10.35	10.7	7000
2021-08-13	10.7	10.7	10.7	10.7	2700
2021-08-16	10.7	10.7	10.5	10.65	14300
2021-08-17	10.5	10.5	10.25	10.35	19500
2021-08-18	10.15	10.25	10.15	10.25	5500
2021-08-19	10.3	10.85	10.2	10.25	6400
2021-08-20	10.25	10.25	10.15	10.15	3400
2021-08-23	10.15	10.7	10.15	10.55	14700
2021-08-24	10.0	11.25	10.0	10.7	5400
2021-08-25	10.7	10.7	10.2	10.7	2300
2021-08-26	10.6	10.6	10.1	10.5	1700
2021-08-27	10.8	10.8	10.25	10.6	600
2021-08-30	10.6	10.6	10.15	10.2	10200
2021-08-31	10.5	10.5	10.15	10.3	1800
2021-09-01	10.5	10.5	10.2	10.45	2300
2021-09-06	10.5	10.5	10.1	10.45	12900
2021-09-07	10.2	10.3	10.2	10.3	4400
2021-09-08	10.3	10.4	10.3	10.3	4000
2021-09-09	10.0	10.3	10.0	10.25	7300
2021-09-10	10.15	10.2	10.15	10.2	5300
2021-09-13	10.2	10.2	10.05	10.1	13200
2021-09-14	10.05	10.1	9.99	10.0	15400
2021-09-15	9.95	10.0	9.94	10.0	2700
2021-09-16	10.05	10.05	10.0	10.0	16100
2021-09-17	10.0	10.15	10.0	10.15	3000
2021-09-20	10.0	10.15	10.0	10.15	10200
2021-09-21	10.15	10.15	10.1	10.1	3900
2021-09-22	10.2	10.25	10.0	10.2	14600
2021-09-23	10.25	10.3	10.2	10.25	3600
2021-09-24	10.4	10.45	10.1	10.2	3500
2021-09-27	10.7	10.7	10.2	10.3	9100
2021-09-28	10.4	10.4	10.2	10.3	3400
2021-09-29	10.5	10.5	10.2	10.3	1500
2021-09-30	10.4	10.4	10.0	10.3	4800
2021-10-01	10.2	10.35	10.2	10.2	3000
2021-10-04	10.3	10.3	10.2	10.3	3400
2021-10-05	10.3	10.3	10.0	10.3	2100
2021-10-06	10.2	10.3	10.1	10.2	800
2021-10-07	10.3	10.3	10.2	10.3	1200
2021-10-08	10.5	10.5	10.05	10.3	4400
2021-10-11	10.3	10.4	10.1	10.4	6500
2021-10-12	10.0	10.3	10.0	10.3	8300
2021-10-13	10.2	10.3	10.0	10.0	3000
2021-10-14	10.3	10.3	10.2	10.3	4500
2021-10-15	10.0	10.3	10.0	10.3	4300
2021-10-18	10.5	10.5	10.0	10.3	12900
2021-10-19	10.25	10.25	10.05	10.1	8300
2021-10-20	10.3	10.35	10.05	10.3	10200
2021-10-21	10.4	10.4	10.05	10.1	3400
2021-10-22	10.15	10.3	10.1	10.1	3100
2021-10-25	10.1	10.3	10.1	10.1	8200
2021-10-26	10.3	10.3	10.0	10.15	3000
2021-10-27	10.3	10.3	9.9	10.3	13500
2021-10-28	10.3	10.3	10.1	10.25	14700
2021-10-29	10.3	10.3	10.2	10.25	7000
2021-11-01	10.3	10.3	10.1	10.25	4100
2021-11-02	10.25	10.3	9.59	10.25	4800
2021-11-03	10.25	10.25	10.0	10.1	7600
2021-11-04	10.25	10.25	10.2	10.2	7600
2021-11-05	10.2	10.25	10.0	10.1	8100
2021-11-08	10.1	10.1	10.0	10.1	8400
2021-11-09	10.2	10.2	10.1	10.15	4000
2021-11-10	10.0	10.15	10.0	10.05	7200
2021-11-11	10.15	10.6	10.1	10.3	51300
2021-11-12	10.65	11.0	10.55	11.0	44200
2021-11-15	11.75	11.75	11.75	11.75	10200
2021-11-16	12.55	12.55	12.5	12.55	40600
2021-11-17	13.4	13.4	12.05	12.8	95000
2021-11-18	12.3	13.45	12.3	13.2	20000
2021-11-19	13.2	13.2	12.3	12.3	44000
2021-11-22	11.6	12.15	11.45	11.45	41700
2021-11-23	10.7	11.5	10.7	11.45	8400
2021-11-24	11.45	12.2	11.45	11.7	6900
2021-11-25	11.7	11.9	11.6	11.65	6200
2021-11-26	11.6	11.95	11.0	11.95	27400
2021-11-29	11.15	11.8	11.15	11.8	22400
2021-11-30	11.8	12.1	11.3	12.1	38400
2021-12-01	12.1	12.1	11.5	11.6	9900
2021-12-02	11.6	11.9	11.6	11.85	6900
2021-12-03	11.65	11.9	11.6	11.6	20200
2021-12-06	11.6	11.6	11.2	11.55	7200
2021-12-07	11.6	11.85	11.55	11.85	19500
2021-12-08	11.8	11.8	11.6	11.7	4400
2021-12-09	11.3	11.5	11.3	11.5	3300
2021-12-10	11.5	11.8	11.4	11.8	8500
2021-12-13	11.9	11.9	11.3	11.6	8100
2021-12-14	11.9	12.4	11.9	12.25	36700
2021-12-15	12.25	12.25	12.15	12.15	4100
2021-12-16	12.0	12.5	11.3	12.4	6700
2021-12-17	12.0	12.0	11.8	11.8	2700
2021-12-20	11.5	11.75	11.2	11.2	4800
2021-12-21	11.6	11.6	11.3	11.5	6600
2021-12-22	11.4	12.0	11.4	11.45	9700
2021-12-23	11.5	11.7	11.45	11.7	2400
2021-12-24	11.15	11.8	11.15	11.25	2300
2021-12-27	12.0	12.0	11.6	11.8	6800
2021-12-28	11.8	12.0	11.8	11.8	4600
2021-12-29	11.8	11.8	11.4	11.4	1400
2021-12-30	11.8	11.8	11.4	11.45	5000
2021-12-31	11.25	11.4	11.25	11.4	2600
2022-01-04	11.4	11.75	11.2	11.4	13100
2022-01-05	11.5	11.95	11.5	11.85	4800
2022-01-06	11.8	11.85	11.5	11.5	2000
2022-01-07	11.5	11.8	11.5	11.8	4200
2022-01-10	11.75	11.75	11.5	11.55	4300
2022-01-11	11.7	11.7	11.4	11.4	300
2022-01-12	11.0	11.4	10.9	11.0	5700
2022-01-13	11.0	11.4	11.0	11.4	2300
2022-01-14	11.4	11.4	11.4	11.4	200
2022-01-17	11.4	11.4	10.65	10.9	6500
2022-01-18	11.25	11.25	10.15	10.9	10400
2022-01-19	10.9	10.9	10.9	10.9	600
2022-01-20	10.15	10.9	10.15	10.9	300
2022-01-21	10.8	10.8	10.25	10.75	3400
2022-01-24	10.75	10.75	10.2	10.3	16800
2022-01-25	10.3	10.3	10.1	10.3	2400
2022-01-26	10.3	10.55	10.3	10.55	1800
2022-01-27	10.0	10.1	10.0	10.1	2000
2022-01-28	10.1	10.5	10.1	10.15	11900
2022-02-07	10.2	10.4	10.1	10.4	7100
2022-02-08	10.4	10.7	10.4	10.6	3200
2022-02-09	10.8	10.8	10.6	10.6	300
2022-02-10	10.85	10.85	10.7	10.7	3000
2022-02-11	10.5	10.5	10.5	10.5	300
2022-02-14	10.7	10.7	10.5	10.65	5300
2022-02-15	10.65	10.65	10.2	10.65	4600
2022-02-16	10.7	10.8	10.2	10.2	2200
2022-02-17	10.2	10.9	10.2	10.9	11400
2022-02-18	10.9	11.65	10.7	11.2	4300
2022-02-21	11.2	11.2	10.9	10.9	1100
2022-02-22	11.1	11.1	10.65	10.65	3100
2022-02-23	10.65	10.65	10.0	10.6	6800
2022-02-24	10.6	10.6	10.0	10.6	2100
2022-02-25	10.35	10.45	10.2	10.2	13300
2022-02-28	10.2	10.9	10.2	10.5	4800
2022-03-01	10.3	10.6	10.2	10.6	2600
2022-03-02	10.6	10.6	10.6	10.6	1700
2022-03-03	10.6	10.7	10.0	10.7	7000
2022-03-04	10.7	10.7	10.2	10.2	12400
2022-03-07	10.7	10.7	10.6	10.6	700
2022-03-08	10.6	10.6	9.86	10.35	18500
2022-03-09	10.0	10.35	9.8	10.35	3300
2022-03-10	10.35	10.4	10.35	10.35	8300
2022-03-11	10.0	10.3	10.0	10.0	21400
2022-03-14	10.0	10.35	10.0	10.35	4300
2022-03-15	10.35	10.35	10.0	10.2	2000
2022-03-16	10.2	10.2	10.2	10.2	500
2022-03-17	10.35	10.35	10.1	10.2	2200
2022-03-18	10.3	10.4	10.1	10.2	3400
2022-03-21	10.2	10.3	10.05	10.3	2400
2022-03-22	10.5	10.5	10.3	10.45	5200
2022-03-23	10.5	10.5	10.4	10.4	9800
2022-03-24	10.2	10.4	10.2	10.4	500
2022-03-25	10.2	10.2	10.2	10.2	1000
2022-03-28	10.2	10.35	10.05	10.1	12300
2022-03-29	10.15	10.35	10.15	10.35	2200
2022-03-30	10.05	10.35	10.05	10.25	5400
2022-03-31	10.25	10.35	10.05	10.05	4600
2022-04-01	10.0	10.35	10.0	10.35	6900
2022-04-04	10.35	10.35	10.0	10.0	6300
2022-04-05	10.1	10.3	10.1	10.3	300
2022-04-06	10.3	10.3	10.1	10.3	2300
2022-04-07	10.3	10.3	10.05	10.05	2200
2022-04-08	10.05	10.2	10.0	10.2	8300
2022-04-12	10.2	10.2	10.2	10.2	6500
2022-04-13	10.0	10.3	10.0	10.3	300
2022-04-14	10.25	10.3	10.0	10.0	2300
2022-04-15	10.0	10.2	10.0	10.2	3700
2022-04-18	10.1	10.2	9.91	10.05	6600
2022-04-19	10.0	10.05	9.95	10.05	2500
2022-04-20	10.0	10.1	9.9	10.0	6600
2022-04-21	9.85	10.1	9.85	10.1	4500
2022-04-22	10.0	10.0	9.86	9.86	900
2022-04-25	10.2	10.2	9.85	9.85	4400
2022-04-26	9.85	9.85	9.6	9.7	1700
2022-04-27	10.0	10.0	9.55	9.7	1000
2022-04-28	9.7	9.7	9.7	9.7	100
2022-04-29	9.05	9.85	9.05	9.85	400
2022-05-04	9.99	9.99	9.99	9.99	300
2022-05-05	9.98	9.98	9.9	9.98	700
2022-05-06	9.9	9.9	9.3	9.7	2300
2022-05-09	9.8	9.8	9.7	9.79	1900
2022-05-10	9.2	9.3	9.11	9.3	3600
2022-05-11	9.3	9.3	8.68	9.3	400
2022-05-12	8.7	9.7	8.7	9.7	300
2022-05-13	9.7	9.7	9.7	9.7	0
2022-05-16	9.7	9.7	9.6	9.6	600
2022-05-17	8.94	9.59	8.94	9.59	200
2022-05-18	9.5	9.6	9.5	9.6	500
2022-05-19	9.6	9.6	9.6	9.6	0
2022-05-20	8.94	8.94	8.93	8.93	4300
2022-05-23	8.93	8.93	8.93	8.93	1000
2022-05-24	8.93	8.93	8.91	8.91	200
2022-05-25	8.6	8.6	8.6	8.6	200
2022-05-26	8.6	8.6	8.0	8.2	3700
2022-05-27	8.75	8.76	8.75	8.76	500
2022-05-30	9.34	9.34	9.2	9.34	800
2022-05-31	8.69	8.69	8.69	8.69	100
2022-06-01	8.69	9.29	8.69	9.29	400
2022-06-02	9.29	9.29	8.64	9.28	1700
2022-06-03	8.7	9.28	8.7	9.28	300
2022-06-06	8.67	8.67	8.64	8.64	300
2022-06-07	8.64	8.64	8.64	8.64	300
2022-06-08	9.0	9.0	9.0	9.0	2000
2022-06-09	9.0	9.0	9.0	9.0	0
2022-06-10	9.0	9.0	8.5	8.5	300
2022-06-13	8.5	8.5	8.5	8.5	100
2022-06-14	9.0	9.0	8.99	9.0	2600
2022-06-15	9.0	9.0	9.0	9.0	0
2022-06-16	9.0	9.0	9.0	9.0	300
2022-06-17	9.0	9.0	9.0	9.0	300
2022-06-20	9.0	9.0	9.0	9.0	0
2022-06-21	9.0	9.0	9.0	9.0	500
2022-06-22	8.9	8.9	8.9	8.9	300
2022-06-23	8.9	8.9	8.9	8.9	100
2022-06-24	8.9	8.9	8.9	8.9	100
2022-06-27	8.9	8.9	8.9	8.9	0
2022-06-28	8.95	9.38	8.95	9.38	700
2022-06-29	9.38	9.38	9.38	9.38	0
2022-06-30	9.38	9.38	9.38	9.38	0
2022-07-01	9.38	9.38	9.38	9.38	0
2022-07-04	9.38	9.38	9.38	9.38	0
2022-07-05	9.38	9.38	9.38	9.38	0
2022-07-06	9.38	9.38	8.73	8.73	2300
2022-07-07	8.5	8.73	8.5	8.6	600
2022-07-08	8.5	8.5	8.5	8.5	100
2022-07-11	8.5	8.5	8.5	8.5	300
2022-07-12	8.4	9.0	8.25	9.0	500
2022-07-13	9.0	9.0	9.0	9.0	100
2022-07-14	9.0	9.0	9.0	9.0	300
2022-07-15	8.5	8.5	8.5	8.5	300
2022-07-18	8.6	8.62	8.6	8.62	300
2022-07-19	8.62	8.62	8.62	8.62	1100
2022-07-20	8.88	8.9	8.88	8.9	900
2022-07-21	8.7	8.7	8.7	8.7	200
2022-07-22	8.25	8.25	8.25	8.25	1300
2022-07-25	8.25	8.25	8.25	8.25	0
2022-07-26	8.25	8.25	8.25	8.25	300
2022-07-27	8.46	8.65	8.46	8.6	1300
2022-07-28	8.6	8.6	8.6	8.6	500
2022-07-29	8.6	8.6	8.6	8.6	300
2022-08-01	8.3	8.8	8.3	8.8	900
2022-08-02	8.75	8.75	8.6	8.6	700
2022-08-03	8.6	8.6	8.6	8.6	100
2022-08-04	8.8	8.9	8.8	8.8	1500
2022-08-05	8.6	8.8	8.6	8.8	500
2022-08-08	8.8	8.8	8.75	8.8	8200
2022-08-09	8.7	8.8	8.7	8.8	400
2022-08-10	8.8	8.8	8.8	8.8	0
2022-08-11	8.8	8.8	8.8	8.8	0
2022-08-12	8.8	8.8	8.8	8.8	100
2022-08-15	8.46	8.46	8.46	8.46	500
2022-08-16	8.5	8.5	8.5	8.5	1000
2022-08-17	9.0	9.0	9.0	9.0	100
2022-08-18	8.8	8.8	8.5	8.5	400
2022-08-19	8.51	8.51	8.51	8.51	500
2022-08-22	8.6	8.6	8.6	8.6	100
2022-08-23	8.5	8.5	8.5	8.5	2300
2022-08-24	8.5	8.5	8.5	8.5	0
2022-08-25	8.5	8.5	8.5	8.5	900
2022-08-26	8.5	8.5	8.5	8.5	100
2022-08-29	8.25	8.46	7.91	7.91	6500
2022-08-30	7.91	8.1	7.36	8.1	5600
2022-08-31	8.66	8.66	8.38	8.38	4400
2022-09-05	8.2	8.2	8.1	8.1	700
2022-09-06	8.1	8.1	8.1	8.1	500
2022-09-07	8.1	8.1	8.1	8.1	0
2022-09-08	7.55	7.55	7.55	7.55	100
2022-09-09	8.07	8.07	8.07	8.07	100
2022-09-12	8.06	8.06	8.06	8.06	230
2022-09-13	8.0	8.0	8.0	8.0	100
2022-09-14	7.45	7.99	7.44	7.5	2600
2022-09-15	7.55	7.55	7.55	7.55	300
2022-09-16	7.55	7.55	7.55	7.55	200
2022-09-19	8.07	8.07	8.0	8.0	200
2022-09-20	7.98	8.0	7.98	7.98	700
2022-09-21	7.98	7.98	7.98	7.98	0
2022-09-22	7.98	7.98	7.45	7.45	300
2022-09-23	7.45	7.45	7.45	7.45	0
2022-09-26	7.4	7.45	7.4	7.45	300
2022-09-27	7.4	7.4	7.25	7.25	500
2022-09-28	7.25	7.25	7.25	7.25	0
2022-09-29	7.25	7.25	7.25	7.25	301
2022-09-30	7.25	7.25	7.25	7.25	0
2022-10-03	7.25	7.25	7.25	7.25	0
2022-10-04	7.25	7.25	7.25	7.25	0
2022-10-05	7.25	7.25	7.25	7.25	0
2022-10-06	7.25	7.25	7.25	7.25	0
2022-10-07	7.25	7.35	7.25	7.35	200
2022-10-10	7.3	7.3	7.3	7.3	1700
2022-10-11	7.3	7.3	7.3	7.3	0
2022-10-12	7.5	7.5	7.45	7.45	710
2022-10-13	7.45	7.5	7.4	7.45	703
2022-10-14	7.45	7.45	7.45	7.45	0
2022-10-17	7.2	7.25	7.2	7.25	200
2022-10-18	7.7	7.7	7.7	7.7	100
2022-10-19	7.5	7.5	7.5	7.5	100
2022-10-20	7.2	7.2	7.2	7.2	1900
2022-10-21	7.2	7.2	7.2	7.2	25
2022-10-24	7.17	7.7	7.0	7.0	1500
2022-10-25	7.0	7.0	7.0	7.0	200
2022-10-26	7.0	7.0	7.0	7.0	200
2022-10-27	7.0	7.0	7.0	7.0	0
2022-10-28	7.0	7.0	7.0	7.0	10
2022-10-31	7.0	7.0	7.0	7.0	0
2022-11-01	7.0	7.0	6.6	6.6	900
2022-11-02	6.14	6.87	6.14	6.87	1000
2022-11-03	6.88	6.88	6.88	6.88	300
2022-11-04	6.88	6.88	6.88	6.88	100
2022-11-07	6.88	6.88	6.88	6.88	200
2022-11-08	6.88	6.88	6.88	6.88	0
2022-11-09	6.88	6.88	6.4	6.4	900
2022-11-10	6.4	6.4	6.4	6.4	100
2022-11-11	6.4	6.4	6.4	6.4	0
2022-11-14	6.5	6.5	6.5	6.5	100
2022-11-15	6.5	6.5	6.5	6.5	100
2022-11-16	6.49	6.49	6.05	6.05	300
2022-11-17	5.63	6.47	5.63	5.63	4300
2022-11-18	6.0	6.02	6.0	6.02	300
2022-11-21	5.6	6.44	5.6	6.44	5000
2022-11-22	6.44	6.89	6.44	6.89	1100
2022-11-23	6.44	7.3	6.44	7.29	1800
2022-11-24	7.29	7.29	7.29	7.29	0
2022-11-25	7.29	7.29	7.29	7.29	0
2022-11-28	6.8	7.2	6.8	7.2	400
2022-11-29	7.1	7.2	6.73	7.2	700
2022-11-30	7.1	7.3	7.1	7.3	900
2022-12-01	7.3	7.4	7.3	7.4	500
2022-12-02	6.9	7.36	6.9	7.36	300
2022-12-05	7.45	7.46	6.92	7.46	1000
2022-12-06	7.98	7.98	7.98	7.98	110
2022-12-07	7.43	7.43	7.43	7.43	400
2022-12-08	6.91	7.0	6.91	6.91	900
2022-12-09	7.0	7.0	7.0	7.0	100
2022-12-12	7.0	7.0	7.0	7.0	0
2022-12-13	7.49	7.49	6.52	6.52	1900
2022-12-14	6.55	6.9	6.46	6.46	6600
2022-12-15	6.46	6.46	6.46	6.46	0
2022-12-16	6.9	6.9	6.11	6.11	3300
2022-12-19	6.53	6.53	6.5	6.53	10200
2022-12-20	6.88	6.88	6.13	6.13	400
2022-12-21	6.13	6.53	6.13	6.53	300
2022-12-22	6.53	6.53	6.53	6.53	1000
2022-12-23	6.98	6.98	6.93	6.96	1100
2022-12-26	7.3	7.3	6.48	6.48	300
2022-12-27	6.9	6.9	6.89	6.89	200
2022-12-28	7.14	7.14	6.44	6.44	210
2022-12-29	6.88	6.88	6.88	6.88	100
2022-12-30	6.8	6.8	6.41	6.43	615
2023-01-03	6.41	6.55	6.23	6.24	2300
2023-01-04	6.34	6.6	6.2	6.6	6300
2023-01-05	6.6	6.6	6.6	6.6	0
2023-01-06	6.9	6.9	6.9	6.9	220
2023-01-09	6.45	7.19	6.45	7.19	815
2023-01-10	7.19	7.19	7.19	7.19	0
2023-01-11	7.1	7.19	6.71	7.19	1360
2023-01-12	7.17	7.17	7.17	7.17	100
2023-01-13	7.17	7.17	7.17	7.17	0
2023-01-16	6.68	6.68	6.68	6.68	300
2023-01-17	7.0	7.1	7.0	7.1	1001
2023-01-18	7.2	7.2	7.2	7.2	100
2023-01-19	7.57	7.57	7.57	7.57	200
2023-01-27	7.55	7.55	7.05	7.05	300
2023-01-30	7.0	7.0	6.56	7.0	1200
2023-01-31	7.0	7.0	7.0	7.0	0
2023-02-01	7.15	7.48	7.0	7.48	900
2023-02-02	7.48	7.48	7.48	7.48	0
2023-02-03	7.98	7.98	7.48	7.48	200
2023-02-06	7.48	7.48	7.48	7.48	0
2023-02-07	7.48	7.48	7.48	7.48	0
2023-02-08	7.48	7.48	7.48	7.48	0
2023-02-09	6.97	6.97	6.97	6.97	100
2023-02-10	6.97	7.2	6.97	7.2	300
2023-02-13	7.2	7.2	6.89	6.89	2700
2023-02-14	7.37	7.37	7.37	7.37	100
2023-02-15	7.37	7.37	7.37	7.37	0
2023-02-16	7.36	7.36	7.36	7.36	100
2023-02-17	7.87	7.87	7.87	7.87	100
2023-02-20	7.32	7.75	7.32	7.75	11100
2023-02-21	8.2	8.2	8.2	8.2	100
2023-02-22	7.63	7.78	7.63	7.63	2800
2023-02-23	7.63	7.63	7.63	7.63	0
2023-02-24	7.63	7.63	7.63	7.63	0
2023-02-27	7.1	7.59	7.1	7.59	400
2023-02-28	7.59	7.59	7.59	7.59	0
2023-03-01	7.59	7.59	7.59	7.59	0
2023-03-02	7.59	7.59	7.59	7.59	0
2023-03-03	7.4	7.4	7.4	7.4	100
2023-03-06	7.4	7.4	7.4	7.4	100
2023-03-07	7.4	7.4	7.4	7.4	0
2023-03-08	7.4	7.4	7.4	7.4	0
2023-03-09	6.9	6.9	6.9	6.9	500
2023-03-10	6.9	6.9	6.9	6.9	0
2023-03-13	6.9	6.9	6.9	6.9	100
2023-03-14	6.51	6.51	6.51	6.51	100
2023-03-15	6.51	6.52	6.51	6.52	300
2023-03-16	6.97	6.97	6.15	6.15	207
2023-03-17	6.58	6.58	5.73	6.5	11000
2023-03-20	6.89	6.89	6.05	6.7	2015
2023-03-21	6.7	6.7	6.7	6.7	0
2023-03-22	6.7	6.7	6.7	6.7	0
2023-03-23	7.16	7.16	6.24	6.68	8429
2023-03-24	6.22	6.68	6.22	6.59	700
2023-03-27	7.05	7.05	6.9	6.9	400
2023-03-28	6.89	6.89	6.5	6.86	1200
2023-03-29	6.38	6.85	6.38	6.82	300
2023-03-30	6.82	7.09	6.82	7.09	500
2023-03-31	6.6	7.0	6.6	7.0	900
2023-04-03	7.0	7.05	7.0	7.01	600
2023-04-04	7.01	7.01	7.01	7.01	0
2023-04-05	7.29	7.29	6.7	7.24	500
2023-04-06	7.0	7.2	6.76	6.76	902
2023-04-07	7.0	7.0	7.0	7.0	100
2023-04-10	7.0	7.0	7.0	7.0	100
2023-04-11	6.8	6.98	6.8	6.98	1801
2023-04-12	7.29	7.29	7.0	7.19	500
2023-04-13	7.69	7.69	6.69	6.7	719
2023-04-14	7.16	7.16	7.09	7.09	200
2023-04-17	7.2	7.2	7.2	7.2	100
2023-04-18	7.1	7.18	6.7	7.18	910
2023-04-19	7.18	7.18	7.18	7.18	0
2023-04-20	7.1	7.1	7.1	7.1	119
2023-04-21	7.1	7.1	7.1	7.1	0
2023-04-24	7.1	7.1	7.1	7.1	0
2023-04-25	7.1	7.19	7.1	7.19	200
2023-04-26	6.8	6.8	6.8	6.8	100
2023-04-27	7.1	7.1	6.6	7.09	900
2023-04-28	7.09	7.09	7.09	7.09	210
2023-05-04	7.09	7.09	7.09	7.09	0
2023-05-05	6.6	6.9	6.6	6.9	2402
2023-05-08	6.43	6.83	6.43	6.83	2507
2023-05-09	6.4	6.83	6.37	6.38	700
2023-05-10	6.8	6.8	6.4	6.65	1000
2023-05-11	6.37	6.6	6.37	6.6	400
2023-05-12	6.6	6.66	6.6	6.66	300
2023-05-15	6.7	6.82	6.7	6.82	400
2023-05-16	6.5	7.0	6.5	7.0	1102
2023-05-17	7.0	7.0	7.0	7.0	0
2023-05-18	7.13	7.4	6.8	6.8	1702
2023-05-19	7.1	7.1	6.8	7.05	700
2023-05-22	7.05	7.05	6.56	6.56	200
2023-05-23	6.57	6.88	6.56	6.88	700
2023-05-24	6.98	6.98	6.98	6.98	100
2023-05-25	6.93	6.93	6.53	6.53	3100
2023-05-26	6.59	6.76	6.3	6.76	1600
2023-05-29	6.75	6.75	6.29	6.7	3100
2023-05-30	6.7	6.7	6.24	6.53	6700
2023-05-31	6.53	6.53	6.5	6.5	600
2023-06-01	6.5	6.68	6.5	6.68	200
2023-06-02	6.6	6.6	6.55	6.55	400
2023-06-05	6.55	6.69	6.55	6.56	2210
2023-06-06	6.56	6.56	6.56	6.56	11100
2023-06-07	6.56	6.65	6.56	6.65	1100
2023-06-08	6.65	7.0	6.65	6.9	4300
2023-06-09	6.99	7.09	6.99	7.0	900
2023-06-12	6.94	7.0	6.94	7.0	2200
2023-06-13	6.8	6.98	6.8	6.98	1609
2023-06-14	7.09	7.09	6.8	6.8	200
2023-06-15	6.5	6.79	6.5	6.79	3200
2023-06-16	6.78	7.05	6.78	6.9	4600
2023-06-19	6.6	6.94	6.6	6.94	200
2023-06-20	6.95	6.95	6.8	6.8	200
2023-06-21	7.0	7.0	7.0	7.0	100
2023-06-22	7.0	7.0	7.0	7.0	14
2023-06-23	6.9	6.9	6.9	6.9	100
2023-06-26	6.9	6.9	6.65	6.65	1300
2023-06-27	6.99	7.0	6.99	7.0	210
2023-06-28	6.66	6.99	6.55	6.99	1915
2023-06-29	6.61	6.94	6.51	6.94	1500
2023-06-30	6.94	6.94	6.94	6.94	0
2023-07-03	6.94	6.94	6.94	6.94	0
2023-07-04	6.89	6.89	6.89	6.89	100
2023-07-05	6.89	6.89	6.89	6.89	110
2023-07-06	6.57	6.87	6.57	6.87	701
2023-07-07	6.6	6.6	6.6	6.6	300
2023-07-10	6.6	6.6	6.19	6.5	4600
2023-07-11	6.6	6.6	6.05	6.35	7200
2023-07-12	6.37	6.37	6.11	6.37	1500
2023-07-13	6.37	6.4	6.37	6.4	200
2023-07-14	6.4	6.4	6.3	6.4	20200
2023-07-17	6.4	6.4	6.4	6.4	0
2023-07-18	6.4	6.4	6.4	6.4	0
2023-07-19	6.4	6.65	6.4	6.65	400
2023-07-20	6.65	6.65	6.65	6.65	100
2023-07-21	6.65	6.65	6.65	6.65	4
2023-07-24	6.69	6.8	6.69	6.8	1400
2023-07-25	6.8	6.8	6.8	6.8	700
2023-07-26	6.8	6.8	6.6	6.7	2529
2023-07-27	6.8	6.8	6.7	6.8	2900
2023-07-28	6.8	6.93	6.8	6.9	2800
2023-07-31	6.9	7.0	6.9	7.0	3500
2023-08-01	7.0	7.0	7.0	7.0	5000
2023-08-02	7.2	7.48	7.2	7.48	6091
2023-08-03	7.48	7.6	7.48	7.55	4729
2023-08-04	7.3	7.58	7.3	7.58	3240
2023-08-07	7.6	8.03	7.58	8.01	15900
2023-08-08	8.06	8.5	8.06	8.5	4000
2023-08-09	7.91	8.49	7.91	8.49	3803
2023-08-10	8.49	8.49	8.49	8.49	0
2023-08-11	8.49	8.7	7.9	8.65	2912
2023-08-14	9.1	9.1	8.05	8.98	1427
2023-08-15	8.6	8.98	8.36	8.98	421
2023-08-16	8.97	8.97	8.97	8.97	246
2023-08-17	8.8	8.8	8.35	8.6	2700
2023-08-18	8.1	8.1	8.0	8.0	4300
2023-08-21	8.0	8.0	7.45	7.45	907
2023-08-22	6.93	7.96	6.93	6.93	500
2023-08-23	7.41	7.41	6.93	7.2	1100
2023-08-24	6.8	7.7	6.8	7.7	1600
2023-08-25	7.84	8.0	7.17	8.0	3305
2023-08-28	7.99	7.99	7.45	7.98	1600
2023-08-29	7.98	7.98	7.98	7.98	105
2023-08-30	7.6	7.95	7.43	7.95	2600
2023-08-31	7.42	7.42	7.41	7.41	300
2023-09-05	7.5	7.6	7.5	7.6	400
2023-09-06	7.58	7.58	7.56	7.56	200
2023-09-07	7.55	7.55	7.55	7.55	2101
2023-09-08	7.55	7.55	7.06	7.55	24107
2023-09-11	7.07	7.55	7.07	7.55	1400
2023-09-12	7.3	7.3	7.3	7.3	114
2023-09-13	7.7	7.7	7.7	7.7	500
2023-09-14	7.2	7.7	7.18	7.7	3500
2023-09-15	7.7	7.7	7.22	7.25	55600
2023-09-18	7.25	7.25	7.25	7.25	200
2023-09-19	7.25	7.25	7.25	7.25	300
2023-09-20	6.87	7.25	6.87	7.25	1110
2023-09-21	7.25	7.25	7.25	7.25	4
2023-09-22	6.77	7.5	6.77	7.5	302
2023-09-25	7.17	7.3	7.17	7.3	1500
2023-09-26	7.3	7.3	7.3	7.3	0
2023-09-27	7.3	7.3	7.3	7.3	0
2023-09-28	7.3	7.3	7.3	7.3	0
2023-09-29	7.3	7.3	6.81	7.3	1112
2023-10-02	7.01	7.03	7.01	7.02	700
2023-10-03	7.5	7.5	7.0	7.0	1100
2023-10-04	7.0	7.0	7.0	7.0	2
2023-10-05	7.0	7.4	7.0	7.4	1100
2023-10-06	7.4	7.4	7.4	7.4	0
2023-10-09	7.39	7.39	7.39	7.39	100
2023-10-10	7.39	7.39	7.39	7.39	0
2023-10-11	7.4	7.4	7.0	7.0	500
2023-10-12	7.0	7.0	7.0	7.0	0
2023-10-13	7.0	7.0	7.0	7.0	0
2023-10-16	7.11	7.11	7.11	7.11	800
2023-10-17	7.08	7.49	7.04	7.04	1900
2023-10-18	7.0	7.0	7.0	7.0	500
2023-10-19	7.0	7.44	7.0	7.44	400
2023-10-20	7.49	7.49	6.92	7.4	1000
2023-10-23	7.4	7.4	7.4	7.4	0
2023-10-24	7.4	7.4	7.4	7.4	0
2023-10-25	7.3	7.3	7.3	7.3	400
2023-10-26	7.48	7.48	6.81	6.82	1000
2023-10-27	7.29	7.29	6.41	7.25	300
2023-10-30	7.25	7.25	7.25	7.25	0
2023-10-31	7.25	7.25	7.24	7.24	500
2023-11-01	7.34	7.34	7.34	7.34	200
2023-11-02	7.3	7.35	7.25	7.35	14500
2023-11-03	7.34	7.34	6.9	6.9	201
2023-11-06	7.2	7.28	6.92	7.25	4600
2023-11-07	7.25	7.25	7.25	7.25	0
2023-11-08	7.39	7.39	7.0	7.3	1900
2023-11-09	7.3	7.3	7.3	7.3	1420
2023-11-10	7.39	7.39	7.03	7.03	600
2023-11-13	7.39	7.39	6.93	6.93	600
2023-11-14	7.2	7.2	7.2	7.2	1600
2023-11-15	7.2	7.2	7.2	7.2	0
2023-11-16	7.34	7.34	7.34	7.34	100
2023-11-17	7.39	7.4	7.39	7.39	13800
2023-11-20	7.39	7.39	7.05	7.39	400
2023-11-21	6.96	6.96	6.88	6.88	10000
2023-11-22	6.98	7.36	6.98	7.14	2800
2023-11-23	7.36	7.36	7.15	7.15	2510
2023-11-24	7.02	7.04	7.02	7.04	200
2023-11-27	7.04	7.04	7.04	7.04	0
2023-11-30	6.55	7.32	6.55	7.32	5400
2023-12-05	7.38	7.38	7.38	7.38	100
2023-12-06	7.28	7.28	7.05	7.2	1200
2023-12-07	7.19	7.19	7.18	7.18	600
2023-12-08	6.85	7.34	6.85	7.03	1300
2023-12-13	6.99	7.0	6.99	7.0	800
2023-12-15	7.24	7.24	7.24	7.24	100
2023-12-20	7.23	7.23	7.23	7.23	100
2023-12-22	6.95	7.15	6.9	6.9	2100
2023-12-26	6.91	6.91	6.91	6.91	6900
2023-12-27	6.91	6.91	6.91	6.91	16500
2023-12-28	7.28	7.28	7.28	7.28	100
2023-12-29	7.25	7.25	7.24	7.24	200
2024-01-05	7.25	7.25	7.25	7.25	200
2024-01-08	6.79	7.29	6.79	7.29	300
2024-01-10	6.82	6.82	6.82	6.82	500
2024-01-11	7.0	7.0	7.0	7.0	100
2024-01-15	6.92	6.92	6.92	6.92	100
2024-01-16	7.27	7.27	7.27	7.27	1000
2024-01-18	7.28	7.28	6.81	7.25	1400
2024-01-19	7.24	7.24	7.24	7.24	700
2024-01-22	7.24	7.24	7.23	7.23	200
2024-01-23	6.95	6.95	6.95	6.95	100
2024-01-24	6.96	6.96	6.95	6.95	1100
2024-01-25	7.0	7.0	7.0	7.0	300
2024-01-29	6.56	7.1	6.56	7.1	600
2024-01-30	6.66	7.08	6.66	7.08	200
2024-02-02	7.0	7.2	7.0	7.15	2000
2024-02-06	7.2	7.2	7.2	7.2	100
2024-02-07	7.09	7.09	7.09	7.09	100
2024-02-15	7.29	7.29	7.0	7.0	3000
2024-02-16	7.49	7.49	6.92	6.92	800
2024-02-19	6.93	7.11	6.93	7.11	4400
2024-02-20	7.57	7.57	6.71	7.3	500
2024-02-21	7.1	7.81	7.1	7.81	300
2024-02-22	7.77	7.77	7.77	7.77	100
2024-02-29	7.71	7.71	7.71	7.71	500
2024-03-01	7.18	7.69	7.18	7.69	600
2024-03-04	7.65	7.65	7.64	7.64	200
2024-03-05	7.63	7.63	7.63	7.63	1100
2024-03-06	7.1	7.59	7.1	7.59	300
2024-03-07	7.58	7.58	7.58	7.58	200
2024-03-08	7.08	7.68	7.05	7.68	1200
2024-03-11	7.6	7.6	7.15	7.15	2800
2024-03-12	7.15	7.15	7.15	7.15	100
2024-03-13	7.15	7.15	7.15	7.15	800
2024-03-14	7.15	7.15	7.15	7.15	100
2024-03-18	6.9	7.0	6.9	6.9	3100
2024-03-19	7.15	7.15	6.9	6.9	2700
2024-03-21	7.14	7.37	6.9	6.9	1600
2024-03-22	6.9	6.9	6.9	6.9	500
2024-03-25	6.9	6.9	6.9	6.9	100
2024-03-26	6.51	6.52	6.51	6.51	700
2024-03-27	6.96	6.96	6.83	6.83	500
2024-03-28	7.08	7.08	7.08	7.08	2100
2024-04-01	7.01	7.01	6.69	6.69	4100
2024-04-02	6.96	7.15	6.9	7.15	10700
2024-04-03	7.15	7.6	7.15	7.33	11200
2024-04-04	7.0	7.0	7.0	7.0	1600
2024-04-05	7.0	7.37	7.0	7.37	400
2024-04-10	7.45	7.45	7.45	7.45	3000
2024-04-11	7.44	7.44	7.37	7.37	500
2024-04-16	7.0	7.0	7.0	7.0	9700
2024-04-17	7.0	7.0	7.0	7.0	3000
2024-04-19	7.0	7.0	7.0	7.0	2100
2024-04-22	7.0	7.0	6.9	6.9	2100
2024-04-24	7.0	7.0	7.0	7.0	400
2024-04-25	6.9	7.49	6.51	7.49	11200
2024-04-26	7.45	7.45	7.0	7.0	2100
2024-05-02	7.0	7.0	7.0	7.0	600
2024-05-03	7.0	7.05	6.53	7.0	1000
2024-05-06	7.0	7.33	6.63	7.33	700
2024-05-09	6.93	6.93	6.93	6.93	200
2024-05-10	6.93	6.93	6.93	6.93	100
2024-05-13	6.93	6.93	6.93	6.93	100
2024-05-14	6.67	6.67	6.67	6.67	100
2024-05-16	6.67	6.75	6.67	6.75	200
2024-05-20	6.79	6.79	6.78	6.79	200
2024-05-21	6.8	6.9	6.8	6.89	2100
2024-05-22	6.89	7.29	6.89	7.29	200
2024-05-27	6.8	6.8	6.8	6.8	500
2024-05-28	7.23	7.23	7.23	7.23	100
2024-05-30	6.8	7.17	6.73	6.73	8500
2024-06-03	6.98	6.99	6.26	6.26	2700
2024-06-04	6.69	6.69	5.85	5.85	3200
2024-06-05	6.25	6.25	6.25	6.25	200
2024-06-06	6.68	6.68	6.27	6.66	1300
2024-06-07	6.65	6.65	6.65	6.65	100
2024-06-10	6.65	6.66	6.65	6.66	400
2024-06-11	6.33	6.66	6.33	6.65	400
2024-06-12	6.65	6.65	6.65	6.65	100
2024-06-13	6.65	6.65	6.65	6.65	300
2024-06-14	6.65	6.65	6.65	6.65	100
2024-06-19	6.79	6.9	6.37	6.37	900
2024-06-20	6.51	6.51	6.51	6.51	100
2024-06-21	6.85	6.85	6.84	6.85	900
2024-06-25	6.85	6.85	6.85	6.85	100
2024-06-26	6.5	6.55	6.45	6.45	1100
2024-06-27	6.83	6.83	6.83	6.83	100
2024-06-28	6.82	6.86	6.8	6.8	500
2024-07-02	6.41	6.85	6.33	6.8	1000
2024-07-03	6.84	6.84	6.4	6.5	2800
2024-07-04	6.56	6.56	6.56	6.56	200
2024-07-05	6.79	6.79	6.56	6.56	900
2024-07-09	6.71	6.81	6.71	6.81	1000
2024-07-12	6.7	6.7	6.7	6.7	100
2024-07-15	6.45	6.82	6.45	6.47	1000
2024-07-18	6.47	6.47	6.1	6.1	300
2024-07-19	6.52	6.52	6.52	6.52	300
2024-07-22	6.84	6.85	6.6	6.84	500
2024-07-23	6.84	6.85	6.84	6.85	1500
2024-07-24	6.42	6.42	6.39	6.39	600
2024-07-25	6.03	6.39	5.95	6.39	17400
2024-07-30	6.39	6.39	6.39	6.39	200
2024-07-31	6.39	6.39	6.39	6.39	100
2024-08-01	5.95	6.78	5.95	6.04	9500
2024-08-02	6.46	6.46	6.39	6.39	500
2024-08-05	6.0	6.0	5.95	5.95	8300
2024-08-06	5.95	5.95	5.95	5.95	600
2024-08-07	5.95	5.95	5.95	5.95	1100
2024-08-08	6.0	6.0	6.0	6.0	200
2024-08-09	6.28	6.28	6.28	6.28	200
2024-08-12	5.85	6.3	5.85	5.85	2100
2024-08-13	6.25	6.25	6.2	6.2	200
2024-08-14	6.0	6.0	6.0	6.0	3500
2024-08-15	5.58	5.58	5.58	5.58	5400
2024-08-16	5.6	5.6	5.6	5.6	200
2024-08-19	5.61	5.99	5.61	5.98	1300
2024-08-20	6.0	6.0	6.0	6.0	200
2024-08-21	6.39	6.39	6.34	6.34	600
2024-08-22	6.3	6.3	6.3	6.3	1000
2024-08-23	6.69	6.74	6.69	6.74	3600
2024-08-26	7.2	7.2	6.74	6.74	1400
2024-08-27	6.29	6.58	6.27	6.27	9400
2024-08-28	6.27	6.27	5.84	5.85	2900
2024-08-29	6.25	6.25	6.25	6.25	1000
2024-08-30	6.24	6.68	6.24	6.67	400
2024-09-04	6.64	6.64	6.5	6.5	300
2024-09-05	6.05	6.47	6.05	6.47	200
2024-09-06	6.02	6.6	6.02	6.6	400
2024-09-10	6.5	6.5	6.5	6.5	200
2024-09-11	6.49	6.49	6.05	6.05	700
2024-09-12	6.05	6.05	6.05	6.05	300
2024-09-13	5.64	5.68	5.64	5.67	14400
2024-09-16	5.67	5.67	5.67	5.67	600
2024-09-17	5.67	5.67	5.67	5.67	500
2024-09-18	5.67	5.67	5.67	5.67	700
2024-09-19	5.67	5.67	5.67	5.67	100
2024-09-20	6.03	6.03	6.03	6.03	2100
2024-09-23	5.71	5.71	5.71	5.71	200
2024-09-24	5.41	5.41	5.41	5.41	100
2024-09-25	5.42	5.78	5.42	5.78	300
2024-09-26	5.78	5.88	5.78	5.88	600
2024-09-27	5.88	5.88	5.88	5.88	400
2024-10-01	5.88	5.88	5.88	5.88	15900
2024-10-03	5.88	5.88	5.88	5.88	1000
2024-10-04	6.04	6.05	6.04	6.05	200
2024-10-07	6.03	6.03	6.02	6.03	2200
2024-10-08	6.03	6.03	5.99	5.99	1300
2024-10-09	5.99	5.99	5.99	5.99	1500
2024-10-11	5.99	6.05	5.99	5.99	1100
2024-10-14	6.05	6.05	6.05	6.05	300
2024-10-15	5.9	5.9	5.9	5.9	400
2024-10-16	5.9	5.9	5.9	5.9	200
2024-10-17	5.9	5.9	5.9	5.9	4500
2024-10-18	5.9	5.9	5.9	5.9	200
2024-10-21	6.04	6.04	6.04	6.04	100
2024-10-24	5.68	5.7	5.68	5.7	200
2024-10-29	5.7	5.7	5.7	5.7	400
2024-10-31	5.37	5.37	5.37	5.37	200
2024-11-01	5.4	5.4	5.37	5.37	10000
2024-11-04	5.4	5.4	5.4	5.4	600
2024-11-05	5.4	5.4	5.4	5.4	600
2024-11-06	5.75	5.75	5.75	5.75	200
2024-11-07	5.75	5.75	5.75	5.75	4000
2024-11-08	6.14	6.14	6.12	6.12	600
2024-11-11	5.76	6.12	5.76	5.99	4300
2024-11-12	5.71	5.73	5.7	5.7	2100
2024-11-14	5.7	5.7	5.69	5.69	400
2024-11-15	5.69	5.69	5.69	5.69	100
2024-11-20	5.5	5.5	5.5	5.5	1600
2024-11-21	5.84	5.84	5.81	5.84	2400
2024-11-22	5.55	5.55	5.5	5.5	1500
2024-11-25	5.5	5.5	5.5	5.5	1500
2024-11-26	5.31	5.31	5.31	5.31	200
2024-11-28	5.31	5.31	5.31	5.31	2700
2024-11-29	5.3	5.55	5.05	5.55	1400
2024-12-02	5.45	5.45	5.45	5.45	100
2024-12-03	5.45	5.58	5.45	5.58	2500
2024-12-04	5.57	5.57	5.57	5.57	200
2024-12-06	5.57	5.57	5.57	5.57	100
2024-12-09	5.59	5.59	5.55	5.55	4900
2024-12-13	5.7	5.7	5.7	5.7	100
2024-12-20	5.7	5.89	5.7	5.82	500
2024-12-23	5.85	5.85	5.85	5.85	100
2024-12-25	5.47	5.47	5.45	5.45	1300
2024-12-26	5.5	5.69	5.5	5.67	800
2024-12-27	5.67	5.67	5.67	5.67	100
2024-12-30	5.67	5.68	5.67	5.68	500
2024-12-31	5.67	5.67	5.67	5.67	300
2025-01-02	5.67	5.67	5.67	5.67	100
2025-01-03	5.33	5.66	5.28	5.3	17900
2025-01-06	5.59	5.59	5.59	5.59	800
2025-01-07	5.6	5.6	5.4	5.4	1700
2025-01-08	5.4	5.4	5.4	5.4	100
2025-01-10	5.4	5.4	5.4	5.4	100
2025-01-15	5.5	5.5	5.41	5.41	1200
2025-01-20	5.06	5.1	5.06	5.1	700
2025-01-21	4.81	4.81	4.8	4.8	1000
2025-01-22	5.13	5.13	5.11	5.13	900
2025-01-23	5.13	5.13	5.13	5.13	2100
2025-02-03	4.81	4.81	4.79	4.79	6800
2025-02-04	5.12	5.12	5.12	5.12	1200
2025-02-05	5.29	5.29	5.29	5.29	600
2025-02-06	5.29	5.29	5.2	5.2	500
2025-02-07	5.2	5.2	5.2	5.2	800
2025-02-10	5.27	5.27	5.25	5.26	900
2025-02-11	5.01	5.25	5.01	5.25	200
2025-02-12	5.2	5.25	5.2	5.25	600
2025-02-14	5.26	5.3	5.26	5.3	300
2025-02-17	5.3	5.3	5.3	5.3	200
2025-02-18	5.29	5.4	5.29	5.3	5600
2025-02-19	5.59	5.59	4.93	5.47	8800
2025-02-20	5.47	5.55	5.47	5.5	2400
2025-02-21	5.5	5.5	5.5	5.5	1000
2025-02-24	5.5	5.5	5.5	5.5	1600
2025-02-25	5.55	5.55	5.5	5.5	400
2025-02-26	5.49	5.49	5.49	5.49	100
2025-03-03	5.45	5.45	5.45	5.45	200
2025-03-04	5.45	5.45	5.45	5.45	2400
2025-03-05	5.45	5.45	5.45	5.45	3500
2025-03-06	5.49	5.83	5.45	5.45	900
2025-03-07	5.6	5.6	5.6	5.6	1300
2025-03-10	5.6	5.6	5.22	5.6	1400
2025-03-11	5.59	5.59	5.57	5.57	300
2025-03-12	5.56	5.57	5.23	5.57	900
2025-03-13	5.57	5.57	5.27	5.27	5200
2025-03-14	5.25	5.4	5.22	5.4	4700
2025-03-17	5.4	5.5	5.38	5.4	800
2025-03-18	5.4	5.4	5.4	5.4	200
2025-03-19	5.4	5.4	5.15	5.4	4500
2025-03-20	5.4	5.4	5.4	5.4	100
2025-03-21	5.38	5.69	5.38	5.69	500
2025-03-26	5.49	5.49	5.48	5.48	10000
2025-03-28	5.14	5.3	5.1	5.3	28800
