time	open	high	low	close	volume
2022-09-29	10.0	10.0	9.5	10.0	98900
2022-09-30	9.72	10.0	9.39	10.0	144900
2022-10-03	9.55	9.55	9.3	9.5	59700
2022-10-04	9.37	9.37	8.84	8.84	76500
2022-10-05	8.97	9.12	8.95	9.12	13400
2022-10-06	9.13	9.13	8.78	8.78	48400
2022-10-07	8.43	8.44	8.22	8.22	42700
2022-10-10	7.81	8.42	7.81	8.36	9400
2022-10-11	8.38	8.38	8.1	8.1	19200
2022-10-12	8.1	8.35	8.05	8.26	11400
2022-10-13	8.2	8.5	8.16	8.5	417100
2022-10-14	8.77	8.77	8.45	8.6	6700
2022-10-17	8.56	8.56	8.48	8.48	10800
2022-10-18	8.8	8.88	8.8	8.82	336000
2022-10-19	8.71	8.79	8.71	8.71	182600
2022-10-20	8.7	8.73	8.7	8.72	91300
2022-10-21	8.62	8.62	8.25	8.4	348200
2022-10-24	8.98	8.98	7.82	7.84	366700
2022-10-25	8.38	8.38	7.79	7.86	344900
2022-10-26	8.02	8.04	7.8	7.86	226000
2022-10-27	7.93	8.2	7.73	8.2	238400
2022-10-28	8.22	8.37	8.22	8.25	231600
2022-10-31	8.22	8.45	8.02	8.45	217100
2022-11-01	8.43	8.43	8.14	8.16	103800
2022-11-02	8.07	8.2	8.06	8.15	104400
2022-11-03	8.02	8.25	8.02	8.25	101800
2022-11-04	8.0	8.0	7.8	7.99	133300
2022-11-07	7.9	7.92	7.51	7.76	114200
2022-11-08	7.5	7.82	7.45	7.82	116800
2022-11-09	7.82	7.82	7.6	7.79	117700
2022-11-10	7.48	7.48	7.25	7.25	133100
2022-11-11	7.33	7.35	7.25	7.25	3200
2022-11-14	7.01	7.19	6.9	6.91	13500
2022-11-15	6.91	6.91	6.5	6.59	20500
2022-11-16	6.55	6.93	6.35	6.91	8400
2022-11-17	6.99	7.05	6.94	7.0	25700
2022-11-18	7.14	7.2	7.0	7.11	22900
2022-11-21	7.48	7.48	7.1	7.12	3500
2022-11-22	7.1	7.31	7.1	7.18	8000
2022-11-23	7.08	7.15	7.08	7.1	700
2022-11-24	7.0	7.0	7.0	7.0	200
2022-11-25	7.18	7.35	7.18	7.35	8100
2022-11-28	7.86	7.86	7.37	7.58	17500
2022-11-29	7.62	7.9	7.61	7.9	11500
2022-11-30	7.9	8.45	7.6	8.0	6000
2022-12-01	8.39	8.39	8.14	8.14	14700
2022-12-02	7.9	8.4	7.9	8.4	10900
2022-12-05	8.97	8.97	8.37	8.6	69000
2022-12-06	8.64	8.64	8.1	8.1	19300
2022-12-07	8.14	8.14	7.97	7.97	11100
2022-12-08	8.24	8.44	8.18	8.4	23500
2022-12-09	8.28	8.47	8.18	8.47	6600
2022-12-12	8.31	8.43	8.27	8.3	14300
2022-12-13	8.03	8.68	8.03	8.68	23700
2022-12-14	8.45	8.46	8.39	8.39	3700
2022-12-15	8.51	8.51	8.37	8.4	8800
2022-12-16	8.41	8.41	8.41	8.41	4300
2022-12-19	8.44	8.58	8.38	8.5	75500
2022-12-20	8.29	8.39	8.12	8.25	216900
2022-12-21	8.25	8.25	8.13	8.16	8300
2022-12-22	8.18	8.19	8.11	8.11	5100
2022-12-23	8.66	8.66	8.03	8.11	11700
2022-12-26	8.11	8.12	7.81	7.81	11300
2022-12-27	7.8	8.02	7.8	8.0	22700
2022-12-28	7.94	8.3	7.9	8.3	25000
2022-12-29	8.19	8.22	8.0	8.21	8800
2022-12-30	8.0	8.1	8.0	8.1	6100
2023-01-03	8.21	8.4	8.21	8.4	17900
2023-01-04	8.47	8.5	8.4	8.4	27800
2023-01-05	8.4	8.45	8.4	8.45	2900
2023-01-06	8.41	8.57	8.41	8.45	16100
2023-01-09	8.5	8.5	8.41	8.41	1500
2023-01-10	8.36	8.36	8.3	8.35	12500
2023-01-11	8.42	8.5	8.42	8.45	1700
2023-01-12	8.45	8.45	8.33	8.35	2300
2023-01-13	8.41	8.41	8.41	8.41	11500
2023-01-16	8.41	8.5	8.4	8.5	5200
2023-01-17	8.49	8.6	8.47	8.6	10600
2023-01-18	8.63	8.7	8.63	8.63	5500
2023-01-19	8.65	8.77	8.65	8.72	2800
2023-01-27	8.89	8.9	8.7	8.7	31000
2023-01-30	8.71	8.8	8.71	8.8	3700
2023-01-31	8.74	8.78	8.7	8.77	7800
2023-02-01	8.85	8.92	8.57	8.67	21600
2023-02-02	8.67	8.67	8.42	8.42	8200
2023-02-03	8.53	8.54	8.49	8.5	2100
2023-02-06	8.44	8.5	8.37	8.5	23500
2023-02-07	8.5	8.5	8.34	8.34	3700
2023-02-08	8.31	8.39	8.24	8.28	6700
2023-02-09	8.3	8.32	8.26	8.31	9400
2023-02-10	8.2	8.21	8.16	8.16	3100
2023-02-13	8.01	8.13	7.97	7.97	27200
2023-02-14	8.0	8.01	7.97	7.97	1900
2023-02-15	7.99	8.1	7.99	8.05	3900
2023-02-16	8.05	8.13	8.05	8.13	1600
2023-02-17	8.15	8.16	8.1	8.1	2100
2023-02-20	8.29	8.46	8.29	8.46	8400
2023-02-21	8.53	8.53	8.44	8.45	6800
2023-02-22	8.45	8.45	8.25	8.26	12600
2023-02-23	8.17	8.17	8.01	8.05	12500
2023-02-24	8.16	8.17	8.0	8.0	5300
2023-02-27	7.9	7.98	7.82	7.98	7200
2023-02-28	7.95	7.95	7.82	7.82	10500
2023-03-01	7.8	7.91	7.77	7.91	4300
2023-03-02	8.0	8.0	7.92	7.92	2000
2023-03-03	7.96	7.96	7.85	7.85	4200
2023-03-06	8.33	8.33	7.87	7.9	8900
2023-03-07	8.06	8.06	7.99	8.01	4400
2023-03-08	8.0	8.0	7.92	7.93	10900
2023-03-09	8.17	8.19	8.08	8.19	6300
2023-03-10	8.1	8.1	8.08	8.09	2700
2023-03-13	8.1	8.15	8.07	8.07	21600
2023-03-14	8.08	8.09	7.83	8.07	35200
2023-03-15	8.06	8.16	8.05	8.16	5500
2023-03-16	8.06	8.06	7.96	7.96	6000
2023-03-17	7.96	8.04	7.94	8.04	1200
2023-03-20	7.92	7.96	7.85	7.86	5000
2023-03-21	7.86	7.87	7.79	7.8	9800
2023-03-22	7.98	7.98	7.96	7.96	400
2023-03-23	7.9	7.94	7.9	7.92	10800
2023-03-24	8.0	8.07	8.0	8.07	15900
2023-03-27	8.06	8.08	8.06	8.07	1000
2023-03-28	8.13	8.13	8.09	8.1	8300
2023-03-29	8.09	8.1	8.09	8.1	2700
2023-03-30	8.14	8.19	8.14	8.16	27000
2023-03-31	8.17	8.18	8.15	8.15	7100
2023-04-03	8.22	8.25	8.17	8.25	26000
2023-04-04	8.27	8.3	8.27	8.3	16500
2023-04-05	8.45	8.45	8.31	8.39	24300
2023-04-06	8.55	8.55	8.4	8.41	10500
2023-04-07	8.58	8.58	8.29	8.29	4500
2023-04-10	8.4	8.43	8.35	8.43	1800
2023-04-11	8.37	8.37	8.3	8.35	6400
2023-04-12	8.43	8.49	8.38	8.38	10000
2023-04-13	8.53	8.53	8.47	8.47	1400
2023-04-14	8.47	8.47	8.35	8.35	4600
2023-04-17	8.52	8.52	8.52	8.52	200
2023-04-18	8.37	8.37	8.3	8.35	3500
2023-04-19	8.32	8.38	8.32	8.38	2200
2023-04-20	8.31	8.5	8.26	8.5	4600
2023-04-21	8.26	8.29	8.23	8.24	30600
2023-04-24	8.2	8.29	8.2	8.21	1100
2023-04-25	8.27	8.28	8.15	8.15	4100
2023-04-26	8.11	8.11	8.06	8.09	6300
2023-04-27	8.23	8.34	8.21	8.32	35800
2023-04-28	8.53	8.53	8.4	8.5	11100
2023-05-04	8.6	8.6	8.29	8.29	68900
2023-05-05	8.29	8.33	8.29	8.32	12500
2023-05-08	8.35	8.35	8.35	8.35	8100
2023-05-09	8.42	8.6	8.4	8.6	3300
2023-05-10	8.46	8.5	8.45	8.5	36800
2023-05-11	8.53	8.53	8.46	8.46	6200
2023-05-12	8.48	8.5	8.48	8.5	9500
2023-05-15	8.6	8.6	8.53	8.53	14700
2023-05-16	8.48	8.55	8.41	8.55	132400
2023-05-17	8.51	8.51	8.43	8.43	19900
2023-05-18	8.42	8.48	8.42	8.48	19100
2023-05-19	8.42	8.42	8.33	8.36	3300
2023-05-22	8.45	8.67	8.44	8.44	10200
2023-05-23	8.41	8.55	8.41	8.45	3300
2023-05-24	8.45	8.45	8.38	8.45	42800
2023-05-25	8.56	8.56	8.3	8.5	255500
2023-05-26	8.5	8.5	8.45	8.45	45200
2023-05-29	8.5	8.59	8.5	8.59	60500
2023-05-30	8.62	8.67	8.62	8.64	1900
2023-05-31	8.66	8.8	8.62	8.8	8000
2023-06-01	8.71	9.05	8.68	9.05	23500
2023-06-02	9.05	9.05	8.76	8.99	14000
2023-06-05	9.02	9.03	8.91	8.91	6800
2023-06-06	8.89	8.99	8.87	8.99	3500
2023-06-07	8.99	9.0	8.99	9.0	1800
2023-06-08	9.02	9.06	8.99	8.99	6500
2023-06-09	8.9	8.96	8.9	8.95	27500
2023-06-12	9.01	9.06	8.95	9.06	28000
2023-06-13	9.14	9.14	9.1	9.13	2200
2023-06-14	9.14	9.14	9.05	9.05	15000
2023-06-15	9.03	9.06	8.97	9.06	6400
2023-06-16	9.0	9.14	8.96	9.14	20700
2023-06-19	9.1	9.1	8.96	8.96	6200
2023-06-20	8.97	9.01	8.97	9.0	17700
2023-06-21	9.02	9.17	8.96	9.17	73600
2023-06-22	9.25	9.3	9.25	9.3	37200
2023-06-23	9.35	9.35	9.22	9.34	71600
2023-06-26	9.34	9.34	9.14	9.2	14100
2023-06-27	9.25	9.29	9.24	9.29	700
2023-06-28	9.37	9.37	9.27	9.31	2500
2023-06-29	9.31	9.31	9.19	9.19	19300
2023-06-30	9.11	9.19	9.11	9.19	600
2023-07-03	9.21	9.21	9.17	9.18	15300
2023-07-04	9.17	9.23	9.15	9.23	40600
2023-07-05	9.27	9.37	9.27	9.37	32400
2023-07-06	9.18	9.35	9.18	9.24	43100
2023-07-07	9.26	9.35	9.26	9.35	3300
2023-07-10	9.4	9.49	9.4	9.49	10200
2023-07-11	9.51	9.59	9.51	9.52	18400
2023-07-12	9.52	9.95	9.46	9.95	23000
2023-07-13	9.57	9.61	9.52	9.61	10000
2023-07-14	9.69	9.69	9.64	9.69	1400
2023-07-17	9.84	9.84	9.75	9.79	5200
2023-07-18	9.79	9.89	9.71	9.89	3800
2023-07-19	9.8	9.81	9.78	9.78	7100
2023-07-20	9.8	9.8	9.75	9.8	2100
2023-07-21	9.77	9.95	9.77	9.95	9100
2023-07-24	10.0	10.07	9.99	10.07	8100
2023-07-25	10.1	10.1	10.03	10.03	1900
2023-07-26	10.05	10.06	10.05	10.06	600
2023-07-27	10.06	10.09	10.02	10.06	2300
2023-07-28	10.05	10.25	10.05	10.19	35600
2023-07-31	10.32	10.57	10.32	10.57	6400
2023-08-01	10.48	10.48	10.17	10.29	52300
2023-08-02	10.12	10.3	10.12	10.3	28900
2023-08-03	10.25	10.34	10.24	10.24	3900
2023-08-04	10.36	10.41	10.19	10.41	6800
2023-08-07	10.48	10.48	10.42	10.48	25800
2023-08-08	10.48	10.53	10.48	10.48	11100
2023-08-09	10.48	10.48	10.32	10.39	62400
2023-08-10	10.41	10.41	10.28	10.28	14300
2023-08-11	10.36	10.36	10.23	10.23	3200
2023-08-14	10.35	10.45	10.35	10.45	14400
2023-08-15	10.46	10.5	10.46	10.5	800
2023-08-16	10.49	10.54	10.45	10.54	11200
2023-08-17	10.54	10.6	10.53	10.53	6800
2023-08-18	10.54	10.54	9.83	9.83	39900
2023-08-21	9.83	9.91	9.75	9.9	17200
2023-08-22	9.9	9.98	9.63	9.98	59200
2023-08-23	10.09	10.09	9.88	10.02	70300
2023-08-24	10.02	10.2	9.94	10.2	14300
2023-08-25	10.3	10.32	10.24	10.32	11300
2023-08-28	10.4	10.46	10.33	10.46	9300
2023-08-29	10.5	10.55	10.47	10.55	3400
2023-08-30	10.6	10.65	10.58	10.65	12600
2023-08-31	10.73	10.87	10.73	10.86	4300
2023-09-05	10.99	11.0	10.98	11.0	4400
2023-09-06	10.99	11.05	10.9	11.05	15700
2023-09-07	11.05	11.23	11.05	11.18	2500
2023-09-08	11.2	11.2	11.1	11.16	29400
2023-09-11	11.94	11.94	10.95	11.09	22800
2023-09-12	11.04	11.18	11.04	11.18	4400
2023-09-13	11.18	11.28	11.18	11.19	17600
2023-09-14	11.26	11.26	11.0	11.01	12100
2023-09-15	11.01	11.16	11.01	11.12	5800
2023-09-18	11.16	11.16	10.91	11.08	11700
2023-09-19	11.03	11.04	10.82	11.0	232300
2023-09-20	11.0	11.25	10.97	11.25	15500
2023-09-21	11.25	11.25	11.1	11.23	3800
2023-09-22	10.61	11.96	10.61	10.79	41300
2023-09-25	10.79	10.79	10.28	10.28	65900
2023-09-26	10.2	10.25	10.05	10.19	24900
2023-09-27	10.04	10.16	9.94	10.16	111300
2023-09-28	10.2	10.21	10.06	10.19	13000
2023-09-29	10.25	10.33	10.25	10.3	4500
2023-10-02	10.32	10.4	10.32	10.35	6100
2023-10-03	10.34	10.34	9.95	10.02	52700
2023-10-04	9.9	10.7	9.8	10.68	139000
2023-10-05	10.69	10.69	9.95	10.0	212400
2023-10-06	10.0	10.4	9.87	10.11	125600
2023-10-09	10.11	10.23	10.01	10.16	118500
2023-10-10	10.37	10.37	10.31	10.31	227400
2023-10-11	10.3	10.31	10.24	10.31	215800
2023-10-12	10.31	10.49	10.31	10.38	209100
2023-10-13	10.3	10.48	10.29	10.48	249100
2023-10-16	10.2	10.46	10.2	10.39	9700
2023-10-17	10.4	10.41	10.2	10.2	216200
2023-10-18	10.18	10.19	9.54	9.63	545600
2023-10-19	9.64	9.86	9.62	9.62	346200
2023-10-20	9.63	9.83	9.58	9.83	10100
2023-10-23	9.83	9.85	9.75	9.77	8100
2023-10-24	9.83	9.88	9.79	9.88	6300
2023-10-25	9.97	10.0	9.88	9.88	303300
2023-10-26	9.66	10.49	9.33	9.5	1533100
2023-10-27	9.5	9.99	9.4	9.6	13500
2023-10-30	9.5	9.76	9.38	9.43	237900
2023-10-31	9.43	10.0	9.05	9.89	550300
2023-11-01	9.89	9.89	9.21	9.23	43300
2023-11-02	9.3	9.7	9.08	9.7	61100
2023-11-03	9.7	9.81	9.63	9.81	5100
2023-11-06	9.82	9.82	9.8	9.8	16100
2023-11-07	9.8	9.8	9.77	9.77	24300
2023-11-08	9.8	10.15	9.77	10.15	71900
2023-11-09	10.15	10.35	10.15	10.3	31700
2023-11-10	10.3	10.6	10.17	10.6	24000
2023-11-13	10.6	10.6	10.23	10.23	2700
2023-11-14	10.25	10.44	10.25	10.42	10300
2023-11-15	10.5	10.62	10.26	10.53	20700
2023-11-16	10.31	10.49	10.31	10.49	126100
2023-11-17	10.5	10.65	10.35	10.45	410800
2023-11-20	9.82	10.45	9.82	10.45	62300
2023-11-21	10.45	10.5	10.45	10.5	3900
2023-11-22	10.5	10.61	10.44	10.61	33400
2023-11-23	10.6	10.63	10.5	10.5	2500
2023-11-24	10.29	10.29	10.13	10.13	215300
2023-11-27	10.19	10.37	10.18	10.3	49900
2023-11-28	10.3	10.45	10.12	10.45	3100
2023-11-29	10.26	10.38	10.26	10.38	13900
2023-11-30	10.34	10.44	10.34	10.41	21400
2023-12-01	10.36	10.48	10.27	10.48	221700
2023-12-04	10.47	10.72	10.47	10.72	68100
2023-12-05	10.76	10.76	10.68	10.72	2600
2023-12-06	10.7	10.79	10.7	10.79	19700
2023-12-07	10.82	10.85	10.57	10.75	253700
2023-12-08	10.7	11.3	10.65	10.8	38900
2023-12-11	10.7	10.71	10.59	10.71	19500
2023-12-12	10.7	10.7	10.64	10.68	4000
2023-12-13	10.7	10.7	10.49	10.6	508100
2023-12-14	10.6	10.6	10.44	10.44	3700
2023-12-15	10.44	10.44	10.34	10.34	22100
2023-12-18	10.32	10.33	10.25	10.33	17300
2023-12-19	10.24	10.4	10.24	10.4	15500
2023-12-20	10.4	10.69	10.4	10.69	700
2023-12-21	10.46	10.7	10.42	10.7	1600
2023-12-22	10.7	10.7	10.45	10.69	214100
2023-12-25	10.58	10.67	10.53	10.67	34600
2023-12-26	10.63	10.64	10.6	10.64	9900
2023-12-27	10.63	10.69	10.63	10.69	2800
2023-12-28	10.69	10.69	10.65	10.69	10100
2023-12-29	10.7	10.9	10.65	10.9	20200
2024-01-02	11.0	11.0	10.68	10.68	6800
2024-01-03	10.66	10.73	10.64	10.73	14700
2024-01-04	10.73	10.95	10.73	10.89	22400
2024-01-05	11.3	11.3	10.75	10.9	14900
2024-01-08	10.92	11.05	10.85	11.05	53500
2024-01-09	11.29	11.29	10.83	10.86	27600
2024-01-10	10.88	10.88	10.73	10.84	6500
2024-01-11	10.78	10.86	10.72	10.72	16300
2024-01-12	10.71	10.77	10.6	10.74	213100
2024-01-15	10.74	10.8	10.65	10.65	21800
2024-01-16	10.6	10.75	10.56	10.75	55900
2024-01-17	10.76	10.83	10.76	10.83	1800
2024-01-18	10.83	10.9	10.8	10.9	2600
2024-01-19	10.98	10.99	10.88	10.88	18500
2024-01-22	10.88	10.88	10.79	10.83	16600
2024-01-23	10.9	10.9	10.78	10.85	19600
2024-01-24	10.85	10.89	10.8	10.8	8400
2024-01-25	10.82	10.83	10.77	10.77	10100
2024-01-26	10.87	10.9	10.87	10.87	1000
2024-01-29	10.91	10.91	10.87	10.87	28300
2024-01-30	10.87	10.91	10.87	10.91	26600
2024-01-31	10.95	10.99	10.82	10.9	33800
2024-02-01	10.81	11.6	10.81	10.94	8100
2024-02-02	11.04	11.04	10.97	10.99	20800
2024-02-05	11.01	11.12	10.97	11.06	74000
2024-02-06	11.06	11.13	11.03	11.13	32500
2024-02-07	11.31	11.31	11.05	11.19	14600
2024-02-15	11.2	11.34	11.2	11.25	24700
2024-02-16	11.39	11.39	11.16	11.25	54200
2024-02-19	11.5	11.5	11.22	11.25	7000
2024-02-20	11.25	11.27	11.25	11.27	7200
2024-02-21	11.27	11.28	11.24	11.27	26200
2024-02-22	11.2	11.3	11.2	11.29	8600
2024-02-23	11.35	11.35	11.05	11.08	92800
2024-02-26	10.9	11.25	10.9	11.25	28400
2024-02-27	11.2	11.32	11.2	11.32	29900
2024-02-28	11.3	11.43	11.3	11.41	24000
2024-02-29	11.5	11.5	11.36	11.4	41000
2024-03-01	11.42	11.55	11.42	11.55	57300
2024-03-04	11.55	11.67	11.55	11.66	71000
2024-03-05	11.7	11.7	11.62	11.7	57700
2024-03-06	11.7	11.77	11.63	11.63	43800
2024-03-07	11.63	11.67	11.05	11.66	78200
2024-03-08	11.65	11.65	11.52	11.61	45200
2024-03-11	11.47	11.59	11.34	11.49	21000
2024-03-12	11.49	11.6	11.42	11.6	23000
2024-03-13	11.65	11.84	11.61	11.84	52400
2024-03-14	11.84	11.84	11.75	11.8	18300
2024-03-15	11.96	11.96	11.7	11.9	47300
2024-03-18	11.92	11.95	11.31	11.95	67100
2024-03-19	11.99	11.99	11.5	11.85	15000
2024-03-20	11.84	11.84	11.55	11.84	58700
2024-03-21	11.84	11.9	11.84	11.85	13300
2024-03-22	11.85	12.04	11.85	11.94	39000
2024-03-25	12.0	12.02	11.75	12.02	75400
2024-03-26	12.02	12.02	11.77	12.02	36700
2024-03-27	12.21	12.21	11.87	11.92	12900
2024-03-28	12.0	12.14	11.98	12.14	22400
2024-03-29	12.05	12.1	11.9	12.1	8200
2024-04-01	12.11	12.11	11.86	12.0	77200
2024-04-02	12.0	12.07	11.83	12.07	47100
2024-04-03	12.01	12.05	11.92	11.92	40200
2024-04-04	11.9	11.96	11.8	11.8	94800
2024-04-05	11.89	11.89	11.7	11.8	39000
2024-04-08	11.77	11.77	11.61	11.61	17900
2024-04-09	11.62	11.85	11.59	11.85	32400
2024-04-10	11.86	11.86	11.67	11.67	25300
2024-04-11	11.67	11.8	11.58	11.8	9200
2024-04-12	11.8	11.92	11.7	11.89	17600
2024-04-15	11.99	11.99	11.44	11.44	69600
2024-04-16	11.36	11.5	11.01	11.5	253800
2024-04-17	11.9	11.9	11.0	11.5	384200
2024-04-19	11.11	12.2	10.75	11.19	148800
2024-04-22	11.19	11.24	10.9	11.24	43100
2024-04-23	10.98	11.04	10.8	10.89	51000
2024-04-24	11.14	11.29	11.01	11.29	542100
2024-04-25	11.29	11.29	11.08	11.25	12700
2024-04-26	11.2	11.95	11.1	11.25	8700
2024-05-02	11.49	11.49	11.21	11.3	10500
2024-05-03	11.5	11.5	11.33	11.33	13500
2024-05-06	11.4	11.54	11.4	11.52	18500
2024-05-07	11.74	11.74	11.5	11.69	19600
2024-05-08	11.56	11.6	11.41	11.56	19900
2024-05-09	11.62	11.7	11.56	11.61	22400
2024-05-10	11.69	11.69	11.49	11.65	56600
2024-05-13	11.6	11.63	11.5	11.51	49500
2024-05-14	11.54	11.64	11.54	11.63	9300
2024-05-15	12.09	12.09	11.6	11.73	13400
2024-05-16	11.87	11.92	11.87	11.88	30500
2024-05-17	11.96	12.0	11.87	12.0	10200
2024-05-20	12.3	12.84	12.01	12.08	174100
2024-05-21	12.08	12.1	11.97	12.07	19300
2024-05-22	12.12	12.18	12.01	12.12	53000
2024-05-23	12.09	12.27	12.01	12.27	7700
2024-05-24	12.12	12.26	12.07	12.15	77700
2024-05-27	12.15	12.15	11.91	12.0	26900
2024-05-28	12.05	12.2	12.05	12.2	33000
2024-05-29	12.21	12.31	12.1	12.27	9300
2024-05-30	12.27	12.27	12.0	12.25	14100
2024-05-31	12.18	12.35	12.18	12.35	23600
2024-06-03	12.35	12.44	12.35	12.4	30000
2024-06-04	12.4	12.53	12.4	12.45	9300
2024-06-05	12.5	12.55	12.42	12.45	49100
2024-06-06	12.45	12.45	12.35	12.35	26200
2024-06-07	12.36	12.45	12.32	12.35	31600
2024-06-10	12.36	12.42	11.54	12.42	162300
2024-06-11	12.5	12.5	12.31	12.34	41900
2024-06-12	11.88	12.54	11.88	12.47	74600
2024-06-13	12.58	12.58	12.47	12.52	35200
2024-06-14	12.72	12.72	12.4	12.4	8900
2024-06-17	12.43	12.43	12.2	12.3	35000
2024-06-18	12.31	12.38	12.27	12.29	39900
2024-06-19	12.29	12.44	12.2	12.3	37000
2024-06-20	12.37	12.43	12.32	12.35	35400
2024-06-21	12.35	12.4	12.34	12.37	10400
2024-06-24	12.37	12.37	12.02	12.02	191500
2024-06-25	12.1	12.1	11.98	12.1	7800
2024-06-26	12.11	12.11	11.99	12.08	1900
2024-06-27	12.08	12.12	12.05	12.12	2700
2024-06-28	12.1	12.12	11.93	12.1	10600
2024-07-01	12.1	12.1	11.91	12.08	13700
2024-07-02	12.08	12.12	12.03	12.12	22400
2024-07-03	12.39	12.39	12.14	12.28	10000
2024-07-04	12.35	12.39	12.31	12.31	2300
2024-07-05	12.31	12.38	12.3	12.36	6100
2024-07-08	12.36	12.41	12.33	12.39	17500
2024-07-09	12.41	12.5	12.41	12.5	6600
2024-07-10	12.5	12.51	12.45	12.46	36100
2024-07-11	12.52	12.52	12.41	12.42	14200
2024-07-12	12.43	12.46	12.35	12.38	17300
2024-07-15	12.39	12.4	12.3	12.4	10300
2024-07-16	12.41	12.49	12.38	12.4	30900
2024-07-17	12.4	12.46	12.0	12.1	205800
2024-07-18	12.12	12.59	11.99	12.07	107400
2024-07-19	12.15	12.23	12.08	12.14	56200
2024-07-22	12.14	12.14	11.83	12.0	91500
2024-07-23	11.98	11.98	11.74	11.9	53200
2024-07-24	11.71	11.81	11.55	11.79	212500
2024-07-25	11.74	11.76	11.64	11.76	12400
2024-07-26	11.79	11.8	11.71	11.79	15100
2024-07-29	11.8	11.91	11.8	11.8	9700
2024-07-30	11.84	11.86	11.75	11.86	16600
2024-07-31	11.89	11.9	11.71	11.88	26200
2024-08-01	11.8	11.8	11.38	11.5	56600
2024-08-02	11.22	11.88	11.16	11.88	47900
2024-08-05	11.87	11.87	11.05	11.44	149900
2024-08-06	11.43	11.44	10.92	11.31	159300
2024-08-07	11.34	11.34	11.15	11.31	22000
2024-08-08	11.26	11.26	11.17	11.23	13300
2024-08-09	11.32	11.39	11.28	11.38	7900
2024-08-12	11.32	11.49	11.32	11.49	30600
2024-08-13	11.54	11.54	11.43	11.49	17700
2024-08-14	11.49	11.51	11.39	11.45	16300
2024-08-15	11.32	11.41	11.31	11.31	25000
2024-08-16	11.42	11.72	11.42	11.7	15900
2024-08-19	11.74	11.93	11.74	11.91	14700
2024-08-20	11.96	12.0	11.91	12.0	52600
2024-08-21	11.98	12.11	11.98	12.11	13600
2024-08-22	12.1	12.14	12.09	12.11	21100
2024-08-23	12.11	12.11	12.03	12.1	29100
2024-08-26	12.22	12.22	12.09	12.1	9700
2024-08-27	11.7	12.12	11.7	12.05	17700
2024-08-28	12.02	12.09	11.95	12.09	8100
2024-08-29	11.97	12.14	11.97	12.14	110400
2024-08-30	12.15	12.18	11.98	12.17	2900
2024-09-04	12.17	12.17	11.81	12.0	3300
2024-09-05	12.0	12.0	11.82	11.9	49600
2024-09-06	11.9	11.9	11.8	11.84	43300
2024-09-09	11.77	11.82	11.76	11.81	12900
2024-09-10	11.81	11.82	11.63	11.75	42200
2024-09-11	11.61	11.72	11.61	11.67	25000
2024-09-12	12.1	12.1	11.7	11.75	39200
2024-09-13	11.62	11.75	11.62	11.75	17300
2024-09-16	11.75	11.75	11.6	11.7	13700
2024-09-17	11.51	11.8	11.51	11.8	35900
2024-09-18	11.79	11.85	11.73	11.81	28000
2024-09-19	11.81	11.85	11.79	11.84	10400
2024-09-20	11.95	12.0	11.9	11.9	59200
2024-09-23	11.9	11.9	11.8	11.89	20500
2024-09-24	11.83	12.0	11.83	12.0	16300
2024-09-25	12.0	12.1	12.0	12.1	14100
2024-09-26	12.13	12.18	12.1	12.18	109800
2024-09-27	12.18	12.2	12.09	12.15	28500
2024-09-30	12.15	12.15	12.07	12.15	17600
2024-10-01	12.06	12.26	12.06	12.23	49100
2024-10-02	12.15	12.18	12.07	12.17	11800
2024-10-03	12.15	12.22	12.0	12.11	44500
2024-10-04	12.1	12.1	11.91	11.92	9300
2024-10-07	11.94	11.95	11.86	11.9	16400
2024-10-08	11.97	12.05	11.97	12.05	17000
2024-10-09	12.06	12.07	12.02	12.07	80500
2024-10-10	12.15	12.19	11.98	11.98	24700
2024-10-11	11.99	12.11	11.99	12.09	2000
2024-10-14	12.09	12.09	11.96	12.01	6700
2024-10-15	12.01	12.01	11.8	11.8	40900
2024-10-16	11.89	11.89	11.82	11.82	6100
2024-10-17	11.82	12.0	11.75	12.0	77200
2024-10-18	12.05	12.05	11.95	11.96	3900
2024-10-21	11.92	11.95	11.86	11.95	3800
2024-10-22	11.86	11.91	11.79	11.81	14600
2024-10-23	11.78	11.95	11.76	11.95	19400
2024-10-24	11.84	11.88	11.75	11.83	23300
2024-10-25	11.83	11.83	11.68	11.68	29100
2024-10-28	11.68	12.42	11.56	11.87	34100
2024-10-29	11.77	11.82	11.77	11.82	7300
2024-10-30	11.82	11.82	11.75	11.78	8300
2024-10-31	11.78	11.89	11.77	11.89	5000
2024-11-01	11.85	11.85	11.71	11.73	20900
2024-11-04	11.98	11.98	11.61	11.64	13800
2024-11-05	11.65	11.66	11.61	11.63	36300
2024-11-06	11.8	11.88	11.7	11.88	8600
2024-11-07	11.88	11.97	11.8	11.9	43000
2024-11-08	11.92	11.97	11.7	11.97	27400
2024-11-11	11.7	11.74	11.64	11.72	11400
2024-11-12	11.74	11.74	11.64	11.72	15300
2024-11-13	11.68	11.95	11.6	11.95	6100
2024-11-14	11.97	11.97	11.55	11.55	12200
2024-11-15	11.5	11.8	11.39	11.8	29300
2024-11-18	11.8	11.89	11.27	11.89	74000
2024-11-19	11.38	11.75	11.25	11.75	28600
2024-11-20	11.21	11.4	11.19	11.36	31700
2024-11-21	11.36	11.41	11.29	11.41	5200
2024-11-22	11.42	11.52	11.38	11.38	57300
2024-11-25	11.42	11.45	11.42	11.45	3500
2024-11-26	11.46	11.54	11.46	11.53	15300
2024-11-27	11.53	11.53	11.47	11.52	3000
2024-11-28	11.56	11.6	11.51	11.52	3600
2024-11-29	11.53	11.6	11.53	11.6	3300
2024-12-02	12.0	12.0	11.54	11.54	12800
2024-12-03	11.56	11.68	11.56	11.6	21200
2024-12-04	11.54	11.6	11.54	11.6	16900
2024-12-05	11.53	11.83	11.53	11.83	12200
2024-12-06	11.99	11.99	11.82	11.9	4600
2024-12-09	11.81	11.86	11.76	11.83	12900
2024-12-10	11.83	11.86	11.77	11.86	43500
2024-12-11	11.86	11.9	11.8	11.89	9100
2024-12-12	11.31	11.89	11.31	11.85	50700
2024-12-13	11.81	11.83	11.78	11.83	5400
2024-12-16	11.83	11.93	11.79	11.93	1900
2024-12-17	11.92	11.92	11.73	11.73	2100
2024-12-18	11.76	11.79	11.75	11.75	2300
2024-12-19	11.71	11.75	11.69	11.75	14000
2024-12-20	11.75	11.75	11.7	11.73	6900
2024-12-23	11.85	11.85	11.76	11.83	2700
2024-12-24	11.77	11.77	11.76	11.77	1700
2024-12-25	11.83	11.98	11.83	11.9	40500
2024-12-26	12.0	12.0	11.87	11.88	3200
2024-12-27	11.88	11.94	11.88	11.9	35700
2024-12-30	11.9	11.9	11.8	11.89	35700
2024-12-31	11.88	12.0	11.81	12.0	8700
2025-01-02	11.89	11.89	11.77	11.82	2300
2025-01-03	11.82	11.82	11.69	11.8	17500
2025-01-06	11.8	11.8	11.56	11.57	15200
2025-01-07	12.15	12.15	11.5	11.5	10100
2025-01-08	11.48	11.68	11.42	11.68	29500
2025-01-09	11.68	11.68	11.45	11.46	33200
2025-01-10	11.5	11.5	11.34	11.44	10400
2025-01-13	11.4	11.46	11.25	11.46	15500
2025-01-14	11.45	11.69	11.31	11.69	74200
2025-01-15	11.38	11.51	11.38	11.51	8200
2025-01-16	11.49	11.55	11.47	11.48	42900
2025-01-17	11.54	11.56	11.5	11.56	21500
2025-01-20	11.63	11.64	11.59	11.59	3200
2025-01-21	11.65	11.69	11.55	11.69	3500
2025-01-22	11.53	11.59	11.51	11.55	4800
2025-01-23	11.63	11.89	11.63	11.89	3900
2025-01-24	11.88	11.93	11.65	11.93	18900
2025-02-03	11.89	11.9	11.61	11.8	56400
2025-02-04	11.8	11.92	11.8	11.89	35800
2025-02-05	11.94	11.99	11.94	11.98	37900
2025-02-06	11.99	12.04	11.99	12.01	43400
2025-02-07	11.98	12.03	11.96	12.03	6600
2025-02-10	11.98	11.98	11.86	11.86	34400
2025-02-11	11.86	11.89	11.82	11.87	101500
2025-02-12	11.93	11.94	11.9	11.9	15000
2025-02-13	11.79	11.9	11.7	11.89	3200
2025-02-14	11.9	12.03	11.9	11.98	21000
2025-02-17	12.0	12.01	11.93	12.0	72800
2025-02-18	12.0	12.12	12.0	12.06	13000
2025-02-19	12.06	12.15	12.02	12.14	62200
2025-02-20	12.14	12.29	12.14	12.28	29100
2025-02-21	12.28	12.28	12.19	12.24	26500
2025-02-24	12.21	12.3	12.21	12.3	19100
2025-02-25	12.41	12.41	12.24	12.3	14100
2025-02-26	12.49	12.49	12.26	12.31	6600
2025-02-27	12.32	12.4	12.23	12.4	81900
2025-02-28	12.41	12.41	12.28	12.4	19200
2025-03-03	12.34	12.5	12.34	12.48	13900
2025-03-04	12.5	12.5	12.34	12.45	71800
2025-03-05	12.51	12.58	12.38	12.38	30700
2025-03-06	12.38	12.5	12.38	12.45	32400
2025-03-07	12.46	12.54	12.46	12.5	38200
2025-03-10	12.8	12.8	12.45	12.47	60400
2025-03-11	12.34	12.58	12.33	12.54	8100
2025-03-12	12.41	12.48	12.39	12.4	6100
2025-03-13	12.4	12.46	12.3	12.3	7300
2025-03-14	12.33	12.35	12.21	12.21	8500
2025-03-17	12.22	12.34	12.22	12.34	2900
2025-03-18	12.38	12.4	12.34	12.35	23100
2025-03-19	12.32	12.32	12.23	12.29	5300
2025-03-20	12.3	12.3	12.2	12.2	6200
2025-03-21	12.15	12.15	12.15	12.15	500
2025-03-24	12.23	12.23	12.15	12.2	5900
2025-03-25	12.1	12.36	12.1	12.23	2600
2025-03-26	12.35	12.35	12.23	12.23	1800
2025-03-27	12.23	12.23	12.1	12.18	13000
2025-03-28	12.14	12.14	12.07	12.14	7000
2025-03-31	12.0	12.06	11.91	12.06	18100
2025-04-01	12.06	12.24	11.96	12.13	7100
