time	open	high	low	close	volume
2020-03-18	9.99	9.99	9.99	9.99	3240
2020-03-19	10.68	10.68	10.6	10.6	23940
2020-03-20	10.6	11.34	10.6	11.34	3160
2020-03-23	11.99	11.99	11.2	11.2	290
2020-03-24	11.0	11.0	10.42	10.42	1610
2020-03-25	9.7	9.7	9.7	9.7	1150
2020-03-26	9.7	9.7	9.7	9.7	0
2020-03-27	9.7	9.7	9.7	9.7	0
2020-03-30	9.65	9.65	9.65	9.65	1000
2020-03-31	8.98	8.98	8.98	8.98	1090
2020-04-01	8.36	8.36	8.36	8.36	200
2020-04-03	7.78	7.78	7.78	7.78	2390
2020-04-06	7.24	7.81	7.24	7.81	4840
2020-04-07	7.81	7.83	7.77	7.77	8070
2020-04-08	7.77	7.79	7.77	7.79	150
2020-04-09	7.79	7.94	7.79	7.93	3070
2020-04-10	8.4	8.4	7.82	7.92	2060
2020-04-13	8.08	8.08	8.08	8.08	120
2020-04-14	7.97	7.97	7.96	7.96	20
2020-04-15	8.2	8.3	8.2	8.24	2230
2020-04-16	8.12	8.22	8.12	8.22	260
2020-04-17	8.31	8.41	8.31	8.41	150
2020-04-20	8.29	8.38	8.29	8.37	480
2020-04-21	8.37	8.37	7.94	7.94	350
2020-04-22	7.94	8.07	7.94	8.07	540
2020-04-23	8.05	8.07	8.05	8.07	1410
2020-04-24	8.07	8.07	7.89	7.93	1320
2020-04-27	8.1	8.11	8.06	8.06	40
2020-04-28	7.83	7.99	7.83	7.97	110
2020-04-29	8.0	8.0	8.0	8.0	50
2020-05-04	8.0	8.0	7.93	7.93	200
2020-05-05	7.95	8.04	7.94	8.04	21940
2020-05-06	8.06	8.09	8.0	8.09	20340
2020-05-07	8.12	8.21	8.12	8.2	25020
2020-05-08	8.27	8.77	8.27	8.57	1110
2020-05-11	8.6	8.88	8.6	8.86	3260
2020-05-12	8.86	8.89	8.78	8.89	160
2020-05-13	9.49	9.49	8.83	9.0	1020
2020-05-14	8.9	9.01	8.9	9.01	200
2020-05-15	9.01	9.01	8.8	8.86	720
2020-05-18	9.48	9.48	8.82	9.05	110
2020-05-19	9.22	9.25	9.22	9.24	20150
2020-05-20	9.18	9.18	9.18	9.18	28430
2020-05-21	9.21	9.27	9.21	9.27	31640
2020-05-22	9.36	9.38	9.32	9.32	2020
2020-05-25	9.3	9.33	9.25	9.31	180
2020-05-26	9.32	9.38	9.29	9.36	11400
2020-05-27	9.44	9.44	9.39	9.39	210
2020-05-28	9.25	9.3	9.23	9.3	880
2020-05-29	9.3	9.3	9.28	9.28	70
2020-06-01	9.32	9.58	9.32	9.58	106210
2020-06-02	9.57	9.66	9.57	9.65	10950
2020-06-03	9.68	9.74	9.68	9.74	80
2020-06-04	9.8	9.8	9.8	9.8	160
2020-06-05	9.71	9.71	9.69	9.71	2640
2020-06-08	9.84	9.99	9.81	9.89	2890
2020-06-09	9.81	9.85	9.81	9.85	5100
2020-06-10	9.82	10.02	9.5	9.5	50110
2020-06-11	10.0	10.0	9.62	9.7	23130
2020-06-12	9.7	9.7	9.4	9.56	108990
2020-06-15	9.62	9.62	9.3	9.35	62870
2020-06-16	9.35	9.52	9.1	9.45	27250
2020-06-17	9.11	9.48	9.11	9.37	5680
2020-06-18	9.43	9.43	9.37	9.41	18150
2020-06-19	9.45	9.45	9.45	9.45	860
2020-06-22	9.55	9.55	9.5	9.55	11700
2020-06-23	9.55	9.56	9.49	9.5	10610
2020-06-24	9.5	9.5	9.4	9.4	49040
2020-06-25	9.4	9.4	9.3	9.3	44310
2020-06-26	9.34	9.34	9.25	9.25	5260
2020-06-29	9.86	9.86	9.0	9.01	10030
2020-06-30	9.04	9.04	8.81	8.95	70100
2020-07-01	8.93	9.08	8.91	9.08	5050
2020-07-02	9.12	9.12	9.06	9.06	58360
2020-07-03	9.05	9.08	9.05	9.08	7140
2020-07-06	9.14	9.27	9.13	9.27	150220
2020-07-07	9.32	9.32	9.31	9.32	230
2020-07-08	9.32	9.32	9.26	9.28	51860
2020-07-09	9.43	9.5	9.43	9.5	20040
2020-07-10	9.5	9.5	9.44	9.44	310
2020-07-13	9.52	9.6	9.42	9.42	10630
2020-07-14	9.35	9.42	9.33	9.42	21780
2020-07-15	9.45	9.5	9.43	9.47	9040
2020-07-16	9.49	9.51	9.47	9.47	68230
2020-07-17	9.51	9.56	9.5	9.5	112550
2020-07-20	9.46	9.49	9.42	9.42	74400
2020-07-21	9.38	9.41	9.33	9.33	70220
2020-07-22	9.4	9.4	9.38	9.38	70030
2020-07-23	9.3	9.31	9.26	9.27	81070
2020-07-24	9.21	9.21	8.97	9.08	40910
2020-07-27	8.5	8.71	8.45	8.7	76980
2020-07-28	8.55	8.85	8.45	8.85	775780
2020-07-29	8.43	8.52	8.28	8.52	325810
2020-07-30	8.54	8.56	8.49	8.56	13710
2020-07-31	8.37	8.57	8.37	8.57	182470
2020-08-03	8.5	8.67	8.5	8.63	125000
2020-08-04	8.8	8.81	8.76	8.8	26210
2020-08-05	8.8	9.05	8.8	9.05	164290
2020-08-06	8.94	9.05	8.94	9.02	178350
2020-08-07	8.95	9.0	8.95	9.0	135950
2020-08-10	9.0	9.1	9.0	9.07	47820
2020-08-11	9.08	9.09	9.04	9.09	35340
2020-08-12	9.11	9.18	9.11	9.18	30040
2020-08-13	9.27	9.27	9.13	9.27	40150
2020-08-14	9.18	9.22	9.16	9.22	31020
2020-08-17	9.13	9.24	9.13	9.24	26100
2020-08-18	9.18	9.22	9.18	9.22	20180
2020-08-19	9.17	9.23	9.17	9.23	20050
2020-08-20	9.17	9.22	9.16	9.16	65450
2020-08-21	9.26	9.34	9.22	9.31	156480
2020-08-24	9.43	9.64	9.43	9.64	101190
2020-08-25	9.64	9.68	9.64	9.68	100410
2020-08-26	9.58	9.6	9.58	9.6	20360
2020-08-27	9.55	9.65	9.55	9.65	50020
2020-08-28	9.66	9.75	9.66	9.75	100110
2020-08-31	9.75	9.75	9.73	9.75	1700
2020-09-01	9.69	9.82	9.69	9.82	100280
2020-09-03	9.93	9.93	9.83	9.9	53390
2020-09-04	9.88	9.88	9.86	9.86	50200
2020-09-07	9.86	9.86	9.72	9.72	1190
2020-09-08	9.57	9.71	9.57	9.71	50550
2020-09-09	9.58	9.71	9.53	9.71	10850
2020-09-10	9.65	9.72	9.64	9.72	51010
2020-09-11	9.62	9.74	9.62	9.74	34910
2020-09-14	9.72	9.72	9.72	9.72	10000
2020-09-15	9.76	9.76	9.75	9.75	52250
2020-09-16	9.75	9.75	9.75	9.75	210
2020-09-17	9.75	9.78	9.7	9.7	70200
2020-09-18	9.79	9.9	9.79	9.9	304610
2020-09-21	9.9	9.99	9.9	9.99	1040
2020-09-22	9.94	10.05	9.94	10.03	180560
2020-09-23	10.03	10.22	9.74	10.19	108480
2020-09-24	10.33	10.33	10.14	10.14	3610
2020-09-25	10.15	10.18	10.13	10.15	50100
2020-09-28	10.29	10.41	10.28	10.41	160620
2020-09-29	10.41	10.47	10.35	10.35	43670
2020-09-30	10.3	10.38	10.23	10.38	5000
2020-10-01	10.4	10.4	10.4	10.4	1500
2020-10-02	10.4	10.49	10.33	10.33	760
2020-10-05	10.42	10.44	10.42	10.44	1350
2020-10-06	10.49	10.49	10.49	10.49	1000
2020-10-07	10.49	10.52	10.48	10.5	1360
2020-10-08	10.39	10.39	10.31	10.32	52330
2020-10-09	10.32	10.39	10.32	10.39	210
2020-10-12	10.51	10.52	10.45	10.45	120150
2020-10-13	10.45	10.46	10.45	10.46	280
2020-10-14	10.21	10.74	10.21	10.64	109950
2020-10-15	10.72	10.8	10.7	10.75	2900
2020-10-16	10.16	10.92	10.16	10.92	98800
2020-10-19	10.97	11.06	10.95	10.95	4170
2020-10-20	10.92	11.09	10.92	11.09	31130
2020-10-21	11.19	11.25	10.89	11.09	17010
2020-10-22	11.06	11.1	10.96	11.1	140
2020-10-23	11.21	11.21	11.21	11.21	390
2020-10-26	11.21	11.25	11.09	11.09	113780
2020-10-27	11.09	11.09	10.84	10.84	40680
2020-10-28	10.84	10.84	10.55	10.55	4790
2020-10-29	10.4	10.53	10.4	10.41	680
2020-10-30	10.44	10.44	10.35	10.35	510
2020-11-02	10.44	10.45	10.43	10.43	1050
2020-11-03	10.63	10.64	10.63	10.63	720
2020-11-04	10.61	10.61	10.61	10.61	110
2020-11-05	10.77	10.77	10.65	10.65	1620
2020-11-06	10.65	10.65	10.6	10.6	880
2020-11-09	10.6	10.6	10.6	10.6	100
2020-11-10	10.76	10.78	10.7	10.7	400100
2020-11-11	10.7	10.72	10.58	10.61	431240
2020-11-12	10.65	10.83	10.65	10.83	501510
2020-11-13	10.82	11.0	10.78	11.0	1000500
2020-11-16	11.02	11.05	10.9	11.02	147450
2020-11-17	10.9	11.08	10.9	11.08	550
2020-11-18	11.08	11.2	11.08	11.1	229680
2020-11-19	11.24	11.24	11.1	11.16	2520
2020-11-20	11.19	11.34	11.16	11.34	147920
2020-11-23	11.34	11.35	11.32	11.35	350
2020-11-24	11.41	11.46	11.3	11.46	101170
2020-11-25	11.44	11.54	11.37	11.5	307280
2020-11-26	11.5	11.5	11.42	11.5	115970
2020-11-27	11.58	11.65	11.49	11.65	32220
2020-11-30	11.5	11.83	11.4	11.4	8920
2020-12-01	11.4	11.47	11.38	11.4	114620
2020-12-02	11.96	12.01	11.43	12.01	547160
2020-12-03	12.01	12.03	11.79	11.9	1187860
2020-12-04	11.95	12.0	11.9	12.0	960940
2020-12-07	11.91	12.01	11.91	12.0	602750
2020-12-08	12.0	12.07	12.0	12.05	644900
2020-12-09	12.14	12.36	12.14	12.19	804460
2020-12-10	12.24	12.32	12.22	12.32	138880
2020-12-11	12.2	12.45	12.08	12.45	1570
2020-12-14	12.45	12.59	12.45	12.45	13380
2020-12-15	12.45	12.5	12.45	12.49	3550
2020-12-16	12.49	12.84	12.49	12.8	83550
2020-12-17	12.84	12.9	12.79	12.84	10860
2020-12-18	12.9	13.3	12.9	13.3	24980
2020-12-21	13.3	13.59	13.3	13.59	100910
2020-12-22	13.59	13.59	13.34	13.39	4230
2020-12-23	13.39	13.43	13.3	13.4	3990
2020-12-24	12.9	13.02	12.9	13.02	20200
2020-12-25	12.96	13.47	12.96	13.47	11620
2020-12-28	13.47	13.47	13.47	13.47	200
2020-12-29	13.47	13.47	13.3	13.41	13800
2020-12-30	13.47	13.49	13.41	13.41	10490
2020-12-31	13.41	13.65	13.4	13.65	11520
2021-01-04	13.65	14.15	13.58	14.15	2800
2021-01-05	14.2	15.1	14.14	14.14	40400
2021-01-06	14.26	14.66	14.26	14.65	8300
2021-01-07	14.7	14.89	14.7	14.89	11800
2021-01-08	13.9	15.93	13.9	15.01	93000
2021-01-11	15.34	15.41	15.15	15.15	45100
2021-01-12	15.15	15.15	14.97	15.1	32500
2021-01-13	15.2	16.0	15.13	15.13	51400
2021-01-14	15.16	15.3	15.02	15.23	118200
2021-01-15	15.65	15.77	15.6	15.77	13400
2021-01-18	15.77	16.16	15.47	15.47	25000
2021-01-19	15.3	15.47	14.5	14.5	12700
2021-01-20	14.27	14.44	13.85	14.3	53200
2021-01-21	14.5	15.06	14.5	15.06	24200
2021-01-22	15.06	15.5	15.06	15.06	56800
2021-01-25	15.06	15.14	14.88	14.9	60400
2021-01-26	14.8	15.06	14.01	14.2	65100
2021-01-27	14.2	14.3	13.89	14.0	30800
2021-01-28	13.91	13.91	13.7	13.8	24500
2021-01-29	13.8	14.14	13.8	13.9	18600
2021-02-01	13.93	13.93	13.05	13.15	31600
2021-02-02	13.15	13.63	13.0	13.63	2200
2021-02-03	14.52	14.52	13.92	14.26	10200
2021-02-04	14.2	14.34	14.17	14.2	33200
2021-02-05	14.2	14.51	14.2	14.5	5300
2021-02-08	14.52	14.52	13.95	14.02	23700
2021-02-09	14.02	14.58	14.02	14.51	8500
2021-02-17	14.72	15.23	14.54	15.23	18200
2021-02-18	15.23	15.51	14.88	15.2	15600
2021-02-19	15.2	15.55	15.11	15.33	65600
2021-02-22	15.46	15.6	15.32	15.6	26500
2021-02-23	15.42	15.55	15.35	15.55	50800
2021-02-24	15.65	15.65	15.5	15.5	6000
2021-02-25	16.2	16.2	15.1	15.31	93300
2021-02-26	14.8	15.39	14.75	15.37	9100
2021-03-01	15.5	15.69	15.44	15.69	61600
2021-03-02	16.28	16.28	15.7	15.8	24400
2021-03-03	15.8	15.85	15.75	15.77	2900
2021-03-04	15.88	15.88	15.28	15.28	27400
2021-03-05	15.37	15.43	15.25	15.42	8400
2021-03-08	15.6	15.66	15.37	15.5	31500
2021-03-09	15.5	15.5	15.23	15.44	3500
2021-03-10	15.44	15.52	14.67	15.52	1300
2021-03-11	15.65	15.91	15.65	15.9	98300
2021-03-12	16.0	16.0	15.9	15.93	5400
2021-03-15	15.93	15.93	15.79	15.86	25000
2021-03-16	15.87	15.9	15.56	15.82	6400
2021-03-17	15.8	16.01	15.8	16.01	2500
2021-03-18	16.32	16.32	16.3	16.32	8700
2021-03-19	16.32	16.47	16.26	16.26	15300
2021-03-22	16.4	16.4	16.1	16.26	10400
2021-03-23	16.2	16.2	15.91	15.99	13900
2021-03-24	15.8	16.6	15.6	15.6	13700
2021-03-25	15.73	15.77	15.59	15.7	4800
2021-03-26	15.61	15.61	15.27	15.45	1700
2021-03-29	15.67	15.8	15.65	15.8	21500
2021-03-30	15.9	16.2	15.88	16.2	27000
2021-03-31	16.2	16.3	16.16	16.28	31600
2021-04-01	16.28	16.6	16.25	16.6	14900
2021-04-02	16.6	16.86	16.6	16.8	12600
2021-04-05	16.84	17.08	16.79	16.9	28900
2021-04-06	17.1	17.3	17.02	17.24	25100
2021-04-07	17.25	17.3	17.2	17.25	54100
2021-04-08	17.25	17.4	17.05	17.17	41300
2021-04-09	17.13	17.24	17.03	17.16	33700
2021-04-12	17.18	17.52	17.18	17.51	34000
2021-04-13	18.72	18.72	17.3	17.3	63700
2021-04-14	17.1	17.4	17.07	17.4	21100
2021-04-15	17.44	17.44	17.15	17.16	20000
2021-04-16	18.35	18.35	16.75	16.8	38400
2021-04-19	16.8	17.15	16.8	17.15	66100
2021-04-20	17.19	17.34	17.1	17.15	36000
2021-04-22	17.15	17.22	16.75	16.75	29600
2021-04-23	16.75	17.91	16.37	17.91	140100
2021-04-26	17.9	17.9	16.91	16.95	123500
2021-04-27	17.1	17.1	17.1	17.1	300
2021-04-28	16.8	17.59	16.8	17.21	30500
2021-04-29	17.6	17.6	17.3	17.55	182700
2021-05-04	17.55	18.0	17.37	18.0	57000
2021-05-05	18.1	18.72	18.1	18.58	90200
2021-05-06	18.58	18.63	18.38	18.59	135500
2021-05-07	18.6	18.6	18.25	18.5	138200
2021-05-10	18.6	19.02	18.48	19.02	113100
2021-05-11	19.1	19.2	18.96	19.01	75200
2021-05-12	19.01	19.3	18.82	19.3	26500
2021-05-13	19.3	19.75	19.3	19.6	30500
2021-05-14	19.6	19.69	19.49	19.65	59400
2021-05-17	20.49	20.49	19.49	19.6	121000
2021-05-18	19.6	19.7	19.3	19.49	187700
2021-05-19	19.75	20.24	19.67	20.24	98800
2021-05-20	20.9	20.9	20.0	20.3	506800
2021-05-21	20.5	20.6	20.35	20.36	74000
2021-05-24	20.43	20.56	20.37	20.49	97200
2021-05-25	20.5	20.99	20.5	20.96	26400
2021-05-26	21.0	21.34	21.0	21.34	72000
2021-05-27	21.34	21.44	21.1	21.34	81000
2021-05-28	21.49	21.66	21.1	21.66	91500
2021-05-31	21.7	22.15	21.63	22.15	43700
2021-06-01	23.0	23.0	22.18	22.24	76400
2021-06-02	22.4	22.4	21.84	22.15	94400
2021-06-03	22.25	23.2	22.25	23.0	45400
2021-06-04	23.79	23.79	23.4	23.79	67800
2021-06-07	24.0	25.01	22.13	23.15	240000
2021-06-08	21.8	22.66	21.8	22.2	83600
2021-06-09	20.9	22.2	20.9	22.2	129400
2021-06-10	23.4	23.4	20.98	21.7	44200
2021-06-11	21.7	22.7	21.5	22.39	52500
2021-06-14	22.39	22.6	22.39	22.5	58400
2021-06-15	22.5	22.5	22.34	22.42	30600
2021-06-16	22.4	22.52	22.0	22.38	79500
2021-06-17	22.0	22.38	21.82	22.3	23400
2021-06-18	22.34	22.5	22.15	22.16	34400
2021-06-21	22.16	22.16	21.5	21.8	23900
2021-06-22	21.7	22.5	21.7	22.05	89100
2021-06-23	22.5	22.5	22.2	22.3	127600
2021-06-24	22.4	22.47	22.3	22.34	130000
2021-06-25	22.2	22.35	22.15	22.35	6800
2021-06-28	22.5	22.9	22.5	22.89	21900
2021-06-29	23.18	23.18	22.91	23.0	52100
2021-06-30	23.0	23.12	22.8	23.03	126400
2021-07-01	22.8	23.12	22.7	23.09	38500
2021-07-02	23.39	23.43	23.26	23.4	104600
2021-07-05	23.4	23.6	23.2	23.6	110200
2021-07-06	23.6	23.87	23.0	23.0	317600
2021-07-07	22.99	22.99	22.42	22.99	135700
2021-07-08	22.98	23.22	22.8	23.0	45800
2021-07-09	22.56	23.0	22.33	23.0	68200
2021-07-12	22.98	22.98	21.39	21.39	260800
2021-07-13	21.51	21.6	20.89	21.25	166000
2021-07-14	21.26	21.26	20.4	20.6	134200
2021-07-15	20.08	21.3	20.08	21.17	122100
2021-07-16	21.17	21.35	21.02	21.15	84900
2021-07-19	20.11	20.55	19.8	20.5	91500
2021-07-20	20.5	20.5	19.54	20.44	77700
2021-07-21	20.51	21.0	20.22	20.47	55700
2021-07-22	20.47	21.8	20.2	21.8	42500
2021-07-23	21.29	21.29	20.33	21.1	80200
2021-07-26	20.5	21.09	19.8	21.09	165100
2021-07-27	20.02	20.48	20.02	20.48	84300
2021-07-28	20.74	20.74	19.97	20.16	238600
2021-07-29	20.2	20.5	20.2	20.5	34600
2021-07-30	20.5	21.1	20.16	21.1	70400
2021-08-02	20.79	21.1	20.79	21.09	123300
2021-08-03	21.09	21.48	20.85	21.48	168600
2021-08-04	21.0	21.6	21.0	21.6	103800
2021-08-05	21.45	21.8	21.22	21.8	52700
2021-08-06	21.79	21.79	21.1	21.5	174100
2021-08-09	21.5	21.5	20.99	21.5	125700
2021-08-10	21.5	21.52	21.2	21.52	90300
2021-08-11	21.5	21.98	21.25	21.98	123000
2021-08-12	21.25	21.5	21.07	21.5	191000
2021-08-13	21.25	21.58	20.85	21.58	160600
2021-08-16	21.56	21.77	21.22	21.55	185400
2021-08-17	21.56	22.1	21.55	21.99	100100
2021-08-18	21.6	21.9	21.49	21.9	78200
2021-08-19	21.87	21.87	21.26	21.6	249800
2021-08-20	21.59	21.59	20.4	20.95	408300
2021-08-23	20.35	20.64	20.0	20.49	370700
2021-08-24	20.48	20.48	19.9	20.4	245800
2021-08-25	20.1	20.7	19.94	20.7	100500
2021-08-26	20.69	21.0	19.82	21.0	134300
2021-08-27	20.0	20.0	19.53	19.92	214300
2021-08-30	20.0	20.13	19.8	20.07	190900
2021-08-31	20.07	20.12	20.0	20.12	38500
2021-09-01	20.16	20.55	19.8	20.55	77600
2021-09-06	20.6	20.95	19.8	20.8	299900
2021-09-07	20.74	20.74	20.0	20.68	138400
2021-09-08	20.2	20.64	20.05	20.64	99600
2021-09-09	20.4	20.45	20.08	20.15	64900
2021-09-10	20.15	20.45	20.15	20.31	124300
2021-09-13	20.24	20.41	20.1	20.41	85300
2021-09-14	20.39	20.39	20.15	20.34	33500
2021-09-15	19.9	20.33	19.9	20.17	16000
2021-09-16	20.17	20.4	20.17	20.2	44100
2021-09-17	20.31	20.4	20.15	20.39	16100
2021-09-20	20.45	20.66	20.45	20.66	76600
2021-09-21	20.45	20.45	20.2	20.4	16500
2021-09-22	20.39	20.4	20.2	20.3	15100
2021-09-23	20.3	20.6	20.23	20.27	30700
2021-09-24	20.27	20.45	20.2	20.2	54600
2021-09-27	20.2	20.57	20.0	20.57	57900
2021-09-28	20.49	20.49	20.01	20.13	13800
2021-09-29	20.13	20.26	19.82	20.26	71600
2021-09-30	20.26	20.3	19.88	20.3	102600
2021-10-01	20.1	20.3	19.89	20.3	51100
2021-10-04	20.28	20.28	19.24	19.7	114800
2021-10-05	19.66	19.7	19.25	19.7	87800
2021-10-06	19.4	19.66	19.35	19.66	39900
2021-10-07	19.37	19.79	19.37	19.79	126400
2021-10-08	19.65	19.77	19.6	19.77	41600
2021-10-11	19.77	20.74	19.77	20.74	80200
2021-10-12	20.72	20.72	20.29	20.57	42600
2021-10-13	20.5	20.5	20.28	20.34	66100
2021-10-14	20.23	20.54	20.23	20.54	16600
2021-10-15	20.54	20.54	20.31	20.35	20800
2021-10-18	20.25	20.53	20.25	20.51	54300
2021-10-19	20.5	20.5	20.4	20.45	10900
2021-10-20	20.5	20.5	20.26	20.26	23800
2021-10-21	20.27	20.39	20.24	20.38	46100
2021-10-22	20.3	20.37	20.05	20.37	57000
2021-10-25	20.37	20.37	19.83	20.0	51800
2021-10-26	20.0	20.3	19.72	20.3	129800
2021-10-27	20.06	20.31	20.0	20.1	34700
2021-10-28	20.3	20.4	20.29	20.37	82100
2021-10-29	20.35	20.45	20.3	20.4	58600
2021-11-01	20.4	20.52	20.4	20.5	65100
2021-11-02	20.5	20.5	20.4	20.4	18100
2021-11-03	20.4	21.16	20.4	21.0	100400
2021-11-04	21.02	21.15	20.5	20.5	34900
2021-11-05	20.65	21.0	20.65	20.95	26900
2021-11-08	20.95	21.25	20.78	21.25	280500
2021-11-09	21.24	21.25	20.94	21.2	64100
2021-11-10	21.09	21.2	20.9	21.2	78000
2021-11-11	21.0	21.1	20.64	21.0	39200
2021-11-12	20.94	20.94	20.5	20.75	63300
2021-11-15	20.8	21.1	20.6	21.1	66400
2021-11-16	21.1	21.1	20.78	21.02	136400
2021-11-17	20.93	21.0	20.82	21.0	23200
2021-11-18	21.0	21.0	20.74	20.74	23200
2021-11-19	20.8	21.14	20.69	20.69	51300
2021-11-22	20.82	21.54	20.81	21.34	66000
2021-11-23	21.34	21.56	21.34	21.41	67300
2021-11-24	21.41	22.53	21.41	22.5	97300
2021-11-25	23.0	23.0	22.6	22.63	171300
2021-11-26	22.65	22.83	22.51	22.51	167300
2021-11-29	22.45	24.08	22.3	22.89	107600
2021-11-30	22.89	22.89	22.45	22.8	444700
2021-12-01	23.0	23.0	22.41	22.77	103700
2021-12-02	22.75	22.79	22.6	22.79	26000
2021-12-03	22.8	22.8	22.13	22.35	132500
2021-12-06	22.5	22.5	21.31	21.84	327800
2021-12-07	21.59	21.63	21.06	21.5	246500
2021-12-08	21.97	21.97	21.0	21.0	64400
2021-12-09	21.01	21.99	21.01	21.99	56200
2021-12-10	21.92	21.92	21.19	21.57	52600
2021-12-13	21.57	21.58	21.24	21.58	163100
2021-12-14	21.39	21.79	21.12	21.79	113700
2021-12-15	21.74	21.74	21.05	21.38	82100
2021-12-16	21.2	21.38	21.15	21.38	108900
2021-12-17	21.38	21.38	21.1	21.3	173400
2021-12-20	21.26	21.26	20.93	20.99	227900
2021-12-21	21.0	21.11	20.94	21.0	38300
2021-12-22	21.03	21.05	20.81	20.81	461100
2021-12-23	20.86	20.87	20.45	20.77	83800
2021-12-24	20.5	21.5	20.5	21.5	90100
2021-12-27	21.38	21.38	20.89	21.3	371800
2021-12-28	21.31	21.31	21.02	21.11	564400
2021-12-29	21.5	21.5	21.3	21.36	91400
2021-12-30	21.5	21.6	21.4	21.5	28900
2021-12-31	21.61	22.48	21.61	22.48	226000
2022-01-04	22.45	22.45	22.04	22.3	468200
2022-01-05	22.3	22.3	22.0	22.0	42500
2022-01-06	22.0	22.11	21.88	21.88	516200
2022-01-07	21.89	21.9	21.7	21.7	93200
2022-01-10	21.69	21.76	21.35	21.66	179700
2022-01-11	21.5	21.5	21.3	21.41	381800
2022-01-12	21.42	22.2	21.13	22.2	40100
2022-01-13	22.26	22.6	22.25	22.5	309000
2022-01-14	22.4	22.4	21.85	22.03	328800
2022-01-17	22.5	23.2	22.04	22.49	542500
2022-01-18	21.7	21.92	21.44	21.6	149000
2022-01-19	21.6	22.2	21.46	22.2	57200
2022-01-20	22.0	22.5	21.45	22.5	277300
2022-01-21	22.49	22.49	21.56	21.65	159500
2022-01-24	21.6	22.14	21.6	21.9	21300
2022-01-25	22.0	22.1	21.82	22.1	45700
2022-01-26	22.31	23.3	22.31	23.2	219700
2022-01-27	23.2	23.2	22.99	23.15	49600
2022-01-28	23.18	23.38	21.71	21.71	46300
2022-02-07	22.51	23.22	22.51	23.22	102900
2022-02-08	23.3	23.52	23.3	23.4	10900
2022-02-09	23.75	24.0	23.5	23.6	24900
2022-02-10	23.68	23.81	23.4	23.63	43500
2022-02-11	23.95	25.28	23.34	23.9	34000
2022-02-14	24.0	24.0	22.9	23.89	102200
2022-02-15	23.75	23.75	22.4	22.6	1269900
2022-02-16	22.7	22.74	22.4	22.45	476500
2022-02-17	22.48	22.8	22.48	22.8	35000
2022-02-18	22.12	22.8	22.12	22.8	90600
2022-02-21	22.8	22.8	22.24	22.6	558000
2022-02-22	22.74	23.0	22.16	23.0	193400
2022-02-23	22.95	22.95	22.43	22.69	218900
2022-02-24	22.69	22.75	22.3	22.6	343300
2022-02-25	22.32	23.07	22.32	23.07	132400
2022-02-28	23.03	23.03	22.56	22.7	87900
2022-03-01	22.6	22.85	22.4	22.85	832000
2022-03-02	22.78	22.78	22.09	22.77	112600
2022-03-03	22.22	22.69	21.91	22.69	131200
2022-03-04	22.5	22.59	22.08	22.59	25700
2022-03-07	22.57	22.57	22.15	22.39	134500
2022-03-08	22.01	22.16	21.98	21.98	43000
2022-03-09	22.0	22.13	21.65	21.95	295100
2022-03-10	22.12	22.12	21.9	21.98	63100
2022-03-11	21.5	22.0	21.5	22.0	41700
2022-03-14	21.94	21.94	21.5	21.52	37500
2022-03-15	21.11	22.14	21.11	22.14	30400
2022-03-16	22.1	22.1	21.96	22.0	3300
2022-03-17	22.17	22.2	22.02	22.2	25200
2022-03-18	22.02	22.17	22.02	22.11	4700
2022-03-21	22.11	22.34	22.0	22.34	11500
2022-03-22	22.35	22.41	22.2	22.2	63200
2022-03-23	22.35	22.41	22.21	22.29	9600
2022-03-24	22.28	22.3	22.1	22.1	73000
2022-03-25	22.17	22.28	21.81	21.81	79800
2022-03-28	21.9	22.1	21.6	21.91	126300
2022-03-29	21.91	22.6	21.67	22.34	115400
2022-03-30	21.73	22.0	21.73	21.86	35600
2022-03-31	21.77	22.01	21.77	22.01	165300
2022-04-01	22.01	22.6	21.8	22.5	161200
2022-04-04	22.49	22.5	22.04	22.04	44100
2022-04-05	22.28	22.43	22.24	22.36	26100
2022-04-06	22.27	22.5	22.0	22.0	78600
2022-04-07	22.46	22.78	22.01	22.01	296300
2022-04-08	22.15	22.5	22.15	22.3	41300
2022-04-12	22.49	22.49	22.0	22.17	118500
2022-04-13	22.01	22.05	21.86	22.05	17500
2022-04-14	22.05	22.15	22.0	22.15	10800
2022-04-15	22.11	22.11	21.55	21.98	63500
2022-04-18	21.77	21.78	20.9	21.49	119100
2022-04-19	21.02	21.03	20.33	20.5	86600
2022-04-20	20.98	20.98	19.99	20.35	68900
2022-04-21	20.0	20.5	19.78	20.5	139000
2022-04-22	20.5	21.0	20.23	21.0	44500
2022-04-25	21.0	21.0	19.55	19.55	77400
2022-04-26	19.31	20.0	18.77	20.0	31800
2022-05-04	20.26	20.5	19.76	20.5	30900
2022-05-05	19.86	20.06	19.41	19.63	967600
2022-05-06	19.63	21.0	19.4	19.73	19000
2022-05-09	19.41	19.41	18.4	19.0	108600
2022-05-10	18.3	18.52	17.84	18.5	84100
2022-05-11	18.52	19.0	18.17	19.0	27800
2022-05-12	19.01	19.01	17.67	19.0	55000
2022-05-13	19.0	19.0	17.67	17.67	62700
2022-05-16	17.67	17.67	16.44	16.45	74500
2022-05-17	16.68	17.51	15.3	16.51	55300
2022-05-18	17.2	17.6	16.91	17.32	609700
2022-05-19	17.3	18.5	16.95	18.5	18800
2022-05-23	17.49	17.49	16.59	16.8	432800
2022-05-24	16.8	17.12	16.6	16.8	92300
2022-05-25	17.14	17.5	16.94	17.44	11900
2022-05-26	17.5	17.56	17.3	17.5	131800
2022-05-27	17.5	17.8	17.45	17.7	50800
2022-05-30	17.7	18.0	17.62	18.0	33900
2022-05-31	18.0	18.0	17.56	18.0	129800
2022-06-01	17.95	17.95	17.57	17.82	34700
2022-06-02	17.8	17.8	17.5	17.5	30900
2022-06-03	17.5	17.55	17.26	17.4	69000
2022-06-06	17.24	17.48	17.09	17.09	32200
2022-06-07	17.09	17.09	16.71	17.0	65400
2022-06-08	17.01	17.8	17.01	17.8	43600
2022-06-09	17.75	17.8	17.35	17.35	33300
2022-06-10	17.5	17.65	17.35	17.48	13000
2022-06-13	16.98	17.01	16.48	16.48	30900
2022-06-14	16.22	16.49	16.2	16.2	74500
2022-06-15	16.21	16.47	15.88	16.45	83900
2022-06-16	16.13	16.8	16.08	16.22	64900
2022-06-17	15.85	16.22	15.4	16.22	25500
2022-06-20	15.68	15.79	15.2	15.2	20500
2022-06-21	14.97	15.35	14.74	15.35	340100
2022-06-22	16.0	16.0	14.93	15.4	428400
2022-06-23	15.25	16.0	15.22	15.52	1000900
2022-06-24	15.83	15.83	15.67	15.7	13800
2022-06-27	15.74	16.06	15.74	15.91	262900
2022-06-28	16.16	16.6	15.92	16.6	86500
2022-06-29	16.46	16.6	16.24	16.5	647000
2022-06-30	16.5	16.55	16.3	16.55	60500
2022-07-01	16.1	16.4	15.85	16.02	21200
2022-07-04	16.02	16.42	16.02	16.3	35300
2022-07-05	17.2	17.2	16.43	16.6	28900
2022-07-06	16.5	16.5	16.3	16.3	50800
2022-07-07	16.3	16.4	16.2	16.34	541700
2022-07-08	16.48	16.5	16.4	16.4	56300
2022-07-11	16.56	16.56	16.1	16.56	58400
2022-07-12	16.06	16.31	16.06	16.21	43400
2022-07-13	16.22	16.38	16.15	16.27	16300
2022-07-14	16.26	16.41	16.2	16.41	20700
2022-07-15	16.52	16.65	16.45	16.45	42100
2022-07-18	16.5	16.6	16.5	16.5	36900
2022-07-19	16.49	16.5	16.4	16.4	17700
2022-07-20	16.6	16.68	16.55	16.55	46100
2022-07-21	16.55	16.71	16.55	16.68	4700
2022-07-22	16.72	16.8	16.65	16.65	61400
2022-07-25	16.65	16.68	16.6	16.61	24000
2022-07-26	16.55	16.9	16.4	16.9	107600
2022-07-27	16.42	16.47	16.4	16.4	15400
2022-07-28	16.66	16.89	16.66	16.89	24300
2022-07-29	17.0	17.0	16.85	16.85	187700
2022-08-01	18.0	18.0	16.94	17.35	422700
2022-08-02	17.27	17.4	17.27	17.4	40000
2022-08-03	17.2	17.55	17.2	17.55	142900
2022-08-04	17.64	17.64	17.48	17.48	42300
2022-08-05	17.5	17.81	17.48	17.65	296300
2022-08-08	17.7	17.86	17.69	17.77	18800
2022-08-09	17.77	17.99	17.77	17.89	56900
2022-08-10	17.97	17.99	17.75	17.99	78200
2022-08-11	18.0	18.02	17.64	17.9	90800
2022-08-12	17.7	18.0	17.6	18.0	54000
2022-08-15	17.97	18.14	17.97	18.1	142600
2022-08-16	18.09	18.1	18.0	18.1	80500
2022-08-17	18.1	18.12	17.96	17.99	171200
2022-08-18	18.2	18.2	17.86	18.05	183800
2022-08-19	18.0	18.1	17.88	18.1	176300
2022-08-22	18.01	18.8	17.78	18.8	155500
2022-08-23	18.79	18.79	17.75	18.05	261600
2022-08-24	18.05	18.29	18.0	18.29	169000
2022-08-25	18.25	18.5	18.15	18.5	72400
2022-08-26	18.5	18.5	18.22	18.3	168900
2022-08-29	18.2	18.2	17.58	17.63	115300
2022-08-30	17.87	18.2	17.86	18.2	174700
2022-08-31	18.0	18.01	17.85	18.01	76800
2022-09-05	18.05	18.19	17.85	18.19	78000
2022-09-06	18.15	18.15	17.9	18.14	30600
2022-09-07	17.87	17.89	17.62	17.8	46500
2022-09-08	17.8	17.8	17.15	17.15	408100
2022-09-09	17.3	17.6	16.95	17.6	101800
2022-09-12	17.64	17.64	17.1	17.1	148900
2022-09-13	17.19	17.4	17.03	17.4	133700
2022-09-14	16.96	17.54	16.72	17.24	94100
2022-09-15	17.04	17.16	16.91	17.16	25600
2022-09-16	17.0	17.0	16.68	16.89	31000
2022-09-19	16.88	16.88	16.19	16.19	139400
2022-09-20	16.39	16.41	16.1	16.41	42800
2022-09-21	16.2	16.48	16.1	16.48	65800
2022-09-22	16.45	16.48	15.92	16.26	326300
2022-09-23	16.37	16.37	15.91	15.93	696900
2022-09-26	15.93	15.93	15.06	15.41	478800
2022-09-27	15.38	15.65	15.17	15.65	339500
2022-09-28	15.5	15.65	15.3	15.65	83800
2022-09-29	15.53	15.55	15.27	15.55	64700
2022-09-30	15.15	15.53	14.9	15.53	74300
2022-10-03	15.5	15.5	14.5	14.5	117600
2022-10-04	14.79	14.79	13.5	13.5	93100
2022-10-05	13.7	14.44	13.7	14.42	273500
2022-10-06	14.9	14.9	13.9	14.29	96900
2022-10-07	14.2	14.2	13.29	13.29	66400
2022-10-10	13.05	13.15	12.4	13.0	320700
2022-10-11	12.9	12.9	12.09	12.09	162700
2022-10-12	12.09	12.75	12.09	12.75	115600
2022-10-13	12.6	12.85	12.55	12.85	105400
2022-10-14	12.9	13.42	12.9	13.39	70800
2022-10-17	13.1	13.2	12.8	13.2	184000
2022-10-18	13.67	13.67	13.31	13.31	83900
2022-10-19	13.31	13.31	13.22	13.3	33700
2022-10-20	13.25	13.28	12.91	13.28	233000
2022-10-21	13.19	13.19	12.4	12.4	63800
2022-10-24	12.5	12.5	11.7	11.7	126700
2022-10-25	11.7	12.1	11.56	11.9	226900
2022-10-26	12.0	12.05	11.76	12.03	97800
2022-10-27	11.61	12.87	11.61	12.87	239400
2022-10-28	12.99	13.22	12.96	13.09	26400
2022-10-31	13.1	13.24	12.67	13.11	1433000
2022-11-01	13.5	13.6	13.21	13.5	90600
2022-11-02	13.6	13.65	13.3	13.3	1344000
2022-11-03	13.3	13.62	13.3	13.46	210800
2022-11-04	13.5	13.5	12.71	13.21	114900
2022-11-07	13.22	13.22	12.7	12.7	153500
2022-11-08	12.68	13.02	12.38	12.9	45000
2022-11-09	13.0	13.15	12.89	13.15	29000
2022-11-10	12.8	12.8	12.24	12.5	384100
2022-11-11	12.5	12.73	12.4	12.4	136400
2022-11-14	12.4	12.4	11.79	11.91	599600
2022-11-15	11.99	11.99	11.19	11.19	621300
2022-11-16	10.68	11.93	10.68	11.93	58600
2022-11-17	12.53	12.53	12.23	12.51	277000
2022-11-18	12.6	12.68	12.21	12.22	253700
2022-11-21	13.06	13.06	12.2	12.34	46700
2022-11-22	12.32	12.87	12.16	12.39	59500
2022-11-23	12.25	12.44	12.03	12.34	65200
2022-11-24	12.15	12.36	12.11	12.33	18300
2022-11-25	12.46	12.84	12.45	12.84	29800
2022-11-28	12.84	13.4	12.84	13.25	69400
2022-11-29	13.68	14.17	13.35	13.7	2069800
2022-11-30	14.01	14.01	13.57	13.94	333200
2022-12-01	14.3	14.5	13.0	14.5	1971400
2022-12-02	14.51	14.79	14.03	14.7	707800
2022-12-05	15.18	15.42	15.0	15.03	761100
2022-12-06	14.85	15.7	14.7	14.7	236500
2022-12-07	14.6	14.8	14.2	14.2	384500
2022-12-08	14.53	15.1	14.53	14.69	993400
2022-12-09	14.88	14.91	14.6	14.88	52200
2022-12-12	14.83	14.9	14.5	14.5	24000
2022-12-13	14.28	14.8	14.28	14.8	588200
2022-12-14	15.38	15.38	14.98	15.05	604600
2022-12-15	15.22	15.32	15.16	15.25	681400
2022-12-16	15.25	15.33	15.1	15.26	419500
2022-12-19	15.42	15.5	15.2	15.22	68100
2022-12-20	15.1	15.16	14.5	14.68	86800
2022-12-21	14.98	14.98	14.52	14.65	426700
2022-12-22	14.66	15.16	14.65	14.8	437900
2022-12-23	14.82	15.03	14.72	14.88	1490000
2022-12-26	14.75	14.75	14.14	14.14	75300
2022-12-27	14.37	14.51	14.08	14.15	298500
2022-12-28	14.35	14.46	14.26	14.38	277900
2022-12-29	14.34	14.6	14.34	14.35	326600
2022-12-30	14.77	14.77	14.35	14.35	24800
2023-01-03	14.37	14.88	14.37	14.5	61900
2023-01-04	14.8	15.19	14.8	14.9	319300
2023-01-05	15.01	15.24	14.97	15.08	712500
2023-01-06	15.49	15.55	15.12	15.14	275600
2023-01-09	15.51	15.52	15.12	15.12	192900
2023-01-10	15.25	15.28	15.15	15.21	11000
2023-01-11	15.4	15.5	15.28	15.28	16000
2023-01-12	15.35	15.38	15.2	15.2	719600
2023-01-13	15.52	15.58	15.32	15.32	13800
2023-01-16	15.41	15.59	15.41	15.48	33400
2023-01-17	15.41	16.0	15.41	15.9	54600
2023-01-18	16.21	16.21	16.05	16.07	65500
2023-01-19	16.15	16.34	16.15	16.21	428200
2023-01-27	16.5	16.63	16.31	16.31	81500
2023-01-30	16.58	16.58	15.97	15.97	28100
2023-01-31	16.0	16.12	15.74	16.12	477300
2023-02-01	16.22	16.42	15.74	15.75	55600
2023-02-02	15.75	15.93	15.63	15.63	266400
2023-02-03	15.7	15.81	15.64	15.64	479900
2023-02-06	15.6	15.7	15.4	15.56	167900
2023-02-07	15.7	15.7	15.36	15.4	14600
2023-02-08	15.41	15.53	15.3	15.3	27500
2023-02-09	15.3	15.44	15.3	15.3	10200
2023-02-10	15.12	15.23	15.12	15.12	17000
2023-02-13	15.1	15.1	14.41	14.64	444000
2023-02-14	14.5	14.79	14.5	14.61	16200
2023-02-15	14.76	14.99	14.71	14.81	26900
2023-02-16	14.99	15.0	14.86	14.86	51000
2023-02-17	14.95	15.18	14.95	15.01	48400
2023-02-20	15.01	15.7	15.0	15.7	355100
2023-02-21	15.74	15.83	15.64	15.64	258100
2023-02-22	15.59	15.59	15.3	15.3	18400
2023-02-23	15.7	15.7	14.73	15.08	432900
2023-02-24	15.1	15.1	14.85	14.85	217100
2023-02-27	14.52	14.69	14.35	14.6	1292600
2023-02-28	14.6	14.64	14.53	14.56	12700
2023-03-01	14.48	14.79	14.43	14.76	99900
2023-03-02	14.76	15.1	14.75	15.03	523800
2023-03-03	15.09	15.09	14.66	14.66	6500
2023-03-06	14.66	15.2	14.66	14.72	44300
2023-03-07	14.99	15.23	14.86	14.86	646800
2023-03-08	14.95	15.1	14.87	14.91	24500
2023-03-09	15.23	15.5	15.2	15.29	144800
2023-03-10	15.31	15.46	15.0	15.31	70400
2023-03-13	15.31	15.31	15.23	15.25	73200
2023-03-14	15.2	15.29	14.98	14.98	16100
2023-03-15	15.44	15.49	15.26	15.37	97000
2023-03-16	15.37	15.37	14.9	15.11	61600
2023-03-17	15.46	15.46	15.12	15.16	20300
2023-03-20	15.16	15.16	14.91	14.92	41900
2023-03-21	15.28	15.28	14.9	15.07	30000
2023-03-22	15.08	15.49	15.08	15.49	106800
2023-03-23	15.22	15.33	15.22	15.29	39100
2023-03-24	15.0	15.55	15.0	15.4	73200
2023-03-27	15.26	15.68	15.26	15.43	18700
2023-03-28	15.8	15.94	15.72	15.87	66600
2023-03-29	16.2	16.2	15.57	15.76	15900
2023-03-30	15.99	15.99	15.9	15.96	13000
2023-03-31	16.2	16.2	15.84	16.11	22700
2023-04-03	16.11	16.29	16.11	16.2	439500
2023-04-04	16.34	16.35	16.2	16.22	92900
2023-04-05	16.24	16.47	16.22	16.22	100300
2023-04-06	16.39	16.39	16.02	16.23	23900
2023-04-07	16.22	16.22	15.94	16.0	245400
2023-04-10	16.01	16.47	16.01	16.23	79100
2023-04-11	16.35	16.35	16.01	16.11	12100
2023-04-12	16.3	16.42	16.25	16.25	23400
2023-04-13	16.42	16.42	16.07	16.25	12600
2023-04-14	16.25	16.43	16.14	16.28	27500
2023-04-17	16.4	16.4	15.93	16.1	22800
2023-04-18	16.25	16.25	16.01	16.01	56300
2023-04-19	16.3	16.3	15.74	16.13	20300
2023-04-20	15.85	15.9	15.6	15.83	23200
2023-04-21	15.8	15.8	15.63	15.74	9800
2023-04-24	16.1	16.1	15.62	15.62	13600
2023-04-25	15.7	15.86	15.51	15.6	16800
2023-04-26	15.71	15.71	15.49	15.66	341000
2023-04-27	15.66	15.91	15.51	15.8	371900
2023-04-28	15.8	16.0	15.8	15.97	71500
2023-05-04	15.97	15.97	15.61	15.84	43400
2023-05-05	15.4	16.0	15.4	16.0	4400
2023-05-08	15.78	16.0	15.68	16.0	22900
2023-05-09	15.88	16.0	15.8	15.94	19200
2023-05-10	16.0	16.15	15.94	16.15	191500
2023-05-11	16.15	16.15	16.0	16.14	111400
2023-05-12	16.14	16.2	16.0	16.2	16000
2023-05-15	16.33	16.4	16.24	16.27	15800
2023-05-16	16.27	16.37	16.2	16.26	50500
2023-05-17	16.2	16.21	16.1	16.1	349200
2023-05-18	16.1	16.29	16.06	16.29	156700
2023-05-19	16.29	16.3	16.14	16.3	193900
2023-05-22	16.33	16.4	16.3	16.36	5400
2023-05-23	16.9	16.9	16.28	16.37	23400
2023-05-24	16.7	16.7	16.24	16.24	86200
2023-05-25	16.31	16.31	16.15	16.15	4300
2023-05-26	16.1	16.15	16.05	16.05	14000
2023-05-29	16.15	16.46	16.13	16.46	86900
2023-05-30	16.31	16.62	16.31	16.48	148800
2023-05-31	16.87	16.87	16.25	16.25	15200
2023-06-01	16.3	16.61	16.2	16.2	156100
2023-06-02	16.9	17.15	16.65	17.04	142400
2023-06-05	17.04	17.32	17.04	17.1	86800
2023-06-06	17.4	17.4	17.05	17.26	49200
2023-06-07	17.35	17.4	17.28	17.34	235300
2023-06-08	17.34	17.4	17.01	17.06	305400
2023-06-09	16.61	17.11	16.61	17.06	7200
2023-06-12	17.28	17.28	16.95	17.1	21300
2023-06-13	17.2	17.31	16.0	17.2	1962400
2023-06-14	17.04	17.5	16.98	17.2	472600
2023-06-15	17.3	17.3	17.05	17.05	249900
2023-06-16	17.47	17.75	17.26	17.26	129100
2023-06-19	17.4	17.49	17.3	17.3	31000
2023-06-20	17.5	17.5	17.27	17.27	6800
2023-06-21	17.27	17.56	17.27	17.5	66800
2023-06-22	17.5	17.79	17.5	17.66	215300
2023-06-23	17.87	17.9	17.66	17.73	78500
2023-06-26	17.8	17.9	17.57	17.69	292100
2023-06-27	17.6	17.9	17.6	17.9	43200
2023-06-28	17.09	17.99	17.09	17.99	144900
2023-06-29	17.99	17.99	17.7	17.71	85000
2023-06-30	17.71	17.71	17.54	17.54	297300
2023-07-03	17.55	17.78	17.54	17.58	239700
2023-07-04	17.59	17.65	17.59	17.59	73600
2023-07-05	17.85	17.85	17.71	17.75	24300
2023-07-06	17.83	17.85	17.53	17.54	11400
2023-07-07	17.57	17.66	17.41	17.61	303600
2023-07-10	17.7	17.94	17.7	17.94	252100
2023-07-11	18.43	18.43	17.96	18.11	23000
2023-07-12	18.11	18.11	17.8	17.8	111900
2023-07-13	18.29	18.29	17.86	17.87	33100
2023-07-14	18.0	18.07	17.69	17.98	736700
2023-07-17	18.37	18.37	17.95	17.99	709200
2023-07-18	17.98	18.1	17.98	17.99	75500
2023-07-19	18.12	18.23	17.96	17.96	258300
2023-07-20	18.0	18.05	17.93	17.95	65900
2023-07-21	17.9	18.2	17.9	18.11	44400
2023-07-24	18.15	18.35	18.15	18.35	147100
2023-07-25	18.35	18.69	18.35	18.38	269700
2023-07-26	18.59	18.59	18.41	18.45	404600
2023-07-27	18.45	18.58	18.35	18.44	331900
2023-07-28	18.53	18.65	18.53	18.59	94100
2023-07-31	18.61	18.9	18.61	18.79	297300
2023-08-01	18.82	19.05	18.79	18.79	53100
2023-08-02	18.78	18.9	18.72	18.72	319800
2023-08-03	18.4	18.9	18.4	18.86	39100
2023-08-04	18.86	18.95	18.86	18.95	34000
2023-08-07	18.95	19.31	18.95	19.31	272400
2023-08-08	19.47	20.19	19.14	19.24	68700
2023-08-09	19.2	19.2	19.0	19.11	161600
2023-08-10	19.35	19.35	18.85	19.1	127600
2023-08-11	19.1	19.1	18.81	18.97	31200
2023-08-14	19.04	19.22	19.01	19.01	146500
2023-08-15	19.03	19.31	19.03	19.12	143000
2023-08-16	19.21	19.38	19.14	19.38	1097000
2023-08-17	19.38	19.54	19.3	19.3	895400
2023-08-18	19.3	19.3	18.4	18.45	297600
2023-08-21	18.45	18.7	18.4	18.56	260500
2023-08-22	18.56	18.78	18.13	18.43	306100
2023-08-23	19.7	19.7	18.53	18.65	257000
2023-08-24	19.0	19.0	18.65	18.79	25700
2023-08-25	18.8	18.9	18.72	18.74	169100
2023-08-28	18.8	19.02	18.76	18.93	754800
2023-08-29	18.82	19.1	18.82	19.08	154200
2023-08-30	19.07	19.35	19.07	19.24	198500
2023-08-31	19.26	19.55	19.26	19.5	274600
2023-09-05	19.53	19.82	19.53	19.65	362500
2023-09-06	19.87	19.87	19.55	19.71	1080800
2023-09-07	20.0	20.15	19.8	19.96	1095800
2023-09-08	19.96	19.96	19.83	19.83	9600
2023-09-11	20.0	20.0	18.79	19.53	3712200
2023-09-12	19.53	19.95	19.52	19.93	106900
2023-09-13	20.5	20.5	19.55	19.93	210900
2023-09-14	19.91	20.15	19.81	19.85	1484000
2023-09-15	19.83	20.12	19.83	19.9	1482600
2023-09-18	19.99	19.99	19.7	19.97	550100
2023-09-19	19.97	19.97	19.67	19.72	26500
2023-09-20	19.85	20.0	19.83	19.95	213500
2023-09-21	19.95	19.96	19.63	19.63	122200
2023-09-22	19.63	19.63	18.93	19.33	357000
2023-09-25	19.22	19.22	18.55	19.0	297700
2023-09-26	18.93	18.93	18.38	18.43	1991300
2023-09-27	18.39	18.56	18.2	18.53	876400
2023-09-28	19.78	19.78	18.25	18.6	1318200
2023-09-29	18.6	19.8	18.6	18.65	226900
2023-10-02	18.65	18.7	18.6	18.68	15900
2023-10-03	18.6	18.6	17.85	17.96	705500
2023-10-04	17.87	18.29	17.8	18.17	291900
2023-10-05	18.33	18.33	18.05	18.17	143100
2023-10-06	18.17	18.25	17.9	18.17	99100
2023-10-09	18.17	18.57	18.17	18.25	385800
2023-10-10	18.5	18.73	18.5	18.73	19900
2023-10-11	18.73	18.75	18.6	18.75	8700
2023-10-12	18.75	18.9	18.5	18.65	352200
2023-10-13	18.65	18.88	18.57	18.57	60500
2023-10-16	18.57	18.75	18.45	18.57	20300
2023-10-17	18.6	18.64	18.46	18.46	14800
2023-10-18	18.45	18.46	17.8	18.07	377000
2023-10-19	18.16	18.16	17.8	17.8	278400
2023-10-20	17.81	18.03	17.67	17.89	504000
2023-10-23	18.03	18.06	17.77	17.88	48000
2023-10-24	17.88	18.1	17.87	18.1	1367600
2023-10-25	18.1	18.75	18.03	18.75	58400
2023-10-26	18.54	18.54	17.44	17.98	126000
2023-10-27	17.98	17.98	17.16	17.39	281200
2023-10-30	17.4	17.4	17.17	17.39	66400
2023-10-31	17.49	17.49	16.68	17.25	74800
2023-11-01	16.92	16.92	16.79	16.92	36100
2023-11-02	17.41	18.1	17.11	17.58	64100
2023-11-03	18.07	18.2	17.59	17.71	46800
2023-11-06	18.15	18.15	17.75	17.84	38100
2023-11-07	18.19	18.19	17.63	17.68	44900
2023-11-08	17.68	18.27	17.56	18.27	11100
2023-11-09	18.31	18.51	18.28	18.4	3236800
2023-11-10	18.36	18.36	18.0	18.03	1546700
2023-11-13	18.17	18.17	17.95	17.95	1307400
2023-11-14	18.09	18.51	18.09	18.37	703100
2023-11-15	18.73	18.85	18.55	18.7	1393700
2023-11-16	18.56	18.59	18.4	18.52	70600
2023-11-17	18.95	18.95	18.13	18.22	210200
2023-11-20	18.0	18.32	17.84	18.32	18500
2023-11-21	18.4	18.4	18.24	18.36	90700
2023-11-22	18.07	18.36	18.07	18.35	3400
2023-11-23	18.36	18.5	17.92	17.92	12000
2023-11-24	18.25	18.25	17.52	17.81	951300
2023-11-27	17.86	17.91	17.66	17.67	600000
2023-11-28	17.68	17.68	17.4	17.66	206400
2023-11-29	17.7	17.9	17.7	17.9	597100
2023-11-30	17.9	17.95	17.8	17.82	126200
2023-12-01	17.82	17.84	17.6	17.84	318400
2023-12-04	17.84	18.31	17.84	18.31	238600
2023-12-05	18.49	18.49	18.08	18.08	1012100
2023-12-06	18.18	18.27	18.08	18.27	74000
2023-12-07	18.27	18.48	18.08	18.28	2214500
2023-12-08	18.39	18.4	18.28	18.38	330300
2023-12-11	18.34	18.34	18.14	18.29	63500
2023-12-12	18.39	18.39	18.17	18.33	208600
2023-12-13	18.22	18.3	17.96	18.0	1616100
2023-12-14	18.22	18.22	17.92	17.99	581200
2023-12-15	18.01	18.02	17.83	17.99	570200
2023-12-18	17.98	17.98	17.62	17.62	334600
2023-12-19	17.62	17.82	17.51	17.82	414100
2023-12-20	17.81	17.85	17.69	17.85	40900
2023-12-21	17.85	17.86	17.71	17.86	10600
2023-12-22	17.91	18.09	17.71	18.09	212700
2023-12-25	18.02	18.2	17.95	18.2	41600
2023-12-26	18.08	18.2	17.92	18.2	491000
2023-12-27	18.2	18.24	18.01	18.24	43400
2023-12-28	18.05	18.24	18.05	18.24	308100
2023-12-29	18.26	18.45	18.25	18.45	578500
2024-01-02	18.5	18.5	18.3	18.4	419500
2024-01-03	18.4	18.54	18.3	18.54	375100
2024-01-04	18.54	19.2	18.54	19.05	976700
2024-01-05	19.05	19.08	18.93	19.08	345600
2024-01-08	19.1	19.25	19.09	19.25	1233500
2024-01-09	19.2	19.22	19.12	19.16	104000
2024-01-10	19.35	20.0	19.15	20.0	842100
2024-01-11	19.9	19.9	19.27	19.34	84100
2024-01-12	19.24	19.72	19.14	19.72	764700
2024-01-15	19.72	19.75	19.4	19.4	31400
2024-01-16	19.22	19.4	19.22	19.36	38200
2024-01-17	19.63	19.63	19.38	19.38	8700
2024-01-18	19.39	19.5	19.39	19.5	10800
2024-01-19	19.5	19.82	19.5	19.82	577000
2024-01-22	19.85	19.9	19.68	19.7	322600
2024-01-23	19.89	19.89	19.72	19.72	17200
2024-01-24	19.72	19.9	19.72	19.87	167800
2024-01-25	19.87	19.87	19.62	19.62	28500
2024-01-26	19.8	19.83	19.78	19.78	28800
2024-01-29	19.8	19.87	19.79	19.79	53200
2024-01-30	19.79	19.8	19.72	19.8	50400
2024-01-31	19.78	19.85	19.47	19.47	316800
2024-02-01	19.48	19.62	19.45	19.46	187200
2024-02-02	19.65	19.65	19.4	19.4	183700
2024-02-05	19.41	19.95	19.41	19.93	132800
2024-02-06	19.93	20.07	19.88	19.88	642800
2024-02-07	19.78	20.35	19.78	20.35	183900
2024-02-15	20.49	20.7	20.36	20.61	830500
2024-02-16	20.6	20.6	20.31	20.43	304900
2024-02-19	20.49	20.49	20.25	20.4	594500
2024-02-20	20.3	20.51	20.3	20.41	39100
2024-02-21	20.34	20.6	20.34	20.58	182700
2024-02-22	20.58	20.58	20.43	20.46	162900
2024-02-23	20.59	20.77	20.25	20.25	1207700
2024-02-26	20.48	20.48	20.13	20.21	425400
2024-02-27	20.59	20.59	20.34	20.56	1185800
2024-02-28	20.56	20.75	20.55	20.75	897000
2024-02-29	20.8	21.02	20.73	20.87	1025400
2024-03-01	20.9	20.98	20.77	20.98	227900
2024-03-04	20.89	20.98	20.8	20.91	123000
2024-03-05	21.0	21.0	20.75	20.96	740000
2024-03-06	21.0	21.13	20.83	20.84	247300
2024-03-07	20.84	20.91	20.77	20.89	476900
2024-03-08	21.09	21.09	20.48	20.52	331600
2024-03-11	20.44	20.46	20.05	20.12	885600
2024-03-12	20.0	20.2	20.0	20.12	755500
2024-03-13	20.26	20.75	20.19	20.65	64300
2024-03-14	20.66	20.69	20.42	20.48	166500
2024-03-15	20.47	20.58	20.21	20.49	1376900
2024-03-18	20.51	20.51	19.8	20.11	1245700
2024-03-19	20.09	20.1	19.94	20.0	179300
2024-03-20	20.29	20.6	19.95	20.6	188400
2024-03-21	20.6	20.93	20.6	20.93	523200
2024-03-22	21.0	21.31	20.94	21.03	612300
2024-03-25	21.28	21.28	20.77	20.87	1092600
2024-03-26	21.1	21.17	20.77	20.99	213400
2024-03-27	21.16	21.25	21.01	21.03	1083000
2024-03-28	21.11	21.53	21.11	21.36	916800
2024-03-29	21.63	21.63	21.36	21.38	190900
2024-04-01	21.41	21.41	21.11	21.31	537400
2024-04-02	20.9	21.28	20.9	21.28	830400
2024-04-03	21.1	21.18	19.8	20.9	93800
2024-04-04	21.0	21.0	20.74	20.79	535800
2024-04-05	20.71	20.71	20.4	20.5	471900
2024-04-08	20.78	20.78	20.34	20.5	36600
2024-04-09	20.5	20.66	20.39	20.66	466000
2024-04-10	20.8	20.8	20.6	20.65	679300
2024-04-11	20.5	20.7	20.39	20.7	1417400
2024-04-12	20.65	21.0	20.55	21.0	668600
2024-04-15	21.0	21.02	20.2	20.27	347200
2024-04-16	20.27	20.33	19.65	19.81	805300
2024-04-17	19.9	20.08	19.6	19.6	143200
2024-04-19	19.99	19.99	19.11	19.4	641900
2024-04-22	19.59	19.89	19.49	19.8	536900
2024-04-23	19.8	19.9	19.5	19.61	309700
2024-04-24	19.52	20.37	19.52	20.37	110300
2024-04-25	20.37	20.56	19.95	20.56	35800
2024-04-26	20.37	20.37	19.85	20.05	249900
2024-05-02	20.03	20.1	19.9	19.95	27200
2024-05-03	20.0	20.2	19.95	19.95	84700
2024-05-06	20.01	20.5	20.01	20.37	61100
2024-05-07	20.5	20.5	20.23	20.34	257200
2024-05-08	20.3	20.3	20.1	20.25	2118200
2024-05-09	20.26	20.38	20.1	20.27	38300
2024-05-10	20.27	20.3	20.08	20.2	11000
2024-05-13	20.03	20.28	20.03	20.16	438500
2024-05-14	20.16	20.29	20.1	20.22	14700
2024-05-15	20.22	20.37	20.22	20.32	16100
2024-05-16	20.36	20.72	20.36	20.72	146500
2024-05-17	20.71	20.85	20.66	20.8	453300
2024-05-20	20.86	21.04	20.85	20.89	107200
2024-05-21	20.89	20.9	20.71	20.9	39600
2024-05-22	21.05	21.05	20.6	20.67	501500
2024-05-23	20.66	20.66	20.44	20.56	25900
2024-05-24	20.67	20.89	20.4	20.56	868500
2024-05-27	20.56	20.59	20.37	20.52	163300
2024-05-28	20.51	20.68	20.46	20.68	1504100
2024-05-29	20.68	20.72	20.49	20.55	1502200
2024-05-30	20.5	20.5	20.22	20.48	1074500
2024-05-31	20.48	20.53	20.33	20.39	256200
2024-06-03	20.73	20.96	20.6	20.87	802100
2024-06-04	21.05	21.05	20.8	20.83	1496300
2024-06-05	20.99	20.99	20.8	20.8	858700
2024-06-06	20.8	21.0	20.77	20.89	1038600
2024-06-07	21.0	21.14	20.9	21.02	594000
2024-06-10	21.04	21.19	20.98	21.05	1119800
2024-06-11	21.34	21.34	20.7	21.08	750200
2024-06-12	21.23	21.44	20.96	21.44	891300
2024-06-13	21.44	21.63	21.44	21.63	1261000
2024-06-14	21.6	21.66	21.3	21.3	2468600
2024-06-17	21.36	21.36	20.97	21.06	565800
2024-06-18	21.13	21.22	21.08	21.09	125100
2024-06-19	21.1	21.17	20.92	21.04	965400
2024-06-20	21.37	21.37	21.01	21.23	868200
2024-06-21	21.02	21.39	21.02	21.39	419100
2024-06-24	21.3	21.3	20.51	21.0	787100
2024-06-25	20.98	20.98	20.4	20.57	543600
2024-06-26	20.89	20.89	20.32	20.32	896200
2024-06-27	20.3	20.54	20.3	20.54	469200
2024-06-28	20.5	20.5	20.2	20.35	727000
2024-07-01	20.35	20.45	20.2	20.45	24900
2024-07-02	20.41	20.59	20.38	20.59	18300
2024-07-03	20.6	20.8	20.6	20.8	355000
2024-07-04	20.67	20.91	20.67	20.91	1359000
2024-07-05	21.24	21.24	20.71	20.98	1747700
2024-07-08	20.98	20.98	20.74	20.89	668200
2024-07-09	20.87	21.02	20.73	20.98	3458700
2024-07-10	21.03	21.04	20.88	20.9	1573600
2024-07-11	20.98	20.99	20.81	20.87	807300
2024-07-12	20.84	20.87	20.65	20.81	1616700
2024-07-15	20.71	20.84	20.61	20.76	118300
2024-07-16	20.8	20.92	20.75	20.83	188200
2024-07-17	20.99	21.41	20.75	20.94	1345100
2024-07-18	21.13	21.13	20.83	21.09	1585700
2024-07-19	21.09	21.31	21.04	21.14	585500
2024-07-22	21.14	21.26	20.98	21.09	879300
2024-07-23	21.12	21.12	20.61	20.85	1191500
2024-07-24	20.5	20.65	20.31	20.65	525700
2024-07-25	20.65	20.65	20.21	20.44	645900
2024-07-26	20.74	20.74	20.32	20.58	21000
2024-07-29	20.56	20.56	20.43	20.49	159500
2024-07-30	20.49	20.49	20.31	20.49	12300
2024-07-31	20.75	20.75	20.49	20.7	10500
2024-08-01	20.69	20.7	20.0	20.2	2041900
2024-08-02	20.16	20.26	19.75	20.26	161200
2024-08-05	20.03	20.06	19.43	19.66	340200
2024-08-06	19.66	20.0	19.59	20.0	296700
2024-08-07	19.95	19.95	19.63	19.83	493900
2024-08-08	20.0	20.0	19.45	19.59	112500
2024-08-09	19.65	19.87	19.58	19.87	460100
2024-08-12	19.87	19.96	19.75	19.96	11600
2024-08-13	19.96	19.96	19.82	19.95	1007800
2024-08-14	19.99	19.99	19.81	19.91	30000
2024-08-15	19.9	19.9	19.7	19.84	59300
2024-08-16	19.92	20.38	19.82	20.38	796200
2024-08-19	20.38	20.48	20.31	20.45	1034000
2024-08-20	20.45	20.59	20.4	20.52	744500
2024-08-21	20.5	20.74	20.38	20.74	579400
2024-08-22	20.5	20.84	20.5	20.77	435200
2024-08-23	20.65	20.85	20.65	20.84	192800
2024-08-26	20.84	20.93	20.8	20.88	204000
2024-08-27	20.84	20.87	20.76	20.83	40500
2024-08-28	20.83	20.9	20.75	20.9	1177100
2024-08-29	20.74	21.17	20.74	21.01	1875000
2024-08-30	21.01	21.06	20.99	21.06	574300
2024-09-04	20.87	20.87	20.63	20.63	2157500
2024-09-05	20.64	20.78	20.55	20.59	755900
2024-09-06	20.64	20.7	20.49	20.7	289200
2024-09-09	20.65	20.65	20.45	20.5	11500
2024-09-10	20.56	20.58	20.29	20.3	80700
2024-09-11	20.3	20.35	20.16	20.35	199200
2024-09-12	20.3	20.42	20.3	20.42	110700
2024-09-13	20.4	20.4	20.32	20.34	97700
2024-09-16	20.46	20.47	20.24	20.3	185400
2024-09-17	20.32	20.5	20.22	20.5	16000
2024-09-18	20.52	20.82	20.52	20.75	98900
2024-09-19	20.75	20.86	20.6	20.79	312200
2024-09-20	20.95	21.15	20.95	21.08	300500
2024-09-23	21.08	21.22	21.0	21.15	675700
2024-09-24	21.3	21.3	20.99	21.25	667200
2024-09-25	21.3	21.59	21.3	21.59	809200
2024-09-26	21.6	21.95	21.57	21.85	1160000
2024-09-27	22.07	22.1	21.85	22.0	313900
2024-09-30	22.0	22.08	21.89	22.02	535900
2024-10-01	21.94	22.34	21.94	22.16	152300
2024-10-02	22.15	22.15	21.97	22.1	49900
2024-10-03	21.96	22.39	21.96	22.08	403900
2024-10-04	21.96	21.96	21.84	21.85	124800
2024-10-07	21.92	21.94	21.71	21.94	344200
2024-10-08	21.95	22.06	21.88	22.01	553400
2024-10-09	21.98	22.2	21.91	22.2	437000
2024-10-10	22.4	22.41	22.12	22.15	511100
2024-10-11	22.22	22.24	22.0	22.24	17300
2024-10-14	22.26	22.26	22.02	22.11	356800
2024-10-15	22.1	22.24	21.96	22.07	550700
2024-10-16	21.99	22.0	21.86	22.0	377900
2024-10-17	21.85	22.2	21.81	22.2	209700
2024-10-18	22.58	22.58	22.14	22.31	429600
2024-10-21	22.28	22.28	22.14	22.17	275800
2024-10-22	21.98	22.19	21.9	22.09	302000
2024-10-23	22.0	22.15	21.8	22.15	137900
2024-10-24	22.15	22.15	21.67	21.67	434500
2024-10-25	21.68	21.68	21.5	21.6	1267800
2024-10-28	21.6	21.6	21.48	21.55	20300
2024-10-29	21.78	21.78	21.61	21.75	181600
2024-10-30	21.65	21.77	21.62	21.72	70200
2024-10-31	21.72	21.89	21.68	21.89	216300
2024-11-01	21.8	21.8	21.65	21.71	18400
2024-11-04	21.7	21.7	21.05	21.46	36500
2024-11-05	21.46	21.5	21.36	21.47	27700
2024-11-06	21.47	21.75	21.46	21.75	87800
2024-11-07	21.8	21.8	21.6	21.65	9300
2024-11-08	21.65	21.65	21.33	21.51	172900
2024-11-11	21.5	21.5	20.95	21.17	438200
2024-11-12	21.15	21.3	20.9	21.3	260400
2024-11-13	21.2	21.2	20.72	21.0	186600
2024-11-14	21.0	21.0	20.68	20.75	69700
2024-11-15	20.77	20.77	20.36	20.47	397400
2024-11-18	20.8	20.8	20.14	20.8	128900
2024-11-19	20.6	20.6	20.22	20.6	104600
2024-11-20	20.45	20.6	20.14	20.37	47600
2024-11-21	20.4	20.74	20.37	20.74	7300
2024-11-22	20.8	20.8	20.67	20.73	21800
2024-11-25	20.7	20.8	20.41	20.75	118500
2024-11-26	20.8	20.98	20.8	20.91	29300
2024-11-27	20.9	20.93	20.81	20.88	93800
2024-11-28	20.9	21.05	20.83	20.97	58100
2024-11-29	20.85	21.15	20.82	21.15	111100
2024-12-02	21.1	21.1	20.92	21.0	65100
2024-12-03	20.99	21.0	20.9	21.0	124600
2024-12-04	20.86	20.86	20.75	20.79	127400
2024-12-05	20.79	21.44	20.74	21.4	162200
2024-12-06	21.41	21.49	21.38	21.44	56400
2024-12-09	21.51	21.55	21.33	21.55	163000
2024-12-10	21.64	21.64	21.39	21.45	261900
2024-12-11	21.5	21.54	21.36	21.43	59700
2024-12-12	21.45	21.6	21.45	21.5	56800
2024-12-13	21.48	21.48	21.35	21.45	22100
2024-12-16	21.45	21.46	21.27	21.4	25300
2024-12-17	21.42	21.42	21.32	21.37	52900
2024-12-18	21.37	21.41	21.35	21.41	184300
2024-12-19	21.3	21.3	21.05	21.14	158900
2024-12-20	21.38	21.38	21.07	21.16	119200
2024-12-23	21.16	21.35	21.16	21.32	216900
2024-12-24	21.21	21.25	21.11	21.25	123400
2024-12-25	21.27	21.85	21.27	21.7	474000
2024-12-26	21.68	21.79	21.68	21.75	378800
2024-12-27	21.75	21.98	21.55	21.97	343900
2024-12-30	22.0	22.14	21.82	22.14	352400
2024-12-31	22.2	22.2	21.88	22.1	16400
2025-01-02	22.09	22.09	21.74	21.95	35100
2025-01-03	21.77	21.79	21.45	21.45	327800
2025-01-06	21.45	21.54	21.29	21.29	423900
2025-01-07	21.5	21.5	21.3	21.36	24400
2025-01-08	21.36	21.39	21.23	21.38	154300
2025-01-09	21.39	21.39	21.2	21.22	59500
2025-01-10	21.22	21.3	20.94	21.3	526900
2025-01-13	21.13	21.13	20.7	21.1	468500
2025-01-14	21.19	21.19	20.78	20.89	310600
2025-01-15	20.84	21.17	20.84	21.17	6900
2025-01-16	21.1	21.24	21.0	21.24	493000
2025-01-17	21.3	21.3	20.9	21.28	260300
2025-01-20	21.28	21.42	21.28	21.35	195700
2025-01-21	21.42	21.5	21.3	21.5	227500
2025-01-22	21.68	21.68	21.3	21.3	123300
2025-01-23	21.5	21.8	21.5	21.8	61000
2025-01-24	21.42	22.04	21.42	22.04	452200
2025-02-03	21.71	21.77	21.6	21.76	447600
2025-02-04	21.65	21.98	21.65	21.98	1289800
2025-02-05	22.1	22.1	21.9	22.01	18000
2025-02-06	22.02	22.28	22.02	22.21	863300
2025-02-07	22.21	22.46	22.13	22.35	455800
2025-02-10	22.31	22.45	22.1	22.41	547300
2025-02-11	22.42	22.42	21.7	22.42	205500
2025-02-12	22.28	22.52	22.28	22.43	65500
2025-02-13	22.39	22.48	22.35	22.48	5400
2025-02-14	22.63	22.63	22.46	22.53	16300
2025-02-17	22.58	22.58	22.44	22.48	130100
2025-02-18	22.5	22.64	22.46	22.55	45300
2025-02-19	22.41	22.68	22.41	22.65	158400
2025-02-20	22.65	22.79	22.65	22.79	48700
2025-02-21	22.82	22.84	22.74	22.84	279700
2025-02-24	22.85	22.96	22.71	22.96	352900
2025-02-25	22.96	23.1	22.9	22.97	162600
2025-02-26	22.9	23.0	22.86	22.95	12400
2025-02-27	22.76	22.96	22.63	22.96	1023900
2025-02-28	22.84	22.9	22.7	22.9	103900
2025-03-03	22.9	22.9	22.76	22.81	46400
2025-03-04	22.81	23.03	22.63	23.03	435300
2025-03-05	23.03	23.3	23.01	23.01	642500
2025-03-06	23.0	23.26	23.0	23.26	203000
2025-03-07	23.26	23.47	23.26	23.46	349800
2025-03-10	23.37	23.65	23.35	23.55	505400
2025-03-11	23.09	23.5	23.09	23.5	79600
2025-03-12	23.27	23.61	23.27	23.54	159500
2025-03-13	23.57	23.57	23.23	23.24	274600
2025-03-14	23.24	23.32	23.16	23.3	1585300
2025-03-17	23.3	24.0	23.3	24.0	488500
2025-03-18	23.9	23.9	23.4	23.47	245100
2025-03-19	23.69	23.7	23.23	23.7	42200
2025-03-20	23.65	23.65	23.22	23.39	208300
2025-03-21	23.5	23.5	23.3	23.3	16900
2025-03-24	23.5	23.5	23.03	23.5	184300
2025-03-25	23.4	23.5	23.35	23.47	28400
2025-03-26	23.4	23.53	23.28	23.37	21100
2025-03-27	23.37	23.37	23.13	23.28	34200
2025-03-28	23.2	24.1	23.01	24.1	52900
2025-03-31	23.69	23.69	22.89	23.3	89900
2025-04-01	23.41	23.41	22.95	23.3	90100
