time	open	high	low	close	volume
2016-01-07	10.0	10.0	10.0	10.0	0
2016-01-08	10.0	10.0	10.0	10.0	0
2016-01-11	10.0	10.0	10.0	10.0	0
2016-01-12	10.0	10.0	10.0	10.0	0
2016-01-13	10.0	10.0	10.0	10.0	0
2016-01-14	10.0	10.0	10.0	10.0	0
2016-01-15	10.0	10.0	10.0	10.0	0
2016-01-18	10.0	10.0	10.0	10.0	0
2016-01-19	10.0	10.0	10.0	10.0	0
2016-01-20	10.0	10.0	10.0	10.0	0
2016-01-21	10.0	10.0	10.0	10.0	0
2016-01-22	10.0	10.0	10.0	10.0	0
2016-01-25	10.0	10.0	10.0	10.0	0
2016-01-26	10.0	10.0	10.0	10.0	0
2016-01-27	10.0	10.0	10.0	10.0	0
2016-01-28	10.0	10.0	10.0	10.0	0
2016-01-29	10.0	10.0	10.0	10.0	0
2016-02-01	10.0	10.0	10.0	10.0	0
2016-02-02	10.0	10.0	10.0	10.0	0
2016-02-03	10.0	10.0	10.0	10.0	0
2016-02-04	10.0	10.0	10.0	10.0	0
2016-02-05	10.0	10.0	10.0	10.0	0
2016-02-15	10.0	10.0	10.0	10.0	0
2016-02-16	10.0	10.0	10.0	10.0	0
2016-02-17	10.0	10.0	10.0	10.0	0
2016-02-18	10.0	10.0	10.0	10.0	0
2016-02-19	10.0	10.0	10.0	10.0	0
2016-02-22	10.0	10.0	10.0	10.0	0
2016-02-23	10.0	10.0	10.0	10.0	0
2016-02-24	10.0	10.0	10.0	10.0	0
2016-02-25	10.0	10.0	10.0	10.0	0
2016-02-26	10.0	10.0	10.0	10.0	0
2016-02-29	10.0	10.0	10.0	10.0	100
2016-03-01	10.0	10.0	10.0	10.0	0
2016-03-02	10.0	10.0	10.0	10.0	0
2016-03-03	10.0	10.0	10.0	10.0	0
2016-03-04	10.0	10.0	10.0	10.0	0
2016-03-07	10.0	10.0	10.0	10.0	0
2016-03-08	10.0	10.0	10.0	10.0	0
2016-03-09	10.0	10.0	10.0	10.0	0
2016-03-10	10.0	10.0	10.0	10.0	0
2016-03-11	10.0	10.0	10.0	10.0	0
2016-03-14	10.0	10.0	10.0	10.0	0
2016-03-15	10.0	10.0	10.0	10.0	0
2016-03-16	10.0	10.0	10.0	10.0	0
2016-03-17	10.0	10.0	10.0	10.0	0
2016-03-18	10.0	10.0	10.0	10.0	0
2016-03-21	10.0	10.0	10.0	10.0	0
2016-03-22	10.0	10.0	10.0	10.0	0
2016-03-23	10.0	10.0	10.0	10.0	0
2016-03-24	10.0	10.0	10.0	10.0	0
2016-03-25	10.0	10.0	10.0	10.0	0
2016-03-28	10.0	10.0	10.0	10.0	0
2016-03-29	10.0	10.0	10.0	10.0	0
2016-03-30	10.0	10.0	10.0	10.0	0
2016-03-31	10.0	10.0	10.0	10.0	0
2016-04-01	10.0	10.0	10.0	10.0	0
2016-04-04	10.0	10.0	10.0	10.0	0
2016-04-05	10.0	10.0	10.0	10.0	0
2016-04-06	10.0	10.0	10.0	10.0	0
2016-04-07	10.0	10.0	10.0	10.0	0
2016-04-08	10.0	10.0	10.0	10.0	0
2016-04-11	10.0	10.0	10.0	10.0	0
2016-04-12	10.0	10.0	10.0	10.0	0
2016-04-13	10.0	10.0	10.0	10.0	0
2016-04-14	10.0	10.0	10.0	10.0	0
2016-04-15	10.0	10.0	10.0	10.0	0
2016-04-19	10.0	10.0	10.0	10.0	0
2016-04-20	10.0	10.0	10.0	10.0	0
2016-04-21	10.0	10.0	10.0	10.0	0
2016-04-22	10.0	10.0	10.0	10.0	0
2016-04-25	10.0	10.0	10.0	10.0	0
2016-04-26	10.0	10.0	10.0	10.0	0
2016-04-27	10.0	10.0	10.0	10.0	0
2016-04-28	10.0	10.0	10.0	10.0	0
2016-04-29	10.0	10.0	10.0	10.0	0
2016-05-04	10.0	10.0	10.0	10.0	0
2016-05-05	10.0	10.0	10.0	10.0	0
2016-05-06	10.0	10.0	10.0	10.0	0
2016-05-09	10.0	10.0	10.0	10.0	0
2016-05-10	10.0	10.0	10.0	10.0	0
2016-05-11	10.0	10.0	10.0	10.0	0
2016-05-12	10.0	10.0	10.0	10.0	0
2016-05-13	10.0	10.0	10.0	10.0	0
2016-05-16	10.0	10.0	10.0	10.0	0
2016-05-17	10.0	10.0	10.0	10.0	0
2016-05-18	10.0	10.0	10.0	10.0	0
2016-05-19	10.0	10.0	10.0	10.0	0
2016-05-20	10.0	10.0	10.0	10.0	0
2016-05-23	10.0	10.0	10.0	10.0	0
2016-05-24	10.0	10.0	10.0	10.0	0
2016-05-25	10.0	10.0	10.0	10.0	0
2016-05-26	10.0	10.0	10.0	10.0	0
2016-05-27	10.0	10.0	10.0	10.0	0
2016-05-30	10.0	10.0	10.0	10.0	0
2016-05-31	10.0	10.0	10.0	10.0	0
2016-06-01	10.0	10.0	10.0	10.0	0
2016-06-02	10.0	10.0	10.0	10.0	0
2016-06-03	10.0	10.0	10.0	10.0	0
2016-06-06	10.0	10.0	10.0	10.0	0
2016-06-07	10.0	10.0	10.0	10.0	0
2016-06-08	10.0	10.0	10.0	10.0	0
2016-06-09	10.0	10.0	10.0	10.0	0
2016-06-10	10.0	10.0	10.0	10.0	0
2016-06-13	10.0	10.0	10.0	10.0	0
2016-06-14	10.0	10.0	10.0	10.0	0
2016-06-15	10.0	10.0	10.0	10.0	0
2016-06-16	10.0	10.0	10.0	10.0	0
2016-06-17	10.0	10.0	10.0	10.0	0
2016-06-20	10.0	10.0	10.0	10.0	0
2016-06-21	10.0	10.0	10.0	10.0	0
2016-06-22	10.0	10.0	10.0	10.0	0
2016-06-23	10.0	10.0	10.0	10.0	0
2016-06-24	10.0	10.0	10.0	10.0	0
2016-06-27	10.0	10.0	10.0	10.0	0
2016-06-28	10.0	10.0	10.0	10.0	0
2016-06-29	10.0	10.0	10.0	10.0	0
2016-06-30	10.0	10.0	10.0	10.0	0
2016-07-01	10.0	10.0	10.0	10.0	0
2016-07-04	10.0	10.0	10.0	10.0	0
2016-07-05	10.0	10.0	10.0	10.0	0
2016-07-06	10.0	10.0	10.0	10.0	0
2016-07-07	10.0	10.0	10.0	10.0	0
2016-07-08	10.0	10.0	10.0	10.0	0
2016-07-11	10.0	10.0	10.0	10.0	0
2016-07-12	10.0	10.0	10.0	10.0	0
2016-07-13	10.0	10.0	10.0	10.0	0
2016-07-14	10.0	10.0	10.0	10.0	0
2016-07-15	10.0	10.0	10.0	10.0	0
2016-07-18	10.0	10.0	10.0	10.0	0
2016-07-19	10.0	10.0	10.0	10.0	0
2016-07-20	10.0	10.0	10.0	10.0	0
2016-07-21	10.0	10.0	10.0	10.0	0
2016-07-22	10.0	10.0	10.0	10.0	0
2016-07-25	10.0	10.0	10.0	10.0	0
2016-07-26	10.0	10.0	10.0	10.0	0
2016-07-27	10.0	10.0	10.0	10.0	0
2016-07-28	10.0	10.0	10.0	10.0	0
2016-07-29	10.0	10.0	10.0	10.0	0
2016-08-01	10.0	10.0	10.0	10.0	0
2016-08-02	10.0	10.0	10.0	10.0	0
2016-08-03	10.0	10.0	10.0	10.0	0
2016-08-04	10.0	10.0	10.0	10.0	0
2016-08-05	10.0	10.0	10.0	10.0	0
2016-08-08	10.0	10.0	10.0	10.0	0
2016-08-09	10.0	10.0	10.0	10.0	0
2016-08-10	10.0	10.0	10.0	10.0	0
2016-08-11	10.0	10.0	10.0	10.0	0
2016-08-12	10.0	10.0	10.0	10.0	0
2016-08-15	10.0	10.0	10.0	10.0	0
2016-08-16	10.0	10.0	10.0	10.0	0
2016-08-17	10.0	10.0	10.0	10.0	0
2016-08-18	10.0	10.0	10.0	10.0	0
2016-08-19	10.0	10.0	10.0	10.0	0
2016-08-22	10.0	10.0	10.0	10.0	0
2016-08-23	10.0	10.0	10.0	10.0	0
2016-08-24	10.0	10.0	10.0	10.0	0
2016-08-25	10.0	10.0	10.0	10.0	0
2016-08-26	10.0	10.0	10.0	10.0	0
2016-08-29	10.0	10.0	10.0	10.0	0
2016-08-30	10.0	10.0	10.0	10.0	0
2016-08-31	10.0	10.0	10.0	10.0	0
2016-09-01	10.0	10.0	10.0	10.0	0
2016-09-05	10.0	10.0	10.0	10.0	0
2016-09-06	10.0	10.0	10.0	10.0	0
2016-09-07	10.0	10.0	10.0	10.0	0
2016-09-08	10.0	10.0	10.0	10.0	0
2016-09-09	10.0	10.0	10.0	10.0	0
2016-09-12	10.0	10.0	10.0	10.0	0
2016-09-13	10.0	10.0	10.0	10.0	0
2016-09-14	10.0	10.0	10.0	10.0	0
2016-09-15	10.0	10.0	10.0	10.0	0
2016-09-16	10.0	10.0	10.0	10.0	0
2016-09-19	10.0	10.0	10.0	10.0	0
2016-09-20	10.0	10.0	10.0	10.0	0
2016-09-21	10.0	10.0	10.0	10.0	0
2016-09-22	10.0	10.0	10.0	10.0	0
2016-09-23	10.0	10.0	10.0	10.0	0
2016-09-26	10.0	10.0	10.0	10.0	0
2016-09-27	10.0	10.0	10.0	10.0	0
2016-09-28	10.0	10.0	10.0	10.0	0
2016-09-29	10.0	10.0	10.0	10.0	0
2016-09-30	10.0	10.0	10.0	10.0	0
2016-10-03	10.0	10.0	10.0	10.0	0
2016-10-04	10.0	10.0	10.0	10.0	0
2016-10-05	10.0	10.0	10.0	10.0	0
2016-10-06	10.0	10.0	10.0	10.0	0
2016-10-07	10.0	10.0	10.0	10.0	0
2016-10-10	10.0	10.0	10.0	10.0	0
2016-10-11	10.0	10.0	10.0	10.0	0
2016-10-12	10.0	10.0	10.0	10.0	0
2016-10-13	10.0	10.0	10.0	10.0	0
2016-10-14	10.0	10.0	10.0	10.0	0
2016-10-17	10.0	10.0	10.0	10.0	0
2016-10-18	10.0	10.0	10.0	10.0	0
2016-10-19	10.0	10.0	10.0	10.0	0
2016-10-20	10.0	10.0	10.0	10.0	0
2016-10-21	10.0	10.0	10.0	10.0	0
2016-10-24	10.0	10.0	10.0	10.0	0
2016-10-25	10.0	10.0	10.0	10.0	0
2016-10-26	10.0	10.0	10.0	10.0	0
2016-10-27	10.0	10.0	10.0	10.0	0
2016-10-28	10.0	10.0	10.0	10.0	0
2016-10-31	10.0	10.0	10.0	10.0	0
2016-11-01	10.0	10.0	10.0	10.0	0
2016-11-02	10.0	10.0	10.0	10.0	0
2016-11-03	10.0	10.0	10.0	10.0	0
2016-11-04	10.0	10.0	10.0	10.0	0
2016-11-07	10.0	10.0	10.0	10.0	0
2016-11-08	10.0	10.0	10.0	10.0	0
2016-11-09	10.0	10.0	10.0	10.0	0
2016-11-10	10.0	10.0	10.0	10.0	0
2016-11-11	10.0	10.0	10.0	10.0	0
2016-11-14	10.0	10.0	10.0	10.0	0
2016-11-15	10.0	10.0	10.0	10.0	0
2016-11-16	10.0	10.0	10.0	10.0	0
2016-11-17	10.0	10.0	10.0	10.0	0
2016-11-18	10.0	10.0	10.0	10.0	0
2016-11-21	10.0	10.0	10.0	10.0	0
2016-11-22	10.0	10.0	10.0	10.0	0
2016-11-23	10.0	10.0	10.0	10.0	0
2016-11-24	10.0	10.0	10.0	10.0	0
2016-11-25	10.0	10.0	10.0	10.0	0
2016-11-28	10.0	10.0	10.0	10.0	0
2016-11-29	10.0	10.0	10.0	10.0	0
2016-11-30	10.0	10.0	10.0	10.0	0
2016-12-01	10.0	10.0	10.0	10.0	0
2016-12-02	10.0	10.0	10.0	10.0	0
2016-12-05	10.0	10.0	10.0	10.0	0
2016-12-06	10.0	10.0	10.0	10.0	0
2016-12-07	10.0	10.0	10.0	10.0	0
2016-12-08	10.0	10.0	10.0	10.0	0
2016-12-09	10.0	10.0	10.0	10.0	0
2016-12-12	10.0	10.0	10.0	10.0	0
2016-12-13	10.0	10.0	10.0	10.0	0
2016-12-14	10.0	10.0	10.0	10.0	0
2016-12-15	10.0	10.0	10.0	10.0	0
2016-12-16	10.0	10.0	10.0	10.0	0
2016-12-19	10.0	10.0	10.0	10.0	0
2016-12-20	10.0	10.0	10.0	10.0	0
2016-12-21	10.0	10.0	10.0	10.0	0
2016-12-22	10.0	10.0	10.0	10.0	0
2016-12-23	10.0	10.0	10.0	10.0	0
2016-12-26	10.0	10.0	10.0	10.0	0
2016-12-27	10.0	10.0	10.0	10.0	0
2016-12-28	10.0	10.0	10.0	10.0	0
2016-12-29	10.0	10.0	10.0	10.0	0
2016-12-30	10.0	10.0	10.0	10.0	0
2017-01-03	10.0	10.0	10.0	10.0	0
2017-01-04	10.0	10.0	10.0	10.0	0
2017-01-05	10.0	10.0	10.0	10.0	0
2017-01-06	10.0	10.0	10.0	10.0	0
2017-01-09	10.0	10.0	10.0	10.0	0
2017-01-10	10.0	10.0	10.0	10.0	0
2017-01-11	10.0	10.0	10.0	10.0	0
2017-01-12	10.0	10.0	10.0	10.0	0
2017-01-13	10.0	10.0	10.0	10.0	0
2017-01-16	10.0	10.0	10.0	10.0	0
2017-01-17	10.0	10.0	10.0	10.0	0
2017-01-18	10.0	10.0	10.0	10.0	0
2017-01-19	10.0	10.0	10.0	10.0	0
2017-01-20	10.0	10.0	10.0	10.0	0
2017-01-23	10.0	10.0	10.0	10.0	0
2017-01-24	10.0	10.0	10.0	10.0	0
2017-01-25	10.0	10.0	10.0	10.0	0
2017-02-02	10.0	10.0	10.0	10.0	0
2017-02-03	10.0	10.0	10.0	10.0	0
2017-02-06	10.0	10.0	10.0	10.0	0
2017-02-07	10.0	10.0	10.0	10.0	0
2017-02-08	10.0	10.0	10.0	10.0	0
2017-02-09	10.0	10.0	10.0	10.0	0
2017-02-10	10.0	10.0	10.0	10.0	0
2017-02-13	10.0	10.0	10.0	10.0	0
2017-02-14	10.0	10.0	10.0	10.0	0
2017-02-15	10.0	10.0	10.0	10.0	0
2017-02-16	10.0	10.0	10.0	10.0	0
2017-02-17	10.0	10.0	10.0	10.0	0
2017-02-20	10.0	10.0	10.0	10.0	0
2017-02-21	10.0	10.0	10.0	10.0	0
2017-02-22	10.0	10.0	10.0	10.0	0
2017-02-23	10.0	10.0	10.0	10.0	0
2017-02-24	10.0	10.0	10.0	10.0	0
2017-02-27	10.0	10.0	10.0	10.0	0
2017-02-28	10.0	10.0	10.0	10.0	0
2017-03-01	10.0	10.0	10.0	10.0	0
2017-03-02	10.0	10.0	10.0	10.0	0
2017-03-03	10.0	10.0	10.0	10.0	0
2017-03-06	10.0	10.0	10.0	10.0	0
2017-03-07	10.0	10.0	10.0	10.0	0
2017-03-08	10.0	10.0	10.0	10.0	0
2017-03-09	10.0	10.0	10.0	10.0	0
2017-03-10	10.0	10.0	10.0	10.0	0
2017-03-13	10.0	10.0	10.0	10.0	0
2017-03-14	10.0	10.0	10.0	10.0	0
2017-03-15	10.0	10.0	10.0	10.0	0
2017-03-16	10.0	10.0	10.0	10.0	0
2017-03-17	10.0	10.0	10.0	10.0	0
2017-03-20	10.0	10.0	10.0	10.0	0
2017-03-21	10.0	10.0	10.0	10.0	0
2017-03-22	10.0	10.0	10.0	10.0	0
2017-03-23	10.0	10.0	10.0	10.0	0
2017-03-24	10.0	10.0	10.0	10.0	0
2017-03-27	10.0	10.0	10.0	10.0	0
2017-03-28	10.0	10.0	10.0	10.0	0
2017-03-29	10.0	10.0	10.0	10.0	0
2017-03-30	10.0	10.0	10.0	10.0	0
2017-03-31	10.0	10.0	10.0	10.0	0
2017-04-03	10.0	10.0	10.0	10.0	0
2017-04-04	10.0	10.0	10.0	10.0	0
2017-04-05	10.0	10.0	10.0	10.0	0
2017-04-07	10.0	10.0	10.0	10.0	0
2017-04-10	10.0	10.0	10.0	10.0	0
2017-04-11	10.0	10.0	10.0	10.0	0
2017-04-12	10.0	10.0	10.0	10.0	0
2017-04-13	10.0	10.0	10.0	10.0	0
2017-04-14	10.0	10.0	10.0	10.0	0
2017-04-17	10.0	10.0	10.0	10.0	0
2017-04-18	10.0	10.0	10.0	10.0	0
2017-04-19	10.0	10.0	10.0	10.0	0
2017-04-20	10.0	10.0	10.0	10.0	0
2017-04-21	10.0	10.0	10.0	10.0	0
2017-04-24	10.0	10.0	10.0	10.0	0
2017-04-25	10.0	10.0	10.0	10.0	0
2017-04-26	10.0	10.0	10.0	10.0	0
2017-04-27	10.0	10.0	10.0	10.0	0
2017-04-28	10.0	10.0	10.0	10.0	0
2017-05-03	10.0	10.0	10.0	10.0	0
2017-05-04	10.0	10.0	10.0	10.0	0
2017-05-05	10.0	10.0	10.0	10.0	0
2017-05-08	10.0	10.0	10.0	10.0	0
2017-05-09	10.0	10.0	10.0	10.0	0
2017-05-10	10.0	10.0	10.0	10.0	0
2017-05-11	10.0	10.0	10.0	10.0	0
2017-05-12	10.0	10.0	10.0	10.0	0
2017-05-15	10.0	10.0	10.0	10.0	0
2017-05-16	10.0	10.0	10.0	10.0	0
2017-05-17	10.0	10.0	10.0	10.0	0
2017-05-18	10.0	10.0	10.0	10.0	0
2017-05-19	10.0	10.0	10.0	10.0	0
2017-05-22	10.0	10.0	10.0	10.0	0
2017-05-23	10.0	10.0	10.0	10.0	0
2017-05-24	10.0	10.0	10.0	10.0	0
2017-05-25	10.0	10.0	10.0	10.0	0
2017-05-26	10.0	10.0	10.0	10.0	0
2017-05-29	10.0	10.0	10.0	10.0	0
2017-05-30	10.0	10.0	10.0	10.0	0
2017-05-31	10.0	10.0	10.0	10.0	0
2017-06-01	10.0	10.0	10.0	10.0	0
2017-06-02	10.0	10.0	10.0	10.0	0
2017-06-05	10.0	10.0	10.0	10.0	0
2017-06-06	10.0	10.0	10.0	10.0	0
2017-06-07	10.0	10.0	10.0	10.0	0
2017-06-08	10.0	10.0	10.0	10.0	0
2017-06-09	10.0	10.0	10.0	10.0	0
2017-06-12	10.0	10.0	10.0	10.0	0
2017-06-13	10.0	10.0	10.0	10.0	0
2017-06-14	10.0	10.0	10.0	10.0	0
2017-06-15	10.0	10.0	10.0	10.0	0
2017-06-16	10.0	10.0	10.0	10.0	0
2017-06-19	10.0	10.0	10.0	10.0	0
2017-06-20	10.0	10.0	10.0	10.0	0
2017-06-21	10.0	10.0	10.0	10.0	0
2017-06-22	10.0	10.0	10.0	10.0	0
2017-06-23	10.0	10.0	10.0	10.0	0
2017-06-26	10.0	10.0	10.0	10.0	0
2017-06-27	10.0	10.0	10.0	10.0	0
2017-06-28	10.0	10.0	10.0	10.0	0
2017-06-29	10.0	10.0	10.0	10.0	0
2017-06-30	10.0	10.0	10.0	10.0	0
2017-07-03	10.0	10.0	10.0	10.0	0
2017-07-04	10.0	10.0	10.0	10.0	0
2017-07-05	10.0	10.0	10.0	10.0	0
2017-07-06	10.0	10.0	10.0	10.0	0
2017-07-07	10.0	10.0	10.0	10.0	0
2017-07-10	10.0	10.0	10.0	10.0	0
2017-07-11	10.0	10.0	10.0	10.0	0
2017-07-12	10.0	10.0	10.0	10.0	0
2017-07-13	10.0	10.0	10.0	10.0	0
2017-07-14	10.0	10.0	10.0	10.0	0
2017-07-17	10.0	10.0	10.0	10.0	0
2017-07-18	10.0	10.0	10.0	10.0	0
2017-07-19	10.0	10.0	10.0	10.0	0
2017-07-20	10.0	10.0	10.0	10.0	0
2017-07-21	10.0	10.0	10.0	10.0	0
2017-07-24	10.0	10.0	10.0	10.0	0
2017-07-25	10.0	10.0	10.0	10.0	0
2017-07-26	10.0	10.0	10.0	10.0	0
2017-07-27	10.0	10.0	10.0	10.0	0
2017-07-28	10.0	10.0	10.0	10.0	0
2017-07-31	10.0	10.0	10.0	10.0	0
2017-08-01	10.0	10.0	10.0	10.0	0
2017-08-02	10.0	10.0	10.0	10.0	0
2017-08-03	10.0	10.0	10.0	10.0	0
2017-08-04	10.0	10.0	10.0	10.0	0
2017-08-07	10.0	10.0	10.0	10.0	0
2017-08-08	10.0	10.0	10.0	10.0	0
2017-08-09	10.0	10.0	10.0	10.0	0
2017-08-10	10.0	10.0	10.0	10.0	0
2017-08-11	10.0	10.0	10.0	10.0	0
2017-08-14	10.0	10.0	10.0	10.0	0
2017-08-15	10.0	10.0	10.0	10.0	0
2017-08-16	10.0	10.0	10.0	10.0	0
2017-08-17	10.0	10.0	10.0	10.0	0
2017-08-18	10.0	10.0	10.0	10.0	0
2017-08-21	10.0	10.0	10.0	10.0	0
2017-08-22	10.0	10.0	10.0	10.0	0
2017-08-23	10.0	10.0	10.0	10.0	0
2017-08-24	10.0	10.0	10.0	10.0	0
2017-08-25	10.0	10.0	10.0	10.0	0
2017-08-28	10.0	10.0	10.0	10.0	0
2017-08-29	10.0	10.0	10.0	10.0	0
2017-08-30	10.0	10.0	10.0	10.0	0
2017-10-24	10.65	10.7	10.6	10.7	23000
2017-10-25	10.7	10.95	10.7	10.95	46130
2017-10-26	10.95	10.95	10.95	10.95	3060
2017-10-27	10.95	10.95	10.75	10.95	3340
2017-10-30	10.75	10.85	10.75	10.8	2160
2017-10-31	10.8	10.85	10.8	10.8	18880
2017-11-01	10.8	10.8	10.8	10.8	6680
2017-11-02	10.75	10.75	10.75	10.75	7680
2017-11-03	10.75	10.75	10.75	10.75	0
2017-11-06	10.8	10.8	10.8	10.8	27900
2017-11-07	10.95	11.0	10.95	11.0	21010
2017-11-08	10.96	11.1	10.96	11.1	60520
2017-11-09	11.13	11.25	11.13	11.22	92200
2017-11-10	11.22	11.25	11.19	11.2	141210
2017-11-13	11.2	11.34	11.2	11.27	52670
2017-11-14	11.35	11.35	11.28	11.34	8820
2017-11-15	11.34	11.43	11.3	11.43	22790
2017-11-16	11.53	11.53	11.2	11.4	110540
2017-11-17	11.5	11.5	11.21	11.21	21530
2017-11-20	11.31	11.31	11.0	11.06	50640
2017-11-21	11.5	11.81	11.5	11.55	246020
2017-11-22	11.55	11.55	11.55	11.55	12870
2017-11-23	11.5	11.9	11.5	11.55	17210
2017-11-24	11.55	11.75	11.55	11.55	3370
2017-11-27	11.55	11.75	11.55	11.75	116240
2017-11-28	11.7	11.8	11.7	11.8	300
2017-11-29	11.8	11.8	11.7	11.8	5980
2017-11-30	12.42	12.42	11.7	11.7	49420
2017-12-01	11.7	11.9	11.7	11.7	3810
2017-12-04	11.81	12.2	11.8	12.0	298760
2017-12-05	12.7	12.7	12.0	12.1	421830
2017-12-06	11.9	12.5	11.9	12.1	32570
2017-12-07	12.2	12.3	12.2	12.3	35000
2017-12-08	12.3	12.3	12.0	12.0	24580
2017-12-11	12.0	12.0	11.9	12.0	7940
2017-12-12	12.0	12.0	11.8	12.0	41230
2017-12-13	11.8	12.0	11.8	12.0	3180
2017-12-14	11.9	12.05	11.9	12.0	6950
2017-12-15	12.0	12.1	12.0	12.0	285380
2017-12-18	12.0	12.5	12.0	12.5	42860
2017-12-19	12.5	12.65	12.5	12.6	12190
2017-12-20	12.6	12.6	12.41	12.41	80300
2017-12-21	12.42	12.51	12.39	12.51	121460
2017-12-22	12.4	12.45	12.35	12.45	13000
2017-12-25	12.43	12.45	12.43	12.45	15190
2017-12-26	12.51	12.55	12.51	12.54	21230
2017-12-27	12.6	12.63	12.6	12.61	25760
2017-12-28	12.61	12.73	12.61	12.73	42720
2017-12-29	12.65	12.87	12.65	12.86	62070
2018-01-02	12.86	13.0	12.86	13.0	123990
2018-01-03	13.15	13.28	13.15	13.17	112960
2018-01-04	13.2	13.35	13.2	13.27	71140
2018-01-05	13.33	13.33	13.27	13.27	113930
2018-01-08	13.27	13.37	13.24	13.37	208270
2018-01-09	13.37	13.6	13.36	13.56	74420
2018-01-10	13.64	13.68	13.57	13.65	75230
2018-01-11	13.66	13.76	13.65	13.76	49720
2018-01-12	13.78	13.9	13.76	13.88	105440
2018-01-15	13.8	13.94	13.8	13.94	212460
2018-01-16	14.01	14.01	13.9	13.9	198670
2018-01-17	13.98	13.99	13.89	13.99	50610
2018-01-18	13.51	13.89	13.51	13.84	4850
2018-01-19	13.84	14.05	13.84	14.0	62450
2018-01-22	14.0	14.32	14.0	14.32	59860
2018-01-23	14.32	14.32	14.32	14.32	0
2018-01-24	14.32	14.32	14.32	14.32	0
2018-01-25	14.41	15.1	14.41	15.0	169130
2018-01-26	15.0	15.02	14.7	15.0	76490
2018-01-29	15.0	15.0	14.8	14.8	53150
2018-01-30	14.8	14.8	14.6	14.7	14130
2018-01-31	14.7	14.8	14.61	14.8	42600
2018-02-01	14.7	14.7	14.55	14.61	33530
2018-02-02	14.65	14.7	14.36	14.7	49270
2018-02-05	14.4	14.4	14.3	14.3	132440
2018-02-06	13.35	14.0	13.3	13.4	90490
2018-02-07	14.29	14.3	13.5	13.65	216360
2018-02-08	13.67	13.68	13.48	13.48	221600
2018-02-09	12.59	13.45	12.59	13.4	92090
2018-02-12	13.2	13.45	13.2	13.45	137390
2018-02-13	13.6	13.9	13.41	13.9	121910
2018-02-21	13.99	14.3	13.98	14.1	43000
2018-02-22	14.3	14.32	14.1	14.25	72940
2018-02-23	14.25	14.39	14.25	14.39	113470
2018-02-26	14.48	14.7	14.48	14.61	199480
2018-02-27	14.61	14.63	14.55	14.6	51860
2018-02-28	14.6	14.7	14.55	14.6	164030
2018-03-01	14.6	14.7	14.6	14.69	148090
2018-03-02	14.62	14.69	14.61	14.69	53000
2018-03-05	14.69	14.8	14.69	14.75	126350
2018-03-06	14.5	14.7	14.35	14.7	65790
2018-03-07	14.7	14.7	14.6	14.6	99650
2018-03-08	14.6	14.7	14.58	14.7	108530
2018-03-09	14.75	14.8	14.75	14.78	92520
2018-03-12	14.79	14.82	14.77	14.79	89840
2018-03-13	14.79	14.8	14.77	14.8	50840
2018-03-14	14.82	14.93	14.82	14.92	154600
2018-03-15	14.92	14.95	14.9	14.92	61640
2018-03-16	14.87	14.93	14.87	14.92	69460
2018-03-19	14.92	15.03	14.92	15.03	91040
2018-03-20	15.11	15.2	15.1	15.19	75080
2018-03-21	15.23	15.38	15.23	15.38	84890
2018-03-22	15.4	15.45	15.4	15.4	100510
2018-03-23	15.4	15.4	15.16	15.16	91660
2018-03-26	15.16	15.25	15.0	15.25	133870
2018-03-27	15.4	15.5	15.4	15.46	95550
2018-03-28	15.46	15.47	15.4	15.46	55510
2018-03-29	15.46	15.46	15.39	15.39	59350
2018-03-30	15.41	15.42	15.35	15.42	102330
2018-04-02	15.48	15.7	15.48	15.65	152840
2018-04-03	15.76	15.76	15.64	15.64	63560
2018-04-04	15.65	15.7	15.65	15.69	88160
2018-04-05	15.74	15.9	15.74	15.9	110830
2018-04-06	15.8	15.91	15.8	15.87	101190
2018-04-09	15.87	15.93	15.85	15.92	78580
2018-04-10	15.92	15.92	15.79	15.79	162350
2018-04-11	15.8	15.8	15.71	15.74	53580
2018-04-12	15.5	15.5	15.33	15.5	81000
2018-04-13	15.41	15.5	15.39	15.39	33530
2018-04-16	15.27	15.3	15.2	15.25	78340
2018-04-17	15.25	15.35	15.25	15.35	82370
2018-04-18	15.35	15.35	15.28	15.28	52340
2018-04-19	15.26	15.35	15.0	15.27	21450
2018-04-20	15.27	15.29	14.5	15.0	15930
2018-04-23	14.9	14.95	14.4	14.4	69230
2018-04-24	14.0	14.5	14.0	14.5	19140
2018-04-26	14.49	14.49	14.49	14.49	14490
2018-04-27	14.1	14.51	13.95	13.95	28040
2018-05-02	13.96	13.97	13.85	13.85	37460
2018-05-03	13.67	13.67	13.65	13.65	35410
2018-05-04	13.65	13.7	13.55	13.6	32060
2018-05-07	13.62	13.75	13.61	13.75	61690
2018-05-08	14.1	14.2	14.1	14.2	22650
2018-05-09	14.2	14.2	14.0	14.2	15670
2018-05-10	14.2	14.2	14.0	14.0	73520
2018-05-11	14.0	14.0	13.65	13.7	53510
2018-05-14	13.93	14.1	13.85	14.1	73340
2018-05-15	14.23	14.46	14.1	14.45	60450
2018-05-16	14.4	14.4	14.25	14.3	34880
2018-05-17	14.3	14.3	14.0	14.0	59580
2018-05-18	13.9	14.0	13.73	13.99	58850
2018-05-21	13.9	13.95	13.65	13.65	82920
2018-05-22	13.7	13.7	13.2	13.55	60260
2018-05-23	13.2	13.5	13.2	13.5	22690
2018-05-24	13.2	13.5	13.1	13.49	15770
2018-05-25	13.2	13.2	13.15	13.15	11200
2018-05-28	12.85	12.9	12.78	12.78	38930
2018-05-29	12.3	13.1	12.3	13.1	68870
2018-05-30	13.0	13.0	12.8	12.8	12800
2018-05-31	12.8	13.0	12.8	13.0	15470
2018-06-01	13.0	13.0	13.0	13.0	19420
2018-06-04	13.2	13.4	13.2	13.35	58040
2018-06-05	13.35	13.85	13.35	13.85	49000
2018-06-06	13.85	14.0	13.7	14.0	57610
2018-06-07	14.0	14.2	13.9	14.2	61330
2018-06-08	14.2	14.24	14.0	14.0	60520
2018-06-11	14.1	14.2	14.1	14.2	22020
2018-06-12	14.2	14.2	13.9	13.9	39550
2018-06-13	13.9	13.9	13.8	13.8	30000
2018-06-14	14.0	14.0	13.99	13.99	10030
2018-06-15	13.8	14.0	13.7	13.8	47600
2018-06-18	13.8	13.9	13.5	13.5	77520
2018-06-19	13.4	13.5	12.9	12.9	58220
2018-06-20	12.9	13.3	12.9	13.3	31000
2018-06-21	13.3	13.4	13.2	13.2	19360
2018-06-22	13.1	13.4	13.1	13.4	28600
2018-06-25	13.42	13.55	13.42	13.55	16640
2018-06-26	13.5	13.51	13.5	13.51	4040
2018-06-27	13.51	13.51	13.48	13.5	12990
2018-06-28	13.5	13.5	13.0	13.1	59920
2018-06-29	13.0	13.0	13.0	13.0	40310
2018-07-02	13.0	13.0	12.6	12.6	73120
2018-07-03	12.6	12.8	12.31	12.31	33700
2018-07-04	12.1	12.3	12.1	12.2	52840
2018-07-05	12.1	12.3	12.0	12.0	31320
2018-07-06	12.0	12.3	12.0	12.3	13170
2018-07-09	12.3	12.35	12.3	12.3	25000
2018-07-10	12.3	12.4	12.3	12.3	33790
2018-07-11	12.2	12.2	11.9	11.9	32490
2018-07-12	11.92	12.0	11.92	12.0	31710
2018-07-13	11.95	12.3	11.95	12.3	31310
2018-07-16	12.3	12.4	12.2	12.3	40420
2018-07-17	12.3	12.5	12.3	12.5	53690
2018-07-18	12.5	12.75	12.5	12.7	43050
2018-07-19	12.76	12.85	12.76	12.85	55520
2018-07-20	12.85	12.85	12.7	12.8	65000
2018-07-23	12.8	12.9	12.7	12.7	61700
2018-07-24	12.7	12.7	12.6	12.63	56900
2018-07-25	12.63	12.63	12.6	12.6	39350
2018-07-26	12.6	12.6	12.5	12.5	21600
2018-07-27	12.6	12.7	12.5	12.7	56500
2018-07-30	12.71	12.9	12.71	12.9	41460
2018-07-31	12.9	13.0	12.9	13.0	42000
2018-08-01	13.0	13.4	12.8	12.8	78470
2018-08-02	12.85	12.85	12.5	12.8	108000
2018-08-03	12.85	13.0	12.85	12.9	73600
2018-08-06	12.9	13.2	12.9	13.2	80440
2018-08-07	13.2	13.2	12.8	12.9	95980
2018-08-08	12.8	13.0	12.8	12.9	105480
2018-08-09	12.95	13.1	12.9	13.1	105980
2018-08-10	13.0	13.1	13.0	13.0	5190
2018-08-13	13.0	13.1	12.9	13.1	106000
2018-08-14	13.0	13.3	12.8	13.3	138690
2018-08-15	13.3	13.4	13.01	13.01	71700
2018-08-16	13.1	13.1	12.9	13.1	67600
2018-08-17	13.1	13.4	13.1	13.2	77980
2018-08-20	13.1	13.2	13.1	13.1	98600
2018-08-21	13.1	13.2	12.8	13.2	72560
2018-08-22	13.2	13.4	13.2	13.25	70330
2018-08-23	13.3	13.4	13.3	13.4	55020
2018-08-24	13.4	13.4	13.19	13.2	116110
2018-08-27	13.2	13.35	13.2	13.35	45000
2018-08-28	13.39	13.5	13.39	13.4	51000
2018-08-29	13.4	13.4	13.1	13.4	58000
2018-08-30	13.4	13.6	13.4	13.6	72900
2018-08-31	13.6	13.7	13.6	13.7	80000
2018-09-04	13.7	13.7	13.5	13.5	71570
2018-09-05	13.4	13.4	13.1	13.1	50340
2018-09-06	13.1	13.1	12.9	12.9	108480
2018-09-07	12.9	13.0	12.8	13.0	64000
2018-09-10	13.0	13.1	12.8	12.8	62670
2018-09-11	13.0	13.3	12.9	13.3	75020
2018-09-12	13.3	13.4	13.3	13.3	120000
2018-09-13	13.3	13.4	13.3	13.4	31050
2018-09-14	13.4	13.5	13.4	13.4	51370
2018-09-17	13.4	13.4	13.3	13.3	40010
2018-09-18	13.2	13.4	13.2	13.4	20010
2018-09-19	13.4	13.6	13.4	13.5	30120
2018-09-20	13.5	13.6	13.3	13.6	37510
2018-09-21	13.6	13.69	13.5	13.51	42300
2018-09-24	13.6	13.7	13.6	13.61	58100
2018-09-25	13.7	13.7	13.6	13.7	92350
2018-09-26	13.7	13.9	13.7	13.81	175510
2018-09-27	13.8	13.85	13.75	13.85	68050
2018-09-28	13.85	13.9	13.85	13.9	56000
2018-10-01	13.9	13.95	13.9	13.95	44000
2018-10-02	13.95	13.95	13.75	13.75	60650
2018-10-03	13.75	13.75	13.7	13.7	54740
2018-10-04	13.7	13.8	13.7	13.8	46440
2018-10-05	13.8	13.8	13.5	13.7	75180
2018-10-08	13.7	13.7	13.6	13.6	58000
2018-10-09	13.6	13.6	13.5	13.6	33460
2018-10-10	13.6	13.6	13.6	13.6	35300
2018-10-11	13.5	13.5	12.8	12.8	151820
2018-10-12	12.8	13.2	12.6	13.2	146230
2018-10-15	13.1	13.1	13.0	13.0	52700
2018-10-16	13.0	13.01	13.0	13.0	47000
2018-10-17	13.0	13.05	12.96	12.96	37870
2018-10-18	13.0	13.0	13.0	13.0	23000
2018-10-19	13.0	13.0	12.6	12.8	80220
2018-10-22	12.8	12.8	12.8	12.8	26730
2018-10-23	12.8	12.8	12.5	12.8	52800
2018-10-24	12.8	12.8	12.5	12.5	74470
2018-10-25	12.5	12.5	11.7	12.1	116440
2018-10-26	12.35	12.35	12.1	12.1	74140
2018-10-29	12.16	12.16	12.05	12.05	21210
2018-10-30	12.05	12.1	12.05	12.1	64450
2018-10-31	12.1	12.3	12.1	12.3	30190
2018-11-01	12.4	12.4	12.3	12.3	20610
2018-11-02	12.26	12.4	12.25	12.4	46060
2018-11-05	12.5	12.5	12.4	12.4	73500
2018-11-06	12.45	12.79	12.45	12.45	62670
2018-11-07	12.45	12.45	12.4	12.4	73070
2018-11-08	12.4	12.51	12.4	12.51	98350
2018-11-09	12.51	12.51	12.4	12.4	59650
2018-11-12	12.4	12.4	12.3	12.3	55940
2018-11-13	12.33	12.33	12.0	12.2	50720
2018-11-14	12.2	12.3	12.2	12.2	48540
2018-11-15	12.2	12.3	12.0	12.0	84960
2018-11-16	12.0	12.05	11.95	12.05	55120
2018-11-19	12.05	12.15	12.05	12.15	36020
2018-11-20	12.28	12.3	12.28	12.3	40
2018-11-21	12.3	12.3	12.29	12.3	59190
2018-11-22	12.3	12.31	12.3	12.31	53000
2018-11-23	12.3	12.32	12.3	12.32	25260
2018-11-26	12.38	12.4	12.35	12.4	30230
2018-11-27	12.4	12.5	12.4	12.5	66010
2018-11-28	12.5	12.6	12.5	12.5	30500
2018-11-29	12.5	12.6	12.5	12.6	56550
2018-11-30	12.6	12.6	12.5	12.6	35150
2018-12-03	12.6	12.8	12.6	12.8	96700
2018-12-04	12.8	13.0	12.8	13.0	106670
2018-12-05	13.0	13.0	12.85	12.91	76700
2018-12-06	12.91	12.91	12.9	12.9	37510
2018-12-07	12.9	13.0	12.9	13.0	16130
2018-12-10	13.0	13.1	12.8	12.9	25900
2018-12-11	12.9	13.05	12.8	12.8	42250
2018-12-12	12.8	13.0	12.8	12.88	103450
2018-12-13	12.92	12.92	12.9	12.9	14940
2018-12-14	12.9	12.92	12.88	12.88	152540
2018-12-17	12.88	12.88	12.8	12.8	51920
2018-12-18	12.6	12.6	12.45	12.45	67120
2018-12-19	12.45	12.46	12.35	12.35	41420
2018-12-20	12.3	12.5	12.3	12.35	67250
2018-12-21	12.31	12.31	12.21	12.25	86380
2018-12-24	12.25	12.25	12.1	12.1	56670
2018-12-25	12.18	12.18	11.9	11.9	65820
2018-12-26	12.0	12.1	12.0	12.0	31270
2018-12-27	12.0	12.2	12.0	12.2	41130
2018-12-28	12.2	12.25	12.2	12.25	30010
2019-01-02	12.0	12.0	11.98	11.98	29730
2019-01-03	11.98	11.98	11.75	11.75	81290
2019-01-04	11.72	11.73	11.5	11.73	137010
2019-01-07	11.75	11.85	11.75	11.85	36660
2019-01-08	11.9	11.9	11.85	11.85	28750
2019-01-09	11.85	11.95	11.85	11.95	76880
2019-01-10	11.99	12.1	11.99	12.0	57020
2019-01-11	12.0	12.09	12.0	12.05	53000
2019-01-14	12.05	12.1	12.05	12.05	45940
2019-01-15	12.05	12.1	12.05	12.1	43000
2019-01-16	12.1	12.3	12.1	12.2	46750
2019-01-17	12.2	12.2	12.15	12.15	29380
2019-01-18	12.1	12.1	12.01	12.01	36460
2019-01-21	12.1	12.15	12.1	12.15	82160
2019-01-22	12.19	12.19	12.19	12.19	30020
2019-01-23	12.19	12.19	12.15	12.19	106440
2019-01-24	12.19	12.2	12.19	12.2	63410
2019-01-25	12.2	12.25	12.2	12.25	27110
2019-01-28	12.25	12.4	12.25	12.25	58010
2019-01-29	12.25	12.3	12.1	12.2	87270
2019-01-30	12.25	12.3	12.25	12.25	20830
2019-01-31	12.28	12.3	12.22	12.28	61860
2019-02-01	12.28	12.3	12.25	12.25	74510
2019-02-11	12.28	12.4	12.28	12.4	40490
2019-02-12	12.4	12.6	12.4	12.6	35000
2019-02-13	12.6	12.7	12.6	12.7	47000
2019-02-14	12.7	12.8	12.7	12.75	93030
2019-02-15	12.8	12.85	12.51	12.85	158610
2019-02-18	12.85	13.0	12.85	13.0	68540
2019-02-19	12.9	13.2	12.9	13.2	81300
2019-02-20	13.2	13.2	13.1	13.1	63150
2019-02-21	13.1	13.2	13.0	13.2	55080
2019-02-22	13.2	13.4	13.1	13.4	127140
2019-02-25	13.4	13.5	13.4	13.45	76230
2019-02-26	13.45	13.46	13.35	13.35	94410
2019-02-27	13.35	13.5	13.35	13.35	89080
2019-02-28	13.35	13.4	13.1	13.1	83840
2019-03-01	13.1	13.2	13.1	13.1	88550
2019-03-04	13.1	13.3	13.1	13.3	101450
2019-03-05	13.3	13.5	13.3	13.35	68450
2019-03-06	13.35	13.4	13.35	13.4	50070
2019-03-07	13.4	13.6	13.39	13.4	87800
2019-03-08	13.4	13.4	13.0	13.25	121550
2019-03-11	13.25	13.25	13.2	13.25	56070
2019-03-12	13.25	13.45	13.25	13.45	49160
2019-03-13	13.45	13.6	13.45	13.5	117740
2019-03-14	13.5	13.5	13.4	13.5	75050
2019-03-15	13.5	13.51	13.01	13.41	104410
2019-03-18	13.41	13.5	13.4	13.5	101670
2019-03-19	13.5	13.5	13.45	13.45	51040
2019-03-20	13.45	13.45	13.38	13.4	22290
2019-03-21	13.34	13.36	13.34	13.34	18870
2019-03-22	13.06	13.15	13.06	13.15	40600
2019-03-25	13.15	13.15	12.9	12.9	58820
2019-03-26	12.9	12.9	12.85	12.9	21530
2019-03-27	12.9	13.0	12.85	13.0	57340
2019-03-28	13.0	13.1	12.9	13.1	41010
2019-03-29	13.1	13.2	13.0	13.2	17130
2019-04-01	13.2	13.2	13.2	13.2	45310
2019-04-02	13.1	13.15	13.1	13.13	47340
2019-04-03	13.13	13.13	12.9	13.0	52280
2019-04-04	13.0	13.1	12.9	13.1	55730
2019-04-05	13.1	13.2	13.1	13.2	82000
2019-04-08	13.2	13.3	13.2	13.3	51870
2019-04-09	13.3	13.3	13.0	13.0	77310
2019-04-10	13.0	13.0	12.7	12.9	83010
2019-04-11	12.9	13.0	12.8	13.0	54000
2019-04-12	13.0	13.2	12.95	13.2	82500
2019-04-16	13.2	13.2	12.7	12.8	112910
2019-04-17	12.8	13.1	12.6	12.8	85190
2019-04-18	12.51	12.8	12.51	12.8	10040
2019-04-19	12.5	12.8	12.5	12.7	220
2019-04-22	12.8	12.8	12.5	12.7	8770
2019-04-23	12.79	12.79	12.79	12.79	50
2019-04-24	12.7	12.9	12.7	12.9	18050
2019-04-25	12.9	13.0	12.9	13.0	410
2019-04-26	13.0	13.1	13.0	13.1	56190
2019-05-02	13.1	13.1	12.9	12.9	56440
2019-05-03	12.9	12.9	12.8	12.81	36240
2019-05-06	12.81	12.81	12.6	12.7	60350
2019-05-07	12.7	12.7	12.6	12.7	60020
2019-05-08	12.7	12.7	12.4	12.7	107790
2019-05-09	12.7	12.7	12.6	12.6	30600
2019-05-10	12.7	12.8	12.7	12.8	40000
2019-05-13	12.8	12.8	12.8	12.8	43420
2019-05-14	12.7	12.8	12.7	12.8	60690
2019-05-15	12.8	12.9	12.7	12.9	81620
2019-05-16	12.9	13.0	12.8	13.0	73080
2019-05-17	13.0	13.1	12.9	13.1	40410
2019-05-20	13.1	13.15	13.0	13.15	106290
2019-05-21	13.15	13.2	13.05	13.15	84650
2019-05-22	13.15	13.15	13.1	13.1	105760
2019-05-23	13.1	13.1	12.91	13.1	110430
2019-05-24	13.1	13.15	13.0	13.0	131650
2019-05-27	13.0	13.0	12.95	12.95	45550
2019-05-28	13.0	13.0	12.9	12.9	90580
2019-05-29	12.9	12.9	12.72	12.72	68460
2019-05-30	12.72	12.8	12.72	12.8	80010
2019-05-31	12.8	12.83	12.8	12.83	30350
2019-06-03	12.83	12.83	12.71	12.71	34320
2019-06-04	12.71	12.71	12.6	12.6	65020
2019-06-05	12.6	12.7	12.6	12.61	64630
2019-06-06	12.61	12.61	12.4	12.4	77570
2019-06-07	12.5	12.58	12.5	12.58	63230
2019-06-10	12.58	12.7	12.58	12.7	131340
2019-06-11	12.7	12.7	12.6	12.7	57400
2019-06-12	12.7	12.9	12.65	12.9	70070
2019-06-13	12.8	12.9	12.6	12.6	110400
2019-06-14	12.6	12.6	12.5	12.5	100420
2019-06-17	12.5	12.5	12.2	12.3	96160
2019-06-18	12.3	12.3	12.29	12.3	78060
2019-06-19	12.3	12.5	12.3	12.5	77750
2019-06-20	12.5	12.6	12.5	12.5	115080
2019-06-21	12.5	12.6	12.5	12.6	33020
2019-06-24	12.6	12.7	12.6	12.7	80400
2019-06-25	12.7	12.8	12.7	12.8	44310
2019-06-26	12.8	12.8	12.7	12.8	86040
2019-06-27	12.8	12.8	12.4	12.4	100430
2019-06-28	12.5	12.6	12.3	12.6	127670
2019-07-01	12.6	12.65	12.5	12.65	140300
2019-07-02	12.65	12.68	12.64	12.68	107440
2019-07-03	12.69	12.69	12.6	12.6	110150
2019-07-04	12.6	12.68	12.6	12.68	125220
2019-07-05	12.68	12.7	12.61	12.7	106020
2019-07-08	12.75	12.75	12.7	12.7	110220
2019-07-09	12.65	12.7	12.65	12.7	100160
2019-07-10	12.7	12.8	12.7	12.7	80260
2019-07-11	12.7	12.75	12.7	12.75	110080
2019-07-12	12.75	12.8	12.75	12.76	109010
2019-07-15	12.75	12.75	12.65	12.65	88020
2019-07-16	12.65	12.8	12.6	12.8	141800
2019-07-17	12.8	12.8	12.75	12.8	151080
2019-07-18	12.8	12.8	12.78	12.78	74530
2019-07-19	12.78	12.81	12.78	12.81	180810
2019-07-22	12.81	12.82	12.79	12.79	115670
2019-07-23	12.79	13.0	12.78	13.0	215850
2019-07-24	13.0	13.0	12.95	13.0	140860
2019-07-25	12.95	13.1	12.95	13.1	143000
2019-07-26	13.1	13.2	13.05	13.05	175770
2019-07-29	13.05	13.05	12.9	12.95	50680
2019-07-30	12.95	12.95	12.85	12.85	86010
2019-07-31	12.78	12.78	12.74	12.78	102450
2019-08-01	12.83	12.9	12.8	12.9	112500
2019-08-02	12.9	12.9	12.9	12.9	58200
2019-08-05	12.9	12.9	12.7	12.7	156410
2019-08-06	12.7	12.7	12.55	12.55	180020
2019-08-07	12.55	12.58	12.55	12.58	31800
2019-08-08	12.58	12.62	12.55	12.62	110910
2019-08-09	12.62	12.7	12.62	12.7	95370
2019-08-12	12.71	12.76	12.71	12.76	114680
2019-08-13	12.76	12.77	12.72	12.72	133520
2019-08-14	12.72	12.75	12.72	12.75	105000
2019-08-15	12.73	12.73	12.72	12.72	40000
2019-08-16	12.75	12.88	12.75	12.88	106210
2019-08-19	12.88	12.89	12.86	12.88	135050
2019-08-20	12.88	12.93	12.88	12.93	155250
2019-08-21	12.93	12.95	12.93	12.95	40430
2019-08-22	13.0	13.0	13.0	13.0	98250
2019-08-23	13.02	13.02	12.98	13.0	133000
2019-08-26	13.0	13.0	12.88	12.9	107220
2019-08-27	12.9	13.1	12.9	13.1	135300
2019-08-28	13.0	13.1	12.9	12.9	100200
2019-08-29	12.9	12.9	12.85	12.86	84060
2019-08-30	12.86	12.95	12.86	12.95	115000
2019-09-03	12.95	12.95	12.9	12.9	118760
2019-09-04	12.9	12.9	12.87	12.87	58700
2019-09-05	12.86	12.87	12.86	12.86	100500
2019-09-06	12.86	12.86	12.86	12.86	120920
2019-09-09	12.85	12.85	12.8	12.8	108350
2019-09-10	12.8	12.82	12.8	12.82	105000
2019-09-11	12.82	12.85	12.82	12.83	87190
2019-09-12	12.85	12.87	12.85	12.87	106400
2019-09-13	12.92	12.98	12.92	12.98	116500
2019-09-16	12.98	13.1	12.98	13.0	154230
2019-09-17	13.0	13.1	13.0	13.1	120320
2019-09-18	13.1	13.2	13.1	13.15	120100
2019-09-19	13.2	13.2	13.2	13.2	60810
2019-09-20	13.2	13.25	13.2	13.25	62580
2019-09-23	13.21	13.23	13.21	13.23	113400
2019-09-24	13.18	13.18	13.18	13.18	100000
2019-09-25	13.18	13.18	13.17	13.17	100000
2019-09-26	13.17	13.19	13.16	13.19	86390
2019-09-27	13.2	13.35	13.2	13.35	161010
2019-09-30	13.35	13.36	13.35	13.36	66160
2019-10-01	13.34	13.36	13.34	13.36	75000
2019-10-02	13.37	13.37	13.36	13.36	153730
2019-10-03	13.25	13.25	13.22	13.25	64630
2019-10-04	13.3	13.3	13.28	13.28	115000
2019-10-07	13.25	13.25	13.24	13.24	82920
2019-10-08	13.25	13.25	13.24	13.25	114260
2019-10-09	13.25	13.25	13.23	13.23	51500
2019-10-10	13.23	13.23	13.2	13.2	102870
2019-10-11	13.23	13.23	13.2	13.2	105750
2019-10-14	13.2	13.22	13.2	13.22	72000
2019-10-15	13.25	13.25	13.22	13.22	73800
2019-10-16	13.25	13.28	13.25	13.28	115000
2019-10-17	13.28	13.29	13.27	13.28	121550
2019-10-18	13.23	13.28	13.23	13.28	100100
2019-10-21	13.28	13.28	13.2	13.2	138780
2019-10-22	13.2	13.2	13.17	13.2	110110
2019-10-23	13.2	13.2	13.18	13.18	112010
2019-10-24	13.18	13.3	13.18	13.3	143410
2019-10-25	13.3	13.3	13.28	13.3	78280
2019-10-28	13.3	13.33	13.3	13.33	157140
2019-10-29	13.3	13.36	13.3	13.31	185340
2019-10-30	13.31	13.35	13.3	13.32	118600
2019-10-31	13.34	13.37	13.3	13.3	125640
2019-11-01	13.3	13.5	13.3	13.5	130840
2019-11-04	13.5	13.6	13.5	13.58	179610
2019-11-05	13.58	13.61	13.58	13.61	111350
2019-11-06	13.61	13.67	13.61	13.61	159200
2019-11-07	13.62	13.65	13.62	13.65	110000
2019-11-08	13.65	13.66	13.63	13.63	76510
2019-11-11	13.65	13.66	13.55	13.55	95530
2019-11-12	13.53	13.6	13.53	13.58	74150
2019-11-13	13.58	13.58	13.5	13.5	92700
2019-11-14	13.5	13.51	13.46	13.46	100200
2019-11-15	13.43	13.46	13.43	13.43	80270
2019-11-18	13.43	13.43	13.3	13.3	133370
2019-11-19	13.3	13.3	13.3	13.3	27000
2019-11-20	13.3	13.4	13.27	13.27	116810
2019-11-21	13.27	13.27	13.16	13.16	98960
2019-11-22	13.15	13.16	12.95	12.95	150200
2019-11-25	12.95	12.96	12.93	12.93	107310
2019-11-26	12.93	13.0	12.93	13.0	103060
2019-11-27	13.0	13.1	13.0	13.0	65000
2019-11-28	13.0	13.0	12.85	12.85	128740
2019-11-29	12.85	12.87	12.85	12.87	82600
2019-12-02	12.87	12.87	12.8	12.8	231480
2019-12-03	12.83	12.83	12.7	12.7	130700
2019-12-04	12.7	12.8	12.7	12.8	130100
2019-12-05	12.8	12.8	12.8	12.8	70130
2019-12-06	12.8	12.8	12.8	12.8	95000
2019-12-09	12.8	12.8	12.7	12.8	100890
2019-12-10	12.8	12.8	12.7	12.7	59120
2019-12-11	12.7	12.75	12.65	12.75	93950
2019-12-12	12.75	12.8	12.73	12.8	120020
2019-12-13	12.8	12.8	12.8	12.8	50000
2019-12-16	12.8	12.8	12.73	12.74	127100
2019-12-17	12.74	12.74	12.6	12.6	151440
2019-12-18	12.6	12.6	12.5	12.5	121580
2019-12-19	12.5	12.55	12.45	12.45	124210
2019-12-20	12.48	12.55	12.48	12.55	105360
2019-12-23	12.55	12.6	12.55	12.57	102110
2019-12-24	12.57	12.57	12.57	12.57	50000
2019-12-25	12.57	12.6	12.57	12.6	100000
2019-12-26	12.6	12.65	12.6	12.6	103030
2019-12-27	12.6	12.6	12.57	12.6	90000
2019-12-30	12.64	12.65	12.61	12.65	100000
2019-12-31	12.65	12.65	12.65	12.65	70000
2020-01-02	12.67	12.75	12.66	12.75	106260
2020-01-03	12.75	12.87	12.75	12.87	155480
2020-01-06	12.87	12.87	12.6	12.6	175270
2020-01-07	12.6	12.65	12.58	12.65	79510
2020-01-08	12.6	12.6	12.49	12.5	91460
2020-01-09	12.6	12.65	12.6	12.65	58930
2020-01-10	12.65	12.7	12.65	12.7	110920
2020-01-13	12.73	12.73	12.7	12.7	112200
2020-01-14	12.7	12.75	12.7	12.75	126350
2020-01-15	12.75	12.77	12.75	12.77	112320
2020-01-16	12.95	12.95	12.78	12.82	105260
2020-01-17	12.82	12.9	12.82	12.9	175450
2020-01-20	12.9	12.9	12.88	12.88	105100
2020-01-21	12.88	13.0	12.88	13.0	150000
2020-01-22	13.0	13.05	13.0	13.05	64500
2020-01-30	13.05	13.08	12.6	12.6	277090
2020-01-31	12.63	12.63	12.35	12.35	187790
2020-02-03	12.28	12.28	12.15	12.25	135960
2020-02-04	12.25	12.35	12.2	12.2	165330
2020-02-05	12.2	12.25	12.2	12.2	56880
2020-02-06	12.23	12.4	12.23	12.4	116270
2020-02-07	12.45	12.5	12.4	12.4	115620
2020-02-10	12.4	12.4	12.35	12.4	100770
2020-02-11	12.4	12.45	12.35	12.4	160780
2020-02-12	12.41	12.6	12.4	12.6	103000
2020-02-13	12.6	12.6	12.55	12.6	110000
2020-02-14	12.6	12.61	12.55	12.61	130000
2020-02-17	12.6	12.65	12.55	12.6	130430
2020-02-18	12.6	12.6	12.55	12.55	122000
2020-02-19	12.55	12.56	12.5	12.55	131410
2020-02-20	12.55	12.56	12.55	12.56	89500
2020-02-21	12.6	12.6	12.55	12.55	110600
2020-02-24	12.58	12.58	12.2	12.2	166100
2020-02-25	12.1	12.3	11.95	12.3	190210
2020-02-26	12.3	12.35	12.2	12.3	101960
2020-02-27	12.3	12.4	12.3	12.4	135000
2020-02-28	12.4	12.4	12.0	12.0	111080
2020-03-02	12.0	12.6	11.95	12.2	164920
2020-03-03	12.2	12.4	12.2	12.4	110000
2020-03-04	12.4	12.4	12.3	12.4	100020
2020-03-05	12.4	12.6	12.3	12.3	111020
2020-03-06	12.3	12.3	12.1	12.1	95070
2020-03-09	11.7	11.75	11.4	11.4	123160
2020-03-10	11.0	11.75	11.0	11.5	169390
2020-03-11	11.5	11.6	11.1	11.1	162460
2020-03-12	10.7	10.75	10.55	10.7	105500
2020-03-13	10.7	10.7	10.2	10.7	137830
2020-03-16	10.7	10.8	10.5	10.5	113420
2020-03-17	10.2	10.5	9.95	10.5	147130
2020-03-18	10.5	10.8	10.4	10.4	77100
2020-03-19	10.4	10.4	10.1	10.3	77600
2020-03-20	10.3	10.3	9.95	10.0	80510
2020-03-23	10.0	10.0	9.31	9.31	117050
2020-03-24	9.31	9.4	9.3	9.3	37160
2020-03-25	9.3	9.6	9.3	9.6	132780
2020-03-26	9.6	9.7	9.55	9.55	80900
2020-03-27	9.55	9.55	8.89	9.5	147190
2020-03-30	9.5	9.5	8.85	8.86	138530
2020-03-31	8.86	9.1	8.8	8.8	60020
2020-04-01	8.8	9.2	8.8	9.2	140520
2020-04-03	9.2	9.5	9.2	9.5	107770
2020-04-06	9.5	9.9	9.5	9.9	117330
2020-04-07	10.1	10.2	9.9	10.2	107250
2020-04-08	10.2	10.2	10.09	10.2	76420
2020-04-09	10.2	10.45	10.2	10.4	78050
2020-04-10	10.4	10.5	10.3	10.4	80270
2020-04-13	10.4	10.6	10.4	10.5	86180
2020-04-14	10.5	10.7	10.5	10.7	77230
2020-04-15	10.7	10.9	10.7	10.9	66140
2020-04-16	10.8	10.8	10.8	10.8	46420
2020-04-17	10.8	10.9	10.8	10.9	92190
2020-04-20	10.9	11.3	10.9	11.0	92150
2020-04-21	10.9	10.9	10.7	10.7	69760
2020-04-22	10.6	10.7	10.6	10.7	60000
2020-04-23	10.7	11.0	10.7	10.8	50970
2020-04-24	10.8	10.8	10.6	10.6	141220
2020-04-27	10.62	10.62	10.58	10.58	85290
2020-04-28	10.58	10.6	10.5	10.5	93980
2020-04-29	10.5	10.52	10.5	10.52	30310
2020-05-04	10.52	10.52	10.4	10.4	66620
2020-05-05	10.4	10.4	10.2	10.4	50700
2020-05-06	10.4	10.7	10.4	10.7	83610
2020-05-07	10.7	11.0	10.7	11.0	83200
2020-05-08	11.0	11.5	11.0	11.4	123870
2020-05-11	11.4	11.5	11.4	11.5	74140
2020-05-12	11.5	11.5	11.2	11.5	108680
2020-05-13	11.5	11.5	11.3	11.5	70640
2020-05-14	11.5	11.5	11.5	11.5	54440
2020-05-15	11.5	11.7	11.3	11.3	119560
2020-05-18	11.3	11.5	11.0	11.5	118970
2020-05-19	11.5	11.7	11.5	11.6	176330
2020-05-20	11.6	11.7	11.6	11.7	70150
2020-05-21	11.7	11.8	11.7	11.7	61010
2020-05-22	11.7	11.74	11.6	11.6	50350
2020-05-25	11.6	11.65	11.6	11.65	40770
2020-05-26	11.65	11.85	11.65	11.85	81120
2020-05-27	11.85	11.9	11.8	11.8	58350
2020-05-28	11.8	11.9	11.7	11.8	37770
2020-05-29	11.8	11.88	11.79	11.8	78120
2020-06-01	11.8	11.9	11.8	11.9	54100
2020-06-02	11.9	12.0	11.85	11.85	97940
2020-06-03	11.9	12.0	11.9	12.0	31920
2020-06-04	12.0	12.1	12.0	12.1	50710
2020-06-05	12.1	12.2	12.0	12.1	77800
2020-06-08	12.1	12.3	12.1	12.3	60510
2020-06-09	12.25	12.3	12.25	12.25	72420
2020-06-10	12.25	12.4	12.25	12.25	110150
2020-06-11	12.25	12.3	12.0	12.1	84940
2020-06-12	11.8	12.1	11.6	12.1	101680
2020-06-15	12.1	12.1	11.8	11.8	48790
2020-06-16	11.8	12.0	11.8	11.99	50640
2020-06-17	12.0	12.1	11.7	11.7	70230
2020-06-18	11.63	11.7	11.63	11.7	60000
2020-06-19	11.7	11.75	11.7	11.75	88250
2020-06-22	11.85	11.85	11.3	11.85	93680
2020-06-23	11.85	11.9	11.85	11.9	90280
2020-06-24	11.9	12.3	11.8	11.8	168040
2020-06-25	11.8	11.9	11.7	11.7	83000
2020-06-26	11.7	11.75	11.65	11.65	81390
2020-06-29	11.6	11.62	11.3	11.3	73750
2020-06-30	11.3	11.5	11.3	11.5	40600
2020-07-01	11.4	11.5	11.4	11.5	45000
2020-07-02	11.5	11.6	11.5	11.6	40360
2020-07-03	11.6	11.9	11.25	11.6	131060
2020-07-06	11.6	11.8	11.6	11.8	58160
2020-07-07	11.8	12.0	11.8	11.9	92070
2020-07-08	11.9	11.9	11.8	11.9	58370
2020-07-09	11.9	12.0	11.9	12.0	35100
2020-07-10	12.0	12.2	11.9	11.9	117010
2020-07-13	11.9	11.9	11.8	11.8	52130
2020-07-14	11.8	11.8	11.7	11.7	41070
2020-07-15	11.7	11.8	11.7	11.8	68590
2020-07-16	11.8	11.9	11.8	11.9	54010
2020-07-17	11.9	11.9	11.9	11.9	40000
2020-07-20	11.88	11.88	11.82	11.82	39690
2020-07-21	11.82	11.82	11.75	11.8	41660
2020-07-22	11.8	11.8	11.7	11.7	69010
2020-07-23	11.7	11.7	11.5	11.55	47980
2020-07-24	11.55	11.55	11.2	11.3	70580
2020-07-27	11.3	11.3	10.7	10.7	97670
2020-07-28	10.3	11.0	10.3	11.0	80720
2020-07-29	11.1	11.2	10.7	10.7	58580
2020-07-30	10.8	11.1	10.8	10.9	58460
2020-07-31	10.9	11.0	10.9	10.9	59110
2020-08-03	10.9	11.2	10.9	11.2	96370
2020-08-04	11.2	11.3	11.2	11.3	40530
2020-08-05	11.3	11.5	11.3	11.5	60560
2020-08-06	11.5	11.5	11.3	11.5	71550
2020-08-07	11.5	11.5	11.35	11.4	67430
2020-08-10	11.4	11.79	11.4	11.5	114000
2020-08-11	11.5	11.5	11.49	11.5	51780
2020-08-12	11.5	11.5	11.5	11.5	50000
2020-08-13	11.6	11.6	11.41	11.6	81600
2020-08-14	11.6	11.6	11.6	11.6	35000
2020-08-17	11.6	11.7	11.6	11.7	55150
2020-08-18	11.7	11.8	11.7	11.7	45000
2020-08-19	11.6	11.6	11.6	11.6	30000
2020-08-20	11.6	11.6	11.6	11.6	65160
2020-08-21	11.6	11.8	11.6	11.8	61560
2020-08-24	11.8	11.9	11.7	11.9	111800
2020-08-25	11.9	12.0	11.9	12.0	45600
2020-08-26	12.0	12.1	12.0	12.0	62350
2020-08-27	12.0	12.0	12.0	12.0	57950
2020-08-28	12.0	12.2	11.9	12.2	155000
2020-08-31	12.2	12.2	12.0	12.1	41500
2020-09-01	12.1	12.2	12.1	12.2	54420
2020-09-03	12.2	12.5	12.2	12.4	127010
2020-09-04	12.26	12.3	12.26	12.3	45110
2020-09-07	12.3	12.36	12.2	12.2	127910
2020-09-08	12.2	12.2	12.2	12.2	40890
2020-09-09	12.2	12.2	12.0	12.1	75000
2020-09-10	12.1	12.2	12.1	12.1	65000
2020-09-11	12.1	12.2	12.0	12.2	31450
2020-09-14	12.2	12.3	12.2	12.3	55090
2020-09-15	12.3	12.4	12.3	12.3	85250
2020-09-16	12.3	12.3	12.2	12.3	60800
2020-09-17	12.3	12.4	12.2	12.3	95510
2020-09-18	12.3	12.4	12.3	12.4	90060
2020-09-21	12.42	12.45	12.42	12.45	37810
2020-09-22	12.5	12.5	12.4	12.4	69410
2020-09-23	12.5	12.6	12.5	12.6	64050
2020-09-24	12.64	12.64	12.5	12.5	40950
2020-09-25	12.6	12.6	12.55	12.55	62000
2020-09-28	12.55	12.6	12.55	12.6	49090
2020-09-29	12.6	12.8	12.6	12.6	143870
2020-09-30	12.6	12.7	12.6	12.7	55020
2020-10-01	12.7	12.9	12.7	12.9	94270
2020-10-02	12.8	13.0	12.7	12.7	80700
2020-10-05	12.7	12.9	12.7	12.9	55890
2020-10-06	12.8	12.9	12.8	12.8	68580
2020-10-07	12.8	12.85	12.8	12.85	52050
2020-10-08	12.85	12.85	12.7	12.7	70050
2020-10-09	12.8	12.8	12.8	12.8	31200
2020-10-12	12.8	12.9	12.7	12.9	76010
2020-10-13	12.9	12.9	12.8	12.9	62610
2020-10-14	12.91	13.1	12.91	13.1	108790
2020-10-15	13.1	13.3	13.1	13.2	97260
2020-10-16	13.2	13.2	13.15	13.2	40000
2020-10-19	13.2	13.3	13.1	13.2	60580
2020-10-20	13.2	13.3	12.91	13.2	206910
2020-10-21	13.2	13.4	13.2	13.4	87550
2020-10-22	13.3	13.5	13.3	13.5	62330
2020-10-23	13.5	13.7	13.31	13.7	104850
2020-10-26	13.7	13.7	13.6	13.6	95380
2020-10-27	13.6	13.6	13.5	13.5	61800
2020-10-28	13.5	13.5	13.3	13.3	51890
2020-10-29	13.1	13.1	13.0	13.0	42540
2020-10-30	13.0	13.0	12.9	12.9	25820
2020-11-02	13.1	13.14	13.1	13.14	60650
2020-11-03	13.1	13.2	13.1	13.2	33260
2020-11-04	13.2	13.4	13.2	13.4	76010
2020-11-05	13.3	13.4	13.3	13.4	62880
2020-11-06	13.4	13.4	13.4	13.4	45010
2020-11-09	13.4	13.6	13.4	13.4	78690
2020-11-10	13.4	13.6	13.4	13.6	94430
2020-11-11	13.6	13.6	13.5	13.6	87610
2020-11-12	13.6	13.7	13.6	13.7	62440
2020-11-13	13.8	13.8	13.7	13.8	61870
2020-11-16	13.8	13.9	13.7	13.8	60690
2020-11-17	13.8	13.9	13.7	13.9	50390
2020-11-18	13.9	14.1	13.8	13.9	55410
2020-11-19	13.9	14.0	13.8	14.0	85550
2020-11-20	14.0	14.1	13.81	14.1	70280
2020-11-23	14.1	14.2	14.0	14.2	96290
2020-11-24	14.2	14.5	14.2	14.3	48510
2020-11-25	14.3	14.4	14.3	14.4	56140
2020-11-26	14.4	14.4	14.2	14.2	52740
2020-11-27	14.2	14.2	14.1	14.2	52430
2020-11-30	14.01	14.2	14.01	14.19	54010
2020-12-01	14.19	14.3	13.91	14.3	97870
2020-12-02	14.3	14.4	14.3	14.39	56940
2020-12-03	14.4	14.7	14.4	14.4	53400
2020-12-04	14.45	14.45	14.41	14.41	7680
2020-12-07	14.41	14.5	14.41	14.44	45820
2020-12-08	14.44	14.5	14.31	14.5	75430
2020-12-09	14.5	14.8	14.45	14.8	55210
2020-12-10	14.8	14.8	14.65	14.7	30400
2020-12-11	14.7	14.8	14.7	14.75	36590
2020-12-14	14.75	14.9	14.75	14.9	62880
2020-12-15	15.0	15.0	14.71	15.0	68380
2020-12-16	15.0	15.1	15.0	15.1	37380
2020-12-17	15.1	15.1	15.0	15.0	44100
2020-12-18	15.0	15.3	14.91	15.3	104050
2020-12-21	15.3	15.5	15.3	15.5	40320
2020-12-22	15.5	15.6	15.5	15.6	21560
2020-12-23	15.6	15.8	15.6	15.8	55710
2020-12-24	15.5	15.6	14.91	15.5	132320
2020-12-25	15.5	15.8	15.5	15.8	43610
2020-12-28	15.8	15.9	15.8	15.9	43560
2020-12-29	15.9	16.0	15.8	15.8	79960
2020-12-30	15.8	15.8	15.6	15.6	33480
2020-12-31	15.6	15.8	15.41	15.8	68470
2021-01-04	15.8	16.2	15.8	16.2	66700
2021-01-05	16.2	16.3	16.2	16.3	43600
2021-01-06	16.3	16.6	16.3	16.4	71200
2021-01-07	16.4	16.5	16.11	16.5	111600
2021-01-08	16.5	16.7	16.5	16.7	50500
2021-01-11	16.7	17.0	16.7	17.0	62300
2021-01-12	17.1	17.2	17.0	17.1	99000
2021-01-13	17.1	17.3	16.91	17.2	107800
2021-01-14	17.2	17.3	17.15	17.3	37000
2021-01-15	17.3	17.5	17.3	17.5	57800
2021-01-18	17.5	17.8	17.5	17.6	114400
2021-01-19	17.5	17.5	16.5	16.5	162500
2021-01-20	16.5	16.5	15.41	16.5	91000
2021-01-21	16.5	16.7	16.5	16.7	84300
2021-01-22	16.7	16.9	16.41	16.9	102300
2021-01-25	16.9	17.09	16.9	17.0	74600
2021-01-26	17.0	17.0	16.8	16.8	31000
2021-01-27	16.8	16.9	15.7	15.7	125400
2021-01-28	15.5	15.7	14.64	15.25	115800
2021-01-29	14.3	15.9	14.3	15.8	86700
2021-02-01	15.8	15.9	15.6	15.6	64100
2021-02-02	15.6	15.7	15.5	15.7	34400
2021-02-03	15.7	16.4	15.4	16.4	145800
2021-02-04	16.4	16.5	16.4	16.5	33600
2021-02-05	16.5	16.7	16.5	16.7	66900
2021-02-08	16.8	16.8	15.9	15.9	90500
2021-02-09	15.8	16.3	15.7	16.3	87000
2021-02-17	16.4	16.9	16.4	16.9	107000
2021-02-18	17.0	17.1	17.0	17.1	30500
2021-02-19	17.2	17.3	16.81	17.3	130000
2021-02-22	17.3	17.5	17.3	17.3	49700
2021-02-23	17.3	17.4	17.1	17.3	60200
2021-02-24	17.3	17.6	16.9	16.9	140400
2021-02-25	16.9	17.0	16.9	16.9	72700
2021-02-26	16.9	16.9	16.31	16.9	105800
2021-03-01	17.0	17.4	17.0	17.3	107000
2021-03-02	17.35	17.5	17.35	17.5	38700
2021-03-03	17.5	17.5	17.1	17.4	94800
2021-03-04	17.4	17.5	17.3	17.3	47200
2021-03-05	17.1	17.3	16.9	17.3	40400
2021-03-08	17.3	17.4	17.2	17.2	41300
2021-03-09	17.1	17.2	16.7	16.8	108400
2021-03-10	16.9	17.0	16.9	16.9	43600
2021-03-11	17.0	17.3	16.9	17.3	65100
2021-03-12	17.3	17.5	17.3	17.4	70100
2021-03-15	17.4	17.5	17.0	17.5	93800
2021-03-16	17.5	17.6	17.4	17.4	80100
2021-03-17	17.4	17.5	17.4	17.5	46200
2021-03-18	17.5	17.8	17.5	17.6	84000
2021-03-19	17.6	17.6	17.3	17.6	77900
2021-03-22	17.6	17.6	17.01	17.6	75800
2021-03-23	17.6	17.6	17.2	17.6	83400
2021-03-24	17.6	17.7	17.3	17.7	88700
2021-03-25	17.0	17.4	17.0	17.0	85500
2021-03-26	17.0	17.0	16.5	16.8	96900
2021-03-29	17.0	17.1	17.0	17.1	36700
2021-03-30	17.3	17.5	17.3	17.5	145900
2021-03-31	17.5	17.7	17.4	17.7	48400
2021-04-01	17.6	18.0	17.31	18.0	127700
2021-04-02	18.0	18.3	17.4	18.3	121300
2021-04-05	18.3	18.5	18.3	18.5	39500
2021-04-06	18.6	18.6	18.45	18.5	52100
2021-04-07	18.6	18.7	18.3	18.3	47200
2021-04-08	18.4	18.4	18.25	18.25	14900
2021-04-09	18.25	18.25	18.2	18.2	3000
2021-04-12	18.2	18.7	18.0	18.7	74200
2021-04-13	18.8	18.9	18.8	18.8	14700
2021-04-14	18.77	18.9	18.7	18.9	42400
2021-04-15	19.0	19.0	18.7	18.7	35500
2021-04-16	18.7	18.9	18.6	18.6	15000
2021-04-19	18.7	19.0	18.6	19.0	58600
2021-04-20	19.3	19.5	19.2	19.5	50200
2021-04-22	19.5	19.5	19.3	19.3	35200
2021-04-23	19.0	19.1	18.7	19.1	71800
2021-04-26	19.1	19.2	18.21	18.8	47700
2021-04-27	18.8	18.8	18.5	18.8	7200
2021-04-28	18.7	19.0	18.7	19.0	18600
2021-04-29	19.0	19.1	18.9	19.05	34500
2021-05-04	19.0	19.1	18.7	19.1	41200
2021-05-05	19.3	19.6	19.3	19.6	29500
2021-05-06	19.6	19.6	19.5	19.6	5600
2021-05-07	19.6	19.7	19.3	19.4	46400
2021-05-10	19.4	19.5	19.21	19.5	81200
2021-05-11	19.5	19.8	19.5	19.8	14800
2021-05-12	19.8	19.9	19.6	19.9	22500
2021-05-13	19.9	20.1	19.9	19.9	42300
2021-05-14	19.8	19.9	19.75	19.75	12500
2021-05-17	19.8	19.9	19.75	19.9	47700
2021-05-18	19.9	19.9	19.85	19.85	15900
2021-05-19	19.85	20.2	19.85	20.2	46900
2021-05-20	20.3	20.8	20.2	20.2	85900
2021-05-21	20.4	20.4	20.4	20.4	6600
2021-05-24	20.4	20.4	20.3	20.4	22200
2021-05-25	20.4	20.45	20.4	20.45	20700
2021-05-26	20.7	20.7	20.7	20.7	4900
2021-05-27	20.75	20.8	20.5	20.5	29600
2021-05-28	20.5	20.9	20.31	20.9	51100
2021-05-31	20.95	21.0	20.95	21.0	14500
2021-06-01	21.2	21.4	21.1	21.4	43600
2021-06-02	21.4	21.4	21.2	21.2	53200
2021-06-03	21.2	21.4	21.2	21.4	49600
2021-06-04	21.75	21.75	21.75	21.75	23900
2021-06-07	21.85	21.9	21.7	21.75	55500
2021-06-08	21.75	21.75	21.1	21.1	43800
2021-06-09	21.1	21.2	20.5	21.2	71700
2021-06-10	21.2	21.3	21.2	21.3	31700
2021-06-11	21.3	21.5	21.3	21.5	42000
2021-06-14	21.5	21.85	21.5	21.8	73700
2021-06-15	21.55	21.8	21.55	21.55	5800
2021-06-16	21.55	21.6	21.3	21.3	20500
2021-06-17	21.3	21.3	21.0	21.0	37100
2021-06-18	21.4	21.5	21.4	21.5	16300
2021-06-21	21.5	21.6	21.5	21.6	21100
2021-06-22	21.7	21.7	21.65	21.7	22600
2021-06-23	21.6	21.7	21.6	21.7	16200
2021-06-24	21.7	21.7	21.5	21.5	15200
2021-06-25	21.5	21.5	21.5	21.5	11500
2021-06-28	21.5	21.8	21.5	21.7	41600
2021-06-29	22.0	22.1	22.0	22.1	18600
2021-06-30	22.1	22.2	22.1	22.1	5100
2021-07-01	22.2	22.2	22.1	22.1	34200
2021-07-02	22.1	22.1	22.1	22.1	20500
2021-07-05	22.25	22.25	22.25	22.25	800
2021-07-06	22.6	22.6	22.35	22.5	45500
2021-07-07	22.2	22.3	21.5	21.8	74600
2021-07-08	22.01	22.01	21.6	21.6	50100
2021-07-09	21.6	21.8	21.0	21.0	52800
2021-07-12	21.4	21.4	19.7	20.4	66000
2021-07-13	20.4	20.6	20.2	20.6	29100
2021-07-14	20.7	20.7	20.3	20.4	35300
2021-07-15	20.1	20.6	20.1	20.6	63400
2021-07-16	20.6	20.8	20.6	20.8	23000
2021-07-19	20.8	20.9	20.4	20.9	32000
2021-07-20	20.9	20.9	20.5	20.5	12400
2021-07-21	20.5	20.5	20.4	20.5	14500
2021-07-22	20.5	20.6	20.5	20.6	17000
2021-07-23	20.7	20.9	20.55	20.55	20100
2021-07-26	20.4	20.5	20.3	20.5	30000
2021-07-27	20.45	20.45	20.3	20.45	5000
2021-07-28	20.45	20.45	20.45	20.45	1700
2021-07-29	20.45	20.6	20.45	20.6	19300
2021-07-30	20.7	21.0	20.7	21.0	55600
2021-08-02	21.1	21.3	21.1	21.1	55900
2021-08-03	21.1	21.3	21.0	21.2	48900
2021-08-04	21.2	21.4	21.2	21.2	58300
2021-08-05	21.1	21.3	21.01	21.3	45300
2021-08-06	21.5	21.8	21.5	21.8	29500
2021-08-09	21.79	22.0	21.79	22.0	42200
2021-08-10	22.0	22.5	21.9	22.2	67300
2021-08-11	21.8	21.9	21.8	21.9	17500
2021-08-12	21.65	21.89	21.65	21.89	22800
2021-08-13	21.89	21.89	21.35	21.5	31100
2021-08-16	21.5	21.9	21.5	21.9	85500
2021-08-17	21.9	21.99	21.9	21.99	20400
2021-08-18	21.9	22.0	21.8	22.0	26500
2021-08-19	22.0	22.3	21.9	22.3	42800
2021-08-20	21.9	21.9	21.0	21.1	42700
2021-08-23	20.9	21.1	20.5	21.1	83700
2021-08-24	21.1	21.1	20.9	21.1	14600
2021-08-25	21.1	21.5	21.1	21.5	16400
2021-08-26	21.6	21.6	21.0	21.0	98000
2021-08-27	20.7	20.8	20.7	20.8	34300
2021-08-30	20.8	20.9	20.7	20.9	35500
2021-08-31	21.0	21.0	20.95	21.0	10800
2021-09-01	20.9	20.9	20.8	20.8	12600
2021-09-06	20.8	21.3	20.31	21.3	101300
2021-09-07	21.3	21.3	21.2	21.3	35300
2021-09-08	21.3	21.3	21.2	21.3	27700
2021-09-09	21.3	21.5	21.1	21.1	45500
2021-09-10	21.2	21.2	21.1	21.2	22600
2021-09-13	21.2	21.5	20.5	21.2	116900
2021-09-14	21.2	21.2	21.2	21.2	9200
2021-09-15	21.1	21.3	21.1	21.3	22800
2021-09-16	21.31	22.0	21.3	21.3	74000
2021-09-17	21.3	21.4	21.2	21.4	83200
2021-09-20	21.4	21.6	21.4	21.6	47500
2021-09-21	21.5	21.5	21.3	21.5	23000
2021-09-22	21.5	21.7	21.2	21.7	59100
2021-09-23	21.3	21.4	21.3	21.3	27700
2021-09-24	21.3	21.4	20.8	21.4	60800
2021-09-27	21.5	21.5	21.3	21.5	39800
2021-09-28	21.3	21.7	21.2	21.7	30300
2021-09-29	21.6	22.0	21.5	21.5	62500
2021-09-30	21.5	21.5	21.3	21.3	19400
2021-10-01	21.3	21.3	21.0	21.0	17800
2021-10-04	21.1	21.1	20.71	21.1	47500
2021-10-05	21.2	21.5	21.2	21.5	31400
2021-10-06	21.5	21.6	21.5	21.6	23200
2021-10-07	21.61	22.0	21.5	21.5	67500
2021-10-08	21.5	21.6	20.8	21.6	85700
2021-10-11	21.7	22.2	21.7	22.2	53100
2021-10-12	22.2	22.2	22.1	22.2	1900
2021-10-13	22.19	22.3	21.9	21.9	56500
2021-10-14	22.0	22.0	21.99	21.99	3300
2021-10-15	22.0	22.0	21.8	22.0	41600
2021-10-18	22.0	22.0	21.9	22.0	13300
2021-10-19	22.0	22.1	22.0	22.1	1300
2021-10-20	22.1	22.2	21.9	21.9	23100
2021-10-21	22.0	22.0	21.9	21.9	1500
2021-10-22	21.8	22.0	21.8	22.0	2400
2021-10-25	21.9	21.9	21.7	21.7	22200
2021-10-26	21.7	21.7	21.7	21.7	6700
2021-10-27	21.6	22.1	21.51	22.0	61000
2021-10-28	22.1	22.4	22.1	22.4	10300
2021-10-29	22.4	22.59	22.4	22.59	29700
2021-11-01	22.69	22.8	22.5	22.5	71800
2021-11-02	22.4	22.6	21.5	22.6	82100
2021-11-03	22.6	22.6	22.6	22.6	11600
2021-11-04	22.61	22.8	22.6	22.8	11300
2021-11-05	22.8	23.0	22.6	22.6	41700
2021-11-08	22.6	22.8	22.0	22.8	66100
2021-11-09	22.8	22.81	22.8	22.8	7400
2021-11-10	22.8	22.8	22.7	22.8	7000
2021-11-11	22.8	23.1	22.7	23.1	26500
2021-11-12	22.6	22.8	22.5	22.8	106500
2021-11-15	22.8	22.8	22.75	22.8	3700
2021-11-16	22.7	22.7	22.65	22.65	15000
2021-11-17	22.8	22.8	22.7	22.7	1900
2021-11-18	22.7	22.7	22.6	22.7	9100
2021-11-19	22.7	22.7	22.5	22.5	42300
2021-11-22	22.5	22.6	22.5	22.6	23600
2021-11-23	22.6	22.8	22.6	22.8	14000
2021-11-24	23.0	23.3	23.0	23.3	20700
2021-11-25	23.3	23.5	23.3	23.3	24500
2021-11-26	23.5	23.6	23.4	23.4	27600
2021-11-29	23.3	23.4	23.1	23.1	21500
2021-11-30	23.1	23.5	23.08	23.5	919900
2021-12-01	23.3	23.3	23.09	23.3	104400
2021-12-02	23.3	23.4	23.3	23.4	12100
2021-12-03	23.48	25.03	23.1	23.1	31800
2021-12-06	22.8	22.8	22.0	22.0	29200
2021-12-07	22.0	22.8	22.0	22.8	20000
2021-12-08	22.6	22.8	22.6	22.8	14700
2021-12-09	22.75	22.8	22.7	22.8	22300
2021-12-10	22.9	23.0	22.8	22.8	31900
2021-12-13	22.8	22.9	22.8	22.8	111700
2021-12-14	22.8	22.81	22.8	22.81	1000
2021-12-15	22.7	22.7	22.7	22.7	12900
2021-12-16	22.71	22.71	22.5	22.5	18100
2021-12-17	22.5	22.6	22.3	22.3	1226900
2021-12-20	22.3	22.5	22.11	22.4	37200
2021-12-21	22.5	22.6	22.5	22.5	21400
2021-12-22	22.6	22.8	22.6	22.6	34400
2021-12-23	22.7	22.7	22.0	22.11	110100
2021-12-24	22.11	22.3	22.11	22.3	56800
2021-12-27	22.5	22.6	22.5	22.5	42100
2021-12-28	22.7	22.9	22.7	22.9	86200
2021-12-29	23.0	23.1	22.7	22.7	60500
2021-12-30	22.7	22.7	22.6	22.6	22100
2021-12-31	22.8	22.9	22.6	22.9	46700
2022-01-04	23.0	23.3	22.91	23.3	59200
2022-01-05	23.4	23.5	23.4	23.4	9500
2022-01-06	23.4	23.69	23.4	23.69	21700
2022-01-07	23.69	23.69	23.1	23.1	55300
2022-01-10	23.1	23.1	23.0	23.1	18500
2022-01-11	22.9	22.9	22.75	22.75	6700
2022-01-12	22.69	22.7	22.5	22.7	18300
2022-01-13	22.9	22.9	22.7	22.9	15400
2022-01-14	22.7	22.8	22.7	22.8	4900
2022-01-17	22.8	22.8	22.0	22.0	16400
2022-01-18	22.0	22.0	21.7	21.7	13600
2022-01-19	21.8	22.0	21.8	22.0	5900
2022-01-20	22.0	22.0	22.0	22.0	10900
2022-01-21	22.0	22.0	22.0	22.0	6200
2022-01-24	22.0	22.1	21.5	21.5	24400
2022-01-25	21.5	22.2	21.5	22.0	104800
2022-01-26	22.2	22.2	22.2	22.2	4700
2022-01-27	22.2	22.3	22.2	22.3	10900
2022-01-28	22.2	22.2	22.1	22.1	15500
2022-02-07	22.54	22.7	22.1	22.7	14900
2022-02-08	22.7	22.7	22.5	22.5	4600
2022-02-09	22.68	22.7	22.51	22.7	39900
2022-02-10	22.7	22.7	22.6	22.6	25600
2022-02-11	22.7	22.89	22.65	22.89	23100
2022-02-14	22.8	23.0	22.45	22.45	68300
2022-02-15	22.4	22.4	22.4	22.4	8900
2022-02-16	22.5	22.6	22.4	22.4	22000
2022-02-17	22.4	22.5	22.4	22.5	19700
2022-02-18	22.6	22.7	22.5	22.5	23400
2022-02-21	22.6	22.8	22.5	22.5	49900
2022-02-22	22.6	22.8	22.0	22.8	68700
2022-02-23	22.7	22.8	22.7	22.8	22000
2022-02-24	22.8	22.9	22.63	22.9	16600
2022-02-25	22.9	23.1	22.7	22.7	46200
2022-02-28	22.7	22.7	22.32	22.32	30200
2022-03-01	22.4	22.5	22.3	22.3	32200
2022-03-02	22.4	22.4	22.0	22.0	29700
2022-03-03	22.4	22.4	22.4	22.4	5100
2022-03-04	22.44	22.5	22.3	22.5	9800
2022-03-07	22.5	22.5	22.01	22.5	46000
2022-03-08	22.3	22.5	22.3	22.31	13000
2022-03-09	22.4	22.5	22.31	22.44	15400
2022-03-10	22.5	22.5	22.4	22.5	33100
2022-03-11	22.4	22.5	22.0	22.0	41500
2022-03-14	22.0	22.0	21.6	21.6	36800
2022-03-15	21.6	21.6	21.1	21.6	45100
2022-03-16	21.7	21.7	21.6	21.6	38600
2022-03-17	21.6	21.6	21.6	21.6	16700
2022-03-18	21.7	21.89	21.65	21.7	55300
2022-03-21	21.7	21.9	21.7	21.9	26700
2022-03-22	22.3	22.4	22.3	22.4	13600
2022-03-23	22.4	22.4	22.2	22.2	4700
2022-03-24	22.3	22.3	22.21	22.21	2400
2022-03-25	22.2	22.4	22.1	22.1	20300
2022-03-28	22.09	22.1	22.0	22.1	14100
2022-03-29	22.0	22.0	22.0	22.0	10100
2022-03-30	22.0	22.1	21.75	22.0	38900
2022-03-31	22.1	22.25	22.0	22.0	8300
2022-04-01	22.2	22.7	22.2	22.2	15200
2022-04-04	22.4	22.8	22.4	22.5	8800
2022-04-05	22.7	22.9	22.7	22.8	16200
2022-04-06	22.79	22.9	22.7	22.85	10500
2022-04-07	23.0	23.0	22.6	22.6	39300
2022-04-08	22.61	22.9	22.4	22.4	17400
2022-04-12	22.4	22.45	22.0	22.0	30000
2022-04-13	22.2	22.79	21.56	22.79	14400
2022-04-14	22.6	22.79	22.06	22.06	26100
2022-04-15	22.06	22.4	21.8	21.8	13000
2022-04-18	22.02	22.02	21.5	21.7	23400
2022-04-19	21.7	21.8	21.4	21.4	28900
2022-04-20	21.43	21.8	20.9	20.9	16800
2022-04-21	21.26	22.36	20.7	20.7	26300
2022-04-22	21.4	22.14	20.75	20.75	6200
2022-04-25	21.49	21.5	19.51	19.62	20900
2022-04-26	19.27	20.61	19.0	20.61	15200
2022-05-04	21.8	21.8	20.5	20.5	26000
2022-05-05	20.63	21.81	20.5	21.75	14300
2022-05-06	21.2	22.45	20.27	20.27	42500
2022-05-09	21.2	21.2	19.0	19.0	44800
2022-05-10	19.12	20.33	18.5	19.4	12400
2022-05-11	19.31	20.75	18.17	19.3	13600
2022-05-12	19.8	20.07	18.21	18.3	13900
2022-05-13	18.3	18.73	17.5	17.5	25300
2022-05-16	18.0	18.72	16.77	17.0	27400
2022-05-17	18.1	18.19	17.0	17.0	14400
2022-05-18	18.05	18.19	18.05	18.19	2400
2022-05-19	18.2	18.72	18.0	18.2	6600
2022-05-23	19.77	19.77	17.85	17.85	4900
2022-05-24	18.98	19.02	17.8	18.94	14400
2022-05-25	19.06	20.1	18.0	19.09	19600
2022-05-26	19.71	19.71	19.5	19.5	1300
2022-05-27	19.49	19.96	19.49	19.96	6900
2022-05-30	21.35	21.35	18.57	21.0	37800
2022-05-31	21.0	21.35	19.85	20.0	6800
2022-06-01	21.35	21.4	20.0	20.0	5400
2022-06-02	20.02	21.34	19.0	19.0	21900
2022-06-03	19.7	20.33	19.42	19.42	13400
2022-06-06	19.95	20.65	19.0	19.0	19700
2022-06-07	19.87	19.87	19.0	19.01	11100
2022-06-08	19.95	20.01	19.4	19.4	4100
2022-06-09	19.2	19.2	19.2	19.2	4400
2022-06-10	19.5	19.9	19.02	19.02	3400
2022-06-13	19.02	19.1	18.2	18.74	10600
2022-06-14	18.5	20.05	18.5	19.93	8300
2022-06-15	19.92	20.0	19.25	19.59	3900
2022-06-16	20.14	20.96	18.91	18.91	87800
2022-06-17	20.0	20.22	17.6	17.6	14500
2022-06-20	18.01	18.02	16.47	16.47	23200
2022-06-21	17.0	17.62	15.35	17.62	28100
2022-06-22	18.15	18.8	17.62	17.65	5800
2022-06-23	17.65	18.36	17.45	18.36	7900
2022-06-24	18.36	18.36	17.1	17.25	8400
2022-06-27	18.0	18.38	18.0	18.2	1500
2022-06-28	18.2	18.4	17.3	18.4	3300
2022-06-29	18.4	19.51	18.3	18.34	148700
2022-06-30	19.0	19.6	17.5	17.5	11000
2022-07-01	17.0	18.71	17.0	18.71	35600
2022-07-04	18.71	20.01	17.7	17.7	51100
2022-07-05	18.72	18.9	17.8	17.8	15700
2022-07-06	18.78	19.04	16.56	18.74	46300
2022-07-07	18.0	20.0	18.0	18.54	4900
2022-07-08	18.8	18.84	17.6	17.85	7600
2022-07-11	17.85	18.0	17.5	17.85	12900
2022-07-12	18.0	18.3	17.58	18.0	5100
2022-07-13	18.35	18.35	16.8	18.24	11100
2022-07-14	18.17	18.17	17.7	17.7	900
2022-07-15	16.5	18.4	16.5	17.92	30500
2022-07-18	17.92	17.92	17.51	17.61	5800
2022-07-19	17.92	18.0	17.27	17.29	5600
2022-07-20	17.99	18.0	17.21	17.21	15400
2022-07-21	17.97	17.97	17.3	17.3	8500
2022-07-22	17.3	17.94	17.3	17.79	7300
2022-07-25	17.79	17.79	17.45	17.45	6300
2022-07-26	17.5	17.74	17.21	17.47	6500
2022-07-27	17.47	17.47	17.0	17.3	8500
2022-07-28	17.45	17.7	17.3	17.45	10700
2022-07-29	17.88	17.97	17.41	17.48	7800
2022-08-01	17.5	17.99	16.68	17.99	18900
2022-08-02	17.99	18.12	17.3	18.12	10000
2022-08-03	18.44	18.44	17.71	18.0	10800
2022-08-04	18.0	18.27	18.0	18.26	10200
2022-08-05	18.25	18.3	17.73	18.23	11000
2022-08-08	18.23	18.27	18.1	18.1	7500
2022-08-09	18.33	18.4	18.11	18.39	7700
2022-08-10	18.39	18.4	18.21	18.21	6800
2022-08-11	18.51	18.8	18.2	18.2	12900
2022-08-12	18.21	18.7	18.2	18.32	305900
2022-08-15	18.88	19.01	18.57	19.01	18300
2022-08-16	19.0	20.34	18.86	19.0	304100
2022-08-17	20.3	20.3	19.1	19.1	20400
2022-08-18	20.09	20.09	19.16	19.16	13700
2022-08-19	19.21	20.5	18.26	20.0	333300
2022-08-22	20.0	21.36	19.6	20.0	5900
2022-08-23	19.8	21.4	19.65	20.29	9400
2022-08-24	20.29	20.29	19.7	19.76	5600
2022-08-25	19.75	20.0	19.75	20.0	3700
2022-08-26	20.57	20.7	20.57	20.59	11500
2022-08-29	20.49	20.49	20.0	20.1	10800
2022-08-30	20.87	21.5	19.9	21.49	14500
2022-08-31	21.4	21.4	21.0	21.0	4400
2022-09-05	21.4	21.4	20.0	21.4	18700
2022-09-06	21.41	22.5	20.63	20.63	10000
2022-09-07	21.0	21.0	20.63	20.96	7800
2022-09-08	21.0	21.0	20.9	20.96	6700
2022-09-09	20.06	21.42	20.06	20.91	6800
2022-09-12	20.93	21.7	20.93	21.69	3200
2022-09-13	21.63	21.69	20.7	20.7	11000
2022-09-14	21.93	21.93	20.7	21.9	3400
2022-09-15	21.0	21.9	20.49	21.9	11800
2022-09-16	21.9	21.9	20.7	20.7	14700
2022-09-19	20.29	21.56	19.89	20.56	13700
2022-09-20	20.56	20.97	20.07	20.15	6000
2022-09-21	20.35	20.35	20.25	20.25	3800
2022-09-22	20.25	20.25	18.9	20.0	6500
2022-09-23	20.21	20.21	19.9	19.9	1300
2022-09-26	19.87	20.8	19.6	19.75	6200
2022-09-27	19.75	19.89	18.41	18.41	17000
2022-09-28	18.51	19.35	18.4	18.4	10800
2022-09-29	19.0	19.35	19.0	19.01	6500
2022-09-30	19.0	19.15	18.8	19.0	9500
2022-10-03	19.01	19.01	18.7	18.7	5900
2022-10-04	18.88	18.88	18.4	18.4	8700
2022-10-05	18.88	19.25	17.12	17.2	11200
2022-10-06	18.38	18.4	17.0	18.4	17500
2022-10-07	18.39	18.4	17.39	17.41	5400
2022-10-10	17.42	17.43	17.01	17.01	15600
2022-10-11	17.0	17.41	16.0	16.96	19700
2022-10-12	16.5	17.0	16.5	16.53	15100
2022-10-13	16.54	16.9	15.38	16.79	1402800
2022-10-14	16.78	17.64	15.7	16.0	38800
2022-10-17	15.0	16.77	15.0	16.0	9900
2022-10-18	16.0	16.0	15.95	15.95	15200
2022-10-19	16.0	16.45	15.73	15.73	4900
2022-10-20	15.6	16.0	15.5	15.54	11200
2022-10-21	16.07	16.47	15.33	15.33	11900
2022-10-24	15.35	15.85	14.4	14.44	16600
2022-10-25	15.01	15.01	14.5	14.9	7900
2022-10-26	15.59	15.59	14.7	14.7	8900
2022-10-27	14.72	15.47	14.71	14.95	2000
2022-10-28	15.2	15.89	15.15	15.15	4400
2022-10-31	16.0	16.0	15.15	15.79	2600
2022-11-01	15.8	16.56	15.16	15.16	21900
2022-11-02	15.21	15.55	15.0	15.5	17400
2022-11-03	15.64	15.64	14.85	14.92	1000
2022-11-04	14.92	15.11	14.9	14.91	6800
2022-11-07	14.92	15.3	13.99	13.99	16900
2022-11-08	14.76	14.76	13.1	13.9	10000
2022-11-09	13.97	14.85	13.0	13.0	12000
2022-11-10	13.53	13.87	12.2	12.26	6100
2022-11-11	13.09	13.11	11.86	12.21	20100
2022-11-14	13.05	13.05	11.4	11.6	18300
2022-11-15	11.8	11.8	11.6	11.6	3300
2022-11-16	11.6	12.21	11.0	12.2	15800
2022-11-17	12.98	12.99	12.06	12.06	9200
2022-11-18	12.07	12.89	11.22	11.51	11000
2022-11-21	12.3	12.3	10.8	11.01	20800
2022-11-22	11.2	11.78	10.51	11.78	16200
2022-11-23	12.6	12.6	12.0	12.6	38400
2022-11-24	11.81	13.03	11.81	12.96	34200
2022-11-25	12.96	13.0	12.95	13.0	4200
2022-11-28	13.61	13.9	13.01	13.9	3400
2022-11-29	13.9	14.3	13.9	14.2	11900
2022-11-30	14.24	14.24	13.65	14.16	8700
2022-12-01	14.2	14.61	14.0	14.06	50100
2022-12-02	14.39	15.03	14.39	15.03	4600
2022-12-05	15.94	15.95	15.2	15.95	11700
2022-12-06	15.92	15.92	14.84	14.84	13900
2022-12-07	15.7	15.7	14.65	15.7	3800
2022-12-08	15.68	15.7	15.1	15.1	4400
2022-12-09	15.45	15.45	15.01	15.01	1800
2022-12-12	15.5	15.5	15.0	15.0	7900
2022-12-13	15.5	15.5	15.0	15.0	1300
2022-12-14	15.1	15.1	13.95	14.99	2100
2022-12-15	15.2	15.2	13.95	14.92	15700
2022-12-16	14.1	15.27	14.1	14.25	4200
2022-12-19	14.3	15.19	14.3	14.8	11100
2022-12-20	14.55	14.69	14.2	14.2	5000
2022-12-21	14.2	14.38	14.05	14.05	6300
2022-12-22	14.07	14.07	14.0	14.02	5600
2022-12-23	14.02	14.35	14.0	14.0	10000
2022-12-26	14.0	14.29	13.36	13.4	9900
2022-12-27	13.4	14.09	13.4	13.69	1200
2022-12-28	14.09	14.29	13.5	14.22	7400
2022-12-29	14.02	14.25	13.86	13.86	2300
2022-12-30	14.4	14.4	14.01	14.05	2000
2023-01-03	14.22	14.89	14.11	14.11	13200
2023-01-04	14.92	14.92	14.8	14.88	6300
2023-01-05	14.8	14.8	14.6	14.8	2800
2023-01-06	14.8	15.19	14.31	14.99	24900
2023-01-09	14.37	15.06	14.37	14.76	4200
2023-01-10	14.77	15.15	14.5	14.52	10400
2023-01-11	15.07	15.07	14.6	14.7	5800
2023-01-12	15.25	15.29	14.7	14.7	9800
2023-01-13	14.73	15.26	14.73	14.83	8000
2023-01-16	15.45	15.45	15.01	15.01	5600
2023-01-17	15.1	15.33	15.1	15.33	6100
2023-01-18	15.4	15.8	15.4	15.44	20800
2023-01-19	15.7	16.52	15.65	15.74	32800
2023-01-27	16.44	16.44	15.93	15.93	16600
2023-01-30	15.93	16.4	15.9	15.9	39200
2023-01-31	15.9	16.26	15.62	15.91	4400
2023-02-01	16.49	17.02	15.94	15.94	61600
2023-02-02	15.94	17.0	15.9	15.9	8600
2023-02-03	15.85	17.01	15.85	16.0	22800
2023-02-06	16.5	16.5	15.7	15.7	9300
2023-02-07	16.37	16.37	16.0	16.15	2500
2023-02-08	16.03	16.03	15.3	15.5	5700
2023-02-09	15.8	15.8	15.51	15.51	7900
2023-02-10	15.51	16.29	15.33	15.33	5200
2023-02-13	15.34	16.08	15.33	16.0	10200
2023-02-14	16.0	16.0	15.5	16.0	6000
2023-02-15	15.9	16.6	15.48	15.48	13700
2023-02-16	15.5	16.56	15.5	15.65	11800
2023-02-17	16.59	16.59	15.55	15.55	11400
2023-02-20	15.65	16.01	15.55	16.01	52000
2023-02-21	16.2	16.3	16.1	16.3	10300
2023-02-22	16.2	17.01	16.2	16.21	17600
2023-02-23	16.21	17.31	15.33	16.86	13300
2023-02-24	16.99	16.99	15.7	16.5	4000
2023-02-27	16.49	17.0	15.35	15.43	19300
2023-02-28	16.15	16.15	15.44	15.44	18900
2023-03-01	15.48	16.1	15.48	16.1	8900
2023-03-02	16.2	16.48	16.0	16.48	4900
2023-03-03	16.48	16.5	16.0	16.0	8000
2023-03-06	16.48	16.48	15.46	15.5	15000
2023-03-07	16.5	16.5	15.6	15.61	1700
2023-03-08	16.4	16.98	16.4	16.4	4700
2023-03-09	16.0	16.55	15.5	15.6	16100
2023-03-10	15.64	16.45	15.64	15.7	6900
2023-03-13	15.7	16.1	15.22	15.3	12500
2023-03-14	16.24	16.24	15.32	16.09	2000
2023-03-15	16.09	16.1	15.5	15.95	23000
2023-03-16	15.84	15.84	15.54	15.54	6700
2023-03-17	15.5	15.72	15.5	15.5	6500
2023-03-20	15.51	15.62	14.52	15.34	13600
2023-03-21	15.53	15.53	15.3	15.31	1000
2023-03-22	15.2	15.54	15.2	15.35	6000
2023-03-23	15.89	15.89	15.25	15.7	10100
2023-03-24	15.95	15.95	15.01	15.49	8200
2023-03-27	15.5	15.5	15.0	15.0	3900
2023-03-28	15.01	15.5	14.92	15.2	7100
2023-03-29	15.0	15.47	14.83	15.0	6500
2023-03-30	15.46	16.0	15.0	15.02	21700
2023-03-31	15.83	15.83	15.55	15.55	4400
2023-04-03	15.6	15.6	15.45	15.5	13000
2023-04-04	15.6	15.83	15.5	15.5	9200
2023-04-05	15.5	15.6	14.59	15.4	16100
2023-04-06	15.5	15.75	15.1	15.63	18700
2023-04-07	15.75	15.75	15.08	15.11	16900
2023-04-10	15.7	15.7	15.6	15.65	2000
2023-04-11	15.62	15.7	15.3	15.5	9700
2023-04-12	15.74	15.74	15.3	15.69	10100
2023-04-13	15.95	15.95	15.32	15.33	2500
2023-04-14	15.78	15.79	15.5	15.5	3800
2023-04-17	15.3	15.92	15.12	15.13	13200
2023-04-18	15.69	15.69	15.5	15.51	2200
2023-04-19	15.51	15.8	15.51	15.61	4300
2023-04-20	15.5	15.5	15.5	15.5	1500
2023-04-21	15.49	15.8	15.3	15.3	6900
2023-04-24	16.1	16.1	15.72	15.72	5700
2023-04-25	15.72	15.75	15.4	15.4	10100
2023-04-26	16.1	16.1	15.31	16.05	2400
2023-04-27	16.05	17.17	15.45	15.51	17600
2023-04-28	15.51	16.55	15.51	15.51	1200
2023-05-04	16.31	17.0	15.5	15.52	25300
2023-05-05	16.59	16.59	15.6	16.57	3200
2023-05-08	15.65	17.45	15.6	16.01	11100
2023-05-09	16.69	16.69	16.58	16.58	2000
2023-05-10	16.6	16.6	16.0	16.01	11700
2023-05-11	16.02	16.23	15.81	15.81	8600
2023-05-12	15.8	16.6	15.8	16.0	2300
2023-05-15	16.0	16.99	15.8	15.8	14700
2023-05-16	16.89	16.89	16.4	16.5	6100
2023-05-17	17.39	17.39	16.0	16.03	7000
2023-05-18	16.03	16.27	16.03	16.05	8200
2023-05-19	16.05	16.59	16.05	16.49	2900
2023-05-22	16.1	16.1	16.0	16.0	2700
2023-05-23	16.0	16.85	16.0	16.1	11600
2023-05-24	17.0	17.0	16.66	16.66	800
2023-05-25	16.9	16.9	16.09	16.09	11400
2023-05-26	16.49	16.5	16.05	16.05	1900
2023-05-29	16.2	16.88	16.12	16.88	3000
2023-05-30	16.18	16.85	15.9	16.84	19300
2023-05-31	16.3	17.78	16.3	16.37	6300
2023-06-01	16.38	16.85	16.38	16.39	11000
2023-06-02	16.41	16.75	16.41	16.43	7700
2023-06-05	16.42	16.85	15.6	15.93	22600
2023-06-06	15.97	16.68	15.97	16.05	6400
2023-06-07	16.18	16.7	16.18	16.57	8100
2023-06-08	16.57	16.58	16.1	16.1	13800
2023-06-09	16.49	16.49	16.41	16.42	3000
2023-06-12	16.44	16.65	16.31	16.31	7200
2023-06-13	16.6	17.0	16.3	16.89	9300
2023-06-14	16.89	16.89	16.3	16.3	8000
2023-06-15	17.09	17.09	16.85	16.85	1800
2023-06-16	16.85	17.1	16.85	16.9	6600
2023-06-19	16.9	17.3	16.3	16.3	11600
2023-06-20	16.4	17.0	16.4	16.7	2500
2023-06-21	16.8	16.97	16.4	16.4	5400
2023-06-22	16.9	16.9	16.52	16.53	1600
2023-06-23	16.92	17.13	16.86	16.86	4400
2023-06-26	16.87	16.89	16.58	16.58	9300
2023-06-27	17.25	17.25	16.61	16.61	3200
2023-06-28	16.7	16.87	16.69	16.69	1400
2023-06-29	16.8	16.8	16.7	16.78	7800
2023-06-30	17.48	17.48	16.78	16.8	2400
2023-07-03	16.8	16.92	16.78	16.79	11100
2023-07-04	17.0	17.0	16.65	16.71	9500
2023-07-05	17.09	17.09	16.67	16.67	22100
2023-07-06	16.7	16.7	16.64	16.64	6200
2023-07-07	16.65	17.08	16.64	16.88	3000
2023-07-10	16.88	17.06	16.76	16.76	11100
2023-07-11	17.0	17.06	16.5	17.06	21400
2023-07-12	17.19	17.2	17.06	17.06	5800
2023-07-13	18.0	18.0	17.11	17.83	48600
2023-07-14	17.83	17.95	17.4	17.4	9000
2023-07-17	18.51	18.51	17.41	17.65	4400
2023-07-18	18.25	18.29	17.65	17.65	2100
2023-07-19	17.8	17.8	17.65	17.65	21300
2023-07-20	18.25	18.25	17.65	17.65	4000
2023-07-21	17.66	18.2	17.66	18.0	2800
2023-07-24	18.5	18.5	18.2	18.2	9700
2023-07-25	18.95	18.95	18.2	18.2	11800
2023-07-26	18.6	18.6	18.11	18.28	6800
2023-07-27	18.5	18.5	18.0	18.4	9200
2023-07-28	18.4	18.78	18.2	18.77	8800
2023-07-31	19.43	19.43	19.3	19.3	10900
2023-08-01	20.6	20.6	19.15	19.15	25400
2023-08-02	19.17	20.0	18.9	18.9	11100
2023-08-03	19.99	19.99	18.9	18.9	6300
2023-08-04	19.89	19.89	18.91	18.92	2800
2023-08-07	19.79	19.89	18.93	18.93	26700
2023-08-08	19.06	19.95	19.06	19.5	10300
2023-08-09	19.7	19.9	19.31	19.31	28000
2023-08-10	19.31	19.78	18.8	18.89	36100
2023-08-11	19.88	19.88	18.01	19.0	7500
2023-08-14	18.82	19.8	18.5	18.5	26300
2023-08-15	19.49	19.49	18.52	18.9	33200
2023-08-16	18.9	19.39	18.9	18.9	6700
2023-08-17	18.92	19.34	18.92	18.92	3700
2023-08-18	18.92	19.3	18.5	18.5	14400
2023-08-21	18.49	18.7	18.0	18.11	20500
2023-08-22	18.7	18.7	17.95	18.6	15300
2023-08-23	18.98	18.98	18.59	18.9	9800
2023-08-24	18.9	19.18	18.5	18.5	6200
2023-08-25	18.89	18.89	18.5	18.79	9000
2023-08-28	18.89	18.89	18.49	18.49	14800
2023-08-29	18.51	18.97	18.51	18.8	3300
2023-08-30	18.79	18.98	18.79	18.9	7800
2023-08-31	19.59	19.59	18.91	18.91	5700
2023-09-05	18.93	19.9	18.71	18.99	19800
2023-09-06	19.39	19.39	18.99	18.99	5700
2023-09-07	19.29	19.29	18.81	18.81	8900
2023-09-08	19.57	19.57	19.05	19.05	3100
2023-09-11	19.06	19.29	19.0	19.01	7500
2023-09-12	19.1	19.1	18.51	18.69	14200
2023-09-13	19.0	19.1	18.8	18.8	5300
2023-09-14	19.0	19.14	18.9	19.0	4200
2023-09-15	19.1	19.14	18.6	19.12	6600
2023-09-18	19.0	19.15	18.8	18.8	21600
2023-09-19	19.78	19.78	18.5	19.18	7100
2023-09-20	19.4	19.4	18.9	19.09	8100
2023-09-21	19.45	19.45	18.52	18.52	17300
2023-09-22	18.52	19.25	18.52	19.18	6200
2023-09-25	19.3	19.3	18.75	18.75	3000
2023-09-26	18.74	18.74	18.0	18.6	6700
2023-09-27	18.6	18.96	18.45	18.5	5100
2023-09-28	19.0	19.0	18.0	18.45	24500
2023-09-29	18.74	18.74	18.5	18.55	2800
2023-10-02	18.98	18.98	18.55	18.55	6500
2023-10-03	18.56	18.74	18.4	18.48	4000
2023-10-04	18.0	18.69	18.0	18.6	5000
2023-10-05	18.72	18.72	18.68	18.68	3800
2023-10-06	18.68	19.98	18.65	19.98	15400
2023-10-09	18.67	19.98	18.59	19.81	11600
2023-10-10	19.8	19.8	18.51	19.5	10600
2023-10-11	19.5	19.5	19.49	19.49	1700
2023-10-12	20.5	20.5	18.5	19.0	21100
2023-10-13	19.0	19.45	19.0	19.45	2600
2023-10-16	19.4	19.4	18.3	18.33	8900
2023-10-17	18.35	19.24	18.33	19.19	2900
2023-10-18	19.0	19.1	18.36	18.36	4300
2023-10-19	18.99	18.99	18.36	18.87	3800
2023-10-20	18.85	19.8	17.54	19.42	18900
2023-10-23	19.9	19.9	18.15	18.39	19200
2023-10-24	19.63	19.63	17.11	17.9	94100
2023-10-25	17.9	18.39	16.65	16.65	90300
2023-10-26	17.6	17.6	16.4	16.5	29000
2023-10-27	17.06	17.06	15.8	15.82	34600
2023-10-30	16.75	16.75	15.88	15.9	13600
2023-10-31	16.39	16.39	15.61	15.7	22300
2023-11-01	15.6	16.7	15.6	15.98	9700
2023-11-02	16.71	16.71	15.8	16.49	8200
2023-11-03	17.14	17.14	16.1	16.5	28500
2023-11-06	16.6	17.35	16.3	16.6	11500
2023-11-07	16.99	17.0	16.4	16.4	22500
2023-11-08	16.4	16.67	16.29	16.67	20700
2023-11-09	17.37	17.37	16.68	16.68	20000
2023-11-10	16.79	16.99	16.7	16.8	3300
2023-11-13	16.71	16.98	16.5	16.8	4600
2023-11-14	17.03	17.05	16.99	16.99	3000
2023-11-15	17.0	17.05	17.0	17.03	5400
2023-11-16	17.03	17.05	16.75	16.75	28300
2023-11-17	17.45	17.45	16.69	16.7	9200
2023-11-20	16.11	16.88	16.11	16.51	9800
2023-11-21	17.35	17.35	16.52	16.6	9300
2023-11-22	17.2	17.2	16.66	16.66	5600
2023-11-23	16.66	17.17	16.6	16.98	3400
2023-11-24	16.97	16.97	16.53	16.53	8600
2023-11-27	16.62	17.3	16.62	16.63	2000
2023-11-28	16.6	16.63	16.5	16.63	8300
2023-11-29	16.86	16.86	16.86	16.86	4400
2023-11-30	17.0	17.25	16.9	16.9	4500
2023-12-01	17.29	17.29	16.9	16.92	3600
2023-12-04	17.19	17.19	16.71	16.86	9400
2023-12-05	17.26	17.26	16.86	16.9	9400
2023-12-06	17.1	17.1	16.9	16.9	8200
2023-12-07	17.0	17.0	16.7	16.73	3000
2023-12-08	16.73	17.0	16.73	17.0	3200
2023-12-11	16.86	17.19	16.55	17.0	23200
2023-12-12	17.0	17.35	17.0	17.18	4000
2023-12-13	18.18	18.18	17.1	17.1	15700
2023-12-14	17.3	17.3	17.0	17.09	2300
2023-12-15	16.05	17.26	16.05	17.09	28800
2023-12-18	17.1	17.1	17.0	17.0	7700
2023-12-19	17.0	17.1	17.0	17.0	10500
2023-12-20	16.99	17.09	16.97	16.97	1200
2023-12-21	16.95	17.0	16.95	16.96	1400
2023-12-22	17.0	17.0	16.5	16.52	10100
2023-12-25	16.8	16.8	15.4	16.7	67400
2023-12-26	16.2	16.79	16.2	16.79	27100
2023-12-27	16.79	16.79	16.0	16.65	33300
2023-12-28	16.74	16.75	16.6	16.6	7100
2023-12-29	16.65	16.7	16.6	16.7	10800
2024-01-02	16.99	17.24	16.7	16.98	18300
2024-01-03	16.98	16.99	16.95	16.99	13000
2024-01-04	16.99	17.15	16.99	17.02	11200
2024-01-05	17.1	17.23	17.0	17.0	6700
2024-01-08	17.18	17.18	16.9	17.0	19100
2024-01-09	17.22	17.22	17.0	17.0	18300
2024-01-10	17.23	17.23	17.1	17.1	5700
2024-01-11	17.1	17.2	17.0	17.2	11900
2024-01-12	17.2	17.2	16.86	16.86	8000
2024-01-15	17.13	17.39	16.86	17.18	5900
2024-01-16	17.18	17.18	16.85	16.85	6300
2024-01-17	17.3	17.3	16.97	17.03	1900
2024-01-18	17.05	17.24	17.0	17.13	3900
2024-01-19	17.13	17.39	17.0	17.11	39000
2024-01-22	17.11	17.37	17.11	17.2	5400
2024-01-23	17.35	17.38	17.19	17.29	4800
2024-01-24	17.29	17.29	17.05	17.05	8300
2024-01-25	17.1	17.29	17.06	17.06	8600
2024-01-26	17.06	17.27	16.8	17.27	9100
2024-01-29	17.27	17.29	17.05	17.08	11100
2024-01-30	17.05	17.23	16.92	17.22	3900
2024-01-31	17.22	17.29	17.1	17.1	13400
2024-02-01	17.29	17.29	16.9	16.92	13900
2024-02-02	17.27	17.27	17.24	17.27	5800
2024-02-05	17.27	17.3	16.91	17.29	10700
2024-02-06	17.3	17.31	17.28	17.29	10800
2024-02-07	17.29	17.5	17.29	17.49	10000
2024-02-15	17.49	17.69	17.49	17.65	14300
2024-02-16	17.65	17.8	17.38	17.76	16300
2024-02-19	17.86	17.9	17.77	17.9	16500
2024-02-20	18.27	18.27	17.9	17.95	5100
2024-02-21	18.14	18.14	17.61	17.63	20300
2024-02-22	17.63	17.95	17.6	17.6	15400
2024-02-23	17.6	17.98	17.6	17.6	22300
2024-02-26	17.65	17.79	17.6	17.77	5900
2024-02-27	17.77	17.85	17.77	17.85	9200
2024-02-28	17.85	18.0	17.7	17.97	29900
2024-02-29	17.99	18.05	17.95	17.97	11600
2024-03-01	18.0	18.0	17.8	17.97	12900
2024-03-04	17.97	17.98	17.9	17.9	15200
2024-03-05	17.9	18.2	17.89	18.2	44200
2024-03-06	18.2	18.29	17.9	18.0	21600
2024-03-07	18.15	18.15	18.0	18.0	13300
2024-03-08	18.19	18.19	18.0	18.1	7700
2024-03-11	18.09	18.09	17.8	17.89	17400
2024-03-12	17.88	17.88	17.68	17.8	20000
2024-03-13	17.8	18.05	17.8	17.85	18100
2024-03-14	17.89	18.1	17.89	17.9	6000
2024-03-15	17.9	18.04	17.68	17.81	16100
2024-03-18	17.9	18.08	17.7	17.99	41400
2024-03-19	17.92	18.09	17.1	17.72	21100
2024-03-20	18.1	18.1	17.89	17.91	14500
2024-03-21	17.96	18.09	17.0	17.96	24100
2024-03-22	18.14	18.14	17.98	18.01	22000
2024-03-25	18.06	18.15	18.0	18.0	9100
2024-03-26	18.14	18.15	18.1	18.1	22500
2024-03-27	18.15	18.2	18.0	18.12	3700
2024-03-28	18.14	18.5	17.81	18.2	8900
2024-03-29	18.27	18.27	18.19	18.19	6600
2024-04-01	18.2	18.62	18.0	18.6	182400
2024-04-02	18.6	19.09	18.5	18.92	175700
2024-04-03	18.9	19.2	18.9	19.1	64700
2024-04-04	19.16	19.16	18.93	19.07	12600
2024-04-05	19.01	19.01	18.75	18.85	25000
2024-04-08	19.0	19.5	18.75	18.8	21100
2024-04-09	18.8	18.85	18.78	18.85	10800
2024-04-10	18.9	19.05	18.9	18.9	13700
2024-04-11	18.95	18.95	18.8	18.87	8800
2024-04-12	18.91	19.5	18.9	19.39	36200
2024-04-15	19.38	19.38	18.05	18.05	30100
2024-04-16	19.19	19.2	18.05	19.07	16900
2024-04-17	19.0	19.02	18.5	18.56	4400
2024-04-19	19.2	19.3	17.91	18.04	9000
2024-04-22	19.0	19.17	17.95	19.17	16500
2024-04-23	19.13	19.13	17.83	17.83	49900
2024-04-24	18.08	18.31	18.06	18.31	5000
2024-04-25	18.31	18.7	17.69	18.7	17400
2024-04-26	18.31	18.67	18.28	18.67	14300
2024-05-02	18.2	18.5	18.2	18.46	52900
2024-05-03	18.36	18.66	18.36	18.64	113200
2024-05-06	18.82	18.9	18.64	18.7	37600
2024-05-07	18.71	18.96	18.71	18.76	23300
2024-05-08	18.8	18.95	18.8	18.87	7400
2024-05-09	18.98	19.05	18.9	18.9	12600
2024-05-10	19.0	19.0	18.8	18.8	7600
2024-05-13	18.86	19.1	18.82	19.1	15600
2024-05-14	19.08	19.08	18.6	19.0	10000
2024-05-15	19.0	19.16	19.0	19.16	79600
2024-05-16	19.3	19.4	19.19	19.35	30600
2024-05-17	19.4	19.4	19.31	19.31	14000
2024-05-20	19.4	19.6	19.4	19.45	36000
2024-05-21	19.46	19.5	19.4	19.47	8700
2024-05-22	19.38	19.55	19.26	19.42	18800
2024-05-23	19.42	19.5	19.2	19.5	29500
2024-05-24	19.5	19.5	19.2	19.42	15600
2024-05-27	19.42	19.42	19.1	19.1	26000
2024-05-28	19.39	19.5	19.34	19.5	10700
2024-05-29	19.5	19.5	19.26	19.26	6400
2024-05-30	19.26	19.26	19.01	19.26	15400
2024-05-31	19.13	19.33	19.12	19.33	6400
2024-06-03	19.87	19.87	19.31	19.63	52400
2024-06-04	19.63	19.63	19.5	19.63	5200
2024-06-05	19.63	19.7	19.63	19.63	34100
2024-06-06	19.7	19.7	19.6	19.6	4200
2024-06-07	19.6	19.8	19.6	19.66	34200
2024-06-10	19.66	19.85	19.66	19.78	18600
2024-06-11	19.91	19.91	19.65	19.65	19400
2024-06-12	20.0	20.03	19.7	20.03	32400
2024-06-13	20.03	20.17	20.03	20.07	39600
2024-06-14	20.17	20.18	20.06	20.06	19400
2024-06-17	20.11	20.11	19.76	19.76	37000
2024-06-18	19.8	20.1	19.8	19.82	20900
2024-06-19	19.82	19.9	19.7	19.82	26900
2024-06-20	20.0	20.0	19.84	19.84	5900
2024-06-21	19.89	19.96	19.84	19.91	12600
2024-06-24	21.2	21.2	19.4	19.4	68100
2024-06-25	20.68	20.68	18.9	19.5	46800
2024-06-26	19.56	19.56	19.26	19.45	14700
2024-06-27	19.45	20.81	19.34	19.43	16500
2024-06-28	19.57	19.57	19.2	19.32	58700
2024-07-01	20.66	20.66	19.15	19.34	42300
2024-07-02	19.4	19.98	19.4	19.49	4500
2024-07-03	19.58	19.77	19.53	19.77	6000
2024-07-04	19.59	19.8	19.59	19.77	8300
2024-07-05	19.77	19.88	19.76	19.81	6900
2024-07-08	19.81	19.9	19.75	19.84	21500
2024-07-09	19.84	20.14	19.78	20.0	19700
2024-07-10	20.44	20.44	19.83	19.83	18500
2024-07-11	19.85	19.95	19.75	19.75	11700
2024-07-12	19.98	19.98	19.62	19.78	20200
2024-07-15	19.78	19.78	19.6	19.66	22900
2024-07-16	19.75	19.8	19.65	19.76	15800
2024-07-17	19.8	19.9	19.6	19.62	22300
2024-07-18	19.52	19.72	19.5	19.61	19600
2024-07-19	20.01	20.01	19.6	19.6	9700
2024-07-22	19.98	19.98	19.51	19.6	18200
2024-07-23	19.7	19.7	19.4	19.4	20600
2024-07-24	19.4	19.4	19.22	19.31	16800
2024-07-25	19.31	19.31	19.16	19.17	33900
2024-07-26	19.27	19.83	19.24	19.24	11000
2024-07-29	20.5	20.5	19.45	19.46	8100
2024-07-30	19.46	19.46	19.31	19.31	13900
2024-07-31	19.47	19.55	19.41	19.44	13100
2024-08-01	19.55	19.55	19.1	19.13	26600
2024-08-02	19.12	19.12	18.82	19.1	39300
2024-08-05	19.27	19.5	18.4	18.4	59400
2024-08-06	19.64	19.64	18.39	18.65	22200
2024-08-07	18.65	18.7	18.6	18.7	12100
2024-08-08	18.7	18.7	18.5	18.56	14800
2024-08-09	19.4	19.48	18.62	19.48	34800
2024-08-12	19.48	19.48	18.81	18.98	8600
2024-08-13	19.2	19.2	18.86	18.86	6300
2024-08-14	19.0	19.0	18.99	19.0	27700
2024-08-15	18.99	18.99	18.87	18.87	5900
2024-08-16	18.99	19.29	18.99	19.29	18900
2024-08-19	19.34	19.48	19.34	19.48	11000
2024-08-20	19.23	19.58	19.23	19.56	11200
2024-08-21	19.72	19.74	19.46	19.74	10400
2024-08-22	19.9	19.9	19.7	19.75	3400
2024-08-23	19.75	19.87	19.65	19.65	23800
2024-08-26	19.74	19.88	19.74	19.8	5500
2024-08-27	19.88	19.88	19.77	19.82	11800
2024-08-28	19.82	19.84	19.77	19.82	10500
2024-08-29	19.64	19.92	19.64	19.85	10600
2024-08-30	19.85	20.0	19.85	19.88	15800
2024-09-04	19.87	19.87	19.62	19.64	17200
2024-09-05	19.62	19.76	19.57	19.57	18400
2024-09-06	19.61	19.64	19.58	19.61	3900
2024-09-09	19.64	19.64	19.52	19.56	27900
2024-09-10	19.66	19.66	19.34	19.34	19200
2024-09-11	19.35	20.67	19.31	19.38	8700
2024-09-12	19.4	19.51	19.4	19.49	3200
2024-09-13	19.49	19.49	19.35	19.42	5000
2024-09-16	19.4	19.45	19.27	19.27	41900
2024-09-17	19.48	19.5	19.25	19.5	11000
2024-09-18	19.99	19.99	19.51	19.63	10400
2024-09-19	19.65	19.75	19.65	19.75	4100
2024-09-20	19.85	19.95	19.84	19.84	16300
2024-09-23	19.65	19.88	19.65	19.85	60500
2024-09-24	19.6	19.91	19.6	19.85	26400
2024-09-25	19.9	20.2	19.9	20.07	19000
2024-09-26	20.0	20.32	20.0	20.2	27900
2024-09-27	20.2	20.5	20.17	20.2	3800
2024-09-30	20.09	20.25	20.09	20.2	30700
2024-10-01	20.37	20.49	20.37	20.44	26100
2024-10-02	20.44	20.44	20.2	20.23	25300
2024-10-03	20.42	20.57	20.2	20.35	14200
2024-10-04	20.06	20.2	20.04	20.14	10500
2024-10-07	20.23	20.5	19.95	20.07	16900
2024-10-08	20.07	20.1	20.0	20.0	10600
2024-10-09	20.17	20.25	20.12	20.23	19800
2024-10-10	20.18	20.54	20.18	20.4	23200
2024-10-11	20.4	20.4	20.31	20.32	7500
2024-10-14	20.39	20.5	20.3	20.35	59000
2024-10-15	20.35	20.39	20.18	20.38	9900
2024-10-16	20.98	20.98	20.79	20.79	10400
2024-10-17	20.69	20.69	20.2	20.33	15000
2024-10-18	20.88	20.88	20.3	20.35	11700
2024-10-21	20.35	20.35	20.25	20.25	10600
2024-10-22	20.26	20.26	20.18	20.24	11500
2024-10-23	20.13	20.24	20.02	20.24	9700
2024-10-24	20.1	20.15	19.9	19.9	13000
2024-10-25	19.9	19.94	19.8	19.92	15700
2024-10-28	19.92	20.3	19.75	20.3	17000
2024-10-29	19.92	20.0	19.92	20.0	21700
2024-10-30	20.3	20.3	19.89	20.3	7300
2024-10-31	19.9	20.06	19.9	19.98	8200
2024-11-01	21.0	21.0	20.0	20.7	8600
2024-11-04	20.7	20.7	19.66	19.66	38300
2024-11-05	19.67	19.73	19.65	19.65	25800
2024-11-06	20.97	20.97	19.73	19.99	6600
2024-11-07	20.57	20.57	19.9	19.9	3700
2024-11-08	19.9	19.9	19.68	19.68	12600
2024-11-11	19.68	19.68	19.47	19.56	12500
2024-11-12	19.56	19.9	19.44	19.9	12600
2024-11-13	19.81	19.81	19.37	19.5	29500
2024-11-14	19.44	19.47	19.35	19.35	23400
2024-11-15	19.35	19.35	19.07	19.1	18000
2024-11-18	20.43	20.43	18.85	19.98	23500
2024-11-19	18.89	18.94	18.85	18.85	43600
2024-11-20	20.16	20.16	18.8	19.05	24700
2024-11-21	19.05	19.15	18.92	19.15	3700
2024-11-22	19.31	19.31	19.15	19.15	8900
2024-11-25	19.15	19.27	19.01	19.02	10600
2024-11-26	19.47	19.47	19.32	19.4	8700
2024-11-27	19.39	19.43	19.12	19.12	13900
2024-11-28	19.6	19.6	19.37	19.38	5700
2024-11-29	19.63	19.63	19.32	19.54	5700
2024-12-02	19.54	19.6	19.44	19.54	12300
2024-12-03	19.54	19.57	19.49	19.55	8500
2024-12-04	19.5	19.54	19.43	19.43	8200
2024-12-05	19.59	20.0	19.43	19.95	33400
2024-12-06	19.99	20.02	19.98	20.02	7000
2024-12-09	20.02	20.09	19.88	19.97	8800
2024-12-10	19.97	20.0	19.93	19.94	33400
2024-12-11	20.0	20.01	19.9	19.9	18800
2024-12-12	19.9	20.08	19.9	19.97	11900
2024-12-13	19.9	19.95	19.89	19.91	29300
2024-12-16	19.92	20.36	19.9	19.9	14800
2024-12-17	19.9	19.93	19.86	19.86	7200
2024-12-18	19.87	19.89	19.85	19.85	1800
2024-12-19	19.84	19.84	19.56	19.56	12100
2024-12-20	19.87	19.87	19.66	19.71	19700
2024-12-23	19.84	19.84	19.79	19.79	24000
2024-12-24	19.79	19.79	19.6	19.74	19700
2024-12-25	19.8	20.08	19.8	20.04	33100
2024-12-26	20.1	20.1	19.99	20.04	3300
2024-12-27	20.04	20.13	20.04	20.13	16900
2024-12-30	20.13	20.13	20.0	20.02	19600
2024-12-31	20.03	20.15	20.03	20.1	5400
2025-01-02	20.15	20.25	19.96	20.16	14700
2025-01-03	20.16	20.22	19.77	19.8	15900
2025-01-06	19.62	19.85	19.62	19.7	9600
2025-01-07	19.72	19.78	19.6	19.6	18500
2025-01-08	19.6	19.68	19.5	19.65	7000
2025-01-09	19.65	19.7	19.52	19.56	4700
2025-01-10	19.99	19.99	19.4	19.64	12100
2025-01-13	19.1	19.5	19.1	19.29	23000
2025-01-14	19.34	19.34	19.22	19.29	8800
2025-01-15	19.3	19.9	19.3	19.31	6200
2025-01-16	19.45	19.49	19.36	19.39	15000
2025-01-17	19.5	19.65	19.5	19.65	3000
2025-01-20	19.56	19.7	19.51	19.7	21400
2025-01-21	19.6	19.77	19.5	19.77	8700
2025-01-22	19.76	19.76	19.6	19.6	14600
2025-01-23	19.79	19.92	19.78	19.92	9800
2025-01-24	19.92	20.1	19.88	20.1	24000
2025-02-03	19.99	19.99	19.76	19.82	24200
2025-02-04	19.95	20.0	19.85	19.95	13800
2025-02-05	20.1	20.1	20.0	20.1	15700
2025-02-06	19.98	20.2	19.98	20.1	27100
2025-02-07	19.99	20.29	19.99	20.15	26400
2025-02-10	20.14	20.14	19.9	20.04	12200
2025-02-11	20.0	20.04	19.95	19.99	15900
2025-02-12	20.1	20.1	20.05	20.05	16800
2025-02-13	20.05	20.1	19.96	20.07	26000
2025-02-14	20.2	20.21	20.15	20.15	9200
2025-02-17	20.15	20.15	20.07	20.07	1800
2025-02-18	20.07	20.15	19.98	20.15	12800
2025-02-19	20.12	20.18	19.19	20.15	6000
2025-02-20	20.17	20.29	20.17	20.29	11900
2025-02-21	20.18	20.3	20.18	20.3	10900
2025-02-24	20.25	20.47	20.25	20.25	23300
2025-02-25	20.42	20.45	18.84	20.01	22200
2025-02-26	20.5	20.5	20.01	20.2	17000
2025-02-27	20.47	20.47	20.25	20.26	13600
2025-02-28	20.3	20.47	20.2	20.47	36700
2025-03-03	20.47	20.47	20.32	20.47	25200
2025-03-04	20.58	20.58	20.36	20.55	29500
2025-03-05	20.55	20.67	20.55	20.59	20100
2025-03-06	20.6	20.66	20.2	20.66	18400
2025-03-07	20.7	20.7	20.63	20.7	4800
2025-03-10	20.71	20.91	20.71	20.79	10600
2025-03-11	20.69	20.81	20.64	20.72	17800
2025-03-12	20.97	20.97	20.82	20.87	16300
2025-03-13	20.87	20.87	20.73	20.73	7200
2025-03-14	20.8	20.8	20.72	20.74	15500
2025-03-17	20.23	20.94	20.23	20.94	32400
2025-03-18	20.92	20.92	20.72	20.73	14400
2025-03-19	20.73	20.73	20.59	20.59	6900
2025-03-20	20.88	20.88	20.49	20.49	8800
2025-03-21	20.74	20.74	20.52	20.55	2400
2025-03-24	20.99	20.99	20.49	20.8	12400
2025-03-25	20.81	20.81	20.71	20.78	6600
2025-03-26	20.78	20.79	20.66	20.79	5100
2025-03-27	20.68	20.68	20.52	20.55	9700
2025-03-28	20.77	20.77	20.41	20.71	12300
2025-03-31	20.7	20.7	20.23	20.29	12200
2025-04-01	20.29	20.39	20.27	20.38	8400
