time	open	high	low	close	volume
2020-08-18	11.76	11.76	9.75	10.0	197330
2020-08-19	10.0	10.0	9.73	9.82	6540
2020-08-20	9.84	9.84	9.75	9.77	54180
2020-08-21	9.8	10.45	9.75	9.86	17700
2020-08-24	9.91	10.04	9.91	10.04	104590
2020-08-25	10.04	10.13	10.04	10.13	241110
2020-08-26	10.13	10.13	10.08	10.09	6780
2020-08-27	10.07	10.08	10.04	10.04	2020
2020-08-28	10.13	10.23	10.13	10.23	11310
2020-08-31	10.2	10.24	10.2	10.24	1210
2020-09-01	10.18	10.34	10.18	10.34	2560
2020-09-03	10.34	10.43	10.34	10.4	2950
2020-09-04	10.35	10.4	10.31	10.4	200030
2020-09-07	10.41	10.41	10.25	10.25	50220
2020-09-08	10.22	10.28	10.18	10.28	7330
2020-09-09	10.16	10.28	10.16	10.28	10010
2020-09-10	10.27	10.27	10.23	10.23	1110
2020-09-11	10.21	10.26	10.21	10.26	7100
2020-09-14	10.3	10.3	10.26	10.28	120
2020-09-15	10.9	10.9	10.29	10.31	100340
2020-09-16	10.34	10.34	10.34	10.34	50
2020-09-17	10.35	10.35	10.35	10.35	430
2020-09-18	10.37	10.44	10.37	10.44	425670
2020-09-21	10.5	10.52	10.5	10.5	50230
2020-09-22	10.5	10.55	10.5	10.55	30
2020-09-23	10.62	10.62	10.58	10.6	191510
2020-09-24	10.59	10.59	10.56	10.59	460
2020-09-25	10.55	10.55	10.55	10.55	1220
2020-09-28	10.64	10.65	10.62	10.65	51220
2020-09-29	10.65	10.76	10.57	10.66	469070
2020-09-30	10.61	10.68	10.61	10.68	196600
2020-10-01	10.7	10.71	10.66	10.71	30
2020-10-02	10.75	10.75	10.57	10.68	382250
2020-10-05	10.71	10.75	10.71	10.75	4970
2020-10-06	10.79	10.79	10.71	10.77	252060
2020-10-07	10.78	10.83	10.74	10.82	749510
2020-10-08	10.77	10.77	10.72	10.77	3810
2020-10-09	10.76	10.77	10.76	10.77	200000
2020-10-12	10.86	10.86	10.84	10.84	10920
2020-10-13	10.84	10.91	10.82	10.91	470
2020-10-14	10.91	11.0	10.91	11.0	4250
2020-10-15	11.06	11.09	11.06	11.09	48010
2020-10-16	11.11	11.22	11.01	11.11	137980
2020-10-19	11.17	11.17	11.15	11.15	303230
2020-10-20	11.15	11.21	11.15	11.19	800500
2020-10-21	11.24	11.36	11.2	11.2	402320
2020-10-22	11.17	11.26	11.16	11.26	331300
2020-10-23	11.42	12.02	11.42	12.02	347150
2020-10-26	12.02	12.02	11.56	11.56	1590
2020-10-27	11.36	11.49	11.36	11.36	2540
2020-10-28	11.25	11.33	11.09	11.14	1310
2020-10-29	11.02	11.02	10.92	10.92	1350
2020-10-30	11.0	11.02	10.91	11.02	169980
2020-11-02	11.05	11.08	11.03	11.08	151340
2020-11-03	11.13	11.16	11.09	11.09	529910
2020-11-04	11.2	11.24	11.17	11.24	730
2020-11-05	11.22	11.32	11.22	11.22	83630
2020-11-06	11.14	11.2	11.14	11.2	110
2020-11-09	11.2	11.25	11.2	11.25	196060
2020-11-10	11.6	12.0	11.28	12.0	480800
2020-11-11	11.34	11.42	11.34	11.42	3310
2020-11-12	11.42	11.48	11.35	11.48	1440
2020-11-13	11.37	11.58	11.37	11.58	110
2020-11-16	11.58	11.58	11.39	11.42	720
2020-11-17	11.41	11.61	11.39	11.61	2400
2020-11-18	11.56	11.65	11.52	11.65	146570
2020-11-19	11.64	11.7	11.64	11.7	30
2020-11-20	11.7	11.82	11.62	11.82	80160
2020-11-23	11.82	11.92	11.73	11.92	21750
2020-11-24	11.85	11.9	11.73	11.9	241910
2020-11-25	11.88	11.92	11.84	11.92	106440
2020-11-26	11.84	11.94	11.77	11.94	196070
2020-11-27	11.89	12.02	11.89	12.02	61930
2020-11-30	12.02	12.02	11.96	12.0	72260
2020-12-01	11.83	12.07	11.83	12.07	29910
2020-12-02	12.08	12.15	12.08	12.15	110
2020-12-03	12.11	12.22	12.1	12.22	210
2020-12-04	12.22	12.22	12.15	12.2	770
2020-12-07	12.22	12.29	12.15	12.29	1930
2020-12-08	12.23	12.3	12.23	12.27	23180
2020-12-09	12.12	12.41	12.12	12.41	116180
2020-12-10	12.42	12.45	12.34	12.35	5480
2020-12-11	12.32	12.52	12.29	12.52	3160
2020-12-14	12.63	13.3	12.52	12.68	42160
2020-12-15	12.59	12.59	12.5	12.5	3440
2020-12-16	12.5	12.72	12.2	12.71	52770
2020-12-17	11.84	13.0	11.84	12.56	34900
2020-12-18	12.79	12.89	12.68	12.89	301230
2020-12-21	13.6	13.6	12.84	13.05	480
2020-12-22	13.05	13.05	12.91	13.0	5910
2020-12-23	13.0	13.0	12.97	12.98	15820
2020-12-24	12.98	12.98	12.59	12.59	1940
2020-12-25	12.83	13.0	12.75	13.0	3430
2020-12-28	13.0	13.02	13.0	13.02	1310
2020-12-29	13.05	13.07	13.05	13.07	930
2020-12-30	13.15	13.18	13.14	13.18	100
2020-12-31	13.1	13.33	13.1	13.33	2800
2021-01-04	13.43	13.43	13.41	13.41	800
2021-01-05	13.58	13.58	13.58	13.58	1700
2021-01-06	13.6	13.8	13.6	13.8	15800
2021-01-07	13.92	13.96	13.92	13.96	3300
2021-01-08	14.04	14.25	14.04	14.17	102100
2021-01-11	14.35	14.39	14.35	14.38	47500
2021-01-12	14.35	14.46	14.24	14.46	19400
2021-01-13	14.8	14.8	14.5	14.5	6700
2021-01-14	14.44	14.44	14.35	14.35	500
2021-01-15	14.53	14.54	14.53	14.54	1600
2021-01-18	14.6	14.61	14.58	14.59	39600
2021-01-19	14.6	14.91	13.96	13.96	15800
2021-01-20	13.82	13.82	13.5	13.8	2100
2021-01-21	13.8	14.23	13.8	14.23	42900
2021-01-22	14.23	14.34	14.23	14.26	3200
2021-01-25	14.23	14.34	14.23	14.34	21400
2021-01-26	14.23	14.23	13.81	13.81	23000
2021-01-27	13.81	13.81	13.52	13.52	300
2021-01-28	13.56	13.56	12.7	12.9	700
2021-01-29	12.38	13.17	12.38	13.17	400
2021-02-01	13.97	13.97	13.05	13.2	5300
2021-02-02	12.74	13.12	12.74	13.12	700
2021-02-03	13.5	13.81	13.5	13.81	500
2021-02-04	13.65	13.89	13.6	13.85	92800
2021-02-05	14.13	14.19	13.85	14.19	24900
2021-02-08	13.5	14.21	13.5	13.56	62400
2021-02-09	13.91	13.97	13.91	13.97	10700
2021-02-17	14.19	14.5	14.12	14.5	10900
2021-02-18	14.61	14.76	14.61	14.75	9500
2021-02-19	14.64	14.8	14.64	14.75	4200
2021-02-22	14.8	14.87	14.69	14.69	12300
2021-02-23	14.76	14.81	14.76	14.76	3800
2021-02-24	14.88	14.88	14.5	14.5	44200
2021-02-25	14.67	14.67	14.5	14.5	3200
2021-02-26	14.5	14.51	14.47	14.47	1500
2021-03-01	14.75	14.85	14.54	14.84	28000
2021-03-02	15.0	15.1	14.87	14.92	49800
2021-03-03	14.92	14.95	14.9	14.9	1400
2021-03-04	14.65	15.0	14.52	14.59	1200
2021-03-05	14.5	14.54	14.48	14.54	1900
2021-03-08	14.7	14.7	14.64	14.64	1200
2021-03-09	14.45	14.54	14.17	14.54	2400
2021-03-10	14.54	14.65	14.48	14.65	11800
2021-03-11	14.8	14.84	14.76	14.78	2800
2021-03-12	14.84	14.91	14.31	14.84	33600
2021-03-15	14.81	14.9	14.81	14.81	118500
2021-03-16	14.86	14.86	14.67	14.73	4200
2021-03-17	14.78	14.81	14.78	14.81	500
2021-03-18	15.01	15.07	15.0	15.07	24500
2021-03-19	15.0	15.11	14.97	14.97	45100
2021-03-22	15.01	15.01	14.88	15.0	3600
2021-03-23	14.9	14.92	14.8	14.85	3800
2021-03-24	14.5	14.67	14.5	14.5	7700
2021-03-25	14.63	14.63	14.5	14.58	5700
2021-03-26	14.24	14.58	14.21	14.3	1700
2021-03-29	14.3	14.58	14.3	14.58	600
2021-03-30	15.59	15.59	14.76	14.83	3900
2021-03-31	14.93	15.0	14.92	15.0	2500
2021-04-01	14.98	15.2	14.98	15.2	2300
2021-04-02	15.46	15.46	15.34	15.34	1500
2021-04-05	15.39	15.6	15.37	15.6	2500
2021-04-06	15.55	15.74	15.55	15.64	27400
2021-04-07	15.7	15.7	15.6	15.6	5600
2021-04-08	15.68	15.69	15.6	15.69	400
2021-04-09	15.58	15.6	15.51	15.6	24800
2021-04-12	15.67	15.9	15.6	15.9	107600
2021-04-13	16.0	16.15	15.94	15.94	166300
2021-04-14	15.85	16.0	15.8	16.0	5700
2021-04-15	16.18	16.25	16.03	16.1	15300
2021-04-16	16.04	16.04	15.94	15.95	113900
2021-04-19	15.95	16.24	15.89	16.22	8500
2021-04-20	16.49	16.55	16.36	16.36	5500
2021-04-22	16.36	16.39	15.96	15.96	6600
2021-04-23	15.85	16.1	15.8	16.08	6800
2021-04-26	16.22	16.22	15.84	16.0	37000
2021-04-27	16.0	16.0	15.82	15.98	44900
2021-04-28	15.98	16.14	15.96	15.96	91500
2021-04-29	16.23	16.31	16.17	16.24	43100
2021-05-04	16.24	16.48	16.12	16.48	5000
2021-05-05	16.7	16.86	16.7	16.84	61100
2021-05-06	16.84	16.87	16.69	16.8	14400
2021-05-07	16.8	16.8	16.6	16.68	10300
2021-05-10	16.68	17.0	16.68	17.0	800
2021-05-11	17.11	17.16	17.05	17.05	12500
2021-05-12	16.92	17.06	16.9	17.05	113500
2021-05-13	17.2	17.2	17.12	17.17	600
2021-05-14	17.2	17.21	17.17	17.2	53900
2021-05-17	17.2	17.83	17.09	17.22	63200
2021-05-18	17.14	17.2	17.07	17.2	8800
2021-05-19	17.22	17.39	17.22	17.39	1200
2021-05-20	17.85	18.0	17.4	18.0	31100
2021-05-21	18.0	18.0	17.72	17.78	54100
2021-05-24	17.85	17.85	17.77	17.77	18400
2021-05-25	17.77	18.01	17.72	18.0	26000
2021-05-26	18.0	18.09	17.5	17.61	19000
2021-05-27	17.61	18.12	17.6	17.6	9800
2021-05-28	17.62	18.06	17.62	18.06	2200
2021-05-31	18.0	18.25	17.98	18.19	57300
2021-06-01	18.1	18.6	18.1	18.59	4200
2021-06-02	18.7	18.71	18.58	18.71	20400
2021-06-03	18.6	18.7	18.15	18.7	103200
2021-06-04	18.7	18.94	18.7	18.71	5800
2021-06-07	18.71	19.03	18.71	19.03	33700
2021-06-08	19.0	19.0	18.7	18.8	13600
2021-06-09	18.8	18.8	17.6	18.8	6300
2021-06-10	20.0	20.0	18.5	18.58	8000
2021-06-11	18.34	18.48	18.24	18.45	11800
2021-06-14	18.56	18.7	18.56	18.7	4200
2021-06-15	18.7	18.7	18.55	18.6	1200
2021-06-16	18.5	18.5	18.32	18.35	9400
2021-06-17	18.35	18.35	18.0	18.22	5700
2021-06-18	18.22	18.4	18.22	18.4	1200
2021-06-21	18.45	18.45	18.28	18.45	42700
2021-06-22	18.7	18.7	18.59	18.65	4800
2021-06-23	18.65	18.78	18.65	18.7	10000
2021-06-24	18.61	18.65	18.61	18.65	1400
2021-06-25	18.67	18.72	18.67	18.72	9600
2021-06-28	18.77	18.9	18.77	18.9	17900
2021-06-29	18.98	19.06	18.94	19.03	108200
2021-06-30	19.14	19.18	19.07	19.07	18900
2021-07-01	19.09	19.2	19.0	19.16	11700
2021-07-02	19.33	20.5	19.31	19.32	3800
2021-07-05	19.32	19.41	19.2	19.41	15000
2021-07-06	19.57	19.57	19.33	19.33	8400
2021-07-07	18.77	18.96	18.7	18.96	5100
2021-07-08	18.98	19.07	18.81	18.81	13400
2021-07-09	18.81	18.96	18.48	18.58	7800
2021-07-12	19.87	19.87	17.71	17.8	25300
2021-07-13	18.0	18.08	17.95	18.06	8900
2021-07-14	18.06	19.32	17.5	19.32	24200
2021-07-15	18.06	18.25	18.06	18.18	20700
2021-07-16	18.5	18.5	17.95	18.23	14300
2021-07-19	18.23	18.23	17.22	17.36	25700
2021-07-20	17.36	17.8	16.96	17.8	5000
2021-07-21	18.07	18.07	17.43	18.0	8200
2021-07-22	17.55	17.88	17.55	17.88	23000
2021-07-23	17.65	19.13	17.6	19.13	8800
2021-07-26	17.88	19.11	17.84	17.94	8600
2021-07-27	17.59	17.81	17.53	17.81	65600
2021-07-28	18.2	18.2	17.48	17.7	5200
2021-07-29	18.36	18.36	17.61	17.74	14500
2021-07-30	17.75	18.2	17.75	18.2	54800
2021-08-02	18.19	19.29	18.14	19.29	23700
2021-08-03	18.9	18.9	18.2	18.8	63000
2021-08-04	18.8	19.0	18.43	19.0	25900
2021-08-05	18.75	19.5	18.7	19.5	26800
2021-08-06	19.5	20.85	18.7	20.85	39200
2021-08-09	19.4	20.85	19.4	20.85	61900
2021-08-10	20.85	20.85	19.5	19.5	34400
2021-08-11	19.45	19.45	18.71	18.71	69100
2021-08-12	18.71	18.82	18.5	18.82	32600
2021-08-13	18.82	18.82	18.3	18.3	17700
2021-08-16	18.9	19.58	18.49	19.58	59800
2021-08-17	19.58	20.6	18.55	20.6	61000
2021-08-18	20.45	20.45	19.19	19.25	32500
2021-08-19	19.0	19.4	18.43	19.4	68700
2021-08-20	18.5	18.67	18.46	18.67	75600
2021-08-23	18.8	19.97	17.75	19.97	85500
2021-08-24	19.45	19.45	18.58	19.0	28300
2021-08-25	19.0	19.0	17.74	19.0	75400
2021-08-26	19.3	19.5	17.69	19.5	238600
2021-08-27	18.3	18.31	18.14	18.17	46500
2021-08-30	17.7	18.14	17.7	17.8	73600
2021-08-31	17.8	17.88	17.8	17.8	58600
2021-09-01	17.8	18.0	17.7	18.0	23800
2021-09-06	18.0	18.1	17.74	18.1	51000
2021-09-07	18.1	18.22	17.9	18.22	59800
2021-09-08	18.1	18.2	17.83	18.2	34300
2021-09-09	18.13	18.13	17.8	18.0	22300
2021-09-10	18.01	18.05	17.81	17.81	10600
2021-09-13	17.94	18.2	17.85	18.2	122200
2021-09-14	17.92	18.05	17.88	18.05	53400
2021-09-15	17.9	18.02	17.88	17.88	13800
2021-09-16	17.91	18.06	17.9	18.0	25800
2021-09-17	18.02	18.15	18.02	18.15	38400
2021-09-20	18.2	18.26	18.14	18.26	20300
2021-09-21	18.25	18.6	17.8	18.6	19000
2021-09-22	18.3	18.4	17.89	18.4	20800
2021-09-23	18.38	18.38	18.03	18.3	17200
2021-09-24	18.14	18.43	18.03	18.43	8100
2021-09-27	19.5	19.5	17.95	18.5	40600
2021-09-28	17.92	17.97	17.84	17.97	11600
2021-09-29	18.05	18.5	17.89	18.5	18800
2021-09-30	18.5	18.5	18.06	18.49	27700
2021-10-01	18.4	18.43	17.96	18.43	20500
2021-10-04	18.29	18.5	17.82	18.5	31000
2021-10-05	17.89	18.3	17.89	18.3	13200
2021-10-06	18.29	18.29	18.0	18.0	20600
2021-10-07	18.16	18.24	18.14	18.24	9600
2021-10-08	18.0	18.38	18.0	18.38	4600
2021-10-11	18.41	19.0	18.41	19.0	43000
2021-10-12	19.0	19.0	18.51	18.51	23600
2021-10-13	18.8	18.87	18.71	18.8	62400
2021-10-14	18.68	20.11	18.65	19.49	80000
2021-10-15	19.46	19.46	18.77	18.78	30800
2021-10-18	18.78	19.98	18.73	19.98	20200
2021-10-19	18.7	19.4	18.67	19.4	23800
2021-10-20	18.78	19.5	18.64	19.5	33600
2021-10-21	18.8	18.8	18.6	18.62	133900
2021-10-22	18.91	19.5	18.45	19.5	32200
2021-10-25	19.19	19.3	18.42	18.45	165900
2021-10-26	18.69	18.69	18.2	18.4	57600
2021-10-27	18.65	18.8	18.4	18.8	203400
2021-10-28	18.8	18.9	18.74	18.86	168400
2021-10-29	18.89	18.9	18.74	18.9	203200
2021-11-01	18.92	18.92	18.79	18.81	46000
2021-11-02	18.79	18.9	18.77	18.84	198800
2021-11-03	18.84	18.94	18.77	18.77	39300
2021-11-04	18.78	18.99	18.78	18.95	8900
2021-11-05	19.0	19.0	18.85	18.9	6000
2021-11-08	19.0	19.04	18.97	19.03	39400
2021-11-09	19.0	19.09	18.81	19.09	45300
2021-11-10	18.85	19.09	18.84	19.09	27400
2021-11-11	19.0	19.04	18.7	19.04	21900
2021-11-12	18.81	18.95	18.66	18.95	13000
2021-11-15	18.92	18.95	18.87	18.93	5500
2021-11-16	18.93	18.93	18.0	18.93	16500
2021-11-17	18.93	18.93	18.75	18.92	6500
2021-11-18	18.92	20.23	17.96	20.23	44900
2021-11-19	18.82	18.94	18.82	18.94	24800
2021-11-22	18.94	18.94	18.53	18.67	43400
2021-11-23	17.97	18.9	17.97	18.9	8900
2021-11-24	18.97	19.46	18.97	19.46	15400
2021-11-25	19.4	19.48	19.27	19.27	19500
2021-11-26	19.28	19.55	19.28	19.34	20500
2021-11-29	19.29	19.31	19.07	19.31	7800
2021-11-30	19.31	19.45	19.07	19.26	10900
2021-12-01	19.3	19.44	19.05	19.44	9400
2021-12-02	19.26	19.38	19.18	19.18	7000
2021-12-03	19.19	19.2	18.95	19.2	8500
2021-12-06	19.19	20.32	18.29	20.32	43900
2021-12-07	19.5	19.5	19.0	19.13	28300
2021-12-08	19.05	19.05	18.76	18.79	20000
2021-12-09	18.79	18.98	18.78	18.78	8900
2021-12-10	18.92	19.49	18.8	19.49	9100
2021-12-13	19.47	19.47	18.83	19.38	18900
2021-12-14	19.0	19.17	18.79	19.17	30300
2021-12-15	19.01	19.01	18.76	19.0	31200
2021-12-16	19.01	19.01	18.71	19.0	13900
2021-12-17	18.75	18.85	18.71	18.71	17700
2021-12-20	18.83	18.85	18.62	18.85	14400
2021-12-21	18.85	18.85	18.67	18.7	8300
2021-12-22	18.91	18.91	18.6	18.7	17000
2021-12-23	18.71	18.71	18.15	18.15	18100
2021-12-24	18.28	18.8	18.28	18.8	18900
2021-12-27	18.8	18.8	18.5	18.8	10600
2021-12-28	18.8	18.85	18.7	18.85	4800
2021-12-29	18.85	18.98	18.62	18.62	16900
2021-12-30	18.99	18.99	18.72	18.72	7200
2021-12-31	18.78	19.03	18.78	19.0	26200
2022-01-04	19.0	19.29	19.0	19.26	19600
2022-01-05	19.25	19.27	19.0	19.0	10600
2022-01-06	19.0	19.2	19.0	19.01	11800
2022-01-07	19.23	19.23	18.6	18.6	8500
2022-01-10	18.82	19.04	18.82	19.0	12800
2022-01-11	18.93	18.93	18.51	18.51	17000
2022-01-12	18.5	19.18	18.46	19.18	17200
2022-01-13	19.03	19.17	19.01	19.02	5100
2022-01-14	18.95	18.95	18.8	18.8	7500
2022-01-17	19.09	19.09	18.39	18.55	10700
2022-01-18	18.49	18.59	18.24	18.59	24500
2022-01-19	18.59	18.7	18.33	18.7	18200
2022-01-20	18.54	19.0	18.32	19.0	8800
2022-01-21	19.0	19.0	18.5	18.99	12500
2022-01-24	18.67	18.98	18.2	18.98	24300
2022-01-25	18.37	18.95	18.2	18.95	14200
2022-01-26	18.94	18.95	18.72	18.95	7500
2022-01-27	18.88	18.88	18.6	18.79	10400
2022-01-28	18.78	18.98	18.78	18.92	5800
2022-02-07	18.85	19.21	18.85	19.21	14600
2022-02-08	19.17	19.17	18.93	18.93	9500
2022-02-09	19.08	19.28	18.77	18.77	13200
2022-02-10	19.03	19.15	19.0	19.15	6300
2022-02-11	19.12	19.23	19.05	19.23	6300
2022-02-14	19.23	19.23	18.85	18.92	42900
2022-02-15	18.73	18.9	18.73	18.9	7000
2022-02-16	18.98	18.98	18.8	18.82	14800
2022-02-17	18.89	19.05	18.89	19.05	4500
2022-02-18	19.04	19.04	18.8	18.8	17600
2022-02-21	18.9	18.95	18.86	18.9	11500
2022-02-22	18.8	18.98	18.65	18.98	24000
2022-02-23	18.7	19.14	18.7	18.82	17400
2022-02-24	18.95	19.0	18.5	18.5	27100
2022-02-25	18.8	19.03	18.8	18.89	21800
2022-02-28	18.9	19.2	18.72	19.2	19900
2022-03-01	18.87	18.87	18.72	18.72	17800
2022-03-02	18.85	18.85	18.6	18.8	18500
2022-03-03	18.8	18.8	18.66	18.8	16500
2022-03-04	18.8	18.82	18.7	18.7	18200
2022-03-07	18.7	18.7	18.58	18.61	11100
2022-03-08	18.61	18.68	18.45	18.45	27700
2022-03-09	18.45	18.64	18.45	18.64	4000
2022-03-10	18.72	18.72	18.54	18.68	35400
2022-03-11	18.5	18.6	18.31	18.6	21600
2022-03-14	18.61	18.61	18.02	18.6	21900
2022-03-15	18.17	18.59	18.1	18.59	28400
2022-03-16	18.59	18.59	18.2	18.55	13400
2022-03-17	18.54	18.55	18.27	18.55	17600
2022-03-18	18.3	18.48	18.3	18.48	1500
2022-03-21	18.55	18.55	18.32	18.51	6400
2022-03-22	18.5	18.6	18.29	18.53	115300
2022-03-23	18.43	18.7	18.43	18.5	315800
2022-03-24	18.5	18.51	18.46	18.51	46200
2022-03-25	18.74	18.74	18.45	18.46	17100
2022-03-28	18.46	18.47	18.24	18.31	24200
2022-03-29	18.33	18.42	18.33	18.42	248400
2022-03-30	18.42	18.6	18.3	18.3	205600
2022-03-31	18.44	18.7	18.43	18.7	81800
2022-04-01	18.43	18.97	18.43	18.68	18700
2022-04-04	18.97	19.15	18.55	18.55	27100
2022-04-05	18.95	19.0	18.55	18.55	42000
2022-04-06	18.57	19.14	18.57	18.63	56800
2022-04-07	19.02	19.1	18.66	18.66	18900
2022-04-08	18.9	19.01	18.66	18.66	20000
2022-04-12	18.66	18.84	18.66	18.77	10900
2022-04-13	18.53	18.98	18.53	18.98	14400
2022-04-14	18.8	18.92	18.56	18.56	19900
2022-04-15	18.63	18.82	18.59	18.59	4700
2022-04-18	18.5	18.54	18.27	18.27	20000
2022-04-19	18.3	18.37	18.09	18.37	15200
2022-04-20	18.39	18.39	17.79	17.9	21100
2022-04-21	18.0	18.4	17.65	18.4	18200
2022-04-22	18.3	18.59	17.77	18.59	34800
2022-04-25	17.99	18.11	17.45	17.45	26000
2022-04-26	17.29	17.38	16.68	17.35	28000
2022-05-04	17.82	19.51	17.71	17.77	28400
2022-05-05	17.77	17.77	17.25	17.46	17700
2022-05-06	17.47	17.69	17.06	17.69	26900
2022-05-09	17.65	18.44	16.5	18.44	32300
2022-05-10	17.15	17.43	17.15	17.21	18300
2022-05-11	17.21	17.75	16.53	16.95	46000
2022-05-12	16.96	16.96	15.78	15.78	32300
2022-05-13	16.05	16.85	14.69	16.85	17800
2022-05-16	15.7	15.94	15.68	15.68	29500
2022-05-17	15.3	15.95	14.59	15.84	38200
2022-05-18	16.03	16.08	15.71	16.08	33500
2022-05-19	15.71	15.88	15.6	15.88	6400
2022-05-23	16.0	16.0	15.33	15.7	8700
2022-05-24	15.7	15.93	15.5	15.93	10600
2022-05-25	15.85	16.46	15.85	16.46	5100
2022-05-26	16.46	16.46	16.11	16.43	19800
2022-05-27	16.3	16.55	16.29	16.55	25400
2022-05-30	17.69	17.69	16.4	17.0	21500
2022-05-31	17.0	17.76	16.36	17.76	26700
2022-06-01	16.55	16.72	16.53	16.72	22600
2022-06-02	16.62	16.62	16.45	16.49	9000
2022-06-03	16.46	16.6	16.32	16.6	4900
2022-06-06	16.39	16.52	16.36	16.36	15200
2022-06-07	16.38	16.39	16.08	16.39	23500
2022-06-08	16.4	16.62	16.4	16.62	15300
2022-06-09	16.55	16.62	16.47	16.47	4100
2022-06-10	16.47	16.47	16.29	16.29	5000
2022-06-13	15.96	15.97	15.58	15.58	16000
2022-06-14	15.33	15.67	15.3	15.5	5000
2022-06-15	15.6	15.66	15.34	15.55	28400
2022-06-16	15.75	16.0	15.74	16.0	4600
2022-06-17	15.6	16.1	15.15	16.1	19800
2022-06-20	16.1	16.1	15.0	15.0	18700
2022-06-21	14.99	15.28	14.99	15.13	9100
2022-06-22	15.24	15.32	15.11	15.21	11100
2022-06-23	15.12	15.2	15.1	15.19	26500
2022-06-24	15.25	15.42	15.25	15.42	5600
2022-06-27	15.98	15.98	15.31	15.37	13900
2022-06-28	15.52	15.73	15.4	15.69	3200
2022-06-29	15.68	15.84	15.6	15.84	7700
2022-06-30	15.79	15.79	15.33	15.33	4100
2022-07-01	15.34	15.5	15.28	15.34	2900
2022-07-04	15.57	15.63	15.39	15.45	12700
2022-07-05	15.43	15.5	15.4	15.41	25000
2022-07-06	15.41	15.41	15.14	15.36	10700
2022-07-07	15.08	15.29	15.08	15.19	1100
2022-07-08	15.37	15.37	15.22	15.22	13100
2022-07-11	15.18	15.2	15.0	15.1	6400
2022-07-12	15.03	15.11	15.01	15.11	7400
2022-07-13	15.15	15.2	15.02	15.06	8000
2022-07-14	15.06	15.11	15.06	15.1	6900
2022-07-15	15.2	15.23	15.1	15.1	9600
2022-07-18	15.2	15.2	15.06	15.08	6400
2022-07-19	15.05	15.11	15.02	15.02	13400
2022-07-20	15.23	15.3	15.19	15.27	2400
2022-07-21	15.27	15.35	15.27	15.3	10900
2022-07-22	15.36	15.39	15.11	15.11	20900
2022-07-25	15.3	15.3	15.11	15.19	1800
2022-07-26	15.16	15.23	15.06	15.06	5100
2022-07-27	15.1	15.12	15.06	15.07	3100
2022-07-28	15.28	15.38	15.22	15.22	7400
2022-07-29	15.3	15.39	15.06	15.06	15500
2022-08-01	15.35	15.45	15.1	15.1	10800
2022-08-02	15.42	15.48	15.37	15.42	17000
2022-08-03	15.42	15.55	15.42	15.5	2800
2022-08-04	15.55	15.76	15.55	15.76	4200
2022-08-05	15.61	15.65	15.6	15.63	3100
2022-08-08	15.66	15.84	15.66	15.77	11200
2022-08-09	15.77	15.97	15.77	15.97	11200
2022-08-10	15.97	15.97	15.81	15.97	7900
2022-08-11	15.96	16.08	15.83	16.08	6000
2022-08-12	15.98	16.1	15.79	16.1	25000
2022-08-15	16.03	16.03	15.99	16.0	10700
2022-08-16	16.0	16.09	16.0	16.05	9100
2022-08-17	16.07	16.12	15.91	15.91	41500
2022-08-18	16.11	16.25	16.08	16.25	7000
2022-08-19	16.23	16.23	15.77	15.77	13800
2022-08-22	16.23	16.23	15.75	15.75	6600
2022-08-23	15.98	15.98	15.75	15.75	34000
2022-08-24	15.75	16.05	15.75	16.05	7600
2022-08-25	16.1	16.2	16.09	16.2	7400
2022-08-26	16.28	16.28	16.17	16.26	6200
2022-08-29	15.9	16.23	15.83	16.23	10900
2022-08-30	16.06	16.13	15.91	15.91	12700
2022-08-31	16.04	16.29	16.02	16.29	3400
2022-09-05	16.22	16.25	16.07	16.25	18000
2022-09-06	16.4	16.4	16.08	16.19	5700
2022-09-07	16.1	16.24	15.91	16.24	5400
2022-09-08	16.13	16.13	15.85	16.13	6500
2022-09-09	15.82	16.02	15.7	16.02	17400
2022-09-12	16.02	16.02	15.81	15.81	7700
2022-09-13	15.94	15.94	15.81	15.81	3000
2022-09-14	15.5	15.69	15.5	15.59	7500
2022-09-15	15.75	15.76	15.69	15.69	1500
2022-09-16	15.66	15.67	15.44	15.67	23700
2022-09-19	15.67	15.67	15.24	15.24	20000
2022-09-20	15.36	15.36	15.24	15.24	10300
2022-09-21	15.27	15.3	15.22	15.3	2800
2022-09-22	15.15	15.22	15.05	15.15	3000
2022-09-23	15.17	15.21	15.04	15.1	5800
2022-09-26	15.0	15.0	14.59	14.64	12400
2022-09-27	14.75	14.76	14.28	14.28	58100
2022-09-28	14.28	14.51	14.25	14.25	15100
2022-09-29	14.54	14.54	14.18	14.18	11900
2022-09-30	14.21	14.49	14.1	14.49	9000
2022-10-03	14.35	14.35	13.6	13.6	54800
2022-10-04	13.65	14.0	13.6	13.61	35700
2022-10-05	13.75	13.96	13.75	13.76	12700
2022-10-06	13.78	13.78	13.03	13.03	19000
2022-10-07	12.78	13.17	12.71	12.71	14100
2022-10-10	12.71	12.85	12.6	12.81	26800
2022-10-11	12.81	12.81	12.1	12.39	16400
2022-10-12	12.3	12.96	12.3	12.6	16400
2022-10-13	12.61	12.63	12.51	12.63	2700
2022-10-14	13.17	13.21	12.9	13.21	12700
2022-10-17	13.21	13.21	12.8	12.93	14400
2022-10-18	13.7	13.7	12.97	13.18	15200
2022-10-19	13.18	13.18	12.95	12.95	6000
2022-10-20	13.15	13.15	12.8	12.99	5300
2022-10-21	12.8	12.8	12.24	12.41	19900
2022-10-24	12.41	12.41	11.59	11.61	22000
2022-10-25	11.6	12.4	11.6	12.01	14700
2022-10-26	12.21	12.21	11.96	12.21	19300
2022-10-27	12.01	12.66	12.01	12.66	18900
2022-10-28	12.73	12.91	12.64	12.64	9800
2022-10-31	12.64	12.91	12.4	12.91	10000
2022-11-01	12.88	12.9	12.58	12.58	30200
2022-11-02	12.59	12.74	12.15	12.15	17500
2022-11-03	12.48	12.64	12.48	12.64	7400
2022-11-04	12.64	12.8	11.99	12.8	14000
2022-11-07	12.48	12.49	11.96	11.96	18700
2022-11-08	11.84	12.15	11.84	12.04	9100
2022-11-09	12.24	12.24	11.92	12.03	14700
2022-11-10	12.08	12.08	11.25	11.26	13900
2022-11-11	11.3	11.88	11.26	11.26	15900
2022-11-14	11.26	11.55	11.26	11.41	16300
2022-11-15	11.4	11.4	10.89	10.89	14400
2022-11-16	10.89	11.63	10.77	11.29	17800
2022-11-17	11.86	11.97	11.8	11.8	13800
2022-11-18	11.89	11.91	11.73	11.73	14200
2022-11-21	12.55	12.55	11.59	11.77	24200
2022-11-22	11.69	12.0	11.6	11.65	32700
2022-11-23	11.7	11.7	11.41	11.54	35800
2022-11-24	11.53	11.57	11.4	11.57	5100
2022-11-25	11.78	11.8	11.75	11.8	6400
2022-11-28	11.8	12.2	11.8	11.92	2500
2022-11-29	12.3	12.75	12.26	12.75	14100
2022-11-30	12.6	13.4	12.6	13.4	2300
2022-12-01	13.39	13.4	12.89	13.4	20900
2022-12-02	12.85	13.7	12.77	13.7	20100
2022-12-05	13.77	13.97	13.55	13.55	13600
2022-12-06	13.6	14.09	13.0	13.0	14700
2022-12-07	13.05	13.14	12.85	12.85	12600
2022-12-08	13.27	13.6	13.01	13.01	10400
2022-12-09	13.32	13.35	13.16	13.28	4500
2022-12-12	13.28	13.28	12.74	12.74	10000
2022-12-13	12.8	13.0	12.76	12.76	3000
2022-12-14	13.18	13.18	13.0	13.0	2700
2022-12-15	13.0	13.3	13.0	13.01	10000
2022-12-16	12.77	13.27	12.77	13.13	10100
2022-12-19	13.37	13.37	13.03	13.03	11100
2022-12-20	13.05	13.05	12.59	12.75	10800
2022-12-21	12.75	12.75	12.56	12.6	6500
2022-12-22	12.92	13.48	12.69	12.8	14200
2022-12-23	12.9	12.9	12.67	12.68	5700
2022-12-26	12.68	12.68	12.14	12.14	8000
2022-12-27	12.01	12.44	12.01	12.44	15200
2022-12-28	12.45	12.46	12.41	12.41	2100
2022-12-29	12.53	12.53	12.49	12.49	3200
2022-12-30	12.0	12.54	11.79	12.48	4900
2023-01-03	12.48	12.69	12.48	12.57	2600
2023-01-04	13.0	13.02	12.83	12.83	10000
2023-01-05	13.34	13.34	12.98	12.98	1800
2023-01-06	13.13	13.23	12.98	13.03	9500
2023-01-09	12.92	13.21	12.82	12.82	4700
2023-01-10	13.18	13.18	12.81	12.81	9700
2023-01-11	13.17	13.31	12.82	12.82	20400
2023-01-12	13.25	13.25	13.11	13.11	8000
2023-01-13	13.34	13.34	13.13	13.13	6900
2023-01-16	13.33	13.35	13.2	13.26	7400
2023-01-17	13.27	13.52	13.27	13.52	2900
2023-01-18	13.68	14.04	13.68	13.82	13600
2023-01-19	13.9	13.9	13.8	13.8	18500
2023-01-27	13.88	14.23	13.81	13.81	23000
2023-01-30	13.86	13.97	13.53	13.53	10500
2023-01-31	13.7	13.79	13.6	13.71	5900
2023-02-01	14.55	14.55	13.2	13.2	16500
2023-02-02	13.41	13.55	13.3	13.3	8400
2023-02-03	13.3	13.53	13.3	13.4	6200
2023-02-06	13.38	13.45	13.22	13.27	19900
2023-02-07	13.55	13.56	13.04	13.04	11000
2023-02-08	13.22	13.34	13.15	13.15	2900
2023-02-09	13.39	13.39	12.97	12.97	7200
2023-02-10	13.05	13.06	12.9	12.9	9500
2023-02-13	12.97	12.97	12.66	12.66	6200
2023-02-14	12.81	12.81	12.7	12.7	14500
2023-02-15	13.45	13.45	12.81	12.81	6900
2023-02-16	12.97	12.98	12.82	12.86	8800
2023-02-17	13.33	13.33	12.81	12.81	14800
2023-02-20	13.1	13.4	13.1	13.24	12300
2023-02-21	13.5	13.5	13.24	13.24	19600
2023-02-22	13.25	13.25	13.01	13.01	7000
2023-02-23	13.47	13.47	12.64	12.85	8100
2023-02-24	12.79	12.8	12.6	12.66	10600
2023-02-27	12.66	12.66	12.37	12.38	10600
2023-02-28	12.58	12.6	12.4	12.4	3800
2023-03-01	12.34	12.74	12.34	12.56	15200
2023-03-02	13.36	13.36	12.57	12.57	5100
2023-03-03	12.69	12.77	12.35	12.35	5400
2023-03-06	12.41	12.78	12.41	12.42	18700
2023-03-07	12.71	13.28	12.61	12.61	2800
2023-03-08	12.74	12.74	12.54	12.68	6200
2023-03-09	12.81	12.92	12.81	12.82	12600
2023-03-10	12.85	12.93	12.71	12.71	11400
2023-03-13	13.17	13.17	12.88	12.88	23100
2023-03-14	12.96	12.96	12.69	12.69	3000
2023-03-15	13.05	13.12	12.96	13.01	11800
2023-03-16	13.0	13.02	12.82	12.82	8900
2023-03-17	13.6	13.6	12.85	13.1	12700
2023-03-20	12.84	12.84	12.51	12.51	59400
2023-03-21	13.0	13.0	12.5	12.63	6000
2023-03-22	12.67	12.76	12.66	12.67	1300
2023-03-23	12.63	12.76	12.63	12.75	2500
2023-03-24	12.8	12.92	12.8	12.91	13400
2023-03-27	12.95	12.97	12.88	12.89	2200
2023-03-28	12.97	13.06	12.96	13.05	14000
2023-03-29	12.91	13.01	12.91	13.0	12000
2023-03-30	13.03	13.16	13.02	13.02	12500
2023-03-31	13.02	13.25	13.02	13.15	6500
2023-04-03	13.17	13.37	13.17	13.27	14100
2023-04-04	13.32	13.42	13.27	13.27	18500
2023-04-05	13.4	13.4	13.29	13.29	10600
2023-04-06	13.46	13.46	13.3	13.3	4500
2023-04-07	13.3	13.32	13.15	13.32	19500
2023-04-10	13.4	13.4	13.18	13.18	9000
2023-04-11	13.28	13.28	13.18	13.25	7000
2023-04-12	13.85	13.85	13.27	13.27	8700
2023-04-13	13.49	13.49	12.81	12.81	14000
2023-04-14	13.32	13.33	12.83	12.83	2600
2023-04-17	13.1	13.16	12.96	12.96	6800
2023-04-18	13.19	13.19	13.08	13.08	1500
2023-04-19	13.56	13.8	13.0	13.0	2000
2023-04-20	13.19	13.19	13.05	13.06	3800
2023-04-21	13.06	13.79	12.78	13.79	8500
2023-04-24	12.9	13.0	12.86	12.86	11200
2023-04-25	12.77	12.93	12.75	12.75	8900
2023-04-26	12.75	12.78	12.7	12.76	7200
2023-04-27	12.86	12.86	12.76	12.76	4200
2023-04-28	12.9	13.35	12.85	13.35	10100
2023-05-04	13.36	13.99	12.64	12.64	38600
2023-05-05	12.76	12.82	12.7	12.76	5000
2023-05-08	12.8	12.85	12.8	12.85	75600
2023-05-09	12.88	12.97	12.88	12.91	3600
2023-05-10	12.97	13.0	12.94	12.94	104000
2023-05-11	13.0	13.0	12.92	12.92	16100
2023-05-12	12.92	13.02	12.92	12.92	8900
2023-05-15	13.0	13.2	13.0	13.14	4900
2023-05-16	13.17	13.17	13.01	13.07	17400
2023-05-17	13.98	13.98	12.92	12.92	21000
2023-05-18	13.04	13.14	13.04	13.05	1100
2023-05-19	13.08	13.8	13.0	13.0	9000
2023-05-22	13.0	13.89	13.0	13.19	30600
2023-05-23	14.11	14.11	13.0	13.0	10500
2023-05-24	13.64	13.64	13.0	13.0	24500
2023-05-25	13.1	13.12	13.01	13.01	1200
2023-05-26	13.1	13.1	13.03	13.03	9200
2023-05-29	13.03	13.18	13.03	13.18	24000
2023-05-30	13.2	13.23	13.12	13.12	8100
2023-05-31	13.15	13.21	13.1	13.1	3000
2023-06-01	13.15	13.16	13.02	13.02	8300
2023-06-02	13.27	13.32	13.02	13.02	26600
2023-06-05	13.03	13.4	13.03	13.15	17200
2023-06-06	13.49	13.49	13.16	13.16	9600
2023-06-07	13.5	13.57	13.2	13.2	18700
2023-06-08	13.53	13.6	13.5	13.5	19600
2023-06-09	13.5	13.5	13.45	13.45	56900
2023-06-12	13.51	13.58	13.39	13.5	32400
2023-06-13	13.64	13.64	13.55	13.55	84000
2023-06-14	13.69	13.76	13.68	13.7	6800
2023-06-15	13.86	13.86	13.61	13.63	11000
2023-06-16	13.71	13.84	13.64	13.79	5400
2023-06-19	13.71	13.71	13.56	13.56	3400
2023-06-20	13.62	13.64	13.5	13.5	9700
2023-06-21	13.61	13.7	13.61	13.61	10800
2023-06-22	13.61	13.82	13.61	13.7	6800
2023-06-23	13.72	13.88	13.7	13.7	85800
2023-06-26	13.75	13.98	13.75	13.92	101400
2023-06-27	13.93	14.89	13.9	13.91	87200
2023-06-28	14.0	14.02	13.94	13.97	3800
2023-06-29	14.0	14.05	13.8	13.8	11700
2023-06-30	13.9	13.91	13.86	13.91	6700
2023-07-03	13.83	13.92	13.77	13.77	9400
2023-07-04	13.85	13.92	13.8	13.81	8500
2023-07-05	13.97	14.02	13.9	13.9	2200
2023-07-06	13.94	13.98	13.77	13.77	13600
2023-07-07	13.85	13.94	13.85	13.88	4200
2023-07-10	13.99	14.01	13.99	13.99	3300
2023-07-11	14.2	14.2	14.05	14.05	191200
2023-07-12	14.22	14.22	14.0	14.0	13700
2023-07-13	14.23	14.23	14.19	14.2	4300
2023-07-14	14.24	14.35	14.11	14.11	9000
2023-07-17	14.3	14.4	14.29	14.29	93500
2023-07-18	14.46	14.46	14.32	14.32	33900
2023-07-19	14.04	14.48	14.04	14.41	92100
2023-07-20	14.4	14.43	14.37	14.39	5600
2023-07-21	14.39	14.53	14.39	14.51	46500
2023-07-24	14.51	14.7	14.51	14.68	104900
2023-07-25	14.69	14.81	14.69	14.72	3900
2023-07-26	14.72	14.82	14.72	14.75	4200
2023-07-27	14.82	14.84	14.72	14.72	13500
2023-07-28	14.83	14.95	14.76	14.95	93100
2023-07-31	14.96	15.22	14.96	15.22	93400
2023-08-01	15.22	15.36	15.11	15.11	19900
2023-08-02	15.11	15.18	14.99	14.99	23600
2023-08-03	15.05	15.13	14.9	14.9	8300
2023-08-04	15.05	15.13	14.94	15.11	13100
2023-08-07	15.27	16.0	15.27	15.31	8800
2023-08-08	15.31	15.36	15.16	15.35	46100
2023-08-09	15.3	16.32	15.2	15.2	6300
2023-08-10	15.32	15.32	15.1	15.1	7700
2023-08-11	15.95	15.95	15.11	15.19	10900
2023-08-14	15.2	15.37	15.19	15.2	19600
2023-08-15	15.29	15.33	15.2	15.2	13100
2023-08-16	15.74	15.74	15.35	15.44	5700
2023-08-17	15.5	15.58	15.44	15.45	9300
2023-08-18	15.3	15.3	14.65	15.0	35200
2023-08-21	15.0	15.0	14.6	14.7	69400
2023-08-22	14.7	14.71	14.39	14.55	9700
2023-08-23	14.79	14.99	14.5	14.5	29900
2023-08-24	14.67	14.86	14.61	14.86	6500
2023-08-25	14.86	14.86	14.72	14.8	13900
2023-08-28	14.75	14.9	14.75	14.75	10200
2023-08-29	14.75	15.01	14.75	14.92	12000
2023-08-30	15.03	15.03	14.91	14.96	22100
2023-08-31	14.96	15.26	14.96	15.13	14400
2023-09-05	15.27	15.39	15.27	15.3	16100
2023-09-06	15.3	15.42	15.3	15.36	14200
2023-09-07	15.38	15.6	15.38	15.41	25400
2023-09-08	15.5	15.57	15.45	15.45	10100
2023-09-11	15.51	15.8	15.0	15.0	16600
2023-09-12	15.23	15.45	15.2	15.45	23000
2023-09-13	15.45	15.55	15.35	15.35	7400
2023-09-14	15.36	15.44	15.25	15.3	6600
2023-09-15	15.35	15.37	15.23	15.23	3600
2023-09-18	15.23	15.28	15.02	15.02	14500
2023-09-19	15.19	15.19	15.03	15.05	11800
2023-09-20	15.2	15.22	15.09	15.16	6700
2023-09-21	15.3	15.3	15.0	15.0	26400
2023-09-22	15.0	15.0	14.61	14.74	48700
2023-09-25	14.7	14.86	14.31	14.31	33100
2023-09-26	14.32	14.53	14.32	14.32	24100
2023-09-27	14.37	14.37	14.25	14.3	29300
2023-09-28	14.31	14.4	14.15	14.34	11000
2023-09-29	14.5	14.52	14.4	14.4	3100
2023-10-02	14.42	14.47	14.32	14.32	36300
2023-10-03	14.32	14.32	14.05	14.06	14200
2023-10-04	14.05	14.65	13.9	14.05	23600
2023-10-05	14.07	14.09	13.95	13.97	32300
2023-10-06	14.0	14.02	13.89	13.99	9600
2023-10-09	14.05	14.15	14.04	14.11	5400
2023-10-10	14.33	14.36	14.3	14.3	9100
2023-10-11	14.33	14.33	14.25	14.31	87900
2023-10-12	14.35	14.41	14.3	14.3	3500
2023-10-13	14.87	14.87	14.18	14.27	4900
2023-10-16	14.21	14.37	14.13	14.13	14700
2023-10-17	14.27	14.29	13.64	13.64	19000
2023-10-18	14.07	14.13	13.73	13.74	15300
2023-10-19	14.1	14.1	13.74	13.74	5700
2023-10-20	13.74	13.74	13.59	13.71	18400
2023-10-23	13.85	13.85	13.61	13.61	97600
2023-10-24	13.79	14.0	13.6	13.6	94700
2023-10-25	13.81	13.85	13.7	13.7	5800
2023-10-26	13.7	13.7	13.05	13.05	43900
2023-10-27	13.8	13.8	12.95	13.13	29300
2023-10-30	13.5	13.5	13.1	13.39	5600
2023-10-31	13.44	13.57	13.39	13.57	4700
2023-11-01	13.5	13.5	12.94	12.96	35400
2023-11-02	13.0	13.4	13.0	13.35	6900
2023-11-03	13.57	13.67	13.42	13.57	2400
2023-11-06	13.58	13.79	13.58	13.79	91200
2023-11-07	13.79	13.79	13.49	13.62	12600
2023-11-08	14.2	14.2	13.5	13.88	74900
2023-11-09	13.94	14.09	13.91	14.09	13700
2023-11-10	13.91	13.91	13.71	13.71	16600
2023-11-13	13.71	13.81	13.58	13.6	7300
2023-11-14	13.7	13.8	13.7	13.79	11700
2023-11-15	14.15	14.18	13.99	14.0	4800
2023-11-16	14.0	14.0	13.82	13.92	158700
2023-11-17	13.75	14.55	13.54	13.8	14100
2023-11-20	13.34	13.74	13.34	13.66	17500
2023-11-21	13.73	13.73	13.61	13.61	7300
2023-11-22	13.75	13.79	13.57	13.79	23800
2023-11-23	13.86	14.3	13.4	13.4	25500
2023-11-24	13.47	13.47	13.25	13.4	102400
2023-11-27	13.5	13.5	13.28	13.28	7200
2023-11-28	13.34	13.45	13.26	13.45	12900
2023-11-29	13.51	13.75	13.45	13.45	2600
2023-11-30	13.54	13.59	13.46	13.46	3200
2023-12-01	13.45	13.5	13.31	13.5	25500
2023-12-04	13.64	13.77	13.6	13.65	2900
2023-12-05	13.71	13.74	13.65	13.65	10400
2023-12-06	13.65	13.75	13.65	13.68	84900
2023-12-07	14.15	14.15	13.6	13.86	3200
2023-12-08	13.85	13.85	13.7	13.76	30500
2023-12-11	13.89	13.89	13.75	13.79	10400
2023-12-12	13.76	13.89	13.76	13.86	15300
2023-12-13	13.91	13.91	13.64	13.64	16000
2023-12-14	13.66	13.77	13.66	13.72	2600
2023-12-15	13.69	13.8	13.6	13.64	7400
2023-12-18	13.65	13.65	13.4	13.4	10600
2023-12-19	13.4	13.42	13.33	13.33	17400
2023-12-20	13.41	13.53	13.41	13.53	2500
2023-12-21	13.53	13.58	13.53	13.54	2300
2023-12-22	13.59	13.59	13.5	13.54	1500
2023-12-25	13.54	13.82	13.54	13.63	15900
2023-12-26	13.83	13.83	13.73	13.74	11100
2023-12-27	13.86	13.88	13.77	13.77	5600
2023-12-28	13.8	13.95	13.8	13.81	9600
2023-12-29	13.99	14.01	13.95	13.97	38000
2024-01-02	13.97	14.06	13.86	13.86	46900
2024-01-03	13.9	14.02	13.9	13.93	38500
2024-01-04	14.39	14.4	14.11	14.25	64700
2024-01-05	14.44	14.44	14.25	14.31	5400
2024-01-08	14.36	14.45	14.32	14.36	14700
2024-01-09	14.36	14.89	14.31	14.31	3200
2024-01-10	14.31	14.78	14.3	14.33	44000
2024-01-11	14.34	14.49	14.34	14.34	61300
2024-01-12	14.34	14.39	14.19	14.39	11200
2024-01-15	14.65	14.65	14.3	14.3	16800
2024-01-16	14.67	14.67	14.23	14.37	6300
2024-01-17	14.5	14.5	14.37	14.37	2600
2024-01-18	14.4	14.68	14.38	14.41	3600
2024-01-19	14.49	14.59	14.49	14.52	14100
2024-01-22	14.52	14.69	14.52	14.69	11900
2024-01-23	14.69	14.69	14.56	14.63	21900
2024-01-24	14.62	14.67	14.51	14.51	15900
2024-01-25	14.5	14.59	14.4	14.4	3100
2024-01-26	14.4	14.63	14.29	14.29	19900
2024-01-29	14.31	14.63	14.29	14.53	21200
2024-01-30	14.68	14.68	14.53	14.57	21700
2024-01-31	14.57	14.63	14.36	14.4	41400
2024-02-01	14.73	14.73	14.34	14.4	5800
2024-02-02	14.62	14.62	14.49	14.5	42500
2024-02-05	14.51	14.89	14.5	14.6	34200
2024-02-06	14.77	14.89	14.77	14.77	36600
2024-02-07	15.09	15.09	14.8	15.0	10400
2024-02-15	15.0	15.17	14.99	14.99	56700
2024-02-16	15.0	15.1	14.99	15.05	30400
2024-02-19	15.1	15.3	15.1	15.25	33600
2024-02-20	15.4	15.4	15.25	15.25	6600
2024-02-21	15.4	15.4	15.18	15.3	37600
2024-02-22	15.4	15.4	14.85	15.3	8800
2024-02-23	15.3	15.47	15.0	15.0	44600
2024-02-26	15.01	15.13	15.01	15.07	19600
2024-02-27	15.2	15.29	15.07	15.07	57200
2024-02-28	15.08	15.55	15.08	15.55	23600
2024-02-29	15.56	15.65	15.55	15.56	36400
2024-03-01	15.75	15.75	15.54	15.6	24100
2024-03-04	15.6	15.66	15.56	15.57	17700
2024-03-05	15.57	15.7	15.57	15.58	8800
2024-03-06	15.58	15.76	15.55	15.55	9400
2024-03-07	15.57	15.71	15.57	15.61	21200
2024-03-08	15.95	15.95	15.45	15.45	26700
2024-03-11	15.45	15.45	15.2	15.2	53300
2024-03-12	15.2	15.37	15.2	15.37	16600
2024-03-13	15.37	15.6	15.34	15.6	8400
2024-03-14	15.7	15.7	15.47	15.55	28300
2024-03-15	15.8	15.8	15.34	15.56	16700
2024-03-18	15.33	15.5	15.05	15.1	97100
2024-03-19	15.11	15.35	15.11	15.11	7200
2024-03-20	15.4	15.53	15.16	15.53	707500
2024-03-21	15.61	15.62	15.54	15.62	28800
2024-03-22	15.8	15.88	15.67	15.67	17100
2024-03-25	15.71	15.8	15.6	15.69	643500
2024-03-26	15.65	15.88	15.5	15.5	20400
2024-03-27	15.85	15.87	15.75	15.78	504700
2024-03-28	16.0	16.05	15.91	15.91	30400
2024-03-29	16.04	16.06	15.91	15.91	7900
2024-04-01	15.91	15.98	15.79	15.93	29000
2024-04-02	15.9	15.9	15.69	15.88	33400
2024-04-03	15.98	15.99	15.63	15.63	31400
2024-04-04	15.81	15.81	15.6	15.6	13300
2024-04-05	15.95	15.95	15.42	15.52	20500
2024-04-08	15.53	15.53	15.38	15.47	17200
2024-04-09	15.48	15.66	15.45	15.66	12400
2024-04-10	15.67	15.67	15.54	15.54	27300
2024-04-11	15.56	16.35	15.41	15.53	20100
2024-04-12	15.53	15.77	15.53	15.77	13200
2024-04-15	15.75	15.75	15.2	15.4	40600
2024-04-16	15.44	15.44	14.95	15.29	61300
2024-04-17	15.3	15.3	14.89	14.95	15400
2024-04-19	14.95	14.95	14.67	14.9	106800
2024-04-22	15.25	15.25	14.78	14.86	27100
2024-04-23	14.88	14.88	14.67	14.75	38000
2024-04-24	14.85	15.13	14.85	15.1	16000
2024-04-25	15.15	15.19	15.03	15.19	14100
2024-04-26	15.19	15.5	15.04	15.31	32100
2024-05-02	15.35	15.35	15.21	15.3	17200
2024-05-03	15.4	15.44	15.35	15.36	13100
2024-05-06	15.62	15.65	15.5	15.57	13500
2024-05-07	15.65	15.72	15.57	15.71	13900
2024-05-08	15.71	15.71	15.53	15.65	7300
2024-05-09	16.25	16.25	15.65	15.73	13200
2024-05-10	15.7	15.73	15.54	15.7	14100
2024-05-13	15.7	15.71	15.59	15.64	8400
2024-05-14	15.64	15.77	15.61	15.75	17700
2024-05-15	15.7	15.87	15.7	15.84	28600
2024-05-16	15.9	16.1	15.88	16.09	53000
2024-05-17	15.91	16.1	15.91	16.07	8700
2024-05-20	16.31	16.31	16.1	16.14	17900
2024-05-21	16.14	16.14	16.0	16.11	10500
2024-05-22	16.11	16.11	15.89	16.0	9900
2024-05-23	16.08	16.08	15.82	16.02	20600
2024-05-24	16.01	16.14	15.83	15.92	8200
2024-05-27	16.01	16.01	15.85	15.89	8700
2024-05-28	15.96	16.05	15.9	16.05	16200
2024-05-29	16.28	16.28	15.89	15.92	12600
2024-05-30	15.95	15.95	15.7	15.84	11900
2024-05-31	15.9	15.9	15.8	15.86	4900
2024-06-03	15.88	16.18	15.88	16.1	16400
2024-06-04	16.15	16.16	16.1	16.12	114100
2024-06-05	16.2	16.25	16.18	16.2	61600
2024-06-06	16.13	16.27	16.12	16.12	9300
2024-06-07	16.16	16.25	16.14	16.14	5300
2024-06-10	16.21	16.3	16.2	16.2	8400
2024-06-11	16.35	16.35	16.15	16.2	13000
2024-06-12	16.32	16.51	16.27	16.5	27500
2024-06-13	16.55	16.59	16.5	16.59	48000
2024-06-14	16.69	16.69	16.52	16.52	37000
2024-06-17	16.66	17.6	16.2	16.27	47900
2024-06-18	16.26	16.39	16.24	16.28	26800
2024-06-19	16.27	16.35	16.14	16.3	14300
2024-06-20	16.4	16.44	16.32	16.44	46400
2024-06-21	16.35	16.44	16.32	16.38	12100
2024-06-24	16.49	16.49	16.05	16.08	37200
2024-06-25	16.2	16.2	15.95	16.09	24600
2024-06-26	16.39	16.39	15.88	15.88	34700
2024-06-27	16.4	16.41	15.92	16.01	11400
2024-06-28	16.08	16.08	15.8	15.8	14700
2024-07-01	16.08	16.08	15.8	15.92	18100
2024-07-02	16.02	16.13	15.93	16.1	20700
2024-07-03	16.1	16.21	16.1	16.21	14600
2024-07-04	16.34	16.34	16.21	16.21	14000
2024-07-05	16.26	16.29	16.23	16.29	9000
2024-07-08	16.3	16.3	16.23	16.3	13800
2024-07-09	16.16	16.39	16.16	16.39	15900
2024-07-10	16.4	16.41	16.2	16.33	30600
2024-07-11	16.16	16.38	16.16	16.16	27600
2024-07-12	16.36	16.36	16.16	16.16	6200
2024-07-15	16.24	16.24	16.1	16.19	13700
2024-07-16	16.2	16.28	16.16	16.25	19000
2024-07-17	16.58	16.58	16.14	16.16	27700
2024-07-18	16.2	16.26	16.05	16.26	39800
2024-07-19	16.34	16.34	16.16	16.21	6800
2024-07-22	16.5	16.5	16.1	16.17	20100
2024-07-23	16.25	16.25	15.98	16.06	23600
2024-07-24	16.05	16.05	15.82	15.96	61200
2024-07-25	15.95	15.95	15.82	15.84	9000
2024-07-26	15.99	15.99	15.9	15.97	19700
2024-07-29	16.08	16.1	16.03	16.03	27400
2024-07-30	16.1	16.39	15.98	16.06	30400
2024-07-31	16.1	16.17	16.09	16.13	18700
2024-08-01	16.15	16.2	15.85	16.07	16200
2024-08-02	16.1	16.4	15.62	16.4	28800
2024-08-05	16.3	16.3	15.28	15.38	74200
2024-08-06	15.6	15.68	15.36	15.68	45900
2024-08-07	16.01	16.01	15.5	15.57	30600
2024-08-08	15.6	15.62	15.39	15.42	16400
2024-08-09	15.55	15.72	15.55	15.72	6900
2024-08-12	15.73	15.75	15.68	15.75	4700
2024-08-13	15.87	15.87	15.7	15.7	6300
2024-08-14	15.8	15.84	15.76	15.79	9900
2024-08-15	15.84	15.84	15.75	15.79	6400
2024-08-16	15.8	16.01	15.8	15.95	20000
2024-08-19	16.01	16.15	16.01	16.1	7800
2024-08-20	16.12	16.33	16.12	16.33	152100
2024-08-21	16.27	16.38	16.12	16.38	32000
2024-08-22	16.39	16.4	16.3	16.38	14700
2024-08-23	16.38	16.45	16.32	16.43	508400
2024-08-26	16.4	16.45	16.4	16.42	20300
2024-08-27	16.42	16.45	16.35	16.45	22400
2024-08-28	16.45	16.49	16.4	16.4	516200
2024-08-29	16.4	16.54	16.4	16.51	16400
2024-08-30	16.44	16.57	16.44	16.52	5900
2024-09-04	16.55	16.55	16.32	16.35	48900
2024-09-05	16.4	16.42	16.3	16.3	10900
2024-09-06	16.31	16.34	16.3	16.31	10400
2024-09-09	16.31	16.31	16.24	16.24	7100
2024-09-10	16.17	16.34	16.1	16.11	20300
2024-09-11	16.11	16.13	16.0	16.08	495700
2024-09-12	16.09	16.15	16.09	16.12	2500
2024-09-13	16.2	16.2	16.05	16.13	18300
2024-09-16	16.13	16.15	15.95	16.15	45500
2024-09-17	16.03	16.2	15.91	16.2	16300
2024-09-18	16.36	16.36	16.19	16.35	13600
2024-09-19	16.35	16.36	16.31	16.36	28600
2024-09-20	16.39	16.6	16.37	16.54	8600
2024-09-23	16.54	16.54	16.38	16.5	98900
2024-09-24	16.45	16.54	16.4	16.54	17500
2024-09-25	16.58	16.71	16.58	16.71	19200
2024-09-26	16.72	16.96	16.72	16.88	36700
2024-09-27	16.95	16.95	16.84	16.89	4900
2024-09-30	16.89	16.89	16.78	16.88	4900
2024-10-01	16.79	17.03	16.79	17.03	57600
2024-10-02	16.94	16.94	16.78	16.88	20000
2024-10-03	17.01	17.02	16.81	16.89	7700
2024-10-04	16.88	16.89	16.73	16.73	6600
2024-10-07	16.87	16.87	16.55	16.63	9600
2024-10-08	16.85	16.85	16.6	16.64	9200
2024-10-09	16.63	16.99	16.63	16.99	2200
2024-10-10	17.0	17.05	16.95	16.97	26600
2024-10-11	16.99	16.99	16.91	16.93	4900
2024-10-14	17.01	17.11	16.92	17.0	5200
2024-10-15	17.0	17.0	16.8	16.84	7600
2024-10-16	16.99	16.99	16.78	16.85	3800
2024-10-17	16.86	16.89	16.8	16.85	4000
2024-10-18	17.29	17.29	17.0	17.03	3500
2024-10-21	17.03	17.03	16.95	16.98	3600
2024-10-22	16.98	16.98	16.83	16.83	7500
2024-10-23	16.85	16.87	16.78	16.87	5500
2024-10-24	16.86	16.86	16.65	16.65	10100
2024-10-25	16.65	16.65	16.52	16.54	11800
2024-10-28	16.65	16.65	16.42	16.55	11600
2024-10-29	17.0	17.0	16.55	16.57	27400
2024-10-30	16.59	16.89	16.57	16.57	6400
2024-10-31	16.53	16.7	16.53	16.7	6800
2024-11-01	16.55	16.65	16.51	16.64	16700
2024-11-04	16.65	16.7	16.4	16.4	15000
2024-11-05	16.42	16.5	16.4	16.4	10600
2024-11-06	17.54	17.54	16.4	16.6	5100
2024-11-07	16.8	16.8	16.58	16.58	7300
2024-11-08	16.6	16.6	16.39	16.49	30200
2024-11-11	16.8	16.8	16.2	16.36	25800
2024-11-12	16.81	16.81	16.16	16.5	51000
2024-11-13	16.54	16.54	16.14	16.25	18000
2024-11-14	16.54	16.54	16.1	16.22	10900
2024-11-15	16.2	16.2	15.89	15.89	21500
2024-11-18	15.9	16.24	15.68	15.89	73000
2024-11-19	16.0	16.0	15.7	15.99	12900
2024-11-20	15.7	15.99	15.59	15.8	37500
2024-11-21	15.8	15.93	15.74	15.93	4600
2024-11-22	16.11	16.11	16.0	16.08	34400
2024-11-25	16.07	16.09	16.04	16.04	6300
2024-11-26	16.17	16.23	16.13	16.2	25600
2024-11-27	16.21	16.3	16.11	16.23	7400
2024-11-28	16.23	16.59	16.15	16.15	35800
2024-11-29	16.2	16.28	16.19	16.28	13800
2024-12-02	16.28	17.41	16.28	16.4	19700
2024-12-03	16.4	16.4	16.19	16.3	15200
2024-12-04	16.3	16.5	16.17	16.17	5300
2024-12-05	16.99	16.99	16.19	16.51	5600
2024-12-06	16.51	16.68	16.51	16.63	13700
2024-12-09	16.93	16.93	16.53	16.58	24600
2024-12-10	16.55	16.6	16.54	16.54	28600
2024-12-11	16.54	16.65	16.54	16.59	16600
2024-12-12	16.59	16.7	16.59	16.66	4600
2024-12-13	16.59	16.63	16.56	16.58	15300
2024-12-16	16.63	16.63	16.5	16.59	10400
2024-12-17	16.59	16.59	16.5	16.58	7400
2024-12-18	16.58	16.58	16.5	16.55	4300
2024-12-19	16.65	16.65	16.3	16.41	7500
2024-12-20	16.41	16.41	16.31	16.37	3400
2024-12-23	16.37	16.6	16.37	16.45	102300
2024-12-24	16.4	16.41	16.34	16.41	10500
2024-12-25	16.41	16.79	16.41	16.79	63000
2024-12-26	16.79	16.79	16.66	16.66	6600
2024-12-27	16.79	16.79	16.7	16.74	7000
2024-12-30	16.73	16.73	16.63	16.67	12800
2024-12-31	16.69	16.75	16.5	16.7	4100
2025-01-02	16.71	16.71	16.55	16.68	156600
2025-01-03	16.68	16.69	16.48	16.48	7500
2025-01-06	16.48	16.5	16.4	16.4	17100
2025-01-07	16.42	16.48	16.36	16.37	18200
2025-01-08	16.26	16.45	16.26	16.37	4200
2025-01-09	16.37	16.37	16.3	16.3	2800
2025-01-10	16.33	16.34	16.11	16.2	9000
2025-01-13	16.1	16.2	15.97	16.2	16800
2025-01-14	16.2	16.2	15.98	16.0	9100
2025-01-15	16.27	16.27	16.08	16.1	11800
2025-01-16	16.25	16.25	16.13	16.13	4700
2025-01-17	16.13	16.55	16.13	16.55	18900
2025-01-20	16.5	16.5	16.35	16.35	7800
2025-01-21	16.35	16.39	16.24	16.39	21300
2025-01-22	16.35	16.36	16.3	16.3	6700
2025-01-23	16.35	16.56	15.72	16.56	28900
2025-01-24	16.48	16.65	16.48	16.65	15300
2025-02-03	16.53	16.6	16.26	16.31	31900
2025-02-04	16.41	16.47	16.4	16.47	11300
2025-02-05	16.58	16.58	16.47	16.53	24300
2025-02-06	16.66	16.66	16.58	16.6	15800
2025-02-07	16.6	16.67	16.56	16.67	9900
2025-02-10	16.64	16.79	16.46	16.55	13300
2025-02-11	16.59	16.59	16.49	16.56	25400
2025-02-12	16.53	16.65	16.01	16.62	184200
2025-02-13	16.57	16.61	16.49	16.61	7400
2025-02-14	16.6	16.72	16.6	16.68	23900
2025-02-17	16.68	16.68	16.57	16.62	71100
2025-02-18	16.43	16.67	16.43	16.62	7300
2025-02-19	16.5	16.72	16.5	16.72	19300
2025-02-20	16.72	16.75	16.69	16.75	12300
2025-02-21	16.7	16.8	16.7	16.8	16400
2025-02-24	16.8	16.9	16.76	16.9	34000
2025-02-25	16.99	16.99	16.85	16.88	30400
2025-02-26	16.9	16.9	16.85	16.88	3300
2025-02-27	16.56	16.89	16.56	16.88	4900
2025-02-28	16.84	16.87	16.75	16.86	13200
2025-03-03	16.85	16.94	16.81	16.93	20400
2025-03-04	16.7	17.0	16.0	16.98	5100
2025-03-05	16.85	17.04	16.85	16.97	11200
2025-03-06	16.85	17.1	16.85	17.1	5500
2025-03-07	17.1	17.15	17.05	17.1	16600
2025-03-10	17.5	17.5	17.22	17.22	18800
2025-03-11	17.17	17.25	17.1	17.25	9600
2025-03-12	17.25	17.32	17.24	17.3	114300
2025-03-13	17.4	17.4	17.2	17.2	6500
2025-03-14	17.2	17.28	17.18	17.22	3600
2025-03-17	17.22	17.27	17.2	17.25	4000
2025-03-18	17.25	17.3	17.22	17.25	4400
2025-03-19	17.25	17.25	17.11	17.13	26100
2025-03-20	17.14	17.14	17.0	17.06	17600
2025-03-21	17.05	17.1	17.01	17.06	6900
2025-03-24	17.5	17.5	17.0	17.22	4200
2025-03-25	17.22	17.29	17.2	17.25	30600
2025-03-26	17.3	17.31	17.15	17.15	5200
2025-03-27	17.15	17.2	17.08	17.2	8900
2025-03-28	17.06	17.08	17.0	17.01	9400
2025-03-31	17.01	17.01	16.84	16.88	9100
2025-04-01	16.88	16.96	16.88	16.95	9100
