time	open	high	low	close	volume
2020-07-21	12.54	12.54	12.5	12.54	2660
2020-07-22	13.41	13.41	13.41	13.41	90820
2020-07-23	14.34	14.34	12.5	12.5	25130
2020-07-24	13.37	13.37	12.0	13.37	2840
2020-07-27	12.44	12.44	12.44	12.44	2640
2020-07-28	11.57	11.57	11.57	11.57	4870
2020-07-29	10.77	10.77	10.77	10.77	1440
2020-07-30	10.77	10.77	10.02	10.02	5930
2020-07-31	9.32	9.6	9.32	9.6	31380
2020-08-03	9.5	9.85	8.93	9.84	9510
2020-08-04	9.9	9.98	9.9	9.98	2500
2020-08-05	10.0	10.13	10.0	10.13	9980
2020-08-06	10.2	10.25	9.59	10.1	7960
2020-08-07	10.14	10.18	10.0	10.18	10230
2020-08-10	10.22	10.28	10.18	10.28	4920
2020-08-11	10.0	10.26	10.0	10.21	4620
2020-08-12	10.22	10.25	10.22	10.25	2250
2020-08-13	10.45	10.45	10.0	10.45	4480
2020-08-14	10.38	10.38	10.0	10.32	5770
2020-08-17	10.0	10.23	9.8	10.23	4130
2020-08-18	10.25	10.25	10.25	10.25	2000
2020-08-19	10.2	10.32	10.2	10.32	1780
2020-08-20	10.32	10.33	10.32	10.32	3800
2020-08-21	10.35	10.36	10.35	10.35	3510
2020-08-24	10.35	10.35	10.35	10.35	6400
2020-08-25	10.55	10.64	10.55	10.64	3060
2020-08-26	10.64	10.85	10.55	10.85	3730
2020-08-27	10.1	10.75	10.1	10.75	1290
2020-08-28	10.7	10.7	10.6	10.6	3370
2020-08-31	10.7	10.85	10.6	10.85	1110
2020-09-01	10.65	10.75	10.45	10.75	1880
2020-09-03	10.9	10.99	10.8	10.99	2890
2020-09-04	10.8	10.95	10.8	10.95	30
2020-09-07	10.68	11.4	10.68	11.0	850
2020-09-08	11.4	11.4	10.69	11.0	2270
2020-09-09	11.0	11.0	11.0	11.0	10
2020-09-10	11.0	11.3	10.9	10.9	1070
2020-09-11	10.6	11.3	10.6	10.8	3330
2020-09-14	10.8	10.8	10.8	10.8	1500
2020-09-15	10.9	10.9	10.85	10.85	90
2020-09-16	10.9	10.9	10.9	10.9	30
2020-09-17	10.94	10.94	10.94	10.94	10
2020-09-18	10.94	11.07	10.94	11.07	4590
2020-09-21	11.13	11.13	11.07	11.08	2150
2020-09-22	11.08	11.08	11.08	11.08	450
2020-09-23	11.19	11.19	11.12	11.16	5330
2020-09-24	11.2	11.2	11.13	11.13	480
2020-09-25	11.13	11.14	11.13	11.14	260
2020-09-28	11.19	11.25	11.03	11.25	1260
2020-09-29	11.25	11.6	11.22	11.6	21150
2020-09-30	11.14	12.0	11.1	12.0	2320
2020-10-01	11.24	11.24	11.21	11.24	830
2020-10-02	11.28	12.02	11.2	12.02	6550
2020-10-05	11.3	12.01	11.29	12.01	660
2020-10-06	11.38	12.01	11.29	12.01	2370
2020-10-07	12.01	12.01	11.32	11.35	3850
2020-10-08	11.35	11.35	11.3	11.3	480
2020-10-09	11.31	11.39	11.31	11.39	3030
2020-10-12	11.39	11.44	11.39	11.44	5550
2020-10-13	11.44	11.44	11.44	11.44	10
2020-10-14	11.44	11.9	11.44	11.9	1780
2020-10-15	11.9	11.9	11.8	11.8	1110
2020-10-16	12.4	12.4	11.7	11.7	1610
2020-10-19	11.75	12.15	11.64	12.15	1050
2020-10-20	12.15	12.15	11.63	11.68	3510
2020-10-21	11.75	11.76	11.75	11.76	120
2020-10-22	11.63	12.15	11.63	12.15	250460
2020-10-23	12.15	12.15	11.92	12.0	240
2020-10-26	12.07	12.13	12.07	12.13	2230
2020-10-27	11.55	11.87	11.55	11.87	200
2020-10-28	11.7	11.87	11.5	11.87	1710
2020-10-29	11.38	11.87	11.38	11.87	4610
2020-10-30	11.45	11.87	11.39	11.87	8650
2020-11-02	11.87	11.87	11.56	11.56	180
2020-11-03	11.61	11.66	11.61	11.66	20
2020-11-04	11.65	11.73	11.65	11.73	3210
2020-11-05	11.7	11.73	11.7	11.73	2130
2020-11-06	11.65	11.65	11.65	11.65	740
2020-11-09	11.74	11.78	11.74	11.78	240
2020-11-10	11.86	11.9	11.86	11.9	300
2020-11-11	11.86	11.91	11.81	11.91	3860
2020-11-12	11.91	11.96	11.82	11.96	2160
2020-11-13	12.08	12.08	12.08	12.08	10
2020-11-16	12.01	12.01	12.01	12.01	310
2020-11-17	11.95	12.04	11.95	12.04	600
2020-11-18	11.96	12.0	11.96	12.0	890
2020-11-19	12.1	12.15	11.96	12.15	150
2020-11-20	12.23	12.46	12.23	12.46	1650
2020-11-23	12.46	12.49	12.33	12.49	7420
2020-11-24	12.49	12.49	12.37	12.49	1050
2020-11-25	12.48	12.49	12.4	12.49	3230
2020-11-26	13.25	13.25	12.38	12.5	105400
2020-11-27	12.5	12.6	12.41	12.6	130
2020-11-30	12.6	12.6	12.5	12.6	530
2020-12-01	12.55	12.6	12.45	12.6	410
2020-12-02	12.6	12.63	12.54	12.63	102910
2020-12-03	12.63	12.8	12.63	12.8	130
2020-12-04	12.74	12.74	12.7	12.7	160
2020-12-07	12.7	12.73	12.7	12.73	310
2020-12-08	12.73	12.86	12.73	12.86	4060
2020-12-09	13.6	13.6	12.75	13.0	110
2020-12-10	13.0	13.01	12.99	13.0	2830
2020-12-11	12.9	13.1	12.75	13.1	730
2020-12-14	13.05	13.2	13.05	13.2	3480
2020-12-15	13.2	13.24	13.13	13.13	6270
2020-12-16	12.6	13.25	12.6	13.25	620
2020-12-17	13.4	13.4	13.18	13.18	570
2020-12-18	13.17	13.33	13.17	13.33	12150
2020-12-21	13.33	13.66	13.33	13.6	650
2020-12-22	13.4	13.6	13.4	13.5	830
2020-12-23	13.52	13.52	13.52	13.52	590
2020-12-24	13.52	13.9	13.52	13.9	2130
2020-12-25	13.89	14.02	13.36	13.85	7700
2020-12-28	13.7	13.73	13.6	13.6	450
2020-12-29	13.64	13.78	13.64	13.78	1970
2020-12-30	13.84	13.84	13.78	13.78	2030
2020-12-31	13.86	13.95	13.73	13.95	4750
2021-01-04	14.92	14.92	14.0	14.15	31700
2021-01-05	14.23	14.44	14.23	14.34	26200
2021-01-06	14.49	14.7	14.4	14.7	32700
2021-01-07	14.7	14.73	14.45	14.73	37400
2021-01-08	14.86	15.07	14.82	14.83	47000
2021-01-11	15.2	15.2	14.83	15.0	24600
2021-01-12	15.0	15.45	15.0	15.45	81100
2021-01-13	15.45	15.55	14.99	14.99	79600
2021-01-14	16.0	16.0	15.0	16.0	32200
2021-01-15	15.98	16.0	15.25	15.32	42100
2021-01-18	15.35	15.8	15.29	15.8	36100
2021-01-19	16.03	16.03	14.89	14.89	21300
2021-01-20	15.0	15.09	14.31	14.31	7000
2021-01-21	14.66	14.96	14.31	14.96	58500
2021-01-22	14.79	15.07	14.79	15.0	35400
2021-01-25	15.0	15.13	15.0	15.07	53400
2021-01-26	15.28	15.28	14.51	14.73	36600
2021-01-27	14.73	14.73	14.27	14.27	15900
2021-01-28	13.9	13.9	13.3	13.46	14800
2021-01-29	13.59	13.72	13.46	13.59	48800
2021-02-01	13.69	13.8	13.55	13.72	31000
2021-02-02	13.65	13.92	13.36	13.92	30700
2021-02-03	13.95	14.49	13.95	14.48	38800
2021-02-04	14.48	14.53	14.36	14.48	39100
2021-02-05	14.4	14.62	14.4	14.62	34800
2021-02-08	14.64	14.7	14.07	14.08	26000
2021-02-09	14.08	14.51	14.07	14.51	45100
2021-02-17	14.72	15.12	14.72	15.11	32400
2021-02-18	15.11	15.3	15.0	15.3	33200
2021-02-19	15.64	15.64	15.24	15.24	37600
2021-02-22	15.5	15.5	15.28	15.28	35700
2021-02-23	15.3	15.35	15.19	15.35	43800
2021-02-24	15.41	15.43	15.3	15.3	26100
2021-02-25	15.25	15.25	15.0	15.1	46400
2021-02-26	15.1	15.18	15.0	15.18	30800
2021-03-01	15.33	15.54	15.24	15.54	35700
2021-03-02	15.49	15.6	15.33	15.4	43500
2021-03-03	15.4	15.54	15.4	15.54	34400
2021-03-04	15.46	15.46	15.45	15.45	12300
2021-03-05	15.35	15.35	14.99	15.11	33000
2021-03-08	15.11	15.25	15.01	15.16	31800
2021-03-09	14.94	14.99	14.91	14.99	30000
2021-03-10	15.05	15.08	15.04	15.08	30100
2021-03-11	15.12	15.42	15.1	15.38	32000
2021-03-12	15.9	15.9	15.33	15.39	35000
2021-03-15	15.39	15.46	15.38	15.4	53200
2021-03-16	15.41	15.47	15.3	15.33	19800
2021-03-17	15.29	15.42	15.29	15.38	63200
2021-03-18	15.35	15.57	15.35	15.57	31000
2021-03-19	15.5	15.65	15.5	15.61	36900
2021-03-22	15.61	15.62	15.53	15.57	30300
2021-03-23	15.52	15.52	15.38	15.43	28800
2021-03-24	15.3	15.4	15.1	15.1	42500
2021-03-25	15.41	15.41	15.09	15.13	41400
2021-03-26	15.13	15.6	14.95	15.04	33800
2021-03-29	15.27	15.27	15.18	15.18	40700
2021-03-30	15.35	15.53	15.25	15.53	56800
2021-03-31	15.09	15.75	15.09	15.57	52000
2021-04-01	15.63	15.92	15.63	15.92	31200
2021-04-02	16.44	16.44	15.92	16.0	16700
2021-04-05	16.2	16.2	16.0	16.0	31500
2021-04-06	15.9	16.31	15.9	16.26	50600
2021-04-07	16.26	16.29	16.24	16.29	31200
2021-04-08	16.2	16.29	16.19	16.27	36500
2021-04-09	16.21	16.29	16.15	16.15	42800
2021-04-12	16.25	16.41	16.2	16.28	41100
2021-04-13	16.46	16.84	16.46	16.81	30900
2021-04-14	17.0	17.0	16.4	16.5	35500
2021-04-15	16.74	16.92	16.65	16.7	63300
2021-04-16	17.8	17.8	16.56	16.56	34500
2021-04-19	16.56	16.59	16.5	16.56	42000
2021-04-20	16.95	17.0	16.83	17.0	2300
2021-04-22	17.0	17.0	16.72	16.86	32900
2021-04-23	16.81	16.81	16.28	16.36	34700
2021-04-26	16.45	16.68	16.36	16.36	40900
2021-04-27	16.36	16.42	16.25	16.38	39600
2021-04-28	16.57	16.57	16.45	16.51	34100
2021-04-29	16.51	16.6	16.51	16.51	42500
2021-05-04	16.52	16.9	16.46	16.9	35600
2021-05-05	18.04	18.04	17.0	17.1	45200
2021-05-06	17.97	17.97	17.07	17.07	21500
2021-05-07	17.04	17.14	16.92	17.14	48900
2021-05-10	17.0	17.19	16.82	17.19	33000
2021-05-11	17.24	17.35	17.24	17.29	33300
2021-05-12	17.26	17.29	17.09	17.26	36700
2021-05-13	17.3	17.42	17.3	17.4	41400
2021-05-14	17.4	17.43	17.32	17.38	41300
2021-05-17	17.38	17.48	17.33	17.33	40100
2021-05-18	17.33	17.33	17.28	17.3	33800
2021-05-19	17.31	17.8	17.3	17.57	41000
2021-05-20	17.57	17.73	17.52	17.73	35600
2021-05-21	17.36	17.85	17.36	17.85	36500
2021-05-24	17.85	17.94	17.84	17.93	43500
2021-05-25	17.9	18.05	17.9	18.05	39300
2021-05-26	18.02	18.18	18.02	18.17	35200
2021-05-27	18.17	18.2	17.87	17.95	49200
2021-05-28	18.01	18.29	18.01	18.29	43100
2021-05-31	18.29	18.31	18.07	18.29	46900
2021-06-01	18.29	18.58	18.29	18.55	16600
2021-06-02	18.55	18.75	18.55	18.75	35400
2021-06-03	18.66	18.75	18.51	18.71	118800
2021-06-04	18.8	18.95	18.8	18.95	31200
2021-06-07	18.96	18.98	18.45	18.62	47400
2021-06-08	18.7	18.76	18.62	18.76	43500
2021-06-09	18.75	18.75	18.5	18.56	32900
2021-06-10	18.5	18.57	18.26	18.33	45200
2021-06-11	18.66	19.61	18.2	18.6	47500
2021-06-14	18.6	18.8	18.6	18.8	33400
2021-06-15	18.76	18.8	18.7	18.79	31700
2021-06-16	18.7	18.71	18.53	18.57	33600
2021-06-17	18.45	18.5	18.28	18.5	37000
2021-06-18	18.5	18.71	18.5	18.68	30900
2021-06-21	18.6	18.79	18.6	18.7	40100
2021-06-22	18.98	18.98	18.65	18.72	34600
2021-06-23	18.9	18.9	18.69	18.69	44700
2021-06-24	18.85	18.85	18.7	18.74	49300
2021-06-25	18.71	18.78	18.64	18.74	32400
2021-06-28	18.85	19.03	18.85	19.02	33100
2021-06-29	19.05	19.19	18.96	19.15	41300
2021-06-30	19.19	19.4	19.18	19.4	40800
2021-07-01	19.4	19.4	19.22	19.28	39600
2021-07-02	19.47	19.49	19.41	19.41	31500
2021-07-05	19.47	19.49	19.28	19.49	60100
2021-07-06	19.5	19.54	19.2	19.2	43200
2021-07-07	19.09	19.09	18.37	19.09	35900
2021-07-08	18.88	19.05	18.87	18.87	44500
2021-07-09	17.6	18.96	17.6	18.66	47400
2021-07-12	18.66	18.66	17.95	17.95	48600
2021-07-13	18.0	18.05	17.8	17.8	38100
2021-07-14	17.8	18.02	17.6	17.6	39200
2021-07-15	17.65	17.91	17.64	17.9	37200
2021-07-16	17.89	18.03	17.82	17.95	48700
2021-07-19	17.95	17.95	17.27	17.27	44900
2021-07-20	17.27	17.64	17.15	17.64	33300
2021-07-21	17.5	17.8	17.5	17.56	32500
2021-07-22	17.56	17.95	17.51	17.95	46200
2021-07-23	17.95	17.95	17.71	17.72	43500
2021-07-26	17.7	17.7	17.0	17.55	70800
2021-07-27	17.68	17.79	17.66	17.66	34600
2021-07-28	17.66	17.68	17.58	17.65	30800
2021-07-29	17.71	17.79	17.71	17.75	32300
2021-07-30	17.9	18.12	17.9	18.11	49000
2021-08-02	18.11	18.32	17.64	18.32	193400
2021-08-03	18.2	18.58	18.16	18.58	86500
2021-08-04	18.58	18.58	18.18	18.45	84400
2021-08-05	18.1	18.6	18.07	18.6	97700
2021-08-06	18.6	18.71	18.57	18.71	111000
2021-08-09	17.8	18.6	17.8	18.6	169800
2021-08-10	18.67	18.8	18.65	18.8	79400
2021-08-11	18.36	18.8	18.36	18.8	74800
2021-08-12	18.8	18.8	18.5	18.54	71500
2021-08-13	18.59	18.59	18.3	18.31	56700
2021-08-16	19.0	19.0	18.62	18.75	114600
2021-08-17	18.65	18.95	18.57	18.95	65400
2021-08-18	18.7	18.88	18.7	18.88	73000
2021-08-19	18.66	18.88	18.61	18.67	84900
2021-08-20	18.68	18.72	18.17	18.17	66200
2021-08-23	18.17	18.17	17.9	17.93	95000
2021-08-24	17.9	18.0	17.64	17.85	92500
2021-08-25	17.79	17.85	17.65	17.85	62300
2021-08-26	17.81	18.01	17.64	17.76	75000
2021-08-27	17.7	17.84	17.5	17.8	60900
2021-08-30	17.86	18.09	17.86	18.09	64600
2021-08-31	18.0	18.18	18.0	18.15	54800
2021-09-01	17.3	18.16	17.3	18.15	61500
2021-09-06	18.5	18.5	18.16	18.29	102000
2021-09-07	18.22	18.7	18.22	18.7	76800
2021-09-08	18.1	18.29	17.82	18.21	75900
2021-09-09	17.96	18.26	17.96	18.26	32900
2021-09-10	18.26	18.35	18.2	18.3	36400
2021-09-13	18.3	18.42	18.23	18.35	99500
2021-09-14	18.42	18.42	18.15	18.3	57600
2021-09-15	18.4	18.4	17.98	18.28	37800
2021-09-16	18.3	18.38	18.22	18.26	42300
2021-09-17	18.36	18.39	18.27	18.35	35500
2021-09-20	19.6	19.6	18.4	18.4	36000
2021-09-21	18.3	18.7	18.08	18.09	39900
2021-09-22	18.09	18.33	18.05	18.32	34100
2021-09-23	18.32	18.51	18.32	18.42	37200
2021-09-24	18.42	18.43	18.31	18.33	33200
2021-09-27	19.0	19.0	18.2	18.35	33000
2021-09-28	18.35	18.35	18.07	18.21	89200
2021-09-29	18.35	18.35	18.14	18.19	39300
2021-09-30	18.26	18.35	18.26	18.35	39800
2021-10-01	18.35	18.35	18.14	18.17	31600
2021-10-04	18.13	18.14	18.02	18.14	35200
2021-10-05	18.22	18.26	18.15	18.24	34300
2021-10-06	18.27	18.34	18.27	18.28	31800
2021-10-07	18.38	18.44	18.34	18.34	32000
2021-10-08	18.46	18.49	18.34	18.49	48600
2021-10-11	19.0	19.0	18.65	18.96	39800
2021-10-12	18.91	18.98	18.84	18.87	36600
2021-10-13	19.05	19.05	18.97	19.01	31800
2021-10-14	18.8	18.98	18.8	18.97	30800
2021-10-15	19.6	19.6	18.94	19.0	34100
2021-10-18	19.1	19.1	18.94	19.0	43700
2021-10-19	19.05	19.05	18.89	19.0	32100
2021-10-20	19.0	19.0	18.9	18.9	32200
2021-10-21	18.9	18.95	18.83	18.83	32900
2021-10-22	18.8	18.84	18.7	18.84	42100
2021-10-25	18.84	18.84	18.73	18.73	36200
2021-10-26	18.7	18.7	18.52	18.52	32000
2021-10-27	18.78	19.12	18.75	19.12	32300
2021-10-28	19.15	19.31	19.12	19.31	38100
2021-10-29	19.35	19.35	19.22	19.33	34700
2021-11-01	19.33	19.34	19.2	19.2	51500
2021-11-02	19.25	19.3	19.25	19.3	35100
2021-11-03	19.39	19.5	19.32	19.48	34600
2021-11-04	19.48	19.5	19.4	19.4	34000
2021-11-05	19.42	19.45	19.39	19.39	31700
2021-11-08	19.5	19.6	19.49	19.6	36700
2021-11-09	19.68	19.8	19.45	19.45	41500
2021-11-10	19.48	19.54	19.44	19.5	38400
2021-11-11	19.53	19.6	19.3	19.6	45200
2021-11-12	19.46	19.5	19.35	19.5	36000
2021-11-15	19.66	19.7	19.49	19.7	38700
2021-11-16	19.75	19.75	19.52	19.61	38000
2021-11-17	19.68	19.68	19.57	19.62	38600
2021-11-18	19.79	20.12	19.6	20.12	50700
2021-11-19	20.02	20.02	19.62	19.68	41800
2021-11-22	19.65	20.01	19.56	19.69	36500
2021-11-23	19.69	19.83	19.58	19.83	61200
2021-11-24	19.83	20.24	19.83	20.24	35500
2021-11-25	20.38	20.38	20.23	20.24	37000
2021-11-26	20.28	20.44	20.2	20.26	74300
2021-11-29	20.26	21.67	20.06	20.27	51300
2021-11-30	20.27	20.27	19.95	20.12	52100
2021-12-01	20.12	20.12	19.96	20.06	34300
2021-12-02	20.07	20.23	20.07	20.07	48700
2021-12-03	20.08	20.09	19.98	19.99	36200
2021-12-06	19.99	19.99	19.06	19.06	45500
2021-12-07	19.23	19.85	19.23	19.85	40300
2021-12-08	19.85	19.85	19.58	19.59	39200
2021-12-09	20.4	20.4	19.61	19.8	34600
2021-12-10	20.25	20.25	19.64	20.01	40500
2021-12-13	20.25	20.25	19.73	19.73	45700
2021-12-14	19.83	19.9	19.73	19.78	36600
2021-12-15	19.78	19.87	19.73	19.79	21200
2021-12-16	19.81	19.86	19.61	19.61	38400
2021-12-17	19.77	19.86	19.71	19.79	31700
2021-12-20	19.81	19.81	19.64	19.65	71400
2021-12-21	19.63	19.84	19.63	19.76	38100
2021-12-22	19.88	19.89	19.69	19.7	38400
2021-12-23	19.74	19.75	19.4	19.45	39200
2021-12-24	19.4	19.74	19.4	19.57	57700
2021-12-27	19.9	19.9	19.7	19.83	38600
2021-12-28	19.91	20.0	19.89	19.94	44500
2021-12-29	20.01	20.1	20.01	20.03	36000
2021-12-30	20.04	20.12	20.0	20.08	36700
2021-12-31	20.09	21.48	20.09	21.48	44700
2022-01-04	20.76	20.76	20.33	20.61	57200
2022-01-05	20.6	20.6	20.45	20.58	41500
2022-01-06	20.58	20.58	20.38	20.42	38600
2022-01-07	20.5	20.5	20.3	20.45	53500
2022-01-10	20.5	20.5	20.19	20.24	82400
2022-01-11	20.22	20.22	19.9	19.9	53200
2022-01-12	20.03	21.0	19.7	20.01	45800
2022-01-13	20.14	20.34	20.14	20.28	34900
2022-01-14	20.4	20.4	19.98	19.98	59800
2022-01-17	20.4	20.4	19.56	19.57	62500
2022-01-18	19.81	20.7	19.05	20.7	76200
2022-01-19	20.65	20.65	19.3	19.4	46700
2022-01-20	19.44	19.49	19.43	19.46	36500
2022-01-21	19.66	19.66	19.3	19.54	40900
2022-01-24	19.59	19.59	19.17	19.27	67900
2022-01-25	19.29	19.53	19.13	19.53	38000
2022-01-26	19.77	19.86	19.69	19.78	45600
2022-01-27	19.84	19.84	19.54	19.69	55700
2022-01-28	19.74	19.93	19.74	19.93	37500
2022-02-07	20.0	20.13	19.99	19.99	53000
2022-02-08	20.11	20.11	19.87	20.03	47200
2022-02-09	20.8	20.8	20.07	20.48	124800
2022-02-10	20.48	20.49	20.04	20.04	100000
2022-02-11	20.43	20.43	20.01	20.21	75300
2022-02-14	20.23	20.23	19.82	19.97	117400
2022-02-15	19.7	20.0	19.7	20.0	50900
2022-02-16	21.1	21.1	19.8	19.83	103500
2022-02-17	21.0	21.0	19.85	20.05	65000
2022-02-18	20.06	20.06	19.86	19.93	58100
2022-02-21	20.13	20.13	19.93	20.1	52900
2022-02-22	20.1	20.19	19.75	19.96	140600
2022-02-23	20.07	20.2	19.96	20.1	69300
2022-02-24	20.1	20.5	19.85	19.96	82900
2022-02-25	20.08	20.1	19.97	20.06	69400
2022-02-28	20.07	20.08	19.87	20.0	77600
2022-03-01	20.45	20.45	19.9	20.06	95400
2022-03-02	20.06	20.08	19.71	19.81	89500
2022-03-03	20.1	21.18	19.79	21.18	636100
2022-03-04	20.89	20.89	19.96	20.52	88800
2022-03-07	20.52	20.64	20.05	20.64	55100
2022-03-08	20.65	20.65	19.63	19.94	236900
2022-03-09	20.45	20.45	19.5	19.89	161400
2022-03-10	20.29	20.29	19.56	19.7	173700
2022-03-11	19.8	19.8	19.3	19.3	278000
2022-03-14	19.52	19.95	19.3	19.95	75400
2022-03-15	19.38	19.4	19.17	19.3	167900
2022-03-16	19.46	19.52	19.36	19.52	66500
2022-03-17	19.57	19.57	19.47	19.5	49600
2022-03-18	19.65	19.66	19.47	19.6	46600
2022-03-21	19.65	19.79	19.6	19.79	60700
2022-03-22	20.0	20.0	19.6	19.98	64100
2022-03-23	19.98	20.0	19.91	19.95	71800
2022-03-24	19.95	19.95	19.81	19.9	62400
2022-03-25	19.91	19.95	19.83	19.9	67600
2022-03-28	19.9	19.97	19.63	19.77	77300
2022-03-29	19.8	19.91	19.79	19.8	62000
2022-03-30	19.78	20.05	19.78	19.83	68000
2022-03-31	19.9	20.42	19.84	19.97	49200
2022-04-01	20.0	20.31	19.97	20.21	125800
2022-04-04	20.22	20.46	20.22	20.4	80100
2022-04-05	20.46	20.52	20.29	20.35	80700
2022-04-06	20.35	20.56	20.28	20.56	60200
2022-04-07	20.56	20.57	20.43	20.43	73300
2022-04-08	20.41	20.46	20.08	20.4	124000
2022-04-12	20.9	20.9	19.81	20.0	131700
2022-04-13	19.8	19.96	19.8	19.93	73300
2022-04-14	20.07	20.07	19.85	19.91	69500
2022-04-15	20.34	20.34	19.66	20.0	111100
2022-04-18	20.35	20.35	19.31	19.94	184700
2022-04-19	19.66	19.93	19.0	19.0	214600
2022-04-20	19.35	19.65	18.83	18.98	140500
2022-04-21	19.0	20.0	18.4	18.76	121900
2022-04-22	19.5	19.91	18.6	18.65	111600
2022-04-25	19.28	19.95	18.03	18.04	190200
2022-04-26	18.18	19.15	17.58	19.15	109200
2022-05-04	19.4	19.89	18.64	19.21	82500
2022-05-05	19.33	19.99	18.59	19.15	152100
2022-05-06	19.15	19.8	18.26	18.7	163200
2022-05-09	18.71	19.7	18.1	18.4	89900
2022-05-10	18.41	18.41	18.1	18.27	82100
2022-05-11	18.42	19.0	17.51	18.33	94200
2022-05-12	17.65	19.4	17.52	17.85	137600
2022-05-13	18.0	18.2	16.97	18.2	108500
2022-05-16	18.0	18.2	16.99	17.41	138600
2022-05-17	16.7	17.41	16.2	17.16	157500
2022-05-18	18.05	18.05	16.88	16.94	83800
2022-05-19	17.3	17.6	16.7	16.91	73100
2022-05-23	16.0	16.72	16.0	16.07	152700
2022-05-24	16.11	16.65	15.96	16.16	70600
2022-05-25	17.15	17.15	16.3	16.7	49400
2022-05-26	16.8	17.0	16.63	17.0	69800
2022-05-27	17.0	17.06	16.8	16.99	62100
2022-05-30	17.24	17.24	17.0	17.08	58500
2022-05-31	17.08	17.3	16.92	17.2	70900
2022-06-01	17.19	17.19	16.98	17.01	70200
2022-06-02	17.19	17.35	16.98	17.01	75200
2022-06-03	17.0	17.05	16.86	17.05	61700
2022-06-06	17.07	17.25	16.8	16.8	70600
2022-06-07	17.4	17.4	16.6	16.82	82200
2022-06-08	16.93	17.51	16.87	17.18	92100
2022-06-09	17.35	17.35	16.5	16.5	166700
2022-06-10	17.17	17.19	17.0	17.0	49100
2022-06-13	16.63	17.0	16.2	16.28	154000
2022-06-14	16.28	16.34	16.08	16.2	92400
2022-06-15	16.9	16.9	15.82	16.68	74700
2022-06-16	16.78	17.71	16.18	16.84	157900
2022-06-17	16.77	18.0	15.67	16.8	124600
2022-06-20	16.02	16.8	15.69	15.86	94500
2022-06-21	15.6	15.77	15.5	15.5	75500
2022-06-22	15.5	15.82	15.31	15.39	127800
2022-06-23	15.45	15.51	15.35	15.51	56400
2022-06-24	15.74	15.88	15.67	15.88	45100
2022-06-27	15.84	15.89	15.75	15.85	61500
2022-06-28	15.99	16.19	15.85	16.0	54800
2022-06-29	16.1	17.12	16.0	16.12	212300
2022-06-30	16.24	16.59	16.06	16.19	56500
2022-07-01	16.13	17.32	15.7	16.1	172400
2022-07-04	16.18	16.18	15.8	15.97	140200
2022-07-05	16.0	16.01	15.82	15.86	58300
2022-07-06	15.86	16.97	15.5	16.1	397400
2022-07-07	15.71	17.0	15.41	15.69	73300
2022-07-08	15.73	15.79	15.55	15.74	58200
2022-07-11	15.74	16.0	15.31	15.4	91600
2022-07-12	15.48	16.0	15.37	16.0	68300
2022-07-13	15.66	15.67	15.5	15.62	61300
2022-07-14	15.62	15.63	15.45	15.62	53300
2022-07-15	15.69	15.71	15.6	15.68	63600
2022-07-18	15.7	15.72	15.52	15.64	72400
2022-07-19	15.65	15.65	15.58	15.59	42500
2022-07-20	15.85	15.95	15.72	15.95	327700
2022-07-21	15.97	15.97	15.82	15.93	85100
2022-07-22	16.0	16.0	15.84	15.84	72600
2022-07-25	15.86	15.9	15.77	15.9	57900
2022-07-26	15.77	15.88	15.66	15.7	90300
2022-07-27	15.7	15.72	15.65	15.71	50300
2022-07-28	15.87	16.0	15.81	16.0	69500
2022-07-29	15.96	16.32	15.88	15.89	78800
2022-08-01	16.0	16.4	15.9	15.9	66800
2022-08-02	16.25	16.3	16.0	16.3	75300
2022-08-03	16.31	16.4	16.18	16.4	79700
2022-08-04	16.4	16.41	16.32	16.39	49700
2022-08-05	16.48	16.48	16.31	16.39	57800
2022-08-08	16.44	16.52	16.42	16.5	69500
2022-08-09	16.52	16.74	16.52	16.74	79100
2022-08-10	16.73	16.73	16.48	16.5	179900
2022-08-11	16.9	16.9	16.48	16.49	72300
2022-08-12	16.51	16.68	16.44	16.57	51300
2022-08-15	16.63	16.66	16.62	16.64	68500
2022-08-16	16.77	16.77	16.64	16.7	103900
2022-08-17	16.8	16.81	16.7	16.76	74400
2022-08-18	16.75	16.8	16.68	16.71	78100
2022-08-19	17.24	17.24	16.56	16.56	62100
2022-08-22	16.63	16.63	16.48	16.56	98000
2022-08-23	16.99	16.99	16.38	16.73	86500
2022-08-24	17.0	17.0	16.6	16.7	72300
2022-08-25	16.7	17.0	16.7	17.0	59200
2022-08-26	16.88	17.3	16.88	17.2	298400
2022-08-29	17.09	17.2	16.3	17.2	93800
2022-08-30	17.2	17.2	16.68	16.76	49600
2022-08-31	16.66	17.08	16.6	17.08	29000
2022-09-05	17.08	17.08	16.55	16.95	96900
2022-09-06	17.2	17.2	16.64	16.8	73500
2022-09-07	16.75	16.75	16.41	16.42	257000
2022-09-08	16.5	16.5	16.18	16.24	84000
2022-09-09	16.16	16.29	16.14	16.29	86000
2022-09-12	16.67	16.67	16.41	16.42	134700
2022-09-13	16.67	16.8	16.28	16.39	65100
2022-09-14	16.1	16.39	16.08	16.2	63900
2022-09-15	16.31	16.35	16.25	16.35	44800
2022-09-16	16.31	16.32	16.01	16.17	69500
2022-09-19	16.17	16.18	15.78	15.86	125700
2022-09-20	15.98	15.98	15.69	15.9	98800
2022-09-21	15.91	15.91	15.7	15.79	64400
2022-09-22	15.69	15.99	15.53	15.99	65100
2022-09-23	15.84	15.84	15.62	15.76	61200
2022-09-26	15.7	15.7	15.15	15.48	92800
2022-09-27	15.49	15.49	15.2	15.2	101600
2022-09-28	15.14	15.2	14.98	15.01	102000
2022-09-29	15.08	16.0	15.0	15.05	66200
2022-09-30	15.02	15.02	14.54	15.0	81300
2022-10-03	15.12	15.13	14.1	14.1	126200
2022-10-04	14.33	14.35	14.02	14.02	101600
2022-10-05	14.11	14.45	14.11	14.45	245100
2022-10-06	14.5	14.5	13.85	13.91	121300
2022-10-07	14.0	14.04	13.18	13.18	133500
2022-10-10	13.2	14.01	13.0	13.31	105100
2022-10-11	14.21	14.21	12.65	12.8	118200
2022-10-12	13.69	13.69	12.8	13.29	80800
2022-10-13	13.32	13.32	13.0	13.21	54900
2022-10-14	13.23	13.71	13.23	13.5	51000
2022-10-17	13.37	13.45	13.0	13.45	91800
2022-10-18	14.08	14.08	13.57	13.6	49500
2022-10-19	13.7	13.7	13.27	13.3	51400
2022-10-20	13.4	13.53	13.3	13.39	44000
2022-10-21	13.4	13.4	12.8	12.85	68200
2022-10-24	12.86	12.88	12.18	12.38	135900
2022-10-25	12.38	12.71	12.21	12.55	90400
2022-10-26	12.55	12.67	12.34	12.61	66700
2022-10-27	12.71	13.1	12.59	13.03	57400
2022-10-28	13.19	13.33	12.95	13.11	55900
2022-10-31	13.11	13.22	12.77	13.08	60500
2022-11-01	13.31	13.39	12.96	13.18	108500
2022-11-02	13.28	13.28	12.9	13.03	60300
2022-11-03	13.01	13.12	12.91	13.01	49600
2022-11-04	12.9	12.9	12.19	12.88	165800
2022-11-07	12.87	12.95	12.34	12.52	155900
2022-11-08	12.75	12.75	12.15	12.5	69500
2022-11-09	12.51	12.57	12.22	12.48	68500
2022-11-10	12.4	12.4	11.61	11.8	142400
2022-11-11	12.0	12.14	11.88	12.1	86700
2022-11-14	11.9	11.9	11.62	11.72	97800
2022-11-15	11.7	12.5	11.08	12.5	132100
2022-11-16	11.75	12.5	11.66	11.92	89000
2022-11-17	11.94	12.2	11.86	12.2	93900
2022-11-18	12.2	12.2	11.8	12.19	49000
2022-11-21	12.25	12.25	11.78	11.88	93900
2022-11-22	11.89	12.14	11.05	11.94	112200
2022-11-23	11.91	11.91	11.5	11.74	105400
2022-11-24	11.73	11.73	11.55	11.69	35200
2022-11-25	11.69	12.03	11.69	12.03	62200
2022-11-28	12.04	12.6	12.04	12.5	63800
2022-11-29	12.5	13.23	12.4	13.23	77200
2022-11-30	13.23	13.25	12.78	13.25	52600
2022-12-01	13.5	13.5	13.07	13.08	69700
2022-12-02	13.01	13.75	12.94	13.51	87400
2022-12-05	13.75	14.05	13.72	13.72	102500
2022-12-06	13.8	13.8	13.35	13.35	57300
2022-12-07	13.1	13.35	13.08	13.09	306400
2022-12-08	13.48	13.78	13.3	13.51	52400
2022-12-09	13.39	13.52	13.21	13.49	54600
2022-12-12	13.7	13.7	13.2	13.29	73300
2022-12-13	13.3	13.37	13.02	13.37	73400
2022-12-14	13.5	13.5	13.27	13.4	53400
2022-12-15	13.57	13.58	13.4	13.48	203600
2022-12-16	13.49	13.59	13.39	13.58	45800
2022-12-19	13.55	13.65	13.4	13.45	70600
2022-12-20	13.45	13.45	12.91	13.11	77100
2022-12-21	13.13	13.16	13.01	13.15	63700
2022-12-22	13.15	13.3	13.1	13.28	51400
2022-12-23	13.24	13.7	13.03	13.59	135900
2022-12-26	13.5	13.5	12.74	12.82	82800
2022-12-27	12.8	12.81	12.64	12.81	76000
2022-12-28	13.19	13.19	12.7	12.9	34000
2022-12-29	13.07	13.07	12.84	12.91	46000
2022-12-30	12.91	12.99	12.85	12.95	48500
2023-01-03	12.95	13.39	12.93	13.39	72100
2023-01-04	13.38	13.53	13.38	13.42	89600
2023-01-05	13.42	13.64	13.42	13.64	92600
2023-01-06	13.59	13.68	13.47	13.57	109800
2023-01-09	13.57	13.65	13.5	13.62	75000
2023-01-10	13.75	13.75	13.41	13.5	86900
2023-01-11	13.84	13.84	13.53	13.72	92200
2023-01-12	13.72	13.76	13.51	13.51	67900
2023-01-13	13.65	13.7	13.6	13.66	46600
2023-01-16	13.74	13.91	13.63	13.91	82700
2023-01-17	14.0	14.01	13.8	14.01	99700
2023-01-18	14.25	14.4	14.03	14.3	122700
2023-01-19	14.26	14.34	14.2	14.32	89800
2023-01-27	14.88	14.88	14.43	14.58	143000
2023-01-30	14.78	14.8	14.4	14.59	163700
2023-01-31	14.79	14.79	14.2	14.52	99400
2023-02-01	14.45	14.72	14.09	14.17	204600
2023-02-02	14.17	14.17	13.82	14.04	81300
2023-02-03	14.05	14.34	13.85	13.91	65300
2023-02-06	14.11	14.11	13.72	13.92	98600
2023-02-07	14.13	14.13	13.55	13.83	100500
2023-02-08	13.61	13.75	13.6	13.75	73900
2023-02-09	13.75	13.75	13.55	13.59	92300
2023-02-10	13.59	13.59	13.29	13.44	115900
2023-02-13	13.45	13.45	13.0	13.2	118300
2023-02-14	13.7	13.7	13.1	13.22	81700
2023-02-15	13.2	13.38	13.11	13.19	73200
2023-02-16	13.32	13.37	13.2	13.37	107700
2023-02-17	13.49	13.49	13.21	13.39	58600
2023-02-20	13.43	13.97	13.4	13.97	95100
2023-02-21	13.97	13.97	13.7	13.72	99300
2023-02-22	13.68	13.68	13.42	13.48	155900
2023-02-23	13.48	14.0	13.05	13.84	124400
2023-02-24	13.74	13.74	13.02	13.08	129900
2023-02-27	13.06	13.1	12.78	12.84	113300
2023-02-28	13.0	13.03	12.84	12.87	87600
2023-03-01	12.88	13.78	12.74	13.15	69600
2023-03-02	13.16	13.2	13.02	13.09	81200
2023-03-03	13.05	13.13	12.82	12.89	92500
2023-03-06	13.0	13.16	12.88	12.9	92500
2023-03-07	13.19	13.2	12.98	13.01	50100
2023-03-08	13.19	13.2	12.89	13.2	94100
2023-03-09	13.25	13.3	13.15	13.3	61900
2023-03-10	13.26	13.27	13.15	13.22	69200
2023-03-13	13.22	13.35	13.18	13.33	72500
2023-03-14	13.29	13.29	13.03	13.2	96800
2023-03-15	13.22	13.42	13.22	13.36	60500
2023-03-16	13.36	13.36	13.18	13.18	118600
2023-03-17	13.24	13.32	13.17	13.3	52200
2023-03-20	13.11	13.11	12.9	12.99	139100
2023-03-21	13.01	13.11	12.87	13.01	52400
2023-03-22	13.03	13.17	12.99	13.13	40200
2023-03-23	13.13	13.14	12.93	13.14	53900
2023-03-24	13.21	13.3	13.14	13.2	47700
2023-03-27	13.19	13.28	13.18	13.18	98900
2023-03-28	13.21	13.4	13.21	13.35	78900
2023-03-29	13.57	13.57	13.21	13.42	74800
2023-03-30	13.42	13.54	13.4	13.45	63300
2023-03-31	13.64	13.64	13.41	13.51	53900
2023-04-03	13.61	13.7	13.51	13.7	87400
2023-04-04	13.69	13.75	13.6	13.67	69400
2023-04-05	13.75	13.76	12.9	13.7	61700
2023-04-06	13.89	13.89	13.64	13.66	140200
2023-04-07	13.66	13.66	13.5	13.59	71600
2023-04-10	13.74	13.74	13.55	13.64	93800
2023-04-11	13.64	13.64	13.5	13.55	90300
2023-04-12	13.55	13.7	13.55	13.6	60000
2023-04-13	13.6	13.79	13.5	13.61	70200
2023-04-14	13.6	13.67	13.55	13.55	76400
2023-04-17	13.5	13.63	13.44	13.59	86400
2023-04-18	13.58	13.6	13.45	13.6	64700
2023-04-19	13.6	13.6	13.43	13.43	87800
2023-04-20	13.4	13.48	13.36	13.45	57200
2023-04-21	13.5	13.5	13.3	13.47	84300
2023-04-24	13.47	13.47	13.26	13.32	108400
2023-04-25	13.33	13.33	13.18	13.19	77300
2023-04-26	13.16	13.17	13.08	13.15	118300
2023-04-27	13.97	13.97	13.17	13.2	69600
2023-04-28	13.4	13.4	13.28	13.35	48800
2023-05-04	13.35	13.35	13.18	13.29	140900
2023-05-05	13.29	13.29	13.15	13.26	72000
2023-05-08	13.26	13.35	13.25	13.35	64100
2023-05-09	13.75	13.75	13.32	13.44	57300
2023-05-10	13.4	13.4	13.36	13.38	58900
2023-05-11	13.4	13.5	13.38	13.45	57300
2023-05-12	13.46	13.5	13.38	13.5	98800
2023-05-15	13.5	13.7	13.5	13.61	93400
2023-05-16	13.6	13.66	13.54	13.56	86700
2023-05-17	13.56	13.6	13.52	13.52	49100
2023-05-18	13.52	13.6	13.49	13.6	80400
2023-05-19	13.68	13.68	13.45	13.64	90400
2023-05-22	13.64	13.65	13.55	13.59	53600
2023-05-23	13.63	13.66	13.49	13.49	73900
2023-05-24	13.65	13.65	13.5	13.51	53500
2023-05-25	13.5	13.55	13.41	13.54	62700
2023-05-26	13.55	13.55	13.5	13.52	40800
2023-05-29	13.52	13.63	13.51	13.63	79500
2023-05-30	13.68	13.68	13.63	13.65	62400
2023-05-31	13.65	13.75	13.65	13.71	75400
2023-06-01	13.78	13.78	13.6	13.66	103700
2023-06-02	13.7	13.92	13.7	13.9	103700
2023-06-05	14.02	14.12	14.0	14.06	98700
2023-06-06	14.09	14.14	14.0	14.12	58800
2023-06-07	14.14	14.21	14.12	14.16	96900
2023-06-08	14.16	14.26	14.1	14.1	89800
2023-06-09	14.12	14.12	14.0	14.12	97300
2023-06-12	14.28	14.6	14.02	14.13	104900
2023-06-13	14.18	14.37	14.18	14.34	85600
2023-06-14	14.34	14.47	14.34	14.38	73800
2023-06-15	14.37	14.37	14.17	14.33	118000
2023-06-16	14.34	14.46	14.18	14.23	63700
2023-06-19	14.25	14.25	14.04	14.19	95900
2023-06-20	14.21	14.24	14.11	14.16	58800
2023-06-21	14.25	14.28	14.16	14.26	67600
2023-06-22	14.29	14.49	14.26	14.48	62200
2023-06-23	14.47	15.11	14.47	14.69	95400
2023-06-26	14.69	14.69	14.4	14.52	142300
2023-06-27	14.65	14.74	14.52	14.74	73400
2023-06-28	14.8	14.8	14.6	14.69	83100
2023-06-29	14.65	14.72	14.55	14.6	143100
2023-06-30	14.6	14.6	14.44	14.58	120100
2023-07-03	14.77	14.77	14.47	14.47	123600
2023-07-04	14.5	14.7	14.45	14.7	70600
2023-07-05	14.7	14.7	14.58	14.69	81000
2023-07-06	14.53	14.67	14.49	14.54	122500
2023-07-07	14.55	14.57	14.47	14.57	130600
2023-07-10	14.78	14.78	14.65	14.77	100900
2023-07-11	14.92	14.92	14.81	14.84	108600
2023-07-12	14.94	15.0	14.81	14.88	78300
2023-07-13	15.0	15.0	14.91	15.0	89200
2023-07-14	15.19	15.19	14.9	15.0	89900
2023-07-17	15.2	15.2	15.09	15.15	100400
2023-07-18	15.2	15.2	15.07	15.1	69900
2023-07-19	15.1	15.2	15.1	15.15	74000
2023-07-20	15.15	15.16	15.1	15.14	86400
2023-07-21	15.2	15.27	15.15	15.24	122200
2023-07-24	15.34	15.52	15.34	15.51	98100
2023-07-25	15.52	15.6	15.51	15.59	90500
2023-07-26	15.66	15.66	15.54	15.6	112100
2023-07-27	15.79	15.79	15.54	15.63	133700
2023-07-28	15.9	15.9	15.6	15.73	156600
2023-07-31	15.9	15.92	15.82	15.92	151000
2023-08-01	16.27	16.27	15.95	15.99	199400
2023-08-02	16.0	16.06	15.78	16.06	146600
2023-08-03	16.06	16.06	15.8	15.8	112500
2023-08-04	16.0	16.14	15.85	16.13	113200
2023-08-07	16.13	16.26	16.08	16.26	107600
2023-08-08	16.29	16.32	16.23	16.25	128000
2023-08-09	16.25	16.36	16.0	16.13	140700
2023-08-10	16.13	16.6	15.95	16.0	100700
2023-08-11	16.39	16.39	15.9	16.05	83900
2023-08-14	16.1	16.4	16.08	16.22	92800
2023-08-15	16.22	16.33	16.2	16.24	76000
2023-08-16	16.25	16.43	16.25	16.42	159300
2023-08-17	16.42	16.48	16.35	16.35	180500
2023-08-18	16.36	16.5	15.44	15.7	263700
2023-08-21	15.7	15.96	15.42	15.56	266000
2023-08-22	15.6	15.69	15.15	15.69	185600
2023-08-23	16.0	16.0	15.36	15.57	137700
2023-08-24	15.57	15.71	15.43	15.7	69000
2023-08-25	15.7	15.71	15.57	15.7	65300
2023-08-28	15.94	15.94	15.71	15.9	98200
2023-08-29	15.9	16.03	15.86	16.03	83600
2023-08-30	16.0	16.21	15.97	16.21	52700
2023-08-31	16.26	16.33	16.16	16.28	91200
2023-09-05	16.4	16.45	16.4	16.4	99000
2023-09-06	16.42	16.55	16.38	16.55	113100
2023-09-07	16.55	16.73	16.53	16.55	105600
2023-09-08	16.64	16.64	16.5	16.61	86800
2023-09-11	16.61	16.68	16.28	16.61	124500
2023-09-12	16.58	16.61	16.35	16.61	111600
2023-09-13	16.67	16.7	16.46	16.55	78500
2023-09-14	16.6	16.6	16.33	16.45	121800
2023-09-15	16.45	16.53	16.4	16.49	75400
2023-09-18	16.46	16.5	16.15	16.49	200600
2023-09-19	16.4	16.4	16.15	16.37	156100
2023-09-20	16.49	16.5	16.22	16.5	114500
2023-09-21	16.5	16.5	16.3	16.33	98400
2023-09-22	16.34	16.34	15.69	16.0	261900
2023-09-25	16.0	16.0	15.49	15.68	203100
2023-09-26	15.74	15.95	15.25	15.49	306500
2023-09-27	15.55	16.29	15.19	15.5	73800
2023-09-28	15.7	15.7	15.09	15.48	171800
2023-09-29	15.48	15.5	15.4	15.5	84300
2023-10-02	15.53	15.53	15.38	15.52	134300
2023-10-03	15.52	15.52	14.85	14.95	470200
2023-10-04	14.95	15.1	14.7	15.0	340100
2023-10-05	15.29	15.29	14.92	15.04	109000
2023-10-06	15.0	15.1	14.82	15.1	124700
2023-10-09	15.1	15.25	15.02	15.15	179400
2023-10-10	15.16	15.39	15.16	15.37	73100
2023-10-11	15.44	15.45	15.28	15.29	97200
2023-10-12	15.36	15.52	15.36	15.48	96900
2023-10-13	15.45	15.48	15.23	15.48	111800
2023-10-16	15.48	15.48	15.25	15.45	105500
2023-10-17	15.4	15.52	15.24	15.25	94500
2023-10-18	15.11	15.15	14.74	15.15	215600
2023-10-19	15.15	15.15	14.6	14.99	267200
2023-10-20	14.99	15.0	14.44	15.0	235600
2023-10-23	15.0	15.0	14.5	14.68	154200
2023-10-24	14.67	14.86	14.55	14.86	209700
2023-10-25	14.88	14.88	14.75	14.75	83000
2023-10-26	14.74	14.74	13.9	14.2	371400
2023-10-27	14.23	14.5	13.93	14.19	179400
2023-10-30	14.3	14.6	13.95	14.0	117000
2023-10-31	14.04	14.04	13.7	13.98	194400
2023-11-01	14.01	14.3	13.7	14.01	149700
2023-11-02	14.21	14.5	14.07	14.5	77400
2023-11-03	14.5	14.7	14.38	14.5	100600
2023-11-06	14.5	14.6	14.45	14.49	79800
2023-11-07	14.64	14.64	14.47	14.58	97100
2023-11-08	14.58	15.05	14.4	15.04	190000
2023-11-09	15.09	15.15	14.97	15.02	82300
2023-11-10	15.0	15.09	14.84	14.99	52200
2023-11-13	14.99	15.0	14.8	14.94	87400
2023-11-14	15.0	15.07	14.91	14.98	68100
2023-11-15	15.07	15.38	15.07	15.19	111200
2023-11-16	15.18	15.18	15.05	15.12	74400
2023-11-17	15.15	15.27	14.78	14.98	108000
2023-11-20	14.95	14.98	14.6	14.88	106600
2023-11-21	15.0	15.1	14.85	15.01	86100
2023-11-22	15.01	15.04	14.86	15.0	78800
2023-11-23	15.0	15.2	14.82	14.82	58300
2023-11-24	14.8	15.0	14.49	15.0	194000
2023-11-27	14.95	14.95	14.62	14.69	63200
2023-11-28	14.6	14.67	14.4	14.67	80800
2023-11-29	14.94	14.94	14.67	14.84	45900
2023-11-30	14.84	15.0	14.69	14.8	62600
2023-12-01	14.8	14.8	14.62	14.75	78200
2023-12-04	14.81	15.05	14.8	15.03	232000
2023-12-05	15.1	15.1	14.95	14.97	104300
2023-12-06	15.0	15.08	15.0	15.05	126500
2023-12-07	15.2	15.2	14.91	15.09	132800
2023-12-08	15.09	15.12	15.04	15.11	61300
2023-12-11	15.22	15.22	15.02	15.12	54700
2023-12-12	15.12	15.22	15.1	15.15	52000
2023-12-13	15.15	15.24	15.01	15.04	43700
2023-12-14	15.19	15.19	14.95	15.0	107300
2023-12-15	15.0	15.32	14.84	14.9	82600
2023-12-18	14.9	14.9	14.7	14.76	110900
2023-12-19	14.68	14.75	14.6	14.75	105600
2023-12-20	14.75	14.81	14.75	14.81	63000
2023-12-21	14.96	14.96	14.75	14.95	22800
2023-12-22	14.95	14.95	14.82	14.9	59000
2023-12-25	14.9	15.07	14.9	15.07	104000
2023-12-26	15.05	15.11	15.03	15.1	27300
2023-12-27	15.2	15.2	15.11	15.14	52600
2023-12-28	15.14	15.29	15.09	15.29	105700
2023-12-29	15.25	15.35	15.24	15.33	83100
2024-01-02	15.4	15.42	15.2	15.27	113000
2024-01-03	15.27	15.35	15.22	15.35	76000
2024-01-04	15.36	15.71	15.36	15.56	185200
2024-01-05	15.56	15.68	15.55	15.6	30800
2024-01-08	15.6	16.0	15.6	15.65	71000
2024-01-09	15.61	15.66	15.6	15.6	42400
2024-01-10	15.6	15.7	15.55	15.67	70800
2024-01-11	15.67	15.78	15.61	15.78	88000
2024-01-12	15.81	15.81	15.49	15.61	67200
2024-01-15	15.7	15.73	15.55	15.55	107600
2024-01-16	15.59	15.6	15.48	15.6	54900
2024-01-17	15.62	15.76	15.6	15.63	142700
2024-01-18	15.63	15.73	15.63	15.7	22700
2024-01-19	15.7	15.85	15.7	15.82	60800
2024-01-22	15.82	15.98	15.82	15.91	39500
2024-01-23	15.6	15.95	15.6	15.86	53000
2024-01-24	15.86	15.92	15.81	15.82	58600
2024-01-25	15.73	15.86	15.73	15.8	20600
2024-01-26	15.8	15.9	15.8	15.87	91200
2024-01-29	15.89	15.9	15.85	15.89	34400
2024-01-30	15.89	15.89	15.8	15.88	25800
2024-01-31	15.88	15.9	15.67	15.9	82600
2024-02-01	15.9	15.9	15.7	15.79	68400
2024-02-02	15.8	15.86	15.79	15.85	88800
2024-02-05	15.9	16.1	15.85	16.06	52600
2024-02-06	16.06	16.14	16.05	16.05	49000
2024-02-07	16.1	16.23	16.08	16.2	162300
2024-02-15	16.2	16.4	16.2	16.35	98300
2024-02-16	16.35	16.43	16.34	16.36	89500
2024-02-19	16.36	16.55	16.35	16.55	95900
2024-02-20	16.55	16.6	16.5	16.57	64600
2024-02-21	16.56	16.65	16.46	16.58	87400
2024-02-22	15.91	16.61	15.91	16.53	135700
2024-02-23	16.53	16.69	16.33	16.33	126900
2024-02-26	16.25	16.4	16.25	16.4	223100
2024-02-27	16.44	16.61	16.43	16.61	160400
2024-02-28	16.63	16.79	16.59	16.77	206700
2024-02-29	16.8	16.93	16.77	16.85	126300
2024-03-01	16.85	16.89	16.8	16.89	142400
2024-03-04	16.89	16.99	16.89	16.95	151300
2024-03-05	17.0	17.1	16.93	17.1	103300
2024-03-06	17.1	17.17	17.0	17.02	69500
2024-03-07	17.12	17.15	16.95	17.11	205700
2024-03-08	17.15	17.15	16.8	16.92	198400
2024-03-11	16.92	16.92	16.56	16.83	173300
2024-03-12	16.83	16.83	16.58	16.8	155700
2024-03-13	16.8	17.09	16.69	17.09	129600
2024-03-14	17.05	17.09	16.87	16.95	82400
2024-03-15	16.95	17.0	16.75	17.0	121200
2024-03-18	17.0	17.0	16.49	16.7	299400
2024-03-19	16.7	16.7	16.54	16.7	87200
2024-03-20	16.7	16.98	16.6	16.94	161600
2024-03-21	17.0	17.12	17.0	17.12	100600
2024-03-22	17.12	17.38	17.12	17.25	115800
2024-03-25	17.32	17.4	17.04	17.12	84400
2024-03-26	17.12	17.3	17.04	17.3	64300
2024-03-27	17.29	17.3	17.23	17.3	39900
2024-03-28	17.31	17.5	17.31	17.5	56500
2024-03-29	17.5	17.5	17.39	17.45	194900
2024-04-01	17.45	17.46	17.26	17.43	209100
2024-04-02	17.43	17.43	17.15	17.43	122900
2024-04-03	17.4	17.5	17.17	17.19	242100
2024-04-04	17.19	17.26	17.09	17.1	93300
2024-04-05	17.38	17.38	16.9	16.92	176500
2024-04-08	17.15	17.15	16.85	17.05	128900
2024-04-09	17.0	17.0	16.84	16.98	159700
2024-04-10	17.01	17.11	16.95	16.95	70900
2024-04-11	17.1	17.13	16.87	17.09	51500
2024-04-12	17.1	17.25	16.97	17.22	82800
2024-04-15	17.22	17.26	16.5	16.5	235600
2024-04-16	16.6	16.7	16.2	16.42	377100
2024-04-17	16.88	17.1	16.16	16.26	149200
2024-04-19	16.26	16.26	15.91	15.95	409200
2024-04-22	16.7	16.7	16.0	16.1	232200
2024-04-23	16.62	16.62	15.9	16.15	123100
2024-04-24	16.49	16.6	16.15	16.35	53200
2024-04-25	16.58	16.58	16.3	16.41	39500
2024-04-26	16.59	16.59	16.36	16.52	60000
2024-05-02	16.52	16.57	16.45	16.54	171500
2024-05-03	16.75	16.75	16.65	16.65	120300
2024-05-06	16.72	17.0	16.72	16.92	155100
2024-05-07	16.93	17.0	16.9	17.0	73600
2024-05-08	17.0	17.0	16.84	17.0	108100
2024-05-09	17.1	17.1	16.94	17.0	66400
2024-05-10	17.0	17.1	16.85	17.0	60000
2024-05-13	17.1	17.1	16.89	16.93	229400
2024-05-14	17.0	17.05	16.96	16.99	57900
2024-05-15	17.0	17.17	17.0	17.17	125200
2024-05-16	17.2	17.42	17.2	17.42	165600
2024-05-17	17.4	17.5	17.34	17.5	34300
2024-05-20	17.54	17.68	17.54	17.58	88500
2024-05-21	17.6	17.7	17.36	17.5	51600
2024-05-22	17.5	17.6	17.35	17.45	56800
2024-05-23	17.46	17.5	17.29	17.5	79700
2024-05-24	17.5	17.65	17.22	17.49	234300
2024-05-27	17.48	17.49	17.3	17.49	105700
2024-05-28	17.49	17.55	17.36	17.55	128400
2024-05-29	17.55	17.55	17.43	17.5	149400
2024-05-30	17.4	17.49	17.13	17.49	126400
2024-05-31	17.49	17.5	17.28	17.44	57000
2024-06-03	17.44	17.6	17.44	17.6	119400
2024-06-04	17.63	17.65	17.58	17.61	92600
2024-06-05	17.63	17.75	17.63	17.66	193200
2024-06-06	17.7	17.7	17.62	17.65	47100
2024-06-07	17.65	17.74	17.62	17.7	51700
2024-06-10	17.75	17.78	17.71	17.74	99600
2024-06-11	17.74	17.79	17.65	17.74	89800
2024-06-12	17.8	18.0	17.7	18.0	183400
2024-06-13	18.0	18.1	18.0	18.09	80500
2024-06-14	17.98	18.11	17.98	17.99	86700
2024-06-17	17.99	17.99	17.68	17.71	185200
2024-06-18	17.72	18.0	17.71	17.84	126600
2024-06-19	17.85	17.88	17.64	17.83	142100
2024-06-20	17.8	17.95	17.8	17.95	101300
2024-06-21	17.99	17.99	17.81	17.89	95900
2024-06-24	17.89	17.89	17.4	17.41	230900
2024-06-25	17.88	17.88	17.31	17.43	263500
2024-06-26	17.86	17.86	17.28	17.45	187300
2024-06-27	17.7	18.4	17.32	17.7	95100
2024-06-28	17.8	18.4	17.27	17.42	196400
2024-07-01	18.46	18.46	17.2	17.5	148500
2024-07-02	17.37	17.57	17.37	17.53	65900
2024-07-03	17.9	17.9	17.55	17.75	46800
2024-07-04	17.65	17.81	17.52	17.78	99300
2024-07-05	17.86	17.86	17.7	17.76	81200
2024-07-08	18.3	18.4	17.73	17.84	141400
2024-07-09	17.87	18.01	17.73	18.01	186100
2024-07-10	18.03	18.03	17.84	17.84	160900
2024-07-11	17.88	18.0	17.79	17.82	186400
2024-07-12	17.82	17.86	17.71	17.8	130500
2024-07-15	17.8	17.81	17.64	17.77	147400
2024-07-16	17.82	17.83	17.71	17.78	83900
2024-07-17	17.8	18.0	17.72	17.85	100400
2024-07-18	18.0	18.0	17.45	18.0	230100
2024-07-19	18.0	18.0	17.58	17.67	155000
2024-07-22	17.79	18.0	17.46	17.66	211900
2024-07-23	17.66	17.66	17.33	17.6	125300
2024-07-24	17.59	17.59	17.12	17.3	411500
2024-07-25	17.4	17.4	17.15	17.34	111900
2024-07-26	17.35	17.36	17.22	17.26	144700
2024-07-29	17.33	17.43	17.3	17.43	53900
2024-07-30	17.43	17.43	17.3	17.43	75100
2024-07-31	17.5	17.51	17.4	17.5	54300
2024-08-01	17.79	17.79	16.98	17.15	254400
2024-08-02	17.16	17.3	16.82	17.28	358700
2024-08-05	17.25	17.25	16.57	16.71	420300
2024-08-06	16.77	16.99	16.52	16.99	240700
2024-08-07	17.19	17.2	16.69	16.89	171100
2024-08-08	16.89	16.89	16.7	16.75	62800
2024-08-09	17.01	17.45	16.83	17.45	60300
2024-08-12	17.45	17.45	17.01	17.2	83100
2024-08-13	17.43	17.43	17.05	17.23	39200
2024-08-14	17.22	17.25	17.04	17.17	53100
2024-08-15	17.19	17.19	17.04	17.14	46900
2024-08-16	17.13	17.35	17.0	17.35	122100
2024-08-19	17.37	17.51	17.36	17.51	79400
2024-08-20	17.5	17.59	17.47	17.59	184100
2024-08-21	17.59	17.77	17.48	17.77	154300
2024-08-22	17.68	17.77	17.67	17.75	94200
2024-08-23	17.79	17.8	17.65	17.8	72400
2024-08-26	17.79	17.85	17.77	17.81	63000
2024-08-27	17.8	17.81	17.72	17.78	88200
2024-08-28	17.78	17.8	17.72	17.75	218000
2024-08-29	17.75	17.85	17.75	17.82	225900
2024-08-30	17.83	17.87	17.8	17.86	162000
2024-09-04	17.7	17.72	17.52	17.62	156800
2024-09-05	17.62	17.7	17.58	17.64	69300
2024-09-06	17.64	17.64	17.52	17.58	56600
2024-09-09	17.5	17.53	17.44	17.52	148800
2024-09-10	17.53	17.58	17.35	17.52	82800
2024-09-11	17.49	17.49	17.29	17.44	89600
2024-09-12	17.44	17.5	17.41	17.46	31900
2024-09-13	17.5	17.5	17.33	17.38	63000
2024-09-16	17.37	17.45	17.25	17.4	103400
2024-09-17	17.32	17.45	17.2	17.41	99900
2024-09-18	17.43	17.66	17.43	17.6	44700
2024-09-19	17.6	17.65	17.59	17.63	32900
2024-09-20	17.63	17.87	17.63	17.75	214800
2024-09-23	17.75	17.81	17.7	17.74	66000
2024-09-24	17.62	17.82	17.5	17.8	107900
2024-09-25	17.83	18.02	17.83	17.99	241100
2024-09-26	17.99	18.22	17.99	18.16	195800
2024-09-27	18.16	18.2	16.89	18.0	100500
2024-09-30	18.0	18.11	18.0	18.1	45600
2024-10-01	18.1	18.31	18.1	18.25	134400
2024-10-02	18.25	18.25	18.0	18.18	97800
2024-10-03	18.23	18.35	18.08	18.14	61500
2024-10-04	18.14	18.14	17.98	17.98	95400
2024-10-07	17.99	18.04	17.84	17.89	94000
2024-10-08	17.89	18.1	17.89	18.03	28100
2024-10-09	18.04	18.2	18.03	18.2	55800
2024-10-10	18.3	18.35	18.23	18.23	98100
2024-10-11	18.23	18.23	18.13	18.2	33300
2024-10-14	18.25	18.3	18.14	18.18	497100
2024-10-15	18.18	18.24	18.06	18.06	59100
2024-10-16	18.09	18.1	18.0	18.07	56700
2024-10-17	18.05	18.1	17.97	18.1	70200
2024-10-18	18.15	18.25	18.12	18.18	34200
2024-10-21	18.18	18.2	18.08	18.08	33000
2024-10-22	18.08	18.1	17.97	18.03	76100
2024-10-23	18.05	18.05	17.9	17.98	71100
2024-10-24	18.0	18.0	17.79	17.82	67100
2024-10-25	17.82	17.85	17.67	17.75	114400
2024-10-28	17.75	17.8	17.66	17.71	104300
2024-10-29	17.74	17.84	17.74	17.78	46400
2024-10-30	17.8	17.87	17.7	17.77	45000
2024-10-31	17.77	17.94	17.77	17.9	40900
2024-11-01	17.9	17.9	17.66	17.74	76100
2024-11-04	17.75	17.75	17.54	17.6	161700
2024-11-05	17.99	17.99	17.52	17.75	76700
2024-11-06	18.0	18.0	17.64	17.79	84800
2024-11-07	18.0	18.0	17.76	17.76	27700
2024-11-08	17.8	17.8	17.57	17.62	65600
2024-11-11	17.62	17.75	17.43	17.45	252800
2024-11-12	17.77	17.77	17.35	17.46	302100
2024-11-13	17.46	17.47	17.32	17.47	150900
2024-11-14	17.47	17.58	17.29	17.3	98100
2024-11-15	17.3	17.31	17.07	17.12	131900
2024-11-18	17.12	17.13	16.89	17.13	169800
2024-11-19	17.16	17.38	16.89	16.91	118500
2024-11-20	16.91	17.09	16.75	17.0	167500
2024-11-21	17.01	17.12	16.95	17.11	67600
2024-11-22	17.27	17.31	17.18	17.19	73200
2024-11-25	17.27	17.27	17.15	17.26	47200
2024-11-26	17.4	17.42	17.3	17.37	52800
2024-11-27	17.38	17.47	17.31	17.47	55200
2024-11-28	17.47	17.65	17.33	17.65	48000
2024-11-29	17.65	17.65	17.39	17.5	31100
2024-12-02	17.5	17.6	17.48	17.51	78300
2024-12-03	17.7	17.7	17.41	17.53	52100
2024-12-04	17.53	17.53	17.39	17.39	52700
2024-12-05	17.41	17.87	17.38	17.8	112700
2024-12-06	17.8	17.9	17.4	17.85	178700
2024-12-09	17.85	17.9	17.76	17.84	93800
2024-12-10	17.84	17.9	17.79	17.88	92100
2024-12-11	17.88	17.93	17.75	17.9	78500
2024-12-12	17.85	18.0	17.83	17.9	146000
2024-12-13	17.85	17.86	17.77	17.82	76900
2024-12-16	17.82	17.85	17.7	17.8	63300
2024-12-17	17.8	17.8	17.72	17.75	65900
2024-12-18	17.75	17.8	17.71	17.8	22500
2024-12-19	17.65	17.68	17.55	17.65	52400
2024-12-20	17.65	17.65	17.59	17.63	43800
2024-12-23	17.61	17.81	17.61	17.71	53900
2024-12-24	17.7	17.71	17.62	17.7	114000
2024-12-25	17.78	18.0	17.5	17.9	184700
2024-12-26	17.9	17.92	17.89	17.9	114000
2024-12-27	17.9	17.98	17.9	17.98	115400
2024-12-30	17.98	17.98	17.8	17.97	43800
2024-12-31	17.9	17.97	17.9	17.92	52700
2025-01-02	18.0	18.0	17.8	17.89	180600
2025-01-03	17.96	17.96	17.68	17.71	99400
2025-01-06	17.7	17.75	17.59	17.6	64600
2025-01-07	17.6	17.66	17.5	17.55	78300
2025-01-08	17.65	17.67	17.45	17.55	60700
2025-01-09	17.6	17.6	17.39	17.5	86600
2025-01-10	17.5	17.53	17.27	17.42	73200
2025-01-13	17.45	17.5	17.13	17.5	144600
2025-01-14	17.5	17.5	17.1	17.21	104200
2025-01-15	17.22	17.5	17.22	17.25	39200
2025-01-16	17.39	17.42	17.27	17.31	45400
2025-01-17	17.31	17.52	17.31	17.52	103900
2025-01-20	17.52	17.62	17.52	17.6	66000
2025-01-21	17.67	17.69	17.41	17.59	83900
2025-01-22	17.59	17.6	17.45	17.49	31900
2025-01-23	17.49	17.8	17.49	17.8	79200
2025-01-24	17.8	17.9	17.7	17.88	118000
2025-02-03	17.82	17.82	17.6	17.62	131200
2025-02-04	17.69	17.88	17.69	17.76	44000
2025-02-05	17.77	17.89	17.76	17.88	154900
2025-02-06	17.9	17.98	17.88	17.97	135300
2025-02-07	17.86	18.0	17.86	17.99	120700
2025-02-10	17.97	17.97	17.75	17.84	48000
2025-02-11	17.83	17.9	17.75	17.81	65300
2025-02-12	17.85	17.97	17.85	17.9	61100
2025-02-13	17.9	17.9	17.78	17.9	21200
2025-02-14	17.9	18.09	17.9	17.92	90800
2025-02-17	17.92	17.92	17.87	17.9	77200
2025-02-18	17.92	17.97	17.81	17.92	56800
2025-02-19	17.92	18.0	17.81	18.0	170300
2025-02-20	18.0	18.13	17.97	18.13	143300
2025-02-21	17.97	18.14	17.97	18.14	52700
2025-02-24	18.14	18.28	18.12	18.28	125200
2025-02-25	18.28	18.3	18.2	18.26	43400
2025-02-26	18.26	18.28	18.15	18.24	72200
2025-02-27	18.24	18.27	18.1	18.27	54100
2025-02-28	18.27	18.3	18.12	18.3	92700
2025-03-03	18.16	18.36	18.16	18.32	110000
2025-03-04	18.2	18.45	18.19	18.39	98500
2025-03-05	18.44	18.5	18.38	18.39	77300
2025-03-06	18.38	18.5	18.38	18.5	58600
2025-03-07	18.5	18.51	18.46	18.5	52000
2025-03-10	18.5	18.75	18.5	18.65	90400
2025-03-11	18.6	18.6	18.4	18.59	105600
2025-03-12	18.59	18.65	18.57	18.63	205300
2025-03-13	18.63	18.63	18.53	18.59	37100
2025-03-14	18.59	18.59	18.47	18.5	87300
2025-03-17	18.5	18.88	18.48	18.88	90100
2025-03-18	18.88	18.88	18.5	18.55	112400
2025-03-19	18.55	18.55	18.42	18.45	47000
2025-03-20	18.45	18.5	18.3	18.35	67700
2025-03-21	18.27	18.4	18.27	18.34	52000
2025-03-24	18.36	18.49	18.3	18.49	60500
2025-03-25	18.5	18.6	17.97	18.5	84100
2025-03-26	18.6	18.6	18.36	18.46	85600
2025-03-27	18.47	18.48	18.31	18.38	45200
2025-03-28	18.4	18.89	18.24	18.89	99200
2025-03-31	18.35	18.7	18.09	18.1	210500
2025-04-01	18.12	18.3	18.11	18.17	89900
