time	open	high	low	close	volume
2020-05-12	10.5	10.5	10.5	10.5	10
2020-05-13	11.2	11.2	11.2	11.2	10
2020-05-14	11.98	11.98	11.98	11.98	10
2020-05-15	12.81	12.81	12.0	12.3	873860
2020-05-18	12.5	12.5	11.9	12.3	189470
2020-05-19	12.5	12.8	12.5	12.5	737600
2020-05-20	12.3	12.55	12.21	12.35	597500
2020-05-21	12.35	12.5	12.16	12.2	261280
2020-05-22	12.5	12.5	12.15	12.32	545560
2020-05-25	12.39	12.39	12.01	12.3	482700
2020-05-26	12.3	12.3	12.18	12.3	240640
2020-05-27	12.1	12.35	12.1	12.15	113450
2020-05-28	12.15	12.2	12.1	12.11	53320
2020-05-29	12.11	12.3	12.02	12.25	207830
2020-06-01	12.0	12.3	12.0	12.3	439360
2020-06-02	12.12	12.34	12.12	12.2	167930
2020-06-03	12.2	12.26	12.2	12.26	46020
2020-06-04	12.04	12.46	12.04	12.42	147280
2020-06-05	12.34	12.35	12.3	12.34	16660
2020-06-08	12.47	12.77	12.47	12.77	310820
2020-06-09	12.6	12.7	12.5	12.5	155640
2020-06-10	12.58	13.37	12.4	12.59	316780
2020-06-11	12.6	12.66	12.35	12.59	726830
2020-06-12	11.8	12.08	11.71	12.01	662980
2020-06-15	12.2	12.2	11.79	11.79	216690
2020-06-16	11.75	12.0	11.75	11.95	166810
2020-06-17	11.95	11.95	11.86	11.9	106370
2020-06-18	12.0	12.0	11.8	11.9	37400
2020-06-19	11.9	12.04	11.9	12.04	132810
2020-06-22	12.2	12.2	12.07	12.2	211160
2020-06-23	12.4	12.4	12.06	12.3	335860
2020-06-24	12.45	12.45	11.98	11.98	244390
2020-06-25	11.8	12.1	11.8	12.1	199780
2020-06-26	11.98	11.98	11.83	11.87	144000
2020-06-29	11.83	11.83	11.55	11.6	849790
2020-06-30	11.6	11.63	11.37	11.63	362770
2020-07-01	11.52	11.95	11.42	11.95	50390
2020-07-02	11.83	11.83	11.6	11.65	302820
2020-07-03	11.67	11.72	11.65	11.71	47790
2020-07-06	11.78	11.94	11.74	11.89	196160
2020-07-07	11.89	12.02	11.89	11.95	17790
2020-07-08	11.9	12.0	11.89	11.93	35040
2020-07-09	12.0	12.3	12.0	12.3	16340
2020-07-10	12.2	12.2	12.04	12.15	87900
2020-07-13	12.1	12.11	12.02	12.03	137290
2020-07-14	12.0	12.05	11.98	12.05	171530
2020-07-15	12.14	12.19	12.11	12.14	26260
2020-07-16	12.15	12.18	12.05	12.05	59390
2020-07-17	12.18	12.19	12.13	12.15	79540
2020-07-20	12.15	12.15	12.01	12.01	176380
2020-07-21	12.3	12.3	11.97	12.0	85180
2020-07-22	12.06	12.06	11.94	11.94	100150
2020-07-23	11.95	11.95	11.87	11.92	122070
2020-07-24	11.9	11.9	11.34	11.59	536530
2020-07-27	11.0	11.3	10.82	10.95	534110
2020-07-28	10.95	11.5	10.95	11.5	93880
2020-07-29	11.5	11.5	10.7	11.0	242830
2020-07-30	11.49	11.7	11.0	11.7	141570
2020-07-31	11.58	11.58	10.9	11.1	121260
2020-08-03	11.1	11.4	11.1	11.35	22070
2020-08-04	11.4	11.4	11.37	11.4	82520
2020-08-05	11.6	11.8	11.3	11.8	656920
2020-08-06	11.9	11.9	11.53	11.7	577850
2020-08-07	11.6	11.62	11.54	11.55	518400
2020-08-10	11.7	11.73	11.67	11.73	624070
2020-08-11	11.61	11.8	11.6	11.8	75360
2020-08-12	11.8	11.8	11.67	11.8	59220
2020-08-13	11.9	11.9	11.79	11.9	18560
2020-08-14	11.9	11.98	11.8	11.95	219010
2020-08-17	11.9	11.94	11.72	11.94	45840
2020-08-18	12.1	12.1	11.8	11.88	11510
2020-08-19	11.88	11.9	11.85	11.9	10680
2020-08-20	11.9	11.91	11.83	11.85	268280
2020-08-21	11.93	12.07	11.92	12.07	613340
2020-08-24	12.15	12.35	12.15	12.35	246260
2020-08-25	12.4	12.6	12.4	12.6	429870
2020-08-26	12.6	12.62	12.49	12.49	306020
2020-08-27	12.49	12.7	12.49	12.7	158190
2020-08-28	12.78	12.87	12.73	12.82	343210
2020-08-31	12.85	12.88	12.7	12.75	202290
2020-09-01	12.75	12.85	12.7	12.85	272720
2020-09-03	12.6	13.2	12.6	13.0	1458680
2020-09-04	13.0	13.0	12.8	13.0	279030
2020-09-07	13.0	13.0	12.56	12.99	87360
2020-09-08	12.9	12.99	12.5	12.97	210840
2020-09-09	12.4	12.93	12.4	12.89	396490
2020-09-10	12.61	12.9	12.61	12.9	206480
2020-09-11	12.9	12.9	12.66	12.76	128990
2020-09-14	12.8	12.82	12.79	12.8	114090
2020-09-15	12.8	12.85	12.8	12.8	27510
2020-09-16	12.82	12.87	12.82	12.85	76440
2020-09-17	12.85	12.92	12.83	12.9	528820
2020-09-18	12.91	13.06	12.9	13.01	622760
2020-09-21	13.14	13.24	13.14	13.17	336880
2020-09-22	13.17	13.23	13.1	13.2	123620
2020-09-23	13.2	13.4	13.2	13.4	434040
2020-09-24	13.4	13.9	13.26	13.3	132510
2020-09-25	13.33	14.23	13.19	13.25	375780
2020-09-28	13.32	13.44	13.32	13.43	197620
2020-09-29	13.43	13.56	13.37	13.37	321730
2020-09-30	13.37	13.37	13.25	13.37	280700
2020-10-01	13.37	13.48	13.37	13.48	603070
2020-10-02	13.5	13.58	13.25	13.4	188650
2020-10-05	13.4	13.55	13.4	13.55	171550
2020-10-06	13.55	14.0	13.55	13.6	184580
2020-10-07	13.6	13.61	13.55	13.6	364380
2020-10-08	13.6	13.6	13.49	13.53	415220
2020-10-09	13.63	13.63	13.55	13.55	260570
2020-10-12	13.63	13.7	13.5	13.5	465340
2020-10-13	13.52	13.55	13.45	13.53	276200
2020-10-14	13.54	13.75	13.54	13.75	318540
2020-10-15	13.75	13.85	13.73	13.85	194820
2020-10-16	13.85	14.0	13.46	14.0	787120
2020-10-19	14.61	14.61	14.03	14.07	705870
2020-10-20	14.05	15.05	14.02	14.25	483970
2020-10-21	14.25	14.35	14.15	14.15	150140
2020-10-22	14.1	14.2	14.04	14.2	86230
2020-10-23	14.4	14.4	14.28	14.4	342530
2020-10-26	14.42	14.53	14.35	14.4	966900
2020-10-27	14.2	14.21	14.05	14.15	634430
2020-10-28	14.15	14.15	13.68	13.7	353620
2020-10-29	13.5	13.87	13.46	13.87	168160
2020-10-30	13.9	13.92	13.6	13.92	196710
2020-11-02	13.92	14.11	13.91	14.1	12200
2020-11-03	14.1	14.11	14.03	14.1	146920
2020-11-04	14.0	14.2	13.89	14.2	109160
2020-11-05	14.2	14.2	13.94	13.94	219450
2020-11-06	13.95	13.95	13.8	13.88	527910
2020-11-09	13.88	14.07	13.88	14.07	1247350
2020-11-10	14.4	14.4	14.08	14.22	1045690
2020-11-11	14.22	14.22	14.0	14.22	234510
2020-11-12	14.2	14.25	14.15	14.25	130530
2020-11-13	14.3	14.65	14.3	14.65	629060
2020-11-16	14.65	14.7	14.34	14.34	230660
2020-11-17	14.45	14.7	14.36	14.7	114400
2020-11-18	15.0	15.0	14.55	14.61	88600
2020-11-19	14.8	14.8	14.57	14.7	68330
2020-11-20	14.7	14.74	14.6	14.7	509910
2020-11-23	14.71	15.1	14.61	15.1	1114160
2020-11-24	15.11	15.11	14.74	14.9	749310
2020-11-25	15.0	15.0	14.9	14.97	465400
2020-11-26	14.9	15.1	14.82	15.1	507580
2020-11-27	15.1	15.18	15.04	15.18	238980
2020-11-30	15.2	15.52	15.2	15.52	473390
2020-12-01	15.52	15.52	15.13	15.52	680060
2020-12-02	15.5	15.53	15.4	15.5	502790
2020-12-03	15.52	15.6	15.4	15.6	272110
2020-12-04	15.6	15.6	15.41	15.5	1270420
2020-12-07	15.8	15.8	15.45	15.55	544270
2020-12-08	15.55	15.8	15.49	15.8	913250
2020-12-09	15.8	15.8	15.6	15.71	338010
2020-12-10	15.77	15.86	15.67	15.68	408930
2020-12-11	15.68	15.8	15.57	15.8	203170
2020-12-14	15.8	16.0	15.8	15.93	771560
2020-12-15	16.19	16.19	15.86	16.0	860900
2020-12-16	16.0	16.5	15.92	16.14	326940
2020-12-17	16.02	16.29	15.97	15.97	954430
2020-12-18	15.97	16.39	15.97	16.39	555790
2020-12-21	16.5	16.9	16.5	16.7	263040
2020-12-22	17.0	17.0	16.55	16.84	413790
2020-12-23	17.05	17.05	16.62	16.74	965930
2020-12-24	16.74	16.85	16.2	16.4	633460
2020-12-25	16.4	16.66	16.19	16.6	912840
2020-12-28	16.8	16.83	16.57	16.79	629820
2020-12-29	16.79	16.79	16.5	16.7	336070
2020-12-30	16.8	16.9	16.73	16.81	774730
2020-12-31	17.0	17.2	16.72	17.2	545350
2021-01-04	17.4	17.65	17.15	17.43	337800
2021-01-05	17.5	17.69	17.4	17.65	476900
2021-01-06	17.89	17.98	17.7	17.9	1544700
2021-01-07	17.9	18.1	17.79	18.1	804300
2021-01-08	18.5	18.5	18.19	18.25	1338600
2021-01-11	18.6	18.6	18.26	18.57	958700
2021-01-12	18.6	18.68	18.32	18.68	771100
2021-01-13	18.7	18.85	18.56	18.58	1805400
2021-01-14	18.58	19.1	18.46	19.04	944300
2021-01-15	19.14	19.25	18.9	19.25	863600
2021-01-18	19.25	19.25	18.8	18.92	883600
2021-01-19	19.1	19.1	17.66	18.0	872200
2021-01-20	18.0	19.26	17.55	18.0	901000
2021-01-21	18.5	18.6	17.9	18.6	816300
2021-01-22	19.0	19.0	18.46	18.6	766500
2021-01-25	18.99	18.99	18.49	18.85	932800
2021-01-26	19.0	19.0	18.22	18.29	1186200
2021-01-27	18.29	18.5	17.79	18.0	1604000
2021-01-28	19.0	19.0	16.74	16.74	1768300
2021-01-29	17.0	17.91	16.9	17.86	595500
2021-02-01	18.1	18.2	16.84	18.2	2384300
2021-02-02	18.0	18.2	17.08	18.02	1749800
2021-02-03	18.19	18.4	17.74	18.4	1309000
2021-02-04	18.5	18.5	18.05	18.4	2038400
2021-02-05	18.6	18.8	18.38	18.8	1248000
2021-02-08	18.8	18.91	18.0	18.05	1783800
2021-02-09	18.05	18.8	17.99	18.8	541000
2021-02-17	19.0	19.7	19.0	19.7	1121000
2021-02-18	20.0	20.0	19.45	19.95	795000
2021-02-19	19.95	19.98	19.68	19.79	800700
2021-02-22	19.85	20.15	19.6	19.8	1336900
2021-02-23	19.5	19.86	19.5	19.6	1561500
2021-02-24	19.8	19.89	19.5	19.5	1436500
2021-02-25	19.7	19.9	19.33	19.51	929600
2021-02-26	19.3	19.72	19.3	19.6	608900
2021-03-01	19.6	20.0	19.6	19.95	718500
2021-03-02	20.29	20.29	19.85	19.99	1005600
2021-03-03	20.0	20.1	19.93	20.02	815600
2021-03-04	20.1	20.1	19.43	20.02	1310700
2021-03-05	20.02	20.02	19.34	19.6	988800
2021-03-08	19.95	19.95	19.4	19.5	1230100
2021-03-09	19.6	19.63	19.15	19.46	1201100
2021-03-10	19.4	19.6	19.26	19.49	1215600
2021-03-11	19.69	19.92	19.69	19.87	896800
2021-03-12	19.87	19.94	19.82	19.85	1253700
2021-03-15	19.85	20.0	19.82	19.97	968800
2021-03-16	19.99	20.01	19.79	20.0	908900
2021-03-17	20.09	20.2	20.01	20.17	717200
2021-03-18	20.5	20.8	20.14	20.4	972700
2021-03-19	20.55	20.6	20.3	20.42	841300
2021-03-22	20.42	20.44	20.22	20.32	656200
2021-03-23	20.35	20.35	20.03	20.12	1456100
2021-03-24	20.29	20.29	19.64	19.8	926000
2021-03-25	19.8	20.17	19.58	19.62	1413200
2021-03-26	19.62	19.62	19.05	19.59	743300
2021-03-29	19.7	19.9	19.5	19.9	513200
2021-03-30	20.0	20.0	19.75	19.81	573300
2021-03-31	19.99	19.99	19.78	19.89	552400
2021-04-01	19.9	20.21	19.87	20.2	851100
2021-04-02	20.41	20.7	20.4	20.62	812200
2021-04-05	20.9	20.9	20.43	20.5	862900
2021-04-06	20.5	20.72	20.4	20.56	487900
2021-04-07	20.56	20.69	20.56	20.61	379100
2021-04-08	20.8	20.8	20.6	20.65	404400
2021-04-09	21.0	21.0	20.6	20.77	901100
2021-04-12	20.9	21.15	20.9	21.11	800400
2021-04-13	21.11	21.2	20.91	21.0	549300
2021-04-14	21.0	21.0	20.71	21.0	494300
2021-04-15	21.0	21.2	20.76	21.1	1215500
2021-04-16	21.0	21.0	20.45	20.98	1411600
2021-04-19	20.98	21.0	20.44	21.0	1071200
2021-04-20	21.0	21.3	20.9	21.0	567500
2021-04-22	21.0	21.22	20.73	20.73	609400
2021-04-23	20.73	21.2	20.5	21.18	1143900
2021-04-26	21.18	21.28	21.0	21.05	1190500
2021-04-27	21.4	22.13	20.96	21.5	848100
2021-04-28	21.9	21.9	21.4	21.45	579600
2021-04-29	21.89	21.9	21.45	21.9	380300
2021-05-04	21.9	22.15	21.59	22.15	873700
2021-05-05	22.15	22.73	22.1	22.65	878400
2021-05-06	22.8	24.1	22.75	23.7	844000
2021-05-07	23.7	25.02	22.27	23.0	2160600
2021-05-10	23.0	23.3	22.15	22.75	1847000
2021-05-11	22.75	22.75	22.4	22.42	1719800
2021-05-12	22.8	22.8	22.21	22.6	834300
2021-05-13	22.5	22.75	22.4	22.6	865200
2021-05-14	22.6	22.83	22.6	22.83	1380100
2021-05-17	22.83	22.97	22.6	22.75	1009100
2021-05-18	22.6	22.79	22.59	22.71	983900
2021-05-19	22.75	23.15	22.69	23.15	774700
2021-05-20	23.15	23.44	23.0	23.3	1425600
2021-05-21	23.5	24.0	23.5	23.7	641000
2021-05-24	23.75	23.89	23.65	23.85	589500
2021-05-25	24.0	24.09	23.83	24.07	553900
2021-05-26	24.19	24.23	24.03	24.23	403900
2021-05-27	24.23	24.5	24.05	24.28	646700
2021-05-28	24.89	24.89	23.95	24.37	1584700
2021-05-31	24.37	24.47	24.0	24.47	462700
2021-06-01	24.52	25.02	24.52	25.0	361200
2021-06-02	25.0	26.0	24.69	25.08	1420600
2021-06-03	25.08	25.55	25.08	25.55	315000
2021-06-04	25.6	25.6	25.4	25.49	1338000
2021-06-07	25.5	25.6	25.25	25.39	1110100
2021-06-08	25.39	25.39	24.64	24.9	682400
2021-06-09	24.8	25.0	24.0	25.0	1285800
2021-06-10	25.1	25.1	24.19	24.36	1416200
2021-06-11	24.49	24.97	24.24	24.97	1701700
2021-06-14	25.19	25.2	24.68	24.9	1486800
2021-06-15	24.6	25.2	24.52	25.2	1179500
2021-06-16	24.9	25.0	24.29	24.67	1269300
2021-06-17	24.45	24.58	23.99	24.45	1041700
2021-06-18	24.6	24.82	24.6	24.77	757300
2021-06-21	24.7	25.2	24.6	24.99	1079800
2021-06-22	25.0	25.2	24.8	25.03	484100
2021-06-23	25.1	25.25	24.95	25.0	362000
2021-06-24	25.0	25.2	24.95	25.2	1100500
2021-06-25	25.2	25.2	24.89	25.07	500500
2021-06-28	25.3	25.42	25.18	25.38	992000
2021-06-29	25.45	25.75	25.43	25.74	1113300
2021-06-30	25.99	26.5	25.57	25.7	1923000
2021-07-01	25.5	25.93	25.5	25.75	470800
2021-07-02	25.72	26.17	25.7	26.1	1213900
2021-07-05	26.2	26.48	26.1	26.48	1208900
2021-07-06	26.1	26.88	26.1	26.1	1264700
2021-07-07	25.99	26.2	25.0	26.2	1685400
2021-07-08	26.2	26.49	26.0	26.0	773600
2021-07-09	25.62	26.62	25.62	26.15	1766800
2021-07-12	26.15	26.15	24.5	25.85	1989300
2021-07-13	25.82	25.82	24.79	25.22	1792000
2021-07-14	25.0	25.3	24.2	24.98	1289900
2021-07-15	24.6	25.0	24.18	24.9	1257600
2021-07-16	24.89	24.89	24.62	24.7	1361800
2021-07-19	24.18	24.7	23.61	23.61	2458300
2021-07-20	23.61	24.5	23.33	23.82	1626600
2021-07-21	24.01	24.5	24.01	24.48	2300100
2021-07-22	24.84	24.84	24.11	24.75	943700
2021-07-23	24.75	24.75	24.3	24.3	1452600
2021-07-26	24.2	24.4	23.91	24.4	1310000
2021-07-27	24.4	24.57	24.27	24.54	1107100
2021-07-28	24.54	24.54	24.13	24.4	1384200
2021-07-29	24.54	24.8	24.37	24.8	2786800
2021-07-30	24.83	25.5	24.49	25.5	3049600
2021-08-02	25.5	25.72	25.3	25.7	1169200
2021-08-03	25.8	26.0	25.3	26.0	1554800
2021-08-04	26.0	26.0	25.48	26.0	1869100
2021-08-05	25.51	25.9	25.48	25.8	1781700
2021-08-06	25.8	26.04	25.7	25.8	1040600
2021-08-09	25.8	26.11	25.54	26.07	1058600
2021-08-10	26.28	26.28	25.86	26.07	828700
2021-08-11	26.07	26.25	25.9	25.9	10534900
2021-08-12	25.81	25.96	25.68	25.9	1182900
2021-08-13	25.78	25.79	25.53	25.76	593600
2021-08-16	25.9	26.2	25.82	26.2	1501100
2021-08-17	26.2	26.2	25.89	26.03	1317700
2021-08-18	26.0	26.05	25.82	25.89	12447800
2021-08-19	25.9	26.0	25.83	26.0	326900
2021-08-20	26.0	26.0	24.91	25.21	1609700
2021-08-23	25.0	25.16	24.44	25.0	11257000
2021-08-24	24.7	25.1	24.6	25.1	834900
2021-08-25	25.0	25.0	24.65	24.88	980700
2021-08-26	24.88	24.9	24.5	24.88	958000
2021-08-27	24.5	24.88	24.42	24.88	908200
2021-08-30	25.1	25.41	24.9	24.95	5240500
2021-08-31	25.36	25.36	24.84	25.02	806200
2021-09-01	25.0	25.03	24.79	24.84	8946500
2021-09-06	25.0	25.23	25.0	25.19	2190100
2021-09-07	25.19	25.7	25.19	25.7	2022800
2021-09-08	25.6	25.6	25.1	25.12	754600
2021-09-09	25.28	25.55	25.05	25.3	3669600
2021-09-10	25.5	25.8	25.5	25.75	1965800
2021-09-13	25.58	25.88	25.58	25.84	883500
2021-09-14	25.86	25.86	25.5	25.65	831700
2021-09-15	25.65	25.75	25.39	25.75	2607200
2021-09-16	25.89	25.89	25.1	25.1	1820100
2021-09-17	25.7	26.1	25.6	26.1	10452200
2021-09-20	26.11	26.28	26.1	26.18	310400
2021-09-21	25.8	25.9	25.5	25.5	6411900
2021-09-22	25.85	25.91	25.6	25.61	624800
2021-09-23	26.1	26.35	26.01	26.12	788100
2021-09-24	26.1	26.26	26.1	26.25	246400
2021-09-27	26.25	26.25	25.75	25.8	334700
2021-09-28	25.76	26.22	25.39	26.0	353600
2021-09-29	26.15	26.15	25.61	25.87	1270300
2021-09-30	25.87	26.25	25.66	26.25	396500
2021-10-01	26.19	26.25	25.6	25.6	1227800
2021-10-04	25.6	25.98	25.5	25.98	393400
2021-10-05	25.85	26.0	25.75	26.0	884400
2021-10-06	26.0	26.03	25.9	25.9	661000
2021-10-07	25.92	26.2	25.65	26.0	1238100
2021-10-08	26.0	26.6	26.0	26.59	1300000
2021-10-11	26.99	26.99	26.5	26.96	1520400
2021-10-12	27.0	27.08	26.8	26.8	1749200
2021-10-13	27.0	27.27	27.0	27.2	648400
2021-10-14	27.2	27.25	27.05	27.15	366600
2021-10-15	27.38	27.38	27.06	27.2	588200
2021-10-18	27.2	27.34	27.16	27.3	598700
2021-10-19	27.3	27.3	27.08	27.28	808300
2021-10-20	27.28	27.5	26.9	27.5	1237400
2021-10-21	27.21	27.29	27.07	27.29	535800
2021-10-22	27.29	27.29	26.89	27.17	140600
2021-10-25	27.17	27.2	26.86	27.01	826500
2021-10-26	27.33	27.35	26.62	27.29	884800
2021-10-27	27.2	27.5	27.0	27.32	574800
2021-10-28	27.48	27.72	27.41	27.7	586800
2021-10-29	27.7	27.76	27.5	27.72	268200
2021-11-01	27.84	27.84	27.38	27.5	3501700
2021-11-02	27.5	27.54	27.39	27.5	1247200
2021-11-03	27.5	27.83	27.35	27.8	534300
2021-11-04	27.63	27.8	27.59	27.78	2398700
2021-11-05	27.52	28.0	27.52	28.0	450700
2021-11-08	28.1	28.1	27.77	28.0	1352900
2021-11-09	28.05	28.05	27.5	27.98	544300
2021-11-10	27.97	27.97	27.6	27.75	490200
2021-11-11	27.83	27.98	27.45	27.79	1046600
2021-11-12	27.7	28.18	27.54	28.14	623600
2021-11-15	28.14	28.39	26.19	28.17	905900
2021-11-16	28.3	28.3	27.7	28.23	1521600
2021-11-17	28.11	28.2	27.92	28.2	718700
2021-11-18	28.19	28.19	27.89	27.9	1028000
2021-11-19	27.95	28.06	27.55	27.75	1657800
2021-11-22	27.78	28.05	27.61	27.82	1101400
2021-11-23	27.82	28.0	27.75	27.91	1545700
2021-11-24	28.0	28.8	27.85	28.8	1404400
2021-11-25	28.6	29.2	28.55	28.55	2276700
2021-11-26	28.66	29.0	28.66	28.72	348100
2021-11-29	28.7	28.7	27.96	28.3	2960700
2021-11-30	28.78	28.78	26.8	28.0	1642200
2021-12-01	28.0	28.2	27.7	28.2	921900
2021-12-02	28.2	28.2	27.76	27.76	1564600
2021-12-03	27.81	28.0	27.5	27.58	531900
2021-12-06	27.61	27.66	26.28	26.98	1482500
2021-12-07	26.95	27.03	26.64	27.03	1361300
2021-12-08	27.03	27.4	27.03	27.4	1388200
2021-12-09	27.12	27.66	27.12	27.65	870300
2021-12-10	27.65	27.7	27.5	27.6	368800
2021-12-13	27.38	27.71	27.38	27.45	688400
2021-12-14	27.6	27.75	27.45	27.55	172900
2021-12-15	27.65	27.72	27.5	27.7	1074000
2021-12-16	27.69	27.74	27.2	27.5	2443800
2021-12-17	27.5	27.61	27.46	27.59	959800
2021-12-20	27.7	27.7	27.33	27.6	545200
2021-12-21	27.59	27.59	27.31	27.36	222900
2021-12-22	27.37	27.66	27.34	27.54	698200
2021-12-23	27.58	27.59	25.62	27.37	1124700
2021-12-24	27.29	27.54	27.05	27.52	765800
2021-12-27	27.6	27.71	27.42	27.71	723200
2021-12-28	27.77	27.9	27.55	27.55	253200
2021-12-29	27.65	28.0	27.65	27.7	163400
2021-12-30	27.62	27.93	27.62	27.8	267500
2021-12-31	27.71	28.1	27.71	28.05	1766700
2022-01-04	28.47	28.6	28.2	28.6	1277000
2022-01-05	28.59	28.59	28.03	28.03	1069500
2022-01-06	28.04	28.28	27.85	27.85	1356000
2022-01-07	28.04	28.33	27.87	28.33	1890400
2022-01-10	28.1	28.1	27.5	27.55	831400
2022-01-11	27.4	27.6	27.15	27.4	959700
2022-01-12	27.3	27.8	26.87	27.8	1200100
2022-01-13	28.08	28.08	27.64	27.73	1116200
2022-01-14	27.5	27.9	27.45	27.64	753700
2022-01-17	27.76	27.76	26.7	26.7	922300
2022-01-18	26.7	26.99	26.56	26.69	1520600
2022-01-19	26.7	27.2	26.7	27.1	991100
2022-01-20	27.15	27.23	26.8	27.1	1119400
2022-01-21	27.3	27.45	27.1	27.13	815100
2022-01-24	27.33	27.37	26.84	27.09	1312700
2022-01-25	27.09	27.5	26.82	27.4	565900
2022-01-26	27.42	27.9	27.42	27.9	1226900
2022-01-27	27.98	27.98	26.31	27.6	847600
2022-01-28	27.6	28.04	27.6	27.9	872000
2022-02-07	28.5	28.51	28.3	28.38	682500
2022-02-08	28.45	28.86	28.3	28.86	1241300
2022-02-09	28.76	28.86	28.63	28.68	8801600
2022-02-10	28.8	28.8	28.3	28.4	8291500
2022-02-11	28.55	28.68	28.42	28.68	604100
2022-02-14	28.68	28.68	28.22	28.45	372600
2022-02-15	28.33	28.5	27.97	28.5	861300
2022-02-16	28.5	28.5	28.2	28.5	700500
2022-02-17	28.6	28.6	28.33	28.5	528000
2022-02-18	28.5	28.58	28.37	28.5	968200
2022-02-21	28.57	28.6	28.32	28.5	6119500
2022-02-22	28.37	28.79	28.22	28.65	560500
2022-02-23	28.8	30.02	28.65	29.73	961400
2022-02-24	28.76	29.7	28.49	28.8	1731900
2022-02-25	29.0	29.5	28.88	29.5	1479900
2022-02-28	29.5	29.5	28.68	29.5	520500
2022-03-01	28.8	28.92	28.69	28.8	764600
2022-03-02	28.81	28.81	28.1	28.1	3727900
2022-03-03	28.3	28.79	28.1	28.79	448400
2022-03-04	29.0	29.0	28.5	28.6	1285800
2022-03-07	28.65	28.65	28.06	28.5	12426900
2022-03-08	28.49	28.49	28.15	28.15	2956600
2022-03-09	28.45	28.45	28.11	28.4	825000
2022-03-10	28.5	28.51	28.21	28.45	335100
2022-03-11	28.4	28.4	27.88	28.0	580600
2022-03-14	28.0	28.0	27.45	27.45	1618400
2022-03-15	27.4	27.65	27.35	27.6	3240200
2022-03-16	27.65	27.95	27.65	27.8	1253700
2022-03-17	27.8	29.5	27.8	28.18	1134600
2022-03-18	28.18	28.27	28.07	28.23	157100
2022-03-21	28.06	28.5	28.06	28.5	333100
2022-03-22	28.5	28.82	28.5	28.75	590600
2022-03-23	28.72	29.0	27.7	27.7	8265400
2022-03-24	28.6	28.8	28.47	28.65	830900
2022-03-25	28.65	29.05	28.65	29.0	2765200
2022-03-28	28.99	29.1	28.75	29.1	831700
2022-03-29	29.1	29.62	29.1	29.52	1416400
2022-03-30	29.52	29.99	29.52	29.6	1176700
2022-03-31	29.95	30.1	29.6	30.08	779000
2022-04-01	30.28	30.97	29.83	30.97	2930000
2022-04-04	31.46	32.25	30.74	32.25	2401900
2022-04-05	31.11	32.1	30.8	32.05	1720900
2022-04-06	31.7	31.95	30.68	31.95	886600
2022-04-07	31.8	31.8	30.65	30.65	1284300
2022-04-08	31.0	31.05	30.28	30.69	757300
2022-04-12	30.69	30.7	29.8	30.0	840700
2022-04-13	30.15	30.8	29.9	30.8	490400
2022-04-14	30.99	31.12	30.65	31.08	428300
2022-04-15	30.99	31.2	30.38	30.89	334300
2022-04-18	30.88	31.0	30.23	30.6	1309300
2022-04-19	30.6	30.62	29.79	29.8	1129900
2022-04-20	29.8	30.3	29.34	30.0	1798200
2022-04-21	29.95	29.95	29.1	29.8	1415000
2022-04-22	29.8	30.0	28.65	29.2	2372800
2022-04-25	29.2	29.36	27.23	27.5	2300600
2022-04-26	27.06	28.41	26.0	28.38	2392400
2022-05-04	28.94	29.15	28.6	28.6	361800
2022-05-05	29.0	29.19	28.6	28.6	214200
2022-05-06	28.3	28.6	28.08	28.08	484600
2022-05-09	28.06	28.06	26.13	26.3	3392300
2022-05-10	26.3	26.65	25.45	26.61	2393400
2022-05-11	27.0	27.65	26.55	27.65	2120400
2022-05-12	27.4	27.4	26.05	26.1	853300
2022-05-13	26.0	27.0	25.1	25.49	1954600
2022-05-16	26.19	26.2	24.41	24.5	1231500
2022-05-17	24.5	26.21	23.93	26.0	2106300
2022-05-18	26.0	26.26	25.65	26.15	1426400
2022-05-19	25.63	27.5	25.28	27.5	494800
2022-05-23	26.1	26.13	25.34	25.4	2025900
2022-05-24	25.5	25.89	25.32	25.89	1264400
2022-05-25	26.09	27.26	26.07	27.09	1309800
2022-05-26	26.8	27.5	26.7	27.5	11207300
2022-05-27	27.48	28.7	27.3	28.7	3166100
2022-05-30	28.43	29.2	28.26	28.5	6093400
2022-05-31	27.82	28.5	27.82	28.0	2395900
2022-06-01	28.1	28.45	28.0	28.35	260900
2022-06-02	28.57	28.94	28.35	28.43	1118600
2022-06-03	28.41	28.9	28.35	28.9	639300
2022-06-06	28.9	29.24	28.79	28.8	1611600
2022-06-07	29.19	29.19	28.1	28.8	9987800
2022-06-08	29.15	29.5	29.1	29.48	2531400
2022-06-09	29.48	29.49	29.11	29.4	1394200
2022-06-10	29.0	29.4	28.79	28.8	1142500
2022-06-13	28.3	28.3	26.8	27.15	11367800
2022-06-14	26.5	27.5	26.34	27.5	2111700
2022-06-15	27.14	27.6	27.14	27.59	482300
2022-06-16	27.65	28.24	27.65	28.22	2131800
2022-06-17	27.5	28.0	26.95	27.73	2102300
2022-06-20	27.73	27.85	26.98	27.05	1340700
2022-06-21	26.9	27.14	26.55	26.9	2374100
2022-06-22	26.76	27.43	26.25	26.98	2763200
2022-06-23	26.3	27.33	26.09	27.19	1515600
2022-06-24	26.96	27.09	26.78	26.8	885700
2022-06-27	26.8	27.32	26.8	27.12	787800
2022-06-28	27.29	27.66	27.17	27.65	1547300
2022-06-29	27.34	27.7	27.24	27.7	1206600
2022-06-30	27.51	27.8	27.39	27.59	905300
2022-07-01	27.5	27.5	26.66	27.0	2406300
2022-07-04	27.5	27.5	26.8	26.85	1061100
2022-07-05	26.85	27.0	26.3	26.3	2330000
2022-07-06	26.3	26.3	25.72	25.72	11657400
2022-07-07	25.72	26.5	25.52	26.5	1624100
2022-07-08	26.39	26.41	26.0	26.1	1102600
2022-07-11	26.0	26.0	25.35	25.64	957700
2022-07-12	25.5	25.82	25.4	25.58	2795700
2022-07-13	25.9	25.93	25.65	25.65	1910300
2022-07-14	25.64	25.97	25.48	25.97	1064100
2022-07-15	25.9	25.9	25.53	25.53	574200
2022-07-18	25.53	25.85	25.53	25.7	608900
2022-07-19	25.73	25.75	25.4	25.5	2362100
2022-07-20	25.75	26.14	25.61	25.9	1362600
2022-07-21	26.04	26.3	26.01	26.24	1767800
2022-07-22	26.35	26.55	26.26	26.4	2229900
2022-07-25	26.39	26.39	25.87	26.1	1000300
2022-07-26	26.01	26.07	25.72	26.01	889400
2022-07-27	25.8	25.91	25.61	25.91	246900
2022-07-28	26.09	26.27	26.01	26.08	525900
2022-07-29	26.16	26.4	25.82	26.4	495800
2022-08-01	26.35	26.35	25.93	26.35	1311200
2022-08-02	26.34	26.44	26.1	26.42	1991100
2022-08-03	26.0	26.4	26.0	26.4	2605900
2022-08-04	26.4	26.7	26.39	26.52	1415500
2022-08-05	26.51	26.67	26.36	26.5	1075300
2022-08-08	26.56	26.8	26.5	26.75	1495700
2022-08-09	26.74	27.0	26.63	26.87	468800
2022-08-10	26.88	26.9	26.7	26.87	1263700
2022-08-11	27.02	27.02	26.53	26.65	724700
2022-08-12	26.66	26.66	26.47	26.65	963600
2022-08-15	26.86	27.08	24.79	26.99	2663300
2022-08-16	26.99	27.29	26.99	27.1	1166900
2022-08-17	27.1	27.37	27.1	27.37	596400
2022-08-18	27.1	27.16	26.99	27.1	936600
2022-08-19	27.07	27.13	26.75	26.9	341100
2022-08-22	26.95	27.09	26.8	27.04	1043800
2022-08-23	26.9	27.15	26.84	27.15	1219300
2022-08-24	27.15	27.4	27.15	27.22	528300
2022-08-25	27.41	27.6	27.34	27.55	300100
2022-08-26	27.61	28.02	27.61	27.66	1183900
2022-08-29	27.4	27.5	27.1	27.46	1643200
2022-08-30	27.7	27.85	27.51	27.72	878700
2022-08-31	27.72	27.8	27.44	27.8	1341500
2022-09-05	27.8	27.8	27.42	27.5	1442000
2022-09-06	27.5	27.65	27.45	27.59	1277000
2022-09-07	27.5	27.5	26.9	26.9	891100
2022-09-08	26.9	27.05	26.66	26.76	967400
2022-09-09	26.76	27.0	26.6	27.0	1266800
2022-09-12	27.5	27.5	26.9	26.98	1340800
2022-09-13	26.98	27.2	26.88	27.2	2546200
2022-09-14	26.65	26.9	26.5	26.8	653100
2022-09-15	26.8	26.99	26.66	26.89	2915300
2022-09-16	26.88	26.91	26.32	26.68	2634700
2022-09-19	26.33	26.45	26.0	26.2	559000
2022-09-20	26.31	26.33	25.93	26.33	5304800
2022-09-21	26.38	26.38	25.95	26.13	904000
2022-09-22	26.09	26.22	25.8	26.11	1152100
2022-09-23	26.17	26.17	25.7	25.7	801100
2022-09-26	25.58	25.58	24.8	25.16	1230000
2022-09-27	25.09	25.32	25.0	25.17	500800
2022-09-28	25.12	25.12	24.7	24.77	1969900
2022-09-29	24.96	25.05	24.71	24.72	868100
2022-09-30	24.9	25.5	23.99	25.5	1819200
2022-10-03	25.0	25.0	23.72	23.8	1178900
2022-10-04	23.81	23.82	23.23	23.58	1598200
2022-10-05	23.9	24.0	23.58	23.98	2194600
2022-10-06	24.09	24.09	23.0	23.0	1857600
2022-10-07	22.87	22.87	21.91	22.0	2507400
2022-10-10	21.5	22.8	21.5	22.8	1524700
2022-10-11	22.34	22.37	21.23	21.35	2551800
2022-10-12	21.53	22.38	21.43	21.95	2638500
2022-10-13	21.96	22.29	21.93	22.28	1632700
2022-10-14	22.5	22.9	22.5	22.7	1826200
2022-10-17	22.44	22.63	22.26	22.63	1086500
2022-10-18	22.73	23.1	22.73	22.8	1568100
2022-10-19	22.51	23.01	22.51	22.87	2028500
2022-10-20	22.96	23.16	22.5	23.09	733700
2022-10-21	23.0	23.0	21.5	21.7	3804300
2022-10-24	21.73	22.5	20.78	20.86	943500
2022-10-25	20.6	21.86	20.45	21.44	2476900
2022-10-26	22.0	22.0	21.35	21.5	805900
2022-10-27	21.5	22.37	21.5	22.37	1237900
2022-10-28	22.5	22.81	22.37	22.52	1335700
2022-10-31	22.65	22.75	21.81	22.25	564500
2022-11-01	22.24	22.77	22.24	22.45	262600
2022-11-02	22.4	22.43	22.05	22.05	302600
2022-11-03	22.02	22.29	21.9	22.2	203600
2022-11-04	21.75	22.0	21.0	21.8	1457900
2022-11-07	21.95	21.95	20.65	20.94	2615200
2022-11-08	20.95	21.45	20.58	21.25	1283300
2022-11-09	21.25	22.0	21.0	21.2	811700
2022-11-10	21.19	21.19	19.72	19.86	1184700
2022-11-11	20.28	20.78	20.28	20.6	4118400
2022-11-14	20.58	21.1	19.64	20.49	3204500
2022-11-15	20.48	20.48	19.06	19.1	3416500
2022-11-16	18.68	20.3	17.79	20.3	4742300
2022-11-17	20.7	21.39	20.2	21.37	3583600
2022-11-18	21.2	21.8	20.2	21.05	2781000
2022-11-21	20.25	21.05	20.25	20.33	3471100
2022-11-22	20.39	20.79	20.03	20.35	3760700
2022-11-23	20.35	20.5	20.1	20.2	2450800
2022-11-24	20.36	20.48	19.98	20.48	4340800
2022-11-25	20.7	20.7	20.42	20.68	2242400
2022-11-28	20.62	21.71	20.62	21.7	2604600
2022-11-29	21.5	22.25	21.4	22.25	4815500
2022-11-30	21.68	22.84	21.68	22.8	7322300
2022-12-01	23.09	23.1	22.35	22.59	3776300
2022-12-02	22.5	23.27	22.03	23.26	3574200
2022-12-05	22.62	23.8	22.62	23.64	10217900
2022-12-06	23.62	23.63	22.8	22.8	6202100
2022-12-07	22.5	22.7	21.9	22.6	2506400
2022-12-08	22.8	23.24	22.53	22.75	3834000
2022-12-09	22.75	23.3	21.51	22.99	1346100
2022-12-12	23.25	23.25	22.56	22.63	2353600
2022-12-13	22.63	22.82	22.5	22.82	2887600
2022-12-14	23.5	23.5	22.87	22.87	1980300
2022-12-15	22.87	23.35	22.87	23.22	1701000
2022-12-16	23.01	23.44	22.9	23.16	3046400
2022-12-19	23.35	23.6	23.23	23.33	8846400
2022-12-20	23.2	23.2	22.17	22.76	895000
2022-12-21	22.88	22.88	22.05	22.39	1649200
2022-12-22	22.39	22.9	22.39	22.9	1187800
2022-12-23	22.9	23.14	22.37	23.14	1654800
2022-12-26	23.0	23.0	21.8	21.82	435600
2022-12-27	21.68	22.17	21.54	22.0	1724900
2022-12-28	22.25	22.25	21.77	22.23	1380900
2022-12-29	21.93	22.27	21.93	22.22	868200
2022-12-30	22.2	22.4	22.1	22.4	663000
2023-01-03	22.36	22.91	22.36	22.82	765000
2023-01-04	23.15	23.15	22.91	22.95	2420900
2023-01-05	22.95	23.35	22.95	23.2	2014100
2023-01-06	23.34	23.47	23.04	23.12	1744300
2023-01-09	23.45	23.45	23.0	23.19	1939400
2023-01-10	23.19	23.35	22.96	23.1	2599000
2023-01-11	23.2	23.3	23.0	23.0	1920500
2023-01-12	23.27	23.27	22.99	23.16	1077800
2023-01-13	23.15	23.25	23.02	23.08	1959600
2023-01-16	23.08	23.39	23.06	23.28	1459300
2023-01-17	23.3	23.58	23.3	23.53	1269900
2023-01-18	23.71	23.9	23.6	23.9	779800
2023-01-19	23.7	23.99	23.67	23.8	1906700
2023-01-27	24.75	24.75	24.38	24.46	2317500
2023-01-30	24.57	25.0	24.09	24.09	12757700
2023-01-31	24.22	24.22	23.73	24.2	1778600
2023-02-01	24.25	24.44	23.64	23.71	841400
2023-02-02	23.71	23.8	23.5	23.6	1761900
2023-02-03	23.63	23.81	23.56	23.56	906100
2023-02-06	23.55	23.79	23.24	23.65	1613000
2023-02-07	23.65	23.74	23.22	23.35	687500
2023-02-08	23.41	23.42	23.1	23.11	656000
2023-02-09	23.05	23.3	23.03	23.1	400400
2023-02-10	23.0	23.08	22.8	22.8	821800
2023-02-13	22.51	22.8	22.22	22.48	690100
2023-02-14	22.37	22.59	22.35	22.59	1196700
2023-02-15	22.59	22.98	22.23	22.65	1132100
2023-02-16	22.81	22.94	22.65	22.93	1370100
2023-02-17	22.96	22.96	22.73	22.92	1187800
2023-02-20	22.92	23.47	22.89	23.47	3028100
2023-02-21	23.65	23.73	23.44	23.53	3680900
2023-02-22	23.48	23.48	23.01	23.15	1450200
2023-02-23	22.83	22.9	22.39	22.59	2652200
2023-02-24	22.5	22.72	22.22	22.55	695300
2023-02-27	21.6	22.39	21.6	21.87	9737500
2023-02-28	22.03	22.28	21.95	22.0	658800
2023-03-01	22.0	22.23	21.72	22.1	1081500
2023-03-02	22.08	22.3	22.05	22.24	2398800
2023-03-03	22.23	22.24	21.7	21.7	888700
2023-03-06	21.76	22.15	21.76	21.78	942700
2023-03-07	21.85	22.1	21.85	21.9	896100
2023-03-08	21.8	22.08	21.71	21.95	581100
2023-03-09	22.01	22.39	22.01	22.35	1775000
2023-03-10	22.25	22.25	22.0	22.1	1586700
2023-03-13	21.95	22.21	21.95	22.1	1687000
2023-03-14	22.4	22.4	21.86	21.99	872800
2023-03-15	22.4	22.43	22.2	22.32	751700
2023-03-16	22.32	22.32	21.94	21.95	5999400
2023-03-17	22.39	22.39	22.0	22.0	308100
2023-03-20	21.9	22.05	21.7	21.8	1712600
2023-03-21	21.85	21.94	21.6	21.85	431200
2023-03-22	21.86	22.02	21.83	21.83	593900
2023-03-23	21.71	21.95	21.71	21.82	1926700
2023-03-24	21.82	22.07	21.82	22.03	431700
2023-03-27	22.1	22.11	21.98	22.11	98100
2023-03-28	22.28	22.36	22.19	22.25	1041700
2023-03-29	22.26	22.34	22.1	22.26	204700
2023-03-30	22.39	22.45	22.0	22.29	1499500
2023-03-31	22.29	22.49	22.29	22.47	1406300
2023-04-03	22.49	22.7	22.49	22.65	1709100
2023-04-04	22.8	22.82	22.7	22.81	3167600
2023-04-05	22.72	22.87	22.72	22.87	641000
2023-04-06	23.0	23.0	22.71	22.71	1687600
2023-04-07	22.71	22.71	22.52	22.61	1134200
2023-04-10	22.89	23.0	22.75	22.85	432400
2023-04-11	22.85	22.93	22.75	22.9	2459400
2023-04-12	22.9	23.14	22.9	23.03	2145600
2023-04-13	23.09	23.09	22.83	22.9	1000700
2023-04-14	22.87	23.01	22.74	22.84	336300
2023-04-17	22.95	22.95	22.61	22.69	497000
2023-04-18	22.98	22.98	22.63	22.63	265700
2023-04-19	22.63	22.94	22.53	22.55	1176300
2023-04-20	22.52	22.59	22.4	22.59	292000
2023-04-21	22.59	22.59	22.28	22.33	859200
2023-04-24	22.42	22.6	22.19	22.2	613800
2023-04-25	22.55	22.55	21.9	22.0	1079200
2023-04-26	21.99	22.22	21.88	22.22	108100
2023-04-27	22.22	22.44	22.15	22.22	33300
2023-04-28	22.45	22.7	22.15	22.7	705900
2023-05-04	22.67	22.67	22.16	22.44	3150700
2023-05-05	22.4	22.41	22.15	22.3	568300
2023-05-08	22.21	22.21	22.05	22.1	777800
2023-05-09	22.2	22.2	22.06	22.16	543000
2023-05-10	22.5	22.5	22.1	22.3	625800
2023-05-11	22.31	22.41	22.15	22.26	1448800
2023-05-12	22.2	22.31	22.13	22.31	228900
2023-05-15	22.49	22.59	22.38	22.48	1237800
2023-05-16	22.44	22.5	22.34	22.45	221100
2023-05-17	22.45	22.45	22.26	22.3	617900
2023-05-18	22.21	22.37	22.17	22.35	735800
2023-05-19	22.35	22.35	22.21	22.31	233600
2023-05-22	22.36	22.44	22.33	22.38	2695300
2023-05-23	22.49	22.59	22.3	22.3	535700
2023-05-24	22.32	22.49	22.24	22.27	267100
2023-05-25	22.25	22.33	22.1	22.19	1519700
2023-05-26	22.2	22.34	22.2	22.3	1238000
2023-05-29	22.3	22.47	22.3	22.36	155100
2023-05-30	22.59	22.59	22.42	22.54	1795000
2023-05-31	22.5	22.75	22.42	22.75	730000
2023-06-01	22.71	22.71	22.42	22.42	623700
2023-06-02	22.52	23.25	22.52	22.82	653900
2023-06-05	23.3	23.43	23.22	23.3	793100
2023-06-06	23.3	23.47	23.28	23.45	1200900
2023-06-07	23.46	23.52	23.35	23.51	1156400
2023-06-08	23.5	23.5	23.03	23.17	1753100
2023-06-09	23.16	23.3	23.12	23.3	1046800
2023-06-12	23.28	23.5	23.2	23.5	13014800
2023-06-13	23.58	23.64	23.47	23.5	1369300
2023-06-14	23.51	23.71	23.51	23.6	872700
2023-06-15	23.6	23.7	23.36	23.5	762500
2023-06-16	23.55	23.75	23.45	23.45	1974000
2023-06-19	23.68	23.68	23.28	23.28	10261600
2023-06-20	23.45	23.5	23.3	23.45	518000
2023-06-21	23.45	23.6	23.0	23.6	1678300
2023-06-22	23.6	23.93	23.53	23.85	473400
2023-06-23	23.85	24.0	23.71	23.9	2663900
2023-06-26	23.9	24.01	23.71	24.0	1391400
2023-06-27	23.77	24.2	23.77	24.09	704300
2023-06-28	24.2	24.27	24.05	24.2	457600
2023-06-29	24.45	24.45	23.9	24.1	286800
2023-06-30	24.1	24.1	23.8	24.09	502800
2023-07-03	24.09	24.09	23.73	23.9	1057300
2023-07-04	23.9	23.9	23.67	23.9	106100
2023-07-05	23.9	24.14	23.9	24.0	4134400
2023-07-06	24.0	24.0	23.65	23.65	710900
2023-07-07	23.6	23.95	23.6	23.95	942900
2023-07-10	24.05	24.39	24.05	24.29	2495900
2023-07-11	24.33	24.68	24.33	24.47	1569500
2023-07-12	24.48	24.63	24.43	24.43	646700
2023-07-13	24.52	24.95	24.52	24.95	1051600
2023-07-14	25.0	25.07	24.8	25.0	833700
2023-07-17	25.23	25.23	25.07	25.09	664400
2023-07-18	25.13	25.18	25.03	25.1	555100
2023-07-19	25.11	25.25	25.1	25.1	113900
2023-07-20	25.21	25.22	25.1	25.22	684900
2023-07-21	25.27	25.64	25.24	25.51	2363800
2023-07-24	26.1	26.1	25.72	25.9	482900
2023-07-25	26.01	26.2	25.8	26.09	1259800
2023-07-26	26.28	26.28	26.0	26.1	2774600
2023-07-27	26.1	26.27	25.96	26.27	645700
2023-07-28	26.29	26.5	26.24	26.5	665700
2023-07-31	26.48	26.89	26.43	26.89	1010300
2023-08-01	26.94	26.94	26.31	26.31	1368400
2023-08-02	26.15	26.31	26.01	26.15	950300
2023-08-03	26.2	26.37	26.0	26.0	1419400
2023-08-04	26.0	26.4	26.0	26.4	1071500
2023-08-07	26.5	26.75	26.4	26.75	857800
2023-08-08	26.74	26.79	26.44	26.5	495400
2023-08-09	26.5	26.5	26.2	26.23	310200
2023-08-10	26.18	26.3	25.91	25.92	4276700
2023-08-11	25.76	26.01	25.71	26.0	3047400
2023-08-14	26.0	26.25	25.97	26.14	573500
2023-08-15	26.0	26.3	26.0	26.25	2398700
2023-08-16	26.25	26.44	26.19	26.36	2277200
2023-08-17	26.4	26.6	26.37	26.43	1023600
2023-08-18	26.15	26.3	24.58	25.0	2796200
2023-08-21	25.0	25.4	24.92	25.3	3189500
2023-08-22	25.3	25.49	24.75	25.3	2777900
2023-08-23	25.75	25.75	25.1	25.3	1419900
2023-08-24	25.3	25.76	25.3	25.7	1921300
2023-08-25	25.7	25.78	25.58	25.6	1648700
2023-08-28	25.7	26.12	25.7	26.12	1787500
2023-08-29	26.12	26.48	26.12	26.4	1856400
2023-08-30	26.5	26.8	26.4	26.7	1170900
2023-08-31	26.9	27.09	26.81	27.08	3390400
2023-09-05	27.08	27.4	27.08	27.4	3104200
2023-09-06	27.5	27.55	27.14	27.55	2738900
2023-09-07	27.55	27.95	27.37	27.6	4016000
2023-09-08	27.6	27.78	27.5	27.61	8495800
2023-09-11	27.88	27.93	27.1	27.1	1081800
2023-09-12	27.2	27.7	27.1	27.7	711900
2023-09-13	27.71	28.11	27.65	27.83	1397200
2023-09-14	27.83	28.0	27.6	27.7	1088900
2023-09-15	27.99	27.99	27.41	27.59	955700
2023-09-18	27.58	27.58	27.1	27.13	1359600
2023-09-19	27.16	27.37	26.0	26.0	1366400
2023-09-20	27.25	27.73	27.2	27.66	1114600
2023-09-21	27.66	27.7	27.3	27.43	1147800
2023-09-22	27.09	27.1	26.59	27.0	1224300
2023-09-25	26.6	26.99	26.2	26.2	1357400
2023-09-26	26.2	26.35	25.85	26.07	623500
2023-09-27	25.95	26.5	25.7	26.5	995600
2023-09-28	26.4	26.5	26.13	26.4	591500
2023-09-29	26.41	26.7	26.4	26.59	2309000
2023-10-02	26.59	26.65	26.32	26.39	815900
2023-10-03	26.32	26.32	25.53	25.74	2033800
2023-10-04	25.69	25.95	25.37	25.9	2181100
2023-10-05	26.2	26.2	25.55	25.55	1084600
2023-10-06	25.9	25.9	25.37	25.8	1293400
2023-10-09	25.3	26.07	25.3	26.07	6829100
2023-10-10	26.2	26.42	26.2	26.35	2947200
2023-10-11	26.04	26.39	26.04	26.35	1964500
2023-10-12	26.4	26.58	26.29	26.4	2829700
2023-10-13	26.2	26.47	26.1	26.47	3749200
2023-10-16	26.55	26.55	26.04	26.04	3847000
2023-10-17	26.32	26.4	26.0	26.01	1059000
2023-10-18	26.0	26.0	25.02	25.59	1254500
2023-10-19	25.28	25.35	25.05	25.35	1105100
2023-10-20	26.06	26.06	24.65	25.4	754800
2023-10-23	25.48	25.48	24.8	24.95	628500
2023-10-24	25.0	25.1	24.7	25.03	814100
2023-10-25	25.09	25.2	25.0	25.0	564800
2023-10-26	24.89	24.89	23.6	23.9	6338100
2023-10-27	23.94	24.29	23.7	24.1	2601500
2023-10-30	24.0	24.13	23.66	23.66	1381100
2023-10-31	23.66	23.76	23.12	23.6	1142000
2023-11-01	23.5	23.5	22.8	23.17	573200
2023-11-02	23.4	24.1	23.29	24.08	1338500
2023-11-03	24.4	24.4	24.01	24.19	526300
2023-11-06	24.35	24.5	24.2	24.38	682900
2023-11-07	24.38	24.62	24.19	24.44	314700
2023-11-08	24.41	25.16	24.15	25.16	623100
2023-11-09	25.2	25.44	25.17	25.23	881600
2023-11-10	25.07	25.18	24.89	24.93	513800
2023-11-13	24.94	25.1	24.8	24.87	491600
2023-11-14	25.07	25.55	25.07	25.25	2412600
2023-11-15	25.62	25.98	25.59	25.66	1068000
2023-11-16	25.5	25.58	25.4	25.51	875800
2023-11-17	25.55	25.8	25.19	25.29	1338000
2023-11-20	25.53	25.53	24.85	25.35	7460600
2023-11-21	25.39	25.39	25.13	25.3	1111700
2023-11-22	25.3	25.4	25.05	25.3	1810500
2023-11-23	25.3	25.55	23.53	24.95	179300
2023-11-24	24.9	24.9	24.4	24.71	626900
2023-11-27	24.71	24.77	24.4	24.4	1068400
2023-11-28	24.32	24.69	24.23	24.69	887900
2023-11-29	24.69	24.93	24.69	24.87	1556000
2023-11-30	24.86	25.0	24.8	24.83	1836200
2023-12-01	24.83	24.85	24.6	24.84	2065900
2023-12-04	24.85	25.31	24.85	25.29	4640200
2023-12-05	25.24	25.35	25.14	25.2	971700
2023-12-06	25.34	25.4	25.12	25.36	3478600
2023-12-07	25.36	25.48	25.0	25.29	3821600
2023-12-08	25.33	25.53	25.22	25.47	3442900
2023-12-11	25.5	25.59	25.45	25.5	2976900
2023-12-12	25.41	25.57	25.36	25.57	5033900
2023-12-13	25.57	25.73	25.37	25.37	2573600
2023-12-14	25.37	25.45	25.21	25.29	1666200
2023-12-15	25.2	25.32	25.0	25.32	10612400
2023-12-18	25.01	25.14	24.73	24.96	7069900
2023-12-19	24.91	24.94	24.72	24.79	9998700
2023-12-20	25.0	25.2	24.9	25.2	4748400
2023-12-21	25.0	25.29	25.0	25.29	2986300
2023-12-22	25.17	25.33	24.65	25.3	1836300
2023-12-25	25.05	25.75	25.05	25.74	3093300
2023-12-26	25.7	25.78	24.5	25.74	4635400
2023-12-27	25.75	25.87	25.7	25.75	1646600
2023-12-28	25.7	26.0	25.7	25.88	2491700
2023-12-29	26.09	26.44	25.88	26.44	1342900
2024-01-02	26.44	26.44	25.91	26.03	558800
2024-01-03	26.05	26.19	25.88	26.19	1391500
2024-01-04	26.11	26.75	26.11	26.5	4420900
2024-01-05	26.77	26.77	26.35	26.6	11469700
2024-01-08	26.55	26.75	26.1	26.62	9331200
2024-01-09	26.9	26.9	26.52	26.61	3651600
2024-01-10	26.61	26.75	26.52	26.62	5853100
2024-01-11	26.79	26.79	26.5	26.62	4637800
2024-01-12	26.41	26.68	26.23	26.68	376600
2024-01-15	26.7	26.8	26.62	26.62	210200
2024-01-16	26.37	26.8	26.37	26.8	225800
2024-01-17	26.8	27.03	26.71	26.71	2540800
2024-01-18	26.72	27.1	26.72	27.03	1656500
2024-01-19	27.04	27.34	27.0	27.25	1584500
2024-01-22	27.5	27.5	27.18	27.32	478400
2024-01-23	27.18	27.43	27.18	27.35	725600
2024-01-24	27.16	27.35	27.1	27.12	478200
2024-01-25	27.12	27.13	27.04	27.1	629500
2024-01-26	27.08	27.32	27.08	27.29	217600
2024-01-29	27.31	27.37	27.22	27.27	429800
2024-01-30	27.39	27.39	27.26	27.36	1039600
2024-01-31	27.36	27.46	26.95	27.14	474500
2024-02-01	27.0	27.33	27.0	27.3	2390300
2024-02-02	27.3	27.47	27.25	27.36	446300
2024-02-05	27.35	28.02	27.35	27.93	1298600
2024-02-06	27.93	28.09	27.9	27.98	771600
2024-02-07	27.99	28.29	27.99	28.29	549100
2024-02-15	28.28	28.53	28.28	28.5	637100
2024-02-16	28.51	28.51	28.33	28.41	1694300
2024-02-19	28.42	28.68	28.4	28.52	1217900
2024-02-20	28.02	28.56	28.02	28.56	1173100
2024-02-21	28.55	28.74	28.37	28.69	1282300
2024-02-22	28.69	28.69	28.49	28.6	1556000
2024-02-23	28.65	28.85	28.0	28.0	2808400
2024-02-26	28.01	28.5	27.99	28.5	2307900
2024-02-27	28.49	28.78	28.49	28.77	2801700
2024-02-28	28.77	29.2	28.77	29.1	1344600
2024-02-29	29.3	29.37	28.93	29.22	5010500
2024-03-01	29.21	29.66	29.0	29.0	7121500
2024-03-04	29.0	29.89	29.0	29.05	4386800
2024-03-05	29.23	30.0	29.23	30.0	10633900
2024-03-06	29.6	30.14	29.6	29.86	2447100
2024-03-07	29.85	30.0	29.67	29.78	6149700
2024-03-08	29.9	30.15	29.4	29.53	1571400
2024-03-11	29.45	29.68	29.05	29.18	1768700
2024-03-12	29.1	29.45	29.05	29.4	308300
2024-03-13	29.6	30.25	29.47	30.22	984500
2024-03-14	30.22	30.4	29.85	30.08	477600
2024-03-15	29.82	30.05	29.59	30.05	1271600
2024-03-18	29.81	29.87	28.9	29.0	4100900
2024-03-19	29.06	29.27	28.9	28.9	5096100
2024-03-20	29.13	29.89	29.0	29.88	13437500
2024-03-21	29.92	30.26	29.92	30.25	472700
2024-03-22	30.4	31.0	30.21	30.26	2771600
2024-03-25	30.31	30.58	30.03	30.17	801700
2024-03-26	30.17	30.51	29.97	30.45	1207100
2024-03-27	30.4	30.9	30.34	30.84	3447400
2024-03-28	30.84	31.08	30.84	30.85	663700
2024-03-29	31.0	31.38	30.9	31.38	1357900
2024-04-01	31.05	31.15	30.74	31.15	2346700
2024-04-02	30.77	30.9	30.5	30.9	1627900
2024-04-03	31.0	31.0	30.5	30.54	2171500
2024-04-04	30.53	30.54	30.22	30.31	1309200
2024-04-05	30.45	30.45	29.93	30.14	625200
2024-04-08	30.29	30.29	29.77	29.86	460800
2024-04-09	29.86	30.3	29.85	30.3	2349000
2024-04-10	30.4	30.64	30.32	30.32	2530100
2024-04-11	30.28	30.5	30.05	30.31	1366400
2024-04-12	30.06	31.01	30.06	30.94	2539100
2024-04-15	30.9	31.06	29.9	30.0	777500
2024-04-16	30.0	30.0	29.0	29.57	5220400
2024-04-17	29.85	29.85	29.01	29.18	9140300
2024-04-19	28.81	29.1	28.55	28.8	1658600
2024-04-22	29.0	29.2	28.9	29.01	2046200
2024-04-23	29.11	29.29	28.86	29.05	1528300
2024-04-24	29.11	30.09	29.11	29.98	5013500
2024-04-25	30.02	30.12	29.78	30.0	5262400
2024-04-26	29.56	30.75	29.5	30.75	6561100
2024-05-02	30.53	30.9	30.51	30.9	609500
2024-05-03	30.87	31.05	30.8	31.0	2608800
2024-05-06	31.01	31.24	30.84	31.24	543200
2024-05-07	31.41	31.41	31.1	31.35	1213500
2024-05-08	31.3	31.35	31.07	31.3	650700
2024-05-09	31.3	31.55	31.2	31.39	817800
2024-05-10	31.35	31.44	31.09	31.38	854300
2024-05-13	31.5	31.5	31.09	31.2	470300
2024-05-14	31.2	31.4	31.15	31.3	375300
2024-05-15	31.4	31.59	31.3	31.47	513600
2024-05-16	31.6	32.11	31.5	32.05	351100
2024-05-17	32.07	32.2	32.02	32.2	2248800
2024-05-20	32.2	32.39	32.06	32.06	1641800
2024-05-21	32.05	32.16	31.85	32.15	1460200
2024-05-22	32.2	32.38	31.92	32.06	4199200
2024-05-23	32.07	32.2	31.9	32.2	2817500
2024-05-24	32.05	32.37	31.3	31.78	2211500
2024-05-27	31.78	31.78	31.35	31.65	704700
2024-05-28	31.67	32.0	31.67	32.0	1230500
2024-05-29	31.8	32.08	31.65	31.97	1526000
2024-05-30	31.72	31.72	31.23	31.6	509400
2024-05-31	31.15	31.8	31.15	31.7	367000
2024-06-03	31.9	32.2	31.8	32.14	1518500
2024-06-04	32.19	32.39	32.12	32.27	1977100
2024-06-05	32.4	32.63	32.22	32.22	2421300
2024-06-06	32.22	32.4	31.9	32.13	1706200
2024-06-07	32.18	32.42	31.65	32.3	1337900
2024-06-10	32.32	32.64	32.32	32.56	994500
2024-06-11	32.6	32.75	32.26	32.59	2831200
2024-06-12	32.26	33.26	32.26	33.23	2533300
2024-06-13	33.31	33.52	33.23	33.4	1264100
2024-06-14	33.4	33.45	33.12	33.39	1161900
2024-06-17	33.38	33.38	32.51	32.66	1881300
2024-06-18	32.66	32.86	32.65	32.7	1102500
2024-06-19	32.97	32.97	32.43	32.92	3455400
2024-06-20	32.92	33.33	32.8	33.33	3756500
2024-06-21	33.33	33.33	32.92	33.09	2007300
2024-06-24	33.18	33.18	32.34	32.34	1509200
2024-06-25	32.34	32.47	32.24	32.4	3437200
2024-06-26	32.53	32.53	32.05	32.19	9666200
2024-06-27	32.21	32.54	32.21	32.54	5267100
2024-06-28	32.58	32.58	31.92	32.2	11561700
2024-07-01	32.48	32.48	31.9	32.24	8691800
2024-07-02	32.29	32.61	32.18	32.61	545700
2024-07-03	32.65	32.71	32.37	32.7	972300
2024-07-04	32.78	33.0	32.73	33.0	496600
2024-07-05	33.0	33.07	32.8	33.04	3851900
2024-07-08	33.33	33.33	32.91	33.16	1658600
2024-07-09	33.16	33.5	33.01	33.5	1444800
2024-07-10	33.35	33.53	33.23	33.27	2221600
2024-07-11	33.2	33.46	33.11	33.13	1022800
2024-07-12	33.13	33.23	32.9	33.02	624000
2024-07-15	33.01	33.23	32.9	32.99	495700
2024-07-16	33.02	33.3	33.02	33.19	758200
2024-07-17	33.21	33.5	33.0	33.05	2561600
2024-07-18	33.04	33.21	32.67	33.07	773900
2024-07-19	33.39	33.39	32.71	33.07	1031800
2024-07-22	33.0	33.0	32.26	32.64	1676400
2024-07-23	32.71	32.73	32.15	32.45	2381800
2024-07-24	32.15	32.45	31.8	32.45	422000
2024-07-25	32.2	32.3	32.02	32.3	504300
2024-07-26	32.34	32.69	32.24	32.69	534200
2024-07-29	32.87	32.87	32.6	32.76	844900
2024-07-30	32.67	32.84	32.37	32.84	1309400
2024-07-31	32.83	32.88	32.59	32.88	343800
2024-08-01	32.8	32.88	31.98	32.31	1703700
2024-08-02	32.25	32.32	31.68	32.32	667000
2024-08-05	32.0	32.27	31.01	31.35	1406000
2024-08-06	31.13	31.57	31.1	31.57	648000
2024-08-07	31.57	31.57	31.15	31.54	979700
2024-08-08	31.32	31.34	30.95	31.27	1853800
2024-08-09	31.2	31.7	31.2	31.7	809700
2024-08-12	31.84	32.1	31.63	32.1	310900
2024-08-13	32.1	32.11	31.85	32.05	1161900
2024-08-14	32.2	32.2	31.93	32.1	783100
2024-08-15	32.18	32.18	31.4	31.95	928200
2024-08-16	31.95	32.66	31.95	32.66	1779700
2024-08-19	32.85	33.23	32.76	33.15	970200
2024-08-20	33.15	33.5	33.1	33.4	611900
2024-08-21	33.26	33.68	33.26	33.68	1500000
2024-08-22	33.68	33.85	33.65	33.77	762500
2024-08-23	33.76	33.77	33.5	33.75	1105100
2024-08-26	33.75	33.81	33.42	33.5	1327400
2024-08-27	33.49	33.5	33.15	33.38	737500
2024-08-28	33.38	33.8	33.24	33.38	275500
2024-08-29	33.4	33.51	33.35	33.42	283700
2024-08-30	33.5	33.55	33.4	33.55	1522900
2024-09-04	33.3	33.3	32.9	33.1	1394400
2024-09-05	33.49	33.49	32.89	32.92	2637800
2024-09-06	33.27	33.37	32.65	32.96	2118200
2024-09-09	32.9	32.9	32.58	32.73	976500
2024-09-10	32.73	32.81	32.36	32.58	676900
2024-09-11	32.57	32.57	32.25	32.53	590900
2024-09-12	32.55	32.79	32.55	32.79	140200
2024-09-13	32.79	32.82	32.55	32.79	976700
2024-09-16	32.6	32.83	32.48	32.48	715300
2024-09-17	32.55	32.99	32.44	32.99	232800
2024-09-18	32.98	33.18	32.86	33.18	459100
2024-09-19	33.19	33.2	33.0	33.2	1676500
2024-09-20	33.5	33.6	33.3	33.36	172000
2024-09-23	33.31	33.43	33.23	33.28	861200
2024-09-24	33.28	33.45	33.27	33.45	134000
2024-09-25	33.45	33.73	33.45	33.72	1013800
2024-09-26	33.72	34.1	33.72	34.0	1291300
2024-09-27	34.19	34.19	33.77	33.87	790900
2024-09-30	33.9	34.0	33.65	34.0	431300
2024-10-01	33.88	34.2	33.88	34.08	1018000
2024-10-02	33.83	34.1	33.78	34.05	599600
2024-10-03	33.96	34.25	33.7	33.9	14209000
2024-10-04	33.88	33.88	33.45	33.45	939000
2024-10-07	33.6	33.7	33.24	33.4	605900
2024-10-08	33.4	33.5	33.28	33.45	133500
2024-10-09	33.4	34.25	33.35	34.25	568700
2024-10-10	33.85	34.05	33.68	33.88	602700
2024-10-11	33.8	33.88	33.62	33.84	459700
2024-10-14	33.9	33.97	33.59	33.64	352200
2024-10-15	33.64	33.75	33.41	33.6	1519200
2024-10-16	33.5	33.5	33.28	33.41	1004400
2024-10-17	33.65	33.65	33.16	33.58	193700
2024-10-18	33.69	33.69	33.42	33.53	2786900
2024-10-21	33.6	33.7	33.15	33.34	2599500
2024-10-22	33.25	33.28	32.78	33.25	3671800
2024-10-23	33.28	33.3	32.84	33.2	609900
2024-10-24	33.18	33.18	32.67	32.7	517500
2024-10-25	32.98	32.98	32.6	32.8	1448100
2024-10-28	32.8	32.89	32.65	32.89	847500
2024-10-29	32.89	33.17	32.89	33.13	628900
2024-10-30	33.15	33.3	33.1	33.18	413000
2024-10-31	33.32	33.32	33.1	33.3	34600
2024-11-01	33.2	33.2	32.82	33.01	415600
2024-11-04	33.0	33.2	32.54	33.0	339300
2024-11-05	32.93	32.93	32.6	32.85	616400
2024-11-06	32.8	33.0	32.56	33.0	576600
2024-11-07	33.0	33.0	32.71	32.71	842200
2024-11-08	32.75	32.99	32.5	32.55	362100
2024-11-11	32.5	32.6	32.25	32.36	950900
2024-11-12	32.38	32.52	32.15	32.28	261400
2024-11-13	32.3	32.33	32.06	32.33	290800
2024-11-14	32.46	32.46	32.1	32.15	555900
2024-11-15	32.15	32.15	31.51	31.73	1371600
2024-11-18	31.73	31.73	31.02	31.69	896800
2024-11-19	31.64	31.64	30.98	31.01	718200
2024-11-20	31.01	31.47	30.64	31.16	2152100
2024-11-21	31.16	31.73	31.16	31.73	1220100
2024-11-22	31.98	31.98	31.7	31.74	579800
2024-11-25	31.74	31.89	31.69	31.83	262300
2024-11-26	31.84	32.15	31.84	32.09	291800
2024-11-27	32.09	32.23	31.97	32.19	1114900
2024-11-28	32.19	32.32	32.09	32.2	590800
2024-11-29	32.2	32.49	32.14	32.49	417700
2024-12-02	32.49	32.64	32.3	32.39	523000
2024-12-03	32.3	32.52	32.26	32.45	245000
2024-12-04	32.45	32.45	32.23	32.31	359300
2024-12-05	32.31	33.07	32.26	33.07	752100
2024-12-06	33.06	33.35	33.06	33.19	495100
2024-12-09	33.18	33.34	33.07	33.27	391200
2024-12-10	33.0	33.33	33.0	33.2	648100
2024-12-11	33.29	33.32	33.05	33.3	848600
2024-12-12	33.3	33.3	33.14	33.26	521800
2024-12-13	33.11	33.2	32.96	33.18	473600
2024-12-16	33.18	33.3	33.07	33.22	604200
2024-12-17	33.19	33.26	33.02	33.13	581100
2024-12-18	33.0	33.23	32.97	33.23	744500
2024-12-19	32.9	32.93	32.75	32.84	297100
2024-12-20	33.0	33.0	32.84	32.98	267800
2024-12-23	33.19	33.19	32.98	33.07	585700
2024-12-24	33.08	33.09	32.92	33.09	516000
2024-12-25	33.09	33.6	33.09	33.5	865000
2024-12-26	33.42	33.61	33.36	33.41	755400
2024-12-27	33.41	33.56	33.37	33.56	1565500
2024-12-30	33.56	33.56	33.39	33.48	478800
2024-12-31	33.48	33.58	33.44	33.52	375000
2025-01-02	33.6	33.6	33.26	33.5	359200
2025-01-03	33.5	33.5	32.97	33.0	534600
2025-01-06	32.81	32.9	32.58	32.61	751400
2025-01-07	32.71	32.95	32.32	32.43	809600
2025-01-08	32.98	32.98	32.18	32.5	506100
2025-01-09	32.6	32.6	32.22	32.55	267000
2025-01-10	32.55	32.55	32.0	32.25	358300
2025-01-13	32.15	32.17	31.61	32.17	530500
2025-01-14	32.2	32.2	31.7	31.99	754400
2025-01-15	31.99	32.12	31.79	32.07	616700
2025-01-16	32.21	32.21	31.9	32.02	1185000
2025-01-17	32.24	32.37	31.95	32.37	793100
2025-01-20	32.37	32.5	32.3	32.48	123700
2025-01-21	32.48	32.55	32.25	32.5	125500
2025-01-22	32.54	32.54	32.31	32.31	51100
2025-01-23	32.33	32.94	32.33	32.88	374500
2025-01-24	32.93	33.1	32.85	33.1	509600
2025-02-03	33.0	33.0	30.88	32.31	1793900
2025-02-04	32.61	32.79	32.59	32.78	192000
2025-02-05	32.79	32.94	32.78	32.86	562800
2025-02-06	32.86	33.13	32.86	33.0	1314600
2025-02-07	33.0	35.21	32.79	32.79	1799700
2025-02-10	32.79	32.87	32.58	32.76	2085400
2025-02-11	32.76	32.76	32.45	32.6	467500
2025-02-12	32.61	32.71	32.5	32.54	849600
2025-02-13	32.53	32.53	32.24	32.4	996900
2025-02-14	32.44	32.65	32.4	32.51	296500
2025-02-17	32.41	32.55	32.26	32.41	291800
2025-02-18	32.4	32.5	32.15	32.5	653200
2025-02-19	32.49	32.64	32.28	32.61	817700
2025-02-20	32.6	32.74	32.6	32.64	273000
2025-02-21	32.72	32.89	32.72	32.88	607900
2025-02-24	32.88	33.0	32.73	33.0	675800
2025-02-25	32.84	33.02	32.67	32.9	791000
2025-02-26	32.85	32.93	32.8	32.88	652300
2025-02-27	32.9	32.95	32.7	32.93	116700
2025-02-28	32.93	32.93	32.68	32.7	816100
2025-03-03	32.88	32.88	32.77	32.82	518500
2025-03-04	32.82	33.05	32.65	33.05	803500
2025-03-05	33.15	33.27	32.82	32.92	1782800
2025-03-06	32.92	33.38	32.92	33.38	744400
2025-03-07	33.39	33.52	33.0	33.38	1190400
2025-03-10	33.4	33.69	33.39	33.64	498700
2025-03-11	33.2	33.52	33.17	33.52	1728600
2025-03-12	33.5	33.6	33.17	33.3	1273600
2025-03-13	33.32	33.32	32.92	32.92	1066100
2025-03-14	32.9	32.93	32.5	32.88	249500
2025-03-17	32.85	32.9	32.57	32.9	504100
2025-03-18	32.95	32.95	32.63	32.63	951900
2025-03-19	32.6	32.66	32.15	32.2	992800
2025-03-20	32.21	32.54	32.07	32.32	737200
2025-03-21	32.14	32.48	32.14	32.48	423600
2025-03-24	32.4	32.55	32.16	32.55	702600
2025-03-25	32.55	32.65	32.37	32.53	441000
2025-03-26	32.53	32.6	32.0	32.38	292800
2025-03-27	32.35	32.38	32.12	32.33	215200
2025-03-28	32.29	32.29	31.83	32.0	613800
2025-03-31	31.9	31.9	31.5	31.84	413200
2025-04-01	31.86	31.86	31.57	31.84	190400
