time	open	high	low	close	volume
2022-03-08	27.89	27.89	27.89	27.89	10100
2022-03-09	32.04	32.04	32.04	32.04	100
2022-03-10	36.82	36.82	36.82	36.82	5009100
2022-03-11	42.24	42.32	37.85	38.25	2999500
2022-03-14	38.65	39.69	36.74	38.97	547200
2022-03-15	37.85	37.85	33.15	33.31	957000
2022-03-16	34.43	39.69	31.96	35.62	587800
2022-03-17	34.27	36.34	34.27	34.98	257300
2022-03-18	35.7	35.7	34.19	34.59	298500
2022-03-21	34.27	34.27	32.67	33.39	305100
2022-03-22	33.47	33.95	32.83	33.47	323700
2022-03-23	33.47	33.87	33.31	33.55	358400
2022-03-24	33.07	34.82	33.07	34.82	253664
2022-03-25	33.79	35.06	29.17	34.51	311236
2022-03-28	34.27	34.9	33.87	34.74	368523
2022-03-29	34.43	34.9	34.27	34.82	258514
2022-03-30	34.67	35.54	34.51	34.67	382200
2022-03-31	35.06	35.46	34.51	35.06	393200
2022-04-01	35.22	35.46	34.67	35.06	268650
2022-04-04	35.06	35.14	34.51	34.82	301800
2022-04-05	34.74	34.74	34.27	34.35	289800
2022-04-06	33.47	34.11	30.28	32.51	547953
2022-04-07	32.67	33.39	31.88	32.67	322400
2022-04-08	33.23	33.23	30.52	30.52	188000
2022-04-12	30.52	31.72	30.52	31.0	119201
2022-04-13	31.08	31.08	29.88	30.84	371700
2022-04-14	31.24	31.32	30.2	31.08	327600
2022-04-15	31.48	31.48	29.88	30.2	163800
2022-04-18	30.2	30.84	29.17	29.41	67802
2022-04-19	29.88	29.88	26.06	27.97	271000
2022-04-20	27.73	27.89	26.38	27.09	48500
2022-04-21	24.7	30.28	24.7	30.28	231100
2022-04-22	29.41	29.41	27.65	29.09	111800
2022-04-25	29.49	29.49	24.31	25.5	190000
2022-04-26	25.5	26.7	23.91	26.38	35700
2022-04-27	26.7	29.49	26.7	28.13	142500
2022-04-28	29.09	31.96	28.85	30.92	274400
2022-04-29	31.8	31.8	30.44	30.44	32300
2022-05-04	31.09	31.83	30.52	30.52	116800
2022-05-05	31.66	32.15	30.68	32.07	136600
2022-05-06	31.58	32.07	30.52	30.52	141800
2022-05-09	31.01	32.32	27.9	28.15	69700
2022-05-10	27.82	29.29	26.59	28.64	39300
2022-05-11	28.55	28.88	28.39	28.55	21050
2022-05-12	29.13	29.13	25.77	27.41	31300
2022-05-13	26.75	26.84	24.55	24.63	101900
2022-05-16	25.36	27.98	25.36	25.45	37800
2022-05-17	25.12	28.31	24.87	27.82	143811
2022-05-18	28.64	29.45	27.41	28.64	46200
2022-05-19	28.23	28.64	28.15	28.64	19600
2022-05-20	28.88	29.54	28.47	28.64	61100
2022-05-23	29.86	30.27	27.82	29.05	9700
2022-05-24	28.96	28.96	28.39	28.55	2700
2022-05-25	28.47	30.27	28.15	30.27	64744
2022-05-26	30.27	31.09	29.86	30.03	24700
2022-05-27	30.44	30.44	29.86	30.11	145100
2022-05-30	30.68	30.68	29.7	29.86	197100
2022-05-31	29.86	29.86	29.45	29.54	65000
2022-06-01	27.98	29.54	27.98	28.15	90805
2022-06-02	30.19	30.19	28.64	28.64	18900
2022-06-03	29.78	29.78	28.15	28.96	13805
2022-06-06	29.37	29.37	28.64	29.05	13300
2022-06-07	28.88	29.13	28.3	29.13	12900
2022-06-08	29.13	29.96	28.8	29.38	23100
2022-06-09	29.21	29.96	29.13	29.71	39103
2022-06-10	29.8	29.88	29.13	29.71	27215
2022-06-13	29.05	29.05	27.47	28.55	23800
2022-06-14	28.72	31.63	27.63	28.72	68626
2022-06-15	28.72	31.63	26.63	28.88	72400
2022-06-16	27.72	30.05	27.72	27.88	21600
2022-06-17	27.55	28.63	27.3	27.3	17500
2022-06-20	27.63	27.63	25.72	25.72	50700
2022-06-21	25.05	26.63	22.64	26.05	19900
2022-06-22	27.3	27.3	25.8	26.63	12800
2022-06-23	25.05	26.97	25.05	26.72	9800
2022-06-24	27.3	27.38	26.22	26.55	7100
2022-06-27	27.13	27.13	24.97	26.22	21100
2022-06-28	25.89	27.47	25.72	26.05	50600
2022-06-29	27.38	27.47	26.55	27.13	24900
2022-06-30	27.05	27.47	26.63	27.3	44700
2022-07-01	27.22	27.47	26.3	27.22	12700
2022-07-04	27.47	30.8	27.47	28.63	43400
2022-07-05	28.88	29.96	27.05	27.22	30500
2022-07-06	28.72	29.13	26.63	27.47	35001
2022-07-07	28.13	29.13	26.63	27.05	49700
2022-07-08	28.22	28.22	26.55	26.55	34000
2022-07-11	26.72	27.3	26.3	26.3	1051
2022-07-12	26.63	26.63	25.8	26.05	24300
2022-07-13	25.89	26.55	25.64	25.8	119600
2022-07-14	26.22	26.22	25.8	25.8	5900
2022-07-15	25.89	26.55	25.64	25.64	26500
2022-07-18	25.8	25.8	25.39	25.39	29805
2022-07-19	25.97	25.97	25.55	25.89	1446
2022-07-20	25.89	26.22	25.89	25.89	6800
2022-07-21	25.97	25.97	25.8	25.8	3400
2022-07-22	25.89	25.89	25.64	25.64	10000
2022-07-25	25.64	25.64	24.97	25.64	10300
2022-07-26	25.39	25.64	25.14	25.14	7700
2022-07-27	25.14	25.47	24.8	25.47	13300
2022-07-28	25.3	25.97	25.22	25.72	14300
2022-07-29	25.97	25.97	25.72	25.8	12000
2022-08-01	25.89	27.38	25.8	27.38	25435
2022-08-02	27.05	27.38	26.63	26.63	12400
2022-08-03	26.05	27.38	26.05	26.63	29900
2022-08-04	26.22	26.38	25.97	26.38	36200
2022-08-05	26.72	26.72	25.97	26.47	6600
2022-08-08	27.22	27.22	25.8	25.97	10800
2022-08-09	25.89	26.63	25.89	26.47	11300
2022-08-10	25.89	28.72	25.89	26.63	40600
2022-08-11	27.13	29.96	27.13	27.3	106200
2022-08-12	29.96	31.63	27.47	27.88	36700
2022-08-15	28.88	29.96	28.3	28.55	48310
2022-08-16	28.96	29.96	28.13	28.3	44400
2022-08-17	29.13	29.96	28.38	28.55	31000
2022-08-18	28.47	29.3	28.3	28.38	12700
2022-08-19	28.88	28.88	28.22	28.3	25000
2022-08-22	28.38	28.47	27.97	27.97	26500
2022-08-23	27.8	28.13	27.47	27.63	36600
2022-08-24	27.72	28.3	27.72	28.3	17000
2022-08-25	28.8	28.88	27.72	28.22	7900
2022-08-26	28.63	28.63	27.55	28.22	20700
2022-08-29	27.55	27.63	27.05	27.05	104800
2022-08-30	27.05	27.88	27.05	27.72	6400
2022-08-31	27.72	28.22	27.22	28.22	4100
2022-09-05	28.63	28.63	27.3	27.3	12200
2022-09-06	27.55	27.88	27.47	27.88	5000
2022-09-07	28.22	28.22	27.47	27.47	2200
2022-09-08	27.47	27.47	27.47	27.47	4100
2022-09-09	26.3	27.88	26.3	27.88	10200
2022-09-12	26.38	27.88	26.38	27.88	1000
2022-09-13	27.88	28.55	24.14	27.63	73400
2022-09-14	27.13	28.13	27.13	27.47	31100
2022-09-15	28.8	28.8	27.8	27.88	33600
2022-09-16	26.63	28.22	26.63	26.63	13300
2022-09-19	27.8	27.8	27.8	27.8	0
2022-09-20	28.13	28.13	26.63	27.97	43202
2022-09-21	26.22	27.88	26.22	27.88	5100
2022-09-22	27.72	27.8	26.22	27.47	32600
2022-09-23	27.47	27.47	27.47	27.47	25900
2022-09-26	26.3	27.47	25.89	27.38	5000
2022-09-27	25.05	27.38	25.05	27.38	22300
2022-09-28	25.05	27.72	25.05	26.13	21800
2022-09-29	27.47	27.47	25.05	27.13	19701
2022-09-30	24.55	26.63	24.14	26.63	6000
2022-10-03	26.55	26.55	26.55	26.55	100
2022-10-04	26.63	26.8	24.3	26.13	30802
2022-10-05	26.38	26.38	26.05	26.05	1700
2022-10-06	24.72	26.22	24.14	24.72	31400
2022-10-07	22.56	23.14	20.89	20.89	107001
2022-10-10	21.06	24.14	19.14	23.72	43200
2022-10-11	22.89	24.05	20.81	22.89	30000
2022-10-12	22.47	23.22	22.06	22.89	15100
2022-10-13	22.64	22.97	21.64	22.47	28600
2022-10-14	22.89	24.14	22.89	24.14	9400
2022-10-17	21.14	23.64	20.97	23.55	5000
2022-10-18	24.05	24.05	21.81	21.81	167510
2022-10-19	23.22	24.14	22.72	23.97	17200
2022-10-20	23.72	24.05	23.31	24.05	4600
2022-10-21	22.72	22.72	21.81	22.06	9700
2022-10-24	21.97	22.39	19.98	22.39	46900
2022-10-25	19.14	22.39	19.14	19.48	14800
2022-10-26	19.98	22.47	19.98	20.23	13500
2022-10-27	21.22	22.64	21.22	22.64	13101
2022-10-28	23.31	24.55	22.47	22.47	8000
2022-10-31	21.56	21.56	20.81	21.06	9500
2022-11-01	20.97	21.56	20.81	21.22	32300
2022-11-02	21.56	21.56	20.81	20.81	800
2022-11-03	21.22	21.22	21.22	21.22	7601
2022-11-04	20.31	20.31	20.31	20.31	10202
2022-11-07	20.23	20.23	19.14	19.14	5600
2022-11-08	19.48	22.39	19.48	22.06	10720
2022-11-09	21.31	23.31	21.31	22.47	21100
2022-11-10	20.64	22.89	20.64	22.89	6800
2022-11-11	22.31	22.47	20.81	22.47	49000
2022-11-14	22.47	22.47	20.81	20.81	18500
2022-11-15	22.31	22.31	19.14	19.14	20100
2022-11-16	19.48	21.64	19.48	21.56	15701
2022-11-17	21.64	21.64	21.22	21.22	8200
2022-11-18	20.48	21.31	19.98	20.39	6101
2022-11-21	19.98	21.64	17.73	19.98	127400
2022-11-22	18.39	19.98	18.31	19.98	15600
2022-11-23	19.98	19.98	19.14	19.98	24300
2022-11-24	19.48	19.48	18.39	19.48	7000
2022-11-25	19.48	19.56	18.56	19.39	56800
2022-11-28	19.56	19.98	19.23	19.98	12200
2022-11-29	19.73	20.39	19.39	19.81	11500
2022-11-30	19.56	20.39	19.56	19.98	4800
2022-12-01	20.64	20.64	19.64	19.73	15300
2022-12-02	20.14	20.14	19.64	20.14	8300
2022-12-05	20.14	20.14	19.81	19.81	15700
2022-12-06	20.14	20.14	19.64	19.73	22300
2022-12-07	22.15	22.85	19.98	20.07	88700
2022-12-08	20.15	22.15	20.15	22.15	89600
2022-12-09	21.72	22.85	21.72	22.59	52000
2022-12-12	22.41	22.85	20.41	22.5	61800
2022-12-13	20.68	22.67	20.59	22.67	20600
2022-12-14	21.28	22.93	20.94	22.59	83200
2022-12-15	22.59	22.67	21.46	21.72	17700
2022-12-16	22.59	23.89	21.89	22.24	71600
2022-12-19	22.59	23.37	22.15	22.15	76600
2022-12-20	24.24	24.32	23.28	23.28	51900
2022-12-21	22.41	24.15	21.72	21.72	33000
2022-12-22	22.85	23.98	21.72	21.72	76500
2022-12-23	22.76	23.46	22.76	23.46	71500
2022-12-26	23.46	24.15	21.72	21.72	77200
2022-12-27	22.85	23.54	22.85	23.54	6000
2022-12-28	24.06	24.76	21.72	22.59	92800
2022-12-29	24.24	26.76	23.11	23.11	89500
2022-12-30	22.85	26.93	22.85	26.93	56000
2023-01-03	23.19	25.63	23.19	23.46	8900
2023-01-04	23.28	23.46	22.76	22.76	7100
2023-01-05	22.59	24.24	21.98	23.46	7500
2023-01-06	22.5	22.76	22.5	22.59	4700
2023-01-09	22.15	23.46	21.98	23.46	19800
2023-01-10	26.15	26.15	22.85	22.85	1300
2023-01-11	22.24	23.11	22.24	22.59	23000
2023-01-12	23.28	23.28	23.28	23.28	100
2023-01-13	23.19	23.28	23.19	23.28	7400
2023-01-16	23.28	23.28	23.28	23.28	0
2023-01-17	22.59	23.28	22.15	23.28	18600
2023-01-18	22.59	23.02	22.41	22.93	20100
2023-01-19	23.02	23.02	22.15	22.59	18000
2023-01-27	22.59	23.28	22.59	23.28	17200
2023-01-30	19.72	23.28	19.72	23.11	17100
2023-01-31	23.11	23.28	23.11	23.19	28200
2023-02-01	23.19	23.28	23.11	23.28	20700
2023-02-02	23.19	23.28	23.11	23.28	13900
2023-02-03	23.28	23.28	22.33	23.28	18600
2023-02-06	22.85	22.85	22.85	22.85	1400
2023-02-07	23.02	23.02	22.24	23.02	1400
2023-02-08	22.41	22.41	22.41	22.41	4200
2023-02-09	22.41	22.85	22.41	22.85	1600
2023-02-10	22.67	22.67	22.67	22.67	300
2023-02-13	22.67	22.67	22.67	22.67	0
2023-02-14	22.67	22.67	22.67	22.67	0
2023-02-15	22.67	22.67	22.67	22.67	0
2023-02-16	22.59	22.59	21.89	21.89	600
2023-02-17	21.98	22.07	21.89	22.07	3300
2023-02-20	21.37	22.59	21.37	22.33	3600
2023-02-21	21.72	21.98	21.54	21.54	800
2023-02-22	20.68	22.41	20.68	22.41	2000
2023-02-23	21.46	21.46	21.28	21.28	600
2023-02-24	22.59	22.59	22.59	22.59	100
2023-02-27	22.07	22.33	20.85	22.33	6600
2023-02-28	22.24	22.24	21.72	21.72	8700
2023-03-01	19.29	22.24	19.29	22.15	12600
2023-03-02	21.72	22.07	21.72	21.72	1300
2023-03-03	21.72	21.72	21.72	21.72	0
2023-03-06	20.59	21.72	20.59	21.72	3400
2023-03-07	22.5	22.59	21.72	21.72	12600
2023-03-08	22.33	22.33	21.98	21.98	300
2023-03-09	22.59	22.59	22.59	22.59	100
2023-03-10	21.8	21.8	21.46	21.46	9200
2023-03-13	21.46	21.46	21.46	21.46	0
2023-03-14	22.41	22.59	21.02	21.02	1200
2023-03-15	21.28	21.28	20.85	20.85	1500
2023-03-16	22.5	22.5	22.5	22.5	10000
2023-03-17	20.76	21.72	20.76	21.72	1700
2023-03-20	21.63	21.63	21.63	21.63	10
2023-03-21	22.41	22.5	21.72	21.72	3300
2023-03-22	22.07	22.07	21.46	21.46	36900
2023-03-23	22.24	22.59	21.02	22.59	79100
2023-03-24	22.59	22.59	22.59	22.59	23100
2023-03-27	21.72	22.59	21.72	22.59	9101
2023-03-28	22.33	22.33	22.33	22.33	0
2023-03-29	22.33	22.33	22.33	22.33	115
2023-03-30	20.82	22.95	20.82	22.68	12020
2023-03-31	21.71	23.66	21.71	22.68	53600
2023-04-03	23.21	23.21	23.12	23.21	30500
2023-04-04	23.21	23.21	23.21	23.21	500
2023-04-05	22.33	23.48	22.33	23.48	17720
2023-04-06	22.42	23.21	22.33	23.21	9109
2023-04-07	23.21	23.21	23.04	23.04	17200
2023-04-10	23.21	23.21	23.21	23.21	0
2023-04-11	23.12	23.48	23.12	23.48	15324
2023-04-12	23.48	23.66	23.48	23.66	7206
2023-04-13	22.24	22.42	22.24	22.24	6000
2023-04-14	22.24	23.48	22.24	23.48	53300
2023-04-17	22.59	22.59	22.24	22.24	26600
2023-04-18	22.24	22.86	22.24	22.77	85706
2023-04-19	22.59	22.86	22.5	22.59	34206
2023-04-20	22.68	22.68	22.15	22.59	7104
2023-04-21	22.42	22.5	22.15	22.15	29000
2023-04-24	22.24	22.24	22.24	22.24	0
2023-04-25	20.82	22.24	20.82	22.24	10610
2023-04-26	19.67	22.42	19.67	22.42	300
2023-04-27	22.42	22.42	22.42	22.42	1800
2023-04-28	22.06	22.15	21.97	22.06	5900
2023-05-04	22.77	22.95	22.77	22.95	6010
2023-05-05	22.86	22.95	22.24	22.24	7306
2023-05-08	22.59	23.3	22.59	23.3	32600
2023-05-09	22.68	22.68	22.59	22.59	1207
2023-05-10	22.68	22.77	22.68	22.77	500
2023-05-11	22.68	22.95	22.68	22.86	6800
2023-05-12	22.86	23.21	22.86	23.21	45000
2023-05-15	19.76	23.48	19.76	23.48	30800
2023-05-16	21.0	23.83	21.0	23.83	20900
2023-05-17	22.59	22.59	22.59	22.59	2100
2023-05-18	20.2	24.72	20.2	24.72	1108
2023-05-19	23.66	23.66	22.77	22.77	20000
2023-05-22	23.92	23.92	22.77	23.04	3900
2023-05-23	23.21	23.3	23.04	23.04	331800
2023-05-24	23.3	23.3	23.3	23.3	4400
2023-05-25	23.3	23.92	23.04	23.04	175000
2023-05-26	23.83	23.92	22.24	23.92	2100
2023-05-29	24.36	24.36	22.5	24.28	3700
2023-05-30	24.72	24.81	24.36	24.81	24800
2023-05-31	25.07	25.07	23.74	23.74	1600
2023-06-01	24.36	25.69	24.36	25.69	5504
2023-06-02	24.54	24.99	24.54	24.63	15404
2023-06-05	24.63	24.81	24.63	24.63	1200
2023-06-06	24.63	25.25	24.63	25.16	200200
2023-06-07	24.36	24.45	23.92	23.92	908604
2023-06-08	23.92	26.14	23.92	24.45	1325046
2023-06-09	25.69	25.69	24.81	24.9	121109
2023-06-12	25.07	25.07	24.1	24.1	2403
2023-06-13	24.63	24.63	24.01	24.01	10316
2023-06-14	24.54	24.81	24.01	24.72	23400
2023-06-15	23.12	24.19	23.12	24.1	25300
2023-06-16	23.74	24.63	23.48	23.57	3300
2023-06-19	23.21	23.48	23.21	23.48	8000
2023-06-20	24.63	24.63	24.28	24.36	2630
2023-06-21	24.36	24.36	24.36	24.36	0
2023-06-22	24.81	24.81	24.01	24.01	11700
2023-06-23	24.1	24.1	23.3	23.3	2900
2023-06-26	23.74	23.74	23.39	23.57	12705
2023-06-27	23.66	23.92	23.66	23.92	19700
2023-06-28	23.92	23.92	23.92	23.92	0
2023-06-29	23.92	23.92	23.92	23.92	4801
2023-06-30	23.92	23.92	23.92	23.92	2
2023-07-03	23.92	23.92	23.92	23.92	800
2023-07-04	23.04	23.04	22.68	23.04	9101
2023-07-05	23.3	23.74	23.3	23.74	626
2023-07-06	23.74	23.74	23.04	23.04	2800
2023-07-07	23.04	23.04	22.77	23.04	2200
2023-07-10	23.04	23.04	22.77	22.77	15520
2023-07-11	22.86	22.86	22.59	22.68	17100
2023-07-12	22.59	22.95	22.59	22.95	8900
2023-07-13	22.68	23.04	22.68	23.04	8100
2023-07-14	22.77	22.77	22.77	22.77	4200
2023-07-17	22.86	23.12	22.77	23.12	1000
2023-07-18	23.04	23.21	22.77	23.04	6400
2023-07-19	22.95	23.12	22.95	23.12	2300
2023-07-20	23.3	23.74	23.3	23.3	13200
2023-07-21	23.48	23.48	23.3	23.39	1900
2023-07-24	23.57	23.57	23.39	23.57	3500
2023-07-25	23.84	23.93	23.84	23.93	3200
2023-07-26	23.93	24.2	23.48	24.02	1500
2023-07-27	23.57	23.93	23.57	23.93	7700
2023-07-28	24.11	24.2	23.12	24.2	4502
2023-07-31	24.02	24.02	24.02	24.02	701
2023-08-01	24.2	24.2	24.02	24.02	1604
2023-08-02	24.11	24.11	23.39	23.66	2610
2023-08-03	23.84	24.11	23.66	23.66	7101
2023-08-04	23.93	24.2	23.66	24.2	20200
2023-08-07	23.93	24.11	23.84	24.11	2215
2023-08-08	24.02	24.11	23.66	23.66	6615
2023-08-09	24.2	24.2	23.66	23.66	7100
2023-08-10	23.93	24.02	23.66	23.84	14100
2023-08-11	23.66	23.93	23.48	23.93	53400
2023-08-14	23.93	24.11	23.3	23.93	29600
2023-08-15	23.57	23.57	23.48	23.57	9700
2023-08-16	23.66	23.66	23.48	23.48	700
2023-08-17	23.84	24.39	23.75	24.11	24311
2023-08-18	23.75	24.2	23.48	23.48	13600
2023-08-21	23.75	23.75	23.12	23.75	14900
2023-08-22	23.75	23.75	22.76	23.03	49100
2023-08-23	22.85	23.39	22.85	23.03	49500
2023-08-24	23.84	23.84	23.84	23.84	100
2023-08-25	23.84	23.84	23.03	23.75	12431
2023-08-28	23.48	23.48	23.21	23.48	31600
2023-08-29	23.39	23.48	23.03	23.48	26201
2023-08-30	22.94	22.94	22.85	22.85	10001
2023-08-31	23.03	23.48	22.85	23.48	23900
2023-09-05	23.93	24.29	23.03	23.48	147100
2023-09-06	23.57	24.2	23.48	23.57	40301
2023-09-07	23.75	23.75	23.66	23.66	4508
2023-09-08	23.66	23.84	23.03	23.75	179007
2023-09-11	23.84	24.11	23.3	23.48	144300
2023-09-12	23.48	24.11	23.48	23.84	38304
2023-09-13	23.93	24.11	23.48	23.48	40708
2023-09-14	24.14	24.14	23.48	23.57	11504
2023-09-15	23.67	23.76	23.48	23.48	42500
2023-09-18	23.48	23.85	22.73	23.76	367300
2023-09-19	23.2	23.67	23.01	23.01	6400
2023-09-20	23.57	23.57	23.2	23.2	35300
2023-09-21	23.48	23.57	22.91	23.57	13600
2023-09-22	23.48	23.48	20.75	23.29	150500
2023-09-25	23.01	23.01	21.41	22.54	254300
2023-09-26	22.26	23.48	22.26	22.35	100700
2023-09-27	23.29	23.38	22.07	23.1	12300
2023-09-28	22.82	23.01	22.63	23.01	86700
2023-09-29	23.1	23.57	23.01	23.48	61600
2023-10-02	23.29	24.42	23.29	24.42	2526400
2023-10-03	24.42	24.61	23.01	23.48	248900
2023-10-04	24.04	26.77	24.04	24.7	208001
2023-10-05	26.67	26.67	24.42	24.42	11104
2023-10-06	24.42	25.45	24.04	24.79	6202
2023-10-09	24.79	24.79	23.48	23.85	5400
2023-10-10	24.14	24.14	23.48	24.04	10102
2023-10-11	23.95	25.36	23.95	25.36	2300
2023-10-12	25.17	25.17	23.95	24.42	1333
2023-10-13	24.79	24.79	24.79	24.79	100
2023-10-16	24.79	26.2	24.42	24.42	17600
2023-10-17	24.7	25.17	24.42	24.42	23700
2023-10-18	24.61	24.61	24.42	24.42	68400
2023-10-19	24.42	24.42	24.32	24.42	1800
2023-10-20	24.42	24.42	24.42	24.42	18800
2023-10-23	24.51	24.89	24.51	24.51	16402
2023-10-24	24.7	24.7	24.7	24.7	4500
2023-10-25	24.7	24.79	24.7	24.79	6900
2023-10-26	24.42	24.61	24.42	24.42	74800
2023-10-27	24.51	24.61	24.51	24.61	200
2023-10-30	24.89	24.89	24.42	24.42	7500
2023-10-31	24.42	24.79	24.42	24.42	6700
2023-11-01	24.61	27.99	24.61	25.36	118000
2023-11-02	26.3	30.43	25.64	28.08	839912
2023-11-03	30.43	31.27	28.17	28.17	1052333
2023-11-06	29.77	30.43	28.36	29.58	1100407
2023-11-07	29.58	29.96	28.46	29.11	1095742
2023-11-08	28.93	29.39	28.36	28.36	7370
2023-11-09	28.36	28.36	27.52	28.17	16421
2023-11-10	29.11	29.11	27.99	27.99	103405
2023-11-13	28.17	29.02	27.7	27.7	1600
2023-11-14	28.17	28.17	25.64	27.61	28400
2023-11-15	26.95	27.23	26.95	27.05	8710
2023-11-16	26.77	26.77	26.67	26.67	4202
2023-11-17	26.67	26.77	25.92	26.77	4800
2023-11-20	25.92	27.7	25.83	27.7	150600
2023-11-21	27.7	27.7	26.95	27.61	3602
2023-11-22	27.61	27.7	27.33	27.33	3910
2023-11-23	27.33	27.61	26.77	27.23	7800
2023-11-24	27.14	27.14	25.92	26.58	7300
2023-11-27	26.3	26.3	25.36	25.83	2700
2023-11-28	25.92	26.3	25.36	25.45	9421
2023-11-29	25.92	26.3	25.83	25.92	3510
2023-11-30	27.23	27.7	26.2	26.2	4121
2023-12-01	25.92	25.92	25.92	25.92	1000
2023-12-04	25.92	26.11	25.92	26.11	11600
2023-12-05	26.3	26.3	25.92	26.11	5300
2023-12-06	26.11	26.3	26.11	26.2	5000
2023-12-07	26.3	26.3	25.83	25.83	2300
2023-12-08	25.83	25.92	25.83	25.92	7600
2023-12-11	25.83	25.83	25.36	25.36	5100
2023-12-12	25.64	25.64	24.98	24.98	15500
2023-12-13	25.36	25.64	25.36	25.36	10400
2023-12-14	25.36	25.45	25.26	25.36	9200
2023-12-15	24.98	24.98	24.89	24.89	6300
2023-12-18	25.17	25.83	25.17	25.83	7000
2023-12-19	25.83	26.77	25.36	25.73	40111
2023-12-20	28.17	28.17	25.64	25.64	22300
2023-12-21	30.05	30.05	26.3	26.86	23820
2023-12-22	29.11	29.96	27.23	27.7	25600
2023-12-25	28.17	28.74	25.92	28.08	32504
2023-12-26	26.39	27.52	26.39	27.52	21820
2023-12-27	30.99	30.99	27.23	27.61	23943
2023-12-28	33.81	33.81	26.86	28.64	34410
2023-12-29	27.89	29.11	27.8	29.11	16400
2024-01-02	28.64	29.11	27.42	27.42	6107
2024-01-03	27.89	28.55	27.7	27.7	1600
2024-01-04	28.74	28.74	27.89	27.89	10509
2024-01-05	27.89	28.46	27.89	27.89	2631
2024-01-08	27.7	27.7	27.33	27.33	3000
2024-01-09	27.42	27.42	27.42	27.42	6640
2024-01-10	27.33	27.33	26.77	26.77	22200
2024-01-11	27.23	27.23	27.23	27.23	5700
2024-01-12	27.62	28.67	27.62	28.19	2700
2024-01-15	27.42	27.71	27.14	27.71	2500
2024-01-16	27.42	27.52	27.42	27.52	7801
2024-01-17	28.09	28.19	27.42	27.42	24812
2024-01-18	27.62	27.62	27.62	27.62	5500
2024-01-19	27.62	27.62	27.62	27.62	3700
2024-01-22	27.62	27.62	27.62	27.62	3100
2024-01-23	27.71	27.71	27.62	27.62	10100
2024-01-24	26.95	27.23	26.47	26.47	8500
2024-01-25	26.85	26.85	26.85	26.85	1501
2024-01-26	26.85	26.85	26.85	26.85	1400
2024-01-29	26.95	26.95	26.95	26.95	5400
2024-01-30	26.95	26.95	26.95	26.95	500
2024-01-31	27.62	27.71	23.89	23.89	169600
2024-02-01	25.99	26.56	22.55	25.8	137301
2024-02-02	26.76	26.76	23.51	23.51	246300
2024-02-05	24.08	25.32	23.89	25.32	14000
2024-02-06	25.8	26.28	25.04	26.18	33410
2024-02-07	25.9	25.99	24.56	25.8	7900
2024-02-15	25.61	25.99	25.61	25.7	14801
2024-02-16	25.9	28.28	25.9	27.71	61021
2024-02-19	26.95	27.23	26.85	27.23	10411
2024-02-20	27.23	27.23	26.76	26.85	15512
2024-02-21	26.76	26.76	26.76	26.76	607
2024-02-22	26.37	27.23	26.37	27.23	14100
2024-02-23	26.76	27.14	26.76	26.76	16500
2024-02-26	26.76	26.76	26.76	26.76	3200
2024-02-27	26.76	26.95	26.76	26.95	20901
2024-02-28	26.85	26.85	26.76	26.76	2903
2024-02-29	26.76	27.04	26.76	27.04	11800
2024-03-01	26.95	27.04	26.95	27.04	8600
2024-03-04	27.04	27.04	26.95	26.95	6600
2024-03-05	27.14	27.52	27.14	27.23	3300
2024-03-06	26.09	27.71	26.09	26.76	8204
2024-03-07	28.38	28.38	27.62	27.71	3200
2024-03-08	28.48	28.67	27.71	27.71	36806
2024-03-11	28.19	28.19	27.62	27.62	8902
2024-03-12	27.62	28.09	27.42	28.09	8310
2024-03-13	27.42	27.42	27.04	27.23	21914
2024-03-14	29.62	30.58	27.23	27.23	73500
2024-03-15	27.23	27.33	27.23	27.33	24201
2024-03-18	27.33	27.42	27.23	27.42	10201
2024-03-19	27.42	27.62	27.33	27.62	15111
2024-03-20	28.57	28.57	27.42	27.42	3100
2024-03-21	27.62	27.62	27.23	27.52	16305
2024-03-22	27.33	28.0	27.23	27.52	6600
2024-03-25	27.52	28.09	27.42	27.52	61310
2024-03-26	28.19	28.19	27.52	27.71	3404
2024-03-27	27.62	28.19	27.62	27.71	2501
2024-03-28	28.57	29.14	28.57	28.67	31813
2024-03-29	30.39	31.06	29.62	31.06	89040
2024-04-01	31.53	31.53	29.62	29.81	5520
2024-04-02	29.81	31.44	29.81	30.58	13410
2024-04-03	30.58	30.58	30.58	30.58	4318
2024-04-04	29.72	30.58	25.99	27.9	73206
2024-04-05	28.67	31.06	28.67	30.58	28423
2024-04-08	30.96	30.96	30.2	30.29	5503
2024-04-09	28.67	30.29	28.67	30.29	7100
2024-04-10	30.29	30.29	30.2	30.29	2900
2024-04-11	29.05	29.24	29.05	29.24	500
2024-04-12	29.62	30.48	29.62	29.62	300
2024-04-15	29.91	30.1	29.14	29.14	24210
2024-04-16	29.62	29.62	26.76	29.53	26700
2024-04-17	28.0	28.0	28.0	28.0	0
2024-04-19	28.0	28.0	26.76	27.81	72300
2024-04-22	27.52	27.52	27.52	27.52	400
2024-04-23	27.71	27.71	27.71	27.71	4100
2024-04-24	28.48	28.48	27.14	27.14	1100
2024-04-25	27.23	27.33	27.23	27.33	1300
2024-04-26	27.23	27.9	27.23	27.71	2300
2024-05-02	28.57	28.67	28.38	28.38	9013
2024-05-03	28.67	28.67	28.48	28.48	40000
2024-05-06	28.48	30.1	28.48	30.1	52904
2024-05-07	29.24	30.1	27.04	29.91	40300
2024-05-08	28.95	30.2	27.81	29.81	62701
2024-05-09	28.95	29.14	28.95	29.14	2600
2024-05-10	30.39	30.39	28.86	28.86	1900
2024-05-13	30.0	30.0	28.95	29.34	3900
2024-05-14	29.14	29.34	29.05	29.05	12900
2024-05-15	29.14	30.1	29.14	29.53	14114
2024-05-16	29.81	29.81	29.34	29.81	6700
2024-05-17	29.05	29.62	26.76	29.34	66561
2024-05-20	28.48	29.81	28.48	29.24	52204
2024-05-21	29.24	29.24	29.24	29.24	25600
2024-05-22	30.1	30.58	29.24	29.43	49811
2024-05-23	28.76	30.29	28.76	29.62	16307
2024-05-24	29.81	30.1	29.43	29.53	9901
2024-05-27	28.76	30.2	28.76	30.2	13600
2024-05-28	30.2	30.2	30.1	30.1	25000
2024-05-29	30.1	30.58	29.43	30.58	9804
2024-05-30	30.1	30.39	29.43	30.39	23000
2024-05-31	30.2	30.39	30.1	30.1	15300
2024-06-03	30.58	31.06	30.48	30.96	69858
2024-06-04	30.58	31.06	30.58	31.06	5412
2024-06-05	30.39	30.96	30.2	30.58	17000
2024-06-06	29.91	31.25	29.91	31.25	11102
2024-06-07	29.24	31.06	29.14	30.58	3800
2024-06-10	31.37	31.37	30.1	30.59	6001
2024-06-11	30.88	31.56	30.88	31.56	42800
2024-06-12	31.27	32.05	31.27	31.56	14375
2024-06-13	31.75	32.05	31.66	32.05	26801
2024-06-14	32.53	32.53	31.56	31.85	4805
2024-06-17	30.49	31.85	30.49	31.75	14202
2024-06-18	31.46	33.99	31.46	33.89	38602
2024-06-19	33.5	35.83	33.5	35.74	76600
2024-06-20	35.74	38.75	35.74	36.9	73478
2024-06-21	37.1	38.36	35.93	36.22	55764
2024-06-24	38.84	38.84	35.93	37.29	67740
2024-06-25	36.9	37.87	36.9	36.9	17510
2024-06-26	36.9	38.36	36.9	37.87	38900
2024-06-27	37.87	38.75	37.87	38.36	38641
2024-06-28	37.87	37.87	33.7	35.54	100211
2024-07-01	36.42	36.42	35.64	35.74	37516
2024-07-02	35.83	37.87	35.83	37.19	7700
2024-07-03	37.58	39.82	36.9	39.82	134043
2024-07-04	40.79	41.27	40.3	40.59	298188
2024-07-05	41.76	41.76	38.84	41.27	81182
2024-07-08	40.01	41.27	37.78	38.07	193642
2024-07-09	38.36	39.82	37.78	39.82	245012
2024-07-10	38.75	38.84	37.78	37.87	145292
2024-07-11	38.46	39.82	38.07	38.07	292101
2024-07-12	39.72	39.72	38.16	38.16	97709
2024-07-15	38.46	39.04	37.78	37.87	316100
2024-07-16	38.36	38.84	38.16	38.75	54544
2024-07-17	43.7	43.7	38.75	40.2	191185
2024-07-18	43.7	46.52	40.3	41.76	933629
2024-08-14	42.63	42.63	36.9	36.9	229600
2024-08-15	36.9	37.58	35.93	35.93	57800
2024-08-16	36.8	36.8	35.93	36.27	54064
2024-08-19	36.32	36.32	34.67	34.86	99275
2024-08-20	34.23	34.67	34.09	34.09	71308
2024-08-21	34.96	35.74	34.77	35.11	25509
2024-08-22	34.09	35.25	34.09	35.15	9744
2024-08-23	35.15	35.83	34.57	34.62	29436
2024-08-26	34.96	34.96	33.11	33.11	115905
2024-08-27	32.19	33.02	31.85	32.05	128302
2024-08-28	32.09	32.92	31.61	31.61	36100
2024-08-29	31.71	32.48	31.71	32.14	11198
2024-08-30	32.09	32.09	31.95	32.05	27200
2024-09-04	32.0	32.0	31.8	32.0	6901
2024-09-05	32.05	32.34	32.0	32.0	7163
2024-09-06	32.0	32.34	32.0	32.14	23411
2024-09-09	32.19	32.19	31.9	32.14	3813
2024-09-10	32.43	32.43	31.8	32.0	6500
2024-09-11	32.24	32.24	31.56	32.0	2300
2024-09-12	32.14	32.14	31.85	31.85	4100
2024-09-13	31.85	31.85	31.46	31.46	5400
2024-09-16	32.24	32.48	31.56	31.9	3400
2024-09-17	31.46	32.05	31.46	32.0	10720
2024-09-18	32.0	32.0	31.56	31.56	8550
2024-09-19	32.05	32.05	31.56	31.85	3800
2024-09-20	31.9	32.19	31.56	31.95	6332
2024-09-23	32.05	32.05	31.85	32.05	1100
2024-09-24	32.05	32.05	31.66	31.95	12000
2024-09-25	32.05	32.43	32.05	32.05	20455
2024-09-26	32.14	32.34	32.0	32.09	36300
2024-09-27	32.77	32.77	32.09	32.19	9710
2024-09-30	32.05	32.19	31.95	32.05	6600
2024-10-01	32.05	32.05	31.56	31.95	43802
2024-10-02	31.95	31.95	31.56	31.66	16400
2024-10-03	32.05	32.05	31.66	31.66	8900
2024-10-04	31.56	32.0	29.62	31.85	443702
2024-10-07	31.9	31.9	31.08	31.56	4000
2024-10-08	31.56	31.66	31.56	31.56	13801
2024-10-09	31.66	31.75	31.66	31.66	10500
2024-10-10	31.56	31.66	31.56	31.66	3110
2024-10-11	31.56	32.05	31.56	32.05	9597
2024-10-14	31.56	31.95	30.78	31.95	1400
2024-10-15	31.75	33.02	31.75	32.92	46300
2024-10-16	32.92	33.5	32.63	33.02	20197
2024-10-17	33.5	33.5	32.53	33.02	4800
2024-10-18	33.5	33.89	33.21	33.21	17252
2024-10-21	33.21	33.31	32.82	33.31	27401
2024-10-22	33.21	33.31	32.53	32.53	19800
2024-10-23	33.21	33.21	32.87	32.87	2200
2024-10-24	32.82	32.92	32.53	32.53	7399
2024-10-25	32.53	32.63	32.53	32.53	6631
2024-10-28	32.53	32.92	31.17	31.17	43300
2024-10-29	31.66	32.92	31.66	32.92	4800
2024-10-30	33.99	33.99	32.53	32.82	11300
2024-10-31	33.5	33.5	31.27	32.92	8500
2024-11-01	32.05	32.92	32.05	32.92	600
2024-11-04	33.02	33.21	32.05	32.92	14165
2024-11-05	32.14	32.82	31.17	32.73	21141
2024-11-06	32.73	32.73	32.73	32.73	115
2024-11-07	32.73	32.73	32.53	32.73	10115
2024-11-08	31.56	32.53	31.56	32.53	6000
2024-11-11	31.66	32.05	31.66	32.05	254
2024-11-12	32.63	32.63	32.63	32.63	115
2024-11-13	32.63	32.63	31.66	32.05	8859
2024-11-14	32.05	32.05	31.66	32.05	7510
2024-11-15	32.09	32.09	31.56	32.09	32500
2024-11-18	32.09	32.09	31.27	32.05	5030
2024-11-19	31.85	32.05	31.27	31.85	10800
2024-11-20	31.75	31.75	30.88	31.56	9400
2024-11-21	30.98	32.05	30.98	32.05	5500
2024-11-22	31.56	32.05	31.56	32.0	14300
2024-11-25	31.56	32.0	31.56	32.0	5500
2024-11-26	32.05	32.09	31.17	32.09	62110
2024-11-27	32.09	32.09	32.0	32.0	3401
2024-11-28	32.0	32.0	32.0	32.0	1
2024-11-29	31.95	32.05	31.56	32.05	31210
2024-12-02	32.0	32.14	30.78	31.08	52801
2024-12-03	32.53	32.53	30.78	31.03	24710
2024-12-04	31.03	31.03	30.78	30.98	17901
2024-12-05	30.98	31.9	30.59	31.08	36700
2024-12-06	31.85	31.85	31.08	31.08	59228
2024-12-09	31.08	31.56	30.78	31.08	122600
2024-12-10	31.08	31.46	30.59	30.64	258400
2024-12-11	30.69	30.88	30.4	30.49	231405
2024-12-12	30.44	30.59	28.45	28.45	326700
2024-12-13	28.74	29.72	28.55	28.55	104200
2024-12-16	29.23	30.54	28.26	28.55	5237802
2024-12-17	29.52	30.01	28.65	28.84	5461623
2024-12-18	29.28	30.59	28.84	29.13	4554440
2024-12-19	30.49	30.98	29.81	30.98	657611
2024-12-20	31.95	32.24	31.32	31.85	329657
2024-12-23	32.14	32.14	30.93	31.37	211685
2024-12-24	31.37	33.55	31.08	33.55	220772
2024-12-25	33.55	35.25	33.55	33.79	118941
2024-12-26	34.72	34.72	33.02	33.65	60620
2024-12-27	33.65	33.65	32.5	33.55	103990
2024-12-30	33.55	33.55	31.8	33.0	209139
2024-12-31	32.5	34.3	32.5	34.3	531201
2025-01-02	34.2	34.25	33.0	33.3	58406
2025-01-03	33.3	33.3	32.45	32.45	65406
2025-01-06	32.45	32.45	31.0	31.0	167710
2025-01-07	30.65	31.0	30.1	30.3	126400
2025-01-08	30.3	30.85	30.3	30.85	10005
2025-01-09	30.85	30.85	30.3	30.35	20600
2025-01-10	30.25	31.0	30.25	31.0	23900
2025-01-13	31.0	31.0	30.35	30.95	28800
2025-01-14	31.0	31.2	30.65	30.95	17000
2025-01-15	31.0	31.8	31.0	31.55	24100
2025-01-16	31.55	32.5	31.35	31.75	319000
2025-01-17	31.75	32.7	31.75	32.3	309200
2025-01-20	32.3	33.0	32.1	32.3	317600
2025-01-21	32.8	33.1	32.4	32.8	561700
2025-01-22	32.85	33.1	32.8	33.1	503500
2025-01-23	33.0	33.15	32.95	33.1	221600
2025-01-24	33.85	35.4	33.85	35.4	810700
2025-02-03	37.85	37.85	37.85	37.85	225900
2025-02-04	40.45	40.45	39.05	40.45	1447400
2025-02-05	43.2	43.2	41.35	43.0	971900
2025-02-06	43.5	45.8	41.65	45.0	527200
2025-02-07	44.9	47.8	44.0	44.2	549100
2025-02-10	44.0	47.0	42.5	44.2	733000
2025-02-11	45.4	45.4	43.0	44.05	350500
2025-02-12	44.0	47.1	44.0	47.1	889000
2025-02-13	50.3	50.3	49.25	49.85	1295900
2025-02-14	50.1	51.0	47.85	49.3	1000500
2025-02-17	52.4	52.7	50.0	52.7	1174200
2025-02-18	52.8	56.0	52.6	56.0	1956600
2025-02-19	58.0	58.0	53.5	53.9	781100
2025-02-20	53.7	56.0	53.1	53.1	623600
2025-02-21	53.2	54.6	53.1	54.6	442400
2025-02-24	54.2	58.4	54.0	58.4	2094600
2025-02-25	59.5	62.4	59.5	61.8	1270800
2025-02-26	61.0	62.3	60.0	61.9	431300
2025-02-27	62.5	62.5	57.6	59.8	2376600
2025-02-28	60.0	62.5	58.8	61.9	959000
2025-03-03	63.5	63.5	59.7	61.5	499500
2025-03-04	61.3	61.9	57.2	61.8	1419600
2025-03-05	62.6	62.6	61.1	61.8	682500
2025-03-06	62.4	66.1	62.3	66.1	3487300
2025-03-07	69.6	69.6	65.3	67.9	836300
2025-03-10	69.3	69.5	67.7	67.9	736900
2025-03-11	66.1	70.0	66.0	70.0	1422900
2025-03-12	71.0	73.0	69.5	71.0	1265400
2025-03-13	70.0	71.0	67.2	68.0	906800
2025-03-14	67.5	69.5	66.8	69.5	817300
2025-03-17	70.8	72.0	68.8	70.8	1029600
2025-03-18	70.9	71.0	69.3	69.3	552700
2025-03-19	69.6	69.6	65.0	66.1	1388600
2025-03-20	67.5	67.5	64.5	67.5	741200
2025-03-21	66.8	68.2	66.2	66.7	602900
2025-03-24	67.5	68.5	65.9	68.5	566300
2025-03-25	69.8	73.2	68.5	71.5	3602300
2025-03-26	72.4	74.6	71.4	72.0	1308300
2025-03-27	73.5	73.5	69.4	69.5	1374800
2025-03-28	68.3	71.0	68.3	69.8	459300
2025-03-31	69.8	70.1	67.7	69.9	641300
2025-04-01	70.8	71.4	69.8	70.8	474000
