time	open	high	low	close	volume
2015-10-26	8.13	8.13	6.93	8.13	18200
2015-10-27	7.5	7.5	7.5	7.5	3500
2015-10-28	7.08	7.08	6.41	6.48	31900
2015-10-29	6.48	7.08	6.45	6.82	20300
2015-10-30	6.6	7.12	6.6	6.93	19500
2015-11-02	6.97	7.08	6.52	6.86	8200
2015-11-03	6.86	7.12	6.78	7.12	56900
2015-11-04	7.16	7.87	7.12	7.53	70000
2015-11-05	8.06	8.47	8.06	8.47	20812
2015-11-06	9.18	9.59	8.62	8.92	75488
2015-11-09	9.07	9.07	7.72	8.77	135200
2015-11-10	9.11	9.11	7.57	7.87	133600
2015-11-11	7.23	8.02	7.2	7.87	65707
2015-11-12	7.87	8.43	7.83	8.24	84303
2015-11-13	8.24	8.51	8.09	8.47	148800
2015-11-16	8.28	8.51	7.72	8.13	214000
2015-11-17	8.21	8.36	8.06	8.17	30300
2015-11-18	8.06	8.21	7.5	7.83	178600
2015-11-19	7.98	7.98	7.53	7.79	94000
2015-11-20	7.5	7.76	7.12	7.61	126700
2015-11-23	7.61	7.87	7.5	7.83	66850
2015-11-24	7.5	8.06	7.5	7.87	140402
2015-11-25	7.79	8.06	7.72	8.02	109200
2015-11-26	7.94	8.24	7.94	8.06	77008
2015-11-27	8.09	8.09	7.98	8.02	59100
2015-11-30	7.94	7.98	7.79	7.83	96200
2015-12-01	7.98	8.06	7.79	7.83	29100
2015-12-02	7.79	7.83	7.61	7.64	103300
2015-12-03	7.68	7.72	7.64	7.68	45600
2015-12-04	7.64	7.68	7.53	7.61	58300
2015-12-07	7.57	7.57	7.42	7.42	57400
2015-12-08	7.46	7.53	7.31	7.5	114600
2015-12-09	7.42	7.72	7.35	7.64	133103
2015-12-10	7.61	7.72	7.53	7.57	72700
2015-12-11	7.5	7.61	7.5	7.61	84500
2015-12-14	7.53	7.61	7.53	7.57	79200
2015-12-15	7.5	7.61	7.42	7.61	59900
2015-12-16	7.61	7.87	7.53	7.64	97600
2015-12-17	7.64	7.76	7.61	7.76	469200
2015-12-18	7.68	7.68	7.12	7.61	143102
2015-12-21	7.42	7.46	6.93	7.46	340600
2015-12-22	7.12	7.23	6.86	7.05	377300
2015-12-23	6.78	6.9	6.0	6.67	569600
2015-12-24	6.3	7.42	6.0	7.35	1135600
2015-12-25	7.38	7.5	6.63	7.31	122574700
2015-12-28	7.57	7.64	7.2	7.64	1884100
2015-12-29	7.87	7.87	7.46	7.61	1055500
2015-12-30	7.5	8.06	7.23	8.06	5716150
2015-12-31	8.24	8.69	8.06	8.62	1996310
2016-01-04	8.81	8.81	8.06	8.39	4515450
2016-01-05	8.39	8.43	8.17	8.36	1693845
2016-01-06	8.32	8.99	8.32	8.96	1517316
2016-01-07	8.96	9.29	8.73	9.18	1717369
2016-01-08	9.11	9.18	8.92	9.11	1093280
2016-01-11	8.99	8.99	8.43	8.62	2196300
2016-01-12	8.62	8.84	8.39	8.73	817620
2016-01-13	8.62	8.84	8.62	8.77	1098024
2016-01-14	8.62	8.69	8.43	8.62	1583200
2016-01-15	8.62	8.66	8.54	8.62	534600
2016-01-18	8.43	8.47	8.17	8.43	1165082
2016-01-19	8.28	8.54	8.28	8.51	430000
2016-01-20	8.62	8.66	8.39	8.47	1278100
2016-01-21	8.51	8.81	8.43	8.81	814030
2016-01-22	8.84	9.22	8.84	9.18	1088160
2016-01-25	9.26	9.82	9.18	9.74	1299888
2016-01-26	9.37	9.89	9.37	9.56	946060
2016-01-27	9.67	9.82	9.44	9.59	852380
2016-01-28	9.59	9.59	9.22	9.29	728330
2016-01-29	9.26	9.26	9.03	9.14	986380
2016-02-01	9.18	9.18	8.88	8.92	740100
2016-02-02	8.84	8.99	8.69	8.88	1130300
2016-02-03	8.81	8.84	8.69	8.81	381100
2016-02-04	8.92	8.99	8.84	8.84	135400
2016-02-05	8.92	9.07	8.88	9.07	142900
2016-02-15	8.96	9.07	8.84	8.84	255708
2016-02-16	8.81	9.11	8.81	9.03	371000
2016-02-17	9.11	9.26	8.96	9.18	502800
2016-02-18	9.26	9.63	9.22	9.52	628848
2016-02-19	9.48	9.56	9.22	9.22	470100
2016-02-22	9.29	9.37	9.14	9.18	454800
2016-02-23	9.18	9.18	8.92	9.03	748210
2016-02-24	9.18	9.26	8.96	9.11	313800
2016-02-25	9.18	9.18	8.92	8.92	521700
2016-02-26	8.88	8.99	8.84	8.99	376900
2016-02-29	8.96	8.99	8.92	8.96	242300
2016-03-01	8.99	9.18	8.92	9.07	771600
2016-03-02	9.07	9.33	9.07	9.26	563500
2016-03-03	9.29	9.44	9.29	9.29	623700
2016-03-04	9.33	9.37	9.03	9.11	899600
2016-03-07	8.99	8.99	8.36	8.69	1282800
2016-03-08	8.69	8.88	8.69	8.73	534800
2016-03-09	8.66	8.88	8.66	8.84	395900
2016-03-10	8.81	8.99	8.77	8.99	537350
2016-03-11	8.96	8.96	8.88	8.88	337638
2016-03-14	8.88	8.96	8.81	8.96	379100
2016-03-15	8.88	9.07	8.84	8.99	208510
2016-03-16	8.99	9.03	8.88	8.92	227600
2016-03-17	8.96	9.14	8.92	9.11	537800
2016-03-18	9.14	9.22	8.99	9.07	261500
2016-03-21	9.11	9.14	9.07	9.07	272500
2016-03-22	9.11	9.37	9.11	9.26	1286900
2016-03-23	9.29	10.04	9.29	9.78	1660850
2016-03-24	10.12	10.23	9.78	9.93	1396650
2016-03-25	9.93	9.93	9.48	9.71	914230
2016-03-28	9.71	10.04	9.71	10.01	2003930
2016-03-29	10.31	10.31	10.01	10.08	2006390
2016-03-30	10.12	10.12	9.78	9.82	1137710
2016-03-31	9.89	9.89	9.52	9.56	1371400
2016-04-01	9.41	9.48	9.14	9.22	943700
2016-04-04	9.22	9.29	9.07	9.11	601100
2016-04-05	9.18	9.41	9.18	9.29	623200
2016-04-06	9.57	9.57	9.29	9.53	779200
2016-04-07	9.53	9.65	9.49	9.61	903820
2016-04-08	9.68	9.72	9.49	9.53	473500
2016-04-11	9.65	9.65	9.45	9.45	420500
2016-04-12	9.45	9.57	9.41	9.49	433400
2016-04-13	9.53	9.53	9.25	9.25	648000
2016-04-14	9.25	9.53	9.25	9.33	583568
2016-04-15	9.37	9.45	9.33	9.33	446700
2016-04-19	9.37	9.37	9.1	9.14	534600
2016-04-20	9.25	9.25	9.02	9.14	399800
2016-04-21	9.18	9.18	9.06	9.1	222220
2016-04-22	9.18	9.22	9.06	9.1	228700
2016-04-25	9.29	9.33	9.1	9.1	742700
2016-04-26	9.18	9.18	8.98	9.02	457410
2016-04-27	9.02	9.18	8.98	9.14	773710
2016-04-28	9.14	9.53	9.14	9.45	687610
2016-04-29	9.53	9.57	9.37	9.45	476710
2016-05-04	9.29	9.41	9.29	9.29	286270
2016-05-05	9.29	9.41	9.22	9.22	750300
2016-05-06	9.29	9.33	9.14	9.18	525000
2016-05-09	9.18	9.29	9.06	9.1	489330
2016-05-10	9.02	9.1	9.02	9.1	258800
2016-05-11	8.98	9.22	8.98	9.18	307660
2016-05-12	9.25	9.25	9.14	9.14	106540
2016-05-13	9.22	9.22	9.06	9.06	243600
2016-05-16	9.18	9.18	8.98	9.1	211400
2016-05-17	9.1	9.1	9.06	9.1	208610
2016-05-18	9.06	9.1	9.02	9.1	273900
2016-05-19	9.06	9.1	9.02	9.06	110000
2016-05-20	9.02	9.06	9.02	9.06	149500
2016-05-23	9.06	9.1	8.98	8.98	282970
2016-05-24	9.02	9.06	8.86	8.94	550900
2016-05-25	9.02	9.06	8.98	9.02	769600
2016-05-26	9.06	9.1	8.94	9.02	211100
2016-05-27	8.98	8.98	8.86	8.9	293600
2016-05-30	8.9	8.94	8.86	8.9	531050
2016-05-31	8.9	9.14	8.86	9.14	937000
2016-06-01	9.18	9.33	9.18	9.25	666000
2016-06-02	9.22	9.57	9.14	9.53	1271940
2016-06-03	9.57	9.76	9.57	9.61	1256700
2016-06-06	9.57	9.57	9.18	9.45	899500
2016-06-07	9.41	9.53	9.29	9.49	974500
2016-06-08	9.68	9.76	9.53	9.68	1736699
2016-06-09	9.68	9.76	9.53	9.57	1714600
2016-06-10	9.61	9.65	9.57	9.57	1159500
2016-06-13	9.61	9.61	9.37	9.37	907300
2016-06-14	9.37	9.72	9.37	9.61	1135600
2016-06-15	9.72	10.23	9.72	10.11	2481000
2016-06-16	10.15	10.43	10.04	10.07	2379794
2016-06-17	10.11	10.11	9.72	9.88	2596100
2016-06-20	9.92	9.92	9.68	9.84	1169432
2016-06-21	9.84	9.92	9.49	9.49	1866100
2016-06-22	9.53	9.68	9.53	9.61	1208350
2016-06-23	9.57	9.84	9.57	9.84	983800
2016-06-24	9.76	9.76	8.32	9.49	1793880
2016-06-27	9.41	9.41	9.14	9.41	652900
2016-06-28	9.29	9.45	9.29	9.37	532800
2016-06-29	9.37	9.57	9.37	9.53	743200
2016-06-30	9.53	9.68	9.53	9.57	949876
2016-07-01	9.61	9.68	9.49	9.57	586300
2016-07-04	9.57	9.65	9.53	9.61	685800
2016-07-05	9.57	9.57	9.41	9.41	849020
2016-07-06	9.41	9.45	9.33	9.37	405910
2016-07-07	9.41	9.72	9.33	9.65	1001100
2016-07-08	9.68	10.0	9.65	9.72	1351490
2016-07-11	9.72	9.72	9.45	9.45	644200
2016-07-12	9.49	9.57	9.41	9.53	470220
2016-07-13	9.53	9.68	9.53	9.65	1070510
2016-07-14	9.57	9.65	9.49	9.53	603060
2016-07-15	9.53	9.53	9.29	9.45	594710
2016-07-18	9.37	9.53	9.33	9.53	319908
2016-07-19	9.45	9.49	9.29	9.37	578300
2016-07-20	9.33	9.37	9.22	9.29	339800
2016-07-21	9.33	9.33	9.06	9.1	454970
2016-07-22	9.18	9.53	9.06	9.18	299000
2016-07-25	9.37	9.76	9.37	9.53	993120
2016-07-26	9.57	9.61	9.37	9.45	351020
2016-07-27	9.41	9.57	9.37	9.49	205116
2016-07-28	9.68	9.68	9.49	9.65	584970
2016-07-29	9.61	9.68	9.53	9.57	760800
2016-08-01	9.57	9.61	9.49	9.53	204728
2016-08-02	9.37	9.37	9.22	9.29	492500
2016-08-03	9.29	9.29	9.18	9.29	753400
2016-08-04	9.22	9.33	9.18	9.22	391600
2016-08-05	9.37	9.37	8.94	8.98	843700
2016-08-08	9.02	9.02	8.16	8.4	1604000
2016-08-09	8.43	8.86	8.4	8.86	518700
2016-08-10	8.79	9.14	8.79	9.14	411900
2016-08-11	9.06	9.06	8.9	8.98	483800
2016-08-12	8.83	9.06	8.71	0.0	521300
2016-08-15	8.94	8.94	8.67	8.71	178530
2016-08-16	8.71	9.37	8.59	8.83	453000
2016-08-17	8.79	8.98	8.79	8.79	221200
2016-08-18	8.79	8.83	8.71	8.75	140100
2016-08-19	8.71	8.75	8.55	8.59	189400
2016-08-22	8.59	8.75	8.36	8.4	142100
2016-08-23	8.4	8.51	8.36	8.51	464300
2016-08-24	8.47	8.71	8.47	8.47	185200
2016-08-25	8.55	8.59	8.43	8.47	173600
2016-08-26	8.47	8.59	8.43	8.51	210500
2016-08-29	8.55	8.55	8.4	8.47	334120
2016-08-30	8.47	8.55	8.43	8.47	206200
2016-08-31	8.47	9.18	8.47	8.98	1262900
2016-09-01	8.98	8.98	8.79	8.9	225000
2016-09-05	8.86	8.86	8.79	8.79	60800
2016-09-06	8.59	8.83	8.59	8.67	150500
2016-09-07	8.79	8.79	8.59	8.67	162900
2016-09-08	8.51	8.63	8.51	8.63	92400
2016-09-09	8.51	8.59	8.47	8.59	321751
2016-09-12	8.47	8.59	8.4	8.43	179300
2016-09-13	8.47	8.47	8.36	8.36	138300
2016-09-14	8.4	8.4	8.12	8.16	442400
2016-09-15	8.2	8.2	8.01	8.16	151100
2016-09-16	8.16	8.16	7.97	8.01	104400
2016-09-19	8.08	8.28	8.08	8.16	131100
2016-09-20	8.24	8.28	8.12	8.2	193400
2016-09-21	8.2	8.24	8.08	8.2	207500
2016-09-22	8.2	9.37	8.2	8.4	476000
2016-09-23	9.37	9.57	8.51	8.51	501200
2016-09-26	8.59	8.59	8.43	8.43	58400
2016-09-27	8.47	8.51	8.4	8.43	255600
2016-09-28	8.43	8.47	8.43	8.47	174200
2016-09-29	8.43	8.55	8.43	8.51	168300
2016-09-30	8.51	9.14	8.47	8.59	486600
2016-10-03	8.59	8.83	8.55	8.63	208500
2016-10-04	8.43	8.63	8.4	8.59	353000
2016-10-05	8.55	8.63	8.55	8.59	235900
2016-10-06	8.59	8.67	8.59	8.63	249500
2016-10-07	8.63	8.67	8.51	8.59	498000
2016-10-10	8.59	8.59	8.55	8.55	425200
2016-10-11	8.55	8.63	8.55	8.63	418800
2016-10-12	8.59	8.75	8.59	8.71	92100
2016-10-13	8.75	9.02	8.75	8.83	143400
2016-10-14	8.86	8.86	8.79	8.86	76500
2016-10-17	8.79	8.83	8.75	8.83	194100
2016-10-18	8.79	8.86	8.79	8.83	848100
2016-10-19	8.79	8.86	8.79	8.83	262100
2016-10-20	8.79	8.83	8.79	8.83	296300
2016-10-21	8.79	8.83	8.59	8.75	330800
2016-10-24	8.99	8.99	8.78	8.87	24000
2016-10-25	8.78	8.91	8.74	8.91	87700
2016-10-26	8.83	8.91	8.83	8.91	57600
2016-10-27	8.95	8.95	8.87	8.95	37300
2016-10-28	8.87	8.91	8.78	8.83	27530
2016-10-31	8.91	9.03	8.91	8.91	59800
2016-11-01	8.99	9.03	8.91	8.91	17000
2016-11-02	8.99	8.99	8.74	8.74	71600
2016-11-03	8.87	8.87	8.57	8.62	18500
2016-11-04	8.45	8.7	7.99	8.41	278910
2016-11-07	8.45	8.57	8.41	8.57	177900
2016-11-08	8.78	8.87	8.57	8.87	47700
2016-11-09	8.62	8.62	8.37	8.57	127712
2016-11-10	8.78	8.78	8.7	8.78	60800
2016-11-11	8.91	8.91	8.66	8.66	81600
2016-11-14	8.7	8.83	8.7	8.78	22800
2016-11-15	8.7	8.7	8.57	8.66	15300
2016-11-16	8.62	8.62	8.57	8.57	52900
2016-11-17	8.49	8.57	8.49	8.53	184800
2016-11-18	8.53	8.53	8.45	8.45	62900
2016-11-21	8.7	8.7	8.45	8.45	15200
2016-11-22	8.41	8.53	8.41	8.53	30308
2016-11-23	8.41	8.53	8.41	8.45	11002
2016-11-24	8.45	9.62	8.45	8.49	86200
2016-11-25	8.74	8.78	8.53	8.53	23900
2016-11-28	8.57	8.57	8.49	8.49	71500
2016-11-29	8.57	8.57	8.57	8.57	32000
2016-11-30	8.57	8.57	8.28	8.45	205300
2016-12-01	8.28	8.41	8.28	8.37	116000
2016-12-02	8.37	8.57	8.32	8.37	105200
2016-12-05	8.37	8.37	8.28	8.37	59625
2016-12-06	8.28	8.32	8.24	8.24	115900
2016-12-07	8.24	8.24	8.07	8.16	87700
2016-12-08	8.2	8.2	8.11	8.2	142100
2016-12-09	8.2	8.24	8.11	8.2	114855
2016-12-12	8.2	8.2	8.16	8.16	374500
2016-12-13	8.16	8.16	8.11	8.16	397100
2016-12-14	8.16	8.16	8.07	8.11	565800
2016-12-15	8.11	8.11	8.07	8.11	366900
2016-12-16	8.2	8.2	8.11	8.11	236400
2016-12-19	8.16	8.2	8.11	8.16	328700
2016-12-20	8.16	8.32	8.16	8.24	378300
2016-12-21	8.24	8.32	8.24	8.32	256420
2016-12-22	8.32	8.32	8.24	8.24	141015
2016-12-23	8.24	8.24	8.16	8.2	143000
2016-12-26	8.2	8.2	8.16	8.16	583500
2016-12-27	8.16	8.28	8.16	8.28	111810
2016-12-28	8.24	8.32	8.24	8.32	101000
2016-12-29	8.37	8.91	8.28	8.49	284500
2016-12-30	8.53	8.78	8.37	8.62	298800
2017-01-03	8.53	8.7	8.53	8.66	216100
2017-01-04	8.7	8.83	8.66	8.74	250120
2017-01-05	8.74	8.78	8.66	8.74	367700
2017-01-06	8.78	8.78	8.66	8.66	223400
2017-01-09	8.66	8.78	8.57	8.78	365403
2017-01-10	8.78	8.83	8.74	8.74	232707
2017-01-11	8.74	8.78	8.74	8.74	161800
2017-01-12	8.74	8.78	8.74	8.78	222700
2017-01-13	8.78	8.78	8.78	8.78	62620
2017-01-16	8.78	8.78	8.57	8.62	56900
2017-01-17	8.57	8.57	8.37	8.37	42200
2017-01-18	8.49	8.66	8.45	8.66	38000
2017-01-19	8.78	8.78	8.49	8.49	19500
2017-01-20	8.45	8.49	8.41	8.41	11500
2017-01-23	8.45	8.49	8.45	8.49	18510
2017-01-24	8.49	8.62	8.49	8.62	23200
2017-01-25	8.62	8.78	8.57	8.78	8900
2017-02-02	8.7	8.74	8.7	8.74	28800
2017-02-03	8.74	8.74	8.37	8.57	34200
2017-02-06	8.57	8.57	8.28	8.32	43700
2017-02-07	8.49	8.49	8.37	8.41	15947
2017-02-08	8.57	8.57	8.32	8.37	26100
2017-02-09	8.32	8.37	8.28	8.37	49407
2017-02-10	8.32	8.45	8.32	8.45	23533
2017-02-13	8.45	8.62	8.45	8.62	84535
2017-02-14	8.57	8.62	8.45	8.49	18400
2017-02-15	8.41	8.45	8.37	8.37	10200
2017-02-16	8.37	8.37	8.32	8.37	18300
2017-02-17	8.32	8.37	8.32	8.32	44200
2017-02-20	8.37	8.41	8.37	8.37	93400
2017-02-21	8.37	8.41	8.32	8.37	60700
2017-02-22	8.37	8.37	8.32	8.37	54900
2017-02-23	8.37	8.37	8.16	8.2	153200
2017-02-24	8.24	8.28	8.07	8.11	131100
2017-02-27	8.32	8.32	8.16	8.32	325400
2017-02-28	8.24	8.53	8.2	8.32	272252
2017-03-01	8.37	8.45	8.32	8.37	104320
2017-03-02	8.37	8.45	8.37	8.45	92315
2017-03-03	8.41	8.45	8.24	8.45	212445
2017-03-06	8.41	9.24	8.41	9.24	395800
2017-03-07	9.12	9.45	9.08	9.12	288155
2017-03-08	9.2	9.24	8.95	8.99	233210
2017-03-09	8.99	9.08	8.91	9.08	199487
2017-03-10	8.99	9.16	8.99	9.08	181710
2017-03-13	8.99	9.08	8.95	8.99	132420
2017-03-14	8.99	8.99	8.37	8.41	197100
2017-03-15	8.53	9.16	8.53	8.87	356110
2017-03-16	8.87	9.03	8.87	9.03	285465
2017-03-17	9.12	9.16	8.95	9.16	238760
2017-03-20	9.29	9.29	8.99	9.03	185400
2017-03-21	8.99	9.37	8.91	8.91	156717
2017-03-22	8.91	8.95	7.95	8.83	143100
2017-03-23	8.87	8.87	7.57	8.83	70760
2017-03-24	8.83	8.99	8.83	8.91	309289
2017-03-27	8.95	8.95	8.87	8.95	36750
2017-03-28	8.95	8.95	8.87	8.87	65020
2017-03-29	8.91	8.91	7.61	8.83	71300
2017-03-30	8.87	9.12	7.57	8.91	243041
2017-03-31	8.87	8.99	7.61	8.91	174622
2017-04-03	8.95	8.99	7.61	8.95	210800
2017-04-04	8.99	8.99	7.65	8.83	77210
2017-04-05	8.91	8.91	8.37	8.91	522350
2017-04-07	8.87	8.87	8.78	8.87	30600
2017-04-10	8.78	8.87	8.66	8.87	124960
2017-04-11	8.78	8.91	8.78	8.87	216240
2017-04-12	8.91	9.2	8.91	9.03	355410
2017-04-13	9.03	10.37	8.11	9.08	190890
2017-04-14	9.2	9.2	8.91	8.91	66700
2017-04-17	9.03	9.37	8.95	9.08	322050
2017-04-18	9.16	9.24	7.82	9.12	280000
2017-04-19	9.12	9.37	9.12	9.29	409710
2017-04-20	9.33	9.45	9.2	9.37	435150
2017-04-21	9.37	9.49	8.16	9.33	167510
2017-04-24	9.41	9.41	9.29	9.37	247450
2017-04-25	9.37	9.45	8.57	9.33	339760
2017-04-26	9.45	10.75	9.24	9.33	293560
2017-04-27	9.29	9.37	9.24	9.37	69900
2017-04-28	9.24	9.37	9.2	9.33	73460
2017-05-03	9.29	9.41	9.2	9.29	170960
2017-05-04	9.33	9.54	9.2	9.41	313300
2017-05-05	9.49	10.0	9.37	9.87	795760
2017-05-08	9.83	10.04	9.37	9.83	390803
2017-05-09	9.91	10.08	8.78	9.95	325610
2017-05-10	9.95	10.0	8.53	9.66	415507
2017-05-11	9.66	9.87	9.62	9.87	325143
2017-05-12	9.87	9.87	9.7	9.75	84787
2017-05-15	9.75	9.87	9.62	9.7	266900
2017-05-16	9.75	9.83	9.62	9.75	397800
2017-05-17	9.75	9.75	9.62	9.62	269400
2017-05-18	9.66	9.7	9.58	9.62	384100
2017-05-19	9.84	10.14	9.62	10.1	652480
2017-05-22	10.06	10.36	10.06	10.19	520870
2017-05-23	10.19	10.93	10.06	10.32	1397140
2017-05-24	10.32	10.49	9.93	9.97	129560
2017-05-25	10.01	10.01	9.93	9.97	129560
2017-05-26	9.97	10.01	9.79	9.93	259523
2017-05-29	9.88	10.06	9.84	9.84	89360
2017-05-30	9.84	9.88	9.79	9.79	223742
2017-05-31	10.06	10.93	9.71	9.75	99620
2017-06-01	9.75	9.79	9.58	9.66	284160
2017-06-02	9.71	9.71	9.58	9.66	129400
2017-06-05	9.58	9.79	9.58	9.71	268708
2017-06-06	9.75	9.97	9.71	9.93	440400
2017-06-07	9.97	9.97	9.79	9.79	372720
2017-06-08	10.06	10.06	9.71	9.75	462440
2017-06-09	9.79	9.88	9.79	9.84	237000
2017-06-12	9.84	9.84	9.75	9.79	157650
2017-06-13	9.75	9.79	9.75	9.79	108800
2017-06-14	9.75	9.79	9.71	9.79	270678
2017-06-15	9.79	9.84	9.75	9.84	205700
2017-06-16	9.84	9.84	9.71	9.79	74117
2017-06-19	9.75	9.84	9.71	9.75	284110
2017-06-20	9.75	9.75	9.66	9.71	400600
2017-06-21	9.71	11.15	9.71	9.79	59940
2017-06-22	9.84	10.06	9.79	9.93	322900
2017-06-23	9.97	10.01	9.84	9.97	411900
2017-06-26	9.93	10.06	9.93	10.06	158400
2017-06-27	10.1	10.41	10.06	10.23	753120
2017-06-28	10.23	10.32	10.1	10.1	388600
2017-06-29	10.54	10.54	10.06	10.28	424470
2017-06-30	10.1	10.23	10.06	10.23	355800
2017-07-03	9.58	10.36	9.53	10.19	318900
2017-07-04	11.46	11.46	10.41	10.41	372400
2017-07-05	10.56	10.56	10.21	10.26	520500
2017-07-06	10.21	10.36	10.16	10.21	411700
2017-07-07	10.21	10.26	10.16	10.26	495000
2017-07-10	10.21	10.21	9.91	10.01	343700
2017-07-11	9.91	9.96	9.8	9.91	393000
2017-07-12	9.96	10.26	9.96	10.06	48700
2017-07-13	10.11	10.11	9.96	9.96	128425
2017-07-14	9.96	10.01	9.85	9.96	67700
2017-07-17	9.91	9.96	9.85	9.85	342976
2017-07-18	9.85	9.85	9.75	9.75	88800
2017-07-19	9.75	9.96	9.7	9.7	127580
2017-07-20	9.75	9.75	9.6	9.75	82100
2017-07-21	9.6	9.8	9.55	9.75	94000
2017-07-24	10.06	11.11	9.55	9.55	204330
2017-07-25	9.7	9.75	9.6	9.7	176980
2017-07-26	9.75	9.75	9.65	9.7	45151
2017-07-27	9.7	9.7	9.65	9.7	210300
2017-07-28	9.75	9.75	9.7	9.7	240930
2017-07-31	9.7	9.75	9.7	9.75	525700
2017-08-01	9.7	9.75	9.7	9.7	437112
2017-08-02	9.65	9.65	9.6	9.65	51300
2017-08-03	9.65	9.8	9.65	9.65	115207
2017-08-04	9.75	9.75	9.65	9.7	70023
2017-08-07	9.7	9.7	9.65	9.7	87200
2017-08-08	9.65	9.75	9.6	9.6	89707
2017-08-09	9.6	9.6	9.45	9.55	284340
2017-08-10	9.55	9.6	9.5	9.6	113807
2017-08-11	9.55	9.6	9.45	9.55	117570
2017-08-14	9.45	9.65	9.45	9.5	393960
2017-08-15	9.65	9.7	9.5	9.55	43655
2017-08-16	9.55	9.6	9.45	9.5	66157
2017-08-17	9.45	9.6	9.45	9.45	114980
2017-08-18	10.96	10.96	9.45	9.55	157140
2017-08-21	9.55	9.55	9.45	9.5	73635
2017-08-22	9.5	9.7	9.5	9.5	83050
2017-08-23	9.5	9.6	9.5	9.55	16700
2017-08-24	9.5	9.5	9.45	9.5	8500
2017-08-25	9.45	9.5	9.45	9.45	12100
2017-08-28	9.55	10.56	9.35	9.91	666755
2017-08-29	9.96	10.11	9.7	9.91	657290
2017-08-30	9.91	9.96	9.8	9.85	699700
2017-08-31	9.8	9.85	9.75	9.75	1167485
2017-09-01	9.7	9.8	9.65	9.75	1154823
2017-09-05	9.7	9.8	9.7	9.7	1033100
2017-09-06	9.7	9.85	9.65	9.8	850300
2017-09-07	9.8	10.06	9.75	9.96	661792
2017-09-08	9.91	10.51	9.91	10.16	950033
2017-09-11	10.21	10.41	10.06	10.36	1295167
2017-09-12	10.31	10.96	10.31	10.86	1852524
2017-09-13	10.81	11.06	10.56	10.66	1201256
2017-09-14	10.51	10.56	10.36	10.41	211355
2017-09-15	10.31	10.76	10.21	10.51	1004018
2017-09-18	10.51	10.81	10.51	10.56	1845120
2017-09-19	10.66	11.06	10.61	10.91	1895377
2017-09-20	10.96	11.46	10.96	11.36	2213707
2017-09-21	11.46	11.72	11.41	11.56	1505773
2017-09-22	11.61	11.92	11.61	11.72	1943598
2017-09-25	11.72	11.97	11.31	11.46	795868
2017-09-26	11.16	11.46	11.16	11.26	318382
2017-09-27	11.21	11.26	11.01	11.06	618620
2017-09-28	11.11	11.11	10.96	11.01	735590
2017-09-29	11.01	11.01	10.86	10.96	507400
2017-10-02	10.96	11.82	10.96	11.41	985175
2017-10-03	11.46	11.82	11.41	11.46	2448310
2017-10-04	11.77	11.82	11.41	11.51	812254
2017-10-05	11.72	11.77	11.41	11.46	606845
2017-10-06	11.41	11.56	11.31	11.36	362500
2017-10-09	11.36	11.56	11.36	11.41	552420
2017-10-10	11.51	11.56	11.26	11.51	756223
2017-10-11	11.21	11.61	11.21	11.56	947010
2017-10-12	11.61	12.72	11.51	11.56	1703872
2017-10-13	11.72	11.72	11.51	11.56	485921
2017-10-16	11.56	11.82	11.51	11.51	590454
2017-10-17	11.51	11.56	11.41	11.41	272303
2017-10-18	11.51	11.72	11.16	11.36	571475
2017-10-19	11.31	11.41	11.31	11.31	98360
2017-10-20	11.41	11.46	11.16	11.16	381550
2017-10-23	11.26	11.36	10.86	10.91	798065
2017-10-24	11.06	11.31	11.01	11.21	429455
2017-10-25	11.21	11.31	11.06	11.16	394280
2017-10-26	11.21	11.21	10.96	10.96	195928
2017-10-27	11.11	11.31	10.96	11.21	572650
2017-10-30	11.26	11.26	10.96	11.06	231022
2017-10-31	10.91	11.06	10.86	10.96	208020
2017-11-01	10.96	11.16	10.86	10.86	251150
2017-11-02	10.86	11.06	10.71	10.76	254765
2017-11-03	10.71	10.76	10.36	10.56	789967
2017-11-06	10.61	10.96	10.61	10.81	272645
2017-11-07	10.86	11.06	10.81	10.96	440200
2017-11-08	10.61	11.01	10.56	10.56	530322
2017-11-09	10.86	10.86	10.31	10.31	307224
2017-11-10	10.71	10.71	10.51	10.61	112660
2017-11-13	10.51	10.76	10.46	10.46	51000
2017-11-14	10.56	10.66	10.46	10.51	47792
2017-11-15	10.56	10.81	10.56	10.66	278821
2017-11-16	10.76	11.06	10.66	10.86	275624
2017-11-17	10.91	11.01	10.26	10.81	161255
2017-11-20	10.96	11.06	10.71	10.96	505995
2017-11-21	10.91	11.56	10.91	11.41	1521296
2017-11-22	11.36	11.77	11.26	11.51	3314005
2017-11-23	11.56	11.87	11.51	11.51	500935
2017-11-24	11.56	11.72	11.36	11.41	565515
2017-11-27	11.41	11.61	11.11	11.56	2456622
2017-11-28	11.56	11.67	11.41	11.61	2735671
2017-11-29	11.67	12.02	11.51	11.87	2903644
2017-11-30	11.97	12.47	11.87	12.12	1988019
2017-12-01	12.22	12.67	12.17	12.62	2306489
2017-12-04	12.57	13.22	12.57	12.72	3408034
2017-12-05	12.82	12.97	12.42	12.42	2303370
2017-12-06	12.47	12.47	11.97	12.07	2294250
2017-12-07	12.22	12.47	12.17	12.22	1404400
2017-12-08	12.22	12.27	12.12	12.17	1015875
2017-12-11	12.12	12.37	11.97	12.12	1601655
2017-12-12	12.12	12.27	11.82	12.07	1566340
2017-12-13	12.07	12.17	11.82	11.92	1361590
2017-12-14	11.97	12.07	11.92	12.02	721946
2017-12-15	12.02	12.47	11.97	12.22	1287805
2017-12-18	12.22	12.32	12.17	12.27	955300
2017-12-19	12.32	12.47	12.22	12.42	1156815
2017-12-20	12.37	13.17	12.37	13.02	2585570
2017-12-21	13.07	13.17	12.92	12.92	1018355
2017-12-22	12.87	12.87	12.47	12.72	1790950
2017-12-25	12.72	12.82	12.07	12.42	1312120
2017-12-26	12.47	12.77	12.32	12.32	1734391
2017-12-27	12.47	12.72	11.97	12.12	1603754
2017-12-28	12.17	12.42	12.02	12.37	1639740
2017-12-29	12.52	13.02	12.52	12.62	2547746
2018-01-02	12.82	13.02	12.77	13.02	885550
2018-01-03	13.07	13.68	12.92	13.58	2070135
2018-01-04	13.98	14.33	13.58	14.23	1931289
2018-01-05	14.23	14.33	13.73	13.88	1671470
2018-01-08	13.93	13.93	13.53	13.83	2278527
2018-01-09	13.73	14.23	13.73	14.18	1596165
2018-01-10	14.18	15.34	14.13	15.23	2687395
2018-01-11	15.08	15.44	14.83	15.44	2738703
2018-01-12	15.44	16.49	15.29	15.99	5149666
2018-01-18	15.13	15.13	15.13	15.13	31140
2018-01-19	16.19	16.19	16.19	16.19	91830
2018-01-22	17.32	17.32	16.89	17.32	3619740
2018-01-23	17.32	17.32	17.32	17.32	0
2018-01-24	17.32	17.32	17.32	17.32	0
2018-01-25	17.6	17.9	16.54	17.05	2264840
2018-01-26	17.05	17.05	16.09	16.34	2515140
2018-01-29	16.19	16.34	15.74	15.74	1873480
2018-01-30	15.69	15.74	15.29	15.34	1469010
2018-01-31	15.34	16.39	15.34	15.94	1380700
2018-02-01	15.69	16.09	15.34	15.39	924090
2018-02-02	15.49	15.49	15.08	15.31	1011970
2018-02-05	15.31	15.31	14.25	14.25	1560570
2018-02-06	13.27	14.33	13.27	14.25	4346230
2018-02-07	14.98	14.98	14.38	14.73	825060
2018-02-08	14.58	15.08	14.2	14.63	715180
2018-02-09	14.28	15.18	13.88	15.18	966160
2018-02-12	15.23	15.44	14.98	15.34	509950
2018-02-13	15.39	15.84	15.34	15.59	343770
2018-02-21	16.34	16.34	15.39	15.84	249530
2018-02-22	15.64	16.09	15.59	15.79	934440
2018-02-23	15.79	15.91	15.79	15.89	617110
2018-02-26	16.44	16.44	15.99	16.09	726590
2018-02-27	16.09	16.17	15.89	16.04	557360
2018-02-28	16.04	16.09	15.91	15.91	743520
2018-03-01	16.04	16.29	15.89	16.29	1127400
2018-03-02	16.29	17.35	16.14	17.35	1447690
2018-03-05	17.4	17.85	17.05	17.05	1710930
2018-03-06	17.2	17.9	17.05	17.8	1751220
2018-03-07	17.6	17.85	17.55	17.85	1741430
2018-03-08	17.85	18.1	17.85	17.9	1415170
2018-03-09	18.05	18.25	17.92	18.05	1661360
2018-03-12	18.1	18.35	17.95	18.05	1002350
2018-03-13	18.0	18.05	17.6	17.72	1470480
2018-03-14	17.72	17.85	17.2	17.47	733010
2018-03-15	17.35	18.2	17.35	18.1	682530
2018-03-16	18.25	18.25	18.0	18.0	417320
2018-03-19	18.1	18.2	17.6	17.87	528820
2018-03-20	17.8	17.8	17.6	17.6	374790
2018-03-21	17.6	17.87	17.3	17.65	570290
2018-03-22	17.6	17.7	17.35	17.4	498680
2018-03-23	17.1	17.65	17.1	17.6	876410
2018-03-26	17.6	17.85	17.4	17.6	309370
2018-03-27	17.75	17.75	17.52	17.52	209200
2018-03-28	17.55	17.6	17.47	17.6	282460
2018-03-29	17.6	17.7	17.6	17.67	472110
2018-03-30	17.8	18.5	17.75	18.23	1997780
2018-04-02	18.4	18.55	18.23	18.48	862920
2018-04-03	18.55	18.8	18.48	18.55	1115590
2018-04-04	18.6	19.56	18.55	19.46	1504140
2018-04-05	19.56	20.14	19.56	19.86	1292710
2018-04-06	20.16	20.16	19.76	19.81	883370
2018-04-09	19.81	20.16	19.81	19.99	1277970
2018-04-10	20.01	20.11	18.6	19.36	1420250
2018-04-11	19.36	19.41	18.55	18.6	1044360
2018-04-12	18.86	19.08	18.4	18.98	650700
2018-04-13	19.26	19.26	19.01	19.11	587900
2018-04-16	19.21	19.61	18.6	19.48	479820
2018-04-17	19.86	19.86	19.53	19.66	362500
2018-04-18	19.76	19.76	19.51	19.51	403280
2018-04-19	19.36	19.61	18.3	18.75	487740
2018-04-20	18.6	19.26	18.6	19.26	222300
2018-04-23	19.26	19.36	18.7	18.7	523020
2018-04-24	18.4	18.8	18.25	18.6	232120
2018-04-26	18.6	18.6	17.9	17.9	366950
2018-04-27	17.9	18.55	17.85	18.5	368160
2018-05-02	18.5	18.91	18.35	18.5	151080
2018-05-03	18.5	18.6	17.22	18.45	290330
2018-05-04	18.75	18.75	17.7	17.7	294710
2018-05-07	17.7	18.1	17.4	18.0	256180
2018-05-08	18.25	18.25	17.9	17.95	209900
2018-05-09	17.75	17.95	17.5	17.6	316100
2018-05-10	17.4	17.6	17.2	17.35	351790
2018-05-11	17.5	18.1	17.15	18.1	303130
2018-05-14	18.1	18.25	17.75	18.15	407610
2018-05-15	18.15	18.7	18.15	18.2	317200
2018-05-16	18.1	18.1	17.7	17.82	639380
2018-05-17	18.1	18.1	17.72	17.77	348470
2018-05-18	17.95	18.1	17.7	18.1	651650
2018-05-21	18.1	18.15	17.9	17.95	430600
2018-05-22	17.95	17.95	17.3	17.3	591330
2018-05-23	17.35	17.45	17.1	17.3	417310
2018-05-24	17.3	17.32	17.2	17.25	240540
2018-05-25	17.2	17.25	16.09	16.09	680810
2018-05-28	16.09	17.1	14.98	14.98	1152840
2018-05-29	15.08	15.84	15.08	15.71	159430
2018-05-30	15.94	15.94	15.29	15.44	184680
2018-05-31	15.39	16.49	15.39	16.44	545560
2018-06-01	16.34	16.49	16.19	16.39	724650
2018-06-04	16.54	17.45	16.49	17.2	184180
2018-06-05	17.6	17.75	17.1	17.32	148850
2018-06-06	17.2	17.4	17.2	17.32	123130
2018-06-07	17.35	17.5	16.77	17.1	161730
2018-06-08	17.1	17.12	16.59	17.1	255060
2018-06-11	17.05	17.07	16.79	16.89	106630
2018-06-12	16.94	17.25	16.59	17.05	376710
2018-06-13	17.25	17.35	16.99	17.05	688550
2018-06-14	17.25	17.25	16.74	16.74	430390
2018-06-15	16.59	16.94	16.39	16.49	228850
2018-06-18	16.49	16.59	15.64	16.04	211790
2018-06-19	16.24	16.24	15.64	15.79	380300
2018-06-20	15.84	16.17	15.84	16.09	309380
2018-06-21	16.14	16.54	15.89	16.24	135840
2018-06-22	16.57	16.59	16.04	16.59	113690
2018-06-25	16.59	16.84	16.14	16.39	248570
2018-06-26	16.24	16.39	15.89	16.09	175560
2018-06-27	16.09	16.39	16.04	16.09	132070
2018-06-28	15.94	16.09	15.64	16.09	28570
2018-06-29	16.09	16.89	16.04	16.89	783370
2018-07-02	16.89	16.89	15.94	16.14	93860
2018-07-03	15.66	15.74	15.44	15.44	588670
2018-07-04	15.59	16.44	14.93	15.59	174300
2018-07-05	15.59	15.59	14.81	15.08	310020
2018-07-06	15.08	15.64	14.78	15.59	146640
2018-07-09	15.59	15.64	15.54	15.59	84290
2018-07-10	15.59	16.09	15.44	15.44	145460
2018-07-11	15.54	15.54	14.98	15.34	104660
2018-07-12	15.59	15.59	15.03	15.39	128430
2018-07-13	15.39	15.86	15.18	15.74	167820
2018-07-16	15.74	16.59	15.59	15.74	118040
2018-07-17	15.54	15.99	14.83	15.99	249100
2018-07-18	15.99	16.04	15.86	15.94	255590
2018-07-19	15.94	16.09	15.84	16.09	208010
2018-07-20	16.09	16.09	15.84	15.94	154880
2018-07-23	15.94	16.29	15.84	15.94	197280
2018-07-24	15.94	16.34	15.94	16.09	1014800
2018-07-25	16.09	17.05	16.09	16.54	1582200
2018-07-26	16.44	17.22	16.34	17.1	2414690
2018-07-27	16.99	17.35	16.99	17.3	2447830
2018-07-30	17.2	17.3	16.99	17.1	1706220
2018-07-31	17.05	17.25	16.99	17.05	1859190
2018-08-01	16.89	17.35	16.89	17.1	3151920
2018-08-02	17.15	17.35	16.99	17.1	3936230
2018-08-03	17.25	17.85	17.1	17.8	4424990
2018-08-06	17.85	18.23	17.82	18.0	4301200
2018-08-07	17.95	18.1	17.7	17.8	3281740
2018-08-08	17.65	17.98	17.5	17.85	3019720
2018-08-09	17.9	18.05	17.75	17.75	2234450
2018-08-10	17.7	17.8	17.55	17.8	2446530
2018-08-13	17.85	18.3	17.7	18.3	4204550
2018-08-14	18.3	18.48	18.2	18.23	3542270
2018-08-15	18.1	18.2	17.2	17.2	2366340
2018-08-16	17.28	18.15	17.22	17.71	1908120
2018-08-17	17.65	18.93	17.62	18.71	6307620
2018-08-20	18.71	19.39	18.71	19.02	5132040
2018-08-21	18.96	19.27	18.8	18.8	3380390
2018-08-22	18.68	18.74	18.27	18.33	3701610
2018-08-23	18.27	18.77	18.27	18.52	3637330
2018-08-24	18.55	18.96	18.49	18.96	3813530
2018-08-27	18.86	19.02	18.55	18.61	2602540
2018-08-28	18.61	18.74	18.18	18.18	2360930
2018-08-29	18.18	18.3	17.99	18.09	1949560
2018-08-30	18.15	18.24	17.93	18.02	2185880
2018-08-31	18.15	18.3	17.96	18.02	2240470
2018-09-04	18.15	18.21	17.43	17.46	2258040
2018-09-05	17.5	17.68	17.15	17.15	3232620
2018-09-06	17.15	17.43	16.97	17.0	2314810
2018-09-07	16.94	17.34	16.94	17.31	3050530
2018-09-10	17.34	17.93	17.18	17.9	5382350
2018-09-11	17.93	18.33	17.71	18.15	4524160
2018-09-12	18.02	18.24	18.02	18.02	2990230
2018-09-13	18.05	18.09	17.71	17.96	2819020
2018-09-14	17.96	18.15	17.78	17.78	2565390
2018-09-17	17.84	17.84	17.68	17.74	2128590
2018-09-18	17.78	18.02	17.71	17.96	2590370
2018-09-19	18.05	18.21	17.9	18.02	1733920
2018-09-20	18.02	18.09	17.71	17.71	1885740
2018-09-21	17.71	17.87	17.28	17.28	3195190
2018-09-24	17.4	17.53	17.25	17.34	2168630
2018-09-25	17.37	17.37	17.18	17.34	1701130
2018-09-26	17.34	17.56	17.25	17.46	1801070
2018-09-27	17.46	18.02	17.46	18.02	2831330
2018-09-28	18.02	18.12	17.84	17.87	2342430
2018-10-01	17.84	17.9	17.65	17.78	1920970
2018-10-02	17.78	17.84	17.53	17.68	1624190
2018-10-03	17.71	17.84	17.62	17.68	1421510
2018-10-04	17.74	18.33	17.68	18.33	5816960
2018-10-05	18.33	18.46	18.12	18.21	3200770
2018-10-08	17.96	18.24	17.53	18.02	2405150
2018-10-09	18.02	18.02	17.53	17.56	2920620
2018-10-10	17.65	17.71	17.5	17.68	2200440
2018-10-11	17.09	17.28	16.47	16.47	2477890
2018-10-12	16.22	17.09	16.22	17.03	2192060
2018-10-15	17.03	17.03	16.59	16.66	1090650
2018-10-16	16.78	16.91	16.69	16.81	1010570
2018-10-17	16.97	17.15	16.81	16.91	1172110
2018-10-18	16.78	16.91	16.59	16.59	1026780
2018-10-19	16.53	16.66	16.47	16.66	598720
2018-10-22	16.78	16.78	16.41	16.59	800190
2018-10-23	16.59	16.59	16.03	16.16	800960
2018-10-24	16.41	16.41	15.85	15.85	688290
2018-10-25	15.23	15.66	14.92	15.48	1527060
2018-10-26	15.6	15.79	15.07	15.23	1138670
2018-10-29	15.23	15.35	15.1	15.23	1036230
2018-10-30	15.23	15.35	15.1	15.23	1462760
2018-10-31	15.29	15.91	15.29	15.85	1940290
2018-11-01	15.88	16.41	15.85	16.28	2066350
2018-11-02	16.35	16.59	16.1	16.41	1208130
2018-11-05	16.41	16.41	16.1	16.16	696250
2018-11-06	16.41	16.41	15.97	16.03	903730
2018-11-07	16.16	16.16	15.85	16.03	991110
2018-11-08	16.16	16.35	15.97	16.16	1150920
2018-11-09	16.16	16.16	15.91	16.03	783500
2018-11-12	16.03	16.1	15.72	16.1	785620
2018-11-13	15.91	15.97	15.66	15.97	584770
2018-11-14	16.03	16.16	15.6	15.85	623820
2018-11-15	15.85	15.85	15.29	15.41	1249810
2018-11-16	15.48	15.72	15.13	15.54	751600
2018-11-19	15.6	15.79	15.41	15.69	699550
2018-11-20	15.69	16.16	15.66	15.91	1300320
2018-11-21	15.72	16.22	15.72	16.22	1434110
2018-11-22	16.28	16.28	16.07	16.16	1102630
2018-11-23	16.16	16.16	15.91	15.91	1077780
2018-11-26	15.91	15.91	15.66	15.91	674230
2018-11-27	15.91	15.91	15.69	15.91	691620
2018-11-28	15.79	15.91	15.72	15.91	637440
2018-11-29	15.97	16.03	15.72	15.85	757260
2018-11-30	15.85	15.85	15.54	15.72	541460
2018-12-03	15.79	16.03	15.69	15.85	1196530
2018-12-04	15.91	15.94	15.76	15.94	1246150
2018-12-05	15.85	16.41	15.76	16.19	2075700
2018-12-06	16.16	16.22	15.97	15.97	965110
2018-12-07	16.03	16.16	15.85	15.97	1110350
2018-12-10	15.97	15.97	15.76	15.76	1128410
2018-12-11	15.82	15.91	15.6	15.72	1817500
2018-12-12	15.79	15.85	15.6	15.82	1702730
2018-12-13	15.91	15.97	15.6	15.82	1402980
2018-12-14	15.82	15.85	15.6	15.63	1277390
2018-12-17	15.82	16.0	15.66	15.66	3550350
2018-12-18	15.66	15.69	15.29	15.35	2613490
2018-12-19	15.41	15.48	14.48	14.54	1719220
2018-12-20	14.61	14.67	13.89	14.54	1633110
2018-12-21	14.54	14.54	13.8	14.54	10166390
2018-12-24	14.54	14.54	13.98	13.98	806180
2018-12-25	13.61	14.61	13.18	14.61	1876480
2018-12-26	13.8	14.17	13.8	14.11	636440
2018-12-27	14.23	14.23	13.83	14.11	620420
2018-12-28	14.14	14.14	13.77	13.77	493650
2019-01-02	13.77	13.86	13.3	13.58	988870
2019-01-03	13.58	13.58	12.65	12.65	1757600
2019-01-04	12.65	12.96	12.62	12.9	972370
2019-01-07	13.24	13.24	12.96	13.11	1032880
2019-01-08	13.11	13.18	13.02	13.05	925970
2019-01-09	13.05	13.33	13.02	13.21	1190830
2019-01-10	13.24	13.55	13.21	13.42	1623560
2019-01-11	13.49	13.67	13.42	13.58	1441350
2019-01-14	13.61	13.61	13.36	13.46	934390
2019-01-15	13.42	13.55	13.3	13.49	1252850
2019-01-16	13.49	13.61	13.42	13.46	1130850
2019-01-17	13.52	13.52	13.39	13.42	953600
2019-01-18	13.52	13.52	13.36	13.42	592390
2019-01-21	13.36	13.58	13.33	13.49	741380
2019-01-22	13.49	13.49	13.27	13.36	696970
2019-01-23	13.36	13.42	13.3	13.36	414700
2019-01-24	13.52	13.67	13.36	13.61	1309650
2019-01-25	13.64	13.64	13.46	13.58	714110
2019-01-28	13.64	13.64	13.49	13.52	411410
2019-01-29	13.58	13.58	13.33	13.52	602220
2019-01-30	13.49	13.49	13.36	13.36	663300
2019-01-31	13.49	13.52	13.36	13.42	510730
2019-02-01	13.55	13.61	13.27	13.61	869620
2019-02-11	13.74	13.86	13.61	13.77	983160
2019-02-12	13.8	14.17	13.77	14.05	1693030
2019-02-13	14.05	14.29	14.02	14.26	1788020
2019-02-14	14.26	14.42	14.14	14.29	2624490
2019-02-15	14.29	14.36	14.05	14.29	1264400
2019-02-18	14.33	14.82	14.29	14.76	2669220
2019-02-19	14.82	14.89	14.54	14.7	2635270
2019-02-20	14.7	14.76	14.64	14.76	2415070
2019-02-21	14.67	14.76	14.61	14.67	1961830
2019-02-22	14.67	14.73	14.54	14.7	1150500
2019-02-25	14.73	14.82	14.7	14.82	2931140
2019-02-26	14.82	15.38	14.79	15.35	5313900
2019-02-27	15.41	15.85	15.38	15.66	3171550
2019-02-28	15.69	15.69	15.23	15.32	2568260
2019-03-01	15.32	15.41	15.29	15.35	2399350
2019-03-04	15.35	15.35	14.89	15.1	3283860
2019-03-05	15.13	15.13	14.79	14.92	2414190
2019-03-06	14.92	14.98	14.73	14.98	1743980
2019-03-07	15.04	15.04	14.82	14.85	1748240
2019-03-08	14.85	14.85	14.51	14.51	1439160
2019-03-11	14.57	14.61	14.26	14.36	1040290
2019-03-12	14.42	14.7	14.39	14.64	999770
2019-03-13	14.7	14.73	14.54	14.57	929050
2019-03-14	14.61	14.82	14.57	14.76	859290
2019-03-15	14.73	14.76	14.57	14.57	1050650
2019-03-18	14.61	14.73	14.57	14.61	726570
2019-03-19	14.61	14.64	14.42	14.48	633550
2019-03-20	14.61	14.61	14.29	14.48	592140
2019-03-21	14.48	14.51	14.17	14.17	573050
2019-03-22	14.17	14.23	13.92	14.17	881540
2019-03-25	13.92	14.08	13.86	13.98	642780
2019-03-26	14.05	14.17	13.95	14.08	685810
2019-03-27	14.17	14.29	14.05	14.23	656120
2019-03-28	14.23	14.29	14.05	14.29	589300
2019-03-29	14.36	14.36	14.26	14.36	515270
2019-04-01	14.42	14.42	14.26	14.29	576900
2019-04-02	14.36	14.39	14.26	14.33	629610
2019-04-03	14.29	14.36	14.23	14.36	631210
2019-04-04	14.36	14.42	14.29	14.39	1031890
2019-04-05	14.39	14.79	14.36	14.79	2223370
2019-04-08	14.79	14.85	14.67	14.73	1197180
2019-04-09	14.7	14.7	14.42	14.57	1106690
2019-04-10	14.48	14.48	14.11	14.11	1031490
2019-04-11	14.08	14.17	13.98	14.05	504990
2019-04-12	14.02	14.08	13.86	14.02	461070
2019-04-16	13.98	13.98	13.8	13.98	250320
2019-04-17	13.98	14.05	13.8	13.8	1084370
2019-04-18	13.8	13.86	13.55	13.67	778740
2019-04-19	13.86	13.92	13.8	13.86	243290
2019-04-22	13.86	13.92	13.74	13.86	312970
2019-04-23	13.92	13.92	13.64	13.86	495480
2019-04-24	13.8	13.92	13.77	13.86	341160
2019-04-25	13.92	13.98	13.8	13.86	368530
2019-04-26	13.74	13.92	13.74	13.86	368150
2019-05-02	13.89	13.89	13.74	13.86	267860
2019-05-03	13.8	13.98	13.7	13.98	757850
2019-05-06	13.92	14.39	13.86	14.11	456300
2019-05-07	14.17	14.23	13.74	13.98	495640
2019-05-08	13.8	13.86	13.61	13.86	443280
2019-05-09	13.8	13.83	13.42	13.83	574300
2019-05-10	13.83	13.86	13.58	13.86	289610
2019-05-13	13.86	13.86	13.58	13.83	1008210
2019-05-14	13.74	13.77	13.61	13.77	435780
2019-05-15	13.77	13.92	13.67	13.92	1238790
2019-05-16	14.11	14.11	13.8	13.86	670340
2019-05-17	13.86	13.92	13.74	13.92	800860
2019-05-20	13.92	14.23	13.8	14.23	1813900
2019-05-21	14.29	14.29	14.08	14.2	677490
2019-05-22	14.23	14.23	14.02	14.05	646960
2019-05-23	13.98	14.08	13.8	14.08	983170
2019-05-24	14.05	14.05	13.83	13.98	778120
2019-05-27	13.92	13.92	13.8	13.86	501730
2019-05-28	13.86	14.17	13.64	14.17	1657040
2019-05-29	14.11	14.11	13.89	13.98	1074280
2019-05-30	13.98	14.11	13.92	14.02	630470
2019-05-31	14.02	14.02	13.89	13.89	880510
2019-06-03	13.89	13.89	13.64	13.86	624920
2019-06-04	13.8	13.95	13.74	13.95	396550
2019-06-05	14.02	14.02	13.89	13.95	192290
2019-06-06	13.92	13.92	13.77	13.86	466020
2019-06-07	13.89	13.89	13.77	13.8	304500
2019-06-10	13.98	14.02	13.89	13.98	795940
2019-06-11	13.98	14.05	13.92	14.02	564790
2019-06-12	14.05	14.05	13.95	14.02	414970
2019-06-13	13.98	14.02	13.89	13.92	372490
2019-06-14	13.98	13.98	13.89	13.92	351650
2019-06-17	13.98	13.98	13.74	13.86	343130
2019-06-18	13.86	13.86	13.67	13.67	401360
2019-06-19	13.83	13.83	13.61	13.67	396890
2019-06-20	13.67	13.86	13.64	13.8	385460
2019-06-21	13.92	13.92	13.36	13.36	1472920
2019-06-24	13.55	13.74	13.36	13.74	405770
2019-06-25	13.67	13.74	13.49	13.67	393510
2019-06-26	13.67	13.8	13.55	13.74	872160
2019-06-27	13.8	13.8	13.36	13.36	404420
2019-06-28	13.49	13.67	13.3	13.67	407730
2019-07-01	13.67	13.74	13.46	13.49	436630
2019-07-02	13.64	13.64	13.39	13.42	259900
2019-07-03	13.42	13.52	13.39	13.49	289810
2019-07-04	13.61	13.61	13.42	13.49	260870
2019-07-05	13.49	13.49	13.27	13.36	591400
2019-07-08	13.33	13.36	13.05	13.36	430490
2019-07-09	13.36	13.36	13.18	13.36	251250
2019-07-10	13.36	13.42	13.14	13.42	787030
2019-07-11	13.36	13.39	13.27	13.39	203240
2019-07-12	13.39	13.42	13.24	13.33	367120
2019-07-15	13.24	13.42	13.11	13.42	469520
2019-07-16	13.42	13.42	13.27	13.39	284050
2019-07-17	13.39	13.39	13.24	13.36	344440
2019-07-18	13.36	13.39	13.24	13.39	806950
2019-07-19	13.27	13.46	13.21	13.46	812330
2019-07-22	13.42	13.49	13.24	13.36	644020
2019-07-23	13.36	13.42	13.24	13.42	937080
2019-07-24	13.42	13.8	13.36	13.8	1493840
2019-07-25	13.8	14.05	13.7	14.05	1461640
2019-07-26	14.05	14.08	13.89	13.98	832320
2019-07-29	13.98	14.05	13.86	13.92	748230
2019-07-30	13.92	14.02	13.89	13.92	1249460
2019-07-31	13.98	14.05	13.92	14.02	1131360
2019-08-01	14.11	14.11	13.98	14.11	536590
2019-08-02	14.05	14.11	13.95	14.11	614320
2019-08-05	14.11	14.42	14.05	14.36	1335090
2019-08-06	14.29	14.36	14.17	14.29	712190
2019-08-07	14.39	14.39	14.29	14.36	593130
2019-08-08	14.36	14.36	14.23	14.36	707180
2019-08-09	14.36	14.54	14.36	14.45	730470
2019-08-12	14.54	14.54	14.42	14.45	424840
2019-08-13	14.67	14.67	14.23	14.29	605130
2019-08-14	14.29	14.36	14.23	14.29	624830
2019-08-15	14.11	14.26	13.98	14.26	610450
2019-08-16	14.65	14.65	14.44	14.44	764910
2019-08-19	14.69	14.69	14.33	14.44	487940
2019-08-20	14.44	14.44	14.26	14.37	544240
2019-08-21	14.37	14.4	14.29	14.33	289930
2019-08-22	14.47	14.47	14.15	14.33	384880
2019-08-23	14.29	14.33	14.08	14.15	274070
2019-08-26	14.22	14.22	13.76	14.15	452950
2019-08-27	14.15	14.29	13.94	14.29	861120
2019-08-28	14.15	14.4	14.15	14.4	326670
2019-08-29	14.37	14.83	14.37	14.76	592070
2019-08-30	14.97	14.97	14.83	14.9	568320
2019-09-03	14.9	14.94	14.76	14.76	675500
2019-09-04	14.76	14.9	14.72	14.79	839600
2019-09-05	14.79	14.9	14.79	14.83	483800
2019-09-06	14.94	14.97	14.83	14.9	978900
2019-09-09	14.94	15.01	14.87	15.01	1050800
2019-09-10	15.01	15.37	15.01	15.37	1039270
2019-09-11	15.4	15.72	15.4	15.65	1241490
2019-09-12	15.72	15.8	15.65	15.72	871490
2019-09-13	15.94	16.4	15.76	16.4	1329380
2019-09-16	16.37	16.37	16.12	16.15	592840
2019-09-17	16.22	16.22	15.94	16.08	661770
2019-09-18	15.97	16.15	15.97	16.05	304130
2019-09-19	16.05	16.19	16.01	16.05	305420
2019-09-20	16.15	16.22	16.08	16.15	385260
2019-09-23	16.22	16.22	15.94	15.94	265140
2019-09-24	15.94	16.01	15.8	15.8	402070
2019-09-25	15.87	15.87	15.72	15.8	298830
2019-09-26	15.8	15.94	15.8	15.87	145560
2019-09-27	15.94	16.26	15.94	16.22	830130
2019-09-30	16.4	16.4	16.12	16.19	275330
2019-10-01	16.15	16.22	15.8	15.94	526100
2019-10-02	15.87	16.08	15.72	15.72	360370
2019-10-03	15.72	15.72	15.44	15.69	297220
2019-10-04	15.9	15.9	15.72	15.8	204260
2019-10-07	15.83	15.87	15.51	15.87	578400
2019-10-08	15.87	15.94	15.72	15.87	181530
2019-10-09	15.87	15.9	15.65	15.72	366300
2019-10-10	15.65	15.87	15.65	15.72	348110
2019-10-11	15.76	16.08	15.65	15.65	508320
2019-10-14	15.72	15.76	15.62	15.76	360090
2019-10-15	15.62	15.8	15.62	15.72	216710
2019-10-16	15.72	15.72	15.37	15.44	265370
2019-10-17	15.37	15.37	14.9	15.22	845540
2019-10-18	15.08	15.22	14.87	15.04	228870
2019-10-21	15.04	15.37	14.9	15.04	192070
2019-10-22	15.04	15.08	14.69	14.87	409110
2019-10-23	14.87	14.97	14.76	14.87	208450
2019-10-24	14.87	14.94	14.76	14.94	286080
2019-10-25	15.01	15.01	14.83	14.94	269380
2019-10-28	14.94	14.94	14.58	14.87	188150
2019-10-29	14.87	14.87	14.44	14.87	684830
2019-10-30	14.79	15.37	14.69	15.37	551920
2019-10-31	15.22	15.22	14.87	15.01	170700
2019-11-01	15.01	15.08	14.83	15.01	303850
2019-11-04	15.01	15.01	14.76	14.97	668600
2019-11-05	14.97	14.97	14.79	14.94	167110
2019-11-06	14.94	14.97	14.83	14.97	580710
2019-11-07	15.01	15.15	14.87	14.97	369880
2019-11-08	14.9	15.01	14.9	14.9	258210
2019-11-11	14.97	15.01	14.83	14.94	350970
2019-11-12	14.94	14.94	14.76	14.94	284320
2019-11-13	14.97	14.97	14.72	14.87	387540
2019-11-14	14.87	14.87	14.72	14.83	178590
2019-11-15	14.83	14.83	14.72	14.79	140540
2019-11-18	14.79	14.9	14.65	14.76	465070
2019-11-19	14.76	15.01	14.65	15.01	2165320
2019-11-20	15.01	15.04	14.83	14.9	1261240
2019-11-21	14.9	14.9	14.65	14.79	1795800
2019-11-22	14.72	14.76	14.47	14.72	1247030
2019-11-25	14.65	14.69	14.47	14.65	1055840
2019-11-26	14.65	14.65	14.29	14.54	1321020
2019-11-27	14.44	14.54	14.4	14.54	519250
2019-11-28	14.54	14.62	14.26	14.44	1071470
2019-11-29	14.44	14.51	14.37	14.4	743210
2019-12-02	14.47	14.47	13.94	14.29	643310
2019-12-03	14.15	14.29	13.79	14.29	558950
2019-12-04	14.29	14.29	13.97	14.29	254530
2019-12-05	14.01	14.29	14.01	14.29	192400
2019-12-06	14.08	14.29	13.94	14.29	371780
2019-12-09	14.29	14.29	13.79	14.29	496300
2019-12-10	13.94	14.22	13.9	14.22	437030
2019-12-11	14.22	14.22	13.72	14.22	597540
2019-12-12	13.83	14.22	13.72	14.22	952940
2019-12-13	14.22	14.22	13.87	14.12	937400
2019-12-16	14.08	14.15	14.01	14.15	196970
2019-12-17	14.15	14.15	13.83	14.12	707530
2019-12-18	13.9	14.12	13.9	14.12	214460
2019-12-19	13.94	14.08	13.9	14.08	250710
2019-12-20	13.97	14.01	13.29	13.29	4524610
2019-12-23	13.87	14.08	13.58	14.08	215480
2019-12-24	14.08	14.08	13.9	14.08	173250
2019-12-25	13.87	14.04	13.72	14.04	455320
2019-12-26	13.94	14.01	13.87	13.87	153190
2019-12-27	13.87	13.87	13.65	13.87	457710
2019-12-30	13.72	13.83	13.47	13.83	778100
2019-12-31	13.83	13.83	13.76	13.83	396290
2020-01-02	13.83	13.83	13.58	13.79	246750
2020-01-03	13.79	13.79	13.4	13.72	495710
2020-01-06	13.58	14.65	13.44	14.65	206400
2020-01-07	14.65	14.65	14.08	14.26	564170
2020-01-08	14.12	14.12	13.94	14.04	200170
2020-01-09	14.01	14.12	14.01	14.04	200070
2020-01-10	14.04	14.08	13.97	14.08	200830
2020-01-13	14.15	14.15	13.9	14.08	176450
2020-01-14	14.08	14.08	13.87	13.97	114800
2020-01-15	13.94	14.08	13.87	14.04	683420
2020-01-16	14.04	14.08	13.9	14.08	817390
2020-01-17	14.08	14.33	14.04	14.22	1160880
2020-01-20	14.22	14.22	13.97	14.12	276790
2020-01-21	14.15	14.15	13.44	14.15	1555970
2020-01-22	14.08	14.15	13.72	14.15	467980
2020-01-30	13.94	14.08	13.51	14.08	749070
2020-01-31	13.79	13.79	13.54	13.79	841230
2020-02-03	13.51	13.72	12.83	13.72	816860
2020-02-04	13.58	13.58	13.22	13.58	917370
2020-02-05	13.37	13.65	13.37	13.65	233060
2020-02-06	13.58	13.65	13.44	13.62	330530
2020-02-07	13.62	13.94	13.58	13.58	127750
2020-02-10	13.58	13.58	13.44	13.54	99880
2020-02-11	13.33	13.54	13.19	13.54	749300
2020-02-12	13.54	13.58	13.19	13.58	872340
2020-02-13	13.44	13.44	13.22	13.4	526920
2020-02-14	13.33	13.44	13.08	13.44	843800
2020-02-17	13.37	13.4	13.22	13.4	503950
2020-02-18	13.29	13.29	13.11	13.11	500370
2020-02-19	13.11	13.44	13.01	13.4	1158020
2020-02-20	13.44	13.51	13.4	13.4	192890
2020-02-21	13.29	13.4	13.26	13.37	156950
2020-02-24	13.22	13.26	12.97	13.26	502960
2020-02-25	12.97	13.37	12.94	13.37	532820
2020-02-26	13.15	13.33	13.08	13.33	172020
2020-02-27	13.15	13.26	13.08	13.08	410000
2020-02-28	13.08	13.15	12.36	13.15	743160
2020-03-02	12.54	12.97	12.54	12.97	960360
2020-03-03	12.97	12.97	12.51	12.9	1393310
2020-03-04	12.65	12.65	12.47	12.51	1155240
2020-03-05	12.65	12.65	12.19	12.22	992380
2020-03-06	12.22	12.51	11.94	12.51	1167030
2020-03-09	11.79	12.29	11.65	11.65	1000710
2020-03-10	11.08	11.36	11.08	11.08	904610
2020-03-11	10.94	11.29	10.36	10.86	1073570
2020-03-12	10.4	10.4	10.11	10.11	1711320
2020-03-13	9.43	9.61	9.43	9.58	1756940
2020-03-16	9.58	9.58	8.93	9.58	4240250
2020-03-17	9.58	10.22	9.29	10.22	1177650
2020-03-18	10.72	10.86	10.36	10.43	1098210
2020-03-19	10.01	10.18	9.72	10.15	1096510
2020-03-20	10.01	10.36	10.01	10.36	1245340
2020-03-23	9.72	10.08	9.65	9.65	1310410
2020-03-24	9.4	10.15	9.4	10.04	1715500
2020-03-25	10.29	10.33	10.08	10.11	1125830
2020-03-26	10.15	10.15	9.93	10.01	891530
2020-03-27	9.65	10.01	9.65	9.72	273240
2020-03-30	9.58	9.72	9.04	9.65	1890540
2020-03-31	9.65	9.86	9.29	9.86	921180
2020-04-01	9.72	10.36	9.65	9.93	371530
2020-04-03	10.08	10.08	9.72	9.93	918480
2020-04-06	10.01	10.36	10.01	10.36	1363920
2020-04-07	10.86	10.86	10.15	10.51	1258380
2020-04-08	10.51	10.61	10.29	10.61	832160
2020-04-09	10.61	10.72	10.43	10.65	1306550
2020-04-10	10.65	10.76	10.43	10.65	972650
2020-04-13	10.65	10.76	10.61	10.72	933400
2020-04-14	11.08	11.47	11.01	11.19	2072230
2020-04-15	11.65	11.65	11.22	11.44	1246110
2020-04-16	11.44	11.44	11.19	11.44	1065860
2020-04-17	11.44	11.9	11.33	11.9	1930410
2020-04-20	12.15	12.15	11.79	12.01	1658100
2020-04-21	11.79	11.79	11.19	11.29	1771830
2020-04-22	10.83	11.4	10.83	11.36	677370
2020-04-23	11.51	11.72	11.44	11.54	1833440
2020-04-24	11.58	11.69	11.4	11.61	1762540
2020-04-27	11.69	11.69	11.33	11.33	1345810
2020-04-28	11.22	11.29	11.04	11.08	963610
2020-04-29	11.11	11.19	10.97	11.11	1194650
2020-05-04	11.04	11.04	10.61	10.72	1189220
2020-05-05	10.72	10.76	10.47	10.76	1248600
2020-05-06	10.79	10.86	10.65	10.86	1088220
2020-05-07	10.9	10.97	10.79	10.97	1048860
2020-05-08	10.94	11.15	10.9	11.04	1944760
2020-05-11	11.04	11.11	10.97	11.08	1340080
2020-05-12	11.01	11.04	10.86	10.97	1354050
2020-05-13	10.94	11.04	10.79	10.97	1756600
2020-05-14	11.11	11.72	11.08	11.72	6045610
2020-05-15	11.9	12.04	11.65	11.72	3563300
2020-05-18	11.65	11.97	11.4	11.97	4220830
2020-05-19	12.08	12.54	12.01	12.36	9804480
2020-05-20	12.33	12.36	12.01	12.01	3311820
2020-05-21	12.11	12.22	12.01	12.08	3960170
2020-05-22	12.36	12.54	12.19	12.22	5634820
2020-05-25	12.4	12.83	12.33	12.76	4279410
2020-05-26	12.94	12.94	12.65	12.83	3649150
2020-05-27	12.83	12.86	12.33	12.33	4147070
2020-05-28	12.36	12.44	12.29	12.33	2335060
2020-05-29	12.36	12.47	12.19	12.47	2416120
2020-06-01	12.51	12.58	12.44	12.54	2731600
2020-06-02	12.58	12.58	12.22	12.22	2202570
2020-06-03	12.19	12.36	12.15	12.19	1312110
2020-06-04	12.26	12.36	11.94	12.15	2075960
2020-06-05	12.15	12.54	11.97	12.47	2283760
2020-06-08	12.58	13.08	12.51	12.83	3385750
2020-06-09	13.01	13.01	12.54	12.54	1233220
2020-06-10	12.54	12.72	12.4	12.58	906060
2020-06-11	12.65	12.72	11.76	12.15	2439370
2020-06-12	11.86	11.97	11.69	11.94	1140770
2020-06-15	12.11	12.11	11.47	11.58	993110
2020-06-16	11.79	11.79	11.54	11.65	778240
2020-06-17	11.86	11.86	11.61	11.65	324010
2020-06-18	11.61	12.01	11.58	11.86	583740
2020-06-19	11.94	12.15	11.86	12.15	1538080
2020-06-22	12.4	12.44	12.15	12.4	1027620
2020-06-23	12.44	12.47	12.29	12.4	1347740
2020-06-24	12.36	12.44	12.04	12.11	1167280
2020-06-25	12.01	12.11	11.86	12.11	460320
2020-06-26	12.26	12.36	12.08	12.33	1719180
2020-06-29	12.22	12.33	11.58	11.58	2223840
2020-06-30	12.08	12.08	11.61	11.83	901440
2020-07-01	11.86	12.01	11.76	12.01	1460980
2020-07-02	12.11	12.22	12.01	12.22	1674470
2020-07-03	12.4	12.4	12.22	12.36	1489890
2020-07-06	12.4	12.4	12.26	12.36	947480
2020-07-07	12.4	12.47	12.29	12.4	1486820
2020-07-08	12.51	13.11	12.4	12.79	2725520
2020-07-09	12.94	13.69	12.83	13.69	3439570
2020-07-10	14.26	14.44	13.87	14.33	4399620
2020-07-13	15.01	15.01	14.51	14.72	4413310
2020-07-14	14.76	15.62	14.44	15.54	6279710
2020-07-15	15.65	15.65	15.19	15.22	4707960
2020-07-16	15.22	15.33	15.01	15.33	4165400
2020-07-17	15.37	15.76	15.15	15.4	7392910
2020-07-20	15.4	15.44	15.01	15.22	5495430
2020-07-21	15.19	15.29	14.83	15.01	3698020
2020-07-22	14.97	14.97	14.47	14.69	2604600
2020-07-23	14.69	14.72	14.26	14.44	2305720
2020-07-24	14.4	14.51	13.44	14.15	4215340
2020-07-27	13.22	13.83	13.19	13.33	3982090
2020-07-28	13.29	13.79	13.22	13.72	2293530
2020-07-29	13.58	13.58	12.79	13.51	1727230
2020-07-30	13.58	13.65	13.37	13.44	1034790
2020-07-31	13.22	13.37	12.94	13.22	680160
2020-08-03	13.22	13.83	13.19	13.83	2653210
2020-08-04	13.94	14.4	13.94	14.37	3549710
2020-08-05	14.44	14.69	14.12	14.65	2491480
2020-08-06	14.65	14.65	14.33	14.4	2661660
2020-08-07	14.33	15.22	14.29	15.22	5856600
2020-08-10	15.26	15.62	15.26	15.29	5193580
2020-08-11	15.37	15.47	14.9	15.01	5112890
2020-08-12	15.01	15.01	14.51	14.72	3150850
2020-08-13	14.76	14.87	14.62	14.76	2381830
2020-08-14	14.76	15.12	14.65	14.97	4409420
2020-08-17	14.97	15.19	14.58	15.15	3571540
2020-08-18	15.15	15.76	15.04	15.51	7649680
2020-08-19	15.51	15.58	15.22	15.51	3895850
2020-08-20	15.51	15.51	15.08	15.12	3994130
2020-08-21	15.15	15.26	14.87	15.15	5514310
2020-08-24	15.15	15.37	15.15	15.19	4533090
2020-08-25	15.22	15.9	15.22	15.87	10794940
2020-08-26	15.76	16.12	15.54	15.9	9599290
2020-08-27	15.87	15.97	15.72	15.9	6731010
2020-08-28	15.94	15.97	15.76	15.76	6802390
2020-08-31	15.65	16.05	15.65	15.87	8236590
2020-09-01	16.08	16.87	16.05	16.87	10158170
2020-09-03	17.01	18.05	16.97	18.05	10488440
2020-09-04	17.94	18.23	17.58	18.23	9056130
2020-09-07	18.23	18.83	17.8	18.55	12246430
2020-09-08	18.58	18.62	18.33	18.51	7462540
2020-09-09	18.4	18.62	18.19	18.62	7530830
2020-09-10	18.73	18.87	18.37	18.51	7621490
2020-09-11	18.51	18.51	17.87	18.05	9431330
2020-09-14	18.12	18.48	18.01	18.08	9535520
2020-09-15	18.08	18.23	17.97	18.12	7104540
2020-09-16	18.15	18.19	17.76	17.87	8915200
2020-09-17	17.9	17.9	17.44	17.44	9341530
2020-09-18	17.51	17.58	17.22	17.22	8336570
2020-09-21	17.3	17.55	17.26	17.55	5914580
2020-09-22	17.55	17.97	17.37	17.8	8391970
2020-09-23	17.87	18.01	17.76	17.87	6284110
2020-09-24	17.83	17.83	17.37	17.44	6921640
2020-09-25	17.44	17.44	17.01	17.19	7150600
2020-09-28	17.19	17.26	16.8	16.87	6309600
2020-09-29	16.94	17.08	16.83	16.87	6138590
2020-09-30	16.9	16.9	16.72	16.9	4056310
2020-10-01	16.94	17.22	16.94	17.22	5291390
2020-10-02	17.22	17.3	16.44	16.94	5124070
2020-10-05	17.01	17.12	16.9	17.01	3046810
2020-10-06	17.12	17.22	16.9	16.94	3362410
2020-10-07	16.94	16.94	16.65	16.65	4323990
2020-10-08	16.72	16.72	16.08	16.15	5867110
2020-10-09	16.15	16.94	15.72	16.3	7724430
2020-10-12	16.37	16.72	16.08	16.15	4466010
2020-10-13	16.15	16.37	15.83	16.3	4471410
2020-10-14	16.3	16.37	15.83	15.9	6427840
2020-10-15	15.9	16.19	15.76	15.94	5922590
2020-10-16	15.97	15.97	15.54	15.62	7655700
2020-10-19	15.65	15.69	14.97	15.01	11274060
2020-10-20	14.94	14.94	14.33	14.76	10075750
2020-10-21	15.01	15.22	14.97	15.19	8699270
2020-10-22	15.22	15.33	14.76	15.33	6477700
2020-10-23	15.37	15.4	15.01	15.19	8677650
2020-10-26	15.22	15.22	14.65	14.65	7395320
2020-10-27	14.54	14.54	14.26	14.29	8071800
2020-10-28	14.12	14.15	13.54	13.58	12154400
2020-10-29	13.58	13.87	13.08	13.83	10796060
2020-10-30	13.83	13.9	13.08	13.58	8208260
2020-11-02	13.62	13.72	13.29	13.62	5662090
2020-11-03	13.58	13.79	13.47	13.72	6954480
2020-11-04	13.72	14.65	13.62	14.65	15437360
2020-11-05	14.65	14.94	14.22	14.26	11543790
2020-11-06	14.22	14.37	13.87	14.12	8998330
2020-11-09	14.12	14.37	13.97	14.26	9673420
2020-11-10	14.37	14.47	14.04	14.04	8253160
2020-11-11	14.04	14.15	13.87	13.94	7578760
2020-11-12	13.94	14.01	13.87	14.01	5135700
2020-11-13	14.08	14.51	14.01	14.29	12312710
2020-11-16	14.33	14.58	14.12	14.12	9962450
2020-11-17	14.19	14.26	14.08	14.22	7425690
2020-11-18	14.26	14.94	14.12	14.87	15541890
2020-11-19	14.9	15.19	14.72	14.72	9903000
2020-11-20	14.69	15.54	14.69	15.51	15309010
2020-11-23	15.47	15.62	15.22	15.37	8587900
2020-11-24	15.37	15.47	15.01	15.15	11343550
2020-11-25	15.22	15.22	14.94	14.94	7471980
2020-11-26	14.94	14.97	14.72	14.87	4440470
2020-11-27	15.01	15.08	14.87	14.97	4863080
2020-11-30	15.15	15.15	14.62	14.62	6438770
2020-12-01	14.4	14.62	14.26	14.47	8694430
2020-12-02	14.58	14.9	14.51	14.76	5641230
2020-12-03	14.79	15.08	14.79	14.97	5312870
2020-12-04	14.87	14.97	14.76	14.79	5250520
2020-12-07	14.87	15.19	14.69	14.9	7783790
2020-12-08	14.9	15.22	14.79	15.01	8800270
2020-12-09	15.08	15.29	15.01	15.04	7204860
2020-12-10	15.04	15.08	14.62	14.62	7341520
2020-12-11	14.65	14.87	14.47	14.87	5714950
2020-12-14	14.94	14.97	14.79	14.83	6564760
2020-12-15	14.83	15.19	14.69	14.94	9207440
2020-12-16	15.15	15.33	15.01	15.15	10529400
2020-12-17	15.15	15.26	14.79	14.79	7449510
2020-12-18	14.83	14.97	14.76	14.87	6823580
2020-12-21	14.87	14.9	14.72	14.83	8083480
2020-12-22	14.87	15.87	14.76	15.8	14694680
2020-12-23	16.08	16.87	15.87	16.87	24190880
2020-12-24	16.9	17.08	15.72	16.8	13419170
2020-12-25	16.65	16.76	16.33	16.51	10648240
2020-12-28	16.72	17.01	16.22	16.47	10181950
2020-12-29	16.47	16.72	16.33	16.55	9194050
2020-12-30	16.58	16.65	16.12	16.12	9559510
2020-12-31	16.08	16.37	16.05	16.08	6510070
2021-01-04	16.22	16.65	16.08	16.37	8319800
2021-01-05	16.3	17.01	16.22	16.8	9273300
2021-01-06	17.08	17.08	16.37	16.62	8392900
2021-01-07	16.65	16.97	16.33	16.69	7352200
2021-01-08	16.65	16.94	16.44	16.72	11064800
2021-01-11	16.9	17.76	16.87	17.72	16848700
2021-01-12	17.87	17.87	17.15	17.47	6360900
2021-01-13	17.44	17.47	16.9	17.15	11194900
2021-01-14	17.01	17.19	16.8	17.05	7796600
2021-01-15	17.15	17.47	16.97	17.05	7646900
2021-01-18	17.08	17.44	17.01	17.05	10133000
2021-01-19	17.05	17.05	15.87	15.87	9038800
2021-01-20	15.76	16.01	14.79	15.58	8159800
2021-01-21	15.9	16.3	15.54	16.3	7222700
2021-01-22	16.22	16.55	15.97	15.97	6732900
2021-01-25	15.8	16.62	15.72	16.12	5715900
2021-01-26	16.12	16.15	15.15	15.37	4954500
2021-01-27	15.22	15.69	14.65	14.97	6119400
2021-01-28	14.08	14.37	13.94	13.94	7768700
2021-01-29	13.04	14.47	13.04	14.29	5915200
2021-02-01	14.15	14.58	13.44	13.47	5168500
2021-02-02	13.72	13.79	13.33	13.69	4380300
2021-02-03	13.87	14.58	13.83	14.4	4442400
2021-02-04	14.44	15.22	14.29	14.72	5463600
2021-02-05	14.72	15.04	14.65	14.97	3594600
2021-02-08	14.9	14.97	14.12	14.37	4844700
2021-02-09	14.37	14.58	14.01	14.47	3755900
2021-02-17	14.79	15.29	14.65	15.19	4659700
2021-02-18	15.37	15.69	14.97	15.44	5539100
2021-02-19	15.22	15.65	15.15	15.62	4051800
2021-02-22	15.65	15.9	15.37	15.51	5134800
2021-02-23	15.51	15.51	15.22	15.33	6413100
2021-02-24	15.29	15.4	14.94	15.15	5347200
2021-02-25	15.26	15.29	14.9	15.01	4153000
2021-02-26	14.76	15.15	14.72	15.08	4405900
2021-03-01	15.22	16.12	15.19	16.12	9063500
2021-03-02	16.72	16.72	16.15	16.26	8888500
2021-03-03	16.3	16.51	16.15	16.26	3115600
2021-03-04	16.44	16.9	16.05	16.4	9658900
2021-03-05	16.4	16.51	15.94	16.4	5285900
2021-03-08	16.65	16.8	16.37	16.44	8213400
2021-03-09	16.37	16.69	16.12	16.44	4920400
2021-03-10	16.44	16.55	16.3	16.4	4152800
2021-03-11	16.55	16.58	16.37	16.4	4930100
2021-03-12	16.44	16.47	16.19	16.22	5001800
2021-03-15	16.33	16.33	16.05	16.15	5008700
2021-03-16	16.19	16.19	15.94	16.05	4518700
2021-03-17	16.05	16.12	15.97	16.05	4243000
2021-03-18	16.22	16.76	16.12	16.65	10223600
2021-03-19	16.65	17.12	16.65	16.94	9262400
2021-03-22	16.94	17.05	16.62	16.69	4384300
2021-03-23	16.65	16.65	16.19	16.4	6880600
2021-03-24	16.15	16.3	15.72	15.94	6324100
2021-03-25	16.08	16.08	15.58	15.72	4933600
2021-03-26	15.51	16.22	15.01	15.97	6600100
2021-03-29	16.15	16.65	15.97	16.65	7748600
2021-03-30	16.58	17.58	16.58	17.15	19405700
2021-03-31	17.15	17.44	16.9	17.01	5600100
2021-04-01	17.15	17.33	16.97	17.19	5473000
2021-04-02	17.37	17.37	17.08	17.22	5104300
2021-04-05	17.47	17.51	17.12	17.37	6153000
2021-04-06	17.37	18.58	17.22	18.23	14904700
2021-04-07	18.37	19.48	18.33	19.48	14686600
2021-04-08	20.01	20.69	19.94	20.37	10628200
2021-04-09	20.05	20.33	19.44	19.73	8558700
2021-04-12	19.65	20.37	19.44	20.19	9996300
2021-04-13	20.51	20.51	19.44	19.55	6519300
2021-04-14	19.23	20.01	19.08	19.9	6586900
2021-04-15	19.87	19.87	19.08	19.12	7085000
2021-04-16	18.94	19.37	17.87	18.51	7473900
2021-04-19	18.58	18.98	18.08	18.94	5612800
2021-04-20	18.94	19.05	18.3	18.3	3832900
2021-04-22	18.08	18.94	17.87	17.94	3868000
2021-04-23	18.01	18.9	17.72	18.76	5147500
2021-04-26	18.87	19.23	18.23	18.44	6770700
2021-04-27	18.44	18.58	18.23	18.55	2536500
2021-04-28	18.55	19.15	18.33	18.9	5767200
2021-04-29	19.15	19.58	19.01	19.01	4862100
2021-05-04	18.58	18.9	18.44	18.87	3957200
2021-05-05	19.01	19.58	18.76	19.08	4827100
2021-05-06	19.15	19.4	18.94	18.98	5643400
2021-05-07	19.05	19.26	18.44	18.58	4958000
2021-05-10	18.3	18.58	18.15	18.4	4969800
2021-05-11	18.37	18.87	18.01	18.69	6628600
2021-05-12	18.69	18.87	18.48	18.76	2896100
2021-05-13	18.73	18.73	18.44	18.44	4655100
2021-05-14	18.58	18.65	18.33	18.33	3639000
2021-05-17	18.55	18.55	17.87	17.94	4203400
2021-05-18	17.94	18.23	17.65	17.72	4385700
2021-05-19	17.8	17.87	17.33	17.51	4384400
2021-05-20	17.58	17.72	17.44	17.44	3367100
2021-05-21	17.44	18.23	17.44	18.05	4098500
2021-05-24	18.58	18.9	18.3	18.73	5501500
2021-05-25	18.9	19.19	18.69	18.73	5280200
2021-05-26	18.94	19.19	18.8	18.9	5450100
2021-05-27	18.94	19.44	18.73	19.23	6015400
2021-05-28	19.3	19.44	19.01	19.19	4459800
2021-05-31	19.23	19.26	18.73	18.98	4854100
2021-06-01	18.98	19.15	18.73	18.76	5778900
2021-06-02	18.76	18.76	18.37	18.65	9097000
2021-06-03	19.94	19.94	19.94	19.94	644000
2021-06-04	21.33	21.33	21.33	21.33	2071800
2021-06-07	22.23	22.59	21.24	21.6	13939800
2021-06-08	21.51	21.87	20.17	20.35	4954700
2021-06-09	20.35	20.7	19.99	20.17	7157100
2021-06-10	20.17	20.26	19.63	19.72	6660600
2021-06-11	19.72	21.06	19.72	20.35	8733500
2021-06-14	20.7	20.7	20.17	20.26	5406700
2021-06-15	20.53	20.88	20.3	20.53	3943400
2021-06-16	20.44	20.57	19.81	20.17	4546600
2021-06-17	19.99	20.57	19.9	20.35	3821400
2021-06-18	20.44	21.24	20.44	20.61	8741700
2021-06-21	20.79	20.79	20.08	20.21	6401000
2021-06-22	20.39	20.61	20.12	20.26	6289900
2021-06-23	20.26	20.53	20.08	20.12	2698900
2021-06-24	20.08	20.3	19.63	19.67	4730200
2021-06-25	19.63	19.67	19.05	19.23	8203300
2021-06-28	19.45	20.08	19.36	19.94	7830700
2021-06-29	19.99	20.39	19.76	19.81	4506400
2021-06-30	19.81	19.99	19.67	19.72	3284100
2021-07-01	19.72	19.94	19.67	19.81	4969500
2021-07-02	20.03	20.44	19.81	20.44	6878100
2021-07-05	20.44	21.6	19.72	21.15	10724800
2021-07-06	21.15	21.15	20.35	20.35	7333300
2021-07-07	20.17	20.61	19.45	20.61	9093800
2021-07-08	20.61	20.93	20.39	20.61	9922000
2021-07-09	20.57	20.84	19.72	20.35	7391600
2021-07-12	19.9	20.35	18.96	19.85	11143600
2021-07-13	19.94	19.99	19.09	19.67	4933800
2021-07-14	19.32	19.54	18.78	18.91	6406700
2021-07-15	18.64	19.94	18.64	19.94	4382400
2021-07-16	19.94	20.17	19.58	19.67	3141500
2021-07-19	18.82	19.36	18.37	18.73	5418100
2021-07-20	18.73	19.36	18.19	19.36	3471100
2021-07-21	19.27	19.4	18.96	19.0	2859800
2021-07-22	19.0	19.4	18.91	19.18	3475400
2021-07-23	19.14	19.63	19.05	19.14	2806300
2021-07-26	18.82	19.45	18.82	19.32	1901800
2021-07-27	19.36	20.17	19.36	19.81	4487700
2021-07-28	19.72	20.12	19.72	19.76	1906900
2021-07-29	19.9	19.9	19.67	19.76	2214400
2021-07-30	19.76	20.44	19.58	20.35	5259600
2021-08-02	20.39	20.7	20.03	20.08	4733800
2021-08-03	20.08	20.26	19.81	20.17	2513000
2021-08-04	20.17	20.26	19.94	20.17	3274100
2021-08-05	20.08	20.53	20.08	20.35	3508700
2021-08-06	20.44	20.48	20.08	20.08	3862300
2021-08-09	19.99	21.24	19.9	21.06	11953300
2021-08-10	21.24	22.18	21.24	22.05	14976400
2021-08-11	22.14	22.59	21.69	22.05	9760100
2021-08-12	21.65	22.36	21.6	21.6	6771500
2021-08-13	21.6	21.74	20.7	21.15	9019400
2021-08-16	21.33	21.91	21.24	21.47	7965500
2021-08-17	21.56	21.78	21.24	21.29	6313700
2021-08-18	20.93	21.24	20.7	20.88	12145200
2021-08-19	20.7	21.38	20.7	21.15	10392600
2021-08-20	21.15	22.41	21.15	21.51	28580200
2021-08-23	21.69	22.23	21.42	21.51	10548100
2021-08-24	21.29	21.74	20.26	20.26	11480200
2021-08-25	20.35	20.57	19.85	20.21	8819600
2021-08-26	20.35	21.06	20.26	20.44	9259300
2021-08-27	20.44	21.33	20.39	21.33	14892700
2021-08-30	21.6	21.91	21.24	21.24	9478800
2021-08-31	21.38	21.78	21.24	21.65	12148600
2021-09-01	21.51	22.27	21.47	21.74	9285000
2021-09-06	21.96	23.21	21.82	23.21	19369500
2021-09-07	23.39	23.84	22.54	22.68	14586000
2021-09-08	22.68	23.17	22.36	22.68	9477200
2021-09-09	23.12	23.53	22.77	23.12	8891200
2021-09-10	23.08	23.39	22.77	22.81	6077900
2021-09-13	22.86	22.9	21.87	21.87	11580100
2021-09-14	21.69	22.0	21.33	21.33	10390800
2021-09-15	21.33	21.78	21.33	21.51	4628500
2021-09-16	21.69	22.14	21.56	21.82	3458900
2021-09-17	21.82	22.23	21.69	21.96	4863000
2021-09-20	22.05	22.5	21.51	21.51	7045500
2021-09-21	21.15	21.69	21.06	21.38	7141600
2021-09-22	21.51	21.69	21.38	21.6	4247000
2021-09-23	21.87	22.09	21.33	21.33	4473800
2021-09-24	21.42	21.51	21.06	21.15	5032200
2021-09-27	21.2	21.38	20.61	20.61	7581700
2021-09-28	20.44	21.06	20.17	21.06	4255000
2021-09-29	21.06	21.06	20.53	20.7	3102900
2021-09-30	20.88	21.24	20.57	20.7	2548000
2021-10-01	20.7	21.06	20.61	20.61	4494700
2021-10-04	20.66	21.06	20.57	20.7	4229400
2021-10-05	20.79	21.06	20.75	20.88	4140700
2021-10-06	21.06	21.69	21.06	21.15	5113000
2021-10-07	21.38	21.87	21.33	21.82	6808100
2021-10-08	21.87	22.05	21.42	21.51	5826400
2021-10-11	21.69	21.91	21.51	21.65	3152200
2021-10-12	21.74	22.0	21.42	21.82	6392400
2021-10-13	21.78	22.0	21.56	21.6	2706000
2021-10-14	21.69	21.91	21.6	21.65	5545700
2021-10-15	21.82	22.14	21.6	21.96	7883000
2021-10-18	22.14	22.27	21.78	21.91	4320000
2021-10-19	21.91	21.96	21.51	21.51	4694500
2021-10-20	21.6	21.78	21.11	21.38	5623500
2021-10-21	21.51	21.69	21.24	21.42	5223500
2021-10-22	21.51	22.18	21.42	22.0	8163500
2021-10-25	22.27	23.12	22.05	22.68	14215900
2021-10-26	22.72	22.77	22.36	22.59	5301500
2021-10-27	22.68	22.9	22.45	22.9	7983200
2021-10-28	23.03	23.66	22.99	23.57	10799800
2021-10-29	23.71	25.19	23.66	25.05	18226900
2021-11-01	25.1	25.9	25.05	25.37	13840700
2021-11-02	25.32	26.71	25.28	26.49	14426600
2021-11-03	26.8	26.98	25.54	25.9	18684800
2021-11-04	25.99	27.7	25.77	27.7	19024800
2021-11-05	28.68	29.31	28.23	28.86	14883500
2021-11-08	29.22	30.88	29.13	30.88	17222400
2021-11-09	32.89	32.89	30.83	31.73	24205800
2021-11-10	31.73	33.92	31.24	33.92	18569200
2021-11-11	34.78	35.76	34.06	34.33	17171300
2021-11-12	34.33	36.3	33.16	36.3	19096700
2021-11-15	36.7	38.81	36.57	38.81	21821800
2021-11-16	39.26	39.53	37.64	38.54	16003000
2021-11-17	38.68	41.23	37.73	41.14	17592800
2021-11-18	41.77	44.01	41.23	44.01	16307100
2021-11-19	44.73	46.34	41.27	45.71	23721800
2021-11-22	45.89	45.89	42.53	42.53	21805500
2021-11-23	39.57	40.78	39.57	39.57	21305700
2021-11-24	39.89	41.23	38.54	39.89	17643700
2021-11-25	40.33	42.66	39.44	42.66	12358200
2021-11-26	43.47	44.19	40.33	41.32	20674400
2021-11-29	39.57	42.6	39.57	41.33	13971500
2021-11-30	41.82	44.21	40.35	43.87	24213100
2021-12-01	43.96	45.33	42.89	44.8	14349300
2021-12-02	44.94	45.14	42.99	42.99	14390100
2021-12-03	42.99	42.99	40.01	40.01	27724100
2021-12-06	39.57	39.86	37.22	37.22	10686600
2021-12-07	36.54	38.01	34.63	37.47	16687500
2021-12-08	37.81	37.81	36.15	36.15	6539000
2021-12-09	36.15	38.25	36.15	38.1	9833500
2021-12-10	38.3	38.59	37.17	37.81	9111000
2021-12-13	38.1	39.86	37.81	39.37	10533100
2021-12-14	39.57	41.42	38.69	40.59	19122600
2021-12-15	40.79	41.57	39.23	39.72	13210800
2021-12-16	39.91	40.15	38.88	39.08	10933700
2021-12-17	39.28	40.99	38.64	40.01	17271200
2021-12-20	40.15	40.64	38.2	38.98	14852000
2021-12-21	39.13	39.13	37.22	37.61	16327800
2021-12-22	37.47	37.52	35.71	36.05	15596600
2021-12-23	36.44	36.49	33.71	33.71	16123700
2021-12-24	33.8	36.05	33.8	36.05	13503500
2021-12-27	36.74	38.25	36.05	38.1	12225500
2021-12-28	38.2	39.42	37.61	38.3	15147200
2021-12-29	37.91	38.44	36.15	36.15	10634100
2021-12-30	36.74	37.52	36.25	37.13	5833800
2021-12-31	37.37	39.72	37.17	39.72	25614700
2022-01-04	41.13	42.45	41.13	42.45	26358000
2022-01-05	42.99	45.24	42.4	42.45	35011300
2022-01-06	42.01	45.38	41.62	45.38	36471500
2022-01-07	46.31	48.56	45.63	47.87	29087800
2022-01-10	48.56	50.71	46.9	46.9	25267600
2022-01-11	47.09	49.24	45.92	48.21	31372000
2022-01-12	47.58	48.46	44.84	44.84	27589500
2022-01-13	44.89	45.48	41.72	41.72	16407200
2022-01-14	38.84	43.23	38.84	43.09	42602600
2022-01-17	43.48	43.77	40.11	40.11	20171700
2022-01-18	37.42	38.88	37.32	37.32	22936100
2022-01-19	36.15	37.91	35.27	36.25	17710800
2022-01-20	37.13	38.74	36.64	38.69	17691800
2022-01-21	39.08	39.37	37.37	37.47	16300300
2022-01-24	36.74	37.42	34.88	34.88	20880000
2022-01-25	32.63	35.37	32.63	35.37	19351500
2022-01-26	35.61	36.05	33.32	34.2	12453600
2022-01-27	34.2	34.98	33.71	34.44	7154000
2022-01-28	34.73	34.98	32.83	34.59	8562600
2022-02-07	35.47	36.98	35.27	36.2	10315500
2022-02-08	36.25	37.08	35.71	36.2	8217500
2022-02-09	36.2	38.35	35.95	37.71	11847700
2022-02-10	37.86	38.05	36.69	36.83	9458800
2022-02-11	36.88	37.37	36.44	36.54	7180700
2022-02-14	35.66	36.15	34.68	34.68	15026000
2022-02-15	35.42	36.15	34.68	36.1	9072400
2022-02-16	36.64	38.4	36.54	38.1	19376100
2022-02-17	38.1	39.52	37.61	39.37	19486900
2022-02-18	38.59	40.3	38.44	39.32	17029800
2022-02-21	39.57	40.5	38.93	39.37	15534100
2022-02-22	38.2	38.98	37.13	38.35	21189900
2022-02-23	39.08	39.42	38.1	38.44	10566000
2022-02-24	38.1	39.47	36.15	38.44	20835800
2022-02-25	38.88	40.99	38.79	40.15	27912400
2022-02-28	40.15	40.99	39.76	40.15	14320700
2022-03-01	40.94	40.94	40.15	40.15	13224800
2022-03-02	39.81	40.35	38.64	39.08	22831700
2022-03-03	39.42	40.55	39.13	40.45	14224000
2022-03-04	40.74	41.91	40.64	40.69	14549100
2022-03-07	40.25	41.03	39.76	40.2	13032000
2022-03-08	40.25	41.03	38.1	38.1	23652700
2022-03-09	38.59	39.08	36.93	39.08	21111600
2022-03-10	39.37	39.76	38.59	38.59	9049900
2022-03-11	38.49	38.54	36.64	37.08	14879100
2022-03-14	36.69	37.42	35.71	35.95	14716800
2022-03-15	36.15	37.27	35.76	36.98	10774500
2022-03-16	37.22	37.96	36.98	37.42	8235100
2022-03-17	37.61	37.91	37.13	37.22	7161600
2022-03-18	37.27	37.86	37.03	37.61	9238600
2022-03-21	37.61	38.54	37.52	38.35	10108300
2022-03-22	38.59	38.79	38.2	38.35	10052800
2022-03-23	38.2	40.35	38.15	39.18	24563200
2022-03-24	39.08	39.81	38.88	38.98	12503700
2022-03-25	39.13	39.28	38.59	38.59	10838200
2022-03-28	37.96	38.64	36.93	37.61	16288800
2022-03-29	37.71	38.59	37.71	38.2	8330900
2022-03-30	37.91	38.64	36.69	37.27	13739000
2022-03-31	37.52	38.93	37.32	37.86	12893200
2022-04-01	38.1	38.54	37.91	38.4	8767200
2022-04-04	38.88	40.35	38.44	39.91	29702400
2022-04-05	39.76	40.5	39.08	39.08	13993600
2022-04-06	36.54	38.35	36.34	36.54	47665300
2022-04-07	36.93	37.42	34.78	35.76	26794400
2022-04-08	35.27	36.05	33.27	33.27	30354100
2022-04-12	34.15	34.68	33.07	33.07	14124600
2022-04-13	33.71	35.37	32.73	35.37	14256500
2022-04-14	35.66	35.95	34.93	35.17	10455600
2022-04-15	35.17	35.17	32.78	33.17	19012000
2022-04-18	32.34	33.02	30.87	31.07	20416700
2022-04-19	31.36	32.63	28.92	29.07	17439300
2022-04-20	28.43	29.75	27.06	27.06	23643600
2022-04-21	25.7	28.63	25.7	28.33	20350700
2022-04-22	28.82	29.7	26.92	28.82	11333000
2022-04-25	29.21	29.21	26.82	26.82	11985400
2022-04-26	26.28	27.36	24.96	27.36	15173200
2022-04-27	27.36	27.89	26.18	27.55	12419200
2022-04-28	27.45	28.04	26.72	26.72	8502500
2022-04-29	26.72	27.94	26.57	27.55	14066000
2022-05-04	27.36	28.04	26.97	27.31	9847200
2022-05-05	27.6	28.67	27.26	27.84	17069200
2022-05-06	26.38	27.11	25.94	25.94	16471200
2022-05-09	24.62	25.11	24.13	24.13	10157200
2022-05-10	22.47	23.94	22.47	23.45	22456500
2022-05-11	23.45	23.94	22.47	23.25	8121400
2022-05-12	22.86	23.64	21.64	21.64	9752900
2022-05-13	20.61	21.59	20.13	20.13	15889100
2022-05-16	21.01	21.25	18.76	19.25	18080200
2022-05-17	18.86	20.57	18.76	20.57	11989400
2022-05-18	21.2	21.79	20.61	21.4	11690500
2022-05-19	20.52	21.98	20.42	21.49	11783700
2022-05-20	21.88	22.76	21.49	21.88	13138400
2022-05-23	22.32	22.32	20.37	20.52	10097600
2022-05-24	20.42	21.2	19.59	21.2	8417300
2022-05-25	21.49	22.67	21.45	22.67	15774500
2022-05-26	23.25	23.64	22.81	23.06	11808800
2022-05-27	23.01	23.35	22.76	22.96	8157800
2022-05-30	22.96	23.64	22.76	23.45	9874400
2022-05-31	23.25	23.5	22.86	23.2	9621000
2022-06-01	23.15	23.3	22.08	22.86	11571100
2022-06-02	23.06	23.06	21.74	21.88	9623100
2022-06-03	21.59	22.23	21.2	21.59	9657100
2022-06-06	21.59	22.08	21.05	21.1	8928700
2022-06-07	21.01	22.47	20.57	22.32	10901100
2022-06-08	22.81	23.45	22.42	22.86	12305800
2022-06-09	22.86	23.25	22.67	22.96	6916300
2022-06-10	22.67	24.42	22.47	23.45	21404500
2022-06-13	22.52	24.13	22.32	22.32	14976200
2022-06-14	22.32	23.06	22.08	22.57	8081600
2022-06-15	22.57	22.91	21.01	21.01	13077800
2022-06-16	21.69	21.88	20.52	20.52	8014500
2022-06-17	19.74	20.27	19.1	19.1	19771400
2022-06-20	19.15	19.74	17.78	17.78	11853000
2022-06-21	17.1	17.93	16.56	16.8	15469500
2022-06-22	17.39	17.98	17.29	17.98	8453800
2022-06-23	18.32	18.9	18.12	18.76	5926600
2022-06-24	19.05	19.2	18.56	18.56	6014800
2022-06-27	18.76	19.83	18.61	19.83	10281400
2022-06-28	19.93	20.91	19.59	20.42	9852500
2022-06-29	20.03	20.61	19.88	19.98	6118600
2022-06-30	20.03	20.47	19.1	19.1	10318800
2022-07-01	19.05	19.54	18.17	19.39	8454200
2022-07-04	19.54	20.32	19.54	20.03	5891700
2022-07-05	20.03	20.18	19.3	19.44	4831300
2022-07-06	19.05	19.39	18.42	18.47	5813300
2022-07-07	18.56	18.86	18.17	18.61	3818500
2022-07-08	18.81	19.78	18.81	19.25	5326800
2022-07-11	19.25	20.32	19.25	20.03	10908000
2022-07-12	20.03	21.4	20.03	21.2	10202000
2022-07-13	21.4	21.5	20.85	20.85	7476700
2022-07-14	20.6	21.5	20.55	21.5	8417700
2022-07-15	21.5	21.85	21.1	21.1	9042400
2022-07-18	21.55	21.55	21.0	21.05	5153100
2022-07-19	20.95	21.5	20.5	21.4	5408100
2022-07-20	21.65	22.65	21.65	22.25	11472700
2022-07-21	22.15	22.9	22.0	22.25	7494300
2022-07-22	22.4	23.25	22.25	22.7	9357000
2022-07-25	22.7	23.2	22.35	22.4	8580100
2022-07-26	22.7	22.75	21.4	21.5	9658900
2022-07-27	21.2	22.2	20.95	22.0	7792300
2022-07-28	22.7	22.95	22.35	22.35	6787800
2022-07-29	22.4	23.4	22.2	23.0	12788600
2022-08-01	22.9	24.0	22.7	23.8	11904000
2022-08-02	23.7	24.35	23.4	23.7	11504600
2022-08-03	23.3	24.2	23.3	23.85	8982400
2022-08-04	24.15	24.15	23.2	23.2	11501500
2022-08-05	23.05	23.75	22.85	23.55	11702500
2022-08-08	23.6	24.9	23.6	24.5	13157800
2022-08-09	24.5	24.55	24.1	24.2	7064300
2022-08-10	24.2	24.95	23.85	24.3	11289800
2022-08-11	24.55	24.65	23.5	23.6	13301300
2022-08-12	23.7	24.6	23.55	24.5	9851700
2022-08-15	24.75	25.2	24.65	24.65	9563900
2022-08-16	24.7	24.75	24.3	24.4	6821900
2022-08-17	24.35	24.85	24.1	24.4	9613400
2022-08-18	24.25	24.4	23.95	24.0	7320300
2022-08-19	24.05	24.45	23.75	23.9	8179600
2022-08-22	23.65	24.35	23.65	23.75	7778000
2022-08-23	23.55	24.55	23.55	24.55	9873700
2022-08-24	24.6	25.9	24.55	25.55	22266300
2022-08-25	25.55	26.2	25.4	25.5	7679300
2022-08-26	25.6	25.65	24.8	25.0	10914500
2022-08-29	24.25	24.5	23.5	24.5	16812300
2022-08-30	24.75	25.2	24.3	24.3	7582100
2022-08-31	24.1	24.75	24.1	24.25	6129600
2022-09-05	24.2	24.65	24.2	24.35	5040000
2022-09-06	24.45	25.4	24.45	25.0	15306700
2022-09-07	25.0	25.35	23.8	23.8	16856500
2022-09-08	23.95	24.2	22.6	22.6	12113700
2022-09-09	22.9	23.45	22.1	23.45	10570000
2022-09-12	23.5	23.65	22.9	22.95	6307461
2022-09-13	23.05	23.15	22.55	23.1	5226300
2022-09-14	22.6	23.15	22.45	22.95	6525500
2022-09-15	23.2	23.4	23.0	23.0	3957800
2022-09-16	23.0	23.1	22.1	22.1	9593800
2022-09-19	22.1	22.1	20.6	20.6	10441200
2022-09-20	20.9	21.2	19.9	21.0	6824600
2022-09-21	20.8	21.25	20.4	20.75	4971000
2022-09-22	20.45	21.3	20.3	21.2	5870200
2022-09-23	21.05	21.55	21.0	21.0	4941300
2022-09-26	20.5	20.55	19.55	19.55	13591400
2022-09-27	19.55	19.95	19.5	19.5	4472200
2022-09-28	19.45	19.7	18.8	18.8	5702386
2022-09-29	19.4	19.4	18.2	18.2	5849209
2022-09-30	18.1	19.0	17.0	19.0	11817094
2022-10-03	18.7	18.8	17.7	17.7	6937286
2022-10-04	18.1	18.1	16.7	16.8	7506713
2022-10-05	17.35	17.7	17.0	17.6	7991460
2022-10-06	17.65	17.65	16.4	16.4	8267472
2022-10-07	15.9	16.0	15.3	15.3	16767035
2022-10-10	15.0	15.55	14.25	14.8	12446747
2022-10-11	14.85	14.85	13.8	13.8	8079464
2022-10-12	13.1	14.55	13.1	14.0	9549290
2022-10-13	14.1	14.35	13.7	14.05	7342527
2022-10-14	14.45	15.0	14.4	15.0	15772761
2022-10-17	15.0	15.4	14.6	15.15	8624191
2022-10-18	15.5	15.85	14.95	15.0	12078319
2022-10-19	15.05	15.35	14.55	14.6	7823228
2022-10-20	14.5	14.7	13.9	14.15	9640622
2022-10-21	14.15	14.25	13.2	13.2	12727642
2022-10-24	13.0	13.3	12.3	12.3	10663941
2022-10-25	11.7	12.7	11.45	11.75	20215724
2022-10-26	11.85	12.2	11.25	11.75	6303039
2022-10-27	12.1	12.55	11.9	12.55	12158454
2022-10-28	12.8	13.4	12.7	12.8	16389579
2022-10-31	13.0	13.45	12.4	13.4	12351425
2022-11-01	13.75	13.8	13.25	13.4	11211208
2022-11-02	13.4	13.55	13.0	13.0	10601836
2022-11-03	12.75	13.3	12.75	13.0	6088219
2022-11-04	12.9	12.95	12.1	12.1	16915113
2022-11-07	12.1	12.1	11.3	11.3	15667144
2022-11-08	10.75	11.8	10.75	11.7	8948862
2022-11-09	11.9	12.3	11.6	11.8	6902155
2022-11-10	11.4	11.6	11.0	11.0	12675543
2022-11-11	11.3	11.75	10.95	11.5	18901238
2022-11-14	11.4	12.0	10.95	11.6	12659253
2022-11-15	11.2	11.7	10.8	11.55	17854056
2022-11-16	10.85	12.35	10.75	12.35	15011806
2022-11-17	12.5	13.0	12.3	12.7	13579953
2022-11-18	12.5	13.3	12.0	13.15	21224787
2022-11-21	13.3	13.55	13.05	13.3	9649903
2022-11-22	13.2	14.0	12.6	12.65	24538207
2022-11-23	12.6	13.05	12.3	12.3	10444726
2022-11-24	12.1	12.55	11.85	12.55	10298722
2022-11-25	12.9	13.35	12.6	13.35	13932542
2022-11-28	13.6	14.25	13.5	14.25	22183283
2022-11-29	14.4	15.05	13.8	14.7	23101973
2022-11-30	14.6	15.15	14.25	14.95	16105988
2022-12-01	15.2	15.65	14.0	14.2	21559311
2022-12-02	14.0	15.15	13.9	15.15	15130301
2022-12-05	15.75	16.2	15.35	16.2	21411193
2022-12-06	16.15	16.85	15.5	15.5	22521536
2022-12-07	15.45	15.9	15.1	15.35	12457065
2022-12-08	15.75	16.4	15.6	16.0	15486786
2022-12-09	16.05	16.15	15.55	16.0	9564014
2022-12-12	15.8	17.1	15.6	15.6	23161457
2022-12-13	15.75	15.95	15.2	15.9	11301011
2022-12-14	16.5	16.5	15.65	15.65	13746803
2022-12-15	15.6	15.85	15.35	15.8	10630706
2022-12-16	15.6	16.65	15.45	16.35	23790907
2022-12-19	16.3	16.55	15.4	15.4	18236251
2022-12-20	15.35	15.5	14.35	14.35	26840321
2022-12-21	14.5	14.5	13.35	13.35	22632237
2022-12-22	13.5	13.65	12.6	13.55	18687536
2022-12-23	13.55	14.15	13.35	13.85	16698640
2022-12-26	13.95	13.95	12.9	12.9	11655197
2022-12-27	12.5	13.15	12.0	13.1	29266672
2022-12-28	13.1	13.4	12.75	13.15	13087981
2022-12-29	13.0	13.3	12.7	12.7	8827026
2022-12-30	12.8	12.85	12.4	12.4	8864485
2023-01-03	12.45	13.25	12.45	13.25	12430805
2023-01-04	13.45	13.7	13.15	13.15	17018058
2023-01-05	13.25	13.65	13.15	13.55	18319976
2023-01-06	13.5	13.7	12.9	13.1	15931750
2023-01-09	13.2	13.35	12.9	12.9	8592089
2023-01-10	12.9	13.2	12.5	13.15	11527057
2023-01-11	13.2	13.6	13.15	13.15	11510488
2023-01-12	13.2	13.3	13.05	13.3	7512677
2023-01-13	13.4	14.0	13.35	13.7	26787752
2023-01-16	13.8	13.8	13.45	13.6	9739904
2023-01-17	13.7	14.0	13.55	14.0	14530054
2023-01-18	14.2	14.45	13.9	14.35	14449297
2023-01-19	14.25	14.45	14.1	14.4	12284403
2023-01-27	14.7	15.0	14.4	14.7	11712048
2023-01-30	14.6	14.9	14.25	14.25	19220616
2023-01-31	14.2	14.65	14.1	14.65	13731366
2023-02-01	14.75	14.85	13.65	13.75	20151452
2023-02-02	13.75	13.95	13.4	13.55	12775327
2023-02-03	13.65	13.9	13.4	13.6	7049158
2023-02-06	13.6	13.85	13.45	13.8	7031579
2023-02-07	13.8	14.2	13.6	13.6	14960626
2023-02-08	13.7	13.95	13.45	13.65	6793391
2023-02-09	13.65	13.95	13.6	13.65	5043125
2023-02-10	13.65	13.95	13.5	13.65	10140670
2023-02-13	13.55	13.6	12.7	12.8	17031227
2023-02-14	12.8	12.9	12.4	12.5	9091614
2023-02-15	12.55	12.9	12.5	12.8	6326833
2023-02-16	12.9	13.1	12.8	13.05	5589224
2023-02-17	13.0	13.15	12.8	12.9	5692859
2023-02-20	12.9	13.55	12.9	13.55	11553926
2023-02-21	13.7	13.75	13.25	13.25	11607521
2023-02-22	12.6	12.95	12.5	12.5	21344859
2023-02-23	12.5	12.6	11.7	12.5	16072717
2023-02-24	12.5	12.5	12.0	12.0	6611395
2023-02-27	11.8	12.1	11.5	11.5	8083347
2023-02-28	11.7	11.9	11.5	11.5	4030538
2023-03-01	11.5	11.75	11.25	11.75	6258477
2023-03-02	11.8	11.95	11.7	11.75	3045237
2023-03-03	11.8	11.9	11.5	11.5	3684859
2023-03-06	11.8	12.0	11.55	11.6	7896561
2023-03-07	11.7	11.75	11.55	11.7	3411230
2023-03-08	11.7	11.9	11.55	11.9	5488796
2023-03-09	12.05	12.65	12.0	12.5	13378454
2023-03-10	12.35	12.6	12.3	12.4	7189974
2023-03-13	12.15	12.4	12.1	12.3	6646075
2023-03-14	12.3	12.35	11.85	11.9	9525232
2023-03-15	12.3	12.5	12.05	12.45	8661541
2023-03-16	12.3	12.35	12.0	12.1	8585426
2023-03-17	12.4	12.4	12.05	12.35	8173373
2023-03-20	12.3	12.3	11.85	11.85	5629649
2023-03-21	12.0	12.2	11.85	12.15	4073550
2023-03-22	12.25	12.3	12.0	12.0	4793673
2023-03-23	11.9	12.15	11.9	12.15	3988534
2023-03-24	12.25	12.4	12.15	12.3	6708452
2023-03-27	12.35	12.55	12.3	12.55	8956389
2023-03-28	12.65	12.75	12.5	12.5	9018472
2023-03-29	12.55	12.6	12.35	12.5	6167161
2023-03-30	12.6	12.65	12.35	12.35	9111412
2023-03-31	12.35	12.4	12.2	12.4	7850414
2023-04-03	12.6	13.25	12.55	13.15	19253268
2023-04-04	13.2	13.2	12.95	13.15	8772956
2023-04-05	13.1	13.6	13.1	13.4	12530462
2023-04-06	13.5	13.7	13.0	13.0	14551057
2023-04-07	13.0	13.2	12.8	13.1	9379932
2023-04-10	13.25	13.55	13.0	13.1	11377542
2023-04-11	13.05	13.3	12.9	13.3	8653148
2023-04-12	13.4	13.75	13.3	13.45	19963516
2023-04-13	13.5	13.65	13.2	13.25	8991462
2023-04-14	13.25	13.4	12.65	12.65	13577378
2023-04-17	12.75	12.9	12.65	12.8	4484242
2023-04-18	12.9	13.05	12.75	13.05	5323655
2023-04-19	13.15	13.15	12.75	12.8	5834639
2023-04-20	12.75	12.95	12.7	12.85	3096365
2023-04-21	12.8	12.95	12.6	12.7	4990029
2023-04-24	12.6	12.8	12.55	12.6	4349884
2023-04-25	12.7	12.9	12.55	12.6	5080192
2023-04-26	12.6	12.8	12.6	12.8	4748664
2023-04-27	12.8	13.3	12.8	13.15	11216185
2023-04-28	13.2	13.4	13.15	13.15	5729076
2023-05-04	13.15	13.5	13.0	13.4	12578315
2023-05-05	13.4	14.1	13.35	13.8	21710847
2023-05-08	14.0	14.05	13.7	13.9	10615489
2023-05-09	14.0	14.0	13.7	13.9	8553392
2023-05-10	13.9	14.3	13.9	14.0	12575630
2023-05-11	14.1	14.7	13.85	14.45	23220353
2023-05-12	14.45	14.6	14.3	14.6	10393235
2023-05-15	14.65	14.65	14.0	14.0	26018129
2023-05-16	14.2	14.3	14.0	14.15	13813926
2023-05-17	14.2	14.35	13.85	13.9	13890162
2023-05-18	14.0	14.05	13.8	13.95	9004387
2023-05-19	13.95	14.2	13.9	14.15	10047913
2023-05-22	14.25	14.5	14.2	14.5	12577770
2023-05-23	14.6	14.65	14.15	14.3	12784506
2023-05-24	14.4	14.45	14.15	14.15	6828982
2023-05-25	14.15	14.5	14.0	14.35	8758420
2023-05-26	14.4	15.2	14.25	15.0	31382256
2023-05-29	15.2	15.65	15.1	15.45	20766740
2023-05-30	15.55	15.75	15.2	15.6	18102557
2023-05-31	15.7	15.7	15.4	15.45	13890546
2023-06-01	15.4	16.5	15.4	16.5	37298752
2023-06-02	16.9	17.2	16.65	17.1	24082877
2023-06-05	17.2	17.4	16.95	17.4	21993359
2023-06-06	17.25	18.15	17.0	18.0	18111036
2023-06-07	18.1	19.0	17.85	19.0	20652455
2023-06-08	19.15	20.1	17.9	17.9	45732843
2023-06-09	18.4	19.1	18.1	19.1	36816421
2023-06-12	19.65	19.7	18.8	19.5	19782841
2023-06-13	19.55	19.6	18.8	18.95	20113862
2023-06-14	19.2	19.25	18.7	18.7	20686138
2023-06-15	18.5	19.0	18.5	19.0	12035065
2023-06-16	19.3	19.5	18.8	19.1	20973601
2023-06-19	19.2	19.2	18.5	18.55	12383626
2023-06-20	18.55	19.2	18.55	19.2	13243859
2023-06-21	19.3	20.5	19.25	20.3	37343661
2023-06-22	20.75	20.75	20.15	20.6	17107201
2023-06-23	20.8	21.1	20.15	20.6	23966514
2023-06-26	20.55	20.55	19.2	20.45	51424911
2023-06-27	20.65	20.65	19.8	19.9	22604666
2023-06-28	19.8	20.1	19.25	19.5	18006668
2023-06-29	19.6	19.6	18.6	18.6	15724279
2023-06-30	18.65	19.35	18.5	19.35	14433378
2023-07-03	19.6	19.6	19.25	19.35	6550034
2023-07-04	19.45	19.7	19.25	19.7	11849971
2023-07-05	19.8	19.9	19.1	19.1	19325500
2023-07-06	19.1	19.25	18.25	18.9	22788444
2023-07-07	18.5	18.65	17.9	18.45	25282533
2023-07-10	18.5	19.4	18.5	19.4	18095991
2023-07-11	19.6	19.6	19.15	19.15	14955433
2023-07-12	19.25	19.45	18.95	19.3	10136962
2023-07-13	19.45	20.25	19.3	20.2	38091102
2023-07-14	20.45	20.6	19.85	20.4	24355093
2023-07-17	20.55	20.95	20.2	20.5	16352000
2023-07-18	20.5	20.65	20.0	20.55	12194582
2023-07-19	20.75	21.0	20.4	20.4	16432043
2023-07-20	20.35	20.85	20.05	20.75	13356479
2023-07-21	21.05	21.7	21.0	21.35	19621884
2023-07-24	21.55	22.2	21.4	22.0	23118986
2023-07-25	22.3	22.35	21.6	22.0	12963731
2023-07-26	22.0	22.8	21.75	22.7	29558848
2023-07-27	23.3	23.3	22.35	22.85	21703140
2023-07-28	22.85	22.85	22.3	22.55	16209088
2023-07-31	22.9	22.9	22.35	22.55	11473249
2023-08-01	22.6	23.3	22.1	22.6	36229703
2023-08-02	22.85	23.15	22.6	22.95	16770576
2023-08-03	22.95	23.6	22.8	23.5	18788405
2023-08-04	23.95	23.95	23.2	23.6	21824324
2023-08-07	23.8	23.8	23.3	23.4	11685909
2023-08-08	23.5	23.65	22.9	23.0	16673311
2023-08-09	22.85	23.15	22.55	22.75	16633148
2023-08-10	22.7	22.8	21.85	22.05	25476209
2023-08-11	22.05	22.4	21.9	22.4	15912537
2023-08-14	22.5	22.9	22.5	22.6	14614369
2023-08-15	22.75	23.15	22.7	23.0	12976845
2023-08-16	23.0	23.1	22.85	22.9	9883283
2023-08-17	23.0	24.25	22.9	23.65	42020627
2023-08-18	23.5	23.5	22.0	22.0	28372857
2023-08-21	21.7	21.9	20.8	21.0	18697571
2023-08-22	21.3	21.4	19.65	21.4	15973491
2023-08-23	21.65	21.95	21.2	21.45	13821691
2023-08-24	21.55	22.0	21.05	21.95	16681722
2023-08-25	21.95	22.3	21.8	21.9	13638447
2023-08-28	22.3	23.05	21.95	22.95	26505894
2023-08-29	23.2	23.6	22.75	23.0	20902751
2023-08-30	23.25	23.4	22.55	23.4	18603130
2023-08-31	23.6	24.7	23.5	24.7	36642308
2023-09-05	25.0	25.1	24.45	24.75	25826040
2023-09-06	24.85	25.0	24.3	25.0	29400441
2023-09-07	25.1	25.2	24.45	24.6	27108083
2023-09-08	24.6	25.7	24.5	25.7	37212744
2023-09-11	25.8	25.8	24.3	24.3	29573803
2023-09-12	24.55	25.25	23.9	25.25	20357598
2023-09-13	25.55	26.3	25.0	25.9	38661561
2023-09-14	25.9	25.9	24.5	24.65	31985010
2023-09-15	24.85	24.95	23.95	24.55	21803361
2023-09-18	24.4	24.5	23.4	23.55	29665340
2023-09-19	23.75	24.2	22.85	24.2	28430850
2023-09-20	24.35	24.7	24.05	24.5	19315731
2023-09-21	24.65	24.65	23.6	23.75	26256057
2023-09-22	23.1	23.2	22.1	22.1	40814560
2023-09-25	21.85	22.3	20.6	20.6	27110070
2023-09-26	20.2	21.05	19.2	19.2	29189499
2023-09-27	19.3	20.5	18.45	20.5	26201572
2023-09-28	20.45	20.95	19.9	20.95	18525133
2023-09-29	21.05	21.2	20.4	20.8	17816551
2023-10-02	20.7	21.15	20.4	20.6	10585275
2023-10-03	20.05	20.25	19.2	19.2	24735596
2023-10-04	18.5	20.2	18.3	19.7	20222079
2023-10-05	20.0	20.35	19.6	19.8	14809351
2023-10-06	19.8	20.45	19.55	20.35	11075477
2023-10-09	20.3	20.65	20.05	20.45	12227454
2023-10-10	20.7	21.15	20.55	20.7	17466317
2023-10-11	20.75	21.6	20.6	21.55	17776089
2023-10-12	21.75	21.9	21.2	21.4	14111499
2023-10-13	21.0	21.65	20.85	21.5	14684740
2023-10-16	21.6	22.4	21.45	21.7	20756638
2023-10-17	22.0	22.15	20.2	20.2	15107156
2023-10-18	20.5	20.95	19.5	20.5	23493160
2023-10-19	20.3	20.65	19.5	19.9	15726226
2023-10-20	19.8	20.95	19.6	20.95	11814157
2023-10-23	20.85	21.2	20.35	20.65	13235379
2023-10-24	20.9	21.45	20.3	21.45	14003149
2023-10-25	21.6	21.75	20.85	20.85	11429224
2023-10-26	20.3	20.45	19.4	19.4	31582513
2023-10-27	19.75	20.05	18.7	19.9	8930851
2023-10-30	19.5	19.85	18.55	18.55	9729038
2023-10-31	18.8	18.95	17.3	17.3	21050629
2023-11-01	17.4	18.2	16.85	18.05	10836421
2023-11-02	18.45	19.3	18.3	19.3	14155065
2023-11-03	19.65	19.7	18.85	19.0	14628053
2023-11-06	19.35	19.9	18.95	19.85	15558264
2023-11-07	19.6	19.85	19.4	19.55	9980439
2023-11-08	19.4	20.9	19.4	20.9	27367122
2023-11-09	21.2	22.1	21.1	21.4	30259971
2023-11-10	21.2	22.5	21.15	21.85	35858029
2023-11-13	22.3	22.5	21.55	22.0	20507153
2023-11-14	22.35	22.65	21.95	22.15	21836511
2023-11-15	22.8	22.85	22.1	22.2	18795043
2023-11-16	22.1	22.4	21.85	22.4	12627726
2023-11-17	22.55	22.8	21.6	21.6	24556985
2023-11-20	20.8	22.0	20.8	21.9	21363910
2023-11-21	22.2	22.3	21.9	22.3	11894999
2023-11-22	22.4	23.2	22.3	23.15	42811650
2023-11-23	23.2	23.3	21.55	21.55	27256128
2023-11-24	21.8	22.0	20.9	21.8	24646262
2023-11-27	21.9	21.9	21.2	21.2	9832339
2023-11-28	21.1	21.7	20.65	21.5	15728721
2023-11-29	21.6	21.9	21.55	21.9	12977962
2023-11-30	21.9	22.3	21.5	21.5	14998833
2023-12-01	21.75	21.85	21.35	21.8	10003975
2023-12-04	22.3	23.3	22.1	23.3	40466382
2023-12-05	23.4	23.9	23.3	23.55	28048313
2023-12-06	23.65	24.0	23.45	23.95	18437737
2023-12-07	23.95	24.0	22.6	23.4	42172459
2023-12-08	23.5	23.8	23.0	23.35	19574936
2023-12-11	23.35	23.5	22.8	23.05	13796404
2023-12-12	23.25	23.5	23.1	23.15	9773096
2023-12-13	23.3	23.5	22.7	22.7	18829884
2023-12-14	23.0	23.0	22.35	22.35	16934231
2023-12-15	22.4	22.7	22.15	22.25	15553821
2023-12-18	22.35	22.35	21.95	21.95	12676968
2023-12-19	21.95	22.4	21.8	22.4	11818219
2023-12-20	22.4	22.7	22.4	22.6	9943049
2023-12-21	22.45	22.7	22.35	22.6	8729417
2023-12-22	22.6	23.15	22.6	22.7	16002197
2023-12-25	22.75	23.3	22.7	23.2	15889046
2023-12-26	23.2	23.65	23.1	23.45	22745650
2023-12-27	23.5	23.65	23.35	23.35	19831615
2023-12-28	23.35	23.5	23.25	23.4	12522960
2023-12-29	23.5	23.6	23.3	23.6	13185299
2024-01-02	23.7	23.75	21.95	22.15	47563137
2024-01-03	22.15	22.55	22.1	22.55	15212385
2024-01-04	22.55	22.65	22.25	22.25	25879581
2024-01-05	22.35	22.4	21.85	22.15	19586477
2024-01-08	22.3	22.45	22.2	22.25	12233961
2024-01-09	22.3	22.9	22.25	22.45	18657651
2024-01-10	22.4	22.55	21.9	22.15	15562692
2024-01-11	22.2	22.35	21.9	22.1	14966174
2024-01-12	21.6	21.9	21.25	21.3	26907384
2024-01-15	21.55	21.65	21.0	21.0	9921790
2024-01-16	21.0	21.55	20.9	21.5	8433114
2024-01-17	21.7	21.85	21.45	21.55	9380363
2024-01-18	21.65	21.7	21.45	21.6	6907129
2024-01-19	21.75	22.2	21.65	21.75	13386487
2024-01-22	21.8	21.9	21.35	21.8	7801873
2024-01-23	21.85	21.95	21.55	21.55	6225887
2024-01-24	21.5	21.7	21.4	21.45	6943371
2024-01-25	21.5	21.8	21.4	21.5	5596365
2024-01-26	21.45	21.75	21.45	21.65	5438810
2024-01-29	21.7	22.1	21.65	21.75	10717689
2024-01-30	21.75	21.9	21.65	21.9	5279953
2024-01-31	21.9	22.1	21.5	21.5	13302218
2024-02-01	21.4	21.65	21.4	21.45	8499113
2024-02-02	21.45	21.8	21.4	21.4	10517023
2024-02-05	21.5	21.6	21.15	21.2	11169339
2024-02-06	21.25	21.35	21.05	21.15	9792423
2024-02-07	21.2	21.65	21.15	21.5	9321524
2024-02-15	21.75	22.25	21.65	22.0	22463696
2024-02-16	22.1	22.6	22.0	22.35	19059061
2024-02-19	22.35	22.5	22.05	22.25	15974287
2024-02-20	22.35	22.65	22.1	22.5	22529261
2024-02-21	22.65	22.65	22.3	22.4	12999893
2024-02-22	22.4	22.7	22.3	22.3	10865836
2024-02-23	22.5	22.5	21.7	21.85	19977528
2024-02-26	21.65	21.9	21.5	21.75	7907136
2024-02-27	21.75	22.25	21.7	22.0	11931283
2024-02-28	22.15	23.1	22.0	22.55	33260874
2024-02-29	22.7	22.85	22.15	22.3	17564257
2024-03-01	22.4	23.2	22.25	23.2	36714726
2024-03-04	23.6	23.6	23.1	23.15	24726434
2024-03-05	23.2	23.5	23.05	23.5	18750661
2024-03-06	23.8	23.9	22.55	22.8	37095998
2024-03-07	22.8	23.15	22.5	23.05	21923507
2024-03-08	23.2	23.25	22.6	22.6	19347812
2024-03-11	22.6	22.6	21.8	22.1	16388207
2024-03-12	22.1	22.35	21.9	22.0	10941154
2024-03-13	22.1	22.85	22.0	22.85	19242734
2024-03-14	22.95	23.35	22.75	22.9	25212935
2024-03-15	22.8	23.35	22.7	23.05	23262496
2024-03-18	23.25	23.45	22.05	22.65	28888770
2024-03-19	22.8	22.9	22.5	22.55	9768053
2024-03-20	22.7	23.3	22.5	23.3	21960382
2024-03-21	23.7	23.85	23.3	23.45	23950050
2024-03-22	23.65	25.05	23.65	24.95	72097465
2024-03-25	25.15	25.35	24.35	24.5	35717649
2024-03-26	24.35	25.6	24.35	25.1	29620886
2024-03-27	25.3	25.3	24.65	25.05	20734655
2024-03-28	25.3	25.35	24.7	24.8	17133185
2024-03-29	24.85	25.3	24.65	24.9	21788383
2024-04-01	24.9	25.35	24.75	25.2	18914938
2024-04-02	25.1	26.0	24.85	25.5	28651790
2024-04-03	25.5	25.6	24.55	24.55	29265896
2024-04-04	24.55	24.7	23.9	24.2	27012364
2024-04-05	23.8	24.15	23.45	23.45	26079221
2024-04-08	23.45	23.6	23.3	23.45	19132143
2024-04-09	23.4	23.9	23.3	23.9	12143396
2024-04-10	23.9	23.9	23.3	23.3	12421635
2024-04-11	22.85	23.3	22.85	23.1	16514861
2024-04-12	23.3	23.4	23.1	23.25	11965367
2024-04-15	23.05	23.5	21.65	21.65	26720689
2024-04-16	21.3	21.6	20.2	20.85	30788868
2024-04-17	21.05	21.15	20.0	20.0	15115811
2024-04-19	19.55	20.4	19.1	19.7	20927409
2024-04-22	20.35	20.35	19.8	20.1	9791676
2024-04-23	20.15	20.2	19.45	19.45	10011172
2024-04-24	19.8	20.5	19.6	20.3	11216262
2024-04-25	20.2	20.8	20.05	20.8	12252770
2024-04-26	20.4	20.8	20.35	20.4	10445278
2024-05-02	20.4	21.05	20.25	20.95	10426960
2024-05-03	21.0	21.05	20.6	20.65	8913724
2024-05-06	20.85	21.4	20.8	21.3	8682558
2024-05-07	21.4	22.15	21.35	21.9	18641540
2024-05-08	21.7	21.95	21.5	21.85	10556409
2024-05-09	21.9	22.0	21.6	21.65	8157470
2024-05-10	21.7	21.75	21.35	21.7	8247631
2024-05-13	21.75	22.55	21.75	22.1	16638998
2024-05-14	22.2	22.5	22.1	22.1	10575301
2024-05-15	22.35	22.75	22.2	22.45	15732935
2024-05-16	22.7	22.75	22.4	22.5	13345267
2024-05-17	22.5	22.9	22.45	22.9	11184212
2024-05-20	23.3	23.75	23.05	23.3	18863670
2024-05-21	23.2	23.45	22.8	23.3	13032791
2024-05-22	23.45	23.5	22.6	22.7	15468496
2024-05-23	22.7	23.9	22.55	23.7	22680629
2024-05-24	23.45	23.75	22.7	23.0	20199516
2024-05-27	23.0	24.15	22.9	23.95	16390032
2024-05-28	24.25	24.25	23.75	24.0	18365322
2024-05-29	24.05	24.4	23.4	23.6	18558787
2024-05-30	23.3	23.6	22.95	23.6	13013171
2024-05-31	23.65	23.7	23.3	23.3	8689754
2024-06-03	23.5	23.95	23.4	23.8	10355178
2024-06-04	23.9	24.45	23.7	23.85	14945048
2024-06-05	23.95	24.2	23.6	23.6	11126879
2024-06-06	23.65	24.0	23.4	23.6	12161479
2024-06-07	23.65	24.35	23.6	23.9	15606711
2024-06-10	23.9	24.05	23.7	23.9	8238477
2024-06-11	24.05	24.05	23.05	23.25	19086427
2024-06-12	23.3	23.6	23.1	23.55	9202633
2024-06-13	23.7	24.0	23.55	23.7	10871244
2024-06-14	23.75	24.8	23.65	23.7	35940454
2024-06-17	23.85	24.1	23.65	23.8	10918117
2024-06-18	23.95	24.5	23.75	23.9	21356865
2024-06-19	24.15	24.5	23.65	23.85	24254762
2024-06-20	23.95	24.0	23.3	23.3	17375605
2024-06-21	23.4	23.7	23.2	23.2	11122833
2024-06-24	23.35	23.4	22.0	22.0	23490012
2024-06-25	22.1	22.55	22.0	22.4	7255472
2024-06-26	22.4	22.55	22.1	22.25	11727524
2024-06-27	22.25	22.4	22.15	22.35	4963273
2024-06-28	22.45	22.45	21.6	22.1	11780126
2024-07-01	21.85	22.25	21.85	22.25	5036666
2024-07-02	22.25	22.5	22.2	22.5	4542382
2024-07-03	22.5	22.7	22.4	22.55	5402317
2024-07-04	22.65	23.1	22.6	22.7	6469186
2024-07-05	22.8	23.0	22.6	22.8	6084626
2024-07-08	22.85	23.1	22.75	22.8	8879546
2024-07-09	22.95	23.7	22.9	23.7	19194749
2024-07-10	23.7	23.8	23.35	23.35	6635193
2024-07-11	23.65	23.65	23.2	23.2	6543286
2024-07-12	23.3	23.35	22.9	23.0	7333382
2024-07-15	23.2	23.5	22.85	23.5	8935746
2024-07-16	23.8	24.1	23.0	23.0	21087997
2024-07-17	23.3	23.3	21.4	22.1	13172321
2024-07-18	22.4	22.7	21.9	22.7	10648831
2024-07-19	22.7	22.8	22.05	22.1	9858350
2024-07-22	22.0	22.45	21.95	22.1	9486410
2024-07-23	22.3	22.35	21.85	21.85	8866472
2024-07-24	21.65	22.5	21.6	22.5	10239822
2024-07-25	22.6	22.6	22.1	22.4	5307041
2024-07-26	22.6	22.6	22.3	22.6	4889200
2024-07-29	22.7	22.75	22.55	22.55	6796900
2024-07-30	22.95	23.05	22.5	22.75	14253100
2024-07-31	22.9	23.05	22.55	22.75	11478800
2024-08-01	22.9	22.9	21.5	21.5	14355700
2024-08-02	21.2	21.6	20.9	21.5	8968600
2024-08-05	21.4	21.95	20.3	20.3	12780800
2024-08-06	20.7	20.95	20.35	20.85	4807400
2024-08-07	21.0	21.2	20.85	21.05	5020300
2024-08-08	21.0	21.15	20.5	20.8	7171900
2024-08-09	20.95	21.45	20.85	21.45	5646200
2024-08-12	21.95	22.05	21.4	21.5	12012000
2024-08-13	21.6	21.6	20.95	21.2	7158200
2024-08-14	21.4	21.45	20.9	20.9	4612300
2024-08-15	20.9	21.0	20.6	20.7	3258400
2024-08-16	20.95	21.5	20.75	21.5	10752700
2024-08-19	21.65	21.75	21.45	21.5	6682400
2024-08-20	21.65	21.85	21.45	21.85	7291400
2024-08-21	22.0	22.0	21.5	21.85	5776800
2024-08-22	21.9	21.9	21.6	21.7	5898900
2024-08-23	21.7	21.7	21.45	21.6	5486800
2024-08-26	21.8	22.1	21.6	21.6	8126900
2024-08-27	21.6	21.8	21.5	21.6	5012900
2024-08-28	21.7	21.7	21.35	21.5	5401000
2024-08-29	21.55	21.6	21.2	21.2	4323800
2024-08-30	21.3	21.45	21.15	21.15	4583900
2024-09-04	21.0	21.35	20.9	21.2	4526600
2024-09-05	21.35	21.45	20.95	21.15	4712700
2024-09-06	21.1	21.2	20.9	21.15	3639000
2024-09-09	21.1	21.3	20.9	21.0	2789900
2024-09-10	21.2	21.2	20.7	20.8	4907300
2024-09-11	20.8	20.9	20.55	20.75	4259300
2024-09-12	20.9	21.05	20.7	20.8	2052700
2024-09-13	20.7	20.85	20.6	20.6	3348700
2024-09-16	20.6	20.75	20.3	20.3	4071600
2024-09-17	20.3	20.8	20.3	20.8	4792900
2024-09-18	20.8	20.9	20.7	20.75	2824000
2024-09-19	20.75	20.9	20.7	20.75	2551000
2024-09-20	20.95	21.1	20.85	20.95	7002100
2024-09-23	21.0	21.0	20.75	20.75	3134800
2024-09-24	20.8	21.2	20.8	21.1	5763900
2024-09-25	21.35	21.5	21.25	21.35	6892400
2024-09-26	21.35	21.5	21.15	21.3	4971900
2024-09-27	21.45	21.5	21.25	21.4	6399900
2024-09-30	21.4	21.75	21.35	21.75	8280000
2024-10-01	21.75	22.0	21.65	21.75	10135200
2024-10-02	21.65	21.75	21.45	21.45	6107000
2024-10-03	21.45	21.55	21.15	21.2	7367500
2024-10-04	21.2	21.3	21.1	21.2	2614400
2024-10-07	21.25	21.3	20.75	20.9	7703300
2024-10-08	20.8	21.05	20.75	20.8	4253300
2024-10-09	20.9	21.0	20.8	20.95	3032700
2024-10-10	21.15	21.2	21.0	21.15	4491800
2024-10-11	21.15	21.2	21.0	21.0	4119000
2024-10-14	21.2	21.25	20.55	20.6	9040200
2024-10-15	20.65	20.8	20.4	20.4	5620800
2024-10-16	20.4	20.7	20.3	20.3	5726600
2024-10-17	20.35	20.6	20.05	20.4	6888500
2024-10-18	20.5	20.7	20.4	20.5	4053400
2024-10-21	20.5	21.1	20.4	20.85	12125400
2024-10-22	20.9	21.05	20.6	20.75	7035600
2024-10-23	20.75	20.8	20.6	20.6	4803300
2024-10-24	20.55	20.85	20.5	20.5	5154300
2024-10-25	20.55	20.65	20.4	20.45	2896800
2024-10-28	20.5	20.85	20.4	20.6	3650900
2024-10-29	20.65	20.9	20.6	20.8	4530700
2024-10-30	20.8	20.8	20.45	20.5	3422500
2024-10-31	20.5	20.55	20.3	20.4	3663300
2024-11-01	20.35	20.45	20.2	20.2	4702200
2024-11-04	20.15	20.25	19.7	19.8	6462600
2024-11-05	19.9	19.95	19.65	19.7	4014200
2024-11-06	19.85	20.3	19.65	20.2	4212400
2024-11-07	20.35	20.35	20.05	20.1	2446800
2024-11-08	20.05	20.15	19.85	19.85	3117900
2024-11-11	19.8	19.85	19.4	19.7	8612200
2024-11-12	19.7	19.85	19.45	19.45	5670200
2024-11-13	19.4	19.45	18.85	19.0	9815300
2024-11-14	18.9	19.0	18.15	18.2	12476800
2024-11-15	18.1	18.65	18.05	18.4	9080800
2024-11-18	18.25	18.4	17.85	18.05	6892300
2024-11-19	18.05	18.15	17.1	17.2	13341200
2024-11-20	17.15	17.6	17.1	17.45	7111300
2024-11-21	17.45	18.15	17.35	18.1	10645800
2024-11-22	18.1	18.15	17.8	18.05	9497500
2024-11-25	18.05	18.8	18.0	18.7	9642800
2024-11-26	18.8	18.85	18.6	18.65	6704800
2024-11-27	18.5	18.75	18.45	18.65	4207300
2024-11-28	18.8	19.0	18.6	18.85	5817200
2024-11-29	18.85	18.95	18.75	18.8	3840600
2024-12-02	18.8	19.0	18.75	18.75	3127700
2024-12-03	18.85	19.0	18.65	18.7	3188400
2024-12-04	18.8	18.85	18.6	18.65	4112400
2024-12-05	18.7	19.3	18.5	19.3	5796300
2024-12-06	19.35	19.5	19.05	19.05	5860700
2024-12-09	19.1	19.2	18.9	19.05	4337300
2024-12-10	19.0	19.15	18.9	18.95	2938200
2024-12-11	18.85	19.05	18.5	18.6	3702300
2024-12-12	18.7	18.85	18.6	18.65	2838800
2024-12-13	18.7	18.75	18.5	18.5	1840600
2024-12-16	18.5	19.2	18.5	19.0	5181400
2024-12-17	18.85	19.35	18.85	19.15	4490400
2024-12-18	19.15	19.4	19.15	19.4	4497100
2024-12-19	19.2	19.25	18.9	19.2	5278200
2024-12-20	19.15	19.5	19.1	19.45	3992200
2024-12-23	19.5	19.5	19.25	19.25	1861400
2024-12-24	19.1	19.45	19.05	19.3	3567500
2024-12-25	19.3	19.6	19.3	19.35	3627100
2024-12-26	19.4	19.5	19.25	19.35	3463300
2024-12-27	19.45	19.45	19.25	19.35	3131900
2024-12-30	19.25	19.4	18.9	19.15	2034500
2024-12-31	19.1	19.15	18.9	19.1	3360500
2025-01-02	19.1	19.1	18.9	19.0	1700000
2025-01-03	18.95	19.0	18.4	18.4	3803300
2025-01-06	18.5	18.5	17.85	18.0	4389400
2025-01-07	18.0	18.25	17.95	18.15	2324700
2025-01-08	18.05	18.3	18.05	18.2	1462500
2025-01-09	18.15	18.65	18.15	18.55	3218600
2025-01-10	18.5	18.85	18.4	18.6	4334000
2025-01-13	18.4	18.65	18.35	18.6	1616000
2025-01-14	18.5	18.85	18.5	18.6	2124300
2025-01-15	18.65	18.95	18.6	18.95	2502100
2025-01-16	19.1	19.2	18.9	19.1	2078000
2025-01-17	19.0	19.2	18.95	19.1	2840000
2025-01-20	19.15	19.2	18.95	18.95	3140200
2025-01-21	18.95	19.15	18.95	18.95	4259600
2025-01-22	18.95	19.05	18.7	18.7	1365300
2025-01-23	18.65	19.1	18.6	18.9	2862900
2025-01-24	18.9	20.2	18.85	20.2	20517100
2025-02-03	20.5	21.2	20.3	21.0	13359900
2025-02-04	21.0	21.35	20.9	21.2	9329100
2025-02-05	21.35	21.6	21.05	21.4	10233000
2025-02-06	21.45	21.55	21.15	21.45	7492300
2025-02-07	21.45	21.9	21.35	21.5	7979600
2025-02-10	21.45	21.45	21.0	21.0	6606600
2025-02-11	21.1	21.4	21.0	21.2	5439000
2025-02-12	21.2	21.95	21.2	21.55	9558000
2025-02-13	21.75	22.4	21.7	22.2	12708800
2025-02-14	22.3	22.35	21.9	22.0	6374800
2025-02-17	22.1	22.8	22.05	22.45	12267700
2025-02-18	22.45	22.65	22.25	22.5	8275900
2025-02-19	22.55	22.8	22.45	22.7	9972100
2025-02-20	22.7	22.8	22.5	22.5	11033300
2025-02-21	22.35	22.65	22.35	22.45	7969000
2025-02-24	22.45	23.15	22.45	22.9	13988700
2025-02-25	23.0	23.1	22.8	22.9	10595400
2025-02-26	22.95	23.0	22.75	22.9	7352400
2025-02-27	22.9	22.9	22.05	22.55	11936700
2025-02-28	22.55	22.95	22.55	22.75	8357700
2025-03-03	22.9	23.65	22.8	23.25	15840300
2025-03-04	23.25	23.4	22.05	23.2	22822600
2025-03-05	23.2	23.9	22.8	22.8	13539800
2025-03-06	23.0	23.5	22.75	23.4	13178800
2025-03-07	23.4	23.55	23.1	23.2	6678700
2025-03-10	23.25	23.35	22.85	22.95	7112700
2025-03-11	22.6	22.9	22.55	22.8	4786100
2025-03-12	22.85	23.3	22.85	23.0	7240200
2025-03-13	23.1	23.25	22.6	22.8	9329100
2025-03-14	22.75	22.85	22.3	22.55	6396300
2025-03-17	22.65	23.05	22.65	22.95	5198800
2025-03-18	23.15	23.3	22.65	22.65	3692800
2025-03-19	22.6	22.9	22.5	22.8	4086500
2025-03-20	22.95	23.85	22.75	23.85	17827200
2025-03-21	23.85	23.95	23.25	23.25	9409600
2025-03-24	23.35	23.5	23.15	23.3	5727600
2025-03-25	23.35	23.85	23.25	23.45	20507000
2025-03-26	23.5	23.75	23.0	23.1	6291000
2025-03-27	23.25	23.6	23.15	23.3	6808700
2025-03-28	23.3	23.4	23.05	23.35	5490200
2025-03-31	23.1	23.5	22.9	23.5	8251900
2025-04-01	23.8	24.65	23.7	24.4	32860300
