time	open	high	low	close	volume
2017-01-09	3.68	3.68	2.63	2.86	346000
2017-01-10	2.95	2.95	2.86	2.89	234947
2017-01-11	2.89	2.89	2.83	2.86	173442
2017-01-12	2.78	2.78	2.6	2.6	52349
2017-01-13	2.52	2.52	2.33	2.35	70740
2017-01-16	2.38	2.38	2.3	2.36	134435
2017-01-17	2.32	2.43	2.32	2.43	40175
2017-01-18	2.43	2.44	2.4	2.44	20408
2017-01-19	2.43	2.47	2.41	2.47	73089
2017-01-20	2.44	2.55	2.44	2.46	52135
2017-01-23	2.55	2.61	2.5	2.5	42247
2017-01-24	2.58	2.63	2.58	2.63	63225
2017-01-25	2.61	2.61	2.61	2.61	1610
2017-02-02	2.61	2.61	2.49	2.52	9810
2017-02-03	2.49	2.61	2.49	2.58	7890
2017-02-06	2.57	2.57	2.55	2.55	75013
2017-02-07	2.55	2.55	2.55	2.55	23900
2017-02-08	2.55	2.55	2.52	2.52	11454
2017-02-09	2.55	2.6	2.53	2.53	27845
2017-02-10	2.55	2.61	2.55	2.61	12638
2017-02-13	2.53	2.6	2.53	2.6	24240
2017-02-14	2.57	2.58	2.57	2.57	17715
2017-02-15	2.55	2.63	2.55	2.58	53610
2017-02-16	2.61	2.66	2.61	2.63	62280
2017-02-17	2.6	2.6	2.6	2.6	1540
2017-02-20	2.6	2.66	2.6	2.61	20599
2017-02-21	2.61	2.63	2.6	2.63	12750
2017-02-22	2.63	2.64	2.61	2.61	41019
2017-02-23	2.63	2.63	2.6	2.6	60220
2017-02-24	2.63	2.63	2.61	2.63	30064
2017-02-27	2.63	2.63	2.61	2.63	16720
2017-02-28	2.61	2.66	2.61	2.64	13447
2017-03-01	2.64	2.7	2.64	2.67	8158
2017-03-02	2.72	2.83	2.69	2.7	17246
2017-03-03	2.72	2.74	2.72	2.74	13301
2017-03-06	2.74	2.74	2.7	2.7	20752
2017-03-07	2.66	2.74	2.66	2.72	15280
2017-03-08	2.67	2.67	2.67	2.67	4000
2017-03-09	2.67	2.67	2.66	2.67	6619
2017-03-10	2.67	2.7	2.67	2.7	1400
2017-03-13	2.7	2.72	2.7	2.7	3515
2017-03-14	2.7	2.74	2.7	2.72	12650
2017-03-15	2.69	2.7	2.67	2.7	42200
2017-03-16	2.7	2.7	2.7	2.7	12643
2017-03-17	2.72	2.72	2.72	2.72	4767
2017-03-20	2.72	2.72	2.69	2.69	15087
2017-03-21	2.7	2.7	2.7	2.7	8753
2017-03-22	2.75	2.75	2.7	2.7	23629
2017-03-23	2.7	2.7	2.7	2.7	7280
2017-03-24	2.66	2.75	2.66	2.7	13548
2017-03-27	2.7	2.72	2.7	2.72	4030
2017-03-28	2.7	2.75	2.7	2.74	11397
2017-03-29	2.78	2.78	2.72	2.72	3496
2017-03-30	2.78	2.78	2.74	2.74	15105
2017-03-31	2.78	2.78	2.74	2.78	42058
2017-04-03	2.78	2.86	2.78	2.84	27703
2017-04-04	2.86	2.86	2.84	2.84	21211
2017-04-05	2.89	2.91	2.86	2.86	35224
2017-04-07	2.91	2.91	2.86	2.87	18220
2017-04-10	2.87	2.89	2.87	2.89	3630
2017-04-11	2.89	2.97	2.89	2.92	54706
2017-04-12	2.89	2.95	2.89	2.92	25639
2017-04-13	2.95	3.25	2.95	3.14	93217
2017-04-14	3.14	3.17	3.06	3.06	6810
2017-04-17	3.12	3.12	2.94	3.06	23971
2017-04-18	3.08	3.08	3.03	3.06	91100
2017-04-19	3.06	3.09	3.06	3.08	78130
2017-04-20	3.08	3.12	3.08	3.11	31708
2017-04-21	3.09	3.09	3.09	3.09	60210
2017-04-24	3.09	3.09	3.06	3.09	51260
2017-04-25	3.11	3.17	3.09	3.12	70300
2017-04-26	3.09	3.15	3.09	3.09	10591
2017-04-27	3.09	3.17	3.09	3.09	44740
2017-04-28	3.12	3.17	3.11	3.14	17003
2017-05-03	3.23	3.23	3.12	3.2	4440
2017-05-04	3.18	3.18	3.11	3.17	40700
2017-05-05	3.15	3.18	3.14	3.18	116900
2017-05-08	3.17	3.17	3.15	3.17	11150
2017-05-09	3.2	3.23	3.18	3.23	36600
2017-05-10	3.21	3.21	3.2	3.2	81510
2017-05-11	3.21	3.25	3.2	3.25	47501
2017-05-12	3.29	3.32	3.25	3.31	214450
2017-05-15	3.31	3.55	3.29	3.55	63980
2017-05-16	3.55	3.85	3.55	3.85	140547
2017-05-17	4.17	4.34	4.0	4.09	99635
2017-05-18	4.88	4.88	3.65	3.74	42831
2017-05-19	3.74	3.85	3.57	3.65	99690
2017-05-22	3.79	3.83	3.57	3.63	101918
2017-05-23	3.71	3.72	3.63	3.68	30000
2017-05-24	3.71	3.71	3.4	3.4	30545
2017-05-25	3.43	3.43	3.35	3.38	30545
2017-05-26	3.4	3.42	3.26	3.4	4924
2017-05-29	3.4	3.62	3.4	3.51	57110
2017-05-30	3.52	3.62	3.46	3.49	42619
2017-05-31	3.55	3.55	3.48	3.49	16824
2017-06-01	3.62	3.62	3.4	3.4	16940
2017-06-02	3.6	3.64	3.48	3.51	2580
2017-06-05	3.51	3.6	3.48	3.48	39900
2017-06-06	3.49	3.51	3.48	3.51	53340
2017-06-07	3.62	3.62	3.49	3.53	69855
2017-06-08	3.49	3.49	3.48	3.49	50310
2017-06-09	3.48	3.49	3.48	3.48	43100
2017-06-12	3.48	3.48	3.48	3.48	32600
2017-06-13	3.49	3.49	3.46	3.48	17910
2017-06-14	3.49	3.49	3.46	3.48	16820
2017-06-15	3.48	3.48	3.48	3.48	17320
2017-06-16	3.49	3.49	3.32	3.46	21702
2017-06-19	3.48	3.48	3.46	3.46	18800
2017-06-20	3.49	3.57	3.49	3.57	11400
2017-06-21	3.59	3.64	3.59	3.64	17760
2017-06-22	3.51	3.64	3.51	3.64	13800
2017-06-23	3.6	3.64	3.56	3.64	29797
2017-06-26	3.64	3.64	3.6	3.6	13584
2017-06-27	3.57	3.57	3.56	3.56	17335
2017-06-28	3.56	3.56	3.56	3.56	111030
2017-06-29	3.56	3.57	3.56	3.57	60500
2017-06-30	3.56	3.56	3.48	3.56	17069
2017-07-03	3.56	3.62	3.56	3.62	5100
2017-07-04	3.57	3.57	3.57	3.57	100
2017-07-05	3.6	3.64	3.56	3.64	62500
2017-07-06	3.6	3.64	3.6	3.6	21580
2017-07-07	3.64	3.64	3.59	3.59	6850
2017-07-10	3.6	3.6	3.57	3.6	15620
2017-07-11	3.6	3.6	3.59	3.6	210170
2017-07-12	3.6	3.62	3.6	3.6	169000
2017-07-13	3.6	3.6	3.59	3.59	800
2017-07-14	3.59	3.59	3.57	3.57	84050
2017-07-17	3.57	3.57	3.24	3.24	3992
2017-07-18	3.53	3.53	3.35	3.35	430
2017-07-19	3.46	3.59	3.46	3.48	50300
2017-07-20	3.56	3.57	3.53	3.53	84700
2017-07-21	3.53	3.53	3.53	3.53	66213
2017-07-24	3.53	3.53	3.53	3.53	0
2017-07-25	3.4	3.45	3.24	3.45	6600
2017-07-26	3.59	3.59	3.48	3.48	1000
2017-07-27	3.53	3.54	3.51	3.54	29500
2017-07-28	3.53	3.6	3.48	3.59	27957
2017-07-31	3.56	3.71	3.54	3.6	43600
2017-08-01	3.62	3.64	3.56	3.56	49930
2017-08-02	3.64	3.67	3.56	3.56	39100
2017-08-03	3.56	3.64	3.54	3.57	22150
2017-08-04	3.59	3.64	3.56	3.56	18020
2017-08-07	3.62	3.62	3.56	3.57	19600
2017-08-08	3.57	3.59	3.53	3.53	13500
2017-08-09	3.51	3.51	3.48	3.48	18469
2017-08-10	3.48	3.51	3.43	3.43	25810
2017-08-11	3.48	3.48	3.48	3.48	7300
2017-08-14	3.48	3.51	3.45	3.48	7066
2017-08-15	3.56	3.56	3.46	3.46	8120
2017-08-16	3.48	3.48	3.46	3.48	5600
2017-08-17	3.46	3.48	3.43	3.43	14780
2017-08-18	3.45	3.45	3.45	3.45	1700
2017-08-21	3.45	3.51	3.4	3.51	2389
2017-08-22	3.48	3.48	3.4	3.4	4321
2017-08-23	3.43	3.43	3.41	3.43	2665
2017-08-24	3.43	3.46	3.43	3.46	1601
2017-08-25	3.46	3.46	3.4	3.46	3600
2017-08-28	3.45	3.45	3.38	3.38	680
2017-08-29	3.4	3.4	3.37	3.38	3894
2017-08-30	3.41	3.41	3.38	3.38	5605
2017-08-31	3.38	3.38	2.88	3.34	19290
2017-09-01	3.32	3.45	3.32	3.45	6059
2017-09-05	3.4	3.41	3.4	3.4	3840
2017-09-06	3.4	3.4	3.27	3.4	6405
2017-09-07	3.4	3.41	3.4	3.4	30220
2017-09-08	3.38	3.46	3.38	3.46	2070
2017-09-11	3.38	3.46	3.38	3.46	2940
2017-09-12	3.4	3.45	3.4	3.4	6600
2017-09-13	3.45	3.45	3.4	3.4	7005
2017-09-14	3.45	3.46	3.43	3.46	9480
2017-09-15	3.43	3.43	3.4	3.41	10298
2017-09-18	3.4	3.43	3.4	3.43	17601
2017-09-19	3.41	3.48	3.4	3.48	34410
2017-09-20	3.43	3.43	3.41	3.43	10400
2017-09-21	3.43	3.46	3.43	3.46	15120
2017-09-22	3.45	3.48	3.45	3.45	7410
2017-09-25	3.45	3.46	3.41	3.46	10463
2017-09-26	3.43	3.45	3.38	3.41	47470
2017-09-27	3.4	3.41	3.38	3.38	9000
2017-09-28	3.41	3.41	3.41	3.41	10830
2017-09-29	3.41	3.41	3.34	3.41	9228
2017-10-02	3.4	3.41	3.37	3.38	57190
2017-10-03	3.38	3.38	3.38	3.38	2115
2017-10-04	3.38	3.46	3.38	3.46	30964
2017-10-05	3.4	3.41	3.38	3.38	12100
2017-10-06	3.43	3.43	3.4	3.4	4602
2017-10-09	3.43	3.48	3.4	3.4	31391
2017-10-10	3.41	3.41	3.38	3.38	33400
2017-10-11	3.4	3.4	3.4	3.4	16375
2017-10-12	3.41	3.46	3.41	3.46	23651
2017-10-13	3.4	3.46	3.4	3.43	19520
2017-10-16	3.41	3.49	3.41	3.49	11510
2017-10-17	3.45	3.45	3.41	3.43	14275
2017-10-18	3.43	3.43	3.41	3.41	24350
2017-10-19	3.48	3.48	3.45	3.48	8700
2017-10-20	3.43	3.43	3.4	3.4	60000
2017-10-23	3.4	3.45	3.4	3.4	53500
2017-10-24	3.4	3.46	3.4	3.46	14120
2017-10-25	3.46	3.48	3.46	3.48	37589
2017-10-26	3.62	3.62	3.53	3.53	5200
2017-10-27	3.56	3.56	3.45	3.45	8070
2017-10-30	3.45	3.51	3.45	3.51	910
2017-10-31	3.45	3.48	3.45	3.48	24370
2017-11-01	3.41	3.65	3.41	3.53	73766
2017-11-02	3.49	3.49	3.41	3.41	8900
2017-11-03	3.45	3.45	3.41	3.41	16450
2017-11-06	3.43	3.46	3.41	3.41	21650
2017-11-07	3.45	3.56	3.45	3.48	29525
2017-11-08	3.48	3.48	3.46	3.46	6800
2017-11-09	3.45	3.45	3.41	3.41	7267
2017-11-10	3.4	3.43	3.4	3.41	28010
2017-11-13	3.4	3.48	3.4	3.41	60120
2017-11-14	3.43	3.45	3.43	3.45	19732
2017-11-15	3.43	3.45	3.43	3.45	21744
2017-11-16	3.43	3.48	3.43	3.43	40856
2017-11-17	3.45	3.53	3.45	3.49	63913
2017-11-20	3.48	3.57	3.48	3.57	59000
2017-11-21	3.56	3.75	3.56	3.65	95892
2017-11-22	3.67	4.11	3.67	3.94	292899
2017-11-23	3.94	3.95	3.67	3.94	124542
2017-11-24	3.94	3.94	3.79	3.92	201020
2017-11-27	3.87	3.87	3.71	3.71	91689
2017-11-28	3.67	3.76	3.64	3.64	38889
2017-11-29	3.65	3.65	3.64	3.64	37515
2017-11-30	3.65	3.65	3.53	3.54	115471
2017-12-01	3.56	3.62	3.48	3.62	8680
2017-12-04	3.56	3.65	3.56	3.57	60110
2017-12-05	3.64	3.7	3.57	3.62	172390
2017-12-06	3.6	3.64	3.6	3.6	114705
2017-12-07	3.62	3.64	3.56	3.64	61103
2017-12-08	3.68	3.71	3.64	3.64	31131
2017-12-11	3.64	3.71	3.6	3.6	43357
2017-12-12	3.6	3.64	3.56	3.6	29300
2017-12-13	3.6	3.73	3.6	3.67	170413
2017-12-14	3.68	3.83	3.68	3.71	160203
2017-12-15	3.73	3.83	3.73	3.73	94491
2017-12-18	3.84	3.84	3.64	3.64	106059
2017-12-19	3.64	3.68	3.6	3.62	85153
2017-12-20	3.64	3.64	3.6	3.6	65330
2017-12-21	3.6	3.65	3.6	3.65	20110
2017-12-22	3.65	3.7	3.64	3.7	18340
2017-12-25	3.64	3.64	3.56	3.64	46610
2017-12-26	3.62	3.73	3.62	3.64	73382
2017-12-27	3.67	3.67	3.64	3.64	48600
2017-12-28	3.64	3.71	3.64	3.64	38900
2017-12-29	3.67	3.68	3.64	3.64	46720
2018-01-02	3.64	3.7	3.6	3.64	57022
2018-01-03	3.68	3.7	3.64	3.64	214767
2018-01-04	3.68	3.73	3.64	3.67	238386
2018-01-05	3.67	3.83	3.67	3.81	265531
2018-01-08	3.87	4.06	3.87	4.02	685881
2018-01-09	4.08	4.08	3.94	4.02	325410
2018-01-10	4.08	4.08	4.0	4.05	118480
2018-01-11	4.03	4.27	4.0	4.24	195003
2018-01-12	4.24	4.57	4.24	4.51	342285
2018-01-15	4.44	4.7	4.44	4.62	232284
2018-01-16	4.6	4.62	4.51	4.6	272020
2018-01-17	4.74	4.92	4.74	4.87	667921
2018-01-18	4.87	4.9	4.82	4.88	180355
2018-01-19	4.9	4.93	4.85	4.9	336315
2018-01-22	4.9	4.9	4.6	4.74	289855
2018-01-23	4.74	4.88	4.66	4.66	247292
2018-01-24	4.71	4.74	4.66	4.66	89610
2018-01-25	4.7	4.96	4.58	4.81	205113
2018-01-26	4.73	4.95	4.71	4.82	288220
2018-01-29	4.82	4.9	4.79	4.79	532714
2018-01-30	4.85	4.85	4.74	4.76	259170
2018-01-31	4.79	4.87	4.77	4.77	249980
2018-02-01	4.81	4.81	4.71	4.74	135640
2018-02-02	4.76	4.9	4.66	4.77	202452
2018-02-05	4.74	4.82	4.71	4.71	159860
2018-02-06	4.66	4.7	4.06	4.27	380515
2018-02-07	4.74	4.74	4.58	4.71	113260
2018-02-08	4.74	4.81	4.74	4.74	144631
2018-02-09	4.73	4.76	4.32	4.76	179530
2018-02-12	4.74	4.87	4.74	4.81	120420
2018-02-13	4.79	5.14	4.79	4.9	420640
2018-02-21	5.06	5.09	4.98	4.98	303603
2018-02-22	5.0	5.06	4.9	4.9	252910
2018-02-23	4.81	4.98	4.74	4.84	482752
2018-02-26	4.88	4.9	4.84	4.84	307770
2018-02-27	4.88	5.04	4.85	4.85	1317997
2018-02-28	4.9	5.53	4.9	5.14	2710823
2018-03-01	5.26	5.37	5.14	5.14	1051660
2018-03-02	5.12	5.5	5.06	5.37	1039155
2018-03-05	5.37	5.85	5.37	5.53	1476970
2018-03-06	5.61	5.74	5.47	5.74	796783
2018-03-07	5.74	5.93	5.69	5.88	1208059
2018-03-08	5.9	6.17	5.88	6.13	1397434
2018-03-09	6.13	6.28	6.09	6.12	1518327
2018-03-12	6.18	6.23	5.98	6.05	1980367
2018-03-13	6.01	6.31	6.01	6.28	506569
2018-03-14	6.47	6.7	6.26	6.7	787416
2018-03-15	6.72	6.94	6.72	6.8	763190
2018-03-16	6.8	6.92	6.59	6.8	647026
2018-03-19	6.83	6.85	6.48	6.51	904384
2018-03-20	6.51	6.58	6.35	6.4	1062474
2018-03-21	6.4	6.45	6.17	6.31	1276623
2018-03-22	6.32	6.32	6.23	6.29	206520
2018-03-23	6.26	6.26	6.02	6.17	669000
2018-03-26	6.13	6.28	6.07	6.24	298632
2018-03-27	6.32	6.4	6.29	6.31	237474
2018-03-28	6.32	6.34	6.15	6.18	249703
2018-03-29	6.2	6.64	6.2	6.47	539404
2018-03-30	6.54	6.54	6.32	6.4	181246
2018-04-02	6.39	6.4	6.24	6.37	342729
2018-04-03	6.34	6.4	6.23	6.23	218136
2018-04-04	6.23	6.32	6.21	6.21	407380
2018-04-05	6.28	6.31	6.15	6.18	377374
2018-04-06	6.28	6.28	6.2	6.23	241779
2018-04-09	6.31	6.31	6.18	6.31	430654
2018-04-10	6.31	6.56	6.26	6.53	1084989
2018-04-11	6.56	6.62	6.37	6.47	554047
2018-04-12	6.48	6.51	6.32	6.5	241614
2018-04-13	6.5	6.53	6.29	6.31	486574
2018-04-16	6.31	6.42	6.2	6.31	268427
2018-04-17	6.31	6.4	6.31	6.35	179800
2018-04-18	6.37	6.4	6.26	6.28	170387
2018-04-19	6.39	6.4	6.01	6.01	382395
2018-04-20	6.01	6.15	5.85	6.12	592550
2018-04-23	6.12	6.12	5.69	5.69	423470
2018-04-24	5.69	5.82	5.47	5.61	590373
2018-04-26	5.69	5.69	4.98	5.06	310907
2018-04-27	5.06	5.53	5.06	5.52	293365
2018-05-02	5.44	5.45	5.28	5.37	114976
2018-05-03	5.22	5.66	5.14	5.66	288680
2018-05-04	5.66	5.69	5.53	5.55	67676
2018-05-07	5.49	5.61	5.49	5.6	67380
2018-05-08	5.69	5.79	5.58	5.63	133891
2018-05-09	5.61	5.61	5.53	5.53	80076
2018-05-10	5.42	5.56	5.37	5.37	73710
2018-05-11	5.26	5.41	5.23	5.41	91270
2018-05-14	5.31	5.31	5.22	5.22	52792
2018-05-15	5.36	5.36	5.28	5.3	23548
2018-05-16	5.26	5.3	5.17	5.22	63545
2018-05-17	5.2	5.2	5.09	5.17	84803
2018-05-18	5.12	5.12	4.87	4.96	218800
2018-05-21	4.96	5.06	4.9	4.98	247809
2018-05-22	4.98	4.98	4.73	4.77	325349
2018-05-23	4.66	4.81	4.63	4.74	241212
2018-05-24	4.74	4.74	4.65	4.7	134127
2018-05-25	4.66	4.68	4.6	4.6	159510
2018-05-28	4.66	4.66	4.09	4.11	129800
2018-05-29	4.19	4.54	4.19	4.35	388556
2018-05-30	4.39	4.51	4.35	4.39	264240
2018-05-31	4.38	4.47	4.36	4.44	228678
2018-06-01	4.43	4.52	4.43	4.46	168520
2018-06-04	4.43	4.87	4.43	4.79	241940
2018-06-05	4.79	5.03	4.74	4.81	231470
2018-06-06	4.81	4.82	4.74	4.79	203835
2018-06-07	4.82	4.98	4.81	4.93	321188
2018-06-08	4.9	4.98	4.84	4.96	196600
2018-06-11	4.9	4.98	4.84	4.95	136430
2018-06-12	4.88	4.9	4.71	4.81	221750
2018-06-13	4.77	4.84	4.74	4.79	65360
2018-06-14	4.74	4.9	4.58	4.66	258925
2018-06-15	4.65	4.66	4.62	4.63	71408
2018-06-18	4.63	4.63	4.44	4.51	74900
2018-06-19	4.43	4.43	4.19	4.35	332150
2018-06-20	4.35	4.43	4.28	4.33	292100
2018-06-21	4.35	4.35	4.24	4.27	179910
2018-06-22	4.3	4.35	4.27	4.28	113860
2018-06-25	4.35	4.57	4.32	4.36	99960
2018-06-26	4.35	4.43	4.27	4.43	149204
2018-06-27	4.35	4.35	4.27	4.27	139110
2018-06-28	4.27	4.27	4.22	4.24	102785
2018-06-29	4.24	4.35	4.19	4.27	127100
2018-07-02	4.19	4.19	4.03	4.08	105050
2018-07-03	4.11	4.11	3.79	3.95	133870
2018-07-04	4.03	4.03	3.83	3.89	115940
2018-07-05	3.81	3.87	3.64	3.64	183200
2018-07-06	3.75	3.94	3.56	3.81	123610
2018-07-09	3.79	3.95	3.71	3.78	187190
2018-07-10	3.87	3.95	3.83	3.95	122857
2018-07-11	3.95	3.95	3.7	3.79	221260
2018-07-12	3.84	3.94	3.79	3.87	136405
2018-07-13	3.87	3.97	3.86	3.97	208367
2018-07-16	3.95	4.21	3.92	4.08	88160
2018-07-17	4.06	4.14	3.97	4.11	289500
2018-07-18	4.11	4.36	4.11	4.36	196967
2018-07-19	4.32	4.51	4.32	4.43	121080
2018-07-20	4.3	4.38	4.21	4.38	154600
2018-07-23	4.43	4.57	4.43	0.0	218470
2018-07-24	4.49	4.49	4.28	4.35	214700
2018-07-25	4.38	4.39	4.24	4.24	145406
2018-07-26	4.25	4.25	4.16	4.22	122983
2018-07-27	4.21	4.33	4.21	4.27	174447
2018-07-30	4.28	4.32	4.17	4.3	264477
2018-07-31	4.3	4.32	4.19	4.32	140610
2018-08-01	4.25	4.3	4.21	4.24	136000
2018-08-02	4.24	4.24	4.16	4.16	153300
2018-08-03	4.25	4.28	4.21	4.25	133560
2018-08-06	4.21	4.25	4.21	4.22	35850
2018-08-07	4.24	4.25	4.22	4.22	50110
2018-08-08	4.27	4.36	4.27	4.35	124484
2018-08-09	4.35	4.41	4.32	4.33	65537
2018-08-10	4.36	4.36	4.27	4.35	48130
2018-08-13	4.32	4.44	4.28	4.43	316830
2018-08-14	4.39	4.54	4.38	4.46	312454
2018-08-15	4.47	4.71	4.47	4.49	325763
2018-08-16	4.47	4.51	4.38	4.49	282780
2018-08-17	4.47	4.62	4.46	4.54	308447
2018-08-20	4.54	4.71	4.54	4.62	201856
2018-08-21	4.62	4.62	4.54	4.55	187478
2018-08-22	4.58	4.62	4.52	4.57	148473
2018-08-23	4.52	4.55	4.47	4.54	79536
2018-08-24	4.51	4.52	4.39	4.49	215500
2018-08-27	4.44	4.57	4.44	4.46	256327
2018-08-28	4.47	4.47	4.33	4.36	311046
2018-08-29	4.38	4.39	4.35	4.36	150166
2018-08-30	4.36	4.38	4.33	4.38	131330
2018-08-31	4.38	4.41	4.36	4.41	134172
2018-09-04	4.36	4.38	4.24	4.24	161706
2018-09-05	4.27	4.3	4.13	4.13	194858
2018-09-06	4.11	4.19	4.08	4.16	160024
2018-09-07	4.09	4.25	4.09	4.24	141564
2018-09-10	4.22	4.24	4.21	4.22	75950
2018-09-11	4.22	4.33	4.22	4.33	159062
2018-09-12	4.32	4.36	4.32	4.35	110337
2018-09-13	4.35	4.36	4.27	4.33	84362
2018-09-14	4.33	4.36	4.32	4.36	80439
2018-09-17	4.35	4.36	4.33	4.35	214360
2018-09-18	4.32	4.33	4.28	4.3	82001
2018-09-19	4.3	4.39	4.3	4.35	124830
2018-09-20	4.35	4.41	4.35	4.41	65009
2018-09-21	4.36	4.52	4.36	4.52	394745
2018-09-24	4.57	4.62	4.49	4.62	294120
2018-09-25	4.58	4.62	4.57	4.58	82285
2018-09-26	4.49	4.62	4.49	4.58	154326
2018-09-27	4.58	4.62	4.55	4.57	193540
2018-09-28	4.57	4.68	4.52	4.66	245696
2018-10-01	4.63	4.77	4.63	4.68	299675
2018-10-02	4.68	4.73	4.65	4.66	145154
2018-10-03	4.68	4.68	4.58	4.62	148574
2018-10-04	4.58	4.66	4.58	4.65	157062
2018-10-05	4.65	4.65	4.57	4.58	232935
2018-10-08	4.63	4.66	4.52	4.55	96360
2018-10-09	4.52	4.58	4.52	4.55	95550
2018-10-10	4.54	4.73	4.51	4.58	133675
2018-10-11	4.52	4.52	4.03	4.28	355890
2018-10-12	4.22	4.41	4.11	4.36	181585
2018-10-15	4.32	4.39	4.3	4.32	97020
2018-10-16	4.33	4.41	4.33	4.35	44371
2018-10-17	4.36	4.43	4.33	4.36	117118
2018-10-18	4.36	4.38	4.32	4.36	38940
2018-10-19	4.35	4.39	4.27	4.39	133103
2018-10-22	4.38	4.43	4.36	4.36	165925
2018-10-23	4.36	4.36	4.25	4.33	114162
2018-10-24	4.3	4.35	4.21	4.21	98910
2018-10-25	4.19	4.19	4.03	4.17	191387
2018-10-26	4.17	4.19	4.09	4.11	151443
2018-10-29	4.11	4.19	4.11	4.11	71305
2018-10-30	4.11	4.24	4.11	4.21	37830
2018-10-31	4.19	4.33	4.19	4.27	37810
2018-11-01	4.27	4.28	4.19	4.19	28450
2018-11-02	4.24	4.27	4.17	4.24	33570
2018-11-05	4.24	4.24	4.11	4.11	128500
2018-11-06	4.21	4.21	4.13	4.14	71090
2018-11-07	4.22	4.29	4.22	4.27	69325
2018-11-08	4.33	4.48	4.33	4.45	289879
2018-11-09	4.48	4.51	4.33	4.33	186775
2018-11-12	4.35	4.43	4.29	4.42	110900
2018-11-13	4.4	4.42	4.32	4.32	139469
2018-11-14	4.35	4.38	4.33	4.37	177325
2018-11-15	4.35	4.38	4.32	4.33	329305
2018-11-16	4.37	4.66	4.37	4.48	218161
2018-11-19	4.55	4.55	4.5	4.53	121564
2018-11-20	4.53	4.55	4.43	4.46	87110
2018-11-21	4.43	4.43	4.32	4.39	55840
2018-11-22	4.39	4.43	4.39	4.39	106280
2018-11-23	4.39	4.39	4.32	4.34	82770
2018-11-26	4.37	4.37	4.28	4.32	26507
2018-11-27	4.34	4.34	4.28	4.32	62468
2018-11-28	4.32	4.32	4.25	4.25	68204
2018-11-29	4.3	4.41	4.28	4.32	312382
2018-11-30	4.34	4.34	4.25	4.25	141238
2018-12-03	4.32	4.46	4.32	4.41	309658
2018-12-04	4.41	4.5	4.41	4.48	308347
2018-12-05	4.41	4.48	4.39	4.48	209600
2018-12-06	4.43	4.48	4.41	4.43	222209
2018-12-07	4.43	4.48	4.43	4.48	133635
2018-12-10	4.46	4.48	4.37	4.41	110418
2018-12-11	4.41	4.46	4.39	4.43	96690
2018-12-12	4.43	4.46	4.41	4.43	180370
2018-12-13	4.43	4.48	4.41	4.48	222617
2018-12-14	4.46	4.46	4.37	4.37	135890
2018-12-17	4.39	4.39	4.21	4.25	214850
2018-12-18	4.21	4.21	4.07	4.16	391730
2018-12-19	4.16	4.16	4.09	4.16	72615
2018-12-20	4.12	4.25	4.12	4.25	60650
2018-12-21	4.25	4.25	4.14	4.21	155198
2018-12-24	4.18	4.21	4.16	4.16	80306
2018-12-25	4.14	4.16	4.03	4.09	243521
2018-12-26	4.09	4.09	4.05	4.05	134000
2018-12-27	4.12	4.14	4.07	4.07	142186
2018-12-28	4.09	4.09	3.98	4.0	159827
2019-01-02	4.09	4.09	4.03	4.05	105940
2019-01-03	4.05	4.07	3.96	3.98	94022
2019-01-04	3.98	4.0	3.98	4.0	90100
2019-01-07	4.0	4.05	4.0	4.03	103010
2019-01-08	4.03	4.07	4.0	4.05	74270
2019-01-09	4.05	4.05	3.98	4.05	179328
2019-01-10	4.05	4.05	4.03	4.03	37260
2019-01-11	4.05	4.05	4.0	4.0	89760
2019-01-14	4.0	4.03	3.98	4.03	186352
2019-01-15	4.0	4.03	4.0	4.0	136947
2019-01-16	4.03	4.03	4.0	4.0	101491
2019-01-17	4.03	4.21	4.03	4.14	266939
2019-01-18	4.12	4.16	4.03	4.07	176810
2019-01-21	4.0	4.14	4.0	4.12	185630
2019-01-22	4.09	4.14	4.07	4.09	103953
2019-01-23	4.05	4.09	4.05	4.07	172040
2019-01-24	4.07	4.09	4.07	4.07	113264
2019-01-25	4.03	4.09	4.03	4.05	279045
2019-01-28	4.05	4.07	4.0	4.0	174757
2019-01-29	4.0	4.03	3.96	3.98	231879
2019-01-30	3.98	3.98	3.91	3.93	236161
2019-01-31	3.96	3.98	3.91	3.93	230369
2019-02-01	3.98	4.03	3.93	4.0	144549
2019-02-11	4.0	4.14	4.0	4.09	301836
2019-02-12	4.12	4.14	4.05	4.07	308075
2019-02-13	4.09	4.09	4.03	4.07	506627
2019-02-14	4.05	4.05	3.98	4.0	386473
2019-02-15	4.03	4.07	4.0	4.05	150918
2019-02-18	4.05	4.16	4.05	4.14	677480
2019-02-19	4.12	4.28	4.12	4.23	1060411
2019-02-20	4.23	4.39	4.21	4.37	745249
2019-02-21	4.37	4.41	4.34	4.39	775756
2019-02-22	4.39	4.39	4.28	4.3	463333
2019-02-25	4.32	4.37	4.3	4.32	277786
2019-02-26	4.34	4.34	4.25	4.3	390529
2019-02-27	4.3	4.3	4.25	4.28	321768
2019-02-28	4.3	4.3	4.16	4.21	444753
2019-03-01	4.21	4.25	4.18	4.23	156538
2019-03-04	4.21	4.37	4.21	4.32	350213
2019-03-05	4.3	4.32	4.28	4.3	253793
2019-03-06	4.28	4.43	4.21	4.37	572720
2019-03-07	4.32	4.43	4.32	4.37	277655
2019-03-08	4.37	4.39	4.3	4.32	183246
2019-03-11	4.32	4.37	4.28	4.34	273818
2019-03-12	4.32	4.43	4.32	4.41	418003
2019-03-13	4.43	4.59	4.41	4.5	933398
2019-03-14	4.53	4.53	4.48	4.48	192011
2019-03-15	4.5	4.5	4.46	4.48	263983
2019-03-18	4.48	4.53	4.46	4.5	371771
2019-03-19	4.48	4.53	4.32	4.43	386251
2019-03-20	4.43	4.43	4.32	4.39	573816
2019-03-21	4.39	4.41	4.3	4.3	293899
2019-03-22	4.32	4.37	4.3	4.37	252828
2019-03-25	4.3	4.32	4.21	4.23	318909
2019-03-26	4.25	4.28	4.21	4.21	242922
2019-03-27	4.25	4.28	4.23	4.25	141493
2019-03-28	4.32	4.34	4.25	4.32	469611
2019-03-29	4.37	4.41	4.32	4.32	513224
2019-04-01	4.37	4.39	4.34	4.37	452844
2019-04-02	4.37	4.41	4.34	4.37	443332
2019-04-03	4.37	4.39	4.34	4.37	265491
2019-04-04	4.37	4.43	4.37	4.41	457424
2019-04-05	4.43	4.43	4.39	4.41	211264
2019-04-08	4.41	4.43	4.39	4.43	438876
2019-04-09	4.43	4.46	4.41	4.41	511346
2019-04-10	4.41	4.41	4.34	4.39	226288
2019-04-11	4.41	4.41	4.37	4.39	118980
2019-04-12	4.34	4.39	4.32	4.37	99642
2019-04-16	4.43	4.43	4.32	4.37	72536
2019-04-17	4.37	4.39	4.34	4.37	237246
2019-04-18	4.37	4.39	4.32	4.32	163524
2019-04-19	4.37	4.37	4.32	4.32	84989
2019-04-22	4.32	4.34	4.28	4.32	167366
2019-04-23	4.3	4.3	4.23	4.28	207300
2019-04-24	4.28	4.32	4.28	4.3	94414
2019-04-25	4.32	4.32	4.3	4.32	80154
2019-04-26	4.32	4.37	4.3	4.32	82970
2019-05-02	4.32	4.32	4.25	4.25	219496
2019-05-03	4.28	4.28	4.21	4.21	211957
2019-05-06	4.23	4.23	4.16	4.18	151526
2019-05-07	4.18	4.18	4.16	4.18	51630
2019-05-08	4.16	4.16	4.07	4.14	225577
2019-05-09	4.14	4.16	4.09	4.12	99942
2019-05-10	4.14	4.16	4.12	4.16	183425
2019-05-13	4.18	4.21	4.16	4.18	182024
2019-05-14	4.18	4.21	4.16	4.21	152325
2019-05-15	4.21	4.25	4.18	4.23	156022
2019-05-16	4.23	4.28	4.23	4.23	138771
2019-05-17	4.23	4.23	4.18	4.23	468972
2019-05-20	4.23	4.23	4.18	4.18	400240
2019-05-21	4.18	4.23	4.16	4.21	497794
2019-05-22	4.21	4.21	4.18	4.21	224419
2019-05-23	4.21	4.21	4.18	4.18	102761
2019-05-24	4.18	4.18	4.14	4.16	229602
2019-05-27	4.16	4.16	4.09	4.14	289414
2019-05-28	4.12	4.12	4.09	4.12	128321
2019-05-29	4.14	4.14	4.09	4.09	188801
2019-05-30	4.09	4.12	4.07	4.09	210412
2019-05-31	4.09	4.14	4.07	4.09	405470
2019-06-03	4.07	4.09	4.03	4.07	260469
2019-06-04	4.07	4.07	4.03	4.07	83629
2019-06-05	4.09	4.2	4.04	4.09	139317
2019-06-06	4.09	4.09	3.99	3.99	186699
2019-06-07	3.99	4.02	3.99	4.02	60241
2019-06-10	3.99	4.02	3.95	3.95	134531
2019-06-11	3.95	3.97	3.88	3.9	398783
2019-06-12	3.9	3.9	3.83	3.85	178783
2019-06-13	3.88	3.88	3.83	3.85	87008
2019-06-14	3.85	3.92	3.83	3.92	114679
2019-06-17	3.9	3.95	3.88	3.92	178756
2019-06-18	3.92	3.92	3.85	3.88	163407
2019-06-19	3.85	3.88	3.83	3.88	118582
2019-06-20	3.83	3.95	3.83	3.92	119527
2019-06-21	3.92	4.23	3.9	3.92	103640
2019-06-24	3.92	3.92	3.88	3.9	176673
2019-06-25	3.88	3.9	3.85	3.88	110470
2019-06-26	3.83	3.92	3.5	3.88	125106
2019-06-27	3.88	3.92	3.83	3.83	346381
2019-06-28	3.83	3.85	3.81	3.85	87010
2019-07-01	3.83	3.9	3.83	3.88	67967
2019-07-02	3.85	3.9	3.85	3.88	117680
2019-07-03	3.85	3.99	3.85	3.99	270347
2019-07-04	3.99	4.13	3.97	3.95	353232
2019-07-05	4.04	4.09	3.99	4.02	120152
2019-07-08	3.99	4.04	3.99	4.02	124671
2019-07-09	4.02	4.02	3.95	3.97	330770
2019-07-10	3.97	3.99	3.95	3.97	142730
2019-07-11	3.97	3.99	3.95	3.99	123100
2019-07-12	3.99	4.18	3.99	4.16	932279
2019-07-15	4.11	4.35	4.11	4.3	1343285
2019-07-16	4.3	4.42	4.3	4.35	698955
2019-07-17	4.32	4.37	4.27	4.3	693465
2019-07-18	4.27	4.44	4.27	4.42	816850
2019-07-19	4.37	4.44	4.37	4.42	403092
2019-07-22	4.42	4.44	4.3	4.37	416059
2019-07-23	4.37	4.39	4.35	4.37	392927
2019-07-24	4.37	4.42	4.32	4.42	521440
2019-07-25	4.39	4.53	4.39	4.49	808122
2019-07-26	4.49	4.51	4.46	4.49	247162
2019-07-29	4.49	4.53	4.39	4.46	605087
2019-07-30	4.44	4.46	4.37	4.37	720903
2019-07-31	4.39	4.39	4.35	4.39	284724
2019-08-01	4.39	4.49	4.37	4.46	504959
2019-08-02	4.42	4.46	4.39	4.42	616708
2019-08-05	4.42	4.53	4.42	4.51	961081
2019-08-06	4.46	4.49	4.39	4.49	464308
2019-08-07	4.49	4.77	4.46	4.65	2129709
2019-08-08	4.63	4.72	4.63	4.7	850810
2019-08-09	4.67	4.74	4.67	4.7	1072208
2019-08-12	4.67	4.7	4.63	4.67	1009659
2019-08-13	4.67	4.7	4.58	4.6	816814
2019-08-14	4.68	4.91	4.66	4.68	613823
2019-08-15	4.68	4.96	4.63	4.93	1110270
2019-08-16	4.93	5.16	4.91	5.1	2004650
2019-08-19	5.13	5.21	5.02	5.04	999354
2019-08-20	5.07	5.1	5.02	5.04	808641
2019-08-21	5.04	5.13	4.99	5.04	849199
2019-08-22	5.1	5.1	4.96	4.96	1212959
2019-08-23	4.93	4.99	4.93	4.96	674649
2019-08-26	4.96	4.96	4.88	4.88	581693
2019-08-27	4.91	5.07	4.88	4.96	696571
2019-08-28	4.96	4.99	4.82	4.88	589189
2019-08-29	4.88	4.91	4.82	4.85	299058
2019-08-30	4.85	4.96	4.82	4.85	283709
2019-09-03	4.85	5.02	4.82	4.91	1892779
2019-09-04	4.93	4.93	4.88	4.88	470773
2019-09-05	4.91	4.93	4.88	4.91	200639
2019-09-06	4.91	4.93	4.85	4.91	393864
2019-09-09	4.88	4.91	4.8	4.8	358373
2019-09-10	4.85	4.85	4.63	4.66	1130010
2019-09-11	4.71	4.74	4.66	4.68	323566
2019-09-12	4.71	4.82	4.71	4.8	275870
2019-09-13	4.74	4.93	4.71	4.88	423373
2019-09-16	4.91	4.93	4.82	4.85	634311
2019-09-17	4.85	4.85	4.8	4.8	420516
2019-09-18	4.85	4.85	4.74	4.74	523204
2019-09-19	4.77	4.82	4.74	4.8	284498
2019-09-20	4.8	4.85	4.77	4.8	339186
2019-09-23	4.8	4.82	4.77	4.77	423166
2019-09-24	4.77	4.82	4.77	4.82	259714
2019-09-25	4.8	4.82	4.77	4.8	545662
2019-09-26	4.8	5.07	4.8	5.04	3517190
2019-09-27	5.02	5.07	4.96	4.96	1505276
2019-09-30	5.02	5.04	4.96	4.99	905936
2019-10-01	5.04	5.04	4.93	5.02	953689
2019-10-02	4.99	5.18	4.96	5.13	4070128
2019-10-03	5.1	5.18	5.04	5.16	1141200
2019-10-04	5.16	5.18	5.1	5.1	981389
2019-10-07	5.13	5.16	4.91	4.96	1518344
2019-10-08	5.07	5.07	4.93	4.99	828694
2019-10-09	4.99	5.07	4.99	5.02	436738
2019-10-10	5.04	5.07	4.99	5.02	378955
2019-10-11	5.02	5.07	4.99	5.04	203731
2019-10-14	5.04	5.21	5.04	5.16	2301568
2019-10-15	5.16	5.21	5.13	5.21	1318065
2019-10-16	5.24	5.27	5.07	5.1	1899559
2019-10-17	5.07	5.1	4.99	5.04	1005710
2019-10-18	4.99	5.04	4.96	4.96	945734
2019-10-21	4.96	4.99	4.85	4.88	1884269
2019-10-22	4.88	4.91	4.85	4.91	572700
2019-10-23	4.91	4.96	4.91	4.96	496720
2019-10-24	4.96	4.99	4.91	4.99	418143
2019-10-25	4.93	5.02	4.93	4.96	501944
2019-10-28	4.99	5.04	4.93	4.96	793094
2019-10-29	4.96	4.96	4.88	4.93	568237
2019-10-30	4.93	4.93	4.91	4.93	795806
2019-10-31	4.93	4.93	4.85	4.93	1057203
2019-11-01	4.85	4.93	4.85	4.93	429666
2019-11-04	4.93	4.99	4.88	4.96	511260
2019-11-05	4.96	4.96	4.91	4.93	397715
2019-11-06	4.93	5.02	4.93	4.93	835981
2019-11-07	4.96	5.04	4.96	5.02	1561682
2019-11-08	4.99	5.07	4.96	4.99	644993
2019-11-11	4.99	5.02	4.93	4.93	396485
2019-11-12	4.93	4.96	4.93	4.96	513589
2019-11-13	4.96	4.96	4.91	4.93	325803
2019-11-14	4.93	4.93	4.88	4.88	440565
2019-11-15	4.91	4.93	4.88	4.91	421823
2019-11-18	4.91	4.93	4.85	4.85	1209035
2019-11-19	4.85	4.91	4.85	4.88	359596
2019-11-20	4.88	4.93	4.85	4.88	741386
2019-11-21	4.85	4.85	4.82	4.85	423042
2019-11-22	4.85	4.88	4.77	4.85	703837
2019-11-25	4.8	4.82	4.74	4.8	246096
2019-11-26	4.8	4.85	4.8	4.8	326783
2019-11-27	4.82	4.85	4.8	4.82	245446
2019-11-28	4.82	4.82	4.71	4.77	739542
2019-11-29	4.77	4.77	4.74	4.74	380762
2019-12-02	4.8	4.8	4.68	4.77	390586
2019-12-03	4.82	4.88	4.57	4.6	748918
2019-12-04	4.66	4.71	4.66	4.71	366628
2019-12-05	4.71	4.71	4.63	4.68	524418
2019-12-06	4.66	4.68	4.63	4.66	189416
2019-12-09	4.66	4.68	4.63	4.66	223690
2019-12-10	4.66	4.66	4.6	4.63	520567
2019-12-11	4.63	4.66	4.63	4.66	281730
2019-12-12	4.66	4.68	4.63	4.66	332143
2019-12-13	4.68	4.74	4.68	4.68	247838
2019-12-16	4.68	4.71	4.66	4.68	141372
2019-12-17	4.68	4.68	4.66	4.68	214378
2019-12-18	4.68	4.74	4.68	4.71	169758
2019-12-19	4.74	4.8	4.68	4.74	362244
2019-12-20	4.74	4.77	4.74	4.77	157979
2019-12-23	4.74	4.82	4.74	4.82	254348
2019-12-24	4.82	4.85	4.77	4.82	214149
2019-12-25	4.85	4.96	4.82	4.93	702476
2019-12-26	4.93	4.93	4.88	4.91	361637
2019-12-27	4.85	4.93	4.85	4.88	348037
2019-12-30	4.85	4.91	4.85	4.85	322292
2019-12-31	4.88	4.88	4.8	4.8	198094
2020-01-02	4.82	4.91	4.82	4.88	371400
2020-01-03	4.88	4.91	4.82	4.85	391030
2020-01-06	4.85	4.85	4.77	4.77	359794
2020-01-07	4.77	4.82	4.77	4.77	114862
2020-01-08	4.77	4.77	4.68	4.68	516075
2020-01-09	4.68	4.8	4.68	4.71	559354
2020-01-10	4.74	4.77	4.68	4.71	720409
2020-01-13	4.74	4.82	4.71	4.8	527921
2020-01-14	4.77	4.85	4.77	4.85	359137
2020-01-15	4.85	4.85	4.8	4.8	379187
2020-01-16	4.8	4.91	4.8	4.85	690910
2020-01-17	4.85	4.93	4.8	4.82	805973
2020-01-20	4.82	4.93	4.8	4.85	1253362
2020-01-21	4.88	4.96	4.88	4.93	1106015
2020-01-22	4.93	4.96	4.88	4.93	584350
2020-01-30	4.91	4.91	4.77	4.8	848096
2020-01-31	4.8	4.8	4.71	4.74	988717
2020-02-03	4.66	4.74	4.57	4.74	1299169
2020-02-04	4.74	4.77	4.66	4.77	712734
2020-02-05	4.77	4.85	4.77	4.8	742628
2020-02-06	4.82	4.91	4.77	4.91	760378
2020-02-07	4.88	4.88	4.82	4.85	360258
2020-02-10	4.85	4.85	4.71	4.71	743200
2020-02-11	4.77	4.8	4.74	4.8	491576
2020-02-12	4.77	4.91	4.77	4.85	653767
2020-02-13	4.85	5.13	4.82	5.04	3715862
2020-02-14	5.02	5.18	4.99	5.1	1963866
2020-02-17	5.13	5.16	5.04	5.07	973460
2020-02-18	5.07	5.1	4.96	4.96	1518563
2020-02-19	4.99	5.02	4.96	5.02	992359
2020-02-20	5.02	5.1	4.99	5.07	597245
2020-02-21	5.04	5.32	5.04	5.21	4777915
2020-02-24	5.21	5.21	4.91	4.96	2291673
2020-02-25	4.88	5.04	4.82	4.99	1761731
2020-02-26	4.93	4.99	4.8	4.93	1730855
2020-02-27	4.93	5.13	4.91	5.1	1355949
2020-02-28	5.04	5.07	4.96	5.02	1909126
2020-03-02	4.99	5.1	4.93	5.07	1282104
2020-03-03	5.07	5.18	5.07	5.07	1753520
2020-03-04	5.07	5.1	5.04	5.1	717445
2020-03-05	5.1	5.18	5.02	5.04	1430847
2020-03-06	5.1	5.1	4.96	5.04	878862
2020-03-09	4.96	4.96	4.24	4.46	5896152
2020-03-10	4.43	4.77	4.41	4.74	2161508
2020-03-11	4.77	4.77	4.41	4.6	2299550
2020-03-12	4.46	4.52	4.21	4.35	2366087
2020-03-13	4.16	4.41	3.99	4.27	2739933
2020-03-16	4.3	4.32	4.13	4.19	1053796
2020-03-17	4.16	4.21	3.99	4.16	1369993
2020-03-18	4.13	4.24	4.13	4.16	609580
2020-03-19	4.16	4.19	4.02	4.07	764288
2020-03-20	4.07	4.13	4.05	4.07	324349
2020-03-23	4.05	4.07	3.58	3.63	1989844
2020-03-24	3.69	3.77	3.63	3.77	807017
2020-03-25	3.83	4.05	3.8	4.02	1192400
2020-03-26	3.94	4.05	3.8	3.83	648007
2020-03-27	3.77	3.91	3.77	3.8	310649
2020-03-30	3.6	3.77	3.44	3.52	900039
2020-03-31	3.58	3.69	3.46	3.55	925612
2020-04-01	3.58	3.69	3.55	3.66	294770
2020-04-03	3.66	3.77	3.63	3.74	795050
2020-04-06	3.74	3.99	3.74	3.96	1020978
2020-04-07	3.99	4.07	3.88	3.96	650240
2020-04-08	3.96	3.96	3.85	3.91	592808
2020-04-09	3.94	3.99	3.91	3.99	1074312
2020-04-10	3.99	3.99	3.91	3.94	612012
2020-04-13	3.94	4.02	3.88	3.94	551333
2020-04-14	3.96	4.02	3.91	3.94	576043
2020-04-15	3.96	4.16	3.96	4.05	2079760
2020-04-16	4.07	4.1	3.99	4.07	488261
2020-04-17	4.07	4.19	4.07	4.07	1244355
2020-04-20	4.13	4.24	4.07	4.1	1312060
2020-04-21	4.16	4.21	3.94	3.99	1196775
2020-04-22	3.94	4.07	3.85	4.02	928810
2020-04-23	4.02	4.13	4.02	4.02	353550
2020-04-24	4.02	4.05	3.99	3.99	363171
2020-04-27	3.99	4.05	3.94	3.99	466516
2020-04-28	3.99	4.02	3.94	4.02	385960
2020-04-29	4.02	4.05	3.99	4.02	418833
2020-05-04	4.02	4.02	3.96	3.96	350874
2020-05-05	3.96	3.99	3.94	3.96	207333
2020-05-06	3.96	4.05	3.96	3.99	527580
2020-05-07	3.96	4.05	3.96	4.02	339828
2020-05-08	4.02	4.19	4.02	4.1	1165615
2020-05-11	4.1	4.24	4.07	4.24	1287559
2020-05-12	4.24	4.27	4.16	4.27	980524
2020-05-13	4.21	4.3	4.19	4.24	619390
2020-05-14	4.24	4.24	4.19	4.21	822910
2020-05-15	4.21	4.24	4.13	4.16	572365
2020-05-18	4.16	4.19	4.13	4.19	501442
2020-05-19	4.21	4.3	4.21	4.24	1086727
2020-05-20	4.24	4.24	4.19	4.19	783043
2020-05-21	4.21	4.3	4.19	4.27	887025
2020-05-22	4.27	4.43	4.24	4.32	1648500
2020-05-25	4.38	4.49	4.27	4.43	1546574
2020-05-26	4.43	4.57	4.41	4.55	949626
2020-05-27	4.55	4.6	4.46	4.49	2058493
2020-05-28	4.49	4.52	4.43	4.49	912036
2020-05-29	4.49	4.55	4.46	4.52	654976
2020-06-01	4.52	4.74	4.52	4.68	2093625
2020-06-02	4.68	4.77	4.63	4.71	992502
2020-06-03	4.71	4.91	4.71	4.91	2254645
2020-06-04	4.88	4.99	4.88	4.91	1346102
2020-06-05	4.91	4.93	4.82	4.88	1715045
2020-06-08	4.88	4.99	4.85	4.96	1170012
2020-06-09	4.93	4.99	4.88	4.99	1939347
2020-06-10	4.96	4.96	4.85	4.93	1027828
2020-06-11	4.91	4.99	4.66	4.71	2450732
2020-06-12	4.57	4.85	4.57	4.8	1384928
2020-06-15	4.8	4.82	4.63	4.68	894516
2020-06-16	4.71	4.8	4.68	4.77	910998
2020-06-17	4.8	4.8	4.71	4.74	508649
2020-06-18	4.74	4.8	4.71	4.8	216642
2020-06-19	4.74	4.88	4.74	4.85	379358
2020-06-22	4.88	4.88	4.82	4.85	452918
2020-06-23	4.85	4.88	4.8	4.85	497628
2020-06-24	4.85	4.93	4.82	4.88	613284
2020-06-25	4.77	4.93	4.77	4.93	795653
2020-06-26	4.93	4.93	4.85	4.88	444060
2020-06-29	4.88	4.88	4.77	4.82	695034
2020-06-30	4.85	4.91	4.77	4.82	505813
2020-07-01	4.85	4.91	4.82	4.91	504327
2020-07-02	4.91	4.93	4.85	4.91	1319895
2020-07-03	4.93	4.93	4.91	4.91	440727
2020-07-06	4.91	4.93	4.85	4.91	725536
2020-07-07	4.93	4.96	4.91	4.93	700953
2020-07-08	4.93	5.18	4.91	5.1	1859618
2020-07-09	5.1	5.27	5.1	5.21	1546175
2020-07-10	5.21	5.21	5.07	5.13	1130622
2020-07-13	5.13	5.21	5.07	5.1	609791
2020-07-14	5.1	5.13	5.07	5.1	366626
2020-07-15	5.13	5.32	5.1	5.27	2018401
2020-07-16	5.27	5.46	5.27	5.41	1977932
2020-07-17	5.43	5.43	5.35	5.43	960045
2020-07-20	5.43	5.52	5.41	5.49	1786914
2020-07-21	5.46	5.6	5.46	5.6	1561773
2020-07-22	5.65	5.77	5.6	5.68	1767643
2020-07-23	5.68	5.74	5.54	5.63	1273565
2020-07-24	5.63	5.63	5.24	5.35	3268484
2020-07-27	5.27	5.27	4.85	4.91	3379143
2020-07-28	4.93	5.21	4.91	5.16	1486515
2020-07-29	5.16	5.16	4.74	4.85	1347306
2020-07-30	4.85	4.99	4.85	4.91	1069882
2020-07-31	4.85	5.07	4.8	4.99	955484
2020-08-03	5.02	5.24	4.99	5.24	1716060
2020-08-04	5.24	5.38	5.21	5.27	1205530
2020-08-05	5.27	5.35	5.24	5.29	772175
2020-08-06	5.54	6.1	5.29	5.41	1657359
2020-08-07	5.54	5.54	5.35	5.38	700448
2020-08-10	5.38	5.54	5.38	5.46	1232135
2020-08-11	5.49	5.63	5.46	5.6	1816914
2020-08-12	5.6	5.79	5.6	5.74	2908268
2020-08-13	5.71	5.85	5.71	5.77	1569494
2020-08-14	5.77	5.77	5.63	5.63	1288597
2020-08-17	5.68	5.74	5.6	5.71	480014
2020-08-18	5.71	5.88	5.65	5.79	1520983
2020-08-19	5.79	5.85	5.77	5.79	930177
2020-08-20	5.79	5.9	5.77	5.79	1394638
2020-08-21	5.79	5.9	5.79	5.88	927842
2020-08-24	5.85	5.96	5.85	5.93	1997809
2020-08-25	5.99	6.13	5.96	6.04	4105763
2020-08-26	6.04	6.29	6.04	6.15	1749787
2020-08-27	6.15	6.26	6.15	6.26	1062067
2020-08-28	6.29	6.29	6.21	6.26	1382505
2020-08-31	6.26	6.32	6.04	6.1	2777800
2020-09-01	6.1	6.15	6.04	6.13	572944
2020-09-03	6.15	6.43	6.15	6.35	1877480
2020-09-04	6.38	6.38	6.18	6.29	1152863
2020-09-07	6.29	6.35	6.21	6.21	1154881
2020-09-08	6.21	6.26	6.15	6.24	711262
2020-09-09	6.13	6.21	6.1	6.21	880072
2020-09-10	6.24	6.26	6.18	6.21	511931
2020-09-11	6.21	6.24	6.18	6.24	303811
2020-09-14	6.24	6.29	6.24	6.29	592291
2020-09-15	6.26	6.6	6.26	6.51	1962679
2020-09-16	6.57	6.62	6.46	6.51	586193
2020-09-17	6.51	6.57	6.49	6.51	713588
2020-09-18	6.51	6.93	6.51	6.93	2411775
2020-09-21	6.93	7.15	6.9	6.96	1260312
2020-09-22	6.98	7.01	6.87	6.96	648599
2020-09-23	6.96	7.23	6.96	7.15	2685712
2020-09-24	7.12	7.21	7.07	7.15	1733246
2020-09-25	7.1	7.35	7.1	7.35	1326769
2020-09-28	7.35	7.57	7.35	7.57	1345184
2020-09-29	7.62	7.76	7.54	7.68	2287410
2020-09-30	7.65	7.73	7.54	7.68	846611
2020-10-01	7.68	8.04	7.68	8.04	2157149
2020-10-02	8.04	8.26	7.87	8.15	3403611
2020-10-05	8.09	8.45	8.09	8.43	2058900
2020-10-06	8.45	9.37	8.43	9.34	4081300
2020-10-07	9.15	9.42	9.01	9.29	5212500
2020-10-08	9.29	9.31	8.23	9.15	3410100
2020-10-09	9.15	9.23	9.06	9.15	1149100
2020-10-12	9.15	9.29	9.01	9.06	2464500
2020-10-13	9.04	9.06	8.7	8.84	2044000
2020-10-14	8.84	8.84	8.43	8.76	2078700
2020-10-15	8.73	8.9	8.59	8.9	572800
2020-10-16	8.87	9.37	8.87	9.2	1798200
2020-10-19	9.29	9.45	9.26	9.37	875900
2020-10-20	9.31	9.56	9.09	9.31	690400
2020-10-21	9.31	9.31	9.12	9.29	1098700
2020-10-22	9.29	9.29	9.15	9.2	349100
2020-10-23	9.29	9.34	9.17	9.29	1468300
2020-10-26	9.29	9.31	9.04	9.2	1199200
2020-10-27	9.2	9.2	9.01	9.09	968400
2020-10-28	8.93	9.09	8.79	9.04	1637800
2020-10-29	8.87	9.23	8.79	9.09	943400
2020-11-10	9.42	9.45	9.09	9.09	1745460
2020-11-11	9.15	9.16	9.06	9.06	834380
2020-11-12	9.04	9.15	9.04	9.11	908760
2020-11-13	9.15	9.15	9.08	9.13	1097190
2020-11-16	9.15	9.16	9.05	9.11	866930
2020-11-17	9.11	9.15	9.09	9.12	1185510
2020-11-18	9.04	9.13	9.04	9.13	963360
2020-11-19	9.51	9.55	9.35	9.41	1224460
2020-11-20	9.45	9.45	9.35	9.38	422520
2020-11-23	9.38	9.38	9.15	9.3	493780
2020-11-24	9.3	9.31	9.15	9.3	601450
2020-11-25	9.3	9.31	9.25	9.31	497760
2020-11-26	9.3	9.31	9.2	9.31	518170
2020-11-27	9.3	9.31	9.26	9.31	356110
2020-11-30	9.31	9.31	9.18	9.18	313150
2020-12-01	9.05	9.81	9.05	9.81	3254230
2020-12-02	10.01	10.49	9.98	10.49	1697450
2020-12-03	11.06	11.23	10.78	10.78	1280960
2020-12-04	10.64	10.98	10.33	10.84	1539490
2020-12-07	10.84	10.91	10.61	10.68	734790
2020-12-08	10.68	11.09	10.63	10.84	897840
2020-12-09	10.91	10.93	10.71	10.71	821210
2020-12-10	10.71	10.78	10.49	10.54	789190
2020-12-11	10.54	10.81	10.44	10.68	968860
2020-12-14	10.68	10.78	10.59	10.59	778310
2020-12-15	10.58	10.91	10.54	10.63	720170
2020-12-16	10.64	10.81	10.61	10.78	794690
2020-12-17	10.81	11.14	10.64	10.91	2055240
2020-12-18	10.98	11.11	10.86	11.04	585030
2020-12-21	11.04	11.31	11.04	11.23	639870
2020-12-22	11.14	11.23	11.03	11.13	678900
2020-12-23	11.09	11.13	10.89	10.89	845870
2020-12-24	10.89	10.98	10.58	10.68	789260
2020-12-25	10.64	10.94	10.61	10.91	446980
2020-12-28	11.04	11.11	10.79	10.89	871930
2020-12-29	10.89	10.94	10.84	10.94	360210
2020-12-30	11.04	11.14	10.94	10.98	860320
2020-12-31	10.91	11.01	10.78	10.78	1390750
2021-01-04	10.93	11.04	10.88	10.98	946800
2021-01-05	10.98	11.74	10.98	11.74	2145100
2021-01-06	11.97	12.22	11.74	11.76	711000
2021-01-07	11.74	11.74	11.51	11.64	1036700
2021-01-08	11.64	11.81	11.56	11.56	1291700
2021-01-11	11.64	11.64	11.44	11.46	1011300
2021-01-12	11.34	11.61	11.34	11.46	605200
2021-01-13	11.61	11.71	11.53	11.54	1052400
2021-01-14	11.56	11.81	11.56	11.71	818400
2021-01-15	11.81	11.96	11.81	11.86	824200
2021-01-18	11.84	11.91	11.74	11.74	661800
2021-01-19	11.64	11.74	10.93	10.98	1032900
2021-01-20	10.98	11.14	10.23	10.96	850500
2021-01-21	11.14	11.34	10.98	11.34	606100
2021-01-22	11.41	11.41	11.31	11.36	646900
2021-01-25	11.38	11.38	11.24	11.36	411700
2021-01-26	11.36	11.36	10.98	11.01	500000
2021-01-27	10.98	11.28	10.91	11.13	842600
2021-01-28	10.38	10.98	10.36	10.36	1079800
2021-01-29	9.71	10.64	9.71	10.51	457900
2021-02-01	10.64	10.64	10.21	10.33	284300
2021-02-02	10.31	10.64	10.31	10.63	387700
2021-02-03	10.81	11.28	10.64	11.28	541300
2021-02-04	11.31	11.31	11.08	11.24	314600
2021-02-05	11.28	11.81	11.24	11.78	1534500
2021-02-08	11.81	12.11	11.34	11.58	1354400
2021-02-09	11.44	11.97	11.44	11.97	1091900
2021-02-17	11.97	12.57	11.94	12.56	1141900
2021-02-18	12.54	12.54	12.24	12.46	787100
2021-02-19	12.24	12.64	12.24	12.51	531800
2021-02-22	12.57	12.61	12.44	12.54	1128900
2021-02-23	12.47	12.61	11.68	12.37	1401200
2021-02-24	12.39	12.59	12.39	12.44	903200
2021-02-25	12.44	12.81	12.44	12.79	975600
2021-02-26	12.67	13.24	12.64	13.21	1099700
2021-03-01	13.64	14.12	13.6	14.12	991400
2021-03-02	14.8	14.84	14.17	14.5	1116000
2021-03-03	14.34	14.44	14.32	14.37	687500
2021-03-04	14.37	14.39	13.87	13.97	1035500
2021-03-05	13.97	14.47	13.57	14.4	509000
2021-03-08	14.6	14.6	14.3	14.35	486000
2021-03-09	14.3	14.4	14.2	14.3	321700
2021-03-10	14.25	14.32	14.24	14.29	319900
2021-03-11	14.57	14.57	14.37	14.39	338700
2021-03-12	14.42	14.64	14.42	14.45	445400
2021-03-15	14.6	14.64	14.5	14.54	496100
2021-03-16	14.6	14.64	14.44	14.47	323100
2021-03-17	14.47	15.47	14.47	15.3	1321300
2021-03-18	15.3	15.47	15.0	15.22	547600
2021-03-19	15.22	15.23	15.17	15.2	657700
2021-03-22	15.3	15.33	15.0	15.02	712000
2021-03-23	15.02	15.03	14.3	14.8	609600
2021-03-24	14.67	14.8	14.5	14.57	743900
2021-03-25	14.57	14.6	14.3	14.34	949400
2021-03-26	14.34	14.57	13.97	14.39	629900
2021-03-29	14.4	14.62	14.39	14.62	249800
2021-03-30	14.64	15.47	14.64	15.43	1177200
2021-03-31	15.6	16.4	15.6	16.1	1462600
2021-04-01	16.28	16.63	16.1	16.6	992400
2021-04-02	16.6	17.03	16.47	16.86	641300
2021-04-05	17.8	17.8	16.96	17.73	1321700
2021-04-06	17.66	18.46	17.66	17.83	892000
2021-04-07	17.83	17.83	17.6	17.73	621500
2021-04-08	17.73	17.73	16.63	17.03	1307400
2021-04-09	16.86	16.9	16.61	16.86	1408300
2021-04-12	16.86	17.66	16.86	17.63	436400
2021-04-13	17.63	17.73	17.23	17.3	659400
2021-04-14	17.16	17.56	16.96	17.4	746000
2021-04-15	17.43	17.63	17.1	17.26	708300
2021-04-16	17.23	17.26	16.8	16.96	367600
2021-04-19	16.96	17.33	16.96	17.3	565800
2021-04-20	17.46	18.16	17.46	17.96	1844000
2021-04-22	17.96	18.13	17.73	17.73	751500
2021-04-23	17.63	17.73	17.13	17.73	934600
2021-04-26	17.8	18.1	17.56	17.9	994200
2021-04-27	17.9	17.93	17.33	17.73	654900
2021-04-28	17.73	18.29	17.63	18.23	1008500
2021-04-29	18.26	18.53	18.26	18.49	1907900
2021-05-04	17.9	18.49	17.66	18.43	614200
2021-05-05	18.63	18.63	18.06	18.29	1127000
2021-05-06	18.29	19.56	18.29	19.46	2135700
2021-05-07	19.46	19.63	19.06	19.53	487500
2021-05-10	19.43	19.79	19.43	19.63	731100
2021-05-11	19.89	20.62	19.79	20.39	1352500
2021-05-12	20.36	20.79	20.26	20.49	1042400
2021-05-13	20.36	20.59	20.36	20.36	1129600
2021-05-14	20.36	20.79	20.12	20.72	1461700
2021-05-17	20.49	20.72	20.22	20.29	1108700
2021-05-18	20.16	20.16	19.16	19.49	2193900
2021-05-19	19.96	20.29	19.39	20.12	1798100
2021-05-20	20.16	20.62	20.16	20.56	1435100
2021-05-21	20.59	20.62	20.29	20.39	1202400
2021-05-24	20.39	20.56	20.22	20.29	1111800
2021-05-25	20.29	20.29	20.12	20.29	859100
2021-05-26	20.39	21.09	20.39	20.96	1605000
2021-05-27	21.62	21.62	21.12	21.22	1727700
2021-05-28	21.29	21.45	21.12	21.39	798200
2021-05-31	21.55	22.85	21.45	22.79	1273300
2021-06-01	23.28	23.95	22.95	23.72	1593800
2021-06-02	23.55	24.02	23.28	23.95	1429100
2021-06-03	23.95	24.75	23.95	24.61	1101900
2021-06-04	24.91	25.25	24.38	24.61	1296600
2021-06-07	24.75	24.88	22.92	24.02	1292800
2021-06-08	23.95	24.28	22.95	23.25	1083700
2021-06-09	23.75	24.68	23.52	24.45	1630400
2021-06-10	24.22	25.15	23.75	24.17	1063900
2021-06-11	24.22	24.73	23.52	24.54	1732100
2021-06-14	24.54	24.59	24.08	24.12	1312700
2021-06-15	24.12	24.12	23.66	23.66	1033400
2021-06-16	23.28	23.75	23.17	23.19	1315900
2021-06-17	22.4	23.52	22.4	23.28	743400
2021-06-18	23.75	23.75	23.28	23.47	493600
2021-06-21	23.56	23.98	23.47	23.47	930900
2021-06-22	23.75	23.75	23.38	23.56	1040400
2021-06-23	23.66	23.94	23.52	23.52	1426500
2021-06-24	23.52	23.75	23.19	23.28	614800
2021-06-25	23.28	23.28	22.72	22.86	1049500
2021-06-28	22.86	23.52	22.35	23.26	2421700
2021-06-29	23.47	23.7	23.24	23.28	1040100
2021-06-30	23.28	23.38	22.96	23.03	429100
2021-07-01	22.86	23.28	22.72	22.86	746100
2021-07-02	23.05	23.66	22.86	23.33	1492800
2021-07-05	23.75	23.75	23.12	23.38	1295000
2021-07-06	23.47	24.17	23.38	23.52	4870800
2021-07-07	23.38	23.38	22.35	23.19	1431700
2021-07-08	23.26	24.08	23.1	23.94	3395700
2021-07-09	23.94	25.15	23.56	24.4	6018900
2021-07-12	24.22	24.22	22.7	22.91	2804300
2021-07-13	23.38	23.38	21.89	22.21	2892300
2021-07-14	21.56	22.12	20.68	20.68	4387400
2021-07-15	20.49	21.42	19.79	20.91	2070800
2021-07-16	21.19	21.33	20.84	20.89	794000
2021-07-19	20.07	20.07	19.44	19.44	2165100
2021-07-20	19.09	19.56	18.16	19.56	3838200
2021-07-21	20.02	20.02	19.14	19.14	737300
2021-07-22	19.09	19.51	18.63	19.42	1200700
2021-07-23	19.28	19.33	18.72	18.72	1449500
2021-07-26	18.18	18.63	17.79	17.95	1706700
2021-07-27	18.21	18.63	18.07	18.49	894300
2021-07-28	18.16	19.14	18.16	18.77	1223300
2021-07-29	18.79	19.02	18.79	18.88	753200
2021-07-30	18.91	19.42	18.91	19.37	1881100
2021-08-02	19.37	19.54	19.09	19.44	2011500
2021-08-03	19.51	19.56	19.23	19.37	1278600
2021-08-04	19.4	19.42	19.19	19.26	1199200
2021-08-05	19.26	19.65	19.09	19.56	2093700
2021-08-06	19.65	19.67	19.42	19.42	1293000
2021-08-09	19.35	19.63	19.16	19.56	1313300
2021-08-10	19.79	19.79	19.44	19.47	1496400
2021-08-11	19.51	19.74	19.35	19.37	1322800
2021-08-12	19.37	19.42	19.09	19.09	1851400
2021-08-13	19.09	19.23	18.81	19.0	1376200
2021-08-16	19.0	19.51	18.81	19.47	1880000
2021-08-17	19.7	19.72	19.33	19.4	1469900
2021-08-18	19.4	19.42	19.09	19.14	2068000
2021-08-19	19.05	19.09	18.86	18.88	1031300
2021-08-20	19.0	19.0	17.6	18.02	2610200
2021-08-23	17.93	18.02	16.76	16.76	4861200
2021-08-24	16.62	17.04	16.18	16.69	1408500
2021-08-25	16.79	17.46	16.79	17.23	905800
2021-08-26	17.23	17.37	16.86	16.9	800500
2021-08-27	16.58	16.9	16.07	16.76	1539400
2021-08-30	16.76	17.04	16.67	16.97	1141100
2021-08-31	17.23	17.37	16.76	16.88	917400
2021-09-01	16.76	16.86	16.72	16.79	625300
2021-09-06	16.76	16.86	16.53	16.67	1040400
2021-09-07	16.72	17.21	16.72	17.0	1478100
2021-09-08	17.14	17.35	16.95	17.02	1361300
2021-09-09	17.04	17.04	16.86	17.04	459800
2021-09-10	17.07	17.09	16.81	16.9	727600
2021-09-13	16.86	16.9	16.62	16.72	867700
2021-09-14	16.72	16.72	16.46	16.48	860700
2021-09-15	16.39	16.48	16.3	16.37	574500
2021-09-16	16.44	16.9	16.37	16.39	450000
2021-09-17	16.42	16.86	16.39	16.76	730600
2021-09-20	16.95	17.93	16.95	17.93	4016300
2021-09-21	17.93	18.39	17.74	18.39	3518600
2021-09-22	18.63	18.63	18.02	18.07	1070500
2021-09-23	17.98	18.07	17.58	17.6	3012400
2021-09-24	17.7	18.02	17.7	17.91	2162100
2021-09-27	17.84	17.91	17.0	17.0	1536300
2021-09-28	17.04	17.23	16.81	17.0	994900
2021-09-29	16.97	17.02	16.55	16.74	1640700
2021-09-30	16.72	16.97	16.39	16.46	2048800
2021-10-01	16.46	16.55	15.97	15.97	1665800
2021-10-04	16.02	16.25	15.48	15.48	2270200
2021-10-05	15.55	16.04	15.55	16.04	1440200
2021-10-06	16.04	16.21	15.97	16.07	851600
2021-10-07	16.02	16.18	15.74	16.0	1000800
2021-10-08	16.11	16.14	15.83	16.11	1130300
2021-10-11	16.25	16.62	16.25	16.6	1405400
2021-10-12	16.86	17.0	16.74	16.81	1387900
2021-10-13	16.86	16.9	16.53	16.86	1082400
2021-10-14	16.95	17.23	16.83	16.95	825400
2021-10-15	16.95	17.18	16.76	17.09	1249900
2021-10-18	17.09	17.18	16.76	17.02	863800
2021-10-19	17.07	17.07	16.72	16.95	783300
2021-10-20	16.86	17.23	16.69	17.04	1255700
2021-10-21	17.09	17.37	16.95	17.18	1664600
2021-10-22	17.21	17.35	16.97	17.18	925900
2021-10-25	17.18	17.18	16.76	16.83	660000
2021-10-26	16.76	17.14	16.62	17.14	1187100
2021-10-27	17.23	17.3	16.9	17.28	1824500
2021-10-28	17.28	17.46	17.0	17.32	1146700
2021-10-29	17.3	17.32	17.04	17.23	1051800
2021-11-01	17.23	17.28	17.02	17.04	847700
2021-11-02	17.02	17.44	16.83	17.44	1442400
2021-11-03	17.49	18.16	17.46	18.02	3039500
2021-11-04	18.11	18.18	17.77	17.84	671500
2021-11-05	17.88	17.91	17.46	17.7	758900
2021-11-08	17.7	18.16	17.42	17.53	1539500
2021-11-09	17.56	17.84	17.51	17.7	1364000
2021-11-10	17.7	17.74	17.53	17.65	988300
2021-11-11	17.65	17.7	17.09	17.6	1649900
2021-11-12	17.65	17.86	17.23	17.84	988000
2021-11-15	18.16	18.16	17.77	17.86	1746800
2021-11-16	17.79	18.07	17.63	17.72	1692400
2021-11-17	17.7	17.93	17.6	17.86	1411100
2021-11-18	17.86	17.86	17.53	17.6	1255200
2021-11-19	17.6	18.39	17.53	18.16	5956800
2021-11-22	18.58	19.42	18.44	19.42	8375900
2021-11-23	19.6	19.65	18.91	19.51	2721900
2021-11-24	19.42	20.86	19.33	20.86	8199200
2021-11-25	21.1	21.28	20.49	20.79	3340800
2021-11-26	20.84	21.56	20.54	20.96	4182200
2021-11-29	20.58	20.77	20.02	20.33	3624500
2021-11-30	20.63	20.79	18.91	19.65	5081000
2021-12-01	19.7	20.02	19.26	20.02	3546200
2021-12-02	20.21	20.54	19.88	19.98	2183800
2021-12-03	19.84	20.68	19.74	19.74	3128900
2021-12-06	19.93	19.93	18.37	18.91	3609200
2021-12-07	19.0	19.33	18.86	19.07	1216700
2021-12-08	19.09	20.0	18.98	19.47	1414900
2021-12-09	19.56	19.79	19.47	19.79	1473500
2021-12-10	20.09	20.28	19.91	20.02	2176400
2021-12-13	20.26	20.26	19.67	20.02	2224200
2021-12-14	19.91	20.26	19.7	19.93	1307500
2021-12-15	20.07	20.44	19.81	20.35	2510900
2021-12-16	20.49	20.91	20.44	20.49	2489100
2021-12-17	20.7	20.77	20.3	20.42	1372500
2021-12-20	20.42	21.19	20.21	21.19	4092500
2021-12-21	21.16	21.19	20.54	20.54	1968700
2021-12-22	20.54	20.58	19.37	20.26	3397500
2021-12-23	19.93	19.93	18.98	19.65	3019300
2021-12-24	19.42	20.49	19.37	20.33	1615800
2021-12-27	20.49	20.49	19.33	20.12	994900
2021-12-28	19.98	20.49	19.7	19.98	1460700
2021-12-29	20.16	20.96	20.14	20.54	3329500
2021-12-30	20.54	20.96	20.54	20.61	1449500
2021-12-31	20.63	22.03	20.63	22.03	9613200
2022-01-04	22.33	22.38	22.0	22.19	2311300
2022-01-05	22.19	22.75	21.82	22.1	1966300
2022-01-06	21.79	22.54	21.56	21.75	4190200
2022-01-07	21.63	21.89	21.49	21.51	2216300
2022-01-10	21.37	21.56	20.72	21.19	3785400
2022-01-11	21.19	21.42	20.63	20.82	1697800
2022-01-12	20.82	22.03	19.88	21.86	2888100
2022-01-13	22.07	22.59	21.65	21.7	4106800
2022-01-14	21.28	21.65	20.96	21.37	1318700
2022-01-17	21.37	21.75	20.26	20.49	3082400
2022-01-18	20.26	20.91	19.6	20.21	3248400
2022-01-19	20.12	20.77	20.12	20.3	1232900
2022-01-20	20.3	20.72	19.6	20.49	2766500
2022-01-21	20.26	21.42	20.23	21.0	2323300
2022-01-24	20.91	21.4	20.49	20.54	1532600
2022-01-25	20.54	21.33	20.49	21.33	1454600
2022-01-26	21.42	22.35	21.33	21.93	4286000
2022-01-27	21.96	22.35	21.56	21.79	1798500
2022-01-28	22.03	22.77	21.75	22.14	3606500
2022-02-07	22.31	22.59	22.05	22.05	1529200
2022-02-08	21.7	22.35	21.7	22.35	2461300
2022-02-09	22.56	22.82	22.21	22.31	2899700
2022-02-10	22.17	22.4	21.98	22.17	1854100
2022-02-11	22.03	22.49	22.0	22.21	1582500
2022-02-14	21.79	22.1	21.37	21.37	3436300
2022-02-15	21.42	21.75	20.96	21.51	2588200
2022-02-16	21.51	21.51	21.14	21.23	2393300
2022-02-17	21.42	21.79	21.23	21.79	1576800
2022-02-18	21.7	22.07	21.61	21.82	1499000
2022-02-21	21.51	21.82	21.49	21.7	1898300
2022-02-22	21.42	21.79	21.28	21.65	1809200
2022-02-23	21.89	22.28	21.75	21.84	1991300
2022-02-24	21.72	21.98	20.96	21.82	3087200
2022-02-25	21.93	22.19	21.89	22.07	2371600
2022-02-28	22.12	22.17	21.84	21.84	1375700
2022-03-01	21.79	21.89	21.51	21.89	1554800
2022-03-02	21.7	21.7	20.54	21.33	4369400
2022-03-03	21.16	21.42	20.68	21.42	2259100
2022-03-04	21.37	21.56	21.14	21.33	963100
2022-03-07	21.19	21.19	20.91	20.91	1310200
2022-03-08	20.86	21.14	20.65	20.77	2093200
2022-03-09	20.72	20.86	19.98	20.72	2100000
2022-03-10	21.1	21.1	20.68	20.68	900700
2022-03-11	20.26	20.72	20.26	20.35	1353800
2022-03-14	20.26	20.3	20.02	20.02	1675300
2022-03-15	20.12	20.4	19.95	20.14	1056100
2022-03-16	20.56	20.72	20.4	20.51	1020100
2022-03-17	20.77	20.91	20.58	20.58	560400
2022-03-18	20.61	20.68	20.49	20.63	621300
2022-03-21	20.77	20.86	20.68	20.86	1304200
2022-03-22	20.98	21.19	20.91	21.0	859100
2022-03-23	21.05	21.28	20.86	20.96	666500
2022-03-24	20.96	20.96	20.68	20.82	1065800
2022-03-25	20.82	20.89	20.72	20.72	761900
2022-03-28	20.63	20.72	20.28	20.47	906700
2022-03-29	20.47	21.03	20.47	20.91	1060000
2022-03-30	20.86	21.89	20.86	21.89	3653000
2022-03-31	21.79	21.93	21.65	21.91	1278200
2022-04-01	21.89	22.56	21.77	22.31	2657300
2022-04-04	22.72	22.72	22.17	22.26	1724400
2022-04-05	22.19	22.26	21.82	21.82	1416000
2022-04-06	21.79	22.54	21.61	22.07	1998700
2022-04-07	22.12	22.45	21.75	21.75	1509900
2022-04-08	21.89	21.89	20.96	20.96	1430500
2022-04-12	21.19	21.23	20.58	20.58	991400
2022-04-13	20.63	21.07	20.21	20.96	885500
2022-04-14	20.96	21.1	20.79	20.84	551500
2022-04-15	20.72	20.84	20.37	20.4	1150900
2022-04-18	20.26	20.37	19.65	20.12	1632900
2022-04-19	20.12	20.26	19.51	19.79	947100
2022-04-20	19.79	19.95	19.26	19.26	659100
2022-04-21	19.33	19.56	17.98	19.56	1573400
2022-04-22	19.56	20.09	18.63	19.79	1051800
2022-04-25	19.79	19.79	18.42	18.6	1173700
2022-04-26	18.39	19.14	17.35	19.14	1082600
2022-04-27	19.09	19.47	18.63	19.47	676300
2022-04-28	19.16	19.58	19.14	19.28	494800
2022-04-29	19.33	20.14	19.21	20.02	1467600
2022-05-04	20.26	20.26	18.81	18.81	621500
2022-05-05	19.33	19.56	18.91	19.47	702200
2022-05-06	19.09	19.42	18.86	18.91	616900
2022-05-09	18.63	18.91	17.6	18.16	1298700
2022-05-10	17.0	18.02	17.0	17.88	1148900
2022-05-11	18.21	18.37	17.84	18.37	668700
2022-05-12	18.16	18.3	17.09	17.09	1511900
2022-05-13	16.97	17.54	15.91	15.91	1756000
2022-05-16	15.78	16.97	14.81	16.06	3900600
2022-05-17	16.03	16.82	15.34	16.72	1725900
2022-05-18	16.97	17.01	16.35	16.72	1185100
2022-05-19	15.84	16.53	15.84	16.22	1359600
2022-05-20	16.22	16.41	16.03	16.25	967000
2022-05-23	16.35	16.35	15.59	15.59	877500
2022-05-24	15.37	16.03	15.18	16.03	1034000
2022-05-25	16.03	16.57	16.03	16.57	1084900
2022-05-26	16.66	16.66	16.38	16.47	798500
2022-05-27	16.5	16.91	16.38	16.88	2060600
2022-05-30	16.91	17.16	16.85	17.1	999300
2022-05-31	17.13	17.13	16.72	16.85	467200
2022-06-01	16.82	17.04	16.6	16.66	514600
2022-06-02	16.66	16.82	16.38	16.53	752700
2022-06-03	16.53	16.6	16.25	16.41	633800
2022-06-06	16.41	16.44	16.22	16.44	1099500
2022-06-07	16.44	16.47	15.97	16.35	755400
2022-06-08	16.66	16.97	16.35	16.75	968300
2022-06-09	16.85	16.85	16.53	16.66	380900
2022-06-10	16.41	16.75	16.38	16.38	607900
2022-06-13	15.75	15.91	15.25	15.25	1897500
2022-06-14	15.21	15.21	14.21	14.21	2198900
2022-06-15	14.15	14.21	13.27	13.83	3654500
2022-06-16	14.08	14.46	13.89	13.96	797900
2022-06-17	13.64	13.64	12.98	12.98	4375100
2022-06-20	12.98	13.58	12.1	12.13	3203200
2022-06-21	11.57	12.2	11.32	11.32	3064200
2022-06-22	11.82	12.1	11.44	12.1	4284800
2022-06-23	12.35	12.79	12.26	12.79	1731700
2022-06-24	13.01	13.05	12.73	12.95	1390100
2022-06-27	12.95	13.05	12.7	13.01	1535900
2022-06-28	13.14	13.89	13.01	13.89	1753800
2022-06-29	13.96	14.84	13.71	14.08	2386500
2022-06-30	14.11	14.33	13.52	13.52	1565500
2022-07-01	13.52	14.46	12.7	14.3	2331300
2022-07-04	14.52	15.28	14.52	15.28	4232400
2022-07-05	15.72	15.97	15.15	15.15	2740100
2022-07-06	14.65	15.4	14.65	15.15	1675200
2022-07-07	15.28	15.94	14.59	15.78	3123300
2022-07-08	16.0	16.19	15.72	15.75	1823700
2022-07-11	15.21	15.59	14.9	15.03	2490200
2022-07-12	14.93	15.65	14.87	15.28	1057100
2022-07-13	15.4	15.84	15.09	15.28	1516500
2022-07-14	15.18	15.4	15.03	15.37	1213000
2022-07-15	15.37	15.84	15.25	15.25	2594500
2022-07-18	15.28	15.5	15.25	15.47	1385800
2022-07-19	15.53	15.53	15.18	15.28	1095000
2022-07-20	15.69	15.72	15.47	15.62	2046400
2022-07-21	15.75	16.0	15.72	15.78	1682200
2022-07-22	16.0	16.63	15.81	16.47	4380500
2022-07-25	16.35	16.35	16.03	16.19	1358300
2022-07-26	16.16	16.44	16.03	16.13	1138400
2022-07-27	16.03	16.16	15.84	16.13	817000
2022-07-28	16.38	16.63	16.16	16.63	2360800
2022-07-29	16.66	17.16	16.63	16.72	6336200
2022-08-01	16.66	16.82	16.53	16.75	1816300
2022-08-02	16.97	17.07	16.69	16.72	1723800
2022-08-03	16.72	16.72	16.41	16.47	1980300
2022-08-04	16.63	16.63	16.35	16.41	2374400
2022-08-05	16.35	16.35	16.13	16.31	2453300
2022-08-08	16.22	16.53	16.22	16.44	1558800
2022-08-09	16.53	16.53	16.28	16.38	1597000
2022-08-10	16.35	16.41	16.28	16.35	1361400
2022-08-11	16.47	16.53	16.03	16.13	2342900
2022-08-12	16.28	16.28	15.97	16.22	1485300
2022-08-15	16.35	16.69	16.22	16.5	2349900
2022-08-16	16.53	16.82	16.41	16.6	3397300
2022-08-17	16.6	16.66	16.44	16.44	2337400
2022-08-18	16.41	16.63	16.35	16.35	2759000
2022-08-19	16.28	16.47	16.16	16.16	1839700
2022-08-22	16.22	16.22	15.5	15.72	2423500
2022-08-23	15.53	15.84	15.43	15.84	1122200
2022-08-24	15.94	16.06	15.78	15.78	1099400
2022-08-25	15.97	16.25	15.84	16.16	2116600
2022-08-26	16.16	16.25	15.94	15.97	1537900
2022-08-29	15.78	16.16	15.5	15.91	1847200
2022-08-30	16.09	16.19	15.72	15.72	1672800
2022-08-31	15.72	15.84	15.62	15.72	1229800
2022-09-05	15.72	15.81	15.43	15.43	1545900
2022-09-06	15.43	15.59	15.34	15.47	2007100
2022-09-07	15.47	15.94	15.4	15.4	3009400
2022-09-08	15.53	15.59	14.84	14.84	1882400
2022-09-09	14.93	14.96	14.02	14.84	4168400
2022-09-12	14.96	15.06	14.43	14.68	1540857
2022-09-13	14.71	14.81	14.46	14.68	1093458
2022-09-14	14.4	14.55	14.24	14.55	1349799
2022-09-15	14.65	14.65	14.46	14.46	687963
2022-09-16	14.4	14.46	14.05	14.3	1449989
2022-09-19	13.96	14.21	13.42	13.86	2561599
2022-09-20	13.83	14.02	13.42	14.02	1655069
2022-09-21	13.83	13.89	13.67	13.83	960949
2022-09-22	13.58	14.15	13.55	14.15	1413031
2022-09-23	13.96	14.15	13.86	14.02	920590
2022-09-26	13.71	14.46	13.17	14.18	2792431
2022-09-27	13.89	14.81	13.89	14.62	3854081
2022-09-28	14.71	14.71	14.15	14.33	1212210
2022-09-29	14.43	14.59	13.89	13.93	1564174
2022-09-30	13.89	13.99	13.27	13.83	2096095
2022-10-03	13.58	13.89	13.14	13.3	2312739
2022-10-04	13.45	13.86	13.33	13.36	2048877
2022-10-05	13.83	13.83	13.49	13.49	1321529
2022-10-06	13.49	13.49	12.57	13.05	2045885
2022-10-07	12.51	12.98	12.13	12.57	2376523
2022-10-10	12.48	12.86	12.07	12.54	1628964
2022-10-11	12.26	12.48	11.69	12.17	2500892
2022-10-12	12.13	12.92	12.13	12.32	2004489
2022-10-13	12.39	12.57	12.26	12.39	1455799
2022-10-14	13.23	13.23	12.61	12.7	2743125
2022-10-17	12.67	12.7	12.2	12.51	1226566
2022-10-18	12.73	12.89	12.51	12.54	1502962
2022-10-19	12.57	12.95	12.51	12.83	1568831
2022-10-20	12.89	12.89	12.51	12.54	1552871
2022-10-21	12.64	12.64	11.73	12.07	2152750
2022-10-24	12.1	12.1	11.25	11.85	1919736
2022-10-25	11.95	12.45	11.32	12.1	1846450
2022-10-26	12.17	12.26	11.73	11.98	787771
2022-10-27	12.07	12.51	11.73	12.51	2131234
2022-10-28	12.64	12.92	12.39	12.39	2310159
2022-10-31	12.48	12.51	12.01	12.32	1229646
2022-11-01	12.51	12.86	12.45	12.67	5003285
2022-11-02	12.67	13.36	12.64	13.01	9639254
2022-11-03	12.92	13.08	12.73	12.76	4351787
2022-11-04	12.57	12.76	11.88	12.42	6770354
2022-11-07	12.1	12.39	11.57	11.6	5979684
2022-11-08	11.32	11.73	11.29	11.66	3447026
2022-11-09	11.54	11.88	11.38	11.57	2685896
2022-11-10	11.32	11.44	10.78	11.0	5653712
2022-11-11	11.19	11.29	10.37	11.0	4916525
2022-11-14	10.72	11.1	10.31	10.94	4054926
2022-11-15	10.69	10.81	10.18	10.69	4765998
2022-11-16	10.22	11.41	10.22	11.32	3637340
2022-11-17	11.57	11.82	11.44	11.6	3260925
2022-11-18	11.6	11.69	11.25	11.57	2574183
2022-11-21	11.63	11.88	11.54	11.63	2446601
2022-11-22	11.54	11.95	11.41	11.44	4853449
2022-11-23	11.57	11.57	11.25	11.25	1916731
2022-11-24	11.19	11.29	11.0	11.22	2192403
2022-11-25	11.44	11.51	11.32	11.51	3620103
2022-11-28	11.79	12.13	11.57	11.98	6156135
2022-11-29	12.04	12.13	11.69	11.91	5563275
2022-11-30	12.04	12.73	11.91	12.73	11708083
2022-12-01	13.11	13.17	12.54	12.57	10027661
2022-12-02	12.48	13.45	12.45	13.45	8819878
2022-12-05	13.83	13.99	13.49	13.77	8781459
2022-12-06	13.8	13.83	12.83	12.83	11259188
2022-12-07	12.83	13.01	12.57	12.86	4993010
2022-12-08	13.14	13.71	12.95	13.17	6290040
2022-12-09	13.2	13.3	12.95	13.17	5122246
2022-12-12	13.2	13.39	12.76	12.79	4648369
2022-12-13	12.73	13.05	12.57	13.05	5060245
2022-12-14	13.14	13.2	12.95	12.95	5268187
2022-12-15	13.01	13.52	12.95	13.2	5965188
2022-12-16	13.01	13.27	13.01	13.08	4734394
2022-12-19	13.11	13.55	13.05	13.05	5532203
2022-12-20	12.98	13.05	12.29	12.39	5752395
2022-12-21	12.45	12.7	11.82	12.39	3332728
2022-12-22	12.57	12.7	12.26	12.54	2194816
2022-12-23	12.48	12.54	12.2	12.35	1624452
2022-12-26	12.35	12.45	11.51	11.54	3331792
2022-12-27	11.51	11.95	11.51	11.95	1879922
2022-12-28	11.85	12.1	11.73	11.95	1704515
2022-12-29	11.79	12.07	11.79	11.88	1375577
2022-12-30	12.01	12.1	11.88	11.95	1426433
2023-01-03	11.91	12.51	11.91	12.51	2386970
2023-01-04	12.57	12.83	12.45	12.51	2527687
2023-01-05	12.51	12.67	12.48	12.64	1761574
2023-01-06	12.7	13.11	12.57	12.95	5143714
2023-01-09	13.08	13.61	13.08	13.3	4566843
2023-01-10	13.33	13.45	13.11	13.3	3782563
2023-01-11	13.52	13.52	13.33	13.33	4154675
2023-01-12	13.3	13.8	13.3	13.71	4933099
2023-01-13	13.96	14.21	13.77	13.86	6251255
2023-01-16	13.99	14.08	13.86	14.02	2579777
2023-01-17	13.99	14.4	13.99	14.4	3425728
2023-01-18	14.55	14.59	14.33	14.4	3544900
2023-01-19	14.21	14.43	14.18	14.4	4654733
2023-01-27	14.65	14.77	14.52	14.68	3769169
2023-01-30	14.74	14.81	14.49	14.49	4444903
2023-01-31	14.46	14.81	14.21	14.81	7274042
2023-02-01	15.06	15.34	14.71	14.84	8393425
2023-02-02	14.84	15.03	14.65	14.84	4363334
2023-02-03	14.96	15.28	14.81	15.28	4288916
2023-02-06	14.96	15.15	14.81	14.87	3214932
2023-02-07	15.03	15.03	14.4	14.49	3716226
2023-02-08	14.46	14.74	14.4	14.59	2421289
2023-02-09	14.68	14.72	14.42	14.45	1774755
2023-02-10	14.45	14.55	13.73	13.8	3334725
2023-02-13	13.47	13.8	13.14	13.27	3845389
2023-02-14	13.44	13.67	13.34	13.47	1270693
2023-02-15	13.47	13.8	13.3	13.6	3332785
2023-02-16	13.73	13.83	13.6	13.73	2126849
2023-02-17	13.86	14.13	13.8	14.13	3786870
2023-02-20	14.09	14.45	14.06	14.45	3973435
2023-02-21	14.62	14.72	14.32	14.32	3183857
2023-02-22	14.13	14.26	13.8	13.8	3326146
2023-02-23	13.83	14.13	13.6	14.13	3098063
2023-02-24	14.09	14.26	13.8	13.8	1443902
2023-02-27	13.6	13.93	13.5	13.5	2071565
2023-02-28	13.6	13.73	13.44	13.5	1348788
2023-03-01	13.5	13.86	13.34	13.86	2473317
2023-03-02	13.83	13.96	13.73	13.8	1235394
2023-03-03	13.86	13.9	13.57	13.57	1334517
2023-03-06	13.67	13.83	13.53	13.53	1985734
2023-03-07	13.73	13.8	13.5	13.53	1915732
2023-03-08	13.5	13.63	13.37	13.6	2688919
2023-03-09	13.73	14.03	13.67	13.93	4210195
2023-03-10	13.76	13.86	13.6	13.76	2338131
2023-03-13	13.6	13.7	13.53	13.6	3070228
2023-03-14	13.57	13.67	13.24	13.3	2490155
2023-03-15	13.57	14.06	13.53	14.06	7401624
2023-03-16	13.99	13.99	13.67	13.73	3551505
2023-03-17	13.96	13.96	13.73	13.76	2763887
2023-03-20	13.76	13.96	13.5	13.5	5065887
2023-03-21	13.73	13.73	13.4	13.63	2880076
2023-03-22	13.73	13.73	13.57	13.6	2170180
2023-03-23	13.53	13.6	13.4	13.57	3273666
2023-03-24	13.67	13.86	13.63	13.76	5706050
2023-03-27	13.8	13.9	13.73	13.86	4952761
2023-03-28	13.96	14.13	13.9	13.9	6887824
2023-03-29	13.93	14.09	13.86	13.96	5016251
2023-03-30	14.09	14.26	14.03	14.03	5388954
2023-03-31	14.09	14.16	13.96	14.06	6044867
2023-04-03	14.26	14.32	14.16	14.26	6202224
2023-04-04	14.29	14.65	14.22	14.52	7572341
2023-04-05	14.52	14.55	14.39	14.42	5631819
2023-04-06	14.46	14.52	14.12	14.12	6177945
2023-04-07	14.09	14.22	13.98	14.05	3903348
2023-04-10	14.19	14.29	13.98	14.05	4673936
2023-04-11	14.05	14.19	13.98	14.19	4241213
2023-04-12	14.25	14.46	14.19	14.32	4788339
2023-04-13	14.35	14.35	14.12	14.22	3206420
2023-04-14	14.22	14.42	13.98	13.98	5007009
2023-04-17	13.98	14.05	13.88	13.88	2124527
2023-04-18	13.98	13.98	13.85	13.88	1923946
2023-04-19	13.92	14.02	13.72	13.75	3181871
2023-04-20	13.72	13.78	13.68	13.72	2255177
2023-04-21	13.75	13.85	13.55	13.55	3356709
2023-04-24	13.61	13.78	13.55	13.65	3896676
2023-04-25	13.68	13.75	13.41	13.45	2808810
2023-04-26	13.55	13.75	13.45	13.75	2819603
2023-04-27	13.75	13.75	13.61	13.61	1896025
2023-04-28	13.68	13.78	13.61	13.78	4237475
2023-05-04	13.78	13.78	13.58	13.58	2240349
2023-05-05	13.68	13.68	13.55	13.55	2401045
2023-05-08	13.58	13.72	13.55	13.68	4571530
2023-05-09	13.75	13.75	13.58	13.61	1754999
2023-05-10	13.65	13.92	13.58	13.88	6173197
2023-05-11	13.92	14.02	13.78	13.82	3479517
2023-05-12	13.88	13.92	13.72	13.78	4440232
2023-05-15	13.85	14.22	13.82	14.02	10350511
2023-05-16	14.09	14.22	13.95	14.05	6170646
2023-05-17	13.98	14.12	13.98	13.98	5670981
2023-05-18	13.98	14.56	13.95	14.42	10804595
2023-05-19	14.46	14.49	14.29	14.39	4446520
2023-05-22	14.49	14.59	14.39	14.52	4762974
2023-05-23	14.52	14.59	14.22	14.32	5638025
2023-05-24	14.42	14.42	14.12	14.12	5368395
2023-05-25	14.09	14.15	14.02	14.05	3310633
2023-05-26	14.09	14.19	14.02	14.15	2404918
2023-05-29	14.25	14.32	14.12	14.32	3876674
2023-05-30	14.35	14.39	14.25	14.32	3851319
2023-05-31	14.32	14.62	14.32	14.39	6503806
2023-06-01	14.39	14.52	14.32	14.49	4251975
2023-06-02	14.72	15.5	14.72	15.5	21479057
2023-06-05	15.87	15.87	15.46	15.6	8328549
2023-06-06	15.6	15.87	15.53	15.87	9668339
2023-06-07	15.87	15.9	15.67	15.87	7243381
2023-06-08	15.87	15.9	15.36	15.36	14249719
2023-06-09	15.43	15.87	15.3	15.73	11078242
2023-06-12	15.77	15.9	15.4	15.8	5718604
2023-06-13	15.8	15.87	15.6	15.73	5860056
2023-06-14	15.8	16.17	15.67	15.67	10436669
2023-06-15	15.67	15.73	15.53	15.56	6604466
2023-06-16	15.6	15.87	15.53	15.53	9146817
2023-06-19	15.53	15.63	15.46	15.53	4680153
2023-06-20	15.53	15.73	15.53	15.67	5209740
2023-06-21	15.73	15.73	15.63	15.67	8397782
2023-06-22	15.98	16.14	15.94	15.94	8932420
2023-06-23	15.98	16.3	15.98	16.1	5938534
2023-06-26	16.22	16.22	15.81	16.1	6616729
2023-06-27	16.14	16.14	15.85	15.98	4440545
2023-06-28	15.98	16.14	15.85	16.02	4523358
2023-06-29	16.06	16.1	15.89	15.94	5796712
2023-06-30	15.94	15.98	15.85	15.85	3322139
2023-07-03	15.85	15.94	15.77	15.85	2701865
2023-07-04	15.77	15.85	15.73	15.85	2872904
2023-07-05	15.85	16.18	15.85	16.06	7421659
2023-07-06	15.98	16.1	15.77	15.81	4087741
2023-07-07	15.77	15.98	15.73	15.98	2524407
2023-07-10	16.06	16.46	15.98	16.38	11492328
2023-07-11	16.46	16.66	16.3	16.38	5400910
2023-07-12	16.38	16.46	16.1	16.22	5053774
2023-07-13	16.3	16.3	16.14	16.3	4164986
2023-07-14	16.34	16.42	16.14	16.34	4548412
2023-07-17	16.34	16.5	16.34	16.46	4296346
2023-07-18	16.46	16.78	16.34	16.58	4951866
2023-07-19	16.7	16.74	16.54	16.58	5288454
2023-07-20	16.58	16.62	16.42	16.54	2846323
2023-07-21	16.5	16.58	16.38	16.58	3179311
2023-07-24	16.62	17.19	16.5	16.94	7574647
2023-07-25	16.94	17.19	16.9	16.9	5605404
2023-07-26	16.86	16.98	16.74	16.78	2566284
2023-07-27	16.78	16.86	16.54	16.66	4283787
2023-07-28	16.62	16.74	16.54	16.74	2701377
2023-07-31	16.82	17.06	16.78	16.78	3766895
2023-08-01	16.82	17.11	16.62	16.66	6113695
2023-08-02	16.58	16.82	16.54	16.7	5572510
2023-08-03	16.7	16.86	16.62	16.66	4031238
2023-08-04	16.74	16.94	16.62	16.94	5856352
2023-08-07	16.98	17.51	16.94	17.27	8301098
2023-08-08	17.43	17.47	17.06	17.11	4117460
2023-08-09	17.11	17.15	16.82	16.9	5300370
2023-08-10	16.86	16.94	16.54	16.66	5060788
2023-08-11	16.82	16.82	16.42	16.58	4842126
2023-08-14	16.66	16.78	16.54	16.7	4453708
2023-08-15	16.7	16.74	16.58	16.62	2720623
2023-08-16	16.62	16.82	16.5	16.66	3720054
2023-08-17	16.7	16.9	16.58	16.7	4215694
2023-08-18	16.62	16.66	15.73	15.77	8896710
2023-08-21	15.85	16.06	15.65	16.02	5024055
2023-08-22	16.02	16.06	15.37	16.02	5544137
2023-08-23	16.1	16.14	15.73	15.94	3219550
2023-08-24	15.89	16.02	15.81	15.94	3458759
2023-08-25	15.94	15.94	15.77	15.81	2585257
2023-08-28	15.81	16.02	15.81	15.98	2434178
2023-08-29	15.98	16.1	15.89	15.98	3824300
2023-08-30	16.06	16.22	15.98	16.14	3310178
2023-08-31	16.14	16.46	16.14	16.42	3267130
2023-09-05	16.58	16.78	16.54	16.62	4463865
2023-09-06	16.62	16.66	16.5	16.66	4321641
2023-09-07	16.78	16.94	16.62	16.7	6200352
2023-09-08	16.62	16.7	16.58	16.62	3901704
2023-09-11	16.78	16.78	16.3	16.3	5299911
2023-09-12	16.3	16.54	16.22	16.46	3758413
2023-09-13	16.54	16.94	16.46	16.94	11139308
2023-09-14	17.19	17.75	17.15	17.51	21468875
2023-09-15	17.43	17.63	17.23	17.39	12880325
2023-09-18	17.19	17.31	16.78	16.9	11723568
2023-09-19	16.9	16.98	16.62	16.7	7627659
2023-09-20	16.7	16.94	16.66	16.94	5590702
2023-09-21	16.98	17.06	16.62	16.66	8839745
2023-09-22	16.46	16.5	16.14	16.38	10633235
2023-09-25	16.38	16.42	15.37	15.37	7551756
2023-09-26	15.73	15.89	15.45	15.53	5085198
2023-09-27	15.53	15.81	15.29	15.77	4436810
2023-09-28	15.89	15.89	15.45	15.61	4042003
2023-09-29	15.73	15.89	15.57	15.61	2515768
2023-10-02	15.61	15.81	15.57	15.69	2046007
2023-10-03	15.53	15.61	15.09	15.17	6562600
2023-10-04	15.09	15.45	15.01	15.25	2223173
2023-10-05	15.41	15.41	14.93	14.93	3398889
2023-10-06	14.97	15.25	14.85	15.09	3186718
2023-10-09	15.09	15.29	14.97	15.29	3436314
2023-10-10	15.41	15.73	15.33	15.65	4139540
2023-10-11	15.65	15.81	15.53	15.81	2057259
2023-10-12	15.81	15.94	15.77	15.85	2662959
2023-10-13	15.41	15.73	15.41	15.61	2006962
2023-10-16	15.57	15.57	15.21	15.21	3520330
2023-10-17	15.33	15.41	15.05	15.05	2709770
2023-10-18	15.09	15.17	14.77	14.89	3456825
2023-10-19	14.85	14.89	14.52	14.72	4220509
2023-10-20	14.68	14.93	14.6	14.81	4007400
2023-10-23	14.81	14.89	14.56	14.56	2706876
2023-10-24	14.64	15.05	14.64	14.93	2063452
2023-10-25	14.93	15.05	14.77	14.77	2266002
2023-10-26	14.6	14.6	13.96	14.0	6124205
2023-10-27	14.36	14.6	14.12	14.6	2494382
2023-10-30	14.6	14.68	14.2	14.2	1745525
2023-10-31	14.2	14.52	14.16	14.44	3628704
2023-11-01	14.44	14.52	14.2	14.52	2415760
2023-11-02	14.64	15.01	14.52	14.97	3080618
2023-11-03	15.25	15.25	14.97	15.01	3336995
2023-11-06	15.29	15.29	15.09	15.25	2531868
2023-11-07	15.33	15.33	14.97	15.09	2332317
2023-11-08	15.09	15.65	15.05	15.65	3583422
2023-11-09	15.73	15.77	15.49	15.57	3010684
2023-11-10	15.33	15.61	15.29	15.33	3972031
2023-11-13	15.49	15.61	15.25	15.49	2971638
2023-11-14	15.53	15.89	15.49	15.81	6812252
2023-11-15	16.1	16.14	15.81	15.85	5373379
2023-11-16	15.77	15.85	15.65	15.81	2605322
2023-11-17	15.81	15.89	15.41	15.45	4532645
2023-11-20	15.37	15.45	15.13	15.33	3188945
2023-11-21	15.41	15.61	15.37	15.37	2034783
2023-11-22	15.41	15.53	15.21	15.49	2345737
2023-11-23	15.57	15.61	15.17	15.17	2603906
2023-11-24	15.17	15.25	14.97	15.17	2659446
2023-11-27	15.17	15.17	14.89	14.89	2540345
2023-11-28	14.89	15.09	14.77	15.09	1618330
2023-11-29	15.17	15.25	15.05	15.17	1757872
2023-11-30	15.17	15.29	15.01	15.09	1307836
2023-12-01	15.17	15.33	15.05	15.29	1736171
2023-12-04	15.45	15.49	15.33	15.45	8282219
2023-12-05	15.49	15.49	15.33	15.45	2570193
2023-12-06	15.49	15.57	15.41	15.49	4688081
2023-12-07	15.57	15.73	15.41	15.57	7028850
2023-12-08	15.57	15.69	15.53	15.61	4537577
2023-12-11	15.65	15.65	15.41	15.49	2209542
2023-12-12	15.57	15.57	15.37	15.49	2263735
2023-12-13	15.49	15.65	15.37	15.37	3331922
2023-12-14	15.49	15.49	15.25	15.25	3054410
2023-12-15	15.21	15.37	15.17	15.17	1781644
2023-12-18	15.17	15.21	14.93	14.97	3754088
2023-12-19	14.85	15.05	14.85	15.05	2103160
2023-12-20	15.17	15.17	15.01	15.09	1710162
2023-12-21	15.05	15.17	15.01	15.13	1390855
2023-12-22	15.17	15.25	15.01	15.13	1881898
2023-12-25	15.17	15.45	15.13	15.37	1529363
2023-12-26	15.37	15.45	15.33	15.45	1731404
2023-12-27	15.41	15.53	15.41	15.49	1901118
2023-12-28	15.53	15.85	15.49	15.85	5152603
2023-12-29	15.89	16.06	15.81	15.81	8960038
2024-01-02	15.85	16.06	15.85	15.98	4385836
2024-01-03	15.98	16.22	15.89	16.22	4471802
2024-01-04	16.3	16.86	16.18	16.46	10168396
2024-01-05	16.46	16.7	16.46	16.7	4439462
2024-01-08	16.86	16.94	16.7	16.86	6163094
2024-01-09	16.94	16.94	16.78	16.9	3893999
2024-01-10	16.86	17.06	16.78	16.98	4785302
2024-01-11	16.98	17.19	16.9	17.06	6949054
2024-01-12	16.9	17.11	16.78	16.98	9661250
2024-01-15	17.02	17.39	17.02	17.11	6443765
2024-01-16	17.02	17.35	16.98	17.35	4250612
2024-01-17	17.35	17.47	17.27	17.27	4950215
2024-01-18	17.27	17.31	17.11	17.27	3621430
2024-01-19	17.43	17.56	17.35	17.51	3579909
2024-01-22	17.56	17.68	17.35	17.51	4195704
2024-01-23	17.51	17.64	17.35	17.39	4132352
2024-01-24	17.39	17.47	17.27	17.31	2286152
2024-01-25	17.35	17.35	17.06	17.1	3844774
2024-01-26	17.14	17.31	17.14	17.27	2173111
2024-01-29	17.31	17.35	17.18	17.27	2177461
2024-01-30	17.31	17.35	17.1	17.35	3595464
2024-01-31	17.43	17.47	17.06	17.22	5758417
2024-02-01	17.22	17.27	16.98	17.14	4251822
2024-02-02	17.1	17.14	16.81	16.81	7524899
2024-02-05	16.89	17.68	16.85	17.6	10212882
2024-02-06	17.85	18.18	17.68	17.76	7386370
2024-02-07	17.93	18.01	17.76	18.01	11242761
2024-02-15	18.26	18.55	18.18	18.34	14546750
2024-02-16	18.51	18.51	18.14	18.34	5230031
2024-02-19	18.43	18.43	18.05	18.26	7477741
2024-02-20	18.3	18.72	18.18	18.43	6742874
2024-02-21	18.68	18.72	18.43	18.51	5642418
2024-02-22	18.59	18.68	18.43	18.68	4237895
2024-02-23	18.68	18.88	18.18	18.26	14812104
2024-02-26	18.18	18.26	17.97	18.22	4289391
2024-02-27	18.26	18.26	18.05	18.22	4721252
2024-02-28	18.3	18.39	18.14	18.34	4678327
2024-02-29	18.59	18.59	18.1	18.18	6364458
2024-03-01	18.14	18.18	17.89	18.18	4831690
2024-03-04	18.26	18.39	17.93	18.26	7385465
2024-03-05	18.26	18.34	18.1	18.34	3309168
2024-03-06	18.43	18.55	18.14	18.18	5296529
2024-03-07	18.22	18.22	18.05	18.14	5708770
2024-03-08	18.22	18.26	17.89	17.89	7432906
2024-03-11	17.89	17.97	17.68	17.68	3388780
2024-03-12	17.76	17.76	17.6	17.68	3516583
2024-03-13	17.85	18.34	17.64	18.3	4028859
2024-03-14	18.39	18.39	17.93	18.01	3861291
2024-03-15	18.14	18.76	18.01	18.68	8529132
2024-03-18	18.88	18.88	18.05	18.47	6286039
2024-03-19	18.47	18.55	18.18	18.34	3976219
2024-03-20	18.55	19.59	18.26	19.59	27164537
2024-03-21	19.84	20.25	19.63	20.17	10269547
2024-03-22	20.17	20.46	19.76	20.09	9231521
2024-03-25	20.05	20.54	19.63	19.88	7517819
2024-03-26	19.84	20.25	19.8	20.21	5058696
2024-03-27	20.21	20.21	19.88	20.09	5553488
2024-03-28	20.34	20.54	19.88	20.13	8015399
2024-03-29	20.13	20.75	19.92	20.42	6182733
2024-04-01	20.25	20.42	19.88	20.17	5856500
2024-04-02	19.96	20.17	19.55	20.01	11614642
2024-04-03	20.01	20.01	19.51	19.55	8774197
2024-04-04	19.55	19.67	19.26	19.26	7721306
2024-04-05	19.01	19.13	18.76	18.84	7372929
2024-04-08	18.84	18.97	18.72	18.84	8402870
2024-04-09	18.84	19.17	18.8	19.13	5834346
2024-04-10	19.3	19.3	19.01	19.01	6596477
2024-04-11	18.93	19.01	18.76	19.01	4587029
2024-04-12	19.17	19.59	18.97	19.59	9059475
2024-04-15	19.59	19.76	18.64	18.68	11383671
2024-04-16	18.76	19.09	18.26	18.72	9412942
2024-04-17	19.06	19.1	18.38	18.38	7522195
2024-04-19	17.95	18.38	17.91	18.03	8954253
2024-04-22	18.08	18.29	18.03	18.12	5871976
2024-04-23	18.12	18.42	17.78	17.95	6479202
2024-04-24	18.03	18.46	18.03	18.29	4444940
2024-04-25	18.29	18.38	17.99	18.08	3794531
2024-04-26	17.86	18.21	17.86	18.03	2907977
2024-05-02	17.99	18.33	17.95	18.29	3170514
2024-05-03	18.38	18.59	18.12	18.12	5628483
2024-05-06	18.29	18.59	18.25	18.55	4442038
2024-05-07	18.68	18.72	18.42	18.55	2610292
2024-05-08	18.38	18.5	18.25	18.42	4436309
2024-05-09	18.46	18.59	18.29	18.46	3080892
2024-05-10	18.46	18.46	18.33	18.42	2715231
2024-05-13	18.42	18.5	18.21	18.25	3637630
2024-05-14	18.46	18.97	18.29	18.59	6940789
2024-05-15	18.85	18.85	18.59	18.68	3363024
2024-05-16	18.97	19.1	18.89	19.06	9178823
2024-05-17	19.06	19.15	18.97	19.06	4330086
2024-05-20	19.32	19.36	19.15	19.23	7441863
2024-05-21	19.36	19.36	18.97	19.32	7290110
2024-05-22	19.32	19.44	18.97	18.97	6627255
2024-05-23	18.89	19.02	18.8	19.02	3622505
2024-05-24	18.8	19.4	18.63	18.8	14937705
2024-05-27	18.85	18.93	18.68	18.8	3450945
2024-05-28	19.06	19.06	18.8	19.06	4020869
2024-05-29	19.1	19.19	18.72	18.72	5540831
2024-05-30	18.68	18.8	18.46	18.8	5834294
2024-05-31	18.8	18.8	18.59	18.59	3129849
2024-06-03	18.68	19.19	18.68	19.06	4753030
2024-06-04	19.15	19.23	19.02	19.15	3478074
2024-06-05	19.23	19.49	19.15	19.15	7854184
2024-06-06	19.32	19.32	19.06	19.15	3669837
2024-06-07	19.32	19.36	19.06	19.15	2832652
2024-06-10	19.15	19.27	18.97	19.27	5271956
2024-06-11	19.32	19.79	19.32	19.57	8509121
2024-06-12	19.53	19.66	19.36	19.62	5258092
2024-06-13	19.66	19.74	19.49	19.57	7717944
2024-06-14	19.7	19.7	19.23	19.23	6672607
2024-06-17	19.15	19.23	18.85	18.85	7550062
2024-06-18	18.93	19.06	18.85	18.85	3477470
2024-06-19	19.02	19.02	18.72	18.8	4361439
2024-06-20	18.8	18.89	18.68	18.8	3564164
2024-06-21	18.8	18.8	18.63	18.63	3605388
2024-06-24	18.55	18.63	18.21	18.21	7874108
2024-06-25	18.38	18.38	18.08	18.21	3239370
2024-06-26	18.25	18.33	18.08	18.16	2588768
2024-06-27	18.12	18.25	18.03	18.08	3009962
2024-06-28	18.16	18.16	17.95	17.95	2781853
2024-07-01	17.86	18.12	17.86	18.12	2131352
2024-07-02	18.12	18.38	18.12	18.29	2317948
2024-07-03	18.33	18.38	18.21	18.25	2536017
2024-07-04	18.21	18.38	18.08	18.16	2952073
2024-07-05	18.16	18.16	17.95	18.12	2939858
2024-07-08	18.12	18.29	18.08	18.21	2199071
2024-07-09	18.25	18.38	18.16	18.29	4019428
2024-07-10	18.33	18.5	18.25	18.25	3294096
2024-07-11	18.38	18.42	18.21	18.21	2655848
2024-07-12	18.21	18.33	18.16	18.21	1454060
2024-07-15	18.25	18.33	18.12	18.21	1466570
2024-07-16	18.21	18.5	18.21	18.21	3174712
2024-07-17	18.33	18.97	18.29	18.46	8684102
2024-07-18	18.5	18.68	18.33	18.42	3565621
2024-07-19	18.42	18.68	18.29	18.33	4830068
2024-07-22	18.33	18.63	18.16	18.25	5099928
2024-07-23	18.33	18.38	18.03	18.03	3949529
2024-07-24	18.03	18.12	17.82	17.95	3428367
2024-07-25	17.95	17.99	17.78	17.78	2791294
2024-07-26	17.86	17.95	17.78	17.86	1464859
2024-07-29	17.95	18.03	17.86	17.86	1869977
2024-07-30	17.91	17.91	17.52	17.61	3733022
2024-07-31	17.61	18.12	17.56	18.12	5400360
2024-08-01	18.21	18.25	17.65	17.69	4221137
2024-08-02	17.61	18.03	17.48	18.03	4312789
2024-08-05	17.69	17.86	17.26	17.31	6982213
2024-08-06	17.56	17.78	17.39	17.78	2712528
2024-08-07	17.86	17.86	17.52	17.65	1517298
2024-08-08	17.56	17.95	17.56	17.65	2589762
2024-08-09	17.82	17.86	17.69	17.86	2129647
2024-08-12	17.82	17.86	17.65	17.78	2393086
2024-08-13	17.69	17.95	17.56	17.56	4891691
2024-08-14	17.65	17.74	17.61	17.61	1547616
2024-08-15	17.65	17.78	17.61	17.78	2118665
2024-08-16	17.74	18.12	17.74	18.08	4176673
2024-08-19	18.12	18.5	18.12	18.38	4644396
2024-08-20	18.38	18.42	18.21	18.29	4035721
2024-08-21	18.29	18.33	18.12	18.25	7069919
2024-08-22	18.65	18.7	18.4	18.4	8304242
2024-08-23	18.4	18.45	18.3	18.4	4070904
2024-08-26	18.5	18.5	18.35	18.35	3189969
2024-08-27	18.4	18.4	18.3	18.3	3449683
2024-08-28	18.3	18.4	18.2	18.3	2303073
2024-08-29	18.35	18.45	18.3	18.3	3747731
2024-08-30	18.3	18.4	18.3	18.35	2400585
2024-09-04	18.2	18.25	18.0	18.2	2126139
2024-09-05	18.25	18.4	18.15	18.15	3846850
2024-09-06	18.2	18.25	18.1	18.1	2085200
2024-09-09	18.1	18.1	17.85	17.9	2840800
2024-09-10	18.0	18.1	17.85	17.9	1429800
2024-09-11	17.9	17.95	17.8	17.85	2198200
2024-09-12	17.9	18.15	17.9	18.15	1778300
2024-09-13	18.1	18.15	18.0	18.0	1621000
2024-09-16	18.0	18.1	17.9	18.0	1832900
2024-09-17	18.05	18.15	17.9	18.15	1548000
2024-09-18	18.15	18.3	18.1	18.25	2956000
2024-09-19	18.3	18.35	18.25	18.3	2095400
2024-09-20	18.4	18.6	18.35	18.45	6346100
2024-09-23	18.5	18.65	18.45	18.5	3124100
2024-09-24	18.5	19.1	18.25	19.1	19066000
2024-09-25	19.1	19.45	18.95	19.45	15476000
2024-09-26	19.45	19.65	19.25	19.4	19828500
2024-09-27	19.45	19.55	19.2	19.35	17254200
2024-09-30	19.35	19.45	19.2	19.3	9580700
2024-10-01	19.35	20.0	19.25	19.8	33157700
2024-10-02	19.75	19.75	19.55	19.55	8365600
2024-10-03	19.6	19.95	19.25	19.25	25247700
2024-10-04	19.25	19.4	19.15	19.25	10344200
2024-10-07	19.4	19.45	19.2	19.2	6663900
2024-10-08	19.25	19.5	19.2	19.2	10322100
2024-10-09	19.25	19.35	19.15	19.2	12384900
2024-10-10	19.3	19.45	19.1	19.1	17525800
2024-10-11	19.1	19.2	19.0	19.1	6388200
2024-10-14	19.2	19.25	19.0	19.05	7510100
2024-10-15	19.05	19.35	19.05	19.2	10964300
2024-10-16	19.15	19.25	19.05	19.15	6300300
2024-10-17	19.15	19.4	18.95	19.35	13633600
2024-10-18	19.45	19.85	19.4	19.5	29939000
2024-10-21	19.4	19.5	19.15	19.2	11022700
2024-10-22	19.2	19.2	18.6	18.75	25443600
2024-10-23	18.75	18.9	18.4	18.7	24225600
2024-10-24	18.75	18.9	18.5	18.5	10839900
2024-10-25	18.65	18.7	18.25	18.25	18185000
2024-10-28	18.35	18.5	18.2	18.25	14480800
2024-10-29	18.3	18.75	18.3	18.75	28752200
2024-10-30	18.9	19.15	18.8	19.0	21736400
2024-10-31	19.0	19.0	18.8	18.95	6463700
2024-11-01	18.9	18.95	18.7	18.85	8279000
2024-11-04	18.75	18.75	18.45	18.5	9164500
2024-11-05	18.5	18.65	18.45	18.5	4577800
2024-11-06	18.6	18.7	18.55	18.6	6074600
2024-11-07	18.7	18.7	18.5	18.5	4892500
2024-11-08	18.6	18.6	18.25	18.3	9534100
2024-11-11	18.3	18.4	18.05	18.2	15262800
2024-11-12	18.3	18.4	18.15	18.35	8404500
2024-11-13	18.3	18.35	18.15	18.3	6297800
2024-11-14	18.35	18.35	18.1	18.2	8002200
2024-11-15	18.1	18.25	18.1	18.15	14090000
2024-11-18	18.15	18.35	17.95	18.2	7499600
2024-11-19	18.2	18.3	18.05	18.05	3613400
2024-11-20	18.0	18.25	18.0	18.15	4479200
2024-11-21	18.15	18.3	18.1	18.3	3701900
2024-11-22	18.35	18.4	18.2	18.2	4951100
2024-11-25	18.25	18.6	18.2	18.5	11233500
2024-11-26	18.55	18.7	18.5	18.55	6879500
2024-11-27	18.55	18.65	18.45	18.5	5210400
2024-11-28	18.6	19.0	18.55	18.9	13648200
2024-11-29	18.8	19.0	18.75	19.0	8485700
2024-12-02	19.0	19.05	18.85	18.85	5234500
2024-12-03	18.85	19.05	18.7	18.8	9894400
2024-12-04	18.8	19.0	18.75	18.85	7111800
2024-12-05	18.8	19.35	18.8	19.35	11423500
2024-12-06	19.25	19.4	19.2	19.25	7405900
2024-12-09	19.3	19.35	19.2	19.3	5693400
2024-12-10	19.3	19.35	19.25	19.3	4789100
2024-12-11	19.35	19.4	19.1	19.15	5651400
2024-12-12	19.2	19.25	19.1	19.1	5848600
2024-12-13	19.1	19.25	19.05	19.25	5249600
2024-12-16	19.25	19.35	19.2	19.3	5088900
2024-12-17	19.35	19.35	19.2	19.2	3377700
2024-12-18	19.2	19.25	19.05	19.15	5668900
2024-12-19	19.05	19.1	18.9	18.9	12871900
2024-12-20	18.85	19.0	18.85	18.95	3273300
2024-12-23	19.0	19.1	18.9	18.95	3862800
2024-12-24	18.95	19.05	18.85	19.05	6079700
2024-12-25	19.0	19.6	19.0	19.2	15320100
2024-12-26	19.35	19.8	19.3	19.75	21867900
2024-12-27	19.8	20.25	19.75	20.05	22848400
2024-12-30	20.05	20.15	19.75	19.75	7629400
2024-12-31	19.8	19.85	19.7	19.7	6423000
2025-01-02	19.7	19.95	19.6	19.7	6755900
2025-01-03	19.7	19.7	19.15	19.15	7458700
2025-01-06	19.15	19.25	19.05	19.15	7984400
2025-01-07	19.2	19.45	19.1	19.35	7023600
2025-01-08	19.35	19.5	19.2	19.45	4983100
2025-01-09	19.45	19.55	19.4	19.45	4807900
2025-01-10	19.5	19.6	19.3	19.3	10223500
2025-01-13	19.25	19.4	19.15	19.4	5688700
2025-01-14	19.4	19.5	19.3	19.4	3487800
2025-01-15	19.5	19.8	19.4	19.65	6065800
2025-01-16	19.8	19.8	19.6	19.7	5915600
2025-01-17	19.75	19.85	19.65	19.85	5072400
2025-01-20	19.85	20.2	19.85	20.1	9721800
2025-01-21	20.2	20.25	19.95	20.1	5162700
2025-01-22	20.15	20.15	19.9	19.95	6919300
2025-01-23	19.95	20.5	19.95	20.45	11908500
2025-01-24	20.5	20.8	20.35	20.65	8968000
2025-02-03	20.5	20.5	19.25	20.1	9829300
2025-02-04	20.15	20.5	20.15	20.35	5988800
2025-02-05	20.35	20.45	20.3	20.4	3887800
2025-02-06	20.6	20.8	20.4	20.45	3973800
2025-02-07	20.3	20.75	20.25	20.5	6636000
2025-02-10	20.35	21.0	20.25	20.5	11654400
2025-02-11	20.75	20.9	20.5	20.65	4937200
2025-02-12	20.65	20.7	20.4	20.5	6346400
2025-02-13	20.4	20.5	20.35	20.45	6620600
2025-02-14	20.65	20.7	20.4	20.45	5230800
2025-02-17	20.4	20.55	20.35	20.35	4421300
2025-02-18	20.4	20.6	20.35	20.4	6055800
2025-02-19	20.4	20.75	20.4	20.55	8313900
2025-02-20	20.65	20.65	20.55	20.55	6876300
2025-02-21	20.55	20.7	20.5	20.6	7675800
2025-02-24	20.6	21.15	20.5	20.8	17450900
2025-02-25	20.85	21.0	20.7	20.75	12544600
2025-02-26	20.75	20.8	20.6	20.6	8022900
2025-02-27	20.55	20.65	20.45	20.65	7516800
2025-02-28	20.55	20.9	20.45	20.75	12878600
2025-03-03	20.8	21.15	20.8	21.0	18497900
2025-03-04	20.9	21.2	20.85	21.1	13951200
2025-03-05	21.25	21.4	21.0	21.0	20974600
2025-03-06	21.0	21.0	20.65	20.95	13191200
2025-03-07	20.9	21.2	20.8	20.95	12613000
2025-03-10	21.1	21.2	20.9	20.95	15164400
2025-03-11	20.85	20.9	20.7	20.8	8864900
2025-03-12	21.0	21.0	20.5	20.5	12810900
2025-03-13	20.5	20.6	20.15	20.3	15737100
2025-03-14	20.3	20.4	20.2	20.35	5330300
2025-03-17	20.5	20.75	20.35	20.5	7723000
2025-03-18	20.7	20.7	20.35	20.4	4846400
2025-03-19	20.35	20.6	20.3	20.5	9843300
2025-03-20	20.65	20.65	20.35	20.4	7555000
2025-03-21	20.45	20.5	20.3	20.3	4425000
2025-03-24	20.3	20.35	19.55	19.95	25176100
2025-03-25	20.05	20.35	19.9	20.05	14167500
2025-03-26	20.15	20.2	19.95	19.95	8916600
2025-03-27	19.95	20.1	19.9	20.0	4549900
2025-03-28	20.0	20.0	19.75	19.8	6620500
2025-03-31	19.7	19.85	19.6	19.85	5209000
2025-04-01	20.0	20.05	19.85	20.0	5841100
