	time	open	high	low	close	volume
0	2018-01-10	7.75	9.86	7.75	9.86	30400
1	2018-01-11	8.38	8.38	8.38	8.38	0
2	2018-01-12	8.38	8.38	8.38	8.38	0
3	2018-01-15	8.38	8.38	8.38	8.38	0
4	2018-01-16	8.38	8.38	8.38	8.38	0
5	2018-01-17	9.58	9.58	9.58	9.58	100
6	2018-01-18	9.58	9.58	9.58	9.58	33
7	2018-01-19	9.58	9.58	9.58	9.58	0
8	2018-01-22	8.66	9.01	8.38	8.38	20000
9	2018-01-23	8.59	8.59	8.59	8.59	0
10	2018-01-24	8.59	8.59	8.59	8.59	0
11	2018-01-25	8.59	8.59	8.59	8.59	0
12	2018-01-26	8.59	8.59	8.59	8.59	0
13	2018-01-29	9.51	9.51	9.51	9.51	1000
14	2018-01-30	8.45	8.45	8.45	8.45	1020
15	2018-01-31	8.45	8.45	8.45	8.45	0
16	2018-02-01	8.45	8.45	8.45	8.45	0
17	2018-02-02	8.45	8.45	8.45	8.45	0
18	2018-02-05	8.45	8.45	8.45	8.45	0
19	2018-02-06	8.45	8.45	8.45	8.45	0
20	2018-02-07	8.45	8.45	8.45	8.45	0
21	2018-02-08	8.45	8.45	8.45	8.45	0
22	2018-02-09	8.45	8.45	8.45	8.45	0
23	2018-02-12	8.45	8.45	8.45	8.45	0
24	2018-02-13	8.45	8.45	8.45	8.45	0
25	2018-02-21	8.45	8.45	8.45	8.45	0
26	2018-02-22	8.45	8.45	8.45	8.45	0
27	2018-02-23	8.45	8.45	8.45	8.45	0
28	2018-02-26	8.45	8.45	8.45	8.45	0
29	2018-02-27	8.45	8.45	8.45	8.45	0
30	2018-02-28	8.45	8.45	8.45	8.45	0
31	2018-03-01	8.45	8.45	8.45	8.45	1
32	2018-03-02	8.45	8.45	8.45	8.45	0
33	2018-03-05	8.45	8.45	8.45	8.45	0
34	2018-03-06	8.45	8.45	8.45	8.45	0
35	2018-03-07	8.45	8.45	8.45	8.45	0
36	2018-03-08	8.45	8.45	8.45	8.45	0
37	2018-03-09	8.45	8.45	8.45	8.45	0
38	2018-03-12	8.45	8.45	8.45	8.45	0
39	2018-03-13	8.45	8.45	8.45	8.45	0
40	2018-03-14	8.45	8.45	8.45	8.45	0
41	2018-03-15	8.45	8.45	8.45	8.45	0
42	2018-03-16	8.45	8.45	8.45	8.45	0
43	2018-03-19	8.45	8.45	8.45	8.45	0
44	2018-03-20	8.45	8.45	8.45	8.45	0
45	2018-03-21	8.45	8.45	8.45	8.45	0
46	2018-03-22	8.45	8.45	8.45	8.45	0
47	2018-03-23	8.45	8.45	8.45	8.45	0
48	2018-03-26	8.45	8.45	8.45	8.45	0
49	2018-03-27	8.45	8.45	8.45	8.45	0
50	2018-03-28	8.45	8.45	8.45	8.45	0
51	2018-03-29	8.45	8.45	8.45	8.45	0
52	2018-03-30	8.45	8.45	8.45	8.45	0
53	2018-04-02	8.45	8.45	8.45	8.45	0
54	2018-04-03	8.45	8.45	8.45	8.45	0
55	2018-04-04	8.45	8.45	8.45	8.45	0
56	2018-04-05	8.45	8.45	8.45	8.45	0
57	2018-04-06	10.56	10.56	10.56	10.56	400
58	2018-04-09	10.56	10.56	10.56	10.56	0
59	2018-04-10	10.56	10.56	10.56	10.56	0
60	2018-04-11	10.56	10.56	10.56	10.56	0
61	2018-04-12	10.56	10.56	10.56	10.56	0
62	2018-04-13	10.56	10.56	10.56	10.56	0
63	2018-04-16	10.56	10.56	10.56	10.56	0
64	2018-04-17	10.56	10.56	10.56	10.56	0
65	2018-04-18	10.56	10.56	10.56	10.56	0
66	2018-04-19	10.56	10.56	10.56	10.56	0
67	2018-04-20	10.56	10.56	10.56	10.56	0
68	2018-04-23	10.56	10.56	10.56	10.56	0
69	2018-04-24	10.56	10.56	10.56	10.56	0
70	2018-04-26	10.56	10.56	10.56	10.56	0
71	2018-04-27	10.56	10.56	10.56	10.56	0
72	2018-05-02	10.56	10.56	10.56	10.56	0
73	2018-05-03	10.56	10.56	10.56	10.56	0
74	2018-05-04	10.56	10.56	10.56	10.56	0
75	2018-05-07	10.56	10.56	10.56	10.56	0
76	2018-05-08	10.56	10.56	10.56	10.56	0
77	2018-05-09	10.56	10.56	10.56	10.56	0
78	2018-05-10	10.56	10.56	10.56	10.56	0
79	2018-05-11	10.56	10.56	10.56	10.56	0
80	2018-05-14	10.56	10.56	10.56	11.57	40
81	2018-05-15	10.56	10.56	10.56	10.56	0
82	2018-05-16	10.56	10.56	10.56	10.56	0
83	2018-05-17	10.56	10.56	10.56	10.56	0
84	2018-05-18	9.02	9.02	9.02	9.02	3500
85	2018-05-21	9.02	9.02	9.02	9.02	0
86	2018-05-22	9.02	9.02	9.02	9.02	0
87	2018-05-23	9.02	9.02	9.02	9.02	0
88	2018-05-24	9.02	9.02	9.02	9.02	0
89	2018-05-25	9.02	9.02	9.02	9.02	0
90	2018-05-28	9.02	9.02	9.02	9.02	0
91	2018-05-29	9.02	9.02	9.02	9.02	0
92	2018-05-30	9.02	9.02	9.02	9.02	0
93	2018-05-31	9.02	9.02	9.02	9.02	0
94	2018-06-01	9.02	9.02	9.02	9.02	0
95	2018-06-04	9.02	9.02	9.02	9.02	0
96	2018-06-05	9.02	9.02	9.02	9.02	0
97	2018-06-06	9.02	9.02	9.02	9.02	0
98	2018-06-07	9.02	9.02	9.02	9.02	0
99	2018-06-08	9.02	9.02	9.02	9.02	0
100	2018-06-11	9.02	9.02	9.02	9.02	0
101	2018-06-12	9.02	9.02	9.02	9.02	0
102	2018-06-13	7.71	7.71	7.71	7.71	5000
103	2018-06-14	7.71	7.71	7.71	7.71	0
104	2018-06-15	7.71	7.71	7.71	7.71	0
105	2018-06-18	7.71	7.71	7.71	7.71	0
106	2018-06-19	7.71	7.71	7.71	7.71	0
107	2018-06-20	7.71	7.71	7.71	7.71	8000
108	2018-06-21	6.71	6.71	6.71	6.71	100
109	2018-06-22	6.25	7.71	6.25	7.71	4150
110	2018-06-25	7.71	7.71	7.71	7.71	0
111	2018-06-26	7.71	7.71	7.71	7.71	3400
112	2018-06-27	6.63	7.71	6.63	7.71	2300
113	2018-06-28	7.71	7.71	7.02	7.02	1500
114	2018-06-29	7.63	7.63	7.63	7.63	0
115	2018-07-02	7.71	7.71	7.71	7.71	1000
116	2018-07-03	7.71	7.71	7.71	7.71	5011
117	2018-07-04	7.71	7.71	7.71	7.71	0
118	2018-07-05	6.79	6.79	6.79	6.79	100
119	2018-07-06	6.79	6.79	6.79	6.79	0
120	2018-07-09	6.4	6.4	6.4	6.4	200
121	2018-07-10	6.25	6.25	6.25	6.25	100
122	2018-07-11	7.17	7.17	7.17	7.17	1000
123	2018-07-12	6.25	6.25	6.25	6.25	100
124	2018-07-13	6.25	6.25	6.25	6.25	0
125	2018-07-16	6.25	6.25	6.25	6.25	0
126	2018-07-17	6.17	6.17	6.17	6.17	100
127	2018-07-18	6.09	6.09	6.09	6.09	100
128	2018-07-19	6.09	6.09	6.09	6.09	0
129	2018-07-20	6.09	6.09	6.09	6.09	0
130	2018-07-23	6.09	6.09	5.86	5.86	210
131	2018-07-24	6.02	6.02	6.02	6.02	20
132	2018-07-25	6.02	6.02	5.17	5.17	529
133	2018-07-26	6.4	6.4	6.4	6.4	100
134	2018-07-27	6.4	6.4	6.4	6.4	0
135	2018-07-30	6.4	6.4	6.4	6.4	0
136	2018-07-31	6.4	6.4	6.4	6.4	0
137	2018-08-01	6.4	6.4	6.4	6.4	0
138	2018-08-02	7.33	7.33	7.33	7.33	100
139	2018-08-03	7.33	7.33	7.33	7.33	0
140	2018-08-06	7.33	7.33	7.33	7.33	0
141	2018-08-07	6.71	7.4	6.71	7.4	500
142	2018-08-08	6.86	6.86	6.86	6.86	100
143	2018-08-09	6.86	6.86	6.86	6.86	0
144	2018-08-10	6.86	6.86	6.86	6.86	0
145	2018-08-13	6.86	6.86	6.86	6.86	0
146	2018-08-14	6.86	6.86	6.86	6.86	0
147	2018-08-15	6.86	6.86	6.86	6.86	0
148	2018-08-16	7.71	7.71	7.71	7.71	100
149	2018-08-17	6.86	6.86	6.86	6.86	100
150	2018-08-20	6.86	6.86	6.86	6.86	0
151	2018-08-21	7.33	7.33	6.48	7.33	400
152	2018-08-22	7.09	7.09	7.09	7.09	0
153	2018-08-23	7.09	7.09	7.09	7.09	0
154	2018-08-24	7.09	7.09	7.09	7.09	0
155	2018-08-27	7.09	7.09	7.09	7.33	10
156	2018-08-28	7.09	7.09	7.09	7.09	0
157	2018-08-29	6.25	7.71	6.25	7.71	2200
158	2018-08-30	7.63	7.63	7.63	7.63	0
159	2018-08-31	7.63	7.63	7.63	7.63	0
160	2018-09-04	7.63	7.63	7.63	7.63	0
161	2018-09-05	7.63	7.63	7.63	7.63	0
162	2018-09-06	7.63	7.63	7.63	7.63	0
163	2018-09-07	7.63	7.63	7.63	7.63	0
164	2018-09-10	7.63	7.63	7.63	7.63	0
165	2018-09-11	7.63	7.63	7.63	7.63	0
166	2018-09-12	7.63	7.63	7.63	7.63	0
167	2018-09-13	7.63	7.63	7.63	7.63	0
168	2018-09-14	7.63	7.63	7.63	7.63	0
169	2018-09-17	7.63	7.63	7.63	7.63	0
170	2018-09-18	7.63	7.63	7.63	7.63	0
171	2018-09-19	7.63	7.63	7.63	7.63	0
172	2018-09-20	8.1	8.1	8.1	8.1	4800
173	2018-09-21	8.1	8.1	8.1	8.1	0
174	2018-09-24	8.1	8.1	8.1	8.1	0
175	2018-09-25	8.1	8.1	8.1	8.1	0
176	2018-09-26	8.1	8.1	8.1	8.1	0
177	2018-09-27	8.1	8.1	8.1	8.1	0
178	2018-09-28	8.1	8.1	8.1	8.1	0
179	2018-10-01	8.1	8.1	8.1	8.1	0
180	2018-10-02	7.71	7.71	7.71	7.71	400
181	2018-10-03	7.71	7.71	7.71	7.71	0
182	2018-10-04	7.79	7.79	7.79	7.79	1900
183	2018-10-05	7.79	7.79	7.79	7.79	0
184	2018-10-08	7.79	7.79	7.79	7.79	0
185	2018-10-09	7.79	7.79	7.79	7.79	0
186	2018-10-10	7.79	7.79	7.79	7.79	0
187	2018-10-11	7.79	7.79	7.79	7.79	0
188	2018-10-12	7.79	7.79	7.79	7.79	0
189	2018-10-15	6.79	6.94	6.63	6.94	300
190	2018-10-16	7.71	7.71	7.71	7.71	5600
191	2018-10-17	7.71	7.71	7.71	7.71	13
192	2018-10-18	7.17	7.17	7.17	7.17	100
193	2018-10-19	7.17	7.17	7.17	7.17	0
194	2018-10-22	7.17	7.17	7.17	7.17	0
195	2018-10-23	7.17	7.17	7.17	7.17	0
196	2018-10-24	7.17	7.17	7.17	7.17	0
197	2018-10-25	7.17	7.17	7.17	7.17	0
198	2018-10-26	7.33	7.33	7.33	7.33	100
199	2018-10-29	7.33	7.33	7.33	7.33	0
200	2018-10-30	7.33	7.33	7.33	7.33	0
201	2018-10-31	7.33	7.33	7.33	7.33	0
202	2018-11-01	7.33	7.33	7.33	7.33	0
203	2018-11-02	7.33	7.33	7.33	7.33	0
204	2018-11-05	7.33	7.33	7.33	7.33	0
205	2018-11-06	7.33	7.33	7.33	7.33	0
206	2018-11-07	7.33	7.33	7.33	7.33	0
207	2018-11-08	7.33	7.33	7.33	7.33	0
208	2018-11-09	7.33	7.33	7.33	7.33	0
209	2018-11-12	7.33	7.33	7.33	7.33	0
210	2018-11-13	7.33	7.33	7.33	7.33	0
211	2018-11-14	7.33	7.33	7.33	7.33	0
212	2018-11-15	7.33	7.33	7.33	7.33	0
213	2018-11-16	7.33	7.33	7.33	7.33	0
214	2018-11-19	7.33	7.33	7.33	7.33	0
215	2018-11-20	7.33	7.33	7.33	7.33	0
216	2018-11-21	7.33	7.33	7.33	7.33	0
217	2018-11-22	7.33	7.33	7.33	7.33	0
218	2018-11-23	7.33	7.33	7.33	7.33	0
219	2018-11-26	7.33	7.33	7.33	7.33	0
220	2018-11-27	7.33	7.33	7.33	7.33	0
221	2018-11-28	7.33	7.33	7.33	7.33	0
222	2018-11-29	7.33	7.33	7.33	7.33	0
223	2018-11-30	7.33	7.33	7.33	7.33	0
224	2018-12-03	7.33	7.33	7.33	7.33	0
225	2018-12-04	7.33	7.33	7.33	7.33	0
226	2018-12-05	7.33	7.33	7.33	7.33	0
227	2018-12-06	7.33	7.33	7.33	7.33	0
228	2018-12-07	7.33	7.33	7.33	7.33	0
229	2018-12-10	7.33	7.33	7.33	7.33	0
230	2018-12-11	7.33	7.33	7.33	7.33	0
231	2018-12-12	7.33	7.33	7.33	7.33	0
232	2018-12-13	7.33	7.33	7.33	7.33	0
233	2018-12-14	7.33	7.33	7.33	7.33	0
234	2018-12-17	7.33	7.33	7.33	7.33	0
235	2018-12-18	7.33	7.33	7.33	7.33	0
236	2018-12-19	7.33	7.33	7.33	7.33	0
237	2018-12-20	7.33	7.33	7.33	7.33	0
238	2018-12-21	7.33	7.33	7.33	7.33	0
239	2018-12-24	7.33	7.33	7.33	7.33	0
240	2018-12-25	7.33	7.33	7.33	7.33	0
241	2018-12-26	7.33	7.33	7.33	7.33	0
242	2018-12-27	7.33	7.33	7.33	7.33	0
243	2018-12-28	7.33	7.33	7.33	7.33	0
244	2019-01-02	7.33	7.33	7.33	7.33	0
245	2019-01-03	7.33	7.33	7.33	7.33	0
246	2019-01-04	7.33	7.33	7.33	7.33	0
247	2019-01-07	7.33	7.33	7.33	7.33	0
248	2019-01-08	7.33	7.33	7.33	7.33	0
249	2019-01-09	7.33	7.33	7.33	7.33	0
250	2019-01-10	7.33	7.33	7.33	7.33	0
251	2019-01-11	7.4	7.4	4.55	4.55	800
252	2019-01-14	6.79	4.55	4.55	4.55	0
253	2019-01-15	6.79	4.55	4.55	4.55	0
254	2019-01-16	6.48	7.33	6.48	7.33	300
255	2019-01-17	7.02	7.33	7.33	7.33	0
256	2019-01-18	7.02	7.33	7.33	7.33	0
257	2019-01-21	7.02	7.33	7.33	7.33	0
258	2019-01-22	7.02	7.33	7.33	7.33	0
259	2019-01-23	7.02	7.33	7.33	7.33	0
260	2019-01-24	7.71	7.71	7.71	7.71	2400
261	2019-01-25	7.71	7.71	7.71	7.71	0
262	2019-01-28	7.71	7.71	7.71	7.71	0
263	2019-01-29	7.71	7.71	7.71	7.71	0
264	2019-01-30	7.71	7.71	7.71	7.71	0
265	2019-01-31	7.71	7.71	7.71	7.71	0
266	2019-02-01	7.71	7.71	7.71	7.71	0
267	2019-02-11	7.71	7.71	7.71	7.71	0
268	2019-02-12	7.71	7.71	7.71	7.71	0
269	2019-02-13	7.71	7.71	7.71	7.71	0
270	2019-02-14	7.71	7.71	7.71	7.71	0
271	2019-02-15	7.71	7.71	7.71	7.71	0
272	2019-02-18	7.71	7.71	7.71	7.71	0
273	2019-02-19	7.71	7.71	7.71	7.71	0
274	2019-02-20	7.71	7.71	7.71	7.71	0
275	2019-02-21	7.71	7.71	7.71	7.71	0
276	2019-02-22	7.71	7.71	7.71	7.71	0
277	2019-02-25	7.71	7.71	7.71	7.71	0
278	2019-02-26	7.71	7.71	7.71	7.71	0
279	2019-02-27	7.71	7.71	7.71	7.71	0
280	2019-02-28	7.71	7.71	7.71	7.71	0
281	2019-03-01	7.71	7.71	7.71	7.71	0
282	2019-03-04	8.87	8.87	8.87	8.87	100
283	2019-03-05	8.87	8.87	8.87	8.87	0
284	2019-03-06	8.87	8.87	8.87	8.87	0
285	2019-03-07	8.87	8.87	8.87	8.87	50
286	2019-03-08	8.87	8.87	8.87	8.87	0
287	2019-03-11	8.87	8.87	8.87	8.87	0
288	2019-03-12	8.87	8.87	8.87	8.87	0
289	2019-03-13	8.87	8.87	8.87	8.87	0
290	2019-03-14	8.87	8.87	8.87	8.87	0
291	2019-03-15	8.87	8.87	8.87	8.87	50
292	2019-03-18	8.87	8.87	8.87	8.87	0
293	2019-03-19	8.87	8.87	8.87	8.87	0
294	2019-03-20	8.87	8.87	8.87	8.87	0
295	2019-03-21	8.87	8.87	8.87	8.87	0
296	2019-03-22	8.87	8.87	8.87	8.87	0
297	2019-03-25	8.87	8.87	8.87	8.87	0
298	2019-03-26	8.87	8.87	8.87	8.87	0
299	2019-03-27	8.87	8.87	8.87	8.87	0
300	2019-03-28	8.87	8.87	8.87	8.87	0
301	2019-03-29	8.87	8.87	8.87	8.87	0
302	2019-04-01	8.87	8.87	8.87	8.87	0
303	2019-04-02	8.87	8.87	8.87	8.87	0
304	2019-04-03	8.87	8.87	8.87	8.87	0
305	2019-04-04	9.1	9.1	9.1	9.1	100
306	2019-04-05	9.1	9.1	9.1	9.1	0
307	2019-04-08	9.1	9.1	9.1	9.1	0
308	2019-04-09	9.1	9.1	9.1	9.1	0
309	2019-04-10	9.1	9.1	9.1	9.1	0
310	2019-04-11	9.1	9.1	9.1	9.1	0
311	2019-04-12	9.1	9.1	9.1	9.1	0
312	2019-04-16	9.1	9.1	9.1	9.1	0
313	2019-04-17	9.1	9.1	9.1	9.1	0
314	2019-04-18	9.25	9.25	9.25	9.25	100
315	2019-04-19	9.25	10.48	10.48	10.48	0
316	2019-04-22	9.25	10.48	10.48	10.48	0
317	2019-04-23	9.25	10.48	10.48	10.48	0
318	2019-04-24	9.25	10.48	10.48	10.48	0
319	2019-04-25	9.25	10.48	10.48	10.48	0
320	2019-04-26	9.25	10.48	10.48	10.48	0
321	2019-05-02	9.25	10.48	10.48	10.48	0
322	2019-05-03	9.25	10.48	10.48	10.48	0
323	2019-05-06	9.6	9.6	9.6	9.6	500
324	2019-05-07	9.6	9.6	9.6	9.6	0
325	2019-05-08	9.6	9.6	9.6	9.6	0
326	2019-05-09	9.6	9.6	9.6	9.6	0
327	2019-05-10	9.6	9.6	9.6	9.6	0
328	2019-05-13	9.6	9.6	9.6	9.6	0
329	2019-05-14	9.6	9.6	9.6	9.6	2700
330	2019-05-15	9.6	9.6	9.6	9.6	0
331	2019-05-16	9.6	9.6	9.6	9.6	0
332	2019-05-17	8.73	8.73	8.73	8.73	600
333	2019-05-20	8.73	8.73	8.73	8.73	0
334	2019-05-21	8.73	8.73	8.73	8.73	0
335	2019-05-22	8.73	8.73	8.73	8.73	0
336	2019-05-23	8.73	8.73	8.73	8.73	0
337	2019-05-24	8.73	8.73	8.73	8.73	0
338	2019-05-27	8.73	8.73	8.73	8.73	0
339	2019-05-28	8.73	8.73	8.73	8.73	0
340	2019-05-29	8.73	8.73	8.73	8.73	0
341	2019-05-30	8.73	8.73	8.73	8.73	0
342	2019-05-31	8.73	8.73	8.73	8.73	0
343	2019-06-03	8.73	8.73	8.73	8.73	0
344	2019-06-04	8.73	8.73	8.73	8.73	0
345	2019-06-05	8.73	8.73	8.73	8.73	0
346	2019-06-06	8.73	8.73	8.73	8.73	0
347	2019-06-07	8.73	8.73	8.73	8.73	0
348	2019-06-10	8.73	8.73	8.73	8.73	0
349	2019-06-11	8.73	8.73	8.73	8.73	0
350	2019-06-12	8.73	8.73	8.73	8.73	0
351	2019-06-13	8.73	8.73	8.73	8.73	0
352	2019-06-14	8.73	8.73	8.73	8.73	3300
353	2019-06-17	8.73	8.73	8.73	8.73	0
354	2019-06-18	8.73	8.73	8.73	8.73	0
355	2019-06-19	8.73	8.73	8.73	8.73	0
356	2019-06-20	8.73	8.73	8.73	8.73	0
357	2019-06-21	8.73	8.73	8.73	8.73	0
358	2019-06-24	8.73	8.73	8.73	8.73	0
359	2019-06-25	7.68	7.68	7.68	7.68	100
360	2019-06-26	7.68	7.68	7.68	7.68	0
361	2019-06-27	7.6	7.6	6.55	6.55	600
362	2019-06-28	7.25	6.55	6.55	6.55	0
363	2019-07-01	7.25	6.55	6.55	6.55	0
364	2019-07-02	8.29	8.29	8.29	8.29	200
365	2019-07-03	8.29	8.29	8.29	8.29	0
366	2019-07-04	7.33	7.33	7.33	8.29	100
367	2019-07-05	8.29	7.33	7.33	7.33	0
368	2019-07-08	8.29	7.33	7.33	7.33	0
369	2019-07-09	8.29	7.33	7.33	7.33	0
370	2019-07-10	6.29	6.29	6.29	6.29	100
371	2019-07-11	6.29	6.29	6.29	6.29	0
372	2019-07-12	6.29	6.29	6.29	6.29	0
373	2019-07-15	6.29	6.29	6.29	6.29	0
374	2019-07-16	6.29	6.29	6.29	6.29	0
375	2019-07-17	6.29	6.29	6.29	6.29	0
376	2019-07-18	6.29	6.29	6.29	6.29	0
377	2019-07-19	6.29	6.29	6.29	6.29	0
378	2019-07-22	6.29	6.29	6.29	6.29	0
379	2019-07-23	5.41	5.41	5.41	5.41	100
380	2019-07-24	5.41	5.41	5.41	5.41	0
381	2019-07-25	5.41	5.41	5.41	5.41	0
382	2019-07-26	5.41	5.41	5.41	5.41	0
383	2019-07-29	5.41	5.41	5.41	5.41	0
384	2019-07-30	5.41	5.41	5.41	5.41	0
385	2019-07-31	5.41	5.41	5.41	5.41	0
386	2019-08-01	5.41	5.41	5.41	5.41	0
387	2019-08-02	5.41	5.41	5.41	5.41	0
388	2019-08-05	5.41	5.41	5.41	5.41	0
389	2019-08-06	4.63	4.63	4.63	4.63	100
390	2019-08-07	4.63	4.63	4.63	4.63	0
391	2019-08-08	4.63	4.63	4.63	4.63	0
392	2019-08-09	4.63	4.63	4.63	4.63	0
393	2019-08-12	4.63	4.63	4.63	4.63	0
394	2019-08-13	4.63	4.63	4.63	4.63	0
395	2019-08-14	4.63	4.63	4.63	4.63	0
396	2019-08-15	4.63	4.63	4.63	4.63	0
397	2019-08-16	4.1	4.1	4.1	4.1	100
398	2019-08-19	4.1	4.1	4.1	4.1	0
399	2019-08-20	4.1	4.1	4.1	4.1	0
400	2019-08-21	4.1	4.1	4.1	4.1	0
401	2019-08-22	4.1	4.1	4.1	4.1	0
402	2019-08-23	4.1	4.1	4.1	4.1	0
403	2019-08-26	4.1	4.1	4.1	4.1	0
404	2019-08-27	4.1	4.1	4.1	4.1	0
405	2019-08-28	4.1	4.1	4.1	4.1	0
406	2019-08-29	4.1	4.1	4.1	4.1	0
407	2019-08-30	4.1	4.1	4.1	4.1	0
408	2019-09-03	4.1	4.1	4.1	4.1	0
409	2019-09-04	4.1	4.1	4.1	4.1	0
410	2019-09-05	4.1	4.1	4.1	4.1	0
411	2019-09-06	4.1	4.1	4.1	4.1	0
412	2019-09-09	4.1	4.1	4.1	4.1	0
413	2019-09-10	4.1	4.1	4.1	4.1	0
414	2019-09-11	4.1	4.1	4.1	4.1	0
415	2019-09-12	3.49	3.49	3.49	3.49	100
416	2019-09-13	3.49	3.49	3.49	3.49	0
417	2019-09-16	3.49	3.49	3.49	3.49	0
418	2019-09-17	3.49	3.49	3.49	3.49	0
419	2019-09-18	3.49	3.49	3.49	3.49	0
420	2019-09-19	3.49	3.49	3.49	3.49	0
421	2019-09-20	3.49	3.49	3.49	3.49	0
422	2019-09-23	3.49	3.49	3.49	3.49	0
423	2019-09-24	3.49	3.49	3.49	3.49	0
424	2019-09-25	3.49	3.49	3.49	3.49	0
425	2019-09-26	3.49	3.49	3.49	3.49	0
426	2019-09-27	3.49	3.49	3.49	3.49	0
427	2019-09-30	3.49	3.49	3.49	3.49	0
428	2019-10-01	3.49	3.49	3.49	3.49	0
429	2019-10-02	3.49	3.49	3.49	3.49	0
430	2019-10-03	3.49	3.49	3.49	3.49	0
431	2019-10-04	3.49	3.49	3.49	3.49	0
432	2019-10-07	3.49	3.49	3.49	3.49	0
433	2019-10-08	3.49	3.49	3.49	3.49	0
434	2019-10-09	3.49	3.49	3.49	3.49	0
435	2019-10-10	3.49	3.49	3.49	3.49	0
436	2019-10-11	3.49	3.49	3.49	3.49	0
437	2019-10-14	3.49	3.49	3.49	3.49	0
438	2019-10-15	3.49	3.49	3.49	3.49	0
439	2019-10-16	3.49	3.49	3.49	3.49	0
440	2019-10-17	3.49	3.49	3.49	3.49	0
441	2019-10-18	3.49	3.49	3.49	3.49	0
442	2019-10-21	3.49	3.49	3.49	3.49	0
443	2019-10-22	3.49	3.49	3.49	3.49	0
444	2019-10-23	3.49	3.49	3.49	3.49	0
445	2019-10-24	3.49	3.49	3.49	3.49	0
446	2019-10-25	3.49	3.49	3.49	3.49	0
447	2019-10-28	3.49	3.49	3.49	3.49	0
448	2019-10-29	3.49	3.49	3.49	3.49	0
449	2019-10-30	3.49	3.49	3.49	3.49	0
450	2019-10-31	3.49	3.49	3.49	3.49	0
451	2019-11-01	3.49	3.49	3.49	3.49	0
452	2019-11-04	3.49	3.49	3.49	3.49	0
453	2019-11-05	3.49	3.49	3.49	3.49	0
454	2019-11-06	3.49	3.49	3.49	3.49	0
455	2019-11-07	3.49	3.49	3.49	3.49	0
456	2019-11-08	3.49	3.49	3.49	3.49	0
457	2019-11-11	3.49	3.49	3.49	3.49	0
458	2019-11-12	3.49	3.49	3.49	3.49	0
459	2019-11-13	3.49	3.49	3.49	3.49	0
460	2019-11-14	3.49	3.49	3.49	3.49	0
461	2019-11-15	3.49	3.49	3.49	3.49	0
462	2019-11-18	3.49	3.49	3.49	3.49	0
463	2019-11-19	3.49	3.49	3.49	3.49	0
464	2019-11-20	3.49	3.49	3.49	3.49	0
465	2019-11-21	3.49	3.49	3.49	3.49	0
466	2019-11-22	3.49	3.49	3.49	3.49	0
467	2019-11-25	3.49	3.49	3.49	3.49	0
468	2019-11-26	3.49	3.49	3.49	3.49	0
469	2019-11-27	3.49	3.49	3.49	3.49	0
470	2019-11-28	3.49	3.49	3.49	3.49	0
471	2019-11-29	3.49	3.49	3.49	3.49	0
472	2019-12-02	3.49	3.49	3.49	3.49	0
473	2019-12-03	3.49	3.49	3.49	3.49	0
474	2019-12-04	3.49	3.49	3.49	3.49	0
475	2019-12-05	3.49	3.49	3.49	3.49	0
476	2019-12-06	3.49	3.49	3.49	3.49	0
477	2019-12-09	3.49	3.49	3.49	3.49	0
478	2019-12-10	3.49	3.49	3.49	3.49	0
479	2019-12-11	3.49	3.49	3.49	3.49	0
480	2019-12-12	3.49	3.49	3.49	3.49	0
481	2019-12-13	3.49	3.49	3.49	3.49	0
482	2019-12-16	3.49	3.49	3.49	3.49	0
483	2019-12-17	3.49	3.49	3.49	3.49	0
484	2019-12-18	3.49	3.49	3.49	3.49	0
485	2019-12-19	3.49	3.49	3.49	3.49	0
486	2019-12-20	3.49	3.49	3.49	3.49	0
487	2019-12-23	3.49	3.49	3.49	3.49	0
488	2019-12-24	3.49	3.49	3.49	3.49	0
489	2019-12-25	3.49	3.49	3.49	3.49	0
490	2019-12-26	3.49	3.49	3.49	3.49	0
491	2019-12-27	3.49	3.49	3.49	3.49	0
492	2019-12-30	3.49	3.49	3.49	3.49	0
493	2019-12-31	3.49	3.49	3.49	3.49	0
494	2020-01-02	3.49	3.49	3.49	3.49	0
495	2020-01-03	3.49	3.49	3.49	3.49	0
496	2020-01-06	3.49	3.49	3.49	3.49	0
497	2020-01-07	3.49	3.49	3.49	3.49	0
498	2020-01-08	3.49	3.49	3.49	3.49	0
499	2020-01-09	3.49	3.49	3.49	3.49	0
500	2020-01-10	3.49	3.49	3.49	3.49	0
501	2020-01-13	3.49	3.49	3.49	3.49	0
502	2020-01-14	3.49	3.49	3.49	3.49	0
503	2020-01-15	3.49	3.49	3.49	3.49	0
504	2020-01-16	3.49	3.49	3.49	3.49	0
505	2020-01-17	3.49	3.49	3.49	3.49	0
506	2020-01-20	3.49	3.49	3.49	3.49	0
507	2020-01-21	3.49	3.49	3.49	3.49	0
508	2020-01-22	3.49	3.49	3.49	3.49	0
509	2020-01-30	3.49	3.49	3.49	3.49	0
510	2020-01-31	3.49	3.49	3.49	3.49	0
511	2020-02-03	3.49	3.49	3.49	3.49	0
512	2020-02-04	3.49	3.49	3.49	3.49	0
513	2020-02-05	3.49	3.49	3.49	3.49	0
514	2020-02-06	3.49	3.49	3.49	3.49	0
515	2020-02-07	3.49	3.49	3.49	3.49	0
516	2020-02-10	3.49	3.49	3.49	3.49	0
517	2020-02-11	3.49	3.49	3.49	3.49	0
518	2020-02-12	3.49	3.49	3.49	3.49	0
519	2020-02-13	3.49	3.49	3.49	3.49	0
520	2020-02-14	3.49	3.49	3.49	3.49	0
521	2020-02-17	3.49	3.49	3.49	3.49	0
522	2020-02-18	3.49	3.49	3.49	3.49	0
523	2020-02-19	3.49	3.49	3.49	3.49	0
524	2020-02-20	3.49	3.49	3.49	3.49	0
525	2020-02-21	3.49	3.49	3.49	3.49	0
526	2020-02-24	3.49	3.49	3.49	3.49	0
527	2020-02-25	3.49	3.49	3.49	3.49	0
528	2020-02-26	3.49	3.49	3.49	3.49	0
529	2020-02-27	3.49	3.49	3.49	3.49	0
530	2020-02-28	3.49	3.49	3.49	3.49	0
531	2020-03-02	3.49	3.49	3.49	3.49	0
532	2020-03-03	3.49	3.49	3.49	3.49	0
533	2020-03-04	3.49	3.49	3.49	3.49	0
534	2020-03-05	3.49	3.49	3.49	3.49	0
535	2020-03-06	3.49	3.49	3.49	3.49	0
536	2020-03-09	3.49	3.49	3.49	3.49	0
537	2020-03-10	3.49	3.49	3.49	3.49	0
538	2020-03-11	3.49	3.49	3.49	3.49	0
539	2020-03-12	3.49	3.49	3.49	3.49	0
540	2020-03-13	3.49	3.49	3.49	3.49	0
541	2020-03-16	3.49	3.49	3.49	3.49	0
542	2020-03-17	3.49	3.49	3.49	3.49	0
543	2020-03-18	3.49	3.49	3.49	3.49	0
544	2020-03-19	3.49	3.49	3.49	3.49	0
545	2020-03-20	3.49	3.49	3.49	3.49	0
546	2020-03-23	3.49	3.49	3.49	3.49	0
547	2020-03-24	3.49	3.49	3.49	3.49	0
548	2020-03-25	3.49	3.49	3.49	3.49	0
549	2020-03-26	3.49	3.49	3.49	3.49	0
550	2020-03-27	3.49	3.49	3.49	3.49	0
551	2020-03-30	3.49	3.49	3.49	3.49	0
552	2020-03-31	3.49	3.49	3.49	3.49	0
553	2020-04-01	3.49	3.49	3.49	3.49	0
554	2020-04-03	3.49	3.49	3.49	3.49	0
555	2020-04-06	3.49	3.49	3.49	3.49	0
556	2020-04-07	3.49	3.49	3.49	3.49	0
557	2020-04-08	3.49	3.49	3.49	3.49	0
558	2020-04-09	3.49	3.49	3.49	3.49	0
559	2020-04-10	4.89	4.89	4.89	4.89	300
560	2020-04-13	4.89	4.89	4.89	4.89	0
561	2020-04-14	4.89	4.89	4.89	4.89	0
562	2020-04-15	4.89	4.89	4.89	4.89	0
563	2020-04-16	4.89	4.89	4.89	4.89	0
564	2020-04-17	4.89	4.89	4.89	4.89	0
565	2020-04-20	4.89	4.89	4.89	4.89	0
566	2020-04-21	4.89	4.89	4.89	4.89	0
567	2020-04-22	4.89	4.89	4.89	4.89	0
568	2020-04-23	4.89	4.89	4.89	4.89	0
569	2020-04-24	4.89	4.89	4.89	4.89	0
570	2020-04-27	4.89	4.89	4.89	4.89	0
571	2020-04-28	4.89	4.89	4.89	4.89	0
572	2020-04-29	4.89	4.89	4.89	4.89	0
573	2020-05-04	4.89	4.89	4.89	4.89	0
574	2020-05-05	4.89	4.89	4.89	4.89	0
575	2020-05-06	4.89	4.89	4.89	4.89	0
576	2020-05-07	4.89	4.89	4.89	4.89	0
577	2020-05-08	4.89	4.89	4.89	4.89	0
578	2020-05-11	4.89	4.89	4.89	4.89	0
579	2020-05-12	4.89	4.89	4.89	4.89	0
580	2020-05-13	4.89	4.89	4.89	4.89	0
581	2020-05-14	4.89	4.89	4.89	4.89	0
582	2020-05-15	4.89	4.89	4.89	4.89	0
583	2020-05-18	5.59	5.59	5.59	5.59	100
584	2020-05-19	5.59	5.59	5.59	5.59	0
585	2020-05-20	6.37	6.37	6.37	6.37	100
586	2020-05-21	7.25	7.25	7.25	7.25	100
587	2020-05-22	8.29	8.29	8.29	8.29	1000
588	2020-05-25	8.29	8.29	8.29	8.29	0
589	2020-05-26	9.52	9.52	9.52	9.52	200
590	2020-05-27	9.52	9.52	9.52	9.52	2200
591	2020-05-28	9.52	9.52	9.52	9.52	0
592	2020-05-29	9.52	9.52	9.52	9.52	0
593	2020-06-01	8.73	8.73	8.73	8.73	100
594	2020-06-02	7.86	7.86	7.86	7.86	100
595	2020-06-03	7.86	7.86	7.86	7.86	0
596	2020-06-04	7.86	7.86	7.86	7.86	1000
597	2020-06-05	7.86	7.86	7.86	7.86	0
598	2020-06-08	8.82	8.82	8.82	8.82	400
599	2020-06-09	9.17	10.13	8.99	10.13	9400
600	2020-06-10	9.25	10.13	10.13	10.13	0
601	2020-06-11	9.25	10.13	10.13	10.13	0
602	2020-06-12	9.25	10.13	10.13	10.13	0
603	2020-06-15	10.48	10.48	10.48	10.48	400
604	2020-06-16	10.04	10.04	10.04	10.04	100
605	2020-06-17	10.04	10.04	10.04	10.04	0
606	2020-06-18	10.04	10.04	10.04	10.04	0
607	2020-06-19	10.04	11.21	11.21	11.21	0
608	2020-06-22	10.04	11.21	11.21	11.21	0
609	2020-06-23	10.04	11.21	11.21	11.21	0
610	2020-06-24	9.75	9.75	9.75	9.75	200
611	2020-06-25	9.75	9.75	9.75	9.75	0
612	2020-06-26	9.75	9.75	9.75	9.75	0
613	2020-06-29	9.75	9.75	9.75	9.75	0
614	2020-06-30	9.75	9.75	9.75	9.75	0
615	2020-07-01	9.75	9.75	9.75	9.75	0
616	2020-07-02	9.75	9.75	9.75	9.75	0
617	2020-07-03	9.75	9.75	9.75	9.75	0
618	2020-07-06	9.75	9.75	9.75	9.75	0
619	2020-07-07	9.75	9.75	9.75	9.75	0
620	2020-07-08	9.75	9.75	9.75	9.75	0
621	2020-07-09	9.75	9.75	9.75	9.75	0
622	2020-07-10	9.75	9.75	9.75	9.75	0
623	2020-07-13	9.75	9.75	9.75	9.75	0
624	2020-07-14	9.75	9.75	9.75	9.75	0
625	2020-07-15	9.75	9.75	9.75	9.75	0
626	2020-07-16	8.28	8.28	8.28	8.28	2300
627	2020-07-17	8.28	8.28	8.28	8.28	0
628	2020-07-20	8.28	8.28	8.28	8.28	0
629	2020-07-21	8.28	8.28	8.28	8.28	0
630	2020-07-22	8.28	8.28	8.28	8.28	300
631	2020-07-23	8.28	8.28	8.28	8.28	0
632	2020-07-24	8.28	8.28	8.28	8.28	0
633	2020-07-27	8.28	8.28	8.28	8.28	0
634	2020-07-28	8.28	8.28	8.28	8.28	0
635	2020-07-29	8.28	8.28	8.28	8.28	0
636	2020-07-30	8.28	8.28	8.28	8.28	0
637	2020-07-31	8.28	8.28	8.28	8.28	0
638	2020-08-03	8.28	8.28	8.28	8.28	0
639	2020-08-04	8.28	8.28	8.28	8.28	0
640	2020-08-05	8.28	8.28	8.28	8.28	0
641	2020-08-06	7.41	7.41	7.12	7.12	3000
642	2020-08-07	8.09	8.09	8.09	8.09	200
643	2020-08-10	8.09	8.09	8.09	8.09	0
644	2020-08-11	8.09	8.09	8.09	8.09	0
645	2020-08-12	7.21	7.21	7.21	7.21	2300
646	2020-08-13	7.21	7.21	7.21	7.21	0
647	2020-08-14	6.92	6.92	6.34	6.34	5600
648	2020-08-17	6.43	6.34	6.34	6.34	0
649	2020-08-18	7.21	7.21	7.21	7.21	100
650	2020-08-19	8.28	8.28	7.7	7.7	600
651	2020-08-20	7.12	7.12	7.12	7.12	100
652	2020-08-21	6.14	7.02	6.14	7.02	7200
653	2020-08-24	6.82	6.82	6.82	6.82	100
654	2020-08-25	6.82	7.8	6.82	7.8	6100
655	2020-08-26	7.02	7.02	6.92	6.92	1000
656	2020-08-27	6.92	6.92	6.92	6.92	0
657	2020-08-28	7.31	7.6	7.31	7.6	2400
658	2020-08-31	7.41	7.41	7.41	7.41	1300
659	2020-09-01	7.41	7.41	7.41	7.41	100
660	2020-09-03	7.41	7.41	7.41	7.41	0
661	2020-09-04	7.41	7.41	7.41	7.41	0
662	2020-09-07	7.41	7.41	7.41	7.41	0
663	2020-09-08	7.41	7.41	7.41	7.41	0
664	2020-09-09	7.41	7.41	7.41	7.41	0
665	2020-09-10	7.41	7.41	7.41	7.41	0
666	2020-09-11	7.41	7.41	7.41	7.41	0
667	2020-09-14	7.41	7.41	7.41	7.41	200
668	2020-09-15	7.41	7.41	7.41	7.41	200
669	2020-09-16	7.41	7.41	7.41	7.41	0
670	2020-09-17	7.41	7.41	7.41	7.41	0
671	2020-09-18	7.6	7.6	7.6	7.6	200
672	2020-09-21	7.6	7.6	7.6	7.6	0
673	2020-09-22	7.6	7.6	7.6	7.6	0
674	2020-09-23	7.8	7.8	7.8	7.8	200
675	2020-09-24	7.8	7.8	7.8	7.8	200
676	2020-09-25	7.8	7.8	7.8	7.8	5400
677	2020-09-28	7.8	7.8	7.8	7.8	2600
678	2020-09-29	7.8	7.8	7.8	7.8	0
679	2020-09-30	8.67	8.67	8.67	8.67	100
680	2020-10-01	8.67	8.67	8.67	8.67	0
681	2020-10-02	8.28	8.28	8.28	8.28	500
682	2020-10-05	8.28	8.28	8.28	8.28	0
683	2020-10-06	8.28	8.28	8.28	8.28	2500
684	2020-10-07	8.28	8.28	8.28	8.28	5100
685	2020-10-08	8.28	8.28	8.28	8.28	0
686	2020-10-09	8.28	8.28	8.28	8.28	0
687	2020-10-12	8.48	8.48	8.48	8.48	200
688	2020-10-13	8.48	8.48	8.48	8.48	0
689	2020-10-14	8.48	8.48	8.48	8.48	1000
690	2020-10-15	9.75	9.75	9.75	9.75	100
691	2020-10-16	9.75	9.75	9.75	9.75	0
692	2020-10-19	9.75	9.75	9.75	9.75	0
693	2020-10-20	9.75	9.75	9.75	9.75	0
694	2020-10-21	8.48	10.72	8.48	10.72	1100
695	2020-10-22	7.41	7.41	7.41	7.41	100
696	2020-10-23	8.48	8.48	7.31	7.31	200
697	2020-10-26	7.9	7.31	7.31	7.31	0
698	2020-10-27	7.9	7.31	7.31	7.31	0
699	2020-10-28	7.6	7.6	7.6	7.6	100
700	2020-10-29	7.6	7.6	7.6	7.6	0
701	2020-10-30	7.8	7.8	7.8	7.8	100
702	2020-11-02	7.8	7.8	7.8	7.8	0
703	2020-11-03	7.9	7.9	7.9	7.9	100
704	2020-11-04	7.9	7.9	7.9	7.9	0
705	2020-11-05	7.9	7.9	7.9	7.9	0
706	2020-11-06	7.7	7.7	7.7	7.7	100
707	2020-11-09	7.7	7.7	7.7	7.7	0
708	2020-11-10	7.7	7.7	7.7	7.7	0
709	2020-11-11	7.7	7.7	7.7	7.7	0
710	2020-11-12	7.7	7.7	7.7	7.7	0
711	2020-11-13	7.7	7.7	7.7	7.7	0
712	2020-11-16	7.41	7.41	7.41	7.41	100
713	2020-11-17	7.41	7.41	7.41	7.41	0
714	2020-11-18	8.48	8.48	8.48	8.48	200
715	2020-11-19	7.9	7.9	7.9	7.9	100
716	2020-11-20	7.9	7.9	7.9	7.9	0
717	2020-11-23	8.19	9.06	8.19	8.48	1600
718	2020-11-24	8.48	8.48	8.48	8.48	0
719	2020-11-25	7.9	8.19	7.9	8.19	200
720	2020-11-26	8.09	8.19	8.19	8.19	0
721	2020-11-27	7.9	7.9	7.9	7.9	100
722	2020-11-30	8.09	8.09	8.09	8.09	300
723	2020-12-01	9.26	9.26	9.26	9.26	100
724	2020-12-02	9.26	9.26	9.26	9.26	100
725	2020-12-03	9.26	9.26	9.26	9.26	4500
726	2020-12-04	10.62	10.62	8.28	9.26	500
727	2020-12-07	9.36	9.26	9.26	9.26	0
728	2020-12-08	9.36	9.36	9.36	9.36	200
729	2020-12-09	9.94	9.94	9.94	9.94	400
730	2020-12-10	9.94	9.94	9.94	9.94	0
731	2020-12-11	9.94	9.94	9.94	9.94	0
732	2020-12-14	9.94	9.94	9.94	9.94	0
733	2020-12-15	9.94	9.94	9.94	9.94	0
734	2020-12-16	11.21	11.21	11.21	11.21	100
735	2020-12-17	11.21	11.21	11.21	11.21	0
736	2020-12-18	9.75	9.75	9.55	9.75	2400
737	2020-12-21	9.55	9.65	9.55	9.65	2400
738	2020-12-22	9.55	9.55	9.55	9.55	1800
739	2020-12-23	9.55	9.55	9.55	9.55	0
740	2020-12-24	9.55	9.55	9.55	9.55	0
741	2020-12-25	9.55	9.55	9.55	9.55	0
742	2020-12-28	9.55	9.55	9.55	9.55	0
743	2020-12-29	9.55	9.55	9.55	9.55	0
744	2020-12-30	9.55	9.55	9.55	9.55	0
745	2020-12-31	9.55	9.55	9.55	9.55	0
746	2021-01-04	9.55	9.55	9.55	9.55	0
747	2021-01-05	9.55	9.55	9.55	9.55	0
748	2021-01-06	10.72	10.72	10.72	10.72	200
749	2021-01-07	10.72	10.72	10.72	10.72	0
750	2021-01-08	10.72	10.72	10.72	10.72	0
751	2021-01-11	10.72	10.72	10.72	10.72	0
752	2021-01-12	10.72	10.72	10.72	10.72	0
753	2021-01-13	10.72	10.72	9.75	9.75	1300
754	2021-01-14	9.84	9.84	9.84	9.84	4200
755	2021-01-15	9.75	9.75	9.65	9.65	4800
756	2021-01-18	9.65	9.65	9.55	9.55	7500
757	2021-01-19	9.55	9.55	8.97	8.97	14600
758	2021-01-20	9.36	9.36	9.36	9.36	600
759	2021-01-21	9.36	9.36	9.26	9.26	10400
760	2021-01-22	9.26	9.26	9.06	9.06	7100
761	2021-01-25	9.16	10.43	9.16	10.43	141500
762	2021-01-26	9.36	9.75	9.36	9.55	16600
763	2021-01-27	9.55	9.55	9.55	9.55	300
764	2021-01-28	9.55	9.55	9.26	9.26	6900
765	2021-01-29	8.87	8.97	8.19	8.97	1600
766	2021-02-01	9.45	9.45	9.45	9.45	100
767	2021-02-02	8.77	8.77	8.77	8.77	1900
768	2021-02-03	9.84	9.84	8.77	9.16	106100
769	2021-02-04	9.94	9.94	8.77	8.77	20300
770	2021-02-05	9.94	9.94	8.77	8.77	15200
771	2021-02-08	9.75	9.75	8.77	8.77	1600
772	2021-02-09	8.77	8.77	8.77	8.77	4700
773	2021-02-17	9.75	9.75	8.77	8.77	5300
774	2021-02-18	9.84	9.84	9.26	9.26	200
775	2021-02-19	9.55	10.14	9.55	10.14	300
776	2021-02-22	8.87	9.65	8.87	9.65	2400
777	2021-02-23	9.36	9.36	9.36	9.36	200
778	2021-02-24	9.36	9.36	9.06	9.06	500
779	2021-02-25	9.55	9.55	9.55	9.55	200
780	2021-02-26	9.36	9.36	9.26	9.26	20700
781	2021-03-01	9.26	9.26	8.97	9.26	1000
782	2021-03-02	9.16	9.16	8.67	8.67	39600
783	2021-03-03	8.87	8.87	8.67	8.67	27580
784	2021-03-04	8.77	8.77	8.67	8.77	4500
785	2021-03-05	8.77	8.77	8.67	8.77	10400
786	2021-03-08	8.77	8.97	8.77	8.87	34700
787	2021-03-09	8.87	8.97	8.77	8.77	38300
788	2021-03-10	9.55	9.55	8.67	8.67	17900
789	2021-03-11	8.67	8.77	8.58	8.58	54900
790	2021-03-12	8.67	8.77	8.58	8.58	43700
791	2021-03-15	8.67	8.77	8.58	8.58	46100
792	2021-03-16	8.67	8.67	8.38	8.38	122900
793	2021-03-17	8.48	8.87	8.48	8.77	146400
794	2021-03-18	8.87	9.16	8.77	8.97	224100
795	2021-03-19	9.06	10.23	9.06	9.75	97900
796	2021-03-22	9.45	9.45	8.77	9.36	76900
797	2021-03-23	8.77	9.06	8.67	8.77	69200
798	2021-03-24	8.58	8.77	8.48	8.58	43900
799	2021-03-25	8.58	8.77	7.8	8.09	130800
800	2021-03-26	7.9	8.48	7.8	8.38	58500
801	2021-03-29	7.9	8.19	7.8	8.19	15300
802	2021-03-30	7.9	8.48	7.8	8.38	54300
803	2021-03-31	7.99	8.28	7.99	8.19	7000
804	2021-04-01	8.19	8.19	7.99	8.09	10800
805	2021-04-02	8.09	8.09	7.9	7.9	54000
806	2021-04-05	7.9	8.48	7.9	8.19	57300
807	2021-04-06	8.38	8.48	8.19	8.19	47600
808	2021-04-07	8.19	8.38	7.99	8.38	34000
809	2021-04-08	8.38	8.38	7.99	8.19	18000
810	2021-04-09	7.99	8.28	7.99	8.28	39600
811	2021-04-12	8.28	8.28	7.99	8.28	17800
812	2021-04-13	8.28	8.28	7.99	8.09	21300
813	2021-04-14	8.09	8.19	7.99	8.19	8300
814	2021-04-15	8.19	8.19	7.8	7.99	54200
815	2021-04-16	7.9	8.09	7.8	7.8	32100
816	2021-04-19	7.9	7.99	7.8	7.9	12200
817	2021-04-20	7.99	7.99	7.8	7.8	12200
818	2021-04-22	7.8	7.9	7.8	7.9	32900
819	2021-04-23	7.8	7.8	7.8	7.8	18600
820	2021-04-26	7.9	7.99	7.8	7.9	7200
821	2021-04-27	7.8	7.8	7.8	7.8	9800
822	2021-04-28	7.8	7.8	7.8	7.8	2700
823	2021-04-29	7.7	7.9	7.7	7.9	4300
824	2021-05-04	7.31	7.8	7.31	7.8	10900
825	2021-05-05	7.7	7.7	7.6	7.7	3500
826	2021-05-06	7.8	8.19	7.8	7.99	57400
827	2021-05-07	7.9	7.9	7.7	7.7	15000
828	2021-05-10	7.9	7.9	7.7	7.8	23000
829	2021-05-11	7.7	7.8	7.6	7.8	102700
830	2021-05-12	7.8	7.8	7.6	7.6	11500
831	2021-05-13	7.6	7.7	7.51	7.7	9700
832	2021-05-14	7.7	7.7	7.6	7.6	21400
833	2021-05-17	7.7	7.7	7.51	7.6	84900
834	2021-05-18	7.6	7.8	7.41	7.8	97200
835	2021-05-19	7.8	7.8	7.6	7.7	35100
836	2021-05-20	7.8	7.8	7.6	7.7	14800
837	2021-05-21	7.7	7.7	7.41	7.7	60800
838	2021-05-24	7.7	7.9	7.6	7.7	37300
839	2021-05-25	7.7	7.7	7.51	7.7	8300
840	2021-05-26	7.51	7.51	7.41	7.51	29800
841	2021-05-27	7.51	7.51	7.31	7.41	38000
842	2021-05-28	7.51	7.51	7.31	7.51	1300
843	2021-05-31	7.31	7.6	7.02	7.6	60400
844	2021-06-01	7.51	7.51	7.12	7.41	27800
845	2021-06-02	7.41	7.41	7.31	7.41	4600
846	2021-06-03	7.21	7.41	6.92	7.31	76000
847	2021-06-04	7.31	7.41	7.12	7.41	45100
848	2021-06-07	7.41	7.51	7.12	7.31	8400
849	2021-06-08	7.31	7.41	7.12	7.31	22500
850	2021-06-09	7.31	7.31	7.21	7.31	15300
851	2021-06-10	7.31	7.31	7.21	7.21	4600
852	2021-06-11	7.21	7.21	7.12	7.21	9600
853	2021-06-14	7.21	7.21	6.82	7.12	38200
854	2021-06-15	7.02	7.02	6.92	7.02	10400
855	2021-06-16	7.02	7.02	6.92	7.02	3200
856	2021-06-17	6.92	7.02	6.82	7.02	15100
857	2021-06-18	7.02	7.12	7.02	7.12	11200
858	2021-06-21	7.21	7.41	7.12	7.21	20200
859	2021-06-22	7.21	7.21	7.12	7.12	7600
860	2021-06-23	7.21	7.21	7.12	7.21	3900
861	2021-06-24	7.21	7.21	7.02	7.02	16700
862	2021-06-25	7.21	7.21	7.02	7.12	5700
863	2021-06-28	7.02	7.21	7.02	7.02	8700
864	2021-06-29	7.02	7.02	7.02	7.02	5400
865	2021-06-30	7.02	7.12	7.02	7.02	1600
866	2021-07-01	7.02	7.02	7.02	7.02	3500
867	2021-07-02	6.92	7.02	6.92	7.02	3500
868	2021-07-05	7.02	7.02	6.82	6.82	6500
869	2021-07-06	7.02	7.02	6.73	6.73	2000
870	2021-07-07	6.82	6.82	6.53	6.82	2500
871	2021-07-08	6.73	6.92	6.63	6.63	4200
872	2021-07-09	6.63	6.82	6.63	6.82	2400
873	2021-07-12	6.73	6.73	6.34	6.34	6300
874	2021-07-13	5.85	6.53	5.75	6.53	4400
875	2021-07-14	6.63	6.63	6.63	6.63	1900
876	2021-07-15	6.63	6.63	6.63	6.63	300
877	2021-07-16	6.43	6.43	6.24	6.24	5500
878	2021-07-19	6.24	6.24	6.24	6.24	800
879	2021-07-20	6.34	6.34	6.34	6.34	400
880	2021-07-21	6.34	6.34	6.34	6.34	100
881	2021-07-22	6.34	6.34	6.34	6.34	100
882	2021-07-23	6.34	6.34	6.34	6.34	100
883	2021-07-26	6.24	6.24	6.24	6.24	200
884	2021-07-27	6.14	6.14	6.14	6.14	400
885	2021-07-28	6.04	6.04	6.04	6.04	9800
886	2021-07-29	6.14	6.14	6.14	6.14	400
887	2021-07-30	6.14	6.14	6.14	6.14	500
888	2021-08-02	6.04	6.04	5.95	5.95	10900
889	2021-08-03	6.04	6.04	6.04	6.04	700
890	2021-08-04	6.04	6.04	5.85	5.95	5000
891	2021-08-05	5.85	6.04	5.85	6.04	5800
892	2021-08-06	5.95	6.14	5.95	6.14	20800
893	2021-08-09	5.95	6.04	5.95	6.04	800
894	2021-08-10	6.04	6.14	6.04	6.14	8900
895	2021-08-11	6.24	6.43	6.24	6.34	17100
896	2021-08-12	6.34	6.43	6.24	6.34	12700
897	2021-08-13	6.63	6.63	6.53	6.53	12100
898	2021-08-16	6.53	7.02	6.53	6.53	22500
899	2021-08-17	6.63	7.21	6.34	6.63	29200
900	2021-08-18	6.82	7.31	6.82	7.12	7500
901	2021-08-19	6.73	7.02	6.14	6.82	11600
902	2021-08-20	7.02	7.02	6.43	6.43	14100
903	2021-08-23	6.34	6.43	6.34	6.34	5800
904	2021-08-24	6.53	6.53	6.43	6.43	1000
905	2021-08-25	6.24	6.53	6.24	6.53	2400
906	2021-08-26	6.14	6.53	6.14	6.43	3600
907	2021-08-27	6.24	6.43	6.24	6.24	1400
908	2021-08-30	6.53	6.63	6.53	6.63	24400
909	2021-08-31	6.63	6.63	6.24	6.24	5600
910	2021-09-01	6.43	6.63	6.04	6.34	79300
911	2021-09-06	6.43	6.53	6.14	6.24	28400
912	2021-09-07	6.24	6.63	6.24	6.63	7300
913	2021-09-08	6.53	6.53	6.24	6.24	13400
914	2021-09-09	6.43	6.73	6.43	6.63	71400
915	2021-09-10	6.53	6.63	6.53	6.53	8000
916	2021-09-13	6.53	6.53	6.43	6.53	10400
917	2021-09-14	6.34	6.53	6.24	6.53	25500
918	2021-09-15	6.53	7.02	6.53	7.02	38300
919	2021-09-16	7.02	7.02	6.43	6.82	20798
920	2021-09-17	6.43	7.02	6.43	6.73	13700
921	2021-09-20	6.92	7.02	6.82	6.82	12100
922	2021-09-21	6.82	6.92	6.43	6.82	34400
923	2021-09-22	6.92	7.7	6.73	7.7	124100
924	2021-09-23	8.48	8.48	8.28	8.48	172500
925	2021-09-24	8.28	8.58	7.31	7.9	17600
926	2021-09-27	7.8	7.8	6.73	6.82	87200
927	2021-09-28	6.34	6.82	6.34	6.82	48500
928	2021-09-29	6.82	7.12	6.73	6.73	6900
929	2021-09-30	6.73	6.92	6.63	6.82	10800
930	2021-10-01	6.53	6.73	6.53	6.53	23800
931	2021-10-04	6.53	6.82	6.53	6.53	10120
932	2021-10-05	6.53	6.73	6.43	6.63	15700
933	2021-10-06	6.82	7.02	6.73	6.82	3737
934	2021-10-07	6.73	6.82	6.73	6.82	23000
935	2021-10-08	6.73	6.82	6.53	6.82	21200
936	2021-10-11	7.41	7.41	6.63	7.02	34000
937	2021-10-12	6.92	7.02	6.82	6.82	8600
938	2021-10-13	7.02	7.02	6.73	6.82	15200
939	2021-10-14	6.63	6.82	6.63	6.82	12900
940	2021-10-15	6.73	6.82	6.73	6.82	17200
941	2021-10-18	6.73	6.82	6.73	6.82	13200
942	2021-10-19	6.63	6.82	6.63	6.82	7000
943	2021-10-20	6.82	6.82	6.73	6.73	16600
944	2021-10-21	6.82	6.92	6.82	6.92	39000
945	2021-10-22	6.92	7.02	6.82	6.92	8300
946	2021-10-25	6.92	7.31	6.82	7.12	54501
947	2021-10-26	7.21	7.21	7.02	7.12	12400
948	2021-10-27	7.12	7.31	7.02	7.12	43509
949	2021-10-28	7.12	7.21	7.02	7.02	38838
950	2021-10-29	7.12	7.21	7.02	7.12	30804
951	2021-11-01	7.12	7.31	7.12	7.21	27000
952	2021-11-02	7.21	8.19	7.21	7.7	60500
953	2021-11-03	7.7	8.09	7.31	7.51	43510
954	2021-11-04	7.31	7.51	7.21	7.41	15700
955	2021-11-05	7.31	7.99	7.21	7.6	37435
956	2021-11-08	7.8	7.8	7.41	7.6	19038
957	2021-11-09	7.8	7.8	7.51	7.7	16200
958	2021-11-10	7.6	7.7	7.41	7.41	18869
959	2021-11-11	7.51	7.6	7.41	7.51	32327
960	2021-11-12	7.51	7.99	7.51	7.99	46300
961	2021-11-15	7.99	8.48	7.99	8.38	60203
962	2021-11-16	8.38	8.87	8.28	8.48	135000
963	2021-11-17	8.58	8.58	7.8	8.28	38512
964	2021-11-18	7.99	8.38	7.99	8.28	28637
965	2021-11-19	8.19	8.28	7.8	7.8	39400
966	2021-11-22	7.99	8.09	7.6	7.7	13600
967	2021-11-23	7.7	7.9	7.6	7.8	32800
968	2021-11-24	7.6	7.9	7.6	7.9	7300
969	2021-11-25	7.6	7.8	7.6	7.8	13000
970	2021-11-26	7.8	7.8	7.7	7.7	29000
971	2021-11-29	7.7	7.99	7.41	7.8	13637
972	2021-11-30	7.8	7.9	7.7	7.7	11600
973	2021-12-01	7.51	7.9	7.51	7.7	15301
974	2021-12-02	7.9	8.09	7.7	8.09	45137
975	2021-12-03	8.09	8.09	7.7	7.7	18500
976	2021-12-06	7.7	7.99	7.7	7.7	16800
977	2021-12-07	7.7	7.8	7.41	7.8	9337
978	2021-12-08	7.8	7.8	7.7	7.8	11900
979	2021-12-09	7.8	7.8	7.6	7.7	4400
980	2021-12-10	7.8	7.9	7.6	7.8	17400
981	2021-12-13	7.7	7.8	7.6	7.8	13905
982	2021-12-14	7.7	7.8	7.6	7.8	6100
983	2021-12-15	7.7	7.7	7.6	7.7	2016
984	2021-12-16	7.31	7.7	7.31	7.7	3615
985	2021-12-17	7.6	7.9	7.6	7.8	18100
986	2021-12-20	7.6	7.6	7.6	7.6	5217
987	2021-12-21	7.6	7.9	7.6	7.7	3800
988	2021-12-22	7.6	7.7	7.51	7.6	14400
989	2021-12-23	7.6	7.7	7.51	7.6	7301
990	2021-12-24	7.7	7.99	7.6	7.6	20400
991	2021-12-27	7.8	7.8	7.7	7.7	1803
992	2021-12-28	7.7	7.7	7.41	7.41	4461
993	2021-12-29	7.7	7.7	7.31	7.6	14130
994	2021-12-30	7.6	7.8	7.51	7.7	12700
995	2021-12-31	7.7	7.7	7.51	7.51	12203
996	2022-01-04	7.51	7.6	7.41	7.41	35800
997	2022-01-05	7.51	7.8	7.41	7.6	57600
998	2022-01-06	7.8	7.8	7.51	7.6	22200
999	2022-01-07	7.6	7.8	7.51	7.8	10000
1000	2022-01-10	7.7	7.9	7.7	7.9	39816
1001	2022-01-11	7.9	7.9	7.7	7.8	9001
1002	2022-01-12	7.8	7.8	7.6	7.6	12400
1003	2022-01-13	7.6	7.7	7.51	7.51	12100
1004	2022-01-14	7.31	7.51	7.12	7.12	7800
1005	2022-01-17	7.12	7.6	7.12	7.41	3400
1006	2022-01-18	7.51	7.51	7.12	7.12	7900
1007	2022-01-19	7.12	7.12	6.92	7.02	11000
1008	2022-01-20	7.02	7.02	6.92	7.02	1100
1009	2022-01-21	6.92	7.41	6.92	7.31	7000
1010	2022-01-24	7.21	7.41	7.21	7.41	900
1011	2022-01-25	6.92	7.31	6.92	7.31	1700
1012	2022-01-26	7.41	7.41	6.92	7.12	3500
1013	2022-01-27	6.92	7.02	6.73	6.82	5701
1014	2022-01-28	7.02	7.02	6.92	6.92	26200
1015	2022-02-07	6.92	7.21	6.92	7.12	2800
1016	2022-02-08	7.21	7.21	7.21	7.21	7100
1017	2022-02-09	7.21	7.7	7.21	7.6	6300
1018	2022-02-10	7.6	7.6	7.51	7.51	6700
1019	2022-02-11	7.31	7.31	7.21	7.21	1100
1020	2022-02-14	7.12	7.21	7.12	7.21	700
1021	2022-02-15	7.41	7.41	7.41	7.41	100
1022	2022-02-16	6.82	7.51	6.82	7.12	900
1023	2022-02-17	7.31	7.41	7.12	7.12	4300
1024	2022-02-18	7.31	7.31	7.21	7.31	3500
1025	2022-02-21	7.31	7.41	6.82	7.41	16700
1026	2022-02-22	7.21	7.41	7.21	7.31	4512
1027	2022-02-23	7.31	7.31	7.21	7.21	2001
1028	2022-02-24	7.21	7.21	7.02	7.12	8200
1029	2022-02-25	7.02	7.12	7.02	7.12	3800
1030	2022-02-28	7.41	7.41	7.31	7.31	600
1031	2022-03-01	7.31	7.31	7.02	7.02	20500
1032	2022-03-02	7.02	7.31	6.92	6.92	10100
1033	2022-03-03	7.02	7.31	6.92	7.31	4800
1034	2022-03-04	7.02	7.21	7.02	7.21	2700
1035	2022-03-07	7.21	7.21	7.02	7.21	17001
1036	2022-03-08	7.21	7.21	7.12	7.12	9900
1037	2022-03-09	7.31	7.31	7.02	7.21	6700
1038	2022-03-10	7.02	7.31	7.02	7.21	9600
1039	2022-03-11	7.12	7.31	7.12	7.12	11800
1040	2022-03-14	7.12	7.21	7.02	7.02	21400
1041	2022-03-15	7.21	7.21	7.02	7.02	12600
1042	2022-03-16	7.02	7.31	7.02	7.21	12700
1043	2022-03-17	7.21	7.21	7.12	7.21	3900
1044	2022-03-18	7.12	7.7	7.02	7.41	18232
1045	2022-03-21	7.21	7.41	7.21	7.31	13704
1046	2022-03-22	7.31	7.7	7.31	7.6	50000
1047	2022-03-23	7.8	7.8	7.51	7.51	24201
1048	2022-03-24	7.51	7.7	7.51	7.6	7500
1049	2022-03-25	7.6	7.7	7.6	7.6	5700
1050	2022-03-28	7.51	7.6	7.41	7.41	14400
1051	2022-03-29	7.51	7.6	7.31	7.6	10201
1052	2022-03-30	7.51	7.99	7.51	7.7	27700
1053	2022-03-31	7.8	7.8	7.51	7.6	24832
1054	2022-04-01	7.51	7.8	7.41	7.8	14100
1055	2022-04-04	7.9	7.9	7.51	7.8	10600
1056	2022-04-05	7.6	7.7	7.6	7.7	9100
1057	2022-04-06	7.6	7.6	7.51	7.6	3300
1058	2022-04-07	7.51	7.6	7.41	7.41	6000
1059	2022-04-08	7.41	7.51	7.12	7.51	800
1060	2022-04-12	7.51	7.51	7.31	7.51	8300
1061	2022-04-13	7.41	7.41	7.31	7.31	1600
1062	2022-04-14	7.31	7.31	7.31	7.31	1600
1063	2022-04-15	7.02	7.31	7.02	7.12	7100
1064	2022-04-18	7.21	7.31	7.21	7.21	9000
1065	2022-04-19	7.21	7.21	7.12	7.21	700
1066	2022-04-20	7.21	7.31	6.82	7.31	8400
1067	2022-04-21	7.12	7.21	7.02	7.02	4800
1068	2022-04-22	7.21	7.21	7.02	7.02	800
1069	2022-04-25	7.12	7.12	7.12	7.12	0
1070	2022-04-26	6.82	6.92	6.82	6.92	5100
1071	2022-04-27	6.92	7.02	6.92	7.02	1900
1072	2022-04-28	6.92	6.92	6.92	6.92	1200
1073	2022-04-29	6.92	7.51	6.92	7.51	200
1074	2022-05-04	7.21	7.21	6.92	7.12	800
1075	2022-05-05	7.12	7.12	6.92	6.92	1100
1076	2022-05-06	7.02	7.02	7.02	7.02	500
1077	2022-05-09	6.92	6.92	6.92	6.92	1500
1078	2022-05-10	7.02	7.02	6.82	6.92	3200
1079	2022-05-11	6.92	6.92	6.92	6.92	0
1080	2022-05-12	6.92	6.92	6.63	6.92	1800
1081	2022-05-13	6.82	7.31	6.53	7.31	4200
1082	2022-05-16	6.73	6.82	6.73	6.82	5050
1083	2022-05-17	6.82	6.82	6.53	6.53	600
1084	2022-05-18	6.73	6.73	6.73	6.73	0
1085	2022-05-19	6.63	6.63	6.63	6.63	134
1086	2022-05-20	6.63	6.63	6.63	6.63	0
1087	2022-05-23	6.43	6.43	6.43	6.43	1200
1088	2022-05-24	6.43	6.43	6.43	6.43	200
1089	2022-05-25	6.43	6.43	6.43	6.43	1
1090	2022-05-26	6.43	6.43	6.43	6.43	0
1091	2022-05-27	7.31	7.31	7.31	7.31	100
1092	2022-05-30	6.43	6.53	6.43	6.53	534
1093	2022-05-31	7.31	7.31	7.31	7.31	100
1094	2022-06-01	6.34	6.82	6.34	6.82	301
1095	2022-06-02	6.43	6.43	6.43	6.43	123
1096	2022-06-03	6.53	6.63	6.53	6.63	800
1097	2022-06-06	6.63	6.82	6.63	6.82	200
1098	2022-06-07	6.82	6.92	6.82	6.92	200
1099	2022-06-08	6.82	6.82	5.95	5.95	3800
1100	2022-06-09	6.53	6.53	6.53	6.53	0
1101	2022-06-10	6.63	6.63	6.63	6.63	5000
1102	2022-06-13	6.63	6.63	6.63	6.63	500
1103	2022-06-14	6.43	6.43	6.43	6.43	312
1104	2022-06-15	6.73	6.73	6.73	6.73	300
1105	2022-06-16	6.73	6.73	6.73	6.73	0
1106	2022-06-17	6.34	6.73	6.34	6.73	500
1107	2022-06-20	6.43	6.53	6.34	6.53	1012
1108	2022-06-21	6.43	6.43	6.43	6.43	0
1109	2022-06-22	6.43	6.43	6.43	6.43	100
1110	2022-06-23	6.43	6.43	6.43	6.43	600
1111	2022-06-24	6.43	6.43	6.43	6.43	1
1112	2022-06-27	6.43	6.43	6.43	6.43	1
1113	2022-06-28	7.31	7.31	6.63	6.63	1200
1114	2022-06-29	6.63	6.63	6.53	6.53	1209
1115	2022-06-30	6.53	6.53	6.53	6.53	3300
1116	2022-07-01	6.53	6.53	6.53	6.53	6202
1117	2022-07-04	6.53	6.53	6.53	6.53	200
1118	2022-07-05	6.53	6.53	6.53	6.53	0
1119	2022-07-06	6.63	6.63	6.63	6.63	100
1120	2022-07-07	6.63	6.63	6.63	6.63	100
1121	2022-07-08	6.63	6.63	6.63	6.63	0
1122	2022-07-11	5.85	5.85	5.85	5.85	200
1123	2022-07-12	5.85	6.63	5.85	6.53	300
1124	2022-07-13	5.56	5.65	5.46	5.65	13100
1125	2022-07-14	5.75	5.85	5.75	5.85	300
1126	2022-07-15	5.75	5.75	5.75	5.75	0
1127	2022-07-18	5.75	5.75	5.75	5.75	100
1128	2022-07-19	5.85	5.85	5.85	5.85	1400
1129	2022-07-20	5.85	5.85	5.85	5.85	0
1130	2022-07-21	5.95	5.95	5.95	5.95	1100
1131	2022-07-22	5.65	5.75	5.65	5.75	1100
1132	2022-07-25	5.65	5.65	5.65	5.65	0
1133	2022-07-26	5.65	5.65	5.65	5.65	0
1134	2022-07-27	5.65	5.65	5.65	5.65	4300
1135	2022-07-28	5.75	5.85	5.75	5.85	5200
1136	2022-07-29	5.95	6.04	5.95	6.04	1300
1137	2022-08-01	5.95	5.95	5.95	5.95	0
1138	2022-08-02	5.95	6.04	5.95	6.04	400
1139	2022-08-03	5.85	5.85	5.85	5.85	2600
1140	2022-08-04	6.04	6.04	5.85	5.95	13200
1141	2022-08-05	5.95	5.95	5.85	5.95	13600
1142	2022-08-08	6.04	6.04	6.04	6.04	800
1143	2022-08-09	6.04	6.04	6.04	6.04	0
1144	2022-08-10	6.04	6.04	5.85	5.85	600
1145	2022-08-11	5.85	5.85	5.85	5.85	8300
1146	2022-08-12	5.85	5.85	5.85	5.85	2020
1147	2022-08-15	6.53	6.53	6.04	6.04	8500
1148	2022-08-16	6.14	6.14	6.14	6.14	10700
1149	2022-08-17	6.14	6.14	6.14	6.14	300
1150	2022-08-18	5.95	6.04	5.95	5.95	1400
1151	2022-08-19	5.85	5.95	5.85	5.95	6500
1152	2022-08-22	5.85	5.85	5.85	5.85	0
1153	2022-08-23	5.95	6.24	5.95	6.04	132500
1154	2022-08-24	6.34	6.34	6.34	6.34	100
1155	2022-08-25	5.85	5.85	5.75	5.75	4600
1156	2022-08-26	6.24	6.24	6.14	6.14	300
1157	2022-08-29	5.95	5.95	5.95	5.95	400
1158	2022-08-30	5.65	6.14	5.65	5.85	8800
1159	2022-08-31	6.04	6.04	6.04	6.04	2200
1160	2022-09-05	5.85	5.95	5.85	5.95	2500
1161	2022-09-06	5.95	6.04	5.85	6.04	51200
1162	2022-09-07	5.85	5.85	5.85	5.85	0
1163	2022-09-08	5.85	5.85	5.85	5.85	100
1164	2022-09-09	5.85	5.85	5.85	5.85	0
1165	2022-09-12	5.65	5.65	5.65	5.65	2900
1166	2022-09-13	5.85	5.85	5.85	5.85	100
1167	2022-09-14	5.85	5.85	5.65	5.65	300
1168	2022-09-15	5.75	5.75	5.75	5.75	300
1169	2022-09-16	5.75	5.75	5.75	5.75	0
1170	2022-09-19	5.75	5.75	5.75	5.75	0
1171	2022-09-20	5.75	5.75	5.75	5.75	0
1172	2022-09-21	5.75	5.75	5.75	5.75	0
1173	2022-09-22	5.75	5.75	5.75	5.75	0
1174	2022-09-23	5.75	5.75	5.75	5.75	100
1175	2022-09-26	5.46	5.46	5.46	5.46	400
1176	2022-09-27	5.07	5.17	5.07	5.17	900
1177	2022-09-28	5.17	5.85	5.17	5.65	802
1178	2022-09-29	5.85	5.85	5.85	5.85	100
1179	2022-09-30	5.17	5.17	5.17	5.17	1600
1180	2022-10-03	5.85	5.85	5.75	5.75	1901
1181	2022-10-04	5.75	5.85	5.75	5.75	400
1182	2022-10-05	5.75	5.75	5.75	5.75	1
1183	2022-10-06	5.85	5.85	5.85	5.85	100
1184	2022-10-07	5.75	6.04	5.75	6.04	3800
1185	2022-10-10	5.95	5.95	5.95	5.95	0
1186	2022-10-11	5.95	5.95	5.95	5.95	0
1187	2022-10-12	5.95	5.95	5.95	5.95	200
1188	2022-10-13	5.95	5.95	5.95	5.95	0
1189	2022-10-14	5.95	6.04	5.95	6.04	6000
1190	2022-10-17	5.95	5.95	5.95	5.95	0
1191	2022-10-18	5.07	5.17	5.07	5.17	10900
1192	2022-10-19	5.85	5.85	5.85	5.85	100
1193	2022-10-20	5.85	5.85	5.85	5.85	0
1194	2022-10-21	5.85	5.85	5.85	5.85	0
1195	2022-10-24	5.36	5.85	5.36	5.85	600
1196	2022-10-25	5.85	5.85	5.85	5.85	1600
1197	2022-10-26	4.97	5.85	4.97	5.85	600
1198	2022-10-27	5.56	5.56	5.56	5.56	0
1199	2022-10-28	4.78	5.17	4.78	5.17	2900
1200	2022-10-31	4.87	5.65	4.39	5.65	600
1201	2022-11-01	5.36	5.36	5.36	5.36	100
1202	2022-11-02	6.04	6.04	5.85	5.85	200
1203	2022-11-03	5.07	5.75	5.07	5.75	200
1204	2022-11-04	5.46	5.46	5.46	5.46	0
1205	2022-11-07	5.46	5.46	5.46	5.46	100
1206	2022-11-08	5.46	5.46	5.46	5.46	0
1207	2022-11-09	5.46	5.46	5.46	5.46	0
1208	2022-11-10	5.46	5.46	5.46	5.46	0
1209	2022-11-11	5.46	5.46	5.46	5.46	0
1210	2022-11-14	5.46	5.46	5.46	5.46	0
1211	2022-11-15	5.46	5.46	5.46	5.46	0
1212	2022-11-16	4.68	4.68	4.68	4.68	200
1213	2022-11-17	4.68	4.68	4.68	4.68	0
1214	2022-11-18	4.0	5.36	4.0	5.36	1200
1215	2022-11-21	5.26	5.26	5.26	5.26	0
1216	2022-11-22	5.26	5.26	5.26	5.26	0
1217	2022-11-23	5.26	5.26	5.26	5.26	0
1218	2022-11-24	5.26	5.26	5.26	5.26	0
1219	2022-11-25	5.26	5.26	5.26	5.26	0
1220	2022-11-28	5.26	6.04	5.26	6.04	400
1221	2022-11-29	5.75	5.75	5.75	5.75	0
1222	2022-11-30	5.75	5.75	5.75	5.75	0
1223	2022-12-01	5.75	5.75	5.75	5.75	0
1224	2022-12-02	5.95	5.95	4.97	4.97	400
1225	2022-12-05	5.26	5.26	5.26	5.26	0
1226	2022-12-06	4.68	4.68	4.48	4.48	4100
1227	2022-12-07	5.07	5.07	4.29	4.29	3800
1228	2022-12-08	4.29	4.29	4.29	4.29	0
1229	2022-12-09	4.87	4.87	4.0	4.87	10000
1230	2022-12-12	4.87	4.87	4.87	4.87	5100
1231	2022-12-13	5.07	5.07	4.97	5.07	800
1232	2022-12-14	5.07	5.07	5.07	5.07	0
1233	2022-12-15	5.07	5.07	5.07	5.07	0
1234	2022-12-16	5.07	5.07	5.07	5.07	0
1235	2022-12-19	4.48	4.48	4.39	4.39	9200
1236	2022-12-20	4.87	4.87	4.87	4.87	100
1237	2022-12-21	4.87	4.87	4.87	4.87	200
1238	2022-12-22	4.39	4.68	4.39	4.68	1600
1239	2022-12-23	4.68	4.68	4.68	4.68	0
1240	2022-12-26	4.68	4.68	4.68	4.68	1000
1241	2022-12-27	4.58	4.58	4.58	4.58	54000
1242	2022-12-28	4.58	4.58	4.58	4.58	0
1243	2022-12-29	5.17	5.17	5.17	5.17	100
1244	2022-12-30	4.68	4.68	4.68	4.68	1400
1245	2023-01-03	4.68	4.68	4.68	4.68	0
1246	2023-01-04	4.68	4.68	4.68	4.68	0
1247	2023-01-05	4.68	4.68	4.68	4.68	0
1248	2023-01-06	4.68	4.68	4.0	4.58	31400
1249	2023-01-09	4.58	4.58	4.58	4.58	4500
1250	2023-01-10	5.26	5.26	5.26	5.26	10600
1251	2023-01-11	6.04	6.04	5.85	6.04	23300
1252	2023-01-12	5.26	6.92	5.26	6.34	1910
1253	2023-01-13	6.82	6.82	5.36	5.85	5000
1254	2023-01-16	4.87	5.36	4.68	4.68	19500
1255	2023-01-17	5.17	5.26	4.39	4.39	5300
1256	2023-01-18	4.97	4.97	4.29	4.48	5200
1257	2023-01-19	4.58	4.58	4.39	4.39	11900
1258	2023-01-27	4.0	4.58	4.0	4.58	2800
1259	2023-01-30	4.58	4.58	4.48	4.58	2100
1260	2023-01-31	5.26	5.26	4.58	4.68	300
1261	2023-02-01	4.58	4.58	4.58	4.58	1100
1262	2023-02-02	4.48	4.58	4.48	4.58	900
1263	2023-02-03	4.68	4.68	4.68	4.68	700
1264	2023-02-06	4.68	4.68	4.68	4.68	0
1265	2023-02-07	4.68	4.68	4.68	4.68	400
1266	2023-02-08	4.68	4.78	4.68	4.78	2700
1267	2023-02-09	4.78	4.78	4.78	4.78	1000
1268	2023-02-10	4.78	4.87	4.58	4.87	2400
1269	2023-02-13	4.87	4.87	4.58	4.68	1100
1270	2023-02-14	4.68	4.68	4.68	4.68	400
1271	2023-02-15	4.68	4.68	4.68	4.68	0
1272	2023-02-16	4.87	4.97	4.87	4.97	300
1273	2023-02-17	4.19	4.68	4.19	4.68	200
1274	2023-02-20	4.68	4.68	4.68	4.68	300
1275	2023-02-21	4.87	4.97	4.87	4.87	500
1276	2023-02-22	5.17	5.17	5.17	5.17	100
1277	2023-02-23	5.17	5.17	5.17	5.17	0
1278	2023-02-24	4.87	4.87	4.87	4.87	500
1279	2023-02-27	4.87	4.87	4.87	4.87	0
1280	2023-02-28	4.87	4.87	4.87	4.87	0
1281	2023-03-01	4.87	4.87	4.87	4.87	0
1282	2023-03-02	4.87	4.87	4.87	4.87	500
1283	2023-03-03	4.87	5.56	4.87	5.56	4500
1284	2023-03-06	5.46	5.95	5.46	5.95	1600
1285	2023-03-07	5.56	5.56	5.56	5.56	200
1286	2023-03-08	5.56	5.56	5.56	5.56	300
1287	2023-03-09	5.56	6.04	5.56	6.04	200
1288	2023-03-10	5.85	5.85	5.85	5.85	0
1289	2023-03-13	6.04	6.53	5.95	6.14	700
1290	2023-03-14	6.04	6.04	6.04	6.04	100
1291	2023-03-15	5.85	6.14	5.85	6.14	6000
1292	2023-03-16	6.14	6.14	6.14	6.14	0
1293	2023-03-17	6.14	6.14	6.14	6.14	0
1294	2023-03-20	6.14	6.14	6.14	6.14	100
1295	2023-03-21	6.14	6.14	5.85	5.85	400
1296	2023-03-22	5.95	5.95	5.95	5.95	0
1297	2023-03-23	5.95	5.95	5.95	5.95	0
1298	2023-03-24	5.95	5.95	5.95	5.95	0
1299	2023-03-27	5.85	5.85	5.85	5.85	100
1300	2023-03-28	5.07	5.07	4.97	4.97	500
1301	2023-03-29	5.36	5.36	5.36	5.36	100
1302	2023-03-30	5.36	5.36	5.36	5.36	1000
1303	2023-03-31	5.36	5.36	5.36	5.36	0
1304	2023-04-03	5.26	5.26	5.26	5.26	1000
1305	2023-04-04	5.26	5.26	5.26	5.26	0
1306	2023-04-05	5.26	5.46	5.26	5.46	1600
1307	2023-04-06	5.36	5.36	5.36	5.36	0
1308	2023-04-07	5.36	5.36	5.36	5.36	0
1309	2023-04-10	5.26	5.26	5.26	5.26	600
1310	2023-04-11	5.07	5.26	5.07	5.26	600
1311	2023-04-12	5.75	5.75	5.26	5.75	1600
1312	2023-04-13	6.04	6.53	5.75	6.53	3300
1313	2023-04-14	6.53	6.53	6.53	6.53	100
1314	2023-04-17	5.56	6.53	5.56	6.43	500
1315	2023-04-18	6.34	6.34	6.34	6.34	0
1316	2023-04-19	6.24	6.24	6.24	6.24	100
1317	2023-04-20	6.24	6.24	6.24	6.24	0
1318	2023-04-21	6.24	6.24	6.24	6.24	0
1319	2023-04-24	6.24	6.24	6.24	6.24	600
1320	2023-04-25	6.24	6.24	6.24	6.24	300
1321	2023-04-26	6.24	6.24	6.24	6.24	400
1322	2023-04-27	6.24	6.24	6.24	6.24	0
1323	2023-04-28	6.04	6.04	6.04	6.04	100
1324	2023-05-04	5.95	6.34	5.17	6.34	801
1325	2023-05-05	5.46	6.04	4.68	6.04	202900
1326	2023-05-08	5.36	5.36	5.36	5.36	100
1327	2023-05-09	6.04	6.04	6.04	6.04	100
1328	2023-05-10	6.04	6.04	6.04	6.04	0
1329	2023-05-11	5.95	6.34	5.95	6.34	500
1330	2023-05-12	6.04	6.34	6.04	6.34	2100
1331	2023-05-15	6.82	6.82	6.82	6.82	900
1332	2023-05-16	6.82	6.82	6.82	6.82	0
1333	2023-05-17	6.82	6.82	6.82	6.82	0
1334	2023-05-18	6.82	6.82	6.82	6.82	0
1335	2023-05-19	6.82	6.82	6.82	6.82	0
1336	2023-05-22	6.82	6.82	6.82	6.82	0
1337	2023-05-23	6.82	6.82	6.82	6.82	0
1338	2023-05-24	6.82	6.82	6.82	6.82	6100
1339	2023-05-25	6.82	6.82	6.82	6.82	0
1340	2023-05-26	6.82	6.82	6.82	6.82	0
1341	2023-05-29	7.7	7.7	6.73	6.82	12200
1342	2023-05-30	6.82	7.12	6.82	6.82	700
1343	2023-05-31	6.82	6.82	6.82	6.82	0
1344	2023-06-01	6.82	6.82	6.82	6.82	0
1345	2023-06-02	7.31	7.51	7.31	7.51	200
1346	2023-06-05	7.41	7.41	7.41	7.41	0
1347	2023-06-06	8.19	8.19	8.19	8.19	100
1348	2023-06-07	7.02	7.02	7.02	7.02	100
1349	2023-06-08	7.02	7.02	7.02	7.02	1301
1350	2023-06-09	7.02	7.02	7.02	7.02	101
1351	2023-06-12	7.02	7.02	7.02	7.02	0
1352	2023-06-13	7.02	7.02	6.92	7.02	2800
1353	2023-06-14	7.02	7.02	7.02	7.02	200
1354	2023-06-15	6.82	7.02	6.82	7.02	5200
1355	2023-06-16	6.92	7.31	6.92	7.31	1400
1356	2023-06-19	6.92	6.92	6.92	6.92	0
1357	2023-06-20	6.92	6.92	6.92	6.92	200
1358	2023-06-21	6.92	6.92	6.92	6.92	0
1359	2023-06-22	6.92	6.92	6.92	6.92	400
1360	2023-06-23	6.92	6.92	6.92	6.92	0
1361	2023-06-26	7.8	7.8	7.6	7.6	200
1362	2023-06-27	7.7	7.7	7.7	7.7	0
1363	2023-06-28	7.02	7.02	7.02	7.02	100
1364	2023-06-29	7.02	7.02	7.02	7.02	0
1365	2023-06-30	7.21	7.21	7.21	7.21	200
1366	2023-07-03	7.21	7.21	7.21	7.21	0
1367	2023-07-04	7.21	7.21	7.21	7.21	0
1368	2023-07-05	7.21	7.21	7.21	7.21	0
1369	2023-07-06	7.31	7.31	7.31	7.31	100
1370	2023-07-07	7.21	7.21	7.21	7.21	500
1371	2023-07-10	7.02	7.21	7.02	7.21	3100
1372	2023-07-11	6.82	7.12	6.82	7.12	3100
1373	2023-07-12	7.02	7.02	7.02	7.02	100
1374	2023-07-13	7.02	7.02	6.82	6.82	1800
1375	2023-07-14	6.82	6.82	6.82	6.82	0
1376	2023-07-17	5.85	7.21	5.85	7.21	2300
1377	2023-07-18	7.21	7.21	7.21	7.21	100
1378	2023-07-19	8.28	8.28	6.82	6.82	400
1379	2023-07-20	7.02	7.02	7.02	7.02	100
1380	2023-07-21	7.02	7.02	7.02	7.02	0
1381	2023-07-24	7.02	7.02	7.02	7.02	7500
1382	2023-07-25	7.02	7.02	7.02	7.02	9000
1383	2023-07-26	7.02	7.02	7.02	7.02	12900
1384	2023-07-27	7.02	7.02	7.02	7.02	0
1385	2023-07-28	7.02	7.02	7.02	7.02	6900
1386	2023-07-31	7.02	7.02	7.02	7.02	0
1387	2023-08-01	7.99	7.99	6.04	7.02	20500
1388	2023-08-02	6.82	7.02	6.82	7.02	1400
1389	2023-08-03	7.02	7.02	7.02	7.02	1800
1390	2023-08-04	7.02	7.02	6.73	7.02	6400
1391	2023-08-07	6.92	7.02	6.24	7.02	25700
1392	2023-08-08	7.02	7.12	7.02	7.12	300
1393	2023-08-09	6.92	7.02	6.92	7.02	1900
1394	2023-08-10	7.02	7.02	7.02	7.02	100
1395	2023-08-11	6.92	7.02	6.92	7.02	1100
1396	2023-08-14	7.12	7.21	7.12	7.21	1600
1397	2023-08-15	7.12	7.12	7.12	7.12	1200
1398	2023-08-16	7.12	7.12	7.12	7.12	0
1399	2023-08-17	7.21	7.21	7.21	7.21	2000
1400	2023-08-18	7.21	7.21	7.21	7.21	0
1401	2023-08-21	7.21	7.21	7.21	7.21	0
1402	2023-08-22	7.12	7.12	7.12	7.12	2400
1403	2023-08-23	7.12	7.12	7.12	7.12	0
1404	2023-08-24	7.12	7.12	7.12	7.12	0
1405	2023-08-25	7.12	7.12	7.12	7.12	0
1406	2023-08-28	7.12	7.31	7.12	7.31	2002
1407	2023-08-29	7.21	7.31	7.21	7.31	2000
1408	2023-08-30	7.31	7.31	7.31	7.31	1
1409	2023-08-31	6.82	7.21	6.82	7.21	201
1410	2023-09-05	6.82	6.82	6.82	6.82	2000
1411	2023-09-06	6.82	6.92	6.82	6.82	18602
1412	2023-09-07	6.82	6.82	6.82	6.82	10
1413	2023-09-08	6.82	6.82	6.82	6.82	100
1414	2023-09-11	6.82	6.82	5.85	5.85	200
1415	2023-09-12	6.34	6.34	6.34	6.34	0
1416	2023-09-13	6.82	6.92	6.82	6.92	610
1417	2023-09-14	6.92	6.92	6.92	6.92	0
1418	2023-09-15	6.92	6.92	6.92	6.92	0
1419	2023-09-18	6.92	6.92	6.92	6.92	300
1420	2023-09-19	6.92	6.92	6.43	6.43	200
1421	2023-09-20	6.82	6.82	6.82	6.82	300
1422	2023-09-21	6.82	6.82	6.82	6.82	2
1423	2023-09-22	6.82	6.82	6.82	6.82	0
1424	2023-09-25	6.82	6.82	6.82	6.82	0
1425	2023-09-26	6.82	6.82	6.82	6.82	700
1426	2023-09-27	6.82	6.82	6.82	6.82	0
1427	2023-09-28	6.82	6.82	6.82	6.82	0
1428	2023-09-29	6.82	6.82	6.82	6.82	0
1429	2023-10-02	6.82	6.82	6.82	6.82	0
1430	2023-10-03	6.82	6.82	6.82	6.82	0
1431	2023-10-04	6.82	6.92	6.82	6.92	7500
1432	2023-10-05	6.82	7.02	6.82	7.02	3100
1433	2023-10-06	7.02	7.02	7.02	7.02	100
1434	2023-10-09	6.92	6.92	6.92	6.92	100
1435	2023-10-10	6.92	6.92	6.92	6.92	5500
1436	2023-10-11	6.92	6.92	6.82	6.82	200
1437	2023-10-12	6.92	6.92	6.92	6.92	0
1438	2023-10-13	6.92	6.92	6.92	6.92	0
1439	2023-10-16	6.92	6.92	6.92	6.92	0
1440	2023-10-17	6.43	6.43	6.43	6.43	100
1441	2023-10-18	6.43	6.43	6.43	6.43	0
1442	2023-10-19	6.43	6.43	5.65	5.65	1408
1443	2023-10-20	6.53	6.53	6.53	6.53	2900
1444	2023-10-23	6.53	6.53	6.43	6.43	200
1445	2023-10-24	7.41	7.41	7.41	7.41	100
1446	2023-10-25	7.41	7.41	7.41	7.41	0
1447	2023-10-26	7.41	7.41	7.41	7.41	0
1448	2023-10-27	7.41	7.41	7.41	7.41	0
1449	2023-10-30	7.41	7.41	7.41	7.41	0
1450	2023-10-31	7.41	7.41	7.41	7.41	0
1451	2023-11-01	7.41	7.41	7.41	7.41	8
1452	2023-11-02	7.02	7.02	7.02	7.02	2700
1453	2023-11-03	7.21	7.21	7.21	7.21	108
1454	2023-11-06	7.12	7.31	7.12	7.31	2700
1455	2023-11-07	7.12	7.12	6.92	6.92	2400
1456	2023-11-08	7.12	7.12	7.02	7.12	3500
1457	2023-11-09	7.12	7.12	7.02	7.02	600
1458	2023-11-10	7.12	7.12	7.12	7.12	200
1459	2023-11-13	7.12	7.41	7.12	7.21	5400
1460	2023-11-14	7.21	7.21	7.21	7.21	0
1461	2023-11-15	6.82	6.82	6.82	6.82	100
1462	2023-11-16	6.82	6.82	6.82	6.82	0
1463	2023-11-17	6.92	6.92	6.92	6.92	1800
1464	2023-11-20	6.92	7.02	6.92	7.02	1100
1465	2023-11-21	7.02	7.02	7.02	7.02	0
1466	2023-11-22	7.02	7.02	7.02	7.02	0
1467	2023-11-23	7.02	7.12	7.02	7.12	2200
1468	2023-11-24	7.02	7.02	7.02	7.02	1300
1469	2023-11-27	7.02	7.02	7.02	7.02	0
1470	2023-11-28	7.02	7.02	7.02	7.02	0
1471	2023-11-29	7.02	7.02	7.02	7.02	0
1472	2023-11-30	7.02	7.02	7.02	7.02	0
1473	2023-12-01	7.02	7.21	7.02	7.21	12000
1474	2023-12-04	6.53	7.31	6.53	7.31	2000
1475	2023-12-05	6.82	6.82	6.82	6.82	5000
1476	2023-12-06	7.31	7.31	7.02	7.31	5800
1477	2023-12-07	7.31	7.31	7.31	7.31	500
1478	2023-12-08	7.31	7.41	7.31	7.41	2200
1479	2023-12-11	7.31	7.31	7.31	7.31	900
1480	2023-12-12	7.31	7.31	7.31	7.31	100
1481	2023-12-13	7.31	7.31	7.31	7.31	0
1482	2023-12-14	7.31	7.31	7.31	7.31	0
1483	2023-12-15	7.31	7.31	7.31	7.31	0
1484	2023-12-18	7.31	7.41	7.31	7.41	6800
1485	2023-12-19	7.31	7.31	7.31	7.31	300
1486	2023-12-20	7.31	7.31	7.31	7.31	500
1487	2023-12-21	7.31	7.31	7.31	7.31	0
1488	2023-12-22	7.31	7.31	7.31	7.31	600
1489	2023-12-25	8.19	8.19	7.8	7.8	200
1490	2023-12-26	7.99	7.99	7.99	7.99	0
1491	2023-12-27	7.51	7.51	7.51	7.51	100
1492	2023-12-28	7.51	7.51	7.51	7.51	0
1493	2023-12-29	7.31	7.31	7.31	7.31	600
1494	2024-01-02	7.31	7.31	7.31	7.31	300
1495	2024-01-03	8.38	8.38	7.31	7.31	2200
1496	2024-01-04	7.41	7.41	7.31	7.41	1900
1497	2024-01-05	7.31	7.6	7.31	7.6	400
1498	2024-01-08	7.41	7.51	7.31	7.41	10300
1499	2024-01-09	7.41	7.41	7.41	7.41	100
1500	2024-01-10	7.41	7.6	7.41	7.6	1100
1501	2024-01-11	7.51	7.6	7.41	7.41	11800
1502	2024-01-12	7.41	7.41	7.41	7.41	1300
1503	2024-01-15	7.41	7.41	7.41	7.41	0
1504	2024-01-16	7.51	7.51	7.51	7.51	500
1505	2024-01-17	7.8	7.8	7.31	7.31	7100
1506	2024-01-18	7.31	7.31	7.31	7.31	6500
1507	2024-01-19	7.31	7.31	7.31	7.31	2
1508	2024-01-22	7.8	7.8	7.31	7.41	800
1509	2024-01-23	8.19	8.19	8.19	8.19	100
1510	2024-01-24	7.31	7.31	7.31	7.31	2000
1511	2024-01-25	7.21	7.21	7.12	7.12	7600
1512	2024-01-26	7.31	7.31	7.21	7.31	15000
1513	2024-01-29	7.41	7.41	7.21	7.21	8400
1514	2024-01-30	7.21	7.21	7.21	7.21	12400
1515	2024-01-31	7.21	7.21	7.21	7.21	1800
1516	2024-02-01	7.7	7.7	7.21	7.21	200
1517	2024-02-02	7.21	7.51	7.21	7.51	1100
1518	2024-02-05	7.6	7.6	7.6	7.6	100
1519	2024-02-06	7.8	8.67	7.21	7.21	1800
1520	2024-02-07	8.58	8.58	7.7	7.7	800
1521	2024-02-15	7.9	7.9	7.9	7.9	0
1522	2024-02-16	7.9	7.9	7.9	7.9	0
1523	2024-02-19	7.8	7.8	7.7	7.7	500
1524	2024-02-20	7.8	7.8	7.8	7.8	5001
1525	2024-02-21	7.8	7.8	7.8	7.8	0
1526	2024-02-22	6.82	6.82	6.82	6.82	16401
1527	2024-02-23	7.31	7.31	7.31	7.31	400
1528	2024-02-26	7.41	7.7	7.41	7.7	7500
1529	2024-02-27	7.7	7.7	7.51	7.7	4700
1530	2024-02-28	7.6	7.7	7.6	7.7	500
1531	2024-02-29	7.7	7.7	7.7	7.7	11500
1532	2024-03-01	7.7	7.7	7.6	7.6	5000
1533	2024-03-04	7.8	7.99	7.8	7.9	10500
1534	2024-03-05	7.99	8.09	7.9	8.09	9500
1535	2024-03-06	8.09	8.58	8.09	8.58	37900
1536	2024-03-07	8.58	8.58	8.19	8.19	14500
1537	2024-03-08	8.19	8.58	8.19	8.58	21225
1538	2024-03-11	8.58	8.67	8.58	8.67	2500
1539	2024-03-12	8.67	8.77	8.67	8.77	1700
1540	2024-03-13	8.87	9.16	8.87	9.16	5500
1541	2024-03-14	8.77	9.16	8.77	9.16	10448
1542	2024-03-15	8.97	9.06	8.97	9.06	1200
1543	2024-03-18	9.36	9.36	9.06	9.16	1300
1544	2024-03-19	9.06	9.16	9.06	9.16	8400
1545	2024-03-20	8.77	8.77	8.77	8.77	4000
1546	2024-03-21	8.58	8.87	8.58	8.87	1400
1547	2024-03-22	8.77	8.97	8.58	8.97	2600
1548	2024-03-25	8.87	8.87	8.87	8.87	100
1549	2024-03-26	8.87	8.87	8.87	8.87	3600
1550	2024-03-27	8.77	8.77	8.77	8.77	1000
1551	2024-03-28	8.77	9.55	8.67	9.45	6000
1552	2024-03-29	9.06	9.06	9.06	9.06	600
1553	2024-04-01	9.55	9.55	9.55	9.55	200
1554	2024-04-02	9.55	9.55	9.55	9.55	0
1555	2024-04-03	10.92	10.92	9.55	9.55	410
1556	2024-04-04	11.21	11.21	8.87	8.97	21200
1557	2024-04-05	8.97	8.97	8.97	8.97	5110
1558	2024-04-08	8.87	9.06	8.87	9.06	1400
1559	2024-04-09	8.97	9.36	8.97	8.97	1700
1560	2024-04-10	8.97	8.97	8.97	8.97	2010
1561	2024-04-11	8.87	9.06	8.87	9.06	3100
1562	2024-04-12	8.77	9.26	8.77	8.77	11350
1563	2024-04-15	8.97	8.97	8.67	8.67	2923
1564	2024-04-16	8.77	8.87	8.77	8.87	1800
1565	2024-04-17	8.87	8.87	8.87	8.87	800
1566	2024-04-19	8.9	8.9	8.9	8.9	0
1567	2024-04-22	8.9	8.9	8.9	8.9	0
1568	2024-04-23	8.9	8.9	8.9	8.9	0
1569	2024-04-24	8.5	9.0	8.5	9.0	14005
1570	2024-04-25	8.5	8.5	8.2	8.2	2210
1571	2024-04-26	8.2	9.2	8.2	9.2	2405
1572	2024-05-02	9.0	9.0	9.0	9.0	0
1573	2024-05-03	9.0	9.0	9.0	9.0	704
1574	2024-05-06	8.0	8.9	8.0	8.9	410
1575	2024-05-07	8.9	8.9	8.7	8.7	300
1576	2024-05-08	8.9	8.9	8.9	8.9	100
1577	2024-05-09	8.8	8.8	8.8	8.8	632
1578	2024-05-10	8.2	8.3	8.0	8.3	3100
1579	2024-05-13	8.2	8.2	8.1	8.1	500
1580	2024-05-14	8.6	8.6	8.6	8.6	100
1581	2024-05-15	8.1	8.2	8.1	8.1	4900
1582	2024-05-16	8.1	8.4	8.1	8.2	11900
1583	2024-05-17	8.3	8.3	8.2	8.2	4000
1584	2024-05-20	8.3	8.3	8.3	8.3	600
1585	2024-05-21	8.4	8.4	8.3	8.3	12300
1586	2024-05-22	8.4	8.4	8.4	8.4	0
1587	2024-05-23	9.2	9.2	9.2	9.2	100
1588	2024-05-24	9.0	9.0	8.1	8.5	1300
1589	2024-05-27	8.2	8.2	8.2	8.2	2000
1590	2024-05-28	8.6	8.6	8.2	8.6	2323
1591	2024-05-29	8.2	8.5	8.2	8.5	4313
1592	2024-05-30	8.2	8.2	8.2	8.2	2000
1593	2024-05-31	8.2	8.9	8.2	8.9	4000
1594	2024-06-03	8.3	8.3	8.2	8.3	6400
1595	2024-06-04	8.2	8.3	8.2	8.3	3500
1596	2024-06-05	8.4	8.4	8.3	8.3	7600
1597	2024-06-06	8.3	8.4	8.2	8.4	2400
1598	2024-06-07	8.3	8.5	8.3	8.5	14500
1599	2024-06-10	8.6	9.0	8.5	9.0	13100
1600	2024-06-11	8.6	8.6	8.6	8.6	520
1601	2024-06-12	8.6	8.6	8.6	8.6	3000
1602	2024-06-13	8.6	8.6	8.6	8.6	0
1603	2024-06-14	9.1	9.1	9.1	9.1	203
1604	2024-06-17	8.3	9.1	8.3	9.1	600
1605	2024-06-18	9.0	9.0	9.0	9.0	6900
1606	2024-06-19	9.0	9.0	8.9	8.9	2400
1607	2024-06-20	9.0	9.0	8.7	9.0	300
1608	2024-06-21	9.0	9.1	9.0	9.1	16000
1609	2024-06-24	9.0	9.0	9.0	9.0	21200
1610	2024-06-25	9.1	9.1	9.0	9.0	2110
1611	2024-06-26	9.2	9.2	8.6	9.0	8720
1612	2024-06-27	9.0	9.0	9.0	9.0	100
1613	2024-06-28	9.0	9.0	9.0	9.0	2930
1614	2024-07-01	9.0	9.0	9.0	9.0	0
1615	2024-07-02	9.0	9.1	9.0	9.1	13300
1616	2024-07-03	9.0	9.0	9.0	9.0	2300
1617	2024-07-04	9.0	9.0	9.0	9.0	1
1618	2024-07-05	9.0	9.0	9.0	9.0	1000
1619	2024-07-08	9.1	9.3	9.1	9.3	16800
1620	2024-07-09	9.1	9.1	9.1	9.1	0
1621	2024-07-10	9.2	9.2	9.1	9.2	7300
1622	2024-07-11	9.1	9.1	9.1	9.1	11500
1623	2024-07-12	9.1	9.1	9.1	9.1	0
1624	2024-07-15	8.9	9.2	8.9	9.2	300
1625	2024-07-16	9.1	9.3	9.1	9.3	2001
1626	2024-07-17	9.2	9.2	9.2	9.2	301
1627	2024-07-18	9.0	9.0	9.0	9.0	2500
1628	2024-07-19	9.2	9.2	9.0	9.1	12900
1629	2024-07-22	10.0	10.0	9.3	9.3	726
1630	2024-07-23	9.1	9.1	9.1	9.1	100
1631	2024-07-24	9.1	9.2	9.1	9.1	1922
1632	2024-07-25	9.1	9.1	9.0	9.1	11100
1633	2024-07-26	9.2	9.2	8.9	9.0	2700
1634	2024-07-29	9.0	9.1	9.0	9.1	1500
1635	2024-07-30	9.1	9.2	9.1	9.1	2300
1636	2024-07-31	9.0	9.1	8.8	9.1	7500
1637	2024-08-01	9.0	9.0	9.0	9.0	1800
1638	2024-08-02	9.0	9.0	9.0	9.0	1700
1639	2024-08-05	9.1	9.1	9.0	9.0	1100
1640	2024-08-06	9.0	9.0	8.8	9.0	3800
1641	2024-08-09	9.0	9.1	9.0	9.1	2500
1642	2024-08-12	9.1	9.1	9.1	9.1	400
1643	2024-08-13	10.0	10.0	9.1	9.4	2600
1644	2024-08-14	9.1	9.3	9.1	9.3	7700
1645	2024-08-15	9.1	9.1	9.1	9.1	3000
1646	2024-08-16	9.1	9.1	9.1	9.1	15600
1647	2024-08-19	9.1	9.1	9.1	9.1	1500
1648	2024-08-20	8.0	9.2	7.8	9.2	10700
1649	2024-08-21	9.4	9.4	9.1	9.1	800
1650	2024-08-22	8.9	8.9	8.7	8.9	5100
1651	2024-08-23	8.9	9.0	8.9	8.9	3200
1652	2024-08-26	9.0	9.1	9.0	9.1	3300
1653	2024-08-27	9.0	9.1	9.0	9.1	3000
1654	2024-08-28	9.1	9.1	9.1	9.1	900
1655	2024-08-29	9.5	9.5	9.5	9.5	1000
1656	2024-09-04	9.0	9.0	9.0	9.0	100
1657	2024-09-05	9.3	9.3	9.0	9.0	900
1658	2024-09-09	9.2	9.2	9.2	9.2	2200
1659	2024-09-10	9.4	9.4	9.4	9.4	100
1660	2024-09-11	10.8	10.8	10.8	10.8	100
1661	2024-09-16	9.2	9.2	9.2	9.2	200
1662	2024-09-18	9.3	9.5	9.3	9.5	5000
1663	2024-09-19	9.4	9.4	9.1	9.1	1500
1664	2024-09-24	9.3	9.3	9.3	9.3	9600
1665	2024-09-25	9.3	9.3	9.3	9.3	500
1666	2024-09-26	9.8	9.8	9.8	9.8	100
1667	2024-09-30	11.2	11.2	9.0	9.0	55200
1668	2024-10-01	9.6	9.6	9.6	9.6	100
1669	2024-10-02	9.2	9.2	9.2	9.2	6300
1670	2024-10-03	9.1	9.4	9.1	9.4	4100
1671	2024-10-04	9.4	9.4	9.1	9.1	2700
1672	2024-10-07	9.0	9.1	9.0	9.1	6000
1673	2024-10-08	9.1	9.1	9.1	9.1	1900
1674	2024-10-09	9.1	9.1	9.1	9.1	8100
1675	2024-10-10	9.9	9.9	9.1	9.1	600
1676	2024-10-11	9.1	9.7	9.1	9.7	1500
1677	2024-10-14	9.2	9.4	9.2	9.3	4200
1678	2024-10-15	9.2	9.3	9.1	9.3	16000
1679	2024-10-16	9.5	9.6	9.5	9.6	13400
1680	2024-10-17	9.5	9.5	9.5	9.5	5700
1681	2024-10-18	9.4	9.9	9.4	9.5	2300
1682	2024-10-21	9.5	9.5	9.5	9.5	6200
1683	2024-10-22	9.5	9.5	9.5	9.5	1300
1684	2024-10-23	9.4	9.9	9.4	9.9	300
1685	2024-10-24	9.6	9.6	9.6	9.6	100
1686	2024-10-25	9.8	9.8	9.5	9.5	2800
1687	2024-10-28	9.5	9.5	9.5	9.5	11100
1688	2024-10-29	9.6	9.6	9.5	9.5	2600
1689	2024-10-30	10.0	10.0	10.0	10.0	1000
1690	2024-11-05	9.8	9.8	9.8	9.8	200
1691	2024-11-06	9.7	9.8	9.7	9.8	300
1692	2024-11-08	10.0	10.0	10.0	10.0	1600
1693	2024-11-12	10.0	10.0	9.6	9.6	5600
1694	2024-11-13	10.0	10.0	10.0	10.0	500
1695	2024-11-18	9.7	9.9	9.7	9.9	8200
1696	2024-11-20	9.8	9.8	9.8	9.8	100
1697	2024-11-21	9.7	9.7	9.7	9.7	600
1698	2024-11-22	9.9	9.9	9.9	9.9	700
1699	2024-11-25	11.0	11.0	11.0	11.0	100
1700	2024-11-27	10.3	10.3	10.2	10.2	1900
1701	2024-11-28	10.2	10.2	10.2	10.2	1700
1702	2024-11-29	10.3	10.3	10.3	10.3	1600
1703	2024-12-03	10.8	11.0	10.8	11.0	2400
1704	2024-12-04	11.2	11.2	10.5	10.5	12800
1705	2024-12-05	11.2	11.5	11.1	11.4	7600
1706	2024-12-06	11.9	11.9	11.9	11.9	100
1707	2024-12-09	11.9	11.9	11.2	11.2	1600
1708	2024-12-10	11.2	11.5	11.2	11.5	1800
1709	2024-12-12	11.5	11.5	11.5	11.5	1000
1710	2024-12-13	11.5	11.5	11.5	11.5	2700
1711	2024-12-16	11.5	11.6	11.2	11.5	2700
1712	2024-12-17	11.5	11.8	11.5	11.8	2200
1713	2024-12-18	11.7	13.0	11.7	13.0	4500
1714	2024-12-19	12.8	12.8	12.8	12.8	100
1715	2024-12-23	11.3	11.4	11.3	11.4	2700
1716	2024-12-24	12.0	12.0	12.0	12.0	100
1717	2024-12-25	12.7	12.8	12.7	12.8	900
1718	2024-12-27	11.5	11.5	11.5	11.5	11500
1719	2024-12-30	11.4	11.9	11.4	11.9	200
1720	2024-12-31	13.4	13.4	13.4	13.4	100
1721	2025-01-03	11.6	11.6	11.5	11.5	9000
1722	2025-01-06	11.5	13.0	11.5	13.0	200
1723	2025-01-07	13.3	13.3	13.3	13.3	100
1724	2025-01-08	11.5	12.7	11.5	12.7	1200
1725	2025-01-09	11.5	12.6	11.5	12.6	300
1726	2025-01-10	12.9	12.9	12.9	12.9	100
1727	2025-01-13	11.7	11.8	11.7	11.8	2600
1728	2025-01-14	11.7	11.7	11.7	11.7	1000
1729	2025-01-15	12.9	12.9	11.7	11.7	700
1730	2025-01-16	11.0	11.7	11.0	11.4	4200
1731	2025-01-17	11.5	11.9	10.5	11.6	6400
1732	2025-01-20	11.8	12.3	11.8	12.3	4300
1733	2025-01-21	12.2	12.2	12.2	12.2	100
1734	2025-01-23	13.8	13.8	13.0	13.0	200
1735	2025-02-03	12.0	12.0	11.8	11.8	200
1736	2025-02-04	12.7	12.7	12.7	12.7	300
1737	2025-02-05	12.7	12.7	12.5	12.6	4300
1738	2025-02-06	12.7	13.6	12.7	13.0	13600
1739	2025-02-07	13.0	13.2	12.9	12.9	1200
1740	2025-02-10	12.2	13.4	12.2	13.4	13400
1741	2025-02-11	13.5	13.5	13.5	13.5	2700
1742	2025-02-12	13.5	13.5	13.5	13.5	10800
1743	2025-02-14	13.5	13.5	13.5	13.5	4700
1744	2025-02-17	12.5	13.5	12.5	13.5	2800
1745	2025-02-18	13.7	14.5	13.7	14.5	5900
1746	2025-02-19	14.5	14.5	14.5	14.5	400
1747	2025-02-20	14.5	14.6	14.5	14.6	1300
1748	2025-02-21	15.0	15.0	15.0	15.0	13800
1749	2025-02-24	14.8	14.9	14.5	14.9	10000
1750	2025-02-25	14.8	14.8	14.8	14.8	10400
1751	2025-02-26	14.8	14.8	14.8	14.8	400
1752	2025-02-27	14.8	14.8	14.5	14.8	1000
1753	2025-02-28	14.6	14.8	14.6	14.8	2800
1754	2025-03-03	14.6	14.6	14.6	14.6	3000
1755	2025-03-06	14.6	14.6	14.6	14.6	800
1756	2025-03-10	13.5	14.6	13.5	14.6	10200
1757	2025-03-11	14.5	14.5	14.3	14.3	2400
1758	2025-03-12	14.4	14.5	14.3	14.3	12300
1759	2025-03-13	14.4	14.4	14.3	14.3	5400
1760	2025-03-14	14.3	14.3	14.0	14.0	1400
1761	2025-03-17	14.0	14.0	14.0	14.0	1800
1762	2025-03-18	13.9	14.0	13.8	14.0	3100
1763	2025-03-19	13.8	13.8	13.8	13.8	12300
1764	2025-03-20	14.0	14.0	13.9	13.9	4500
1765	2025-03-21	14.4	14.4	14.0	14.2	1200
1766	2025-03-24	14.5	14.5	14.5	14.5	100
1767	2025-03-28	14.4	14.4	14.4	14.4	100
1768	2025-03-31	14.5	14.5	14.2	14.2	6600
1769	2025-04-01	14.4	14.4	14.0	14.1	20200
