	time	open	high	low	close	volume
0	2015-10-06	18.22	0.0	0.0	0.0	0
1	2015-10-07	18.22	0.0	0.0	0.0	0
2	2015-10-08	18.22	0.0	0.0	0.0	0
3	2015-10-09	18.22	0.0	0.0	0.0	0
4	2015-10-12	18.22	0.0	0.0	0.0	0
5	2015-10-13	18.22	0.0	0.0	0.0	0
6	2015-10-14	18.22	0.0	0.0	0.0	0
7	2015-10-15	18.22	0.0	0.0	0.0	0
8	2015-10-16	18.22	0.0	0.0	0.0	0
9	2015-10-19	18.22	0.0	0.0	0.0	0
10	2015-10-20	11.6	11.6	11.6	11.6	100
11	2015-10-21	11.6	11.6	11.6	11.6	0
12	2015-10-22	11.6	11.6	11.6	11.6	0
13	2015-10-23	11.6	11.6	11.6	11.6	0
14	2015-10-26	11.6	11.6	11.6	11.6	0
15	2015-10-27	11.6	11.6	11.6	11.6	0
16	2015-10-28	11.6	11.6	11.6	11.6	0
17	2015-10-29	11.6	11.6	11.6	11.6	0
18	2015-10-30	11.6	11.6	11.6	11.6	0
19	2015-11-02	11.6	11.6	11.6	11.6	0
20	2015-11-03	11.6	11.6	11.6	11.6	0
21	2015-11-04	11.6	11.6	11.6	11.6	0
22	2015-11-05	11.6	11.6	11.6	11.6	0
23	2015-11-06	11.6	11.6	11.6	11.6	0
24	2015-11-09	11.6	11.6	11.6	11.6	0
25	2015-11-10	11.6	11.6	11.6	11.6	0
26	2015-11-11	11.6	11.6	11.6	11.6	0
27	2015-11-12	11.6	11.6	11.6	11.6	0
28	2015-11-13	11.6	11.6	11.6	11.6	0
29	2015-11-16	11.6	11.6	11.6	11.6	0
30	2015-11-17	11.6	11.6	11.6	11.6	0
31	2015-11-18	11.6	11.6	11.6	11.6	0
32	2015-11-19	11.6	11.6	11.6	11.6	0
33	2015-11-20	11.6	11.6	11.6	11.6	0
34	2015-11-23	11.6	11.6	11.6	11.6	0
35	2015-11-24	11.6	11.6	11.6	11.6	0
36	2015-11-25	11.6	11.6	11.6	11.6	0
37	2015-11-26	11.6	11.6	11.6	11.6	0
38	2015-11-27	11.6	11.6	11.6	11.6	0
39	2015-11-30	11.6	11.6	11.6	11.6	100
40	2015-12-01	11.6	11.6	11.6	11.6	0
41	2015-12-02	11.6	11.6	11.6	11.6	0
42	2015-12-03	11.6	11.6	11.6	11.6	0
43	2015-12-04	11.6	11.6	11.6	11.6	0
44	2015-12-07	9.94	9.94	9.94	9.94	100
45	2015-12-08	9.94	9.94	9.94	9.94	0
46	2015-12-09	9.94	9.94	9.94	9.94	0
47	2015-12-10	9.94	9.94	9.94	9.94	0
48	2015-12-11	9.94	9.94	9.94	9.94	0
49	2015-12-14	9.94	9.94	9.94	9.94	0
50	2015-12-15	9.94	9.94	9.94	9.94	0
51	2015-12-16	9.94	9.94	9.94	9.94	0
52	2015-12-17	9.94	9.94	9.94	9.94	0
53	2015-12-18	9.94	9.94	9.94	9.94	0
54	2015-12-21	9.94	9.94	9.94	9.94	0
55	2015-12-22	9.94	9.94	9.94	9.94	0
56	2015-12-23	9.94	9.94	9.94	9.94	0
57	2015-12-24	9.94	9.94	9.94	9.94	0
58	2015-12-25	9.94	9.94	9.94	9.94	0
59	2015-12-28	9.94	9.94	9.94	9.94	0
60	2015-12-29	9.94	9.94	9.94	9.94	0
61	2015-12-30	9.94	9.94	9.94	9.94	0
62	2015-12-31	9.94	9.94	9.94	9.94	0
63	2016-01-04	9.94	9.94	9.94	9.94	0
64	2016-01-05	9.94	9.94	9.94	9.94	0
65	2016-01-06	9.94	9.94	9.94	9.94	0
66	2016-01-07	9.94	9.94	9.94	9.94	0
67	2016-01-08	9.94	9.94	9.94	9.94	0
68	2016-01-11	9.94	9.94	9.94	9.94	0
69	2016-01-12	9.94	9.94	9.94	9.94	0
70	2016-01-13	9.94	9.94	9.94	9.94	0
71	2016-01-14	9.94	9.94	9.94	9.94	0
72	2016-01-15	9.94	9.94	9.94	9.94	0
73	2016-01-18	9.94	9.94	9.94	9.94	0
74	2016-01-19	9.94	9.94	9.94	9.94	0
75	2016-01-20	9.94	9.94	9.94	9.94	0
76	2016-01-21	9.94	9.94	9.94	9.94	0
77	2016-01-22	9.94	9.94	9.94	9.94	0
78	2016-01-25	9.94	9.94	9.94	9.94	0
79	2016-01-26	9.94	9.94	9.94	9.94	0
80	2016-01-27	9.94	9.94	9.94	9.94	0
81	2016-01-28	9.94	9.94	9.94	9.94	0
82	2016-01-29	9.94	9.94	9.94	9.94	0
83	2016-02-01	9.94	9.94	9.94	9.94	0
84	2016-02-02	9.94	9.94	9.94	9.94	0
85	2016-02-03	9.94	9.94	9.94	9.94	0
86	2016-02-04	9.94	9.94	9.94	9.94	0
87	2016-02-05	9.94	9.94	9.94	9.94	0
88	2016-02-15	9.94	9.94	9.94	9.94	0
89	2016-02-16	9.94	9.94	9.94	9.94	0
90	2016-02-17	9.94	9.94	9.94	9.94	0
91	2016-02-18	9.94	9.94	9.94	9.94	0
92	2016-02-19	9.94	9.94	9.94	9.94	0
93	2016-02-22	9.94	9.94	9.94	9.94	0
94	2016-02-23	9.94	9.94	9.94	9.94	0
95	2016-02-24	9.94	9.94	9.94	9.94	0
96	2016-02-25	9.94	9.94	9.94	9.94	0
97	2016-02-26	9.94	9.94	9.94	9.94	0
98	2016-02-29	9.94	9.94	9.94	9.94	0
99	2016-03-01	9.94	9.94	9.94	9.94	0
100	2016-03-02	9.94	9.94	9.94	9.94	0
101	2016-03-03	9.94	9.94	9.94	9.94	0
102	2016-03-04	9.94	9.94	9.94	9.94	0
103	2016-03-07	9.94	9.94	9.94	9.94	0
104	2016-03-08	9.94	9.94	9.94	9.94	0
105	2016-03-09	9.94	9.94	9.94	9.94	0
106	2016-03-10	9.94	9.94	9.94	9.94	1300
107	2016-03-11	9.94	9.94	9.94	9.94	0
108	2016-03-14	9.94	9.94	9.94	9.94	0
109	2016-03-15	9.94	9.94	9.94	9.94	0
110	2016-03-16	9.94	9.94	9.94	9.94	0
111	2016-03-17	9.94	9.94	9.94	9.94	300
112	2016-03-18	9.94	9.94	9.94	9.94	0
113	2016-03-21	9.94	9.94	9.94	9.94	0
114	2016-03-22	9.94	9.94	9.94	9.94	1000
115	2016-03-23	9.94	9.94	9.94	9.94	0
116	2016-03-24	9.94	9.94	9.94	9.94	0
117	2016-03-25	9.94	9.94	9.94	9.94	0
118	2016-03-28	9.94	9.94	9.94	9.94	0
119	2016-03-29	9.94	9.94	9.94	9.94	0
120	2016-03-30	9.94	9.94	9.94	9.94	0
121	2016-03-31	9.94	9.94	9.94	9.94	0
122	2016-04-01	9.94	9.94	9.94	9.94	0
123	2016-04-04	9.94	9.94	9.94	9.94	0
124	2016-04-05	9.94	9.94	9.94	9.94	0
125	2016-04-06	9.94	9.94	9.94	9.94	0
126	2016-04-07	9.94	9.94	9.94	9.94	0
127	2016-04-08	9.94	9.94	9.94	9.94	0
128	2016-04-11	9.94	9.94	9.94	9.94	0
129	2016-04-12	9.94	9.94	9.94	9.94	0
130	2016-04-13	9.94	9.94	9.94	9.94	0
131	2016-04-14	9.94	9.94	9.94	9.94	0
132	2016-04-15	9.94	9.94	9.94	9.94	0
133	2016-04-19	9.94	9.94	9.94	9.94	0
134	2016-04-20	9.94	9.94	9.94	9.94	0
135	2016-04-21	9.94	9.94	9.94	9.94	0
136	2016-04-22	9.94	9.94	9.94	9.94	0
137	2016-04-25	9.94	9.94	9.94	9.94	0
138	2016-04-26	9.94	9.94	9.94	9.94	0
139	2016-04-27	9.94	9.94	9.94	9.94	0
140	2016-04-28	9.94	9.94	9.94	9.94	0
141	2016-04-29	9.94	9.94	9.94	9.94	0
142	2016-05-04	9.94	9.94	9.94	9.94	0
143	2016-05-05	9.94	9.94	9.94	9.94	0
144	2016-05-06	9.94	9.94	9.94	9.94	0
145	2016-05-09	9.94	9.94	9.94	9.94	0
146	2016-05-10	9.94	9.94	9.94	9.94	0
147	2016-05-11	9.94	9.94	9.94	9.94	0
148	2016-05-12	9.94	9.94	9.94	9.94	0
149	2016-05-13	9.94	9.94	9.94	9.94	0
150	2016-05-16	8.45	8.45	8.45	8.45	1000
151	2016-05-17	8.45	8.45	8.45	8.45	0
152	2016-05-18	8.45	8.45	8.45	8.45	0
153	2016-05-19	8.81	9.71	8.78	9.71	19900
154	2016-05-20	10.07	10.07	10.07	10.07	100
155	2016-05-23	11.56	11.56	10.07	10.93	3700
156	2016-05-24	10.93	12.49	10.93	12.49	1100
157	2016-05-25	12.7	12.7	12.7	12.7	100
158	2016-05-26	12.7	12.7	12.7	12.7	0
159	2016-05-27	10.82	14.57	10.82	10.82	300
160	2016-05-30	10.27	10.27	10.27	10.27	300
161	2016-05-31	11.8	11.8	8.78	8.78	1100
162	2016-06-01	7.84	7.84	7.84	7.84	200
163	2016-06-02	8.99	8.99	8.99	8.99	100
164	2016-06-03	9.02	9.02	9.02	9.02	500
165	2016-06-06	7.7	7.7	7.7	7.7	300
166	2016-06-07	7.7	7.7	7.7	7.7	0
167	2016-06-08	8.85	8.85	8.85	8.85	100
168	2016-06-09	8.85	8.85	8.85	8.85	0
169	2016-06-10	10.06	10.06	10.06	10.06	3000
170	2016-06-13	10.06	10.06	10.06	10.06	0
171	2016-06-14	8.6	11.55	8.6	11.55	1500
172	2016-06-15	9.09	9.09	9.09	9.09	100
173	2016-06-16	10.44	10.44	10.44	10.44	500
174	2016-06-17	9.12	9.12	9.09	9.09	2000
175	2016-06-20	10.44	10.44	9.19	9.19	3000
176	2016-06-21	8.74	8.74	8.74	8.74	500
177	2016-06-22	9.99	10.03	8.19	8.19	1300
178	2016-06-23	9.89	9.89	9.89	9.89	100
179	2016-06-24	9.89	9.89	9.89	9.89	0
180	2016-06-27	9.89	9.89	9.89	9.89	500
181	2016-06-28	9.89	9.89	9.89	9.89	0
182	2016-06-29	9.89	9.89	9.89	9.89	0
183	2016-06-30	10.41	10.41	10.41	10.41	100
184	2016-07-01	10.41	10.41	10.41	10.41	0
185	2016-07-04	10.41	10.41	10.41	10.41	0
186	2016-07-05	9.71	9.71	9.71	9.71	100
187	2016-07-06	9.71	9.71	9.71	9.71	0
188	2016-07-07	9.71	9.71	9.71	9.71	0
189	2016-07-08	9.19	9.19	8.26	8.26	200
190	2016-07-11	9.96	9.96	9.96	9.96	100
191	2016-07-12	9.96	9.96	9.96	9.96	0
192	2016-07-13	10.03	10.06	10.03	10.06	200
193	2016-07-14	9.71	9.71	9.37	9.37	200
194	2016-07-15	9.37	9.37	9.37	9.37	0
195	2016-07-18	9.37	9.37	9.37	9.37	0
196	2016-07-19	9.02	9.02	8.85	8.85	200
197	2016-07-20	10.03	10.03	10.03	10.03	100
198	2016-07-21	8.53	8.57	8.53	8.57	200
199	2016-07-22	8.57	8.57	8.57	8.57	0
200	2016-07-25	9.37	9.37	9.37	9.37	700
201	2016-07-26	9.37	9.37	9.37	9.37	0
202	2016-07-27	8.6	8.6	8.53	8.53	200
203	2016-07-28	9.78	9.78	9.78	9.78	200
204	2016-07-29	9.78	9.78	9.78	9.78	0
205	2016-08-01	9.78	9.78	9.78	9.78	0
206	2016-08-02	8.5	8.5	8.5	8.5	100
207	2016-08-03	8.5	8.5	8.5	8.5	0
208	2016-08-04	9.75	9.75	9.75	9.75	1000
209	2016-08-05	9.75	9.75	9.75	9.75	0
210	2016-08-08	9.75	9.75	9.75	9.75	0
211	2016-08-09	9.75	9.75	9.75	9.75	0
212	2016-08-10	9.75	9.75	9.75	9.75	0
213	2016-08-11	10.41	10.41	10.41	10.41	1000
214	2016-08-12	10.41	10.41	10.41	10.41	0
215	2016-08-15	10.41	10.41	10.41	10.41	0
216	2016-08-16	10.41	10.41	10.41	10.41	0
217	2016-08-17	10.41	10.41	10.41	10.41	0
218	2016-08-18	10.41	10.41	10.41	10.41	0
219	2016-08-19	10.41	10.41	10.41	10.41	0
220	2016-08-22	10.41	10.41	10.41	10.41	0
221	2016-08-23	10.41	10.41	10.41	10.41	0
222	2016-08-24	10.41	10.41	10.41	10.41	0
223	2016-08-25	10.41	10.41	10.41	10.41	1000
224	2016-08-26	10.41	10.41	10.41	10.41	0
225	2016-08-29	10.41	10.41	10.41	10.41	0
226	2016-08-30	10.41	10.41	10.41	10.41	0
227	2016-08-31	10.41	10.41	10.41	10.41	0
228	2016-09-01	10.41	10.41	10.41	10.41	0
229	2016-09-05	10.75	10.93	10.75	10.93	1200
230	2016-09-06	12.52	12.52	12.52	12.52	100
231	2016-09-07	14.4	14.4	14.4	14.4	100
232	2016-09-08	14.4	14.4	14.4	14.4	0
233	2016-09-09	14.4	14.4	14.4	14.4	0
234	2016-09-12	16.31	16.31	16.31	16.31	100
235	2016-09-13	16.31	16.31	16.31	16.31	0
236	2016-09-14	16.31	16.31	16.31	16.31	0
237	2016-09-15	16.31	16.31	16.31	16.31	0
238	2016-09-16	18.73	18.73	13.88	13.88	300
239	2016-09-19	13.88	13.88	13.88	13.88	0
240	2016-09-20	13.88	13.88	13.88	13.88	0
241	2016-09-21	13.18	13.18	13.18	13.18	100
242	2016-09-22	11.21	11.21	11.21	11.21	200
243	2016-09-23	9.71	9.71	9.71	9.71	200
244	2016-09-26	9.71	9.71	9.71	9.71	0
245	2016-09-27	9.71	9.71	9.71	9.71	0
246	2016-09-28	9.71	9.71	9.71	9.71	0
247	2016-09-29	9.71	9.71	9.71	9.71	0
248	2016-09-30	9.71	9.71	9.71	9.71	0
249	2016-10-03	9.71	9.71	9.71	9.71	0
250	2016-10-04	8.36	8.36	8.36	8.36	100
251	2016-10-05	8.36	8.36	8.36	8.36	0
252	2016-10-06	8.36	8.36	8.36	8.36	0
253	2016-10-07	8.36	8.36	8.36	8.36	0
254	2016-10-10	7.22	7.22	7.22	7.22	100
255	2016-10-11	7.98	7.98	7.98	7.98	100
256	2016-10-12	7.98	7.98	7.98	7.98	0
257	2016-10-13	9.16	9.16	9.16	9.16	100
258	2016-10-14	10.41	10.51	10.41	10.51	300
259	2016-10-17	10.48	10.48	10.48	10.48	300
260	2016-10-18	10.75	10.75	10.75	10.75	1000
261	2016-10-19	10.75	10.75	10.75	10.75	0
262	2016-10-20	10.41	10.41	10.41	10.41	1000
263	2016-10-21	10.41	10.41	10.41	10.41	0
264	2016-10-24	10.41	10.41	10.41	10.41	100
265	2016-10-25	10.41	10.41	10.41	10.41	0
266	2016-10-26	10.41	10.41	10.41	10.41	0
267	2016-10-27	10.41	10.41	10.41	10.41	0
268	2016-10-28	10.41	10.41	10.41	10.41	2400
269	2016-10-31	10.41	10.41	10.41	10.41	0
270	2016-11-01	9.71	9.71	9.71	9.71	100
271	2016-11-02	10.75	11.17	10.75	11.17	300
272	2016-11-03	11.41	11.45	11.41	11.45	3900
273	2016-11-04	11.45	11.45	11.45	11.45	0
274	2016-11-07	11.8	12.49	11.8	12.49	3000
275	2016-11-08	10.55	10.55	10.55	10.55	100
276	2016-11-09	10.55	10.55	10.55	10.55	1900
277	2016-11-10	10.55	10.55	10.55	10.55	0
278	2016-11-11	10.06	10.06	10.06	10.06	100
279	2016-11-14	10.06	10.06	10.06	10.06	0
280	2016-11-15	8.57	8.57	8.57	8.57	100
281	2016-11-16	9.85	9.85	9.37	9.71	2100
282	2016-11-17	9.37	10.75	9.37	10.75	400
283	2016-11-18	10.75	10.75	10.75	10.75	0
284	2016-11-21	9.71	9.71	9.37	9.37	1200
285	2016-11-22	9.37	9.37	9.37	9.37	0
286	2016-11-23	9.64	9.64	9.64	9.64	800
287	2016-11-24	9.64	10.41	9.64	10.41	1000
288	2016-11-25	10.41	10.41	10.41	10.41	1000
289	2016-11-28	11.1	11.1	11.1	11.1	100
290	2016-11-29	11.1	11.1	11.1	11.1	0
291	2016-11-30	12.14	12.14	12.14	12.14	100
292	2016-12-01	12.14	12.14	12.14	12.14	0
293	2016-12-02	12.14	12.14	12.14	12.14	0
294	2016-12-05	12.14	12.14	12.14	12.14	0
295	2016-12-06	12.14	12.14	12.14	12.14	0
296	2016-12-07	10.34	11.9	10.34	11.9	600
297	2016-12-08	11.9	11.9	11.9	11.9	0
298	2016-12-09	11.9	11.9	11.9	11.9	0
299	2016-12-12	11.8	11.8	11.8	11.8	100
300	2016-12-13	11.8	11.8	11.8	11.8	0
301	2016-12-14	11.8	11.8	11.8	11.8	0
302	2016-12-15	11.8	11.8	11.8	11.8	0
303	2016-12-16	11.8	11.8	11.8	11.8	0
304	2016-12-19	11.8	11.8	11.8	11.8	0
305	2016-12-20	10.03	10.03	10.03	10.03	100
306	2016-12-21	10.03	10.03	10.03	10.03	0
307	2016-12-22	10.03	10.03	10.03	10.03	0
308	2016-12-23	9.39	9.39	9.39	9.39	100
309	2016-12-26	9.39	9.39	9.39	9.39	0
310	2016-12-27	9.39	9.39	9.39	9.39	0
311	2016-12-28	9.39	9.39	9.39	9.39	0
312	2016-12-29	9.39	9.39	9.39	9.39	0
313	2016-12-30	9.39	9.39	9.39	9.39	0
314	2017-01-03	9.39	9.39	9.39	9.39	0
315	2017-01-04	9.39	9.39	9.39	9.39	0
316	2017-01-05	9.39	9.39	9.39	9.39	0
317	2017-01-06	9.39	9.39	9.39	9.39	0
318	2017-01-09	9.39	9.39	9.39	9.39	0
319	2017-01-10	9.39	9.39	9.39	9.39	0
320	2017-01-11	9.39	9.39	9.39	9.39	0
321	2017-01-12	10.43	10.43	10.43	10.43	2000
322	2017-01-13	10.43	10.43	8.99	8.99	1100
323	2017-01-16	8.99	8.99	8.99	8.99	0
324	2017-01-17	8.99	8.99	8.99	8.99	0
325	2017-01-18	8.99	8.99	8.99	8.99	0
326	2017-01-19	8.99	8.99	8.99	8.99	0
327	2017-01-20	8.99	8.99	8.99	8.99	0
328	2017-01-23	8.99	8.99	8.99	8.99	0
329	2017-01-24	8.99	8.99	8.99	8.99	0
330	2017-01-25	8.99	8.99	8.99	8.99	0
331	2017-02-02	8.99	8.99	8.99	8.99	0
332	2017-02-03	8.99	8.99	8.99	8.99	0
333	2017-02-06	8.99	8.99	8.99	8.99	0
334	2017-02-07	8.99	8.99	8.99	8.99	0
335	2017-02-08	11.44	11.44	11.44	11.44	100
336	2017-02-09	11.44	11.44	11.44	11.44	0
337	2017-02-10	11.44	11.44	11.44	11.44	0
338	2017-02-13	11.44	11.44	11.44	11.44	0
339	2017-02-14	11.44	11.44	11.44	11.44	0
340	2017-02-15	11.44	11.44	11.44	11.44	0
341	2017-02-16	11.44	11.44	11.44	11.44	0
342	2017-02-17	11.44	11.44	11.44	11.44	0
343	2017-02-20	12.59	12.59	12.59	12.59	100
344	2017-02-21	10.79	10.79	10.79	10.79	200
345	2017-02-22	10.79	10.79	10.79	10.79	0
346	2017-02-23	10.79	10.79	10.79	10.79	0
347	2017-02-24	10.79	10.79	10.79	10.79	0
348	2017-02-27	10.79	10.79	10.79	10.79	0
349	2017-02-28	10.79	10.79	10.79	10.79	0
350	2017-03-01	10.79	10.79	10.79	10.79	0
351	2017-03-02	10.79	10.79	10.79	10.79	0
352	2017-03-03	10.79	10.79	10.79	10.79	0
353	2017-03-06	10.79	10.79	10.79	10.79	0
354	2017-03-07	10.79	10.79	10.79	10.79	0
355	2017-03-08	10.79	10.79	10.79	10.79	0
356	2017-03-09	10.79	10.79	10.79	10.79	0
357	2017-03-10	10.79	10.79	10.79	10.79	0
358	2017-03-13	10.79	10.79	10.79	10.79	0
359	2017-03-14	10.79	10.79	10.79	10.79	0
360	2017-03-15	10.79	10.79	10.79	10.79	0
361	2017-03-16	10.79	10.79	10.79	10.79	0
362	2017-03-17	10.79	10.79	10.79	10.79	0
363	2017-03-20	10.79	10.79	10.79	10.79	0
364	2017-03-21	10.79	10.79	10.79	10.79	0
365	2017-03-22	10.79	10.79	10.79	10.79	0
366	2017-03-23	10.79	10.79	10.79	10.79	0
367	2017-03-24	10.79	10.79	10.79	10.79	0
368	2017-03-27	10.79	10.79	10.79	10.79	0
369	2017-03-28	10.79	10.79	10.79	10.79	0
370	2017-03-29	10.79	10.79	10.79	10.79	0
371	2017-03-30	10.79	10.79	10.79	10.79	0
372	2017-03-31	10.79	10.79	10.79	10.79	0
373	2017-04-03	10.79	10.79	10.79	10.79	0
374	2017-04-04	10.79	10.79	10.79	10.79	0
375	2017-04-05	10.79	10.79	10.79	10.79	0
376	2017-04-07	10.79	10.79	10.79	10.79	0
377	2017-04-10	10.79	10.79	10.79	10.79	0
378	2017-04-11	10.79	10.79	10.79	10.79	0
379	2017-04-12	10.79	10.79	10.79	10.79	0
380	2017-04-13	10.79	10.79	10.79	10.79	0
381	2017-04-14	10.75	10.75	10.75	10.75	1300
382	2017-04-17	10.75	10.75	10.75	10.75	0
383	2017-04-18	10.75	10.75	10.75	10.75	0
384	2017-04-19	10.75	10.75	10.75	10.75	0
385	2017-04-20	10.75	10.75	10.75	10.75	0
386	2017-04-21	10.75	10.75	10.75	10.75	0
387	2017-04-24	10.75	10.75	10.75	10.75	0
388	2017-04-25	10.75	10.75	10.75	10.75	0
389	2017-04-26	10.75	10.75	10.75	10.75	0
390	2017-04-27	10.75	10.75	10.75	10.75	0
391	2017-04-28	10.75	10.75	10.75	10.75	0
392	2017-05-03	10.75	10.75	10.75	10.75	0
393	2017-05-04	10.75	10.75	10.75	10.75	0
394	2017-05-05	11.08	11.08	11.08	11.08	100
395	2017-05-08	11.08	11.08	11.08	11.08	0
396	2017-05-09	11.08	11.08	11.08	11.08	0
397	2017-05-10	9.99	9.99	9.99	9.99	100
398	2017-05-11	9.99	9.99	9.99	9.99	0
399	2017-05-12	9.99	9.99	9.99	9.99	0
400	2017-05-15	9.99	9.99	9.99	9.99	0
401	2017-05-16	9.99	9.99	9.99	9.99	0
402	2017-05-17	9.99	9.99	9.99	9.99	0
403	2017-05-18	9.99	9.99	9.99	9.99	0
404	2017-05-19	9.99	9.99	9.99	9.99	0
405	2017-05-22	9.99	9.99	9.99	9.99	0
406	2017-05-23	9.99	9.99	9.99	9.99	0
407	2017-05-24	9.99	9.99	9.99	9.99	0
408	2017-05-25	9.99	9.99	9.99	9.99	0
409	2017-05-26	9.99	9.99	9.99	9.99	0
410	2017-05-29	9.99	9.99	9.99	9.99	0
411	2017-05-30	9.99	9.99	9.99	9.99	0
412	2017-05-31	10.68	10.68	10.68	10.68	100
413	2017-06-01	10.68	10.68	10.68	10.68	0
414	2017-06-02	10.68	10.68	10.68	10.68	0
415	2017-06-05	10.68	10.68	10.68	10.68	0
416	2017-06-06	10.68	10.68	10.68	10.68	0
417	2017-06-07	10.68	10.68	10.68	10.68	0
418	2017-06-08	10.68	10.68	10.68	10.68	0
419	2017-06-09	10.68	10.68	10.68	10.68	0
420	2017-06-12	10.68	10.68	10.68	10.68	0
421	2017-06-13	10.68	10.68	10.68	10.68	0
422	2017-06-14	10.68	10.68	10.68	10.68	0
423	2017-06-15	10.68	10.68	10.68	10.68	0
424	2017-06-16	10.68	10.68	10.68	10.68	0
425	2017-06-19	10.68	10.68	10.68	10.68	0
426	2017-06-20	10.68	10.68	10.68	10.68	0
427	2017-06-21	10.68	10.68	10.68	10.68	0
428	2017-06-22	10.68	10.68	10.68	10.68	0
429	2017-06-23	10.68	10.68	10.68	10.68	0
430	2017-06-26	10.68	10.68	10.68	10.68	0
431	2017-06-27	10.68	10.68	10.68	10.68	0
432	2017-06-28	10.68	10.68	10.68	10.68	0
433	2017-06-29	9.08	9.08	9.08	9.08	2300
434	2017-06-30	9.08	9.08	9.08	9.08	0
435	2017-07-03	9.08	9.08	9.08	9.08	0
436	2017-07-04	9.08	9.08	9.08	9.08	0
437	2017-07-05	9.08	9.08	9.08	9.08	0
438	2017-07-06	9.08	9.08	9.08	9.08	0
439	2017-07-07	9.08	9.08	9.08	9.08	0
440	2017-07-10	9.08	9.08	9.08	9.08	0
441	2017-07-11	9.08	9.08	9.08	9.08	0
442	2017-07-12	9.08	9.08	9.08	9.08	0
443	2017-07-13	9.08	9.08	9.08	9.08	0
444	2017-07-14	9.08	9.08	9.08	9.08	0
445	2017-07-17	9.08	9.08	9.08	9.08	0
446	2017-07-18	9.08	9.08	9.08	9.08	0
447	2017-07-19	9.08	9.08	9.08	9.08	0
448	2017-07-20	9.08	9.08	9.08	9.08	0
449	2017-07-21	9.08	9.08	9.08	9.08	0
450	2017-07-24	9.08	9.08	9.08	9.08	0
451	2017-07-25	9.08	9.08	9.08	9.08	0
452	2017-07-26	9.08	9.08	9.08	9.08	0
453	2017-07-27	9.08	9.08	9.08	9.08	0
454	2017-07-28	9.08	9.08	9.08	9.08	0
455	2017-07-31	9.08	9.08	9.08	9.08	0
456	2017-08-01	9.08	9.08	9.08	9.08	0
457	2017-08-02	9.08	9.08	9.08	9.08	0
458	2017-08-03	9.08	9.08	9.08	9.08	0
459	2017-08-04	9.08	9.08	9.08	9.08	0
460	2017-08-07	9.08	9.08	9.08	9.08	0
461	2017-08-08	9.08	9.08	9.08	9.08	0
462	2017-08-09	9.08	9.08	9.08	9.08	0
463	2017-08-10	9.08	9.08	9.08	9.08	0
464	2017-08-11	9.08	9.08	9.08	9.08	0
465	2017-08-14	7.81	7.81	7.81	7.81	2000
466	2017-08-15	7.81	7.81	7.81	7.81	3200
467	2017-08-16	7.81	7.81	7.81	7.81	0
468	2017-08-17	7.99	7.99	7.99	7.99	16000
469	2017-08-18	7.99	7.99	7.99	7.99	15500
470	2017-08-21	7.99	7.99	7.99	7.99	15500
471	2017-08-22	7.99	7.99	7.99	7.99	0
472	2017-08-23	7.99	7.99	7.99	7.99	0
473	2017-08-24	7.99	7.99	7.99	7.99	100
474	2017-08-25	7.99	7.99	7.99	7.99	0
475	2017-08-28	7.99	7.99	7.99	7.99	700
476	2017-08-29	7.99	7.99	7.99	7.99	0
477	2017-08-30	8.36	8.36	8.36	8.36	3000
478	2017-08-31	8.36	8.36	8.36	8.36	0
479	2017-09-01	8.36	8.36	8.36	8.36	0
480	2017-09-05	8.36	8.36	8.36	8.36	0
481	2017-09-06	8.54	8.54	8.54	8.54	1000
482	2017-09-07	8.36	8.36	8.36	8.36	0
483	2017-09-08	8.36	8.36	8.36	8.36	0
484	2017-09-11	8.36	8.36	8.36	8.36	0
485	2017-09-12	8.36	8.36	8.36	8.36	0
486	2017-09-13	8.36	8.36	8.36	8.36	0
487	2017-09-14	8.36	8.36	8.36	8.36	0
488	2017-09-15	8.36	8.36	8.36	8.36	0
489	2017-09-18	8.36	8.36	8.36	8.36	0
490	2017-09-19	8.36	8.36	8.36	8.36	0
491	2017-09-20	8.36	8.36	8.36	8.36	0
492	2017-09-21	8.36	8.36	8.36	8.36	0
493	2017-09-22	8.36	8.36	8.36	8.36	0
494	2017-09-25	8.36	8.36	8.36	8.36	0
495	2017-09-26	8.36	8.36	8.36	8.36	0
496	2017-09-27	8.36	8.36	8.36	8.36	0
497	2017-09-28	8.36	8.36	8.36	8.36	0
498	2017-09-29	8.36	8.36	8.36	8.36	0
499	2017-10-02	8.36	8.36	8.36	8.36	0
500	2017-10-03	8.36	8.36	8.36	8.36	0
501	2017-10-04	8.36	8.36	8.36	8.36	0
502	2017-10-05	8.36	8.36	8.36	8.36	0
503	2017-10-06	8.36	8.36	8.36	8.36	0
504	2017-10-09	8.36	8.36	8.36	8.36	0
505	2017-10-10	8.36	8.36	8.36	8.36	0
506	2017-10-11	8.36	8.36	8.36	8.36	0
507	2017-10-12	8.36	8.36	8.36	8.36	0
508	2017-10-13	8.36	8.36	8.36	8.36	0
509	2017-10-16	8.36	8.36	8.36	8.36	0
510	2017-10-17	8.36	8.36	8.36	8.36	0
511	2017-10-18	8.36	8.36	8.36	8.36	0
512	2017-10-19	8.54	8.9	8.54	8.9	20500
513	2017-10-20	8.9	8.9	8.9	8.9	5000
514	2017-10-23	8.9	8.9	8.9	8.9	0
515	2017-10-24	8.39	8.39	8.36	8.36	3000
516	2017-10-25	8.39	8.39	8.39	8.39	0
517	2017-10-26	8.39	8.39	8.39	8.39	0
518	2017-10-27	8.39	8.39	8.39	8.39	0
519	2017-10-30	8.39	8.39	8.39	8.39	1000
520	2017-10-31	8.39	8.39	8.39	8.39	0
521	2017-11-01	8.39	8.39	8.39	8.39	0
522	2017-11-02	8.39	8.39	8.39	8.39	0
523	2017-11-03	8.39	8.39	8.39	8.39	0
524	2017-11-06	8.39	8.39	8.39	8.39	0
525	2017-11-07	8.39	8.39	8.39	8.39	0
526	2017-11-08	8.39	8.39	8.39	8.39	0
527	2017-11-09	8.39	8.39	8.39	8.39	0
528	2017-11-10	8.39	8.39	8.39	8.39	0
529	2017-11-13	8.39	8.39	8.39	8.39	0
530	2017-11-14	8.39	8.39	8.39	8.39	0
531	2017-11-15	8.39	8.39	8.39	8.39	0
532	2017-11-16	8.39	8.39	8.39	8.39	0
533	2017-11-17	8.39	8.39	8.39	8.39	0
534	2017-11-20	8.39	8.39	8.39	8.39	0
535	2017-11-21	8.39	8.39	8.39	8.39	0
536	2017-11-22	8.39	8.39	8.39	8.39	0
537	2017-11-23	8.39	8.39	8.39	8.39	0
538	2017-11-24	8.39	8.39	8.39	8.39	0
539	2017-11-27	8.39	8.39	8.39	8.39	0
540	2017-11-28	8.9	8.9	8.9	8.9	100
541	2017-11-29	8.9	8.9	8.9	8.9	0
542	2017-11-30	8.9	8.9	8.9	8.9	0
543	2017-12-01	8.9	8.9	8.9	8.9	300
544	2017-12-04	8.9	8.9	8.9	8.9	0
545	2017-12-05	8.9	8.9	8.9	8.9	0
546	2017-12-06	8.9	8.9	8.9	8.9	5000
547	2017-12-07	8.9	8.9	8.9	8.9	0
548	2017-12-08	8.9	8.9	8.9	8.9	0
549	2017-12-11	8.72	8.72	8.72	8.72	165
550	2017-12-12	8.72	8.72	8.72	8.72	0
551	2017-12-13	8.72	8.72	8.72	8.72	0
552	2017-12-14	8.72	8.72	8.72	8.72	0
553	2017-12-15	8.72	8.72	8.72	8.72	0
554	2017-12-18	8.72	8.72	8.72	8.72	0
555	2017-12-19	8.86	8.86	8.86	8.86	300
556	2017-12-20	8.86	8.86	8.86	8.86	0
557	2017-12-21	8.86	8.86	8.86	8.86	0
558	2017-12-22	8.86	8.86	8.86	8.86	535
559	2017-12-25	8.9	8.9	8.86	8.86	500
560	2017-12-26	8.86	8.86	8.86	8.86	400
561	2017-12-27	8.86	8.86	8.86	8.86	0
562	2017-12-28	8.9	8.9	8.9	8.9	100
563	2017-12-29	8.9	8.9	8.9	8.9	0
564	2018-01-02	8.9	8.9	8.9	8.9	0
565	2018-01-03	8.9	8.9	8.9	8.9	0
566	2018-01-04	8.9	8.9	8.9	8.9	0
567	2018-01-05	8.72	8.72	8.72	8.72	3600
568	2018-01-08	8.72	8.72	8.72	8.72	0
569	2018-01-09	8.9	8.94	8.9	8.94	200
570	2018-01-10	8.94	8.94	8.94	8.94	0
571	2018-01-11	8.94	8.94	8.94	8.94	0
572	2018-01-12	8.94	8.94	8.94	8.94	0
573	2018-01-15	8.94	8.94	8.94	8.94	0
574	2018-01-16	9.05	9.05	9.05	9.05	300
575	2018-01-17	9.08	9.08	9.08	9.08	200
576	2018-01-18	9.08	9.08	9.08	9.08	0
577	2018-01-19	9.08	9.08	9.08	9.08	0
578	2018-01-22	9.08	9.08	9.08	9.08	0
579	2018-01-23	9.08	9.08	9.08	9.08	0
580	2018-01-24	9.08	9.08	9.08	9.08	0
581	2018-01-25	9.08	9.08	9.08	9.08	0
582	2018-01-26	9.26	9.44	9.26	9.44	895
583	2018-01-29	9.41	9.41	9.41	9.41	0
584	2018-01-30	9.44	9.44	9.26	9.26	600
585	2018-01-31	9.26	9.26	9.08	9.08	900
586	2018-02-01	9.15	9.15	9.15	9.15	0
587	2018-02-02	9.15	9.15	9.15	9.15	0
588	2018-02-05	9.15	9.15	9.15	9.15	0
589	2018-02-06	9.15	9.15	9.15	9.15	0
590	2018-02-07	9.08	9.08	9.08	9.08	300
591	2018-02-08	9.08	9.08	9.08	9.08	500
592	2018-02-09	7.74	7.99	7.74	7.99	900
593	2018-02-12	7.85	7.85	7.85	7.85	0
594	2018-02-13	8.9	8.9	8.9	8.9	100
595	2018-02-21	8.9	8.9	8.9	8.9	0
596	2018-02-22	8.9	8.9	8.9	8.9	0
597	2018-02-23	8.9	8.9	8.9	8.9	0
598	2018-02-26	8.9	8.9	8.9	8.9	0
599	2018-02-27	8.9	8.9	8.9	8.9	0
600	2018-02-28	8.9	8.9	8.9	8.9	0
601	2018-03-01	8.9	8.9	8.9	8.9	0
602	2018-03-02	8.9	8.9	8.9	8.9	0
603	2018-03-05	8.9	8.9	8.9	8.9	0
604	2018-03-06	8.9	8.9	8.9	8.9	0
605	2018-03-07	8.9	8.9	8.9	8.9	0
606	2018-03-08	8.9	8.9	8.9	8.9	0
607	2018-03-09	8.9	10.21	8.9	9.63	2200
608	2018-03-12	9.63	9.63	9.63	9.63	0
609	2018-03-13	11.04	11.04	11.04	11.04	100
610	2018-03-14	11.04	11.04	11.04	11.04	0
611	2018-03-15	10.9	10.9	10.9	10.9	100
612	2018-03-16	10.72	10.72	10.72	10.72	100
613	2018-03-19	10.72	10.72	10.72	10.72	0
614	2018-03-20	10.72	10.72	10.72	10.72	0
615	2018-03-21	10.72	10.72	10.72	10.72	0
616	2018-03-22	10.72	10.72	10.72	10.72	0
617	2018-03-23	10.72	10.72	10.72	10.72	0
618	2018-03-26	10.72	10.72	10.72	10.72	0
619	2018-03-27	10.72	10.72	10.72	10.72	0
620	2018-03-28	10.72	10.72	10.72	10.72	0
621	2018-03-29	10.72	10.72	10.72	10.72	0
622	2018-03-30	10.72	10.72	10.72	10.72	0
623	2018-04-02	10.72	10.72	10.72	10.72	0
624	2018-04-03	10.72	10.72	10.72	10.72	0
625	2018-04-04	10.72	10.72	10.72	10.72	98
626	2018-04-05	10.72	10.72	10.72	10.72	0
627	2018-04-06	10.72	10.72	10.72	10.72	0
628	2018-04-09	10.72	10.72	10.72	10.72	0
629	2018-04-10	10.72	10.72	10.72	10.72	0
630	2018-04-11	10.72	10.72	10.72	10.72	0
631	2018-04-12	10.72	10.72	10.72	10.72	100
632	2018-04-13	10.72	10.72	10.72	10.72	0
633	2018-04-16	10.72	10.72	10.72	10.72	0
634	2018-04-17	10.72	10.72	10.72	10.72	0
635	2018-04-18	10.72	10.72	10.72	10.72	0
636	2018-04-19	10.72	10.72	10.72	10.72	0
637	2018-04-20	10.72	10.72	10.72	10.72	0
638	2018-04-23	10.72	10.72	10.72	10.72	0
639	2018-04-24	10.72	10.72	10.72	10.72	0
640	2018-04-26	10.72	10.72	10.72	10.72	0
641	2018-04-27	10.72	10.72	10.72	10.72	0
642	2018-05-02	9.15	9.15	9.15	9.15	100
643	2018-05-03	9.15	9.15	9.15	9.15	100
644	2018-05-04	9.15	9.15	9.15	9.15	0
645	2018-05-07	9.15	9.15	9.15	9.15	0
646	2018-05-08	10.5	10.5	10.5	10.5	200
647	2018-05-09	11.81	12.04	11.81	12.04	200
648	2018-05-10	11.95	11.95	11.95	11.95	0
649	2018-05-11	11.95	11.95	11.95	11.95	0
650	2018-05-14	11.95	11.95	11.95	11.95	0
651	2018-05-15	11.95	11.95	11.95	11.95	0
652	2018-05-16	11.95	11.95	11.95	11.95	0
653	2018-05-17	11.95	11.95	11.95	11.95	0
654	2018-05-18	12.04	12.04	12.04	12.04	1000
655	2018-05-21	12.04	12.04	12.04	12.04	0
656	2018-05-22	12.04	12.04	12.04	12.04	0
657	2018-05-23	12.04	12.04	12.04	12.04	0
658	2018-05-24	12.04	12.04	12.04	12.04	0
659	2018-05-25	12.04	12.04	12.04	12.04	0
660	2018-05-28	12.04	12.04	12.04	12.04	0
661	2018-05-29	12.04	12.04	12.04	12.04	0
662	2018-05-30	12.04	12.04	12.04	12.04	10
663	2018-05-31	12.04	12.04	12.04	12.04	0
664	2018-06-01	12.04	12.04	12.04	12.04	0
665	2018-06-04	12.04	12.04	12.04	12.04	0
666	2018-06-05	12.04	12.04	12.04	12.04	0
667	2018-06-06	12.04	12.04	12.04	12.04	0
668	2018-06-07	12.04	12.04	12.04	12.04	13
669	2018-06-08	12.04	12.04	12.04	12.04	700
670	2018-06-11	12.04	12.04	12.04	12.04	100
671	2018-06-12	12.04	12.04	12.04	12.04	0
672	2018-06-13	12.04	12.04	12.04	12.04	0
673	2018-06-14	12.04	12.04	12.04	12.04	0
674	2018-06-15	12.04	12.04	12.04	12.04	0
675	2018-06-18	12.04	12.04	12.04	12.04	0
676	2018-06-19	12.04	12.04	12.04	12.04	0
677	2018-06-20	12.04	12.04	12.04	12.04	0
678	2018-06-21	12.04	12.04	12.04	12.04	0
679	2018-06-22	12.51	12.51	12.51	12.51	200
680	2018-06-25	12.51	12.51	12.51	12.51	0
681	2018-06-26	12.51	12.51	12.51	12.51	0
682	2018-06-27	12.51	12.51	12.51	12.51	6
683	2018-06-28	12.04	12.04	12.04	12.04	900
684	2018-06-29	12.04	12.04	12.04	12.04	0
685	2018-07-02	12.04	12.04	12.04	12.04	0
686	2018-07-03	12.04	12.04	12.04	12.04	700
687	2018-07-04	12.04	12.04	12.04	12.04	0
688	2018-07-05	12.04	12.04	12.04	12.04	0
689	2018-07-06	12.04	12.04	12.04	12.04	0
690	2018-07-09	12.04	12.04	12.04	12.04	0
691	2018-07-10	12.04	12.04	12.04	12.04	0
692	2018-07-11	12.04	12.04	12.04	12.04	0
693	2018-07-12	12.04	12.04	12.04	12.04	0
694	2018-07-13	12.04	12.04	12.04	12.04	0
695	2018-07-16	12.04	12.04	12.04	12.04	0
696	2018-07-17	12.04	12.04	12.04	12.04	0
697	2018-07-18	12.04	12.04	12.04	12.04	0
698	2018-07-19	12.04	12.04	12.04	12.04	0
699	2018-07-20	12.04	12.04	12.04	12.04	0
700	2018-07-23	12.04	12.04	12.04	12.04	0
701	2018-07-24	12.04	12.04	12.04	12.04	0
702	2018-07-25	12.04	12.04	12.04	12.04	0
703	2018-07-26	12.04	12.04	12.04	12.04	0
704	2018-07-27	12.04	12.04	12.04	12.04	0
705	2018-07-30	12.04	12.04	12.04	12.04	0
706	2018-07-31	12.04	12.04	12.04	12.04	0
707	2018-08-01	12.04	12.04	12.04	12.04	0
708	2018-08-02	12.04	12.04	12.04	12.04	0
709	2018-08-03	12.04	12.04	12.04	12.04	0
710	2018-08-06	12.04	12.04	12.04	12.04	0
711	2018-08-07	12.04	12.04	12.04	12.04	0
712	2018-08-08	12.04	12.04	12.04	12.04	0
713	2018-08-09	13.84	13.84	13.84	13.84	300
714	2018-08-10	13.84	13.84	13.84	13.84	0
715	2018-08-13	13.84	13.84	13.84	13.84	0
716	2018-08-14	13.84	13.84	13.84	13.84	0
717	2018-08-15	13.84	13.84	13.84	13.84	0
718	2018-08-16	13.84	13.84	13.84	13.84	0
719	2018-08-17	13.84	13.84	13.84	13.84	0
720	2018-08-20	13.84	13.84	13.84	13.84	0
721	2018-08-21	13.84	13.84	13.84	13.84	0
722	2018-08-22	13.84	13.84	13.84	13.84	0
723	2018-08-23	13.84	13.84	13.84	13.84	0
724	2018-08-24	13.84	13.84	13.84	13.84	0
725	2018-08-27	13.84	13.84	13.84	13.84	0
726	2018-08-28	13.84	13.84	13.84	13.84	0
727	2018-08-29	13.84	13.84	13.84	13.84	0
728	2018-08-30	13.84	13.84	13.84	13.84	0
729	2018-08-31	13.84	13.84	13.84	13.84	0
730	2018-09-04	13.84	13.84	13.7	13.7	5848
731	2018-09-05	13.74	13.74	13.74	13.74	0
732	2018-09-06	13.74	13.74	13.74	13.74	0
733	2018-09-07	13.74	13.74	13.74	13.74	0
734	2018-09-10	13.74	13.74	13.74	13.74	400
735	2018-09-11	13.74	13.74	13.74	13.74	0
736	2018-09-12	13.74	13.74	13.74	13.74	0
737	2018-09-13	13.74	13.74	13.74	13.74	0
738	2018-09-14	13.74	13.74	13.74	13.74	1300
739	2018-09-17	13.74	13.74	13.74	13.74	0
740	2018-09-18	13.74	13.74	13.74	13.74	0
741	2018-09-19	13.74	13.74	13.74	13.74	0
742	2018-09-20	13.74	13.74	13.74	13.74	0
743	2018-09-21	13.51	13.51	13.51	13.51	1000
744	2018-09-24	13.51	13.51	13.51	13.51	0
745	2018-09-25	13.51	13.51	13.51	13.51	0
746	2018-09-26	13.51	13.51	13.51	13.51	0
747	2018-09-27	13.51	13.51	13.51	13.51	0
748	2018-09-28	13.51	13.51	13.51	13.51	0
749	2018-10-01	13.51	13.51	13.51	13.51	0
750	2018-10-02	13.51	13.51	13.51	13.51	0
751	2018-10-03	13.51	13.51	13.51	13.51	0
752	2018-10-04	13.51	13.51	13.51	13.51	0
753	2018-10-05	13.51	13.51	13.51	13.51	0
754	2018-10-08	13.51	13.51	13.51	13.51	0
755	2018-10-09	11.52	11.52	11.52	11.52	1300
756	2018-10-10	11.52	11.52	11.52	11.52	0
757	2018-10-11	11.52	11.52	11.52	11.52	0
758	2018-10-12	10.39	10.39	10.39	10.39	8000
759	2018-10-15	10.39	10.39	10.39	10.39	0
760	2018-10-16	10.39	10.39	10.39	10.39	0
761	2018-10-17	10.39	10.39	10.39	10.39	0
762	2018-10-18	10.39	10.39	10.39	10.39	0
763	2018-10-19	10.39	10.39	10.39	10.39	0
764	2018-10-22	10.39	10.39	10.39	10.39	0
765	2018-10-23	10.39	10.39	10.39	10.39	0
766	2018-10-24	10.39	10.39	10.39	10.39	0
767	2018-10-25	10.39	10.39	10.39	10.39	0
768	2018-10-26	10.39	10.39	10.39	10.39	0
769	2018-10-29	10.39	10.39	10.39	10.39	0
770	2018-10-30	10.39	10.39	10.39	10.39	0
771	2018-10-31	10.39	10.39	10.39	10.39	0
772	2018-11-01	10.39	10.39	10.39	10.39	0
773	2018-11-02	10.39	10.39	10.39	10.39	0
774	2018-11-05	10.39	10.39	10.39	10.39	0
775	2018-11-06	10.39	10.39	10.39	10.39	1200
776	2018-11-07	10.39	10.39	10.39	10.39	0
777	2018-11-08	10.39	10.39	10.39	10.39	0
778	2018-11-09	10.39	10.39	10.39	10.39	0
779	2018-11-12	10.39	10.39	10.39	10.39	0
780	2018-11-13	10.39	10.39	10.39	10.39	0
781	2018-11-14	10.39	10.39	10.39	10.39	0
782	2018-11-15	10.39	10.39	10.39	10.39	0
783	2018-11-16	10.39	10.39	10.39	10.39	0
784	2018-11-19	10.39	10.39	10.39	10.39	0
785	2018-11-20	10.39	10.39	10.39	10.39	0
786	2018-11-21	10.39	10.39	10.39	10.39	0
787	2018-11-22	10.39	10.39	10.39	10.39	0
788	2018-11-23	10.39	10.39	10.39	10.39	0
789	2018-11-26	10.39	10.39	10.39	10.39	0
790	2018-11-27	10.39	10.39	10.39	10.39	0
791	2018-11-28	10.39	10.39	10.39	10.39	0
792	2018-11-29	10.39	10.39	10.39	10.39	0
793	2018-11-30	10.44	10.44	10.44	10.44	1000
794	2018-12-03	10.44	10.44	10.44	10.44	0
795	2018-12-04	10.44	10.44	10.44	10.44	0
796	2018-12-05	10.44	10.44	10.44	10.44	0
797	2018-12-06	10.48	10.48	10.48	10.48	2000
798	2018-12-07	10.48	10.48	10.48	10.48	0
799	2018-12-10	10.48	10.48	10.48	10.48	0
800	2018-12-11	10.63	10.63	10.63	10.63	100
801	2018-12-12	10.63	10.63	10.63	10.63	0
802	2018-12-13	10.63	10.63	10.63	10.63	0
803	2018-12-14	10.63	10.63	10.63	10.63	0
804	2018-12-17	10.63	10.63	10.63	10.63	0
805	2018-12-18	10.63	10.63	10.63	10.63	0
806	2018-12-19	10.63	10.63	10.63	10.63	0
807	2018-12-20	10.39	10.63	10.39	10.63	2100
808	2018-12-21	10.63	10.63	10.63	10.63	0
809	2018-12-24	10.63	10.63	10.63	10.63	0
810	2018-12-25	10.63	10.63	10.63	10.63	0
811	2018-12-26	9.45	9.45	9.45	9.45	200
812	2018-12-27	9.45	9.45	9.45	9.45	200
813	2018-12-28	9.45	9.45	9.45	9.45	0
814	2019-01-02	9.45	10.86	9.45	10.86	8200
815	2019-01-03	10.77	10.86	10.86	10.86	0
816	2019-01-04	10.77	10.86	10.86	10.86	0
817	2019-01-07	10.77	10.86	10.86	10.86	0
818	2019-01-08	10.77	10.77	10.77	10.77	200
819	2019-01-09	10.77	10.77	10.77	10.77	0
820	2019-01-10	10.77	10.77	10.77	10.77	0
821	2019-01-11	10.77	10.77	10.77	10.77	0
822	2019-01-14	10.77	10.77	10.77	10.77	0
823	2019-01-15	10.77	10.77	10.77	10.77	0
824	2019-01-16	10.77	10.77	10.77	10.77	0
825	2019-01-17	10.77	10.77	10.77	10.77	0
826	2019-01-18	10.77	10.77	10.77	10.77	0
827	2019-01-21	10.77	10.77	10.77	10.77	0
828	2019-01-22	11.81	11.81	11.81	11.81	2441
829	2019-01-23	11.81	11.81	11.81	11.81	0
830	2019-01-24	11.81	11.81	11.81	11.81	0
831	2019-01-25	11.81	11.81	11.81	11.81	0
832	2019-01-28	11.81	11.81	11.81	11.81	0
833	2019-01-29	11.81	11.81	11.81	11.81	0
834	2019-01-30	11.81	11.81	11.81	11.81	0
835	2019-01-31	11.81	11.81	11.81	11.81	0
836	2019-02-01	11.81	11.81	11.81	11.81	10
837	2019-02-11	11.81	11.81	11.81	11.81	0
838	2019-02-12	11.81	11.81	11.81	11.81	0
839	2019-02-13	11.81	11.81	11.81	11.81	0
840	2019-02-14	11.81	11.81	11.81	11.81	0
841	2019-02-15	11.81	11.81	11.81	11.81	0
842	2019-02-18	11.81	11.81	11.81	11.81	0
843	2019-02-19	11.81	11.81	11.81	11.81	0
844	2019-02-20	11.81	11.81	11.81	11.81	0
845	2019-02-21	11.81	11.81	11.81	11.81	0
846	2019-02-22	11.81	11.81	11.81	11.81	0
847	2019-02-25	11.81	11.81	11.81	11.81	0
848	2019-02-26	11.81	11.81	11.81	11.81	4
849	2019-02-27	11.81	11.81	11.81	11.81	0
850	2019-02-28	11.81	11.81	11.81	11.81	0
851	2019-03-01	11.81	11.81	11.81	11.81	0
852	2019-03-04	11.81	11.81	11.81	11.81	0
853	2019-03-05	11.81	11.81	11.81	11.81	0
854	2019-03-06	11.81	11.81	11.81	11.81	0
855	2019-03-07	11.81	11.81	11.81	11.81	0
856	2019-03-08	11.81	11.81	11.81	11.81	0
857	2019-03-11	11.81	11.81	11.81	11.81	0
858	2019-03-12	11.81	11.81	11.81	11.81	0
859	2019-03-13	11.81	11.81	11.81	11.81	0
860	2019-03-14	11.81	11.81	11.81	11.81	0
861	2019-03-15	11.81	11.81	11.81	11.81	90
862	2019-03-18	11.81	11.81	11.81	11.81	0
863	2019-03-19	11.81	11.81	11.81	11.81	0
864	2019-03-20	13.55	13.55	13.55	13.55	294
865	2019-03-21	13.55	13.55	13.55	13.55	10
866	2019-03-22	13.55	13.55	13.55	13.55	0
867	2019-03-25	13.55	13.55	13.55	13.55	0
868	2019-03-26	14.17	14.17	14.17	14.17	300
869	2019-03-27	15.11	15.11	15.11	15.11	200
870	2019-03-28	15.11	15.11	15.11	15.11	0
871	2019-03-29	15.11	15.11	15.11	15.11	0
872	2019-04-01	15.11	15.11	15.11	15.11	0
873	2019-04-02	15.11	15.11	15.11	15.11	0
874	2019-04-03	15.11	15.11	15.11	15.11	0
875	2019-04-04	15.11	15.11	15.11	15.11	0
876	2019-04-05	15.11	15.11	15.11	15.11	0
877	2019-04-08	15.11	15.11	15.11	15.11	0
878	2019-04-09	15.11	15.11	15.11	15.11	0
879	2019-04-10	15.11	15.11	15.11	15.11	0
880	2019-04-11	12.85	12.85	12.85	12.85	100
881	2019-04-12	12.85	12.85	12.85	12.85	10
882	2019-04-16	12.85	12.85	12.85	12.85	0
883	2019-04-17	12.85	12.85	12.85	12.85	4
884	2019-04-18	12.85	12.85	12.85	12.85	0
885	2019-04-19	12.85	12.85	12.85	12.85	0
886	2019-04-22	10.96	10.96	10.96	10.96	100
887	2019-04-23	10.96	10.96	10.96	10.96	0
888	2019-04-24	10.96	10.96	10.96	10.96	0
889	2019-04-25	9.54	9.54	9.54	9.54	100
890	2019-04-26	10.96	10.96	10.96	10.96	148
891	2019-05-02	10.96	10.96	10.96	10.96	0
892	2019-05-03	9.59	9.59	9.59	9.59	100
893	2019-05-06	11.0	11.0	11.0	11.0	100
894	2019-05-07	9.49	9.49	9.49	9.49	100
895	2019-05-08	10.91	10.91	10.91	10.91	100
896	2019-05-09	10.91	10.91	10.91	10.91	300
897	2019-05-10	10.91	10.91	10.91	10.91	300
898	2019-05-13	10.91	10.91	10.91	10.91	0
899	2019-05-14	10.91	10.91	10.91	10.91	0
900	2019-05-15	12.51	12.51	12.51	12.51	100
901	2019-05-16	14.31	14.31	14.31	14.31	100
902	2019-05-17	14.31	14.31	14.31	14.31	0
903	2019-05-20	12.18	14.12	12.18	14.12	500
904	2019-05-21	11.71	11.71	11.71	11.71	800
905	2019-05-22	11.71	11.71	11.71	11.71	0
906	2019-05-23	11.71	11.71	11.71	11.71	0
907	2019-05-24	13.18	13.18	13.18	13.18	100
908	2019-05-27	13.18	13.18	13.18	13.18	0
909	2019-05-28	13.18	13.18	13.18	13.18	0
910	2019-05-29	13.18	13.18	13.18	13.18	0
911	2019-05-30	13.18	13.18	13.18	13.18	10
912	2019-05-31	13.18	13.18	13.18	13.18	0
913	2019-06-03	13.18	13.18	13.18	13.18	0
914	2019-06-04	13.18	13.18	13.18	13.18	0
915	2019-06-05	13.18	13.18	13.18	13.18	0
916	2019-06-06	13.18	13.18	13.18	13.18	0
917	2019-06-07	13.22	14.64	11.81	11.81	60810
918	2019-06-10	10.11	10.11	10.11	10.11	100
919	2019-06-11	10.11	10.11	10.11	10.11	0
920	2019-06-12	10.11	10.11	10.11	10.11	10
921	2019-06-13	10.11	10.11	10.11	10.11	0
922	2019-06-14	9.59	9.59	9.59	9.59	100
923	2019-06-17	11.0	11.0	11.0	11.0	100
924	2019-06-18	11.0	11.0	11.0	11.0	0
925	2019-06-19	11.0	11.0	11.0	11.0	0
926	2019-06-20	11.0	11.0	11.0	11.0	0
927	2019-06-21	9.49	9.49	9.49	9.49	100
928	2019-06-24	9.49	9.49	9.49	9.49	0
929	2019-06-25	9.49	9.49	9.49	9.49	0
930	2019-06-26	9.49	9.49	9.49	9.49	0
931	2019-06-27	9.49	9.49	9.49	9.49	0
932	2019-06-28	9.49	9.49	9.49	9.49	0
933	2019-07-01	9.49	9.49	9.49	9.49	0
934	2019-07-02	10.91	10.91	10.91	10.91	100
935	2019-07-03	10.91	10.91	10.91	10.91	0
936	2019-07-04	9.73	9.73	9.73	10.91	100
937	2019-07-05	9.78	9.78	9.73	9.73	900
938	2019-07-08	11.24	11.24	11.24	11.24	100
939	2019-07-09	11.24	11.81	11.24	11.81	1838
940	2019-07-10	11.76	11.76	11.66	11.66	3100
941	2019-07-11	11.66	11.66	11.66	11.66	0
942	2019-07-12	11.65	14.32	14.32	14.32	0
943	2019-07-15	11.65	14.32	14.32	14.32	0
944	2019-07-16	13.39	13.39	13.39	13.39	100
945	2019-07-17	13.39	13.39	13.39	13.39	0
946	2019-07-18	11.71	11.71	11.65	11.65	300
947	2019-07-19	11.65	11.65	11.65	11.65	300
948	2019-07-22	13.39	13.39	13.39	13.39	100
949	2019-07-23	11.65	11.65	11.65	11.65	200
950	2019-07-24	11.65	11.65	11.65	11.65	0
951	2019-07-25	11.88	11.88	11.65	11.65	300
952	2019-07-26	11.82	11.65	11.65	11.65	0
953	2019-07-29	13.27	13.27	13.27	13.27	100
954	2019-07-30	13.27	13.27	13.27	13.27	50
955	2019-07-31	12.69	12.75	12.69	12.75	300
956	2019-08-01	12.69	12.75	12.75	12.75	0
957	2019-08-02	12.75	12.75	12.75	12.75	150
958	2019-08-05	12.75	12.75	12.17	12.17	700
959	2019-08-06	12.35	12.17	12.17	12.17	0
960	2019-08-07	12.35	12.17	12.17	12.17	0
961	2019-08-08	12.75	12.75	12.75	12.75	100
962	2019-08-09	12.75	12.75	12.75	12.75	0
963	2019-08-12	12.75	12.75	12.75	12.75	0
964	2019-08-13	14.66	14.66	14.66	14.66	100
965	2019-08-14	14.66	14.66	14.66	14.66	0
966	2019-08-15	14.66	14.66	14.66	14.66	0
967	2019-08-16	14.66	14.66	14.66	14.66	0
968	2019-08-19	14.66	14.66	14.66	14.66	0
969	2019-08-20	14.66	14.66	14.66	14.66	0
970	2019-08-21	14.66	14.66	14.66	14.66	0
971	2019-08-22	14.66	14.66	14.66	14.66	0
972	2019-08-23	14.66	14.66	14.66	14.66	0
973	2019-08-26	14.66	14.66	14.66	14.66	38
974	2019-08-27	14.66	14.66	14.66	14.66	0
975	2019-08-28	14.66	14.66	14.66	14.66	0
976	2019-08-29	14.66	14.66	14.66	14.66	0
977	2019-08-30	14.66	14.66	14.66	14.66	0
978	2019-09-03	14.66	14.66	14.66	14.66	0
979	2019-09-04	14.66	14.66	14.66	14.66	0
980	2019-09-05	14.66	14.66	14.66	14.66	0
981	2019-09-06	14.66	14.66	14.66	14.66	0
982	2019-09-09	14.66	14.66	14.66	14.66	0
983	2019-09-10	14.66	14.66	14.66	14.66	0
984	2019-09-11	14.66	14.66	14.66	14.66	0
985	2019-09-12	14.66	14.66	14.66	14.66	0
986	2019-09-13	16.81	16.81	16.81	16.81	100
987	2019-09-16	16.81	16.81	16.81	16.81	0
988	2019-09-17	16.81	16.81	16.81	16.81	0
989	2019-09-18	16.81	16.81	16.81	16.81	0
990	2019-09-19	16.81	16.81	16.81	16.81	0
991	2019-09-20	16.81	16.81	16.81	16.81	0
992	2019-09-23	16.81	16.81	16.81	16.81	0
993	2019-09-24	16.81	16.81	16.81	16.81	0
994	2019-09-25	16.81	16.81	16.81	16.81	0
995	2019-09-26	16.81	16.81	16.81	16.81	0
996	2019-09-27	14.32	14.32	14.32	14.32	100
997	2019-09-30	14.32	14.32	14.32	14.32	0
998	2019-10-01	14.32	14.32	14.32	14.32	0
999	2019-10-02	14.32	14.32	14.32	14.32	0
1000	2019-10-03	14.32	14.32	14.32	14.32	0
1001	2019-10-04	14.32	14.32	14.32	14.32	0
1002	2019-10-07	14.32	14.32	14.32	14.32	0
1003	2019-10-08	14.32	14.32	14.32	14.32	0
1004	2019-10-09	14.32	14.32	14.32	14.32	0
1005	2019-10-10	14.32	14.32	14.32	14.32	0
1006	2019-10-11	14.32	14.32	14.32	14.32	0
1007	2019-10-14	14.32	14.32	14.32	14.32	0
1008	2019-10-15	12.17	12.17	12.17	12.17	100
1009	2019-10-16	12.17	12.17	12.17	12.17	0
1010	2019-10-17	12.17	12.17	12.17	12.17	1000
1011	2019-10-18	12.17	12.17	12.17	12.17	0
1012	2019-10-21	12.17	12.17	12.17	12.17	0
1013	2019-10-22	11.07	13.33	11.01	13.33	1700
1014	2019-10-23	11.3	11.3	11.3	11.3	300
1015	2019-10-24	11.3	12.75	11.3	12.75	700
1016	2019-10-25	11.3	11.3	11.3	11.3	100
1017	2019-10-28	11.3	11.3	11.3	11.3	400
1018	2019-10-29	12.69	12.69	12.69	12.69	100
1019	2019-10-30	12.69	12.69	12.69	12.69	0
1020	2019-10-31	12.46	12.46	12.46	12.69	200
1021	2019-11-01	12.46	12.46	12.46	12.46	0
1022	2019-11-04	11.59	11.59	11.59	11.59	2000
1023	2019-11-05	11.01	11.01	11.01	11.01	1200
1024	2019-11-06	10.72	10.72	10.72	10.72	1800
1025	2019-11-07	10.72	10.72	10.72	10.72	1700
1026	2019-11-08	10.72	10.72	10.72	10.72	3800
1027	2019-11-11	9.91	10.72	9.91	10.66	2579
1028	2019-11-12	10.43	10.43	8.98	8.98	8500
1029	2019-11-13	8.98	10.72	8.93	10.72	5300
1030	2019-11-14	10.37	10.72	10.72	10.72	0
1031	2019-11-15	10.43	10.43	10.37	10.37	700
1032	2019-11-18	10.43	10.37	10.37	10.37	0
1033	2019-11-19	10.43	10.43	10.43	10.43	1000
1034	2019-11-20	10.37	10.37	10.37	10.37	1000
1035	2019-11-21	10.43	10.43	10.43	10.43	700
1036	2019-11-22	10.43	10.43	10.43	10.43	4200
1037	2019-11-25	10.43	10.43	10.43	10.43	0
1038	2019-11-26	10.37	10.43	10.37	10.43	63000
1039	2019-11-27	10.43	10.43	10.43	10.43	0
1040	2019-11-28	10.43	10.43	10.43	10.43	1000
1041	2019-11-29	10.43	10.43	10.43	10.43	3100
1042	2019-12-02	10.43	10.43	10.43	10.43	1000
1043	2019-12-03	10.43	10.43	10.43	10.43	0
1044	2019-12-04	10.43	10.43	10.43	10.43	0
1045	2019-12-05	10.43	10.43	10.43	10.43	0
1046	2019-12-06	10.43	10.43	10.43	10.43	0
1047	2019-12-09	10.43	10.43	10.43	10.43	0
1048	2019-12-10	9.16	9.16	9.16	9.16	100
1049	2019-12-11	9.85	9.85	9.85	9.85	100
1050	2019-12-12	9.85	9.85	9.85	9.85	0
1051	2019-12-13	9.85	9.85	9.85	9.85	300
1052	2019-12-16	10.43	10.43	10.43	10.43	100
1053	2019-12-17	10.43	10.43	10.43	10.43	0
1054	2019-12-18	10.43	10.43	10.43	10.43	0
1055	2019-12-19	10.43	10.43	10.43	10.43	0
1056	2019-12-20	10.43	10.43	10.43	10.43	0
1057	2019-12-23	10.43	10.43	10.43	10.43	0
1058	2019-12-24	10.43	10.43	10.43	10.43	0
1059	2019-12-25	10.43	10.43	10.43	10.43	0
1060	2019-12-26	9.85	9.85	9.85	9.85	1500
1061	2019-12-27	9.85	9.85	9.85	9.85	0
1062	2019-12-30	9.27	9.27	9.27	9.27	18500
1063	2019-12-31	9.27	9.27	9.27	9.27	0
1064	2020-01-02	9.27	9.27	9.27	9.27	0
1065	2020-01-03	9.27	9.27	9.27	9.27	0
1066	2020-01-06	9.27	9.27	9.27	9.27	0
1067	2020-01-07	9.27	9.27	9.27	9.27	0
1068	2020-01-08	9.85	10.37	9.85	10.37	200
1069	2020-01-09	10.14	10.37	10.37	10.37	0
1070	2020-01-10	10.14	10.37	10.37	10.37	0
1071	2020-01-13	10.14	10.37	10.37	10.37	0
1072	2020-01-14	10.14	10.37	10.37	10.37	0
1073	2020-01-15	10.14	10.14	10.14	10.14	1000
1074	2020-01-16	10.14	10.14	10.14	10.14	0
1075	2020-01-17	8.75	11.59	8.75	11.59	600
1076	2020-01-20	11.13	11.59	11.59	11.59	0
1077	2020-01-21	11.13	11.59	11.59	11.59	0
1078	2020-01-22	11.13	11.59	11.59	11.59	0
1079	2020-01-30	11.13	11.13	11.13	11.13	100
1080	2020-01-31	11.13	11.13	11.13	11.13	100
1081	2020-02-03	11.13	11.13	11.13	11.13	600
1082	2020-02-04	11.13	11.13	11.13	11.13	0
1083	2020-02-05	11.13	11.13	11.13	11.13	0
1084	2020-02-06	11.13	11.13	11.13	11.13	0
1085	2020-02-07	11.13	11.13	11.13	11.13	0
1086	2020-02-10	11.13	11.13	11.13	11.13	200
1087	2020-02-11	11.13	11.13	11.13	11.13	0
1088	2020-02-12	11.13	11.13	11.13	11.13	0
1089	2020-02-13	11.13	11.13	11.13	11.13	0
1090	2020-02-14	11.13	11.13	11.13	11.13	0
1091	2020-02-17	10.43	10.43	10.43	10.43	500
1092	2020-02-18	10.43	11.07	10.43	11.07	1600
1093	2020-02-19	10.66	11.07	11.07	11.07	0
1094	2020-02-20	10.66	11.07	11.07	11.07	0
1095	2020-02-21	9.85	9.85	9.85	9.85	1000
1096	2020-02-24	9.85	9.85	9.85	9.85	0
1097	2020-02-25	9.85	9.85	9.85	9.85	0
1098	2020-02-26	9.85	9.85	9.85	9.85	0
1099	2020-02-27	8.69	8.69	8.69	8.69	400
1100	2020-02-28	9.97	9.97	9.97	9.97	100
1101	2020-03-02	9.97	9.97	9.97	9.97	0
1102	2020-03-03	9.97	9.97	9.97	9.97	38
1103	2020-03-04	9.97	9.97	9.97	9.97	0
1104	2020-03-05	9.97	9.97	9.97	9.97	200
1105	2020-03-06	9.97	9.97	9.97	9.97	0
1106	2020-03-09	9.97	9.97	9.97	9.97	0
1107	2020-03-10	9.97	9.97	9.97	9.97	0
1108	2020-03-11	9.97	9.97	9.97	9.97	0
1109	2020-03-12	9.97	9.97	9.97	9.97	0
1110	2020-03-13	11.42	11.42	11.42	11.42	100
1111	2020-03-16	11.42	11.42	11.42	11.42	0
1112	2020-03-17	11.42	11.42	11.42	11.42	0
1113	2020-03-18	11.42	11.42	11.42	11.42	0
1114	2020-03-19	11.42	11.42	11.42	11.42	10
1115	2020-03-20	11.42	11.42	11.42	11.42	0
1116	2020-03-23	11.42	11.42	11.42	11.42	0
1117	2020-03-24	11.42	11.42	11.42	11.42	0
1118	2020-03-25	11.42	11.42	11.42	11.42	0
1119	2020-03-26	11.42	11.42	11.42	11.42	0
1120	2020-03-27	11.42	11.42	11.42	11.42	0
1121	2020-03-30	11.42	11.42	11.42	11.42	0
1122	2020-03-31	11.42	11.42	11.42	11.42	0
1123	2020-04-01	11.42	11.42	11.42	11.42	0
1124	2020-04-03	11.42	11.42	11.42	11.42	0
1125	2020-04-06	11.42	11.42	11.42	11.42	0
1126	2020-04-07	11.42	11.42	11.42	11.42	0
1127	2020-04-08	11.42	11.42	11.42	11.42	0
1128	2020-04-09	11.42	11.42	11.42	11.42	0
1129	2020-04-10	11.42	11.42	11.42	11.42	0
1130	2020-04-13	11.42	11.42	11.42	11.42	0
1131	2020-04-14	11.42	11.42	11.42	11.42	0
1132	2020-04-15	11.42	11.42	11.42	11.42	0
1133	2020-04-16	9.74	9.74	9.74	9.74	3430
1134	2020-04-17	11.19	11.19	11.19	11.19	114
1135	2020-04-20	9.85	9.85	9.85	9.85	1600
1136	2020-04-21	10.43	10.43	10.43	10.43	100
1137	2020-04-22	9.85	9.85	9.85	9.85	602
1138	2020-04-23	11.01	11.01	11.01	11.01	100
1139	2020-04-24	11.01	11.01	11.01	11.01	0
1140	2020-04-27	9.85	9.85	9.85	9.85	100
1141	2020-04-28	9.85	10.14	9.85	10.14	700
1142	2020-04-29	10.66	10.66	10.66	10.66	100
1143	2020-05-04	10.66	10.66	10.66	10.66	0
1144	2020-05-05	10.66	10.66	10.66	10.66	0
1145	2020-05-06	10.66	10.66	10.66	10.66	0
1146	2020-05-07	9.85	9.85	9.85	9.85	2953
1147	2020-05-08	9.85	9.85	9.85	9.85	0
1148	2020-05-11	9.56	11.01	9.56	11.01	210
1149	2020-05-12	10.14	10.14	9.85	9.85	2410
1150	2020-05-13	9.85	9.85	9.85	9.85	800
1151	2020-05-14	9.85	9.85	9.85	9.85	20
1152	2020-05-15	9.85	9.85	9.85	9.85	1200
1153	2020-05-18	10.43	10.43	10.43	10.43	110
1154	2020-05-19	10.37	10.37	10.37	10.37	31591
1155	2020-05-20	10.37	10.37	10.37	10.37	0
1156	2020-05-21	10.37	10.37	10.37	10.37	248
1157	2020-05-22	10.37	10.37	10.37	10.37	30
1158	2020-05-25	10.37	10.37	10.37	10.37	0
1159	2020-05-26	10.37	10.37	10.37	10.37	17
1160	2020-05-27	10.37	10.37	10.37	10.37	0
1161	2020-05-28	10.37	10.37	10.37	10.37	0
1162	2020-05-29	10.37	10.37	10.37	10.37	0
1163	2020-06-01	10.37	10.37	10.37	10.37	0
1164	2020-06-02	9.27	9.85	9.27	9.85	3230
1165	2020-06-03	9.51	9.85	9.85	9.85	0
1166	2020-06-04	9.27	9.85	8.4	9.85	803
1167	2020-06-05	9.04	9.85	9.85	9.85	0
1168	2020-06-08	9.85	9.97	9.62	9.97	430
1169	2020-06-09	9.85	9.85	9.85	9.85	500
1170	2020-06-10	9.56	9.85	9.56	9.85	1500
1171	2020-06-11	9.68	9.85	9.85	9.85	0
1172	2020-06-12	9.85	9.85	9.85	9.85	300
1173	2020-06-15	9.85	9.85	9.56	9.56	700
1174	2020-06-16	9.8	9.8	9.8	9.56	3
1175	2020-06-17	9.8	9.56	9.56	9.56	0
1176	2020-06-18	9.8	9.56	9.56	9.56	0
1177	2020-06-19	9.8	9.56	9.56	9.56	0
1178	2020-06-22	9.27	9.91	9.27	9.91	1900
1179	2020-06-23	9.91	9.91	9.91	9.91	123
1180	2020-06-24	9.91	9.91	9.91	9.91	0
1181	2020-06-25	9.91	9.91	9.91	9.91	800
1182	2020-06-26	9.91	9.91	9.91	9.91	0
1183	2020-06-29	9.39	9.91	9.39	9.91	1200
1184	2020-06-30	9.51	9.91	9.91	9.91	0
1185	2020-07-01	9.56	9.56	9.56	9.56	200
1186	2020-07-02	9.56	9.56	9.56	9.56	0
1187	2020-07-03	9.74	9.74	9.74	9.74	1000
1188	2020-07-06	9.85	9.85	9.85	9.85	200
1189	2020-07-07	9.85	9.85	9.85	9.85	0
1190	2020-07-08	10.14	10.32	10.14	10.32	1510
1191	2020-07-09	10.14	10.14	10.14	10.14	400
1192	2020-07-10	9.27	9.27	9.27	9.27	300
1193	2020-07-13	9.85	9.85	9.85	9.85	1000
1194	2020-07-14	9.85	9.85	9.85	9.85	0
1195	2020-07-15	9.85	9.85	9.85	9.85	0
1196	2020-07-16	9.85	9.85	9.85	9.85	0
1197	2020-07-17	9.85	9.85	9.85	9.85	0
1198	2020-07-20	9.85	9.85	9.85	9.85	0
1199	2020-07-21	9.85	9.85	9.85	9.85	0
1200	2020-07-22	10.14	10.14	9.56	9.85	1100
1201	2020-07-23	9.27	9.68	9.27	9.68	1200
1202	2020-07-24	9.33	9.68	9.68	9.68	0
1203	2020-07-27	9.27	9.27	8.69	8.69	1500
1204	2020-07-28	8.87	8.69	8.69	8.69	0
1205	2020-07-29	8.87	8.69	8.69	8.69	0
1206	2020-07-30	8.87	8.69	8.69	8.69	0
1207	2020-07-31	8.87	9.51	8.87	9.51	1100
1208	2020-08-03	9.16	9.16	9.16	9.16	300
1209	2020-08-04	10.37	10.37	10.37	10.37	100
1210	2020-08-05	9.85	9.85	9.85	9.85	200
1211	2020-08-06	9.56	9.85	9.56	9.85	1400
1212	2020-08-07	9.85	9.85	9.85	9.85	300
1213	2020-08-10	10.43	10.43	10.43	10.43	100
1214	2020-08-11	9.85	10.43	9.85	10.43	200
1215	2020-08-12	10.32	10.32	10.32	10.32	100
1216	2020-08-13	10.43	10.43	10.43	10.43	100
1217	2020-08-14	10.2	10.26	10.2	10.26	700
1218	2020-08-17	10.43	10.43	10.43	10.43	200
1219	2020-08-18	10.32	10.43	10.32	10.43	3100
1220	2020-08-19	10.72	10.72	10.43	10.43	2000
1221	2020-08-20	10.72	10.72	10.72	10.72	400
1222	2020-08-21	10.43	10.43	10.43	10.43	500
1223	2020-08-24	10.43	10.43	10.43	10.43	30
1224	2020-08-25	10.43	10.43	10.43	10.43	1110
1225	2020-08-26	10.43	10.43	10.32	10.32	1410
1226	2020-08-27	10.32	10.32	10.32	10.32	3
1227	2020-08-28	11.67	11.67	10.81	10.93	23700
1228	2020-08-31	11.18	11.18	10.81	10.81	2940
1229	2020-09-01	10.87	10.87	10.44	10.44	1100
1230	2020-09-03	10.44	10.56	10.44	10.56	1100
1231	2020-09-04	10.56	10.56	10.56	10.56	1000
1232	2020-09-07	10.75	10.75	10.75	10.75	100
1233	2020-09-08	10.75	10.75	10.75	10.75	1000
1234	2020-09-09	10.75	10.75	10.75	10.75	700
1235	2020-09-10	10.75	10.75	10.56	10.56	3000
1236	2020-09-11	10.56	10.56	10.13	10.13	3100
1237	2020-09-14	10.5	10.13	10.13	10.13	0
1238	2020-09-15	10.44	10.44	9.33	9.33	600
1239	2020-09-16	9.76	9.33	9.33	9.33	0
1240	2020-09-17	9.83	9.83	9.76	9.76	1600
1241	2020-09-18	9.76	9.83	9.33	9.33	2800
1242	2020-09-21	9.52	9.52	9.52	9.52	5000
1243	2020-09-22	9.52	9.52	9.4	9.4	8600
1244	2020-09-23	9.76	9.76	9.4	9.4	1000
1245	2020-09-24	9.58	9.4	9.4	9.4	0
1246	2020-09-25	9.58	9.4	9.4	9.4	0
1247	2020-09-28	9.58	9.58	9.58	9.58	200
1248	2020-09-29	9.58	9.58	9.52	9.52	7000
1249	2020-09-30	9.58	9.58	9.58	9.58	1000
1250	2020-10-01	9.21	9.33	9.21	9.21	10054
1251	2020-10-02	9.21	9.21	9.21	9.21	2100
1252	2020-10-05	9.21	9.21	9.21	9.21	0
1253	2020-10-06	9.21	9.21	9.03	9.03	7100
1254	2020-10-07	9.15	9.15	9.09	9.09	700
1255	2020-10-08	9.09	9.21	8.97	9.21	700
1256	2020-10-09	9.15	9.33	9.15	9.33	2600
1257	2020-10-12	9.21	9.33	9.33	9.33	0
1258	2020-10-13	9.21	9.33	9.33	9.33	0
1259	2020-10-14	9.21	9.33	9.33	9.33	0
1260	2020-10-15	9.33	9.58	9.21	9.21	21500
1261	2020-10-16	9.64	9.64	8.9	9.09	9800
1262	2020-10-19	9.21	9.21	9.21	9.21	400
1263	2020-10-20	9.21	9.21	9.09	9.21	7000
1264	2020-10-21	9.21	9.21	9.15	9.15	3400
1265	2020-10-22	9.03	9.03	9.03	9.03	700
1266	2020-10-23	8.9	9.09	8.9	9.09	2000
1267	2020-10-26	8.84	8.84	8.66	8.66	1000
1268	2020-10-27	8.84	8.84	8.84	8.84	1000
1269	2020-10-28	8.84	8.84	8.84	8.84	1400
1270	2020-10-29	8.84	8.97	8.84	8.84	2800
1271	2020-10-30	9.52	9.52	9.21	9.21	300
1272	2020-11-02	9.09	9.09	9.09	9.09	300
1273	2020-11-03	8.97	9.03	8.97	9.03	2800
1274	2020-11-04	9.03	9.03	8.9	8.9	2100
1275	2020-11-05	8.97	8.97	8.84	8.84	1100
1276	2020-11-06	8.84	8.84	8.84	8.84	1700
1277	2020-11-09	9.09	9.21	9.09	9.21	1500
1278	2020-11-10	9.15	9.15	9.15	9.15	100
1279	2020-11-11	9.15	9.15	9.03	9.03	200
1280	2020-11-12	9.03	9.03	9.03	9.03	100
1281	2020-11-13	9.03	9.03	9.03	9.03	200
1282	2020-11-16	9.03	9.03	8.6	8.84	5700
1283	2020-11-17	8.72	8.78	8.72	8.72	3800
1284	2020-11-18	8.97	9.03	8.97	9.03	1800
1285	2020-11-19	9.03	9.03	8.9	8.9	4300
1286	2020-11-20	8.9	9.03	8.9	9.03	2400
1287	2020-11-23	8.9	9.03	8.9	8.9	1000
1288	2020-11-24	8.9	9.03	8.9	8.9	400
1289	2020-11-25	8.9	8.9	8.66	8.72	10700
1290	2020-11-26	8.72	8.72	8.72	8.72	1000
1291	2020-11-27	8.66	8.9	8.66	8.66	7800
1292	2020-11-30	8.84	8.84	8.66	8.72	9600
1293	2020-12-01	8.78	8.84	8.72	8.84	2400
1294	2020-12-02	8.9	9.03	8.66	8.9	19600
1295	2020-12-03	8.84	9.58	8.78	8.97	14100
1296	2020-12-04	8.9	8.9	8.78	8.9	4400
1297	2020-12-07	8.84	8.97	8.84	8.97	1700
1298	2020-12-08	8.9	8.97	8.84	8.97	7100
1299	2020-12-09	8.9	9.09	8.9	8.97	16400
1300	2020-12-10	8.97	9.03	8.9	8.97	8200
1301	2020-12-11	8.97	8.97	8.9	8.97	4230
1302	2020-12-14	8.97	9.03	8.84	8.84	15000
1303	2020-12-15	8.9	8.97	8.9	8.97	1011
1304	2020-12-16	8.97	9.03	8.9	9.03	4200
1305	2020-12-17	9.03	9.03	8.97	8.97	12600
1306	2020-12-18	8.97	8.97	8.84	8.84	5000
1307	2020-12-21	8.97	9.03	8.97	9.03	1300
1308	2020-12-22	8.9	8.97	8.9	8.97	7310
1309	2020-12-23	8.9	8.97	8.9	8.97	4100
1310	2020-12-24	8.97	10.07	8.97	9.7	44600
1311	2020-12-25	9.64	10.5	9.64	10.26	11955
1312	2020-12-28	10.19	10.19	9.89	10.07	7100
1313	2020-12-29	10.01	10.01	9.52	9.83	28424
1314	2020-12-30	9.83	10.56	9.58	10.56	27061
1315	2020-12-31	10.5	10.69	10.07	10.5	10380
1316	2021-01-04	10.07	10.5	10.07	10.44	9100
1317	2021-01-05	10.44	10.44	10.26	10.44	26359
1318	2021-01-06	10.62	10.99	10.62	10.93	9500
1319	2021-01-07	10.93	10.93	10.5	10.5	6800
1320	2021-01-08	10.5	10.62	10.38	10.62	8200
1321	2021-01-11	10.19	10.56	10.13	10.56	8700
1322	2021-01-12	10.56	10.69	10.44	10.69	5428
1323	2021-01-13	10.69	10.69	10.26	10.32	11500
1324	2021-01-14	10.44	10.5	10.38	10.5	3500
1325	2021-01-15	10.5	10.69	10.5	10.62	5400
1326	2021-01-18	10.62	10.69	10.44	10.69	7001
1327	2021-01-19	10.56	10.56	9.95	10.07	12500
1328	2021-01-20	10.07	10.32	10.07	10.13	2600
1329	2021-01-21	10.26	10.38	10.19	10.19	1100
1330	2021-01-22	10.32	10.32	10.32	10.26	3900
1331	2021-01-25	10.32	10.32	10.32	10.32	2100
1332	2021-01-26	10.32	10.32	10.19	10.19	4114
1333	2021-01-27	10.56	10.56	10.56	10.56	160
1334	2021-01-28	9.83	9.83	9.03	9.03	12800
1335	2021-01-29	9.03	9.83	9.03	9.83	4200
1336	2021-02-01	10.5	10.5	10.5	10.5	103
1337	2021-02-02	9.83	9.83	9.09	9.09	3600
1338	2021-02-03	9.7	9.83	9.7	9.76	3747
1339	2021-02-04	9.76	9.76	9.15	9.58	1100
1340	2021-02-05	9.33	9.52	9.33	9.4	3200
1341	2021-02-08	9.76	9.76	9.7	9.7	603
1342	2021-02-09	9.27	9.76	9.27	9.76	1700
1343	2021-02-17	9.4	9.76	9.4	9.76	3959
1344	2021-02-18	9.58	9.76	9.58	9.76	1500
1345	2021-02-19	9.58	9.76	9.58	9.7	500
1346	2021-02-22	9.7	9.7	9.7	9.7	1200
1347	2021-02-23	9.76	9.76	9.76	9.76	900
1348	2021-02-24	9.64	9.76	9.58	9.58	1600
1349	2021-02-25	9.58	9.7	9.58	9.7	300
1350	2021-02-26	9.7	9.83	9.7	9.83	2200
1351	2021-03-01	9.83	9.89	9.58	9.83	6320
1352	2021-03-02	9.83	9.89	9.76	9.83	3712
1353	2021-03-03	9.76	10.19	9.76	10.19	4507
1354	2021-03-04	10.01	10.07	9.89	10.07	11900
1355	2021-03-05	10.32	10.44	10.19	10.19	1027
1356	2021-03-08	10.38	10.44	10.38	10.44	2532
1357	2021-03-09	10.44	10.56	10.13	10.13	6800
1358	2021-03-10	10.38	10.62	10.38	10.44	5200
1359	2021-03-11	10.56	10.56	10.44	10.44	400
1360	2021-03-12	10.5	10.5	10.13	10.13	8600
1361	2021-03-15	10.44	10.75	10.44	10.75	8522
1362	2021-03-16	10.81	11.36	10.81	10.99	18507
1363	2021-03-17	11.05	11.05	10.81	10.93	3600
1364	2021-03-18	10.87	10.87	10.75	10.87	1500
1365	2021-03-19	10.81	10.87	10.81	10.81	1600
1366	2021-03-22	10.44	10.75	10.44	10.62	2666
1367	2021-03-23	10.62	10.62	9.83	10.38	4400
1368	2021-03-24	10.44	10.56	10.32	10.32	7864
1369	2021-03-25	10.44	10.44	10.44	10.32	66
1370	2021-03-26	10.44	10.44	9.89	10.32	9013
1371	2021-03-29	10.38	10.56	10.38	10.56	6600
1372	2021-03-30	10.56	10.56	10.44	10.44	7700
1373	2021-03-31	10.44	10.44	10.32	10.44	3100
1374	2021-04-01	10.44	10.56	10.44	10.56	4800
1375	2021-04-02	10.5	10.5	10.38	10.38	5800
1376	2021-04-05	10.5	10.56	10.44	10.56	14300
1377	2021-04-06	10.69	10.69	10.56	10.56	1400
1378	2021-04-07	11.05	11.05	10.75	10.93	8700
1379	2021-04-08	11.05	11.18	11.05	11.05	6379
1380	2021-04-09	11.05	11.05	10.5	10.5	2200
1381	2021-04-12	10.75	10.75	10.75	10.75	4450
1382	2021-04-13	10.81	10.81	10.81	10.81	3610
1383	2021-04-14	10.75	10.75	10.5	10.5	3500
1384	2021-04-15	10.56	10.56	10.44	10.44	3000
1385	2021-04-16	10.5	10.62	10.5	10.5	2610
1386	2021-04-19	10.93	11.05	10.93	10.93	3700
1387	2021-04-20	10.81	10.81	10.75	10.75	900
1388	2021-04-22	10.75	11.05	10.5	11.05	5700
1389	2021-04-23	10.93	10.93	10.56	10.56	2403
1390	2021-04-26	10.62	10.62	10.56	10.56	3000
1391	2021-04-27	10.44	10.75	10.44	10.44	5600
1392	2021-04-28	10.56	10.56	10.56	10.56	200
1393	2021-04-29	10.75	10.75	10.75	10.75	800
1394	2021-05-04	10.81	10.81	10.44	10.81	6000
1395	2021-05-05	11.05	11.05	10.75	11.05	7900
1396	2021-05-06	10.44	11.05	10.44	11.05	10700
1397	2021-05-07	11.05	11.05	11.05	11.05	282
1398	2021-05-10	11.05	11.05	10.87	10.87	6249
1399	2021-05-11	10.93	11.05	10.87	11.05	4051
1400	2021-05-12	10.87	10.87	10.87	10.87	1100
1401	2021-05-13	10.81	10.81	10.75	10.75	675
1402	2021-05-14	10.81	11.05	10.81	11.05	19658
1403	2021-05-17	12.71	12.71	11.36	11.55	10573
1404	2021-05-18	11.67	12.28	11.61	11.61	3900
1405	2021-05-19	11.98	12.9	11.05	11.98	9918
1406	2021-05-20	12.28	12.28	11.36	11.67	2900
1407	2021-05-21	11.79	11.79	11.55	11.55	1300
1408	2021-05-24	12.04	12.04	11.61	11.61	7601
1409	2021-05-25	11.36	11.73	11.36	11.67	1209
1410	2021-05-26	11.36	11.36	11.36	11.36	7000
1411	2021-05-27	11.36	11.91	11.05	11.36	9648
1412	2021-05-28	11.42	11.42	11.24	11.3	4800
1413	2021-05-31	11.05	11.55	10.75	11.42	21535
1414	2021-06-01	11.3	11.3	11.05	11.05	4400
1415	2021-06-02	11.05	11.18	11.05	11.18	13410
1416	2021-06-03	11.3	11.3	11.24	11.3	4100
1417	2021-06-04	11.36	12.28	11.3	11.67	6100
1418	2021-06-07	11.67	11.67	11.36	11.67	4938
1419	2021-06-08	11.67	11.67	11.42	11.61	6100
1420	2021-06-09	11.48	11.91	11.48	11.61	4460
1421	2021-06-10	11.91	11.91	11.61	11.67	3700
1422	2021-06-11	11.67	11.73	11.67	11.67	1900
1423	2021-06-14	11.61	11.67	11.61	11.61	8800
1424	2021-06-15	11.67	11.67	11.61	11.61	1703
1425	2021-06-16	11.61	11.85	11.61	11.85	7700
1426	2021-06-17	11.12	11.85	11.12	11.85	6240
1427	2021-06-18	11.85	12.04	10.56	11.67	8400
1428	2021-06-21	11.91	11.91	11.42	11.67	10700
1429	2021-06-22	11.67	11.67	11.55	11.67	2600
1430	2021-06-23	11.61	11.61	11.61	11.61	1400
1431	2021-06-24	11.55	11.55	11.55	11.55	500
1432	2021-06-25	11.55	11.67	11.55	11.55	3100
1433	2021-06-28	11.36	11.55	11.36	11.55	5712
1434	2021-06-29	11.42	11.42	11.42	11.42	6528
1435	2021-06-30	11.42	11.42	11.36	11.36	4300
1436	2021-07-01	11.36	11.36	10.93	10.93	1400
1437	2021-07-02	11.18	11.55	11.05	11.42	5600
1438	2021-07-05	11.42	11.48	11.42	11.48	5200
1439	2021-07-06	11.3	11.42	11.3	11.42	1300
1440	2021-07-07	11.42	11.42	11.42	11.42	0
1441	2021-07-08	11.42	11.48	11.42	11.42	2000
1442	2021-07-09	11.42	11.42	10.81	11.36	2000
1443	2021-07-12	11.36	11.36	10.87	10.87	1017
1444	2021-07-13	10.99	11.3	10.99	11.3	802
1445	2021-07-14	11.42	11.42	11.42	11.42	712
1446	2021-07-15	11.36	11.36	11.12	11.12	211
1447	2021-07-16	11.61	11.61	11.05	11.48	702
1448	2021-07-19	10.93	11.12	10.93	11.12	1500
1449	2021-07-20	10.99	11.12	10.99	11.05	4100
1450	2021-07-21	11.61	11.61	11.05	11.24	2400
1451	2021-07-22	11.24	11.42	11.24	11.42	6000
1452	2021-07-23	11.3	11.36	11.3	11.3	6550
1453	2021-07-26	11.55	11.55	11.42	11.42	2818
1454	2021-07-27	11.48	11.48	11.48	11.48	1300
1455	2021-07-28	11.98	11.98	11.67	11.67	3900
1456	2021-07-29	11.36	11.73	11.36	11.73	1300
1457	2021-07-30	11.67	11.67	11.61	11.61	600
1458	2021-08-02	11.67	12.1	11.61	11.85	8808
1459	2021-08-03	12.43	12.5	12.37	12.37	11400
1460	2021-08-04	12.43	12.43	12.43	12.43	1400
1461	2021-08-05	11.98	11.98	11.98	11.98	2200
1462	2021-08-06	11.98	11.98	11.78	11.85	500
1463	2021-08-09	11.85	12.24	11.85	12.24	5000
1464	2021-08-10	12.17	12.5	12.17	12.37	9600
1465	2021-08-11	12.37	12.37	12.37	12.37	300
1466	2021-08-12	12.5	12.63	12.3	12.63	4000
1467	2021-08-13	12.89	12.89	12.63	12.63	2400
1468	2021-08-16	12.95	12.95	12.37	12.43	9140
1469	2021-08-17	12.43	12.43	12.24	12.24	1000
1470	2021-08-18	12.3	12.82	12.3	12.76	17007
1471	2021-08-19	12.76	12.76	12.43	12.5	3200
1472	2021-08-20	13.27	13.6	12.69	12.69	8700
1473	2021-08-23	12.3	12.89	12.3	12.5	5800
1474	2021-08-24	12.43	12.63	12.37	12.43	12000
1475	2021-08-25	12.43	12.43	12.3	12.43	9000
1476	2021-08-26	12.37	14.18	12.37	14.18	47700
1477	2021-08-27	15.54	15.54	14.57	15.54	31114
1478	2021-08-30	17.87	17.87	17.87	17.87	98200
1479	2021-08-31	19.43	20.53	18.78	20.46	108314
1480	2021-09-01	19.43	20.46	18.45	19.1	33119
1481	2021-09-06	19.04	19.1	16.38	16.84	55720
1482	2021-09-07	16.84	17.68	16.84	17.48	43700
1483	2021-09-08	17.29	17.68	16.51	17.68	12551
1484	2021-09-09	17.29	17.35	16.77	16.77	12919
1485	2021-09-10	16.84	17.42	16.06	16.19	16410
1486	2021-09-13	16.77	16.77	15.61	16.19	15600
1487	2021-09-14	16.19	16.77	14.38	15.22	33220
1488	2021-09-15	15.86	16.84	15.54	16.84	41873
1489	2021-09-16	16.71	16.97	16.19	16.38	16700
1490	2021-09-17	16.38	16.71	16.19	16.51	10542
1491	2021-09-20	16.84	17.42	16.25	16.51	20110
1492	2021-09-21	16.51	16.51	15.86	16.19	26700
1493	2021-09-22	16.84	16.84	16.06	16.38	18334
1494	2021-09-23	16.38	16.71	15.99	16.12	20825
1495	2021-09-24	16.71	16.71	16.12	16.19	9434
1496	2021-09-27	15.54	16.71	15.54	15.73	11300
1497	2021-09-28	15.73	16.19	15.61	15.86	6100
1498	2021-09-29	15.93	16.06	15.73	15.8	5510
1499	2021-09-30	15.86	16.12	15.86	16.12	4100
1500	2021-10-01	15.99	16.12	15.86	15.99	17210
1501	2021-10-04	15.99	16.06	15.93	15.93	4700
1502	2021-10-05	15.99	15.99	15.67	15.93	6200
1503	2021-10-06	15.86	15.93	15.22	15.93	56115
1504	2021-10-07	16.19	16.19	15.28	15.86	8200
1505	2021-10-08	16.25	16.25	16.19	16.19	500
1506	2021-10-11	16.19	16.38	16.19	16.19	3601
1507	2021-10-12	16.06	16.06	15.73	15.93	9905
1508	2021-10-13	16.12	16.32	15.93	15.93	5830
1509	2021-10-14	16.19	16.19	16.19	16.19	100
1510	2021-10-15	16.25	16.25	15.86	16.06	4600
1511	2021-10-18	15.93	16.12	15.93	16.06	7610
1512	2021-10-19	16.06	16.19	15.93	15.93	10911
1513	2021-10-20	15.8	16.12	15.8	16.12	1124
1514	2021-10-21	16.19	16.19	15.86	16.06	10000
1515	2021-10-22	15.54	16.12	14.31	15.48	3000
1516	2021-10-25	16.12	16.19	15.54	15.8	16760
1517	2021-10-26	16.25	16.25	15.8	15.8	6200
1518	2021-10-27	15.8	15.93	15.54	15.67	17430
1519	2021-10-28	15.8	15.86	15.73	15.8	6510
1520	2021-10-29	15.8	15.8	15.54	15.8	25310
1521	2021-11-01	15.54	15.73	14.89	15.54	26400
1522	2021-11-02	15.73	16.32	15.73	15.93	8031
1523	2021-11-03	15.93	16.25	15.86	15.86	10510
1524	2021-11-04	15.8	15.99	15.54	15.54	1410
1525	2021-11-05	15.8	16.19	15.8	16.19	5810
1526	2021-11-08	16.19	16.38	15.93	16.19	8200
1527	2021-11-09	16.25	16.38	15.86	16.38	32441
1528	2021-11-10	16.45	16.84	16.19	16.84	12600
1529	2021-11-11	16.84	16.84	16.38	16.64	5900
1530	2021-11-12	16.84	16.84	16.06	16.19	8000
1531	2021-11-15	17.48	17.48	16.38	16.84	13100
1532	2021-11-16	16.97	17.16	16.51	16.9	8200
1533	2021-11-17	16.84	16.84	16.19	16.84	8800
1534	2021-11-18	16.58	16.77	16.19	16.64	15633
1535	2021-11-19	16.64	16.84	16.19	16.19	16400
1536	2021-11-22	17.09	17.09	16.19	16.84	2900
1537	2021-11-23	16.77	16.77	16.19	16.64	1300
1538	2021-11-24	16.64	16.9	16.51	16.77	3012
1539	2021-11-25	16.84	16.84	16.71	16.71	2800
1540	2021-11-26	16.84	16.84	15.54	15.86	26625
1541	2021-11-29	15.8	16.97	15.8	16.9	56925
1542	2021-11-30	16.84	16.97	16.84	16.9	29437
1543	2021-12-01	16.84	16.9	16.71	16.71	6700
1544	2021-12-02	15.86	16.64	15.86	15.99	17600
1545	2021-12-03	17.94	17.94	16.51	16.51	22131
1546	2021-12-06	17.16	17.16	15.54	15.54	11518
1547	2021-12-07	16.19	16.58	16.06	16.06	2600
1548	2021-12-08	15.67	16.64	15.54	15.54	15100
1549	2021-12-09	16.12	16.12	15.54	15.99	25804
1550	2021-12-10	15.61	16.12	15.61	15.67	2220
1551	2021-12-13	16.19	16.19	15.54	15.8	9300
1552	2021-12-14	15.8	16.19	15.54	15.86	3500
1553	2021-12-15	15.73	16.12	15.73	15.73	12434
1554	2021-12-16	16.19	16.77	15.8	16.77	13301
1555	2021-12-17	18.41	18.41	17.11	18.18	6124
1556	2021-12-20	17.49	17.49	17.04	17.04	5600
1557	2021-12-21	18.94	18.94	16.73	17.42	1106
1558	2021-12-22	17.42	17.49	16.73	17.26	14000
1559	2021-12-23	17.49	17.49	17.26	17.49	804
1560	2021-12-24	17.49	17.49	16.73	17.34	1617
1561	2021-12-27	18.18	18.18	16.73	17.49	5730
1562	2021-12-28	17.11	17.11	17.04	17.11	7019
1563	2021-12-29	16.96	17.04	16.96	17.04	3907
1564	2021-12-30	16.73	16.73	16.12	16.12	7010
1565	2021-12-31	16.28	17.04	16.28	16.43	8200
1566	2022-01-04	16.43	16.58	15.59	15.9	8100
1567	2022-01-05	16.05	16.05	15.29	15.97	4800
1568	2022-01-06	15.59	16.05	15.59	15.97	6100
1569	2022-01-07	15.82	16.43	15.82	15.82	2500
1570	2022-01-10	15.82	16.05	15.74	16.05	7130
1571	2022-01-11	15.67	15.74	15.67	15.74	1500
1572	2022-01-12	15.59	15.67	15.21	15.67	7400
1573	2022-01-13	15.59	15.59	15.13	15.13	1900
1574	2022-01-14	15.36	15.36	14.91	14.91	13108
1575	2022-01-17	15.29	15.29	14.83	15.06	2327
1576	2022-01-18	14.22	15.13	14.07	15.13	4403
1577	2022-01-19	14.91	14.91	14.07	14.07	2700
1578	2022-01-20	14.37	14.98	14.37	14.91	3400
1579	2022-01-21	15.21	15.21	15.06	15.06	2000
1580	2022-01-24	15.21	15.21	15.13	15.13	8515
1581	2022-01-25	15.21	15.21	15.21	15.21	700
1582	2022-01-26	15.13	15.21	15.06	15.06	500
1583	2022-01-27	15.06	15.06	14.45	14.53	5933
1584	2022-01-28	14.68	14.68	14.22	14.22	7600
1585	2022-02-07	14.83	15.13	14.83	15.13	2800
1586	2022-02-08	14.45	14.45	14.22	14.22	1200
1587	2022-02-09	14.37	14.45	14.37	14.45	6100
1588	2022-02-10	14.45	14.45	13.01	13.54	41104
1589	2022-02-11	14.45	14.45	14.22	14.45	4500
1590	2022-02-14	14.45	14.45	13.39	13.69	4400
1591	2022-02-15	13.69	13.69	13.61	13.69	11161
1592	2022-02-16	13.61	13.69	13.61	13.61	4600
1593	2022-02-17	13.61	13.77	13.61	13.77	13200
1594	2022-02-18	13.84	14.45	13.77	14.45	71724
1595	2022-02-21	14.75	16.2	14.75	15.74	66920
1596	2022-02-22	15.9	16.58	15.74	15.97	24901
1597	2022-02-23	15.9	16.2	15.82	15.97	7130
1598	2022-02-24	15.97	16.43	15.29	15.29	20752
1599	2022-02-25	15.29	15.9	15.29	15.44	5300
1600	2022-02-28	15.29	15.67	15.29	15.67	7418
1601	2022-03-01	15.52	15.52	15.44	15.44	3846
1602	2022-03-02	15.36	15.59	14.98	14.98	5201
1603	2022-03-03	16.12	16.12	15.36	15.44	3835
1604	2022-03-04	14.45	15.67	14.45	15.36	15648
1605	2022-03-07	15.52	15.52	15.21	15.21	9190
1606	2022-03-08	15.29	15.44	14.91	14.98	10510
1607	2022-03-09	15.21	15.29	14.83	14.83	6503
1608	2022-03-10	15.21	15.21	14.45	15.21	27315
1609	2022-03-11	15.29	16.28	14.91	14.91	5340
1610	2022-03-14	14.91	15.29	14.83	14.83	2210
1611	2022-03-15	14.83	15.06	14.83	14.98	5100
1612	2022-03-16	15.52	15.52	14.91	14.91	1840
1613	2022-03-17	15.44	15.44	14.91	15.06	2800
1614	2022-03-18	14.98	15.21	14.83	15.21	2503
1615	2022-03-21	15.21	15.21	14.83	15.21	12025
1616	2022-03-22	15.06	15.06	14.53	14.98	1210
1617	2022-03-23	14.83	15.21	14.83	15.21	12715
1618	2022-03-24	15.21	15.29	15.13	15.21	24400
1619	2022-03-25	15.13	15.59	15.13	15.21	6600
1620	2022-03-28	15.21	15.21	15.06	15.21	10600
1621	2022-03-29	15.13	15.52	15.13	15.21	11015
1622	2022-03-30	15.36	15.9	15.36	15.9	17052
1623	2022-03-31	15.74	16.43	15.74	16.12	11113
1624	2022-04-01	17.49	17.49	16.12	16.35	7333
1625	2022-04-04	15.97	16.28	15.82	15.97	10600
1626	2022-04-05	15.97	15.97	15.9	15.9	5000
1627	2022-04-06	15.9	15.9	15.59	15.59	7308
1628	2022-04-07	15.52	16.35	15.36	16.35	25707
1629	2022-04-08	16.73	16.73	15.67	15.74	5300
1630	2022-04-12	16.05	17.11	15.74	16.35	12001
1631	2022-04-13	15.59	16.58	15.52	16.43	24702
1632	2022-04-14	15.97	15.97	15.97	15.97	2111
1633	2022-04-15	15.97	15.97	15.97	15.97	10600
1634	2022-04-18	16.05	16.2	15.74	15.74	5177
1635	2022-04-19	15.9	15.9	15.82	15.82	602
1636	2022-04-20	15.74	15.74	15.44	15.44	3901
1637	2022-04-21	15.44	15.44	15.13	15.13	18007
1638	2022-04-22	15.13	15.82	15.13	15.29	19404
1639	2022-04-25	15.21	15.21	15.21	15.21	500
1640	2022-04-26	15.21	15.52	15.21	15.29	11812
1641	2022-04-27	15.74	15.74	15.59	15.67	3800
1642	2022-04-28	15.74	15.74	15.52	15.74	3800
1643	2022-04-29	15.74	15.74	15.36	15.52	5328
1644	2022-05-04	15.36	17.11	15.36	16.73	51936
1645	2022-05-05	16.73	16.73	15.67	16.73	14861
1646	2022-05-06	16.35	16.75	15.95	16.35	9836
1647	2022-05-09	16.35	16.43	15.79	15.79	13548
1648	2022-05-10	15.56	15.95	15.56	15.95	11130
1649	2022-05-11	15.87	15.87	15.79	15.79	2809
1650	2022-05-12	16.27	16.27	15.48	15.48	9306
1651	2022-05-13	15.87	15.87	13.72	15.0	19276
1652	2022-05-16	15.72	15.79	15.56	15.56	3000
1653	2022-05-17	15.64	15.72	15.56	15.72	7012
1654	2022-05-18	15.48	15.72	15.24	15.56	4825
1655	2022-05-19	15.48	15.56	15.24	15.4	1900
1656	2022-05-20	15.72	15.72	15.72	15.72	5306
1657	2022-05-23	15.87	15.87	15.56	15.56	1901
1658	2022-05-24	15.72	15.72	15.56	15.64	1719
1659	2022-05-25	15.48	15.72	15.48	15.56	10032
1660	2022-05-26	15.64	15.64	15.56	15.64	9468
1661	2022-05-27	15.64	15.64	15.64	15.64	2200
1662	2022-05-30	15.95	16.27	15.56	15.87	30735
1663	2022-05-31	16.03	16.03	15.56	15.87	13000
1664	2022-06-01	15.87	15.87	15.87	15.87	1020
1665	2022-06-02	15.87	15.87	15.64	15.64	3200
1666	2022-06-03	15.95	15.95	15.79	15.79	700
1667	2022-06-06	15.87	15.87	15.56	15.64	4821
1668	2022-06-07	15.64	15.64	15.24	15.24	2700
1669	2022-06-08	15.56	15.56	15.32	15.56	2401
1670	2022-06-09	15.95	15.95	15.56	15.64	2700
1671	2022-06-10	15.64	16.11	15.56	15.95	22335
1672	2022-06-13	15.87	15.87	15.56	15.56	8000
1673	2022-06-14	15.48	15.48	15.24	15.24	4120
1674	2022-06-15	15.64	15.64	15.16	15.24	3800
1675	2022-06-16	15.56	15.56	15.16	15.48	6483
1676	2022-06-17	15.56	15.56	14.76	15.48	12000
1677	2022-06-20	15.4	15.56	15.32	15.32	7700
1678	2022-06-21	15.16	15.16	14.76	15.08	7700
1679	2022-06-22	15.08	15.16	14.76	15.16	2400
1680	2022-06-23	15.56	15.56	15.56	15.56	121
1681	2022-06-24	15.48	15.95	15.32	15.64	17000
1682	2022-06-27	15.95	15.95	15.95	15.95	500
1683	2022-06-28	15.87	15.95	15.87	15.95	2000
1684	2022-06-29	15.56	15.56	15.56	15.56	100
1685	2022-06-30	15.72	15.72	15.16	15.56	2122
1686	2022-07-01	15.56	15.56	15.56	15.56	300
1687	2022-07-04	15.87	15.87	15.87	15.87	3500
1688	2022-07-05	15.87	15.87	15.87	15.87	0
1689	2022-07-06	15.87	15.87	15.87	15.87	0
1690	2022-07-07	15.79	15.79	15.79	15.79	1500
1691	2022-07-08	15.79	15.79	15.79	15.79	1100
1692	2022-07-11	15.64	15.79	15.64	15.79	2201
1693	2022-07-12	15.72	15.79	15.4	15.4	9710
1694	2022-07-13	15.4	15.48	15.4	15.48	1000
1695	2022-07-14	15.56	15.87	15.56	15.79	5800
1696	2022-07-15	15.72	15.72	15.56	15.64	600
1697	2022-07-18	15.64	15.72	15.64	15.72	1910
1698	2022-07-19	15.56	15.56	15.48	15.48	4005
1699	2022-07-20	15.48	15.56	15.4	15.56	3600
1700	2022-07-21	15.64	15.72	15.56	15.72	7000
1701	2022-07-22	15.72	15.72	15.72	15.72	510
1702	2022-07-25	15.64	16.19	15.64	15.95	21258
1703	2022-07-26	16.59	17.39	16.59	16.75	19485
1704	2022-07-27	17.07	17.07	16.91	16.91	2642
1705	2022-07-28	16.75	16.75	16.11	16.75	4100
1706	2022-07-29	16.43	17.63	16.35	16.43	9302
1707	2022-08-01	16.35	17.47	16.35	17.39	3500
1708	2022-08-02	16.99	17.15	16.43	16.75	13520
1709	2022-08-03	17.15	17.15	16.91	16.91	1616
1710	2022-08-04	17.15	17.15	16.83	16.99	5000
1711	2022-08-05	17.55	17.55	16.75	16.83	4300
1712	2022-08-08	16.83	16.99	16.75	16.91	3323
1713	2022-08-09	16.83	17.15	16.67	17.07	3600
1714	2022-08-10	17.07	17.15	16.75	16.75	5134
1715	2022-08-11	16.83	16.99	16.83	16.83	3108
1716	2022-08-12	16.83	16.83	16.83	16.83	500
1717	2022-08-15	16.83	16.83	16.75	16.83	1000
1718	2022-08-16	16.75	16.75	16.67	16.75	3102
1719	2022-08-17	16.75	16.75	16.35	16.35	6940
1720	2022-08-18	16.43	16.43	15.95	15.95	7103
1721	2022-08-19	16.19	16.19	16.19	16.19	500
1722	2022-08-22	16.35	16.91	15.95	16.75	4600
1723	2022-08-23	16.75	16.99	16.67	16.99	16403
1724	2022-08-24	16.99	16.99	16.75	16.75	3100
1725	2022-08-25	16.75	17.31	15.95	17.31	24008
1726	2022-08-26	16.75	16.99	16.75	16.75	5800
1727	2022-08-29	16.75	17.23	16.51	17.23	17803
1728	2022-08-30	17.23	17.71	17.15	17.55	7704
1729	2022-08-31	17.87	17.95	17.23	17.95	11603
1730	2022-09-05	17.95	17.95	17.55	17.55	1535
1731	2022-09-06	17.55	17.63	17.23	17.63	4159
1732	2022-09-07	17.79	17.79	17.31	17.63	2200
1733	2022-09-08	17.71	17.71	16.91	16.91	4400
1734	2022-09-09	17.55	17.63	17.47	17.55	6400
1735	2022-09-12	18.03	18.27	17.71	17.71	3909
1736	2022-09-13	17.07	18.35	17.07	18.27	1700
1737	2022-09-14	17.23	17.31	17.23	17.31	303
1738	2022-09-15	17.55	17.55	17.55	17.55	500
1739	2022-09-16	20.18	20.18	17.39	17.39	700
1740	2022-09-19	17.15	17.95	17.15	17.87	2500
1741	2022-09-20	17.79	17.79	17.55	17.79	600
1742	2022-09-21	17.79	17.79	17.79	17.79	104
1743	2022-09-22	17.71	17.71	17.63	17.71	4118
1744	2022-09-23	17.71	17.71	17.71	17.71	33
1745	2022-09-26	17.39	17.71	17.15	17.39	3400
1746	2022-09-27	17.55	17.55	17.39	17.55	5800
1747	2022-09-28	17.55	17.55	17.55	17.55	0
1748	2022-09-29	17.23	17.23	17.15	17.15	3459
1749	2022-09-30	17.39	17.39	17.15	17.23	2601
1750	2022-10-03	17.23	17.31	17.07	17.07	1700
1751	2022-10-04	17.15	17.15	16.91	16.99	4009
1752	2022-10-05	16.99	17.15	16.43	16.75	13000
1753	2022-10-06	16.75	16.75	16.35	16.35	6202
1754	2022-10-07	16.19	16.51	15.16	16.51	34300
1755	2022-10-10	15.95	16.03	15.95	15.95	4100
1756	2022-10-11	16.35	16.35	15.72	15.72	8300
1757	2022-10-12	15.95	16.03	15.87	15.87	4000
1758	2022-10-13	15.95	15.95	15.95	15.95	2002
1759	2022-10-14	16.43	16.43	16.35	16.35	1500
1760	2022-10-17	16.19	16.19	16.03	16.19	12405
1761	2022-10-18	16.35	16.35	16.19	16.19	7603
1762	2022-10-19	16.35	16.35	16.03	16.19	360
1763	2022-10-20	15.95	16.35	15.95	16.35	4600
1764	2022-10-21	16.03	16.03	15.95	15.95	5603
1765	2022-10-24	15.24	15.95	14.68	15.16	19851
1766	2022-10-25	15.24	15.24	14.92	15.16	3220
1767	2022-10-26	15.16	15.32	15.16	15.32	2184
1768	2022-10-27	15.16	15.4	15.16	15.24	4402
1769	2022-10-28	15.32	15.79	15.32	15.79	7018
1770	2022-10-31	15.56	15.56	15.4	15.56	3630
1771	2022-11-01	15.48	15.56	15.48	15.56	5500
1772	2022-11-02	15.64	15.64	15.56	15.56	3518
1773	2022-11-03	15.64	15.64	15.64	15.64	16
1774	2022-11-04	15.64	15.64	15.64	15.64	1000
1775	2022-11-07	15.95	15.95	15.95	15.95	200
1776	2022-11-08	15.72	15.79	15.56	15.56	5400
1777	2022-11-09	15.72	15.79	15.72	15.79	5300
1778	2022-11-10	15.79	15.79	15.56	15.56	12800
1779	2022-11-11	15.79	15.95	15.72	15.72	11300
1780	2022-11-14	15.79	15.95	15.79	15.79	3400
1781	2022-11-15	15.95	15.95	15.64	15.79	16322
1782	2022-11-16	15.79	15.79	15.79	15.79	1100
1783	2022-11-17	15.79	15.95	15.72	15.79	7100
1784	2022-11-18	15.79	15.79	15.79	15.79	8700
1785	2022-11-21	15.95	15.95	15.72	15.79	3082
1786	2022-11-22	15.95	15.95	15.64	15.64	7900
1787	2022-11-23	15.64	15.87	15.64	15.72	1600
1788	2022-11-24	15.79	15.79	15.72	15.72	3000
1789	2022-11-25	15.95	15.95	15.79	15.87	2582
1790	2022-11-28	15.87	15.87	15.87	15.87	2203
1791	2022-11-29	15.87	15.87	15.79	15.87	11800
1792	2022-11-30	15.95	15.95	15.87	15.95	5812
1793	2022-12-01	15.95	15.95	15.87	15.87	3403
1794	2022-12-02	15.95	15.95	15.87	15.87	2400
1795	2022-12-05	16.75	17.55	15.95	17.15	3560
1796	2022-12-06	16.67	17.15	16.11	17.15	4192
1797	2022-12-07	17.07	17.55	16.99	17.55	2700
1798	2022-12-08	17.15	17.15	16.67	16.67	3100
1799	2022-12-09	16.91	17.15	16.91	17.15	4313
1800	2022-12-12	16.75	17.39	16.75	17.39	6000
1801	2022-12-13	17.39	17.39	17.15	17.15	1575
1802	2022-12-14	17.47	17.55	17.31	17.31	7900
1803	2022-12-15	17.95	17.95	17.47	17.47	2703
1804	2022-12-16	17.63	17.79	17.23	17.23	10101
1805	2022-12-19	17.55	17.55	17.15	17.15	5302
1806	2022-12-20	17.55	17.55	17.07	17.07	4550
1807	2022-12-21	17.55	17.55	17.23	17.47	1500
1808	2022-12-22	17.47	17.47	16.99	17.47	1400
1809	2022-12-23	17.55	17.55	17.47	17.47	2900
1810	2022-12-26	17.55	17.55	17.15	17.47	2800
1811	2022-12-27	17.39	17.39	17.31	17.31	3000
1812	2022-12-28	17.39	17.47	17.39	17.39	2500
1813	2022-12-29	17.39	17.47	17.31	17.39	4900
1814	2022-12-30	17.55	19.94	17.39	17.39	3600
1815	2023-01-03	18.27	18.27	17.55	17.55	1000
1816	2023-01-04	18.27	18.35	18.27	18.35	2600
1817	2023-01-05	18.27	18.27	18.27	18.27	0
1818	2023-01-06	17.95	17.95	17.55	17.55	1700
1819	2023-01-09	17.79	17.79	17.55	17.71	2100
1820	2023-01-10	17.63	17.87	17.63	17.87	1000
1821	2023-01-11	17.87	17.87	17.71	17.87	1868
1822	2023-01-12	17.79	17.87	17.79	17.87	1400
1823	2023-01-13	17.71	17.71	17.55	17.71	4700
1824	2023-01-16	17.63	17.63	17.55	17.63	2700
1825	2023-01-17	17.63	17.71	17.55	17.63	3000
1826	2023-01-18	17.71	17.71	17.55	17.55	2100
1827	2023-01-19	17.63	18.35	17.63	18.35	1000
1828	2023-01-27	17.79	18.27	17.79	18.11	2200
1829	2023-01-30	18.27	18.27	17.95	17.95	301
1830	2023-01-31	18.19	18.27	18.03	18.27	4700
1831	2023-02-01	18.19	18.27	18.19	18.19	3901
1832	2023-02-02	18.35	18.35	17.55	17.55	4208
1833	2023-02-03	18.35	18.35	17.55	17.55	800
1834	2023-02-06	17.95	17.95	17.55	17.55	5200
1835	2023-02-07	18.19	18.27	18.19	18.27	2100
1836	2023-02-08	18.19	18.27	17.95	18.19	2400
1837	2023-02-09	17.95	18.75	17.95	18.35	2000
1838	2023-02-10	18.75	18.75	18.35	18.35	700
1839	2023-02-13	18.35	18.75	18.35	18.43	2000
1840	2023-02-14	18.35	18.75	18.35	18.35	1500
1841	2023-02-15	18.75	18.75	18.35	18.35	303
1842	2023-02-16	18.35	18.35	18.35	18.35	1459
1843	2023-02-17	18.67	18.67	18.51	18.51	4202
1844	2023-02-20	18.35	18.75	18.35	18.75	1001
1845	2023-02-21	18.75	18.75	18.75	18.75	1400
1846	2023-02-22	17.95	18.35	17.95	18.35	410
1847	2023-02-23	18.19	18.35	18.19	18.35	1300
1848	2023-02-24	18.35	18.35	18.35	18.35	1412
1849	2023-02-27	18.27	18.75	18.27	18.67	7200
1850	2023-02-28	18.75	18.99	18.75	18.99	2700
1851	2023-03-01	18.91	19.54	18.91	19.54	7901
1852	2023-03-02	19.22	22.1	19.22	22.1	11405
1853	2023-03-03	21.54	23.93	21.14	22.02	23000
1854	2023-03-06	22.1	22.1	18.91	21.54	4315
1855	2023-03-07	20.9	21.38	17.79	18.67	10524
1856	2023-03-08	20.66	20.98	19.54	20.5	3500
1857	2023-03-09	20.18	20.34	18.51	20.34	6600
1858	2023-03-10	19.54	20.34	19.54	19.86	4619
1859	2023-03-13	19.22	19.22	19.15	19.15	1202
1860	2023-03-14	19.22	19.94	18.75	19.22	33386
1861	2023-03-15	19.54	19.94	19.54	19.94	2001
1862	2023-03-16	19.78	19.78	19.78	19.78	0
1863	2023-03-17	19.78	21.14	19.78	21.14	1510
1864	2023-03-20	19.3	20.26	19.3	20.26	5100
1865	2023-03-21	21.06	21.22	21.06	21.22	2500
1866	2023-03-22	21.14	21.14	20.1	20.5	4906
1867	2023-03-23	21.14	21.46	21.14	21.14	1300
1868	2023-03-24	20.9	21.46	20.9	21.46	3007
1869	2023-03-27	20.98	20.98	20.98	20.98	6010
1870	2023-03-28	20.98	20.98	20.98	20.98	120
1871	2023-03-29	20.98	20.98	20.98	20.98	1213
1872	2023-03-30	20.98	20.98	20.98	20.98	0
1873	2023-03-31	20.98	20.98	20.98	20.98	501
1874	2023-04-03	21.14	21.14	20.74	21.14	5800
1875	2023-04-04	20.74	21.3	20.74	21.3	7821
1876	2023-04-05	21.3	21.3	19.94	19.94	4780
1877	2023-04-06	21.06	21.14	20.34	21.14	4005
1878	2023-04-07	20.26	20.34	20.26	20.34	1805
1879	2023-04-10	21.3	21.3	21.06	21.06	7118
1880	2023-04-11	20.9	21.22	20.74	21.22	2770
1881	2023-04-12	20.9	20.9	20.9	20.9	314
1882	2023-04-13	21.54	21.54	21.54	21.54	8900
1883	2023-04-14	21.7	21.7	21.54	21.7	7000
1884	2023-04-17	21.54	21.54	21.14	21.14	2306
1885	2023-04-18	21.54	21.54	21.54	21.54	1009
1886	2023-04-19	21.54	21.54	21.54	21.54	500
1887	2023-04-20	21.54	21.54	21.54	21.54	0
1888	2023-04-21	21.54	21.62	21.54	21.62	4100
1889	2023-04-24	20.74	20.74	20.74	20.74	206
1890	2023-04-25	20.74	20.74	20.74	20.74	1006
1891	2023-04-26	21.54	21.54	21.54	21.54	500
1892	2023-04-27	21.54	21.78	21.54	21.78	436
1893	2023-04-28	21.22	21.22	21.14	21.14	1300
1894	2023-05-04	21.7	21.7	20.02	20.66	1015
1895	2023-05-05	20.74	20.74	20.58	20.74	1401
1896	2023-05-08	20.74	21.22	20.74	21.22	429
1897	2023-05-09	19.54	20.74	19.54	19.94	2332
1898	2023-05-10	19.94	20.74	19.94	19.94	2600
1899	2023-05-11	20.74	20.74	20.74	20.74	200
1900	2023-05-12	21.22	21.22	20.74	20.74	700
1901	2023-05-15	20.82	20.82	20.34	20.34	2700
1902	2023-05-16	20.5	20.5	20.5	20.5	0
1903	2023-05-17	19.94	20.34	19.94	20.34	427
1904	2023-05-18	20.34	20.42	20.34	20.42	940
1905	2023-05-19	20.74	20.74	20.5	20.5	1000
1906	2023-05-22	21.14	21.14	20.42	20.66	1820
1907	2023-05-23	20.74	20.74	20.58	20.58	2027
1908	2023-05-24	19.94	20.66	19.94	20.58	4640
1909	2023-05-25	20.26	20.26	20.26	20.26	110
1910	2023-05-26	20.26	20.34	19.54	19.54	4756
1911	2023-05-29	19.86	19.86	19.7	19.78	2500
1912	2023-05-30	19.7	20.26	19.7	20.26	800
1913	2023-05-31	19.78	20.34	19.78	20.34	1179
1914	2023-06-01	20.26	20.34	20.1	20.34	1300
1915	2023-06-02	20.26	20.26	20.26	20.26	800
1916	2023-06-05	20.34	20.34	20.26	20.26	1218
1917	2023-06-06	20.26	23.29	20.26	21.94	19420
1918	2023-06-07	21.94	23.13	21.54	21.54	34432
1919	2023-06-08	22.34	25.13	22.26	22.34	69969
1920	2023-06-09	23.85	24.73	20.42	24.65	6641
1921	2023-06-12	22.34	22.34	22.34	22.34	1606
1922	2023-06-13	22.34	22.34	22.26	22.34	1975
1923	2023-06-14	22.26	22.73	22.26	22.42	2028
1924	2023-06-15	22.42	22.42	22.34	22.42	4000
1925	2023-06-16	22.34	22.34	22.26	22.34	9800
1926	2023-06-19	22.02	22.34	21.94	21.94	6500
1927	2023-06-20	22.18	22.34	22.1	22.34	2902
1928	2023-06-21	22.34	23.13	22.34	23.13	4200
1929	2023-06-22	23.05	23.05	22.66	23.05	3506
1930	2023-06-23	23.05	23.05	22.34	22.42	4700
1931	2023-06-26	23.05	23.13	22.73	22.73	3434
1932	2023-06-27	22.89	22.97	22.73	22.73	2000
1933	2023-06-28	22.73	23.05	22.73	23.05	2200
1934	2023-06-29	23.05	23.05	23.05	23.05	5509
1935	2023-06-30	25.45	25.45	23.04	23.04	6310
1936	2023-07-03	23.22	23.22	23.22	23.22	1425
1937	2023-07-04	23.22	23.22	22.77	23.22	1011
1938	2023-07-05	23.13	23.13	23.13	23.13	800
1939	2023-07-06	23.13	23.13	21.88	23.13	5524
1940	2023-07-07	22.32	23.04	22.23	22.23	500
1941	2023-07-10	22.95	22.95	22.95	22.95	570
1942	2023-07-11	23.04	23.13	23.04	23.13	640
1943	2023-07-12	23.04	23.04	23.04	23.04	0
1944	2023-07-13	23.04	23.04	23.04	23.04	0
1945	2023-07-14	23.04	23.04	23.04	23.04	200
1946	2023-07-17	23.13	23.13	22.95	22.95	1500
1947	2023-07-18	23.04	23.04	22.77	22.86	1000
1948	2023-07-19	22.77	23.04	22.77	22.86	1800
1949	2023-07-20	22.95	22.95	22.77	22.77	1800
1950	2023-07-21	22.32	22.86	22.32	22.77	3200
1951	2023-07-24	22.77	22.86	22.68	22.77	900
1952	2023-07-25	22.77	22.86	22.68	22.68	1401
1953	2023-07-26	23.13	23.13	22.68	22.77	1904
1954	2023-07-27	23.13	23.13	23.13	23.13	100
1955	2023-07-28	23.13	23.13	22.14	23.04	4000
1956	2023-07-31	22.77	22.77	22.68	22.68	1030
1957	2023-08-01	22.68	22.68	22.32	22.32	17700
1958	2023-08-02	22.32	22.32	22.23	22.32	1800
1959	2023-08-03	22.32	22.32	22.32	22.32	1300
1960	2023-08-04	22.32	22.32	22.23	22.32	2800
1961	2023-08-07	22.23	22.32	22.14	22.14	3100
1962	2023-08-08	22.23	22.23	22.23	22.23	1700
1963	2023-08-09	22.32	22.32	22.14	22.14	2610
1964	2023-08-10	22.68	22.68	22.23	22.23	1400
1965	2023-08-11	22.05	22.32	21.88	21.88	4430
1966	2023-08-14	22.77	24.11	21.97	21.97	2500
1967	2023-08-15	23.04	23.04	22.23	22.23	400
1968	2023-08-16	22.32	22.32	22.23	22.23	2300
1969	2023-08-17	22.68	22.68	22.32	22.32	800
1970	2023-08-18	22.68	22.68	22.05	22.05	1900
1971	2023-08-21	22.23	22.23	21.97	21.97	1300
1972	2023-08-22	22.59	22.59	21.97	21.97	1701
1973	2023-08-23	22.5	22.5	22.5	22.5	200
1974	2023-08-24	22.5	22.5	22.32	22.32	800
1975	2023-08-25	22.32	22.32	22.14	22.14	1600
1976	2023-08-28	22.41	22.41	22.32	22.32	500
1977	2023-08-29	22.68	22.68	22.14	22.14	1700
1978	2023-08-30	22.68	22.68	22.5	22.5	1000
1979	2023-08-31	22.5	22.5	22.5	22.5	600
1980	2023-09-05	22.32	22.5	22.14	22.14	2166
1981	2023-09-06	22.23	22.23	22.05	22.05	1200
1982	2023-09-07	22.68	22.68	22.59	22.59	200
1983	2023-09-08	22.68	22.68	22.59	22.59	501
1984	2023-09-11	22.68	22.68	22.59	22.59	600
1985	2023-09-12	22.32	22.32	22.32	22.32	500
1986	2023-09-13	22.32	22.32	22.05	22.32	800
1987	2023-09-14	22.68	22.68	22.32	22.32	500
1988	2023-09-15	22.5	22.5	22.41	22.41	200
1989	2023-09-18	22.59	25.0	22.32	22.32	1261
1990	2023-09-19	22.59	22.59	22.32	22.32	601
1991	2023-09-20	22.5	22.5	22.5	22.5	1
1992	2023-09-21	22.59	22.59	22.59	22.59	150
1993	2023-09-22	22.59	22.59	22.5	22.5	704
1994	2023-09-25	22.5	22.5	22.5	22.5	407
1995	2023-09-26	22.5	22.5	22.32	22.32	1300
1996	2023-09-27	22.23	22.23	22.23	22.23	211
1997	2023-09-28	22.32	22.32	22.32	22.32	102
1998	2023-09-29	22.5	22.5	22.5	22.5	800
1999	2023-10-02	22.5	22.5	22.32	22.32	1500
2000	2023-10-03	22.32	22.32	22.32	22.32	1000
2001	2023-10-04	22.32	22.32	22.32	22.32	625
2002	2023-10-05	22.14	22.14	22.14	22.14	300
2003	2023-10-06	22.14	22.14	22.14	22.14	1200
2004	2023-10-09	22.14	22.14	22.14	22.14	569
2005	2023-10-10	22.32	22.32	22.23	22.23	200
2006	2023-10-11	22.32	22.32	22.32	22.32	301
2007	2023-10-12	22.32	22.32	22.32	22.32	230
2008	2023-10-13	22.32	22.32	22.32	22.32	100
2009	2023-10-16	22.05	22.05	22.05	22.05	400
2010	2023-10-17	22.32	22.59	22.14	22.14	20200
2011	2023-10-18	22.05	22.05	22.05	22.05	1778
2012	2023-10-19	22.05	22.05	22.05	22.05	100
2013	2023-10-20	22.05	22.05	21.88	21.88	700
2014	2023-10-23	22.14	22.14	21.97	21.97	700
2015	2023-10-24	21.88	21.88	21.88	21.88	2000
2016	2023-10-25	21.88	21.88	21.88	21.88	3800
2017	2023-10-26	21.88	21.97	21.88	21.88	600
2018	2023-10-27	21.97	21.97	21.97	21.97	26
2019	2023-10-30	21.97	21.97	21.97	21.97	0
2020	2023-10-31	21.97	21.97	21.97	21.97	0
2021	2023-11-01	22.05	22.05	21.88	21.88	650
2022	2023-11-02	21.97	21.97	21.88	21.88	500
2023	2023-11-03	21.88	21.88	21.88	21.88	600
2024	2023-11-06	21.88	21.88	21.88	21.88	200
2025	2023-11-07	21.88	21.88	21.88	21.88	300
2026	2023-11-08	21.7	21.7	21.43	21.43	1100
2027	2023-11-09	21.43	21.88	21.43	21.7	9642
2028	2023-11-10	21.43	22.05	21.43	21.88	300
2029	2023-11-13	21.88	21.88	21.61	21.79	540
2030	2023-11-14	22.32	22.32	22.32	22.32	510
2031	2023-11-15	22.14	22.14	21.43	21.43	2030
2032	2023-11-16	22.14	22.14	22.05	22.05	500
2033	2023-11-17	22.05	22.14	22.05	22.05	1052
2034	2023-11-20	22.05	22.05	21.52	21.52	600
2035	2023-11-21	21.88	22.32	21.88	22.32	500
2036	2023-11-22	22.05	22.32	21.52	21.52	2800
2037	2023-11-23	22.05	22.05	22.05	22.05	100
2038	2023-11-24	22.05	22.05	21.7	21.7	331
2039	2023-11-27	22.14	22.14	21.79	21.79	500
2040	2023-11-28	21.88	21.88	21.88	21.88	350
2041	2023-11-29	21.88	21.97	21.88	21.97	1000
2042	2023-11-30	21.88	21.88	21.79	21.79	1038
2043	2023-12-01	21.88	22.23	21.88	22.05	544
2044	2023-12-04	22.05	22.05	21.52	21.97	1200
2045	2023-12-05	21.97	21.97	21.7	21.7	636
2046	2023-12-06	22.05	22.32	21.88	22.32	5301
2047	2023-12-07	22.32	22.32	21.88	21.88	708
2048	2023-12-08	22.14	22.32	22.14	22.32	2900
2049	2023-12-11	22.23	22.23	22.23	22.23	3300
2050	2023-12-12	22.32	22.32	22.32	22.32	130
2051	2023-12-13	22.32	22.32	22.32	22.32	1
2052	2023-12-14	23.04	23.04	23.04	23.04	101
2053	2023-12-15	22.86	22.86	22.86	22.86	100
2054	2023-12-18	23.04	23.04	23.04	23.04	100
2055	2023-12-19	22.77	22.95	22.77	22.95	201
2056	2023-12-20	22.32	22.41	22.32	22.41	1602
2057	2023-12-21	22.32	22.32	22.32	22.32	1100
2058	2023-12-22	22.32	22.32	22.32	22.32	2034
2059	2023-12-25	22.41	24.11	22.41	24.11	200
2060	2023-12-26	23.22	23.3	23.22	23.3	2500
2061	2023-12-27	23.13	23.22	23.13	23.22	328
2062	2023-12-28	23.22	23.22	23.22	23.22	0
2063	2023-12-29	23.22	23.22	23.22	23.22	720
2064	2024-01-02	23.22	23.22	23.22	23.22	2700
2065	2024-01-03	23.22	23.22	23.22	23.22	5
2066	2024-01-04	23.22	23.22	23.22	23.22	72
2067	2024-01-05	23.22	23.22	23.22	23.22	0
2068	2024-01-08	23.22	23.22	23.22	23.22	0
2069	2024-01-09	23.22	23.22	23.22	23.22	0
2070	2024-01-10	23.04	23.04	23.04	23.04	1000
2071	2024-01-11	23.22	23.22	23.22	23.22	230
2072	2024-01-12	23.13	23.13	23.13	23.13	703
2073	2024-01-15	23.13	23.13	23.13	23.13	4
2074	2024-01-16	23.04	23.22	23.04	23.22	11400
2075	2024-01-17	23.13	23.13	23.13	23.13	100
2076	2024-01-18	23.22	23.22	23.22	23.22	4800
2077	2024-01-19	23.22	23.22	23.22	23.22	80
2078	2024-01-22	23.22	23.22	23.22	23.22	6000
2079	2024-01-23	23.22	23.22	23.22	23.22	3201
2080	2024-01-24	23.22	23.22	23.22	23.22	33
2081	2024-01-25	24.02	24.02	24.02	24.02	122
2082	2024-01-26	23.22	23.22	23.22	23.22	12000
2083	2024-01-29	23.22	23.22	23.22	23.22	800
2084	2024-01-30	23.22	23.66	23.22	23.66	5009
2085	2024-01-31	23.66	23.66	23.66	23.66	4200
2086	2024-02-01	24.11	24.11	24.11	24.11	6122
2087	2024-02-02	23.66	24.11	23.66	24.11	5015
2088	2024-02-05	24.11	24.29	24.11	24.29	2100
2089	2024-02-06	24.55	24.55	23.22	23.22	15807
2090	2024-02-07	24.55	24.55	24.55	24.55	124
2091	2024-02-15	24.55	24.55	24.55	24.55	410
2092	2024-02-16	24.55	25.0	23.66	25.0	7600
2093	2024-02-19	24.82	24.82	24.82	24.82	205
2094	2024-02-20	24.82	24.82	24.82	24.82	4500
2095	2024-02-21	24.73	25.0	24.73	25.0	6012
2096	2024-02-22	24.11	24.11	24.11	24.11	2815
2097	2024-02-23	24.11	25.0	24.11	25.0	9742
2098	2024-02-26	25.0	25.89	25.0	25.89	1000
2099	2024-02-27	25.8	25.8	25.8	25.8	1422
2100	2024-02-28	25.72	25.89	25.72	25.89	8800
2101	2024-02-29	26.79	26.79	26.7	26.7	1251
2102	2024-03-01	26.79	28.57	24.11	25.09	46300
2103	2024-03-04	25.8	25.98	25.8	25.89	601
2104	2024-03-05	25.89	27.68	25.89	27.23	4797
2105	2024-03-06	27.05	27.59	27.05	27.59	1003
2106	2024-03-07	27.68	27.68	27.68	27.68	230
2107	2024-03-08	27.68	27.68	27.68	27.68	1300
2108	2024-03-11	27.68	27.68	27.59	27.68	1366
2109	2024-03-12	27.68	27.68	27.68	27.68	800
2110	2024-03-13	28.57	28.57	28.57	28.57	1050
2111	2024-03-14	29.91	31.25	29.47	29.47	1510
2112	2024-03-15	29.47	30.36	26.79	26.79	1402
2113	2024-03-18	26.79	28.57	26.79	28.57	1100
2114	2024-03-19	29.47	29.47	29.38	29.38	510
2115	2024-03-20	28.57	29.02	28.57	28.57	2213
2116	2024-03-21	29.02	29.02	28.13	28.13	1769
2117	2024-03-22	29.38	29.38	29.38	29.38	300
2118	2024-03-25	29.29	29.38	29.29	29.38	1668
2119	2024-03-26	29.29	29.29	28.13	28.13	3100
2120	2024-03-27	28.57	29.38	28.57	29.38	3227
2121	2024-03-28	29.38	30.36	29.38	30.36	6409
2122	2024-03-29	30.36	32.14	30.36	31.7	70560
2123	2024-04-01	32.14	35.72	32.14	35.72	74552
2124	2024-04-02	36.25	39.73	35.72	39.2	85981
2125	2024-04-03	39.38	39.38	33.31	38.31	31371
2126	2024-04-04	37.5	37.5	33.93	37.5	9212
2127	2024-04-05	36.43	36.43	33.48	36.16	30281
2128	2024-04-08	31.16	38.39	31.16	37.5	5305
2129	2024-04-09	38.39	39.2	38.39	39.2	206
2130	2024-04-10	39.2	39.2	35.54	38.39	4217
2131	2024-04-11	36.61	36.61	35.72	36.61	1016
2132	2024-04-12	36.61	36.61	36.16	36.61	3115
2133	2024-04-15	36.16	38.39	36.16	38.39	29501
2134	2024-04-16	39.29	39.29	37.95	38.84	5931
2135	2024-04-17	38.8	43.5	38.0	38.0	8931
2136	2024-04-19	43.0	43.0	33.7	33.7	9901
2137	2024-04-22	35.1	35.2	35.1	35.2	1200
2138	2024-04-23	35.3	35.5	35.2	35.3	2510
2139	2024-04-24	35.5	40.0	35.5	39.0	1499
2140	2024-04-25	37.5	37.5	37.5	37.5	15
2141	2024-04-26	37.0	37.0	35.0	35.0	600
2142	2024-05-02	37.0	37.0	35.5	35.5	3410
2143	2024-05-03	35.5	36.9	35.5	36.9	490
2144	2024-05-06	36.5	36.5	35.5	35.5	1300
2145	2024-05-07	36.5	36.5	36.1	36.1	800
2146	2024-05-08	36.3	37.0	36.3	37.0	1000
2147	2024-05-09	36.5	39.5	36.0	39.5	25739
2148	2024-05-10	38.0	39.5	38.0	38.2	20100
2149	2024-05-13	39.0	41.0	39.0	39.1	2800
2150	2024-05-14	39.0	39.5	38.0	39.4	4000
2151	2024-05-15	39.0	39.0	36.8	37.5	810
2152	2024-05-16	39.4	39.5	39.3	39.3	4100
2153	2024-05-17	39.1	39.2	38.1	39.2	8217
2154	2024-05-20	39.2	40.0	39.0	40.0	6314
2155	2024-05-21	40.0	43.9	39.2	40.6	14074
2156	2024-05-22	41.5	41.5	41.5	41.5	800
2157	2024-05-23	41.3	41.3	40.0	40.0	2600
2158	2024-05-24	41.0	42.0	40.1	42.0	4605
2159	2024-05-27	42.0	42.0	41.0	41.0	5500
2160	2024-05-28	41.0	41.0	41.0	41.0	1407
2161	2024-05-29	41.0	41.0	41.0	41.0	104
2162	2024-05-30	40.0	42.5	40.0	42.5	1410
2163	2024-05-31	40.5	40.5	40.5	40.5	1982
2164	2024-06-03	41.0	41.0	41.0	41.0	322
2165	2024-06-04	41.0	41.0	41.0	41.0	5206
2166	2024-06-05	42.0	42.0	42.0	42.0	100
2167	2024-06-06	41.0	41.0	41.0	41.0	805
2168	2024-06-07	41.5	41.5	41.5	41.5	202
2169	2024-06-10	41.5	41.5	41.5	41.5	130
2170	2024-06-11	41.1	41.1	41.1	41.1	100
2171	2024-06-12	41.1	41.1	41.1	41.1	0
2172	2024-06-13	41.0	41.5	41.0	41.5	793
2173	2024-06-14	41.0	41.5	41.0	41.5	1100
2174	2024-06-17	41.5	41.5	41.3	41.3	2714
2175	2024-06-18	39.0	40.0	39.0	40.0	846
2176	2024-06-19	41.0	41.5	41.0	41.5	23751
2177	2024-06-20	41.4	41.4	41.4	41.4	501
2178	2024-06-21	41.0	41.0	40.5	40.5	1225
2179	2024-06-24	40.5	40.5	40.1	40.5	2703
2180	2024-06-25	40.2	41.0	40.2	40.5	1345
2181	2024-06-26	40.5	40.5	39.9	40.0	8315
2182	2024-06-27	40.5	40.5	39.9	39.9	2201
2183	2024-06-28	40.0	40.0	40.0	40.0	610
2184	2024-07-01	40.0	40.0	39.0	40.0	716
2185	2024-07-02	40.0	40.0	40.0	40.0	2193
2186	2024-07-03	40.0	40.0	39.9	39.9	1781
2187	2024-07-04	40.0	40.6	39.8	40.6	7590
2188	2024-07-05	40.0	40.0	40.0	40.0	510
2189	2024-07-08	40.5	40.5	39.9	40.0	4032
2190	2024-07-09	40.5	40.5	40.1	40.1	4564
2191	2024-07-10	40.5	40.5	40.0	40.0	4200
2192	2024-07-11	41.0	41.0	40.5	40.5	1017
2193	2024-07-12	41.0	41.0	40.2	40.2	1100
2194	2024-07-15	40.5	40.9	40.0	40.5	2511
2195	2024-07-16	40.9	41.0	40.9	40.9	6021
2196	2024-07-17	41.0	41.0	40.5	40.5	2149
2197	2024-07-18	40.5	41.0	40.5	40.9	5037
2198	2024-07-19	41.0	41.0	40.5	40.9	5519
2199	2024-07-22	40.0	40.9	40.0	40.5	4802
2200	2024-07-23	40.5	40.5	40.1	40.5	4764
2201	2024-07-24	40.0	40.5	40.0	40.5	5303
2202	2024-07-25	40.5	40.5	40.2	40.3	2231
2203	2024-07-26	40.2	40.3	40.0	40.3	6500
2204	2024-07-29	41.0	41.0	40.1	40.2	3800
2205	2024-07-30	40.5	40.7	40.3	40.7	3500
2206	2024-07-31	40.7	40.7	40.7	40.7	300
2207	2024-08-01	40.7	40.7	40.7	40.7	2000
2208	2024-08-02	40.7	41.0	40.5	41.0	2200
2209	2024-08-05	40.0	40.7	40.0	40.5	1800
2210	2024-08-06	40.7	40.9	40.7	40.8	2600
2211	2024-08-07	40.6	40.6	40.5	40.5	4100
2212	2024-08-08	40.6	40.6	40.6	40.6	27100
2213	2024-08-09	40.5	40.5	40.4	40.4	2600
2214	2024-08-12	40.8	40.8	40.5	40.5	500
2215	2024-08-13	40.8	40.8	40.5	40.7	2400
2216	2024-08-14	40.6	40.6	40.5	40.5	700
2217	2024-08-15	40.5	40.6	40.3	40.6	6200
2218	2024-08-16	40.5	40.5	40.5	40.5	900
2219	2024-08-19	40.5	40.5	40.5	40.5	2100
2220	2024-08-20	40.5	40.6	40.5	40.5	14800
2221	2024-08-21	40.6	40.6	40.5	40.5	1500
2222	2024-08-22	40.6	40.6	40.6	40.6	100
2223	2024-08-23	40.5	40.7	40.2	40.5	6000
2224	2024-08-26	40.6	40.6	40.5	40.5	1200
2225	2024-08-27	40.0	40.4	40.0	40.0	17600
2226	2024-08-28	40.0	40.0	39.9	40.0	4000
2227	2024-08-29	40.0	40.0	39.8	40.0	11100
2228	2024-08-30	40.0	40.0	39.9	40.0	15500
2229	2024-09-04	40.0	40.0	40.0	40.0	3500
2230	2024-09-05	40.0	40.0	39.9	40.0	6700
2231	2024-09-06	40.0	40.0	39.8	39.8	6100
2232	2024-09-09	39.8	40.0	39.8	40.0	3000
2233	2024-09-10	40.0	40.0	39.8	40.0	1200
2234	2024-09-11	40.0	40.0	40.0	40.0	1000
2235	2024-09-12	40.0	40.0	40.0	40.0	500
2236	2024-09-13	40.0	40.0	40.0	40.0	1000
2237	2024-09-16	39.8	40.0	39.8	39.9	11800
2238	2024-09-17	40.0	40.0	39.8	39.9	5600
2239	2024-09-18	40.0	40.0	40.0	40.0	3600
2240	2024-09-19	40.0	40.0	39.8	39.8	800
2241	2024-09-20	39.9	39.9	39.8	39.9	1100
2242	2024-09-23	39.9	40.0	39.9	40.0	1300
2243	2024-09-24	39.9	39.9	39.9	39.9	300
2244	2024-09-25	39.9	39.9	39.9	39.9	1900
2245	2024-09-26	39.9	40.0	39.9	39.9	10100
2246	2024-09-27	39.9	39.9	39.9	39.9	4800
2247	2024-09-30	39.9	39.9	39.9	39.9	100
2248	2024-10-01	39.9	39.9	39.2	39.9	2300
2249	2024-10-03	40.0	40.0	39.5	39.5	900
2250	2024-10-04	39.9	39.9	39.8	39.9	1000
2251	2024-10-07	40.0	40.0	39.9	39.9	4600
2252	2024-10-08	39.9	40.0	39.9	39.9	21300
2253	2024-10-09	39.9	39.9	39.8	39.9	7600
2254	2024-10-10	39.9	39.9	39.5	39.5	4600
2255	2024-10-11	39.9	39.9	39.9	39.9	1100
2256	2024-10-14	39.9	39.9	39.9	39.9	200
2257	2024-10-15	39.8	39.8	39.8	39.8	4400
2258	2024-10-16	34.2	39.9	34.2	39.8	3700
2259	2024-10-17	38.6	39.8	38.6	39.8	3800
2260	2024-10-18	39.9	39.9	39.0	39.8	700
2261	2024-10-21	39.6	39.6	39.5	39.6	1200
2262	2024-10-22	39.6	39.6	39.6	39.6	300
2263	2024-10-23	39.5	39.5	39.5	39.5	1000
2264	2024-10-24	39.5	39.5	39.5	39.5	500
2265	2024-10-25	39.5	39.5	39.0	39.0	600
2266	2024-10-28	39.0	39.0	39.0	39.0	100
2267	2024-10-29	39.0	39.0	38.9	38.9	12000
2268	2024-10-30	38.8	38.9	38.8	38.8	3100
2269	2024-10-31	38.8	38.8	38.8	38.8	600
2270	2024-11-01	39.0	39.0	38.8	38.8	1100
2271	2024-11-04	38.8	38.8	38.8	38.8	600
2272	2024-11-05	39.0	39.0	39.0	39.0	500
2273	2024-11-06	39.0	39.0	39.0	39.0	1000
2274	2024-11-07	39.0	39.0	39.0	39.0	1000
2275	2024-11-08	38.9	39.0	38.8	39.0	1500
2276	2024-11-11	38.9	39.0	38.9	39.0	700
2277	2024-11-12	39.0	39.0	38.5	38.5	2400
2278	2024-11-13	38.7	38.8	38.7	38.8	1700
2279	2024-11-14	39.0	39.0	39.0	39.0	700
2280	2024-11-15	38.9	38.9	38.5	38.5	3800
2281	2024-11-18	38.5	38.8	38.5	38.8	600
2282	2024-11-19	39.0	39.0	38.8	38.8	700
2283	2024-11-20	39.0	39.0	39.0	39.0	200
2284	2024-11-21	38.8	39.0	38.8	39.0	600
2285	2024-11-22	39.0	39.0	39.0	39.0	100
2286	2024-11-25	39.0	39.0	39.0	39.0	300
2287	2024-11-26	39.0	39.0	38.5	38.5	400
2288	2024-11-27	39.0	39.0	39.0	39.0	200
2289	2024-11-28	39.0	39.0	39.0	39.0	10800
2290	2024-11-29	39.0	39.0	38.8	38.9	3300
2291	2024-12-02	39.0	39.0	38.9	38.9	3000
2292	2024-12-03	38.9	39.0	38.8	39.0	5300
2293	2024-12-04	39.0	39.0	39.0	39.0	7200
2294	2024-12-05	39.0	39.0	39.0	39.0	3800
2295	2024-12-06	39.0	39.0	38.9	38.9	1500
2296	2024-12-09	39.0	39.0	39.0	39.0	200
2297	2024-12-10	39.0	39.0	38.8	39.0	1000
2298	2024-12-11	39.0	39.0	39.0	39.0	1500
2299	2024-12-12	38.9	38.9	38.8	38.8	3100
2300	2024-12-13	38.9	38.9	38.8	38.9	2800
2301	2024-12-16	38.9	38.9	38.9	38.9	500
2302	2024-12-17	39.0	39.0	39.0	39.0	500
2303	2024-12-18	39.0	39.0	39.0	39.0	400
2304	2024-12-20	39.0	39.0	39.0	39.0	200
2305	2024-12-23	38.9	38.9	38.9	38.9	1100
2306	2024-12-24	38.8	38.9	38.8	38.9	3400
2307	2024-12-25	38.9	38.9	38.9	38.9	600
2308	2024-12-26	38.8	38.8	38.8	38.8	3100
2309	2024-12-27	38.8	38.8	38.8	38.8	1100
2310	2024-12-31	38.9	38.9	38.9	38.9	1000
2311	2025-01-02	39.5	39.5	39.0	39.0	600
2312	2025-01-06	39.0	39.0	38.8	38.9	2000
2313	2025-01-07	38.5	39.0	38.5	39.0	11500
2314	2025-01-08	38.8	39.0	38.8	39.0	4500
2315	2025-01-09	39.0	39.0	39.0	39.0	100
2316	2025-01-10	39.0	39.0	39.0	39.0	3100
2317	2025-01-13	39.0	39.0	39.0	39.0	100
2318	2025-01-14	39.0	39.0	39.0	39.0	1500
2319	2025-01-15	39.0	39.0	38.9	38.9	400
2320	2025-01-16	38.9	38.9	38.9	38.9	600
2321	2025-01-17	38.9	38.9	38.9	38.9	200
2322	2025-01-20	38.9	38.9	38.4	38.5	1000
2323	2025-01-21	38.7	38.8	38.7	38.8	2300
2324	2025-01-22	39.0	39.0	39.0	39.0	1300
2325	2025-01-23	39.0	39.0	38.9	38.9	600
2326	2025-01-24	38.8	38.9	38.8	38.9	400
2327	2025-02-03	38.8	38.8	38.8	38.8	500
2328	2025-02-04	38.8	38.8	38.7	38.8	3100
2329	2025-02-05	39.0	39.0	39.0	39.0	500
2330	2025-02-06	39.0	39.0	38.9	39.0	6700
2331	2025-02-07	39.0	39.0	39.0	39.0	300
2332	2025-02-10	37.0	38.9	37.0	38.9	800
2333	2025-02-11	38.9	39.5	38.9	39.0	4100
2334	2025-02-12	38.9	39.0	38.9	39.0	1000
2335	2025-02-13	39.0	39.0	38.7	38.7	1500
2336	2025-02-14	39.0	39.0	39.0	39.0	1200
2337	2025-02-17	39.0	39.0	39.0	39.0	1800
2338	2025-02-18	39.0	39.0	39.0	39.0	8100
2339	2025-02-19	39.9	39.9	39.9	39.9	1900
2340	2025-02-20	39.7	40.0	39.7	40.0	1600
2341	2025-02-21	39.9	39.9	39.9	39.9	2800
2342	2025-02-24	38.5	39.9	38.5	39.9	600
2343	2025-02-25	38.8	41.0	38.8	41.0	1900
2344	2025-02-26	41.5	41.7	41.5	41.7	800
2345	2025-02-28	41.6	41.6	39.9	41.6	900
2346	2025-03-03	40.0	41.0	39.5	40.5	1300
2347	2025-03-04	41.0	41.2	39.7	40.8	700
2348	2025-03-05	41.0	41.0	40.5	41.0	600
2349	2025-03-06	40.8	41.5	40.8	41.5	300
2350	2025-03-07	44.0	44.0	41.0	42.0	500
2351	2025-03-10	40.0	42.0	40.0	42.0	1100
2352	2025-03-11	42.0	42.0	40.3	40.3	800
2353	2025-03-12	41.8	41.8	41.6	41.6	200
2354	2025-03-13	41.0	45.5	41.0	41.0	2300
2355	2025-03-14	41.9	41.9	41.2	41.2	800
2356	2025-03-17	41.6	46.0	41.6	41.7	1700
2357	2025-03-18	41.6	43.0	41.6	43.0	5900
2358	2025-03-19	42.9	42.9	42.7	42.8	1000
2359	2025-03-20	40.0	42.8	40.0	42.5	600
2360	2025-03-21	40.0	41.0	40.0	41.0	2300
2361	2025-03-24	40.2	42.0	40.2	42.0	400
2362	2025-03-25	41.0	41.0	40.0	40.0	1800
2363	2025-03-26	40.5	40.5	40.5	40.5	1000
2364	2025-03-27	42.0	42.0	40.0	40.5	7700
2365	2025-03-28	42.0	42.0	41.0	41.5	500
2366	2025-03-31	41.5	41.5	41.0	41.0	300
2367	2025-04-01	41.0	41.5	41.0	41.5	500
