	time	open	high	low	close	volume
0	2015-09-14	11.63	0.0	0.0	0.0	0
1	2015-09-15	11.63	0.0	0.0	0.0	0
2	2015-09-16	11.63	0.0	0.0	0.0	0
3	2015-09-17	11.63	0.0	0.0	0.0	0
4	2015-09-18	11.63	0.0	0.0	0.0	0
5	2015-09-21	11.63	0.0	0.0	0.0	0
6	2015-09-22	11.63	0.0	0.0	0.0	0
7	2015-09-23	11.63	0.0	0.0	0.0	0
8	2015-09-24	11.63	0.0	0.0	0.0	0
9	2015-09-25	11.63	0.0	0.0	0.0	0
10	2015-09-28	11.63	0.0	0.0	0.0	0
11	2015-09-29	11.63	0.0	0.0	0.0	0
12	2015-09-30	11.63	0.0	0.0	0.0	0
13	2015-10-01	11.63	0.0	0.0	0.0	0
14	2015-10-02	11.63	0.0	0.0	0.0	0
15	2015-10-05	11.63	0.0	0.0	0.0	0
16	2015-10-06	11.63	0.0	0.0	0.0	0
17	2015-10-07	11.63	0.0	0.0	0.0	0
18	2015-10-08	11.63	0.0	0.0	0.0	0
19	2015-10-09	11.63	0.0	0.0	0.0	0
20	2015-10-12	11.63	0.0	0.0	0.0	0
21	2015-10-13	11.63	0.0	0.0	0.0	0
22	2015-10-14	11.63	0.0	0.0	0.0	0
23	2015-10-15	11.63	0.0	0.0	0.0	0
24	2015-10-16	9.71	0.0	0.0	0.0	0
25	2015-10-19	9.71	0.0	0.0	0.0	0
26	2015-10-20	9.71	0.0	0.0	0.0	0
27	2015-10-21	9.71	0.0	0.0	0.0	0
28	2015-10-22	9.71	0.0	0.0	0.0	0
29	2015-10-23	9.71	0.0	0.0	0.0	0
30	2015-10-26	9.71	0.0	0.0	0.0	0
31	2015-10-27	9.71	0.0	0.0	0.0	0
32	2015-10-28	9.71	0.0	0.0	0.0	0
33	2015-10-29	9.71	0.0	0.0	0.0	0
34	2015-10-30	9.71	0.0	0.0	0.0	0
35	2015-11-02	9.71	0.0	0.0	0.0	0
36	2015-11-03	9.71	0.0	0.0	0.0	0
37	2015-11-04	9.71	0.0	0.0	0.0	0
38	2015-11-05	9.71	0.0	0.0	0.0	0
39	2015-11-06	9.71	0.0	0.0	0.0	0
40	2015-11-09	9.71	0.0	0.0	0.0	0
41	2015-11-10	9.71	0.0	0.0	0.0	0
42	2015-11-11	9.71	0.0	0.0	0.0	0
43	2015-11-12	9.71	0.0	0.0	0.0	0
44	2015-11-13	9.71	0.0	0.0	0.0	0
45	2015-11-16	9.71	0.0	0.0	0.0	0
46	2015-11-17	9.71	0.0	0.0	0.0	0
47	2015-11-18	9.71	0.0	0.0	0.0	0
48	2015-11-19	9.71	0.0	0.0	0.0	0
49	2015-11-20	9.71	0.0	0.0	0.0	0
50	2015-11-23	9.71	0.0	0.0	0.0	0
51	2015-11-24	9.71	0.0	0.0	0.0	0
52	2015-11-25	9.71	0.0	0.0	0.0	0
53	2015-11-26	9.71	0.0	0.0	0.0	0
54	2015-11-27	9.71	0.0	0.0	0.0	0
55	2015-11-30	9.71	0.0	0.0	0.0	0
56	2015-12-01	13.38	13.38	13.38	13.38	500
57	2015-12-02	15.35	15.35	15.35	15.35	500
58	2015-12-03	17.45	17.45	17.45	17.45	500
59	2015-12-04	17.45	17.45	17.45	17.45	0
60	2015-12-07	17.45	17.45	17.45	17.45	0
61	2015-12-08	17.45	17.45	17.45	17.45	0
62	2015-12-09	17.45	17.45	17.45	17.45	0
63	2015-12-10	20.07	20.07	20.07	20.07	500
64	2015-12-11	20.07	20.07	20.07	20.07	0
65	2015-12-14	18.03	18.03	18.03	18.03	5000
66	2015-12-15	18.03	18.03	18.03	18.03	0
67	2015-12-16	18.03	18.03	18.03	18.03	0
68	2015-12-17	18.03	18.03	18.03	18.03	0
69	2015-12-18	18.03	18.03	18.03	18.03	0
70	2015-12-21	18.03	18.03	18.03	18.03	0
71	2015-12-22	18.03	18.03	18.03	18.03	0
72	2015-12-23	18.03	18.03	18.03	18.03	0
73	2015-12-24	18.03	18.03	18.03	18.03	0
74	2015-12-25	18.03	18.03	18.03	18.03	0
75	2015-12-28	18.03	18.03	18.03	18.03	0
76	2015-12-29	18.03	18.03	18.03	18.03	0
77	2015-12-30	18.03	18.03	18.03	18.03	0
78	2015-12-31	18.03	18.03	18.03	18.03	0
79	2016-01-04	18.03	18.03	18.03	18.03	0
80	2016-01-05	18.03	18.03	18.03	18.03	0
81	2016-01-06	19.19	19.19	19.19	19.19	2000
82	2016-01-07	19.19	19.19	19.19	19.19	0
83	2016-01-08	19.19	19.19	19.19	19.19	0
84	2016-01-11	19.19	19.19	19.19	19.19	0
85	2016-01-12	19.19	19.19	19.19	19.19	0
86	2016-01-13	20.36	20.36	20.36	20.36	2100
87	2016-01-14	20.36	20.36	20.36	20.36	0
88	2016-01-15	20.36	20.36	20.36	20.36	0
89	2016-01-18	20.36	20.36	20.36	20.36	0
90	2016-01-19	20.36	20.36	20.36	20.36	0
91	2016-01-20	20.36	20.36	20.36	20.36	0
92	2016-01-21	20.36	20.36	20.36	20.36	2800
93	2016-01-22	20.36	20.36	20.36	20.36	0
94	2016-01-25	20.36	20.36	20.36	20.36	0
95	2016-01-26	20.36	20.36	20.36	20.36	0
96	2016-01-27	20.36	20.36	20.36	20.36	0
97	2016-01-28	20.36	20.36	20.36	20.36	0
98	2016-01-29	20.36	20.36	20.36	20.36	0
99	2016-02-01	20.36	20.36	20.36	20.36	0
100	2016-02-02	20.36	20.36	20.36	20.36	0
101	2016-02-03	20.36	20.36	20.36	20.36	0
102	2016-02-04	20.36	20.36	20.36	20.36	0
103	2016-02-05	20.36	20.36	20.36	20.36	0
104	2016-02-15	20.36	20.36	20.36	20.36	0
105	2016-02-16	17.45	17.45	17.45	17.45	100
106	2016-02-17	17.45	17.45	17.45	17.45	0
107	2016-02-18	17.45	17.45	17.45	17.45	0
108	2016-02-19	17.45	17.45	17.45	17.45	0
109	2016-02-22	17.45	17.45	17.45	17.45	0
110	2016-02-23	17.45	17.45	17.45	17.45	0
111	2016-02-24	17.45	17.45	17.45	17.45	0
112	2016-02-25	17.45	17.45	17.45	17.45	0
113	2016-02-26	17.45	17.45	17.45	17.45	0
114	2016-02-29	17.45	17.45	17.45	17.45	0
115	2016-03-01	17.45	17.45	17.45	17.45	0
116	2016-03-02	17.45	17.45	17.45	17.45	0
117	2016-03-03	17.45	17.45	17.45	17.45	0
118	2016-03-04	17.45	17.45	17.45	17.45	0
119	2016-03-07	17.45	17.45	17.45	17.45	0
120	2016-03-08	17.45	17.45	17.45	17.45	0
121	2016-03-09	17.45	17.45	17.45	17.45	0
122	2016-03-10	17.45	17.45	17.45	17.45	0
123	2016-03-11	17.45	17.45	17.45	17.45	0
124	2016-03-14	17.45	17.45	17.45	17.45	0
125	2016-03-15	17.45	17.45	17.45	17.45	0
126	2016-03-16	17.45	17.45	17.45	17.45	0
127	2016-03-17	17.45	17.45	17.45	17.45	0
128	2016-03-18	17.45	17.45	17.45	17.45	0
129	2016-03-21	17.45	17.45	17.45	17.45	0
130	2016-03-22	17.45	17.45	17.45	17.45	0
131	2016-03-23	17.45	17.45	17.45	17.45	0
132	2016-03-24	17.45	17.45	17.45	17.45	0
133	2016-03-25	17.45	17.45	17.45	17.45	0
134	2016-03-28	17.45	17.45	17.45	17.45	0
135	2016-03-29	16.87	16.87	16.87	16.87	1100
136	2016-03-30	16.87	16.87	16.87	16.87	0
137	2016-03-31	16.87	16.87	16.87	16.87	0
138	2016-04-01	16.87	16.87	16.87	16.87	0
139	2016-04-04	16.87	16.87	16.87	16.87	0
140	2016-04-05	16.87	16.87	16.87	16.87	0
141	2016-04-06	16.87	16.87	16.87	16.87	0
142	2016-04-07	16.87	16.87	16.87	16.87	0
143	2016-04-08	16.87	16.87	16.87	16.87	0
144	2016-04-11	16.87	16.87	16.87	16.87	0
145	2016-04-12	16.87	16.87	16.87	16.87	0
146	2016-04-13	16.87	16.87	16.87	16.87	0
147	2016-04-14	16.87	16.87	16.87	16.87	0
148	2016-04-15	16.87	16.87	16.87	16.87	0
149	2016-04-19	16.87	16.87	16.87	16.87	0
150	2016-04-20	16.87	16.87	16.87	16.87	0
151	2016-04-21	19.37	19.37	19.37	19.37	1000
152	2016-04-22	19.37	19.37	19.37	19.37	0
153	2016-04-25	19.37	19.37	19.37	19.37	0
154	2016-04-26	19.37	19.37	19.37	19.37	0
155	2016-04-27	19.37	19.37	19.37	19.37	0
156	2016-04-28	19.37	19.37	19.37	19.37	0
157	2016-04-29	19.37	19.37	19.37	19.37	0
158	2016-05-04	19.37	19.37	19.37	19.37	0
159	2016-05-05	19.37	19.37	19.37	19.37	0
160	2016-05-06	19.37	19.37	19.37	19.37	0
161	2016-05-09	19.37	19.37	19.37	19.37	0
162	2016-05-10	19.37	19.37	19.37	19.37	0
163	2016-05-11	19.37	19.37	19.37	19.37	0
164	2016-05-12	19.37	19.37	19.37	19.37	0
165	2016-05-13	19.37	19.37	19.37	19.37	0
166	2016-05-16	19.37	19.37	19.37	19.37	0
167	2016-05-17	19.37	19.37	19.37	19.37	0
168	2016-05-18	19.37	19.37	19.37	19.37	0
169	2016-05-19	19.37	19.37	19.37	19.37	0
170	2016-05-20	19.37	19.37	19.37	19.37	0
171	2016-05-23	19.37	19.37	19.37	19.37	0
172	2016-05-24	19.37	19.37	19.37	19.37	0
173	2016-05-25	19.37	19.37	19.37	19.37	0
174	2016-05-26	19.37	19.37	19.37	19.37	0
175	2016-05-27	19.37	19.37	19.37	19.37	0
176	2016-05-30	19.37	19.37	19.37	19.37	0
177	2016-05-31	19.37	19.37	19.37	19.37	0
178	2016-06-01	19.37	19.37	19.37	19.37	0
179	2016-06-02	19.37	19.37	19.37	19.37	0
180	2016-06-03	19.37	19.37	19.37	19.37	0
181	2016-06-06	19.37	19.37	19.37	19.37	0
182	2016-06-07	19.37	19.37	19.37	19.37	0
183	2016-06-08	19.37	19.37	19.37	19.37	0
184	2016-06-09	19.37	19.37	19.37	19.37	0
185	2016-06-10	19.37	19.37	19.37	19.37	0
186	2016-06-13	19.37	19.37	19.37	19.37	0
187	2016-06-14	19.37	19.37	19.37	19.37	0
188	2016-06-15	19.37	19.37	19.37	19.37	0
189	2016-06-16	19.37	19.37	19.37	19.37	0
190	2016-06-17	19.37	19.37	19.37	19.37	0
191	2016-06-20	19.37	19.37	19.37	19.37	0
192	2016-06-21	19.37	19.37	19.37	19.37	0
193	2016-06-22	19.37	19.37	19.37	19.37	0
194	2016-06-23	19.37	19.37	19.37	19.37	0
195	2016-06-24	19.37	19.37	19.37	19.37	0
196	2016-06-27	19.37	19.37	19.37	19.37	0
197	2016-06-28	19.37	19.37	19.37	19.37	0
198	2016-06-29	19.37	19.37	19.37	19.37	0
199	2016-06-30	19.37	19.37	19.37	19.37	0
200	2016-07-01	15.7	15.7	15.7	15.7	100
201	2016-07-04	15.7	15.7	15.7	15.7	0
202	2016-07-05	15.7	15.7	15.7	15.7	0
203	2016-07-06	15.7	15.7	15.7	15.7	0
204	2016-07-07	15.7	15.7	15.7	15.7	0
205	2016-07-08	15.7	15.7	15.7	15.7	0
206	2016-07-11	15.7	15.7	15.7	15.7	0
207	2016-07-12	15.7	15.7	15.7	15.7	0
208	2016-07-13	16.87	16.87	16.87	16.87	1000
209	2016-07-14	16.87	16.87	16.87	16.87	0
210	2016-07-15	16.87	16.87	16.87	16.87	0
211	2016-07-18	16.87	16.87	16.87	16.87	0
212	2016-07-19	16.87	16.87	16.87	16.87	0
213	2016-07-20	16.87	16.87	16.87	16.87	0
214	2016-07-21	16.87	16.87	16.87	16.87	0
215	2016-07-22	16.87	16.87	16.87	16.87	0
216	2016-07-25	16.87	16.87	16.87	16.87	0
217	2016-07-26	16.87	16.87	16.87	16.87	0
218	2016-07-27	16.87	16.87	16.87	16.87	0
219	2016-07-28	16.87	16.87	16.87	16.87	0
220	2016-07-29	16.87	16.87	16.87	16.87	0
221	2016-08-01	16.87	16.87	16.87	16.87	0
222	2016-08-02	16.87	16.87	16.87	16.87	0
223	2016-08-03	16.87	16.87	16.87	16.87	0
224	2016-08-04	16.87	16.87	16.87	16.87	0
225	2016-08-05	16.87	16.87	16.87	16.87	0
226	2016-08-08	16.87	16.87	16.87	16.87	0
227	2016-08-09	16.87	16.87	16.87	16.87	0
228	2016-08-10	15.7	15.7	15.7	15.7	1100
229	2016-08-11	15.7	15.7	15.7	15.7	2000
230	2016-08-12	15.7	15.7	15.7	15.7	0
231	2016-08-15	15.12	16.28	15.12	15.7	3600
232	2016-08-16	15.7	15.7	15.7	15.7	25200
233	2016-08-17	15.7	15.7	15.7	15.7	25900
234	2016-08-18	15.7	15.7	15.7	15.7	7900
235	2016-08-19	15.7	15.7	15.7	15.7	900
236	2016-08-22	15.7	15.7	15.7	15.7	300
237	2016-08-23	15.7	15.7	15.7	15.7	900
238	2016-08-24	15.7	15.7	15.7	15.7	10400
239	2016-08-25	15.7	15.7	15.7	15.7	0
240	2016-08-26	16.58	16.58	16.58	16.58	200
241	2016-08-29	16.58	16.58	16.58	16.58	0
242	2016-08-30	16.58	16.58	16.58	16.58	0
243	2016-08-31	17.18	17.18	17.18	17.18	0
244	2016-09-01	17.18	17.18	17.18	17.18	0
245	2016-09-05	17.18	17.18	17.18	17.18	0
246	2016-09-06	17.18	17.18	17.18	17.18	0
247	2016-09-07	17.18	17.18	17.18	17.18	0
248	2016-09-08	17.18	17.18	17.18	17.18	0
249	2016-09-09	17.18	17.18	17.18	17.18	0
250	2016-09-12	17.18	17.18	17.18	17.18	0
251	2016-09-13	17.18	17.18	17.18	17.18	0
252	2016-09-14	17.18	17.18	17.18	17.18	0
253	2016-09-15	17.18	17.18	17.18	17.18	0
254	2016-09-16	17.18	17.18	17.18	17.18	0
255	2016-09-19	17.18	17.18	17.18	17.18	0
256	2016-09-20	17.18	17.18	17.18	17.18	0
257	2016-09-21	17.18	17.18	17.18	17.18	0
258	2016-09-22	17.18	17.18	17.18	17.18	0
259	2016-09-23	16.27	16.27	16.27	16.27	3000
260	2016-09-26	16.27	16.27	16.27	16.27	0
261	2016-09-27	16.27	16.27	16.27	16.27	200
262	2016-09-28	16.27	16.27	16.27	16.27	0
263	2016-09-29	16.27	16.27	16.27	16.27	9400
264	2016-09-30	16.21	16.27	16.21	16.27	10000
265	2016-10-03	16.27	16.27	16.27	16.27	0
266	2016-10-04	16.27	16.27	16.27	16.27	0
267	2016-10-05	16.27	16.27	16.27	16.27	0
268	2016-10-06	16.27	16.27	16.27	16.27	0
269	2016-10-07	16.27	16.27	16.27	16.27	0
270	2016-10-10	16.27	16.27	16.27	16.27	0
271	2016-10-11	16.27	16.27	16.27	16.27	0
272	2016-10-12	16.27	16.27	16.27	16.27	0
273	2016-10-13	16.27	16.27	16.27	16.27	0
274	2016-10-14	16.27	16.27	16.27	16.27	0
275	2016-10-17	16.27	16.27	16.27	16.27	0
276	2016-10-18	16.27	16.27	16.27	16.27	0
277	2016-10-19	16.27	16.27	16.27	16.27	0
278	2016-10-20	16.27	16.27	16.27	16.27	0
279	2016-10-21	16.27	16.27	16.27	16.27	0
280	2016-10-24	16.27	16.27	16.27	16.27	0
281	2016-10-25	16.27	16.27	16.27	16.27	0
282	2016-10-26	16.27	16.27	16.27	16.27	0
283	2016-10-27	16.27	16.27	16.27	16.27	0
284	2016-10-28	16.27	16.27	16.27	16.27	0
285	2016-10-31	16.27	16.27	16.27	16.27	0
286	2016-11-01	16.27	16.27	16.27	16.27	0
287	2016-11-02	16.27	16.27	16.27	16.27	0
288	2016-11-03	16.27	16.27	16.27	16.27	0
289	2016-11-04	16.27	16.27	16.27	16.27	0
290	2016-11-07	16.27	16.27	16.27	16.27	0
291	2016-11-08	16.27	16.27	16.27	16.27	0
292	2016-11-09	16.27	16.27	16.27	16.27	0
293	2016-11-10	16.27	16.27	16.27	16.27	0
294	2016-11-11	13.86	13.86	13.86	13.86	100
295	2016-11-14	13.86	13.86	13.86	13.86	0
296	2016-11-15	13.86	13.86	13.86	13.86	0
297	2016-11-16	13.86	13.86	13.86	13.86	0
298	2016-11-17	11.87	11.87	11.87	11.87	100
299	2016-11-18	11.87	11.87	11.87	11.87	0
300	2016-11-21	13.62	13.62	13.62	13.62	800
301	2016-11-22	13.62	13.62	13.62	13.62	0
302	2016-11-23	15.61	15.61	15.61	15.61	100
303	2016-11-24	15.61	15.61	15.61	15.61	0
304	2016-11-25	15.61	15.61	15.61	15.61	0
305	2016-11-28	15.61	15.61	15.61	15.61	0
306	2016-11-29	15.61	15.61	15.61	15.61	0
307	2016-11-30	16.27	16.27	16.27	16.27	12600
308	2016-12-01	16.27	16.27	16.27	16.27	300
309	2016-12-02	16.27	16.27	16.27	16.27	0
310	2016-12-05	16.27	16.27	16.27	16.27	0
311	2016-12-06	16.9	16.9	16.9	16.9	0
312	2016-12-07	16.27	16.27	16.27	16.27	1100
313	2016-12-08	16.9	16.9	16.9	16.9	22000
314	2016-12-09	16.59	16.59	16.59	16.59	100
315	2016-12-12	16.59	16.59	16.59	16.59	0
316	2016-12-13	16.27	16.27	16.27	16.27	200
317	2016-12-14	16.27	16.27	16.27	16.27	0
318	2016-12-15	16.27	16.27	16.27	16.27	0
319	2016-12-16	16.9	16.9	16.9	16.9	60000
320	2016-12-19	16.9	16.9	16.9	16.9	62100
321	2016-12-20	16.9	16.9	16.9	16.9	0
322	2016-12-21	16.9	16.9	16.9	16.9	0
323	2016-12-22	16.9	16.9	16.9	16.9	0
324	2016-12-23	16.9	16.9	16.9	16.9	0
325	2016-12-26	16.9	16.9	16.9	16.9	0
326	2016-12-27	16.9	16.9	16.9	16.9	0
327	2016-12-28	16.9	16.9	16.9	16.9	0
328	2016-12-29	15.65	15.65	15.65	15.65	5000
329	2016-12-30	15.65	15.65	14.4	14.4	1600
330	2017-01-03	14.4	14.4	14.4	14.4	0
331	2017-01-04	14.4	14.4	14.4	14.4	0
332	2017-01-05	14.4	14.4	14.4	14.4	0
333	2017-01-06	14.4	14.4	14.4	14.4	0
334	2017-01-09	14.4	14.4	14.4	14.4	0
335	2017-01-10	14.4	14.4	14.4	14.4	0
336	2017-01-11	14.4	14.4	14.4	14.4	0
337	2017-01-12	14.4	14.4	14.4	14.4	0
338	2017-01-13	14.4	14.4	14.4	14.4	0
339	2017-01-16	14.4	14.4	14.4	14.4	0
340	2017-01-17	14.4	14.4	14.4	14.4	0
341	2017-01-18	14.4	14.4	14.4	14.4	0
342	2017-01-19	14.4	14.4	14.4	14.4	0
343	2017-01-20	14.4	14.4	14.4	14.4	0
344	2017-01-23	14.4	14.4	14.4	14.4	0
345	2017-01-24	14.4	14.4	14.4	14.4	0
346	2017-01-25	14.4	14.4	14.4	14.4	0
347	2017-02-02	14.4	14.4	14.4	14.4	0
348	2017-02-03	14.4	14.4	14.4	14.4	0
349	2017-02-06	14.4	14.4	14.4	14.4	0
350	2017-02-07	14.4	14.4	14.4	14.4	0
351	2017-02-08	14.4	14.4	14.4	14.4	0
352	2017-02-09	14.4	14.4	14.4	14.4	0
353	2017-02-10	14.4	14.4	14.4	14.4	0
354	2017-02-13	14.4	14.4	14.4	14.4	0
355	2017-02-14	14.4	14.4	14.4	14.4	0
356	2017-02-15	14.4	14.4	14.4	14.4	0
357	2017-02-16	14.4	14.4	14.4	14.4	0
358	2017-02-17	14.4	14.4	14.4	14.4	0
359	2017-02-20	14.4	14.4	14.4	14.4	0
360	2017-02-21	14.4	14.4	14.4	14.4	0
361	2017-02-22	14.4	14.4	14.4	14.4	0
362	2017-02-23	9.01	9.01	9.01	9.01	100
363	2017-02-24	9.01	9.01	9.01	9.01	0
364	2017-02-27	9.01	9.01	9.01	9.01	0
365	2017-02-28	9.01	9.01	9.01	9.01	0
366	2017-03-01	9.01	9.01	9.01	9.01	0
367	2017-03-02	9.01	9.01	9.01	9.01	0
368	2017-03-03	9.01	9.01	9.01	9.01	0
369	2017-03-06	9.01	9.01	9.01	9.01	0
370	2017-03-07	9.01	9.01	9.01	9.01	0
371	2017-03-08	9.01	9.01	9.01	9.01	0
372	2017-03-09	9.01	9.01	9.01	9.01	0
373	2017-03-10	9.01	9.01	9.01	9.01	0
374	2017-03-13	9.01	9.01	9.01	9.01	0
375	2017-03-14	9.01	9.01	9.01	9.01	0
376	2017-03-15	9.01	9.01	9.01	9.01	0
377	2017-03-16	9.01	9.01	9.01	9.01	0
378	2017-03-17	9.01	9.01	9.01	9.01	0
379	2017-03-20	9.01	9.01	9.01	9.01	0
380	2017-03-21	9.01	9.01	9.01	9.01	0
381	2017-03-22	9.01	9.01	9.01	9.01	0
382	2017-03-23	9.01	9.01	9.01	9.01	0
383	2017-03-24	9.01	9.01	9.01	9.01	0
384	2017-03-27	9.01	9.01	9.01	9.01	0
385	2017-03-28	9.01	9.01	9.01	9.01	0
386	2017-03-29	9.01	9.01	9.01	9.01	0
387	2017-03-30	9.01	9.01	9.01	9.01	0
388	2017-03-31	9.01	9.01	9.01	9.01	0
389	2017-04-03	9.01	9.01	9.01	9.01	0
390	2017-04-04	9.01	9.01	9.01	9.01	0
391	2017-04-05	10.33	10.33	10.33	10.33	100
392	2017-04-07	11.83	11.83	11.83	11.83	100
393	2017-04-10	11.83	11.83	11.83	11.83	0
394	2017-04-11	11.83	11.83	11.83	11.83	0
395	2017-04-12	11.83	11.83	11.83	11.83	0
396	2017-04-13	13.58	13.58	13.58	13.58	100
397	2017-04-14	15.59	15.59	15.59	15.59	100
398	2017-04-17	17.84	17.84	17.84	17.84	800
399	2017-04-18	17.84	17.84	17.84	17.84	0
400	2017-04-19	17.84	17.84	17.84	17.84	0
401	2017-04-20	17.84	17.84	17.84	17.84	0
402	2017-04-21	17.84	17.84	17.84	17.84	0
403	2017-04-24	17.84	17.84	17.84	17.84	0
404	2017-04-25	17.84	17.84	17.84	17.84	0
405	2017-04-26	17.84	17.84	17.84	17.84	0
406	2017-04-27	20.47	20.47	20.47	20.47	200
407	2017-04-28	20.47	20.47	20.47	20.47	0
408	2017-05-03	20.15	20.15	20.15	20.15	100
409	2017-05-04	20.34	20.34	20.34	20.34	100
410	2017-05-05	17.34	17.34	17.34	17.34	100
411	2017-05-08	19.9	19.9	19.9	19.9	100
412	2017-05-09	19.9	19.9	19.9	19.9	0
413	2017-05-10	19.9	19.9	19.9	19.9	0
414	2017-05-11	19.9	19.9	19.9	19.9	0
415	2017-05-12	19.9	19.9	19.9	19.9	0
416	2017-05-15	19.9	19.9	19.9	19.9	0
417	2017-05-16	18.78	18.78	18.78	18.78	100
418	2017-05-17	18.78	18.78	18.78	18.78	0
419	2017-05-18	18.78	18.78	18.78	18.78	0
420	2017-05-19	18.78	18.78	18.78	18.78	0
421	2017-05-22	18.78	18.78	18.78	18.78	0
422	2017-05-23	18.78	18.78	18.78	18.78	0
423	2017-05-24	18.78	18.78	18.78	18.78	0
424	2017-05-25	18.78	18.78	18.78	18.78	0
425	2017-05-26	18.78	18.78	18.78	18.78	0
426	2017-05-29	18.78	18.78	18.78	18.78	0
427	2017-05-30	18.78	18.78	18.78	18.78	0
428	2017-05-31	18.78	18.78	18.78	18.78	0
429	2017-06-01	18.78	18.78	18.78	18.78	0
430	2017-06-02	18.78	18.78	18.78	18.78	0
431	2017-06-05	18.78	18.78	18.78	18.78	0
432	2017-06-06	18.78	18.78	18.78	18.78	0
433	2017-06-07	18.78	18.78	18.78	18.78	0
434	2017-06-08	18.78	18.78	18.78	18.78	0
435	2017-06-09	18.78	18.78	18.78	18.78	600
436	2017-06-12	18.78	18.78	18.78	18.78	0
437	2017-06-13	18.78	18.78	18.78	18.78	0
438	2017-06-14	18.78	18.9	18.78	18.9	500
439	2017-06-15	18.97	18.97	18.97	18.97	100
440	2017-06-16	18.97	18.97	18.97	18.97	0
441	2017-06-19	18.97	18.97	18.97	18.97	0
442	2017-06-20	18.97	18.97	18.97	18.97	0
443	2017-06-21	18.97	18.97	18.97	18.97	0
444	2017-06-22	18.97	18.97	18.97	18.97	1000
445	2017-06-23	18.97	18.97	18.97	18.97	0
446	2017-06-26	18.97	18.97	18.97	18.97	0
447	2017-06-27	18.97	18.97	18.97	18.97	0
448	2017-06-28	18.97	18.97	18.97	18.97	0
449	2017-06-29	18.97	18.97	18.97	18.97	0
450	2017-06-30	18.97	18.97	18.97	18.97	0
451	2017-07-03	18.97	18.97	18.97	18.97	0
452	2017-07-04	18.97	18.97	18.97	18.97	0
453	2017-07-05	18.97	18.97	18.97	18.97	0
454	2017-07-06	18.97	18.97	18.97	18.97	0
455	2017-07-07	18.97	18.97	18.97	18.97	0
456	2017-07-10	18.97	18.97	18.97	18.97	0
457	2017-07-11	18.97	18.97	18.97	18.97	0
458	2017-07-12	18.97	18.97	18.97	18.97	0
459	2017-07-13	18.97	18.97	18.97	18.97	0
460	2017-07-14	18.97	18.97	18.97	18.97	0
461	2017-07-17	18.97	18.97	18.97	18.97	0
462	2017-07-18	18.97	18.97	18.97	18.97	0
463	2017-07-19	18.97	18.97	18.97	18.97	0
464	2017-07-20	18.97	18.97	18.97	18.97	0
465	2017-07-21	18.97	18.97	18.97	18.97	0
466	2017-07-24	18.97	18.97	18.97	18.97	0
467	2017-07-25	18.97	18.97	18.97	18.97	0
468	2017-07-26	18.97	18.97	18.97	18.97	0
469	2017-07-27	18.97	18.97	18.97	18.97	0
470	2017-07-28	18.97	18.97	18.97	18.97	0
471	2017-07-31	26.54	26.54	26.54	26.54	100
472	2017-08-01	26.54	26.54	26.54	26.54	0
473	2017-08-02	26.54	26.54	26.54	26.54	0
474	2017-08-03	26.54	26.54	26.54	26.54	0
475	2017-08-04	26.54	26.54	26.54	26.54	0
476	2017-08-07	26.54	26.54	26.54	26.54	0
477	2017-08-08	26.54	26.54	26.54	26.54	0
478	2017-08-09	26.54	26.54	26.54	26.54	0
479	2017-08-10	26.54	26.54	26.54	26.54	0
480	2017-08-11	26.54	26.54	26.54	26.54	0
481	2017-08-14	26.54	26.54	26.54	26.54	0
482	2017-08-15	26.54	26.54	26.54	26.54	0
483	2017-08-16	26.54	26.54	26.54	26.54	0
484	2017-08-17	26.54	26.54	26.54	26.54	0
485	2017-08-18	26.54	26.54	26.54	26.54	0
486	2017-08-21	26.54	26.54	26.54	26.54	0
487	2017-08-22	26.54	26.54	26.54	26.54	0
488	2017-08-23	26.54	26.54	26.54	26.54	0
489	2017-08-24	26.54	26.54	26.54	26.54	0
490	2017-08-25	26.54	26.54	26.54	26.54	0
491	2017-08-28	26.54	26.54	26.54	26.54	0
492	2017-08-29	26.54	26.54	26.54	26.54	0
493	2017-08-30	26.54	26.54	26.54	26.54	0
494	2017-08-31	26.54	26.54	26.54	26.54	0
495	2017-09-01	26.54	26.54	26.54	26.54	0
496	2017-09-05	26.54	26.54	26.54	26.54	0
497	2017-09-06	26.54	26.54	26.54	26.54	0
498	2017-09-07	26.54	26.54	26.54	26.54	0
499	2017-09-08	26.54	26.54	26.54	26.54	0
500	2017-09-11	26.54	26.54	26.54	26.54	0
501	2017-09-12	26.54	26.54	26.54	26.54	0
502	2017-09-13	26.54	26.54	26.54	26.54	0
503	2017-09-14	26.54	26.54	26.54	26.54	0
504	2017-09-15	26.54	26.54	26.54	26.54	0
505	2017-09-18	26.54	26.54	26.54	26.54	0
506	2017-09-19	26.54	26.54	26.54	26.54	0
507	2017-09-20	26.54	26.54	26.54	26.54	0
508	2017-09-21	26.54	26.54	26.54	26.54	0
509	2017-09-22	26.54	26.54	26.54	26.54	0
510	2017-09-25	26.54	26.54	26.54	26.54	0
511	2017-09-26	26.54	26.54	26.54	26.54	0
512	2017-09-27	26.54	26.54	26.54	26.54	0
513	2017-09-28	26.54	26.54	26.54	26.54	0
514	2017-09-29	26.54	26.54	26.54	26.54	0
515	2017-10-02	26.54	26.54	26.54	26.54	0
516	2017-10-03	26.54	26.54	26.54	26.54	0
517	2017-10-04	26.54	26.54	26.54	26.54	0
518	2017-10-05	26.54	26.54	26.54	26.54	0
519	2017-10-06	26.54	26.54	26.54	26.54	0
520	2017-10-09	26.54	26.54	26.54	26.54	0
521	2017-10-10	26.54	26.54	26.54	26.54	0
522	2017-10-11	26.54	26.54	26.54	26.54	0
523	2017-10-12	26.54	26.54	26.54	26.54	0
524	2017-10-13	26.54	26.54	26.54	26.54	0
525	2017-10-16	26.54	26.54	26.54	26.54	0
526	2017-10-17	16.83	16.83	16.83	16.83	21600
527	2017-10-18	16.83	16.83	16.83	16.83	0
528	2017-10-19	16.83	16.83	16.83	16.83	0
529	2017-10-20	16.83	16.83	16.83	16.83	0
530	2017-10-23	16.83	16.83	16.83	16.83	0
531	2017-10-24	16.83	16.83	16.83	16.83	0
532	2017-10-25	16.83	16.83	16.83	16.83	0
533	2017-10-26	16.83	16.83	16.83	16.83	0
534	2017-10-27	16.83	16.83	16.83	16.83	0
535	2017-10-30	16.83	16.83	16.83	16.83	0
536	2017-10-31	16.83	16.83	16.83	16.83	0
537	2017-11-01	16.83	16.83	16.83	16.83	0
538	2017-11-02	16.83	16.83	16.83	16.83	0
539	2017-11-03	16.83	16.83	16.83	16.83	0
540	2017-11-06	16.83	16.83	16.83	16.83	0
541	2017-11-07	16.83	16.83	16.83	16.83	0
542	2017-11-08	16.83	16.83	16.83	16.83	0
543	2017-11-09	16.83	16.83	16.83	16.83	0
544	2017-11-10	16.83	16.83	16.83	16.83	0
545	2017-11-13	16.83	16.83	16.83	16.83	0
546	2017-11-14	16.83	16.83	16.83	16.83	0
547	2017-11-15	16.83	16.83	16.83	16.83	0
548	2017-11-16	16.83	16.83	16.83	16.83	0
549	2017-11-17	16.83	16.83	16.83	16.83	0
550	2017-11-20	16.83	16.83	16.83	16.83	0
551	2017-11-21	16.83	16.83	16.83	16.83	0
552	2017-11-22	16.83	16.83	16.83	16.83	0
553	2017-11-23	16.83	16.83	16.83	16.83	0
554	2017-11-24	16.83	16.83	16.83	16.83	0
555	2017-11-27	13.01	13.01	13.01	13.01	1100
556	2017-11-28	13.01	13.01	13.01	13.01	0
557	2017-11-29	13.01	13.01	13.01	13.01	0
558	2017-11-30	13.01	13.01	13.01	13.01	0
559	2017-12-01	13.01	13.01	13.01	13.01	0
560	2017-12-04	13.01	13.01	13.01	13.01	0
561	2017-12-05	13.01	13.01	13.01	13.01	0
562	2017-12-06	13.01	13.01	13.01	13.01	0
563	2017-12-07	13.01	13.01	13.01	13.01	0
564	2017-12-08	13.01	13.01	13.01	13.01	0
565	2017-12-11	13.01	13.01	13.01	13.01	0
566	2017-12-12	13.01	13.01	13.01	13.01	0
567	2017-12-13	13.01	13.01	13.01	13.01	0
568	2017-12-14	13.01	13.01	13.01	13.01	0
569	2017-12-15	13.01	13.01	13.01	13.01	0
570	2017-12-18	13.01	13.01	13.01	13.01	0
571	2017-12-19	13.01	13.01	13.01	13.01	0
572	2017-12-20	13.01	13.01	13.01	13.01	0
573	2017-12-21	13.01	13.01	13.01	13.01	0
574	2017-12-22	13.01	13.01	13.01	13.01	0
575	2017-12-25	13.01	13.01	13.01	13.01	0
576	2017-12-26	13.01	13.01	13.01	13.01	0
577	2017-12-27	13.01	13.01	13.01	13.01	0
578	2017-12-28	13.01	13.01	13.01	13.01	0
579	2017-12-29	13.01	13.01	13.01	13.01	0
580	2018-01-02	13.01	13.01	13.01	13.01	0
581	2018-01-03	13.01	13.01	13.01	13.01	0
582	2018-01-04	13.01	13.01	13.01	13.01	0
583	2018-01-05	13.01	13.01	13.01	13.01	0
584	2018-01-08	18.19	18.19	18.19	18.19	100
585	2018-01-09	18.19	18.19	18.19	18.19	0
586	2018-01-10	18.19	18.19	18.19	18.19	0
587	2018-01-11	18.19	18.19	18.19	18.19	0
588	2018-01-12	18.19	18.19	18.19	18.19	0
589	2018-01-15	18.19	18.19	18.19	18.19	0
590	2018-01-16	18.19	18.19	18.19	18.19	0
591	2018-01-17	18.19	18.19	18.19	18.19	0
592	2018-01-18	18.19	18.19	18.19	18.19	61
593	2018-01-19	18.19	18.19	18.19	18.19	0
594	2018-01-22	18.19	18.19	18.19	18.19	0
595	2018-01-23	18.19	18.19	18.19	18.19	0
596	2018-01-24	18.19	18.19	18.19	18.19	0
597	2018-01-25	18.19	18.19	18.19	18.19	0
598	2018-01-26	18.19	18.19	18.19	18.19	0
599	2018-01-29	18.19	18.19	18.19	18.19	0
600	2018-01-30	18.19	18.19	18.19	18.19	0
601	2018-01-31	18.19	18.19	18.19	18.19	0
602	2018-02-01	18.19	18.19	18.19	18.19	0
603	2018-02-02	18.19	18.19	18.19	18.19	0
604	2018-02-05	18.19	18.19	18.19	18.19	0
605	2018-02-06	18.19	18.19	18.19	18.19	0
606	2018-02-07	18.19	18.19	18.19	18.19	0
607	2018-02-08	18.19	18.19	18.19	18.19	0
608	2018-02-09	18.19	18.19	18.19	18.19	0
609	2018-02-12	18.19	18.19	18.19	18.19	11
610	2018-02-13	18.19	18.19	18.19	18.19	0
611	2018-02-21	18.19	18.19	18.19	18.19	0
612	2018-02-22	18.19	18.19	18.19	18.19	0
613	2018-02-23	18.19	18.19	18.19	18.19	0
614	2018-02-26	18.19	18.19	18.19	18.19	0
615	2018-02-27	18.19	18.19	18.19	18.19	0
616	2018-02-28	18.19	18.19	18.19	18.19	0
617	2018-03-01	18.19	18.19	18.19	18.19	0
618	2018-03-02	18.19	18.19	18.19	18.19	0
619	2018-03-05	18.19	18.19	18.19	18.19	0
620	2018-03-06	18.19	18.19	18.19	18.19	0
621	2018-03-07	18.19	18.19	18.19	18.19	0
622	2018-03-08	18.19	18.19	18.19	18.19	0
623	2018-03-09	18.19	18.19	18.19	18.19	0
624	2018-03-12	18.19	18.19	18.19	18.19	0
625	2018-03-13	18.19	18.19	18.19	18.19	0
626	2018-03-14	18.19	18.19	18.19	18.19	0
627	2018-03-15	18.19	18.19	18.19	18.19	0
628	2018-03-16	18.19	18.19	18.19	18.19	0
629	2018-03-19	18.19	18.19	18.19	18.19	0
630	2018-03-20	25.41	25.41	25.41	25.41	3200
631	2018-03-21	25.41	25.41	25.41	25.41	0
632	2018-03-22	25.41	25.41	25.41	25.41	0
633	2018-03-23	25.41	25.41	25.41	25.41	0
634	2018-03-26	25.41	25.41	25.41	25.41	0
635	2018-03-27	25.41	25.41	25.41	25.41	0
636	2018-03-28	29.16	29.16	21.66	21.66	6000
637	2018-03-29	27.93	27.93	27.93	27.93	0
638	2018-03-30	27.93	27.93	27.93	27.93	0
639	2018-04-02	27.93	27.93	27.93	27.93	0
640	2018-04-03	27.93	27.93	27.93	27.93	0
641	2018-04-04	27.93	27.93	27.93	27.93	100
642	2018-04-05	27.93	27.93	27.93	27.93	0
643	2018-04-06	23.84	23.84	23.84	23.84	300
644	2018-04-09	20.44	20.44	20.44	20.44	400
645	2018-04-10	20.44	20.44	20.44	20.44	0
646	2018-04-11	20.44	20.44	20.44	20.44	31
647	2018-04-12	20.44	20.44	20.44	20.44	0
648	2018-04-13	23.43	23.43	23.43	23.43	5000
649	2018-04-16	23.43	23.43	23.43	23.43	0
650	2018-04-17	23.43	23.43	23.43	23.43	0
651	2018-04-18	23.43	23.43	23.43	23.43	0
652	2018-04-19	23.43	23.43	23.43	23.43	0
653	2018-04-20	23.43	23.43	23.43	23.43	0
654	2018-04-23	20.44	20.44	20.44	20.44	100
655	2018-04-24	20.44	20.44	20.44	20.44	0
656	2018-04-26	20.44	20.44	20.44	20.44	0
657	2018-04-27	20.44	20.44	20.44	20.44	100
658	2018-05-02	20.44	20.44	20.44	20.44	0
659	2018-05-03	20.44	20.44	20.44	20.44	0
660	2018-05-04	20.44	20.44	20.44	20.44	0
661	2018-05-07	20.44	20.44	20.44	20.44	0
662	2018-05-08	20.44	20.44	20.44	20.44	0
663	2018-05-09	20.44	20.44	20.44	20.44	0
664	2018-05-10	20.44	20.44	20.44	20.44	0
665	2018-05-11	20.44	20.44	20.44	20.44	0
666	2018-05-14	20.5	20.5	20.5	20.5	200
667	2018-05-15	20.5	20.5	20.5	20.5	0
668	2018-05-16	20.5	20.5	20.5	20.5	0
669	2018-05-17	20.5	20.5	20.5	20.5	100
670	2018-05-18	20.5	20.5	20.5	20.5	1000
671	2018-05-21	20.5	20.5	20.5	20.5	0
672	2018-05-22	20.5	20.5	20.5	20.5	0
673	2018-05-23	20.5	20.5	20.5	20.5	0
674	2018-05-24	20.5	20.5	20.5	20.5	0
675	2018-05-25	20.5	20.5	20.5	20.5	0
676	2018-05-28	20.5	20.5	20.5	20.5	0
677	2018-05-29	20.5	20.5	20.5	20.5	0
678	2018-05-30	20.5	20.5	20.5	20.5	0
679	2018-05-31	20.5	20.5	20.5	20.5	0
680	2018-06-01	20.5	20.5	20.5	20.5	0
681	2018-06-04	20.5	20.5	20.5	20.5	0
682	2018-06-05	20.5	20.5	20.5	20.5	0
683	2018-06-06	20.5	20.5	20.5	20.5	0
684	2018-06-07	20.5	20.5	20.5	20.5	0
685	2018-06-08	20.5	20.5	20.5	21.96	30
686	2018-06-11	20.79	20.79	20.79	20.79	100
687	2018-06-12	21.09	21.09	21.09	21.09	100
688	2018-06-13	21.09	21.09	21.09	21.09	0
689	2018-06-14	21.09	21.09	21.09	21.09	0
690	2018-06-15	21.09	21.09	21.09	21.09	0
691	2018-06-18	21.09	21.09	21.09	21.09	0
692	2018-06-19	21.09	21.09	21.09	21.09	0
693	2018-06-20	21.09	21.09	21.09	21.09	0
694	2018-06-21	21.09	21.09	21.09	21.09	0
695	2018-06-22	21.09	21.09	21.09	21.09	0
696	2018-06-25	21.09	21.09	21.09	21.09	0
697	2018-06-26	21.09	21.09	21.09	21.09	0
698	2018-06-27	21.09	21.09	21.09	21.09	0
699	2018-06-28	21.09	21.09	21.09	21.09	1
700	2018-06-29	21.09	21.09	21.09	21.09	0
701	2018-07-02	21.09	21.09	21.09	21.09	10
702	2018-07-03	21.09	21.09	21.09	21.09	0
703	2018-07-04	21.09	21.09	21.09	21.09	0
704	2018-07-05	21.09	21.09	21.09	21.09	5
705	2018-07-06	21.09	21.09	21.09	21.09	0
706	2018-07-09	21.09	21.09	21.09	21.09	0
707	2018-07-10	21.09	21.09	21.09	21.09	0
708	2018-07-11	21.09	21.09	21.09	21.09	0
709	2018-07-12	21.09	21.09	21.09	21.09	0
710	2018-07-13	21.09	21.09	21.09	21.09	0
711	2018-07-16	21.09	21.09	21.09	21.09	0
712	2018-07-17	21.09	21.09	21.09	21.09	0
713	2018-07-18	21.09	21.09	21.09	21.09	0
714	2018-07-19	21.89	21.89	21.89	21.89	400
715	2018-07-20	20.43	20.43	20.43	20.43	400
716	2018-07-23	20.43	20.43	20.43	20.43	0
717	2018-07-24	20.43	20.43	20.43	20.43	0
718	2018-07-25	20.43	20.43	20.43	20.43	0
719	2018-07-26	20.43	20.43	20.43	20.43	0
720	2018-07-27	20.43	20.43	20.43	20.43	0
721	2018-07-30	20.43	20.43	20.43	20.43	0
722	2018-07-31	20.43	20.43	20.43	20.43	0
723	2018-08-01	20.43	20.43	20.43	20.43	0
724	2018-08-02	20.43	20.43	20.43	20.43	0
725	2018-08-03	20.43	20.43	20.43	20.43	3
726	2018-08-06	20.43	20.43	20.43	20.43	0
727	2018-08-07	20.43	20.43	20.43	20.43	0
728	2018-08-08	20.43	20.43	20.43	20.43	40
729	2018-08-09	20.07	20.07	20.07	20.07	400
730	2018-08-10	20.07	20.07	20.07	20.07	0
731	2018-08-13	20.07	20.07	20.07	20.07	0
732	2018-08-14	20.07	20.07	20.07	20.07	0
733	2018-08-15	20.07	20.07	20.07	20.07	0
734	2018-08-16	20.07	20.07	20.07	20.07	0
735	2018-08-17	20.07	20.07	20.07	20.07	0
736	2018-08-20	20.07	20.07	20.07	20.07	0
737	2018-08-21	20.07	20.07	20.07	20.07	0
738	2018-08-22	20.07	20.07	20.07	20.07	0
739	2018-08-23	20.07	20.07	20.07	20.07	8
740	2018-08-24	20.07	20.07	20.07	20.07	0
741	2018-08-27	20.07	20.07	20.07	20.07	0
742	2018-08-28	19.12	19.12	18.24	18.24	1300
743	2018-08-29	18.53	18.53	18.53	18.53	0
744	2018-08-30	18.53	18.53	18.53	18.53	0
745	2018-08-31	18.53	18.53	18.53	18.53	0
746	2018-09-04	15.76	15.76	15.76	15.76	400
747	2018-09-05	15.76	15.76	15.76	15.76	0
748	2018-09-06	15.76	15.76	15.76	15.76	0
749	2018-09-07	15.76	15.76	15.76	15.76	0
750	2018-09-10	15.76	15.76	15.76	15.76	0
751	2018-09-11	18.1	18.1	18.1	18.1	200
752	2018-09-12	18.24	18.24	18.24	18.24	100
753	2018-09-13	18.24	18.24	18.24	18.24	0
754	2018-09-14	18.24	18.24	18.24	18.24	0
755	2018-09-17	18.24	18.24	18.24	18.24	0
756	2018-09-18	20.94	20.94	20.94	20.94	200
757	2018-09-19	20.94	20.94	20.94	20.94	0
758	2018-09-20	20.94	20.94	20.94	20.94	0
759	2018-09-21	20.94	20.94	20.94	20.94	0
760	2018-09-24	20.94	20.94	20.94	20.94	0
761	2018-09-25	18.68	18.68	18.68	18.68	100
762	2018-09-26	18.68	18.68	18.68	18.68	0
763	2018-09-27	18.68	18.68	18.68	18.68	0
764	2018-09-28	18.68	18.68	18.68	18.68	0
765	2018-10-01	18.68	18.68	18.68	18.68	0
766	2018-10-02	18.68	18.68	18.68	18.68	0
767	2018-10-03	18.68	18.68	18.68	18.68	0
768	2018-10-04	18.68	18.68	18.68	18.68	0
769	2018-10-05	18.68	18.68	18.68	18.68	0
770	2018-10-08	18.68	18.68	18.68	18.68	0
771	2018-10-09	18.68	18.68	18.68	18.68	0
772	2018-10-10	15.91	15.91	15.91	15.91	100
773	2018-10-11	18.24	18.24	18.24	18.24	100
774	2018-10-12	18.24	18.24	18.24	18.24	0
775	2018-10-15	18.24	18.24	18.24	18.24	0
776	2018-10-16	15.76	15.76	15.76	15.76	100
777	2018-10-17	15.76	15.76	15.76	15.76	0
778	2018-10-18	15.76	15.76	15.76	15.76	0
779	2018-10-19	15.76	15.76	15.76	15.76	0
780	2018-10-22	15.76	15.76	15.76	15.76	0
781	2018-10-23	15.76	15.76	15.76	15.76	0
782	2018-10-24	15.76	15.76	15.76	15.76	0
783	2018-10-25	15.76	15.76	15.76	15.76	0
784	2018-10-26	15.76	15.76	15.76	15.76	0
785	2018-10-29	13.43	13.43	13.43	13.43	100
786	2018-10-30	13.43	13.43	13.43	13.43	0
787	2018-10-31	13.43	13.43	13.43	13.43	0
788	2018-11-01	13.43	13.43	13.43	13.43	0
789	2018-11-02	15.4	15.4	15.4	15.4	2000
790	2018-11-05	17.66	17.66	17.66	17.66	100
791	2018-11-06	16.13	16.13	16.13	16.13	1000
792	2018-11-07	18.53	18.53	18.53	18.53	100
793	2018-11-08	21.23	21.23	18.97	18.97	1500
794	2018-11-09	21.89	21.89	19.12	19.12	1000
795	2018-11-12	16.85	16.85	16.85	16.85	100
796	2018-11-13	16.85	16.85	16.85	16.85	0
797	2018-11-14	16.85	16.85	16.85	16.85	0
798	2018-11-15	19.34	19.34	19.34	19.34	300
799	2018-11-16	17.51	17.58	17.51	17.58	15200
800	2018-11-19	20.1	20.1	20.1	20.1	100
801	2018-11-20	22.99	22.99	22.99	22.99	100
802	2018-11-21	19.57	19.57	19.57	19.57	100
803	2018-11-22	19.57	19.57	19.57	19.57	0
804	2018-11-23	19.79	19.79	19.79	19.79	100
805	2018-11-26	16.83	16.83	16.83	16.83	100
806	2018-11-27	18.27	18.27	18.27	18.27	200
807	2018-11-28	18.27	18.27	18.27	18.27	0
808	2018-11-29	18.27	18.27	18.27	18.27	0
809	2018-11-30	18.27	18.27	18.27	18.27	0
810	2018-12-03	18.27	18.27	18.27	18.27	200
811	2018-12-04	18.27	18.27	18.27	18.27	0
812	2018-12-05	21.01	21.01	21.01	21.01	100
813	2018-12-06	24.13	24.13	24.13	24.13	100
814	2018-12-07	25.05	25.05	25.05	25.05	100
815	2018-12-10	25.05	25.05	25.05	25.05	0
816	2018-12-11	25.05	25.05	25.05	25.05	0
817	2018-12-12	25.05	25.05	25.05	25.05	0
818	2018-12-13	25.05	25.05	25.05	25.05	0
819	2018-12-14	25.05	25.05	25.05	25.05	0
820	2018-12-17	25.05	25.05	25.05	25.05	0
821	2018-12-18	21.32	21.32	21.32	21.32	100
822	2018-12-19	24.44	24.44	24.44	24.44	110
823	2018-12-20	20.78	20.78	20.78	20.78	400
824	2018-12-21	20.78	20.78	20.78	20.78	0
825	2018-12-24	17.97	17.97	17.97	17.97	100
826	2018-12-25	17.97	17.97	17.97	17.97	0
827	2018-12-26	17.97	17.97	17.97	17.97	0
828	2018-12-27	17.97	17.97	17.97	17.97	0
829	2018-12-28	17.97	17.97	17.97	17.97	0
830	2019-01-02	17.97	17.97	17.97	17.97	0
831	2019-01-03	17.97	17.97	17.97	17.97	0
832	2019-01-04	17.97	17.97	17.97	17.97	0
833	2019-01-07	17.97	17.97	17.97	17.97	0
834	2019-01-08	17.97	17.97	17.97	17.97	0
835	2019-01-09	17.97	17.97	17.97	17.97	0
836	2019-01-10	17.97	17.97	17.97	17.97	0
837	2019-01-11	17.97	17.97	17.97	17.97	0
838	2019-01-14	15.76	15.76	15.76	15.76	100
839	2019-01-15	15.76	15.76	15.76	15.76	0
840	2019-01-16	15.76	15.76	15.76	15.76	0
841	2019-01-17	15.76	15.76	15.76	15.76	0
842	2019-01-18	18.12	18.12	18.12	18.12	100
843	2019-01-21	18.12	18.12	18.12	18.12	0
844	2019-01-22	18.12	18.12	18.12	18.12	0
845	2019-01-23	20.78	20.78	20.78	20.78	200
846	2019-01-24	20.78	20.78	20.78	20.78	0
847	2019-01-25	20.78	20.78	20.78	20.78	0
848	2019-01-28	23.52	23.52	23.52	23.52	200
849	2019-01-29	23.52	23.52	23.52	23.52	0
850	2019-01-30	23.52	23.52	23.52	23.52	0
851	2019-01-31	23.52	23.52	23.52	23.52	0
852	2019-02-01	23.52	23.52	23.52	23.52	0
853	2019-02-11	23.52	23.52	23.52	23.52	0
854	2019-02-12	23.52	23.52	23.52	23.52	0
855	2019-02-13	23.52	23.52	23.52	23.52	0
856	2019-02-14	23.52	23.52	23.52	23.52	0
857	2019-02-15	22.69	22.69	22.69	22.69	200
858	2019-02-18	22.69	22.69	22.69	22.69	2
859	2019-02-19	22.69	22.69	22.69	22.69	0
860	2019-02-20	22.69	22.69	22.69	22.69	0
861	2019-02-21	22.69	22.69	22.69	22.69	200
862	2019-02-22	22.69	22.69	22.69	22.69	0
863	2019-02-25	22.69	22.69	22.69	22.69	0
864	2019-02-26	22.69	22.69	22.69	22.69	0
865	2019-02-27	22.69	22.69	22.69	22.69	0
866	2019-02-28	22.69	22.69	22.69	22.69	0
867	2019-03-01	22.69	22.69	22.69	22.69	0
868	2019-03-04	22.69	22.69	22.69	22.69	0
869	2019-03-05	24.36	24.36	24.36	24.36	100
870	2019-03-06	24.36	24.36	24.36	24.36	200
871	2019-03-07	24.36	24.36	24.36	24.36	0
872	2019-03-08	24.36	24.36	24.36	24.36	0
873	2019-03-11	24.36	24.36	24.36	24.36	0
874	2019-03-12	23.6	23.6	23.6	23.6	100
875	2019-03-13	23.6	23.6	23.6	23.6	0
876	2019-03-14	23.6	23.6	23.6	23.6	0
877	2019-03-15	23.6	23.6	23.6	23.6	0
878	2019-03-18	23.6	23.6	23.6	23.6	0
879	2019-03-19	23.6	23.6	23.6	23.6	0
880	2019-03-20	23.6	23.6	23.6	23.6	2
881	2019-03-21	23.6	23.6	23.6	23.6	0
882	2019-03-22	23.6	23.6	23.6	23.6	0
883	2019-03-25	23.6	23.6	23.6	23.6	0
884	2019-03-26	23.6	23.6	23.6	23.6	0
885	2019-03-27	23.6	23.6	23.6	23.6	0
886	2019-03-28	23.6	23.6	23.6	23.6	0
887	2019-03-29	23.6	23.6	23.6	23.6	0
888	2019-04-01	23.6	23.6	23.6	23.6	0
889	2019-04-02	23.6	23.6	23.6	23.6	0
890	2019-04-03	23.6	23.6	23.6	23.6	0
891	2019-04-04	23.6	23.6	23.6	23.6	0
892	2019-04-05	23.6	23.6	23.6	23.6	0
893	2019-04-08	23.6	23.6	23.6	23.6	10
894	2019-04-09	23.6	23.6	23.6	23.6	0
895	2019-04-10	23.6	23.6	23.6	23.6	0
896	2019-04-11	20.56	20.56	20.56	20.56	300
897	2019-04-12	20.56	20.56	20.56	20.56	0
898	2019-04-16	20.56	20.56	20.56	20.56	0
899	2019-04-17	20.56	20.56	20.56	20.56	0
900	2019-04-18	21.32	21.32	21.32	21.32	15100
901	2019-04-19	21.32	21.32	21.32	21.32	0
902	2019-04-22	21.32	21.32	21.32	21.32	0
903	2019-04-23	21.32	21.32	21.32	21.32	200
904	2019-04-24	21.32	21.32	21.32	21.32	0
905	2019-04-25	21.32	21.32	21.32	21.32	0
906	2019-04-26	21.32	21.32	21.32	21.32	2
907	2019-05-02	21.32	21.32	21.32	21.32	0
908	2019-05-03	21.32	21.32	21.32	21.32	0
909	2019-05-06	21.32	21.32	21.32	21.32	0
910	2019-05-07	21.32	21.32	21.32	21.32	2
911	2019-05-08	21.32	21.32	21.32	21.32	0
912	2019-05-09	21.32	21.32	21.32	21.32	300
913	2019-05-10	21.32	22.96	22.96	22.96	0
914	2019-05-13	21.32	22.96	22.96	22.96	0
915	2019-05-14	21.32	21.32	21.32	21.32	100
916	2019-05-15	21.32	21.32	21.32	21.32	200
917	2019-05-16	21.32	21.32	21.32	21.32	0
918	2019-05-17	21.32	21.32	21.32	21.32	0
919	2019-05-20	21.32	21.32	21.32	21.32	0
920	2019-05-21	21.32	21.32	21.32	21.32	0
921	2019-05-22	21.32	21.32	21.32	21.32	0
922	2019-05-23	21.32	21.32	21.32	21.32	0
923	2019-05-24	21.32	21.32	21.32	21.32	0
924	2019-05-27	21.32	21.32	21.32	21.32	0
925	2019-05-28	21.32	21.32	21.32	21.32	0
926	2019-05-29	21.32	21.32	21.32	21.32	0
927	2019-05-30	21.32	21.32	21.32	21.32	0
928	2019-05-31	21.32	21.32	21.32	21.32	0
929	2019-06-03	21.32	21.32	21.32	21.32	0
930	2019-06-04	21.32	21.32	21.32	21.32	0
931	2019-06-05	21.32	21.32	21.32	21.32	0
932	2019-06-06	21.32	21.32	21.32	21.32	0
933	2019-06-07	21.32	21.32	21.32	21.32	0
934	2019-06-10	21.32	21.32	21.32	21.32	0
935	2019-06-11	21.32	21.32	21.32	21.32	200
936	2019-06-12	21.32	21.32	21.32	21.32	0
937	2019-06-13	21.32	21.32	21.32	21.32	0
938	2019-06-14	21.32	21.32	21.32	21.32	0
939	2019-06-17	21.32	21.32	21.32	21.32	0
940	2019-06-18	21.32	21.32	21.32	21.32	0
941	2019-06-19	21.32	21.32	21.32	21.32	0
942	2019-06-20	21.32	21.32	21.32	21.32	0
943	2019-06-21	21.32	21.32	21.32	21.32	0
944	2019-06-24	21.32	21.32	21.32	21.32	0
945	2019-06-25	21.32	21.32	21.32	21.32	0
946	2019-06-26	21.32	21.32	21.32	21.32	0
947	2019-06-27	21.32	21.32	21.32	21.32	0
948	2019-06-28	21.32	21.32	21.32	21.32	0
949	2019-07-01	21.32	21.32	21.32	21.32	0
950	2019-07-02	21.32	21.32	21.32	21.32	0
951	2019-07-03	21.32	21.32	21.32	21.32	0
952	2019-07-04	21.32	21.32	21.32	21.32	0
953	2019-07-05	21.32	21.32	21.32	21.32	0
954	2019-07-08	21.32	21.32	21.32	21.32	0
955	2019-07-09	21.32	21.32	21.32	21.32	0
956	2019-07-10	21.32	21.32	21.32	21.32	0
957	2019-07-11	21.32	21.32	21.32	21.32	0
958	2019-07-12	21.32	21.32	21.32	21.32	0
959	2019-07-15	21.32	21.32	21.32	21.32	0
960	2019-07-16	21.32	21.32	21.32	21.32	0
961	2019-07-17	21.32	21.32	21.32	21.32	0
962	2019-07-18	21.32	21.32	21.32	21.32	0
963	2019-07-19	21.32	21.32	21.32	21.32	0
964	2019-07-22	21.32	21.32	21.32	21.32	0
965	2019-07-23	21.32	21.32	21.32	21.32	0
966	2019-07-24	21.32	21.32	21.32	21.32	0
967	2019-07-25	21.32	21.32	20.91	20.91	600
968	2019-07-26	21.07	20.91	20.91	20.91	0
969	2019-07-29	21.32	21.32	21.32	21.32	100
970	2019-07-30	21.32	21.32	21.32	21.32	0
971	2019-07-31	21.32	21.32	21.32	21.32	0
972	2019-08-01	21.32	21.32	21.32	21.32	0
973	2019-08-02	21.32	21.32	21.32	21.32	0
974	2019-08-05	21.32	21.32	21.32	21.32	0
975	2019-08-06	21.32	21.32	21.32	21.32	0
976	2019-08-07	21.32	21.32	21.32	21.32	0
977	2019-08-08	21.32	21.32	21.32	21.32	0
978	2019-08-09	21.32	21.32	21.32	21.32	0
979	2019-08-12	21.32	21.32	21.32	21.32	0
980	2019-08-13	21.32	21.32	21.32	21.32	0
981	2019-08-14	21.32	21.32	21.32	21.32	0
982	2019-08-15	21.32	21.32	21.32	21.32	0
983	2019-08-16	21.32	21.32	21.32	21.32	0
984	2019-08-19	20.0	20.0	20.0	20.0	700
985	2019-08-20	20.0	20.0	20.0	20.0	0
986	2019-08-21	20.0	20.0	20.0	20.0	0
987	2019-08-22	20.0	20.0	20.0	20.0	0
988	2019-08-23	20.0	20.0	20.0	20.0	0
989	2019-08-26	20.0	20.0	20.0	20.0	0
990	2019-08-27	22.14	22.14	22.14	22.14	300
991	2019-08-28	25.01	25.01	25.01	25.01	100
992	2019-08-29	25.01	25.01	25.01	25.01	0
993	2019-08-30	25.01	25.01	25.01	25.01	0
994	2019-09-03	25.01	25.01	25.01	25.01	0
995	2019-09-04	25.01	25.01	25.01	25.01	0
996	2019-09-05	25.01	25.01	25.01	25.01	0
997	2019-09-06	25.01	25.01	25.01	25.01	0
998	2019-09-09	25.01	25.01	25.01	25.01	0
999	2019-09-10	25.01	25.01	25.01	25.01	0
1000	2019-09-11	25.01	25.01	25.01	25.01	0
1001	2019-09-12	25.01	25.01	25.01	25.01	0
1002	2019-09-13	25.01	25.01	25.01	25.01	0
1003	2019-09-16	25.01	25.01	25.01	25.01	0
1004	2019-09-17	25.01	25.01	25.01	25.01	0
1005	2019-09-18	25.01	25.01	25.01	25.01	0
1006	2019-09-19	25.01	25.01	25.01	25.01	0
1007	2019-09-20	25.01	25.01	25.01	25.01	0
1008	2019-09-23	25.01	25.01	25.01	25.01	0
1009	2019-09-24	25.01	25.01	25.01	25.01	0
1010	2019-09-25	25.01	25.01	25.01	25.01	0
1011	2019-09-26	25.01	25.01	25.01	25.01	0
1012	2019-09-27	25.01	25.01	25.01	25.01	0
1013	2019-09-30	25.01	25.01	25.01	25.01	0
1014	2019-10-01	25.01	25.01	25.01	25.01	0
1015	2019-10-02	25.01	25.01	25.01	25.01	0
1016	2019-10-03	25.01	25.01	25.01	25.01	0
1017	2019-10-04	25.01	25.01	25.01	25.01	0
1018	2019-10-07	25.01	25.01	25.01	25.01	0
1019	2019-10-08	17.22	17.22	17.22	17.22	100
1020	2019-10-09	17.22	17.22	17.22	17.22	0
1021	2019-10-10	17.22	17.22	17.22	17.22	0
1022	2019-10-11	17.22	17.22	17.22	17.22	0
1023	2019-10-14	17.22	17.22	17.22	17.22	0
1024	2019-10-15	17.22	17.22	17.22	17.22	0
1025	2019-10-16	17.22	17.22	17.22	17.22	0
1026	2019-10-17	17.22	17.22	17.22	17.22	0
1027	2019-10-18	17.22	17.22	17.22	17.22	0
1028	2019-10-21	17.22	17.22	17.22	17.22	0
1029	2019-10-22	17.22	17.22	17.22	17.22	0
1030	2019-10-23	17.22	17.22	17.22	17.22	0
1031	2019-10-24	17.22	17.22	17.22	17.22	0
1032	2019-10-25	17.22	17.22	17.22	17.22	0
1033	2019-10-28	17.22	17.22	17.22	17.22	0
1034	2019-10-29	17.22	17.22	17.22	17.22	0
1035	2019-10-30	17.22	17.22	17.22	17.22	0
1036	2019-10-31	17.22	17.22	17.22	17.22	0
1037	2019-11-01	19.76	19.76	19.76	19.76	100
1038	2019-11-04	19.76	20.61	20.61	20.61	0
1039	2019-11-05	19.76	20.61	20.61	20.61	0
1040	2019-11-06	19.76	20.61	20.61	20.61	0
1041	2019-11-07	19.76	20.61	20.61	20.61	0
1042	2019-11-08	19.76	20.61	20.61	20.61	0
1043	2019-11-11	19.76	20.61	20.61	20.61	0
1044	2019-11-12	19.76	20.61	20.61	20.61	0
1045	2019-11-13	19.76	20.61	20.61	20.61	0
1046	2019-11-14	19.76	20.61	20.61	20.61	0
1047	2019-11-15	19.76	20.61	20.61	20.61	0
1048	2019-11-18	22.67	22.67	22.32	22.32	73400
1049	2019-11-19	22.32	22.32	22.32	22.32	0
1050	2019-11-20	20.1	20.1	20.1	20.1	100
1051	2019-11-21	20.1	20.1	20.1	20.1	0
1052	2019-11-22	23.09	23.09	23.09	23.09	100
1053	2019-11-25	23.09	23.09	23.09	23.09	0
1054	2019-11-26	23.09	23.09	23.09	23.09	0
1055	2019-11-27	23.09	23.09	23.09	23.09	0
1056	2019-11-28	23.09	23.09	23.09	23.09	0
1057	2019-11-29	23.09	23.09	23.09	23.09	0
1058	2019-12-02	23.09	23.09	23.09	23.09	0
1059	2019-12-03	23.09	23.09	23.09	23.09	0
1060	2019-12-04	23.09	23.09	23.09	23.09	0
1061	2019-12-05	23.09	23.09	23.09	23.09	0
1062	2019-12-06	23.09	23.09	23.09	23.09	400
1063	2019-12-09	23.09	23.09	23.09	23.09	0
1064	2019-12-10	23.09	23.09	23.09	23.09	0
1065	2019-12-11	23.09	23.09	23.09	23.09	0
1066	2019-12-12	23.09	23.09	23.09	23.09	0
1067	2019-12-13	23.09	23.09	23.09	23.09	0
1068	2019-12-16	23.09	23.09	23.09	23.09	0
1069	2019-12-17	23.09	23.09	23.09	23.09	0
1070	2019-12-18	23.09	23.09	23.09	23.09	0
1071	2019-12-19	23.09	23.09	23.09	23.09	0
1072	2019-12-20	23.09	23.09	23.09	23.09	0
1073	2019-12-23	23.09	23.09	23.09	23.09	0
1074	2019-12-24	23.09	23.09	23.09	23.09	0
1075	2019-12-25	23.09	23.09	23.09	23.09	0
1076	2019-12-26	23.09	23.09	23.09	23.09	0
1077	2019-12-27	23.09	23.09	23.09	23.09	0
1078	2019-12-30	23.09	23.09	23.09	23.09	0
1079	2019-12-31	23.09	23.09	23.09	23.09	0
1080	2020-01-02	23.09	23.09	23.09	23.09	0
1081	2020-01-03	23.09	23.09	23.09	23.09	0
1082	2020-01-06	23.09	23.09	23.09	23.09	0
1083	2020-01-07	23.09	23.09	23.09	23.09	0
1084	2020-01-08	23.09	23.09	23.09	23.09	0
1085	2020-01-09	23.09	23.09	23.09	23.09	0
1086	2020-01-10	23.09	23.09	23.09	23.09	0
1087	2020-01-13	23.09	23.09	23.09	23.09	0
1088	2020-01-14	23.09	23.09	23.09	23.09	0
1089	2020-01-15	23.09	23.09	23.09	23.09	0
1090	2020-01-16	23.09	23.09	23.09	23.09	0
1091	2020-01-17	23.09	23.09	23.09	23.09	0
1092	2020-01-20	23.09	23.09	23.09	23.09	0
1093	2020-01-21	23.09	23.09	23.09	23.09	0
1094	2020-01-22	23.09	23.09	23.09	23.09	0
1095	2020-01-30	23.09	23.09	23.09	23.09	0
1096	2020-01-31	23.09	23.09	23.09	23.09	0
1097	2020-02-03	23.09	23.09	23.09	23.09	0
1098	2020-02-04	23.09	23.09	23.09	23.09	0
1099	2020-02-05	23.09	23.09	23.09	23.09	0
1100	2020-02-06	23.09	23.09	23.09	23.09	0
1101	2020-02-07	23.09	23.09	23.09	23.09	0
1102	2020-02-10	23.09	23.09	23.09	23.09	0
1103	2020-02-11	23.09	23.09	23.09	23.09	0
1104	2020-02-12	23.09	23.09	23.09	23.09	0
1105	2020-02-13	23.09	23.09	23.09	23.09	0
1106	2020-02-14	23.09	23.09	23.09	23.09	0
1107	2020-02-17	23.09	23.09	23.09	23.09	0
1108	2020-02-18	23.09	23.09	23.09	23.09	0
1109	2020-02-19	23.09	23.09	23.09	23.09	0
1110	2020-02-20	23.09	23.09	23.09	23.09	0
1111	2020-02-21	23.09	23.09	23.09	23.09	0
1112	2020-02-24	23.09	23.09	23.09	23.09	0
1113	2020-02-25	23.09	23.09	23.09	23.09	0
1114	2020-02-26	23.09	23.09	23.09	23.09	0
1115	2020-02-27	23.09	23.09	23.09	23.09	0
1116	2020-02-28	23.09	23.09	23.09	23.09	0
1117	2020-03-02	23.09	23.09	23.09	23.09	0
1118	2020-03-03	23.09	23.09	23.09	23.09	0
1119	2020-03-04	23.09	23.09	23.09	23.09	0
1120	2020-03-05	15.23	15.23	15.23	15.23	100
1121	2020-03-06	15.23	15.23	15.23	15.23	0
1122	2020-03-09	15.23	15.23	15.23	15.23	0
1123	2020-03-10	15.23	15.23	15.23	15.23	0
1124	2020-03-11	15.23	15.23	15.23	15.23	0
1125	2020-03-12	13.0	13.0	13.0	13.0	100
1126	2020-03-13	13.0	13.0	13.0	13.0	0
1127	2020-03-16	14.88	14.88	11.12	11.12	13000
1128	2020-03-17	11.55	11.55	11.55	11.12	4
1129	2020-03-18	11.55	11.12	11.12	11.12	0
1130	2020-03-19	11.55	11.12	11.12	11.12	0
1131	2020-03-20	11.55	11.12	11.12	11.12	0
1132	2020-03-23	11.55	11.12	11.12	11.12	0
1133	2020-03-24	11.55	11.12	11.12	11.12	0
1134	2020-03-25	11.55	11.12	11.12	11.12	0
1135	2020-03-26	11.55	11.12	11.12	11.12	0
1136	2020-03-27	11.55	11.12	11.12	11.12	0
1137	2020-03-30	11.55	11.12	11.12	11.12	0
1138	2020-03-31	11.55	11.12	11.12	11.12	0
1139	2020-04-01	11.55	11.12	11.12	11.12	0
1140	2020-04-03	11.55	11.12	11.12	11.12	0
1141	2020-04-06	11.55	11.12	11.12	11.12	0
1142	2020-04-07	11.55	11.12	11.12	11.12	0
1143	2020-04-08	11.55	11.12	11.12	11.12	0
1144	2020-04-09	11.55	11.12	11.12	11.12	0
1145	2020-04-10	11.55	11.12	11.12	11.12	0
1146	2020-04-13	11.55	11.12	11.12	11.12	0
1147	2020-04-14	11.55	11.12	11.12	11.12	0
1148	2020-04-15	11.55	11.12	11.12	11.12	0
1149	2020-04-16	11.55	11.12	11.12	11.12	0
1150	2020-04-17	11.55	11.12	11.12	11.12	0
1151	2020-04-20	11.55	11.12	11.12	11.12	0
1152	2020-04-21	11.55	11.12	11.12	11.12	0
1153	2020-04-22	11.55	11.12	11.12	11.12	0
1154	2020-04-23	11.55	11.12	11.12	11.12	0
1155	2020-04-24	11.55	11.12	11.12	11.12	0
1156	2020-04-27	11.55	11.12	11.12	11.12	0
1157	2020-04-28	11.55	11.12	11.12	11.12	0
1158	2020-04-29	11.55	11.12	11.12	11.12	0
1159	2020-05-04	11.55	11.12	11.12	11.12	0
1160	2020-05-05	11.55	11.12	11.12	11.12	0
1161	2020-05-06	11.55	11.12	11.12	11.12	0
1162	2020-05-07	11.55	11.12	11.12	11.12	0
1163	2020-05-08	11.55	11.12	11.12	11.12	0
1164	2020-05-11	16.17	16.17	16.17	16.17	100
1165	2020-05-12	18.56	18.56	18.56	18.56	100
1166	2020-05-13	21.3	21.3	21.3	21.3	500
1167	2020-05-14	21.3	21.3	21.3	21.3	0
1168	2020-05-15	23.01	23.01	23.01	23.01	100
1169	2020-05-18	21.3	21.3	21.3	21.3	100
1170	2020-05-19	23.09	23.95	23.09	23.95	600
1171	2020-05-20	23.69	23.69	23.69	23.69	200
1172	2020-05-21	23.69	23.69	23.69	23.69	0
1173	2020-05-22	23.69	23.69	23.69	23.69	0
1174	2020-05-25	23.69	23.69	23.69	23.69	0
1175	2020-05-26	20.61	20.61	20.61	20.61	100
1176	2020-05-27	20.61	20.61	20.61	20.61	0
1177	2020-05-28	20.61	20.61	20.61	20.61	0
1178	2020-05-29	20.61	20.61	20.61	20.61	0
1179	2020-06-01	20.61	20.61	20.61	20.61	0
1180	2020-06-02	20.61	20.61	20.61	20.61	0
1181	2020-06-03	23.52	23.69	23.52	23.69	700
1182	2020-06-04	23.69	23.69	23.69	23.69	1200
1183	2020-06-05	23.69	23.69	23.69	23.69	800
1184	2020-06-08	23.69	23.69	23.69	23.69	500
1185	2020-06-09	23.69	23.69	23.69	23.69	0
1186	2020-06-10	21.3	21.3	21.3	21.3	1200
1187	2020-06-11	21.3	21.3	21.3	21.3	0
1188	2020-06-12	21.3	21.3	21.3	21.3	0
1189	2020-06-15	21.3	21.3	21.3	21.3	0
1190	2020-06-16	23.09	23.95	23.09	23.95	1200
1191	2020-06-17	23.18	23.95	23.95	23.95	0
1192	2020-06-18	23.18	23.95	23.95	23.95	0
1193	2020-06-19	23.09	23.09	23.09	23.09	200
1194	2020-06-22	23.09	23.09	23.09	23.09	0
1195	2020-06-23	23.09	23.09	23.09	23.09	100
1196	2020-06-24	23.09	23.09	23.09	23.09	0
1197	2020-06-25	23.09	23.09	23.09	23.09	0
1198	2020-06-26	23.09	23.09	23.09	23.09	0
1199	2020-06-29	23.09	23.09	23.09	23.09	0
1200	2020-06-30	23.09	23.09	23.09	23.09	0
1201	2020-07-01	23.09	23.09	23.09	23.09	0
1202	2020-07-02	23.09	23.09	23.09	23.09	0
1203	2020-07-03	23.09	23.09	23.09	23.09	0
1204	2020-07-06	23.09	23.09	23.09	23.09	0
1205	2020-07-07	23.09	23.09	23.09	23.09	0
1206	2020-07-08	23.09	23.09	23.09	23.09	0
1207	2020-07-09	23.09	23.09	23.09	23.09	0
1208	2020-07-10	23.09	23.09	23.09	23.09	0
1209	2020-07-13	23.09	23.09	23.09	23.09	0
1210	2020-07-14	23.09	23.09	23.09	23.09	0
1211	2020-07-15	23.09	23.09	23.09	23.09	0
1212	2020-07-16	23.09	23.8	23.8	23.8	0
1213	2020-07-17	23.09	23.8	23.8	23.8	0
1214	2020-07-20	23.09	23.8	23.8	23.8	0
1215	2020-07-21	23.09	23.8	23.8	23.8	0
1216	2020-07-22	23.09	23.8	23.8	23.8	0
1217	2020-07-23	23.09	23.8	23.8	23.8	0
1218	2020-07-24	23.09	23.8	23.8	23.8	0
1219	2020-07-27	23.09	23.8	23.8	23.8	0
1220	2020-07-28	23.09	23.8	23.8	23.8	0
1221	2020-07-29	23.09	23.8	23.8	23.8	0
1222	2020-07-30	23.09	23.8	23.8	23.8	0
1223	2020-07-31	23.09	23.8	23.8	23.8	0
1224	2020-08-03	23.09	23.8	23.8	23.8	0
1225	2020-08-04	23.09	23.8	23.8	23.8	0
1226	2020-08-05	23.09	23.8	23.8	23.8	0
1227	2020-08-06	23.09	23.8	23.8	23.8	0
1228	2020-08-07	23.09	23.8	23.8	23.8	0
1229	2020-08-10	23.09	23.8	23.8	23.8	0
1230	2020-08-11	23.09	23.8	23.8	23.8	0
1231	2020-08-12	23.09	23.8	23.8	23.8	0
1232	2020-08-13	23.09	23.8	23.8	23.8	0
1233	2020-08-14	23.09	23.8	23.8	23.8	0
1234	2020-08-17	23.09	23.8	23.8	23.8	0
1235	2020-08-18	23.09	23.8	23.8	23.8	0
1236	2020-08-19	23.09	23.8	23.8	23.8	0
1237	2020-08-20	23.09	23.09	23.09	23.09	4500
1238	2020-08-21	23.09	23.09	23.09	23.09	1300
1239	2020-08-24	23.09	23.09	23.09	23.09	0
1240	2020-08-25	23.09	23.09	23.09	23.09	10
1241	2020-08-26	23.09	23.09	23.09	23.09	0
1242	2020-08-27	23.09	23.09	23.09	23.09	1
1243	2020-08-28	23.09	23.09	23.09	23.09	0
1244	2020-08-31	23.09	23.09	23.09	23.09	0
1245	2020-09-01	23.09	23.09	23.09	23.09	0
1246	2020-09-03	23.09	23.09	23.09	23.09	0
1247	2020-09-04	23.09	23.09	23.09	23.09	0
1248	2020-09-07	23.09	23.09	23.09	23.09	0
1249	2020-09-08	23.09	23.09	23.09	23.09	0
1250	2020-09-09	23.8	23.8	23.8	23.8	100
1251	2020-09-10	23.8	23.8	23.8	23.8	0
1252	2020-09-11	23.8	23.8	23.8	23.8	0
1253	2020-09-14	23.8	23.8	23.8	23.8	0
1254	2020-09-15	23.8	23.8	23.8	23.8	100
1255	2020-09-16	23.8	23.8	23.8	23.8	0
1256	2020-09-17	23.8	23.8	23.8	23.8	0
1257	2020-09-18	23.8	23.8	23.8	23.8	0
1258	2020-09-21	23.8	23.8	23.8	23.8	0
1259	2020-09-22	23.8	23.8	23.8	23.8	100
1260	2020-09-23	24.68	24.68	24.68	24.68	100
1261	2020-09-24	24.68	24.68	24.68	24.68	0
1262	2020-09-25	24.68	24.68	24.68	24.68	0
1263	2020-09-28	24.68	24.68	24.68	24.68	0
1264	2020-09-29	24.68	24.68	24.68	24.68	0
1265	2020-09-30	24.68	24.68	24.68	24.68	0
1266	2020-10-01	24.68	24.68	24.68	24.68	0
1267	2020-10-02	24.68	24.68	24.68	24.68	4700
1268	2020-10-05	24.68	24.68	24.68	24.68	0
1269	2020-10-06	25.56	25.56	25.56	25.56	100
1270	2020-10-07	25.56	25.56	25.56	25.56	1400
1271	2020-10-08	25.56	25.56	25.56	25.56	100
1272	2020-10-09	25.56	25.56	25.56	25.56	300
1273	2020-10-12	25.56	25.56	25.56	25.56	200
1274	2020-10-13	25.74	25.74	25.56	25.56	800
1275	2020-10-14	26.0	26.0	26.0	26.0	500
1276	2020-10-15	26.44	26.44	26.44	26.44	100
1277	2020-10-16	26.44	26.44	26.44	26.44	0
1278	2020-10-19	26.44	26.44	26.44	26.44	0
1279	2020-10-20	26.44	26.44	26.44	26.44	0
1280	2020-10-21	26.44	26.44	26.44	26.44	0
1281	2020-10-22	26.44	26.44	26.44	26.44	0
1282	2020-10-23	25.56	25.56	25.56	25.56	1000
1283	2020-10-26	25.56	25.56	25.56	25.56	0
1284	2020-10-27	25.56	25.56	25.56	25.56	0
1285	2020-10-28	25.56	25.56	25.56	25.56	0
1286	2020-10-29	25.56	25.56	25.56	25.56	0
1287	2020-10-30	25.56	25.56	25.56	25.56	0
1288	2020-11-02	25.56	25.56	25.56	25.56	0
1289	2020-11-03	25.56	25.56	25.56	25.56	0
1290	2020-11-04	25.56	25.56	25.56	25.56	0
1291	2020-11-05	25.56	25.56	25.56	25.56	0
1292	2020-11-06	25.56	25.56	25.56	25.56	0
1293	2020-11-09	25.56	25.56	25.56	25.56	0
1294	2020-11-10	25.56	25.56	25.56	25.56	0
1295	2020-11-11	25.56	25.56	25.56	25.56	0
1296	2020-11-12	25.56	25.56	25.56	25.56	0
1297	2020-11-13	25.56	25.56	25.56	25.56	0
1298	2020-11-16	25.56	25.56	25.56	25.56	0
1299	2020-11-17	25.56	25.56	25.56	25.56	0
1300	2020-11-18	25.56	25.56	25.56	25.56	0
1301	2020-11-19	26.44	26.44	26.44	26.44	700
1302	2020-11-20	28.21	28.21	27.32	27.32	600
1303	2020-11-23	28.21	28.21	28.21	28.21	100
1304	2020-11-24	28.21	28.21	28.21	28.21	0
1305	2020-11-25	26.44	28.21	26.44	28.21	1100
1306	2020-11-26	27.77	28.21	28.21	28.21	0
1307	2020-11-27	27.77	28.21	28.21	28.21	0
1308	2020-11-30	27.77	27.77	27.77	27.77	74500
1309	2020-12-01	27.77	27.77	27.77	27.77	0
1310	2020-12-02	27.77	27.77	27.77	27.77	0
1311	2020-12-03	27.77	27.77	27.77	27.77	0
1312	2020-12-04	27.77	27.77	27.77	27.77	0
1313	2020-12-07	27.77	27.77	27.77	27.77	0
1314	2020-12-08	27.77	27.77	27.77	27.77	0
1315	2020-12-09	27.77	27.77	27.77	27.77	0
1316	2020-12-10	27.77	27.77	27.77	27.77	0
1317	2020-12-11	27.77	27.77	27.77	27.77	0
1318	2020-12-14	27.77	27.77	27.77	27.77	0
1319	2020-12-15	27.77	27.77	27.77	27.77	10
1320	2020-12-16	27.77	27.77	27.77	27.77	0
1321	2020-12-17	27.77	27.77	27.77	27.77	0
1322	2020-12-18	27.77	27.77	27.77	27.77	3800
1323	2020-12-21	27.77	27.77	27.77	27.77	0
1324	2020-12-22	27.77	27.77	27.77	27.77	0
1325	2020-12-23	27.77	27.77	27.77	27.77	0
1326	2020-12-24	27.77	27.77	27.77	27.77	0
1327	2020-12-25	27.77	27.77	27.77	27.77	0
1328	2020-12-28	27.77	27.77	27.77	27.77	0
1329	2020-12-29	27.77	27.77	27.77	27.77	0
1330	2020-12-30	27.77	27.77	27.77	27.77	0
1331	2020-12-31	27.77	27.77	27.77	27.77	127
1332	2021-01-04	23.8	23.8	23.8	23.8	301
1333	2021-01-05	23.8	23.8	23.8	23.8	29
1334	2021-01-06	23.8	23.8	23.8	23.8	0
1335	2021-01-07	27.32	27.32	27.32	27.32	100
1336	2021-01-08	27.32	27.32	27.32	27.32	0
1337	2021-01-11	28.21	31.29	28.21	31.29	603
1338	2021-01-12	30.76	31.29	31.29	31.29	0
1339	2021-01-13	30.76	30.76	30.76	30.76	500
1340	2021-01-14	30.76	30.76	30.76	30.76	0
1341	2021-01-15	30.76	30.76	30.76	30.76	0
1342	2021-01-18	30.76	30.76	30.76	30.76	500
1343	2021-01-19	30.76	30.76	30.76	30.76	0
1344	2021-01-20	28.21	28.21	28.21	28.21	200
1345	2021-01-21	32.44	32.44	32.44	32.44	100
1346	2021-01-22	32.44	32.44	32.44	35.26	100
1347	2021-01-25	39.66	39.66	35.26	39.58	300
1348	2021-01-26	38.17	39.58	39.58	39.58	0
1349	2021-01-27	38.17	39.58	39.58	39.58	0
1350	2021-01-28	32.53	32.53	32.53	32.53	20300
1351	2021-01-29	32.53	32.53	32.53	32.53	0
1352	2021-02-01	32.53	32.53	32.53	32.53	0
1353	2021-02-02	32.53	32.53	32.53	32.53	4
1354	2021-02-03	32.53	32.53	32.53	32.53	0
1355	2021-02-04	32.53	32.53	32.53	32.53	0
1356	2021-02-05	32.53	32.53	32.53	32.53	0
1357	2021-02-08	32.53	32.53	32.53	32.53	0
1358	2021-02-09	32.53	32.53	32.53	32.53	0
1359	2021-02-17	32.53	32.53	32.53	32.53	0
1360	2021-02-18	32.53	32.53	32.53	32.53	0
1361	2021-02-19	32.53	32.53	32.53	32.53	0
1362	2021-02-22	32.53	32.53	32.53	32.53	0
1363	2021-02-23	32.53	32.53	32.53	32.53	0
1364	2021-02-24	32.53	32.53	32.53	32.53	0
1365	2021-02-25	32.53	32.53	32.53	32.53	0
1366	2021-02-26	33.05	33.05	33.05	33.05	500
1367	2021-03-01	33.05	33.05	33.05	33.05	0
1368	2021-03-02	33.14	33.14	33.14	33.14	200
1369	2021-03-03	33.14	33.14	33.14	33.14	0
1370	2021-03-04	33.14	33.14	33.14	33.14	0
1371	2021-03-05	33.14	33.14	33.14	33.14	0
1372	2021-03-08	33.05	33.05	33.05	33.05	200
1373	2021-03-09	33.05	33.05	33.05	33.05	0
1374	2021-03-10	33.05	33.05	33.05	33.05	519
1375	2021-03-11	32.61	32.61	32.61	32.61	100
1376	2021-03-12	32.61	32.61	32.61	32.61	0
1377	2021-03-15	32.7	32.7	32.7	32.7	100
1378	2021-03-16	32.7	32.7	32.7	32.7	0
1379	2021-03-17	32.7	32.7	32.7	32.7	0
1380	2021-03-18	32.7	32.7	32.7	32.7	0
1381	2021-03-19	32.7	32.7	32.7	32.7	0
1382	2021-03-22	32.7	32.7	32.7	32.7	0
1383	2021-03-23	32.7	32.7	32.7	32.7	0
1384	2021-03-24	32.7	32.7	32.7	32.7	0
1385	2021-03-25	32.7	32.7	32.7	32.7	0
1386	2021-03-26	32.7	32.7	32.7	32.7	0
1387	2021-03-29	27.94	27.94	27.94	27.94	2100
1388	2021-03-30	27.94	27.94	27.94	27.94	0
1389	2021-03-31	30.85	30.85	30.85	30.85	100
1390	2021-04-01	32.17	32.17	32.17	32.17	300
1391	2021-04-02	32.17	32.17	32.17	32.17	0
1392	2021-04-05	32.17	32.17	32.17	32.17	0
1393	2021-04-06	32.17	32.17	32.17	32.17	0
1394	2021-04-07	32.17	32.17	32.17	32.17	0
1395	2021-04-08	32.17	32.17	32.17	32.17	0
1396	2021-04-09	32.17	32.17	32.17	32.17	0
1397	2021-04-12	32.17	32.17	32.17	32.17	0
1398	2021-04-13	32.17	32.17	32.17	32.17	0
1399	2021-04-14	32.17	32.17	32.17	32.17	0
1400	2021-04-15	32.17	32.17	32.17	32.17	0
1401	2021-04-16	32.17	32.17	32.17	32.17	0
1402	2021-04-19	32.17	32.17	32.17	32.17	0
1403	2021-04-20	33.05	33.05	33.05	33.05	100
1404	2021-04-22	32.61	33.05	32.61	33.05	600
1405	2021-04-23	32.88	33.05	33.05	33.05	0
1406	2021-04-26	32.88	33.05	33.05	33.05	0
1407	2021-04-27	32.61	32.61	32.61	32.61	200
1408	2021-04-28	32.61	32.61	32.61	32.61	0
1409	2021-04-29	32.61	32.61	32.61	32.61	0
1410	2021-05-04	32.61	32.61	32.61	32.61	0
1411	2021-05-05	27.77	27.77	27.77	27.77	3000
1412	2021-05-06	28.21	29.09	28.21	29.09	5029
1413	2021-05-07	28.65	30.85	28.21	28.21	13700
1414	2021-05-10	29.09	29.09	29.09	29.09	3400
1415	2021-05-11	29.09	29.09	29.09	29.09	2001
1416	2021-05-12	29.09	29.09	29.09	29.09	0
1417	2021-05-13	28.21	28.21	28.21	28.21	500
1418	2021-05-14	29.09	29.09	29.09	29.09	100
1419	2021-05-17	29.09	29.09	29.09	29.09	7
1420	2021-05-18	33.41	33.41	29.09	29.09	200
1421	2021-05-19	29.09	29.09	28.65	29.09	1401
1422	2021-05-20	28.91	29.09	29.09	29.09	0
1423	2021-05-21	28.21	28.21	28.21	28.21	300
1424	2021-05-24	28.21	28.21	28.21	28.21	0
1425	2021-05-25	29.09	29.09	29.09	29.09	107
1426	2021-05-26	33.41	33.41	29.09	29.09	1103
1427	2021-05-27	29.09	29.09	29.09	29.09	300
1428	2021-05-28	30.85	30.85	28.21	28.21	1502
1429	2021-05-31	29.09	29.09	29.09	29.09	100
1430	2021-06-01	29.09	32.61	29.09	29.09	1700
1431	2021-06-02	29.09	29.09	29.09	29.09	3000
1432	2021-06-03	29.09	29.09	29.09	29.09	1503
1433	2021-06-04	29.09	29.09	29.09	29.09	6000
1434	2021-06-07	29.09	29.09	28.21	28.21	2500
1435	2021-06-08	29.0	28.21	28.21	28.21	0
1436	2021-06-09	28.21	28.21	28.21	28.21	500
1437	2021-06-10	29.09	29.09	28.21	28.21	2870
1438	2021-06-11	28.47	28.21	28.21	28.21	0
1439	2021-06-14	29.09	29.09	28.21	28.21	1505
1440	2021-06-15	28.21	28.21	28.21	28.21	400
1441	2021-06-16	28.21	28.21	28.21	28.21	1000
1442	2021-06-17	28.21	28.21	28.21	28.21	0
1443	2021-06-18	28.21	28.21	28.21	28.21	0
1444	2021-06-21	28.21	28.21	28.21	28.21	0
1445	2021-06-22	28.21	28.21	28.21	28.21	100
1446	2021-06-23	28.21	28.21	28.21	28.21	0
1447	2021-06-24	28.21	28.21	28.21	28.21	300
1448	2021-06-25	27.5	28.03	26.44	28.03	1000
1449	2021-06-28	27.77	27.77	27.77	27.77	1200
1450	2021-06-29	27.77	28.65	27.77	28.65	1900
1451	2021-06-30	28.65	28.65	28.65	28.65	900
1452	2021-07-01	28.65	28.65	28.65	28.65	0
1453	2021-07-02	28.65	28.65	28.65	28.65	0
1454	2021-07-05	28.65	28.65	28.65	28.65	0
1455	2021-07-06	28.65	28.65	28.65	28.65	0
1456	2021-07-07	28.65	28.65	28.65	28.65	0
1457	2021-07-08	28.65	28.65	28.65	28.65	0
1458	2021-07-09	28.65	28.65	28.65	28.65	0
1459	2021-07-12	25.56	26.44	25.56	26.44	1800
1460	2021-07-13	26.44	26.88	26.44	26.88	1400
1461	2021-07-14	26.53	26.88	26.88	26.88	0
1462	2021-07-15	26.44	26.44	26.44	26.44	600
1463	2021-07-16	26.44	26.44	26.44	26.44	0
1464	2021-07-19	26.44	26.44	26.44	26.44	100
1465	2021-07-20	26.44	26.44	26.44	26.44	0
1466	2021-07-21	26.44	26.44	26.44	26.44	500
1467	2021-07-22	26.88	27.32	26.88	27.32	2500
1468	2021-07-23	27.15	27.32	27.32	27.32	0
1469	2021-07-26	27.15	27.32	27.32	27.32	0
1470	2021-07-27	27.32	27.32	27.32	27.32	110
1471	2021-07-28	27.32	27.32	27.32	27.32	504
1472	2021-07-29	30.85	30.85	26.44	26.44	1700
1473	2021-07-30	26.8	26.44	26.44	26.44	0
1474	2021-08-02	26.44	26.44	26.44	26.44	1011
1475	2021-08-03	26.44	26.44	26.44	26.44	0
1476	2021-08-04	26.44	26.44	26.44	26.44	0
1477	2021-08-05	26.44	26.44	26.44	26.44	0
1478	2021-08-06	26.44	26.44	26.44	26.44	1000
1479	2021-08-09	26.44	26.44	26.44	26.44	10
1480	2021-08-10	26.44	26.44	26.44	26.44	0
1481	2021-08-11	26.62	26.62	26.62	26.62	200
1482	2021-08-12	27.32	27.32	27.32	27.32	410
1483	2021-08-13	27.32	29.09	27.32	29.09	102000
1484	2021-08-16	29.09	29.18	28.21	28.21	6000
1485	2021-08-17	26.44	26.44	26.44	26.44	1010
1486	2021-08-18	26.44	27.32	26.44	27.32	3010
1487	2021-08-19	27.15	27.15	27.15	27.15	1101
1488	2021-08-20	26.44	26.44	26.44	26.44	2610
1489	2021-08-23	27.32	27.32	26.44	26.44	2000
1490	2021-08-24	26.88	26.44	26.44	26.44	0
1491	2021-08-25	26.88	26.44	26.44	26.44	0
1492	2021-08-26	26.88	26.88	26.88	26.44	10
1493	2021-08-27	26.88	26.88	26.88	26.88	0
1494	2021-08-30	26.88	26.88	26.88	26.88	13
1495	2021-08-31	26.88	26.88	26.88	26.88	0
1496	2021-09-01	26.44	26.44	26.44	26.44	1007
1497	2021-09-06	26.44	26.44	26.44	26.44	3000
1498	2021-09-07	26.44	26.44	26.44	26.44	2000
1499	2021-09-08	27.32	28.21	27.32	28.21	10000
1500	2021-09-09	29.53	29.53	27.59	28.21	5201
1501	2021-09-10	28.21	28.21	28.21	28.21	0
1502	2021-09-13	28.21	28.21	28.21	28.21	1000
1503	2021-09-14	29.09	29.53	28.74	29.53	5521
1504	2021-09-15	29.18	29.18	29.18	29.18	0
1505	2021-09-16	29.09	29.09	29.09	29.09	2000
1506	2021-09-17	29.09	29.09	29.09	29.09	100
1507	2021-09-20	29.09	29.09	29.09	29.09	309
1508	2021-09-21	29.09	29.09	29.09	29.09	1000
1509	2021-09-22	29.09	29.09	29.09	29.09	1
1510	2021-09-23	28.21	28.21	28.21	28.21	800
1511	2021-09-24	28.21	28.21	28.21	28.21	2002
1512	2021-09-27	28.21	28.21	28.21	28.21	10
1513	2021-09-28	28.21	28.21	28.21	28.21	0
1514	2021-09-29	28.21	28.21	28.21	28.21	0
1515	2021-09-30	28.21	28.21	28.21	28.21	0
1516	2021-10-01	29.09	29.09	29.09	29.09	1008
1517	2021-10-04	29.09	29.09	29.09	29.09	0
1518	2021-10-05	29.09	29.09	29.09	29.09	100
1519	2021-10-06	29.09	29.09	26.44	26.53	6300
1520	2021-10-07	26.97	26.97	26.97	26.97	2
1521	2021-10-08	26.97	26.97	26.97	26.97	300
1522	2021-10-11	27.32	27.32	27.32	27.32	200
1523	2021-10-12	27.32	27.32	27.32	27.32	0
1524	2021-10-13	27.32	27.32	27.32	27.32	0
1525	2021-10-14	26.44	26.62	26.44	26.44	3600
1526	2021-10-15	26.53	27.32	26.53	27.32	700
1527	2021-10-18	26.88	26.88	26.88	26.88	1200
1528	2021-10-19	26.88	26.97	26.88	26.97	2900
1529	2021-10-20	26.88	27.77	26.88	27.77	5300
1530	2021-10-21	27.77	27.77	27.59	27.59	1105
1531	2021-10-22	27.32	27.5	27.32	27.32	5588
1532	2021-10-25	27.68	27.77	26.88	27.77	4900
1533	2021-10-26	27.41	28.21	27.41	28.21	2800
1534	2021-10-27	28.21	28.38	28.21	28.38	1000
1535	2021-10-28	28.65	29.53	28.38	28.38	3118
1536	2021-10-29	28.29	29.09	27.32	27.32	9900
1537	2021-11-01	28.21	28.21	28.21	28.21	1400
1538	2021-11-02	29.09	29.53	23.98	24.06	29411
1539	2021-11-03	27.77	27.77	21.15	21.15	70000
1540	2021-11-04	25.21	25.21	18.95	18.95	1000008
1541	2021-11-05	22.3	22.3	22.3	22.3	4008
1542	2021-11-08	25.56	25.56	25.56	25.56	15100
1543	2021-11-09	29.35	29.35	26.44	29.35	30219
1544	2021-11-10	32.61	33.23	29.97	32.26	32613
1545	2021-11-11	31.73	31.73	29.97	30.41	7701
1546	2021-11-12	30.41	32.61	29.97	32.61	11110
1547	2021-11-15	32.0	32.17	31.64	31.73	7720
1548	2021-11-16	31.73	32.0	31.64	32.0	19000
1549	2021-11-17	32.0	32.79	32.0	32.79	8213
1550	2021-11-18	32.35	32.35	32.35	32.35	400
1551	2021-11-19	31.73	31.91	31.73	31.82	16500
1552	2021-11-22	31.73	32.17	31.73	32.17	4400
1553	2021-11-23	32.53	32.53	31.91	31.91	200
1554	2021-11-24	31.91	32.17	31.91	32.17	18400
1555	2021-11-25	32.17	32.17	31.91	32.17	10800
1556	2021-11-26	32.17	34.38	32.17	33.49	8900
1557	2021-11-29	33.05	33.49	33.05	33.49	7801
1558	2021-11-30	33.94	33.94	33.94	33.94	2700
1559	2021-12-01	33.49	34.11	33.49	34.11	3200
1560	2021-12-02	33.85	33.94	33.85	33.94	2900
1561	2021-12-03	33.49	33.94	33.49	33.94	8300
1562	2021-12-06	32.61	32.61	32.61	32.61	1000
1563	2021-12-07	32.61	32.61	32.61	32.61	4280
1564	2021-12-08	31.82	32.61	31.82	32.61	2600
1565	2021-12-09	32.61	32.7	32.61	32.7	7219
1566	2021-12-10	32.7	32.7	32.7	32.7	802
1567	2021-12-13	32.61	33.76	32.61	33.67	4200
1568	2021-12-14	33.41	33.41	33.41	33.41	6300
1569	2021-12-15	33.41	33.41	33.41	33.41	1500
1570	2021-12-16	33.41	33.41	33.41	33.41	500
1571	2021-12-17	31.82	34.55	31.82	34.55	200
1572	2021-12-20	33.23	33.23	33.23	33.23	2000
1573	2021-12-21	33.23	33.23	33.23	33.23	500
1574	2021-12-22	33.23	33.23	33.23	33.23	0
1575	2021-12-23	33.23	33.23	33.23	33.23	12000
1576	2021-12-24	33.23	33.49	33.23	33.23	3500
1577	2021-12-27	33.32	33.32	33.32	33.32	0
1578	2021-12-28	28.91	33.32	28.91	33.32	1135
1579	2021-12-29	32.88	32.88	32.88	32.88	0
1580	2021-12-30	32.88	37.73	28.29	35.26	12313
1581	2021-12-31	33.58	35.26	33.58	35.26	3100
1582	2022-01-04	35.26	35.26	35.17	35.26	23400
1583	2022-01-05	33.58	36.49	33.58	36.49	210
1584	2022-01-06	30.5	30.5	30.5	30.5	100
1585	2022-01-07	34.99	34.99	34.99	34.99	1000
1586	2022-01-10	34.99	34.99	34.99	34.99	0
1587	2022-01-11	35.26	35.26	35.26	35.26	5513
1588	2022-01-12	35.26	35.26	35.26	35.26	6700
1589	2022-01-13	35.26	37.81	35.26	37.81	4400
1590	2022-01-14	35.35	35.35	35.26	35.26	41900
1591	2022-01-17	35.26	35.26	35.26	35.26	200
1592	2022-01-18	35.26	35.26	35.26	35.26	0
1593	2022-01-19	35.26	35.26	35.26	35.26	0
1594	2022-01-20	35.26	35.26	35.26	35.26	500
1595	2022-01-21	35.26	35.26	35.26	35.26	0
1596	2022-01-24	35.26	35.26	35.26	35.26	0
1597	2022-01-25	35.26	35.26	35.26	35.26	0
1598	2022-01-26	35.26	35.26	35.26	35.26	0
1599	2022-01-27	35.26	35.26	35.26	35.26	0
1600	2022-01-28	35.26	35.26	35.26	35.26	0
1601	2022-02-07	35.26	35.26	35.26	35.26	0
1602	2022-02-08	35.26	35.26	35.26	35.26	0
1603	2022-02-09	35.26	35.26	35.26	35.26	0
1604	2022-02-10	35.26	35.26	35.26	35.26	0
1605	2022-02-11	35.26	35.26	35.26	35.26	0
1606	2022-02-14	35.26	35.26	35.26	35.26	0
1607	2022-02-15	35.26	35.26	35.26	35.26	0
1608	2022-02-16	35.26	35.26	35.26	35.26	0
1609	2022-02-17	35.26	35.26	35.26	35.26	0
1610	2022-02-18	35.26	35.26	35.26	35.26	0
1611	2022-02-21	35.26	35.26	35.26	35.26	0
1612	2022-02-22	35.26	35.26	35.26	35.26	0
1613	2022-02-23	35.26	35.26	35.26	35.26	0
1614	2022-02-24	30.06	30.85	29.97	30.85	3300
1615	2022-02-25	30.85	33.05	30.85	33.05	2200
1616	2022-02-28	32.61	32.61	32.61	32.61	12800
1617	2022-03-01	32.61	32.61	32.61	32.61	1000
1618	2022-03-02	32.61	33.05	32.61	33.05	65300
1619	2022-03-03	33.05	33.05	33.05	33.05	1000
1620	2022-03-04	33.05	33.05	33.05	33.05	8000
1621	2022-03-07	33.05	33.05	33.05	33.05	0
1622	2022-03-08	33.05	33.05	33.05	33.05	11500
1623	2022-03-09	33.05	33.05	33.05	33.05	5000
1624	2022-03-10	33.05	33.05	33.05	33.05	0
1625	2022-03-11	33.05	33.05	33.05	33.05	0
1626	2022-03-14	33.05	33.05	32.61	32.61	11210
1627	2022-03-15	32.61	32.61	32.61	32.61	0
1628	2022-03-16	32.61	32.61	32.61	32.61	0
1629	2022-03-17	32.61	32.61	32.61	32.61	0
1630	2022-03-18	32.61	32.61	32.61	32.61	0
1631	2022-03-21	32.61	32.61	32.61	32.61	0
1632	2022-03-22	32.61	32.61	32.61	32.61	400
1633	2022-03-23	32.61	32.61	32.61	32.61	0
1634	2022-03-24	33.05	33.49	33.05	33.49	1000
1635	2022-03-25	33.49	33.49	33.49	33.49	600
1636	2022-03-28	33.49	33.49	33.49	33.49	0
1637	2022-03-29	33.49	33.49	33.49	33.49	0
1638	2022-03-30	33.94	33.94	33.94	33.49	4000
1639	2022-03-31	33.94	33.94	33.94	33.94	1400
1640	2022-04-01	33.94	33.94	33.94	33.94	0
1641	2022-04-04	33.94	33.94	33.94	33.94	0
1642	2022-04-05	33.94	33.94	33.94	33.94	0
1643	2022-04-06	33.94	33.94	33.94	33.94	0
1644	2022-04-07	33.94	33.94	33.94	33.94	0
1645	2022-04-08	33.94	33.94	33.94	33.94	7100
1646	2022-04-12	33.94	33.94	33.94	33.94	300
1647	2022-04-13	33.94	33.94	33.94	33.94	0
1648	2022-04-14	33.94	33.94	33.94	33.94	0
1649	2022-04-15	33.94	33.94	33.94	33.94	100
1650	2022-04-18	33.94	33.94	33.94	33.94	500
1651	2022-04-19	33.94	33.94	33.94	33.94	200
1652	2022-04-20	33.94	33.94	33.94	33.94	0
1653	2022-04-21	33.94	33.94	33.94	33.94	500
1654	2022-04-22	33.94	33.94	33.94	33.94	0
1655	2022-04-25	33.94	33.94	33.94	33.94	0
1656	2022-04-26	30.85	30.85	30.85	33.94	200
1657	2022-04-27	33.94	33.94	33.94	33.94	0
1658	2022-04-28	33.94	33.94	33.94	33.94	0
1659	2022-04-29	33.94	33.94	33.85	33.85	1100
1660	2022-05-04	33.94	33.94	33.94	33.94	0
1661	2022-05-05	33.94	33.94	33.94	33.94	0
1662	2022-05-06	33.94	33.94	33.94	33.94	0
1663	2022-05-09	33.94	33.94	33.94	33.94	0
1664	2022-05-10	33.94	33.94	33.94	33.94	0
1665	2022-05-11	33.94	33.94	33.94	33.94	0
1666	2022-05-12	33.94	33.94	33.94	33.94	0
1667	2022-05-13	33.94	33.94	33.94	33.94	0
1668	2022-05-16	33.94	33.94	33.94	33.94	0
1669	2022-05-17	33.94	33.94	33.94	33.94	0
1670	2022-05-18	33.94	33.94	33.94	33.94	0
1671	2022-05-19	33.94	33.94	33.94	33.94	0
1672	2022-05-20	33.94	33.94	33.94	33.94	0
1673	2022-05-23	33.94	33.94	33.94	33.94	0
1674	2022-05-24	33.94	33.94	33.94	33.94	0
1675	2022-05-25	33.94	33.94	33.94	33.94	0
1676	2022-05-26	33.94	33.94	33.94	33.94	0
1677	2022-05-27	33.05	33.05	33.05	33.05	100
1678	2022-05-30	33.05	33.05	33.05	33.05	0
1679	2022-05-31	33.05	33.05	33.05	33.05	0
1680	2022-06-01	33.05	33.05	33.05	33.05	0
1681	2022-06-02	33.05	33.05	33.05	33.05	0
1682	2022-06-03	33.14	33.14	33.14	33.14	1000
1683	2022-06-06	33.14	33.14	33.14	33.14	0
1684	2022-06-07	33.14	33.14	33.14	33.14	0
1685	2022-06-08	33.14	33.14	33.14	33.14	0
1686	2022-06-09	33.14	33.14	33.14	33.14	0
1687	2022-06-10	33.14	33.14	33.14	33.14	0
1688	2022-06-13	33.14	33.14	33.14	33.14	0
1689	2022-06-14	33.14	33.14	33.14	33.14	0
1690	2022-06-15	33.14	33.14	33.14	33.14	0
1691	2022-06-16	33.14	33.14	33.14	33.14	0
1692	2022-06-17	33.14	33.14	33.14	33.14	0
1693	2022-06-20	33.14	33.14	33.14	33.14	0
1694	2022-06-21	33.14	33.14	33.14	33.14	0
1695	2022-06-22	33.14	33.14	33.14	33.14	0
1696	2022-06-23	33.14	33.14	33.14	33.14	0
1697	2022-06-24	33.14	33.14	33.14	33.14	0
1698	2022-06-27	33.14	33.14	33.14	33.14	0
1699	2022-06-28	33.14	33.14	33.14	33.14	0
1700	2022-06-29	33.14	33.14	33.14	33.14	200
1701	2022-06-30	32.61	32.61	32.61	32.61	800
1702	2022-07-01	32.61	32.61	32.61	32.61	0
1703	2022-07-04	31.73	31.73	31.73	31.73	100
1704	2022-07-05	31.73	31.73	31.73	31.73	1
1705	2022-07-06	31.73	31.73	31.73	31.73	0
1706	2022-07-07	31.73	31.73	31.73	31.73	0
1707	2022-07-08	31.73	31.73	31.73	31.73	0
1708	2022-07-11	31.73	31.73	31.73	31.73	0
1709	2022-07-12	31.73	31.73	31.73	31.73	0
1710	2022-07-13	31.73	31.73	31.73	31.73	0
1711	2022-07-14	31.73	31.73	31.73	31.73	0
1712	2022-07-15	31.73	31.73	31.73	31.73	0
1713	2022-07-18	31.73	31.73	31.73	31.73	900
1714	2022-07-19	31.73	31.73	31.73	31.73	1100
1715	2022-07-20	31.73	31.73	31.73	31.73	3500
1716	2022-07-21	31.73	31.73	31.73	31.73	1500
1717	2022-07-22	31.73	31.73	31.73	31.73	0
1718	2022-07-25	31.73	31.73	31.73	31.73	0
1719	2022-07-26	31.73	31.73	31.73	31.73	0
1720	2022-07-27	31.73	31.73	31.73	31.73	0
1721	2022-07-28	31.73	31.73	31.73	31.73	0
1722	2022-07-29	36.4	36.4	30.85	30.85	400
1723	2022-08-01	32.26	32.26	32.26	32.26	0
1724	2022-08-02	32.26	32.26	32.26	32.26	0
1725	2022-08-03	32.26	32.26	32.26	32.26	0
1726	2022-08-04	32.26	32.26	32.26	32.26	0
1727	2022-08-05	29.97	29.97	28.21	28.21	1693
1728	2022-08-08	29.18	29.18	29.18	29.18	0
1729	2022-08-09	29.18	29.18	29.18	29.18	0
1730	2022-08-10	29.18	29.18	29.18	29.18	0
1731	2022-08-11	29.18	29.18	29.18	29.18	0
1732	2022-08-12	29.97	29.97	29.18	29.18	708
1733	2022-08-15	29.26	29.26	29.26	29.26	0
1734	2022-08-16	29.26	29.26	29.26	29.26	0
1735	2022-08-17	29.26	29.26	29.26	29.26	0
1736	2022-08-18	29.26	29.26	29.26	29.26	0
1737	2022-08-19	33.08	33.08	33.08	33.08	100
1738	2022-08-22	33.08	33.08	33.08	33.08	0
1739	2022-08-23	33.08	33.08	33.08	33.08	0
1740	2022-08-24	33.08	33.08	33.08	33.08	0
1741	2022-08-25	33.08	33.08	33.08	33.08	0
1742	2022-08-26	33.08	33.08	33.08	33.08	0
1743	2022-08-29	33.08	33.08	33.08	33.08	0
1744	2022-08-30	33.08	33.08	33.08	33.08	0
1745	2022-08-31	33.08	33.08	33.08	33.08	0
1746	2022-09-05	33.08	33.08	33.08	33.08	0
1747	2022-09-06	33.08	33.08	33.08	33.08	0
1748	2022-09-07	33.08	33.08	33.08	33.08	0
1749	2022-09-08	33.08	33.08	33.08	33.08	0
1750	2022-09-09	33.08	33.08	33.08	33.08	35200
1751	2022-09-12	33.08	33.08	33.08	33.08	0
1752	2022-09-13	33.08	33.08	33.08	33.08	0
1753	2022-09-14	33.08	33.08	33.08	33.08	0
1754	2022-09-15	33.08	33.08	33.08	33.08	0
1755	2022-09-16	33.08	33.08	33.08	33.08	0
1756	2022-09-19	30.99	34.99	30.9	34.99	8800
1757	2022-09-20	30.99	30.99	30.99	30.99	0
1758	2022-09-21	30.99	30.99	30.99	30.99	0
1759	2022-09-22	32.72	32.72	32.72	32.72	5300
1760	2022-09-23	32.72	37.62	32.72	32.72	4540
1761	2022-09-26	31.77	34.2	31.77	34.2	200
1762	2022-09-27	32.98	32.98	32.98	32.98	0
1763	2022-09-28	32.98	32.98	32.98	32.98	0
1764	2022-09-29	32.98	32.98	32.98	32.98	0
1765	2022-09-30	32.98	32.98	32.98	32.98	1
1766	2022-10-03	32.98	32.98	32.98	32.98	0
1767	2022-10-04	32.98	32.98	32.98	32.98	2
1768	2022-10-05	32.89	32.89	32.89	32.89	100
1769	2022-10-06	30.83	30.83	30.83	30.83	2300
1770	2022-10-07	30.83	30.83	30.83	30.83	3001
1771	2022-10-10	31.77	31.77	31.77	31.77	200
1772	2022-10-11	31.77	31.77	31.77	31.77	0
1773	2022-10-12	31.77	31.77	31.77	31.77	0
1774	2022-10-13	31.77	31.77	31.77	31.77	0
1775	2022-10-14	31.77	31.77	31.77	31.77	100
1776	2022-10-17	31.77	31.77	31.77	31.77	0
1777	2022-10-18	31.77	31.77	31.77	31.77	0
1778	2022-10-19	31.77	31.77	31.77	31.77	0
1779	2022-10-20	31.77	31.77	31.77	31.77	0
1780	2022-10-21	31.77	31.77	31.77	31.77	0
1781	2022-10-24	31.77	31.77	31.77	31.77	0
1782	2022-10-25	28.68	31.67	28.68	31.67	2100
1783	2022-10-26	28.96	28.96	28.96	28.96	1500
1784	2022-10-27	31.77	31.77	31.77	31.77	100
1785	2022-10-28	31.77	31.77	31.77	31.77	1
1786	2022-10-31	31.77	31.77	31.77	31.77	0
1787	2022-11-01	31.77	31.77	31.77	31.77	0
1788	2022-11-02	31.77	31.77	31.77	31.77	100
1789	2022-11-03	31.77	31.77	31.77	31.77	0
1790	2022-11-04	31.77	31.77	31.77	31.77	0
1791	2022-11-07	31.77	31.77	31.77	31.77	0
1792	2022-11-08	31.77	31.77	31.77	31.77	0
1793	2022-11-09	31.77	31.77	31.77	31.77	0
1794	2022-11-10	31.77	31.77	31.77	31.77	100
1795	2022-11-11	31.77	31.77	31.77	31.77	0
1796	2022-11-14	31.77	31.77	31.77	31.77	0
1797	2022-11-15	31.77	31.77	31.77	31.77	0
1798	2022-11-16	31.77	31.77	31.77	31.77	0
1799	2022-11-17	31.77	31.77	31.77	31.77	0
1800	2022-11-18	31.77	31.77	31.77	31.77	0
1801	2022-11-21	31.77	31.77	31.77	31.77	100
1802	2022-11-22	31.77	31.77	31.77	31.77	0
1803	2022-11-23	31.77	31.77	31.77	31.77	1
1804	2022-11-24	31.77	31.77	31.77	31.77	0
1805	2022-11-25	31.77	31.77	31.77	31.77	100
1806	2022-11-28	31.77	31.77	31.77	31.77	0
1807	2022-11-29	31.77	31.77	31.77	31.77	0
1808	2022-11-30	31.77	31.77	31.77	31.77	0
1809	2022-12-01	31.77	31.77	31.77	31.77	0
1810	2022-12-02	31.77	31.77	31.77	31.77	0
1811	2022-12-05	31.77	31.77	31.77	31.77	1
1812	2022-12-06	31.77	31.77	31.77	31.77	0
1813	2022-12-07	31.77	31.77	31.77	31.77	0
1814	2022-12-08	31.77	31.77	31.77	31.77	200
1815	2022-12-09	31.77	31.77	31.77	31.77	0
1816	2022-12-12	31.77	31.77	31.77	31.77	0
1817	2022-12-13	28.68	33.17	28.68	33.17	1501
1818	2022-12-14	28.96	28.96	28.96	28.96	5
1819	2022-12-15	31.77	31.77	31.77	31.77	200
1820	2022-12-16	31.67	31.77	31.67	31.77	501
1821	2022-12-19	31.67	31.67	31.67	31.67	0
1822	2022-12-20	28.96	31.77	28.96	31.77	2200
1823	2022-12-21	29.24	29.24	29.24	29.24	0
1824	2022-12-22	29.24	29.24	29.24	29.24	0
1825	2022-12-23	30.83	31.77	30.83	31.77	1100
1826	2022-12-26	28.96	28.96	28.96	28.96	700
1827	2022-12-27	28.96	28.96	28.96	28.96	0
1828	2022-12-28	28.96	28.96	28.96	28.96	0
1829	2022-12-29	30.83	33.26	30.83	33.26	300
1830	2022-12-30	31.77	36.34	31.77	36.34	300
1831	2023-01-03	33.26	33.26	33.26	33.26	0
1832	2023-01-04	33.26	33.26	33.26	33.26	0
1833	2023-01-05	37.84	37.84	37.84	37.84	100
1834	2023-01-06	37.84	37.84	37.84	37.84	0
1835	2023-01-09	37.84	37.84	37.84	37.84	0
1836	2023-01-10	37.84	37.84	37.84	37.84	0
1837	2023-01-11	37.84	37.84	37.84	37.84	0
1838	2023-01-12	37.84	37.84	37.84	37.84	0
1839	2023-01-13	36.91	36.91	36.91	36.91	200
1840	2023-01-16	36.91	36.91	36.91	36.91	0
1841	2023-01-17	36.91	36.91	36.91	36.91	0
1842	2023-01-18	36.91	36.91	36.91	36.91	0
1843	2023-01-19	36.91	36.91	36.91	36.91	0
1844	2023-01-27	34.57	34.57	34.57	34.57	1136
1845	2023-01-30	32.7	32.7	32.7	32.7	400
1846	2023-01-31	32.7	32.7	31.77	32.7	5929
1847	2023-02-01	31.77	33.63	31.77	33.63	3100
1848	2023-02-02	32.7	36.62	32.7	32.7	270600
1849	2023-02-03	32.7	36.62	32.7	36.62	89300
1850	2023-02-06	32.7	32.7	32.7	32.7	0
1851	2023-02-07	28.96	36.91	28.96	36.91	600
1852	2023-02-08	31.58	31.58	31.58	31.58	100
1853	2023-02-09	31.58	31.58	31.58	31.58	0
1854	2023-02-10	32.7	36.25	32.7	36.25	4604
1855	2023-02-13	32.89	32.89	32.89	32.89	500
1856	2023-02-14	32.89	32.89	32.89	32.89	0
1857	2023-02-15	32.89	32.89	32.89	32.89	0
1858	2023-02-16	32.89	32.89	32.89	32.89	0
1859	2023-02-17	32.89	32.89	32.89	32.89	0
1860	2023-02-20	32.89	32.89	32.89	32.89	0
1861	2023-02-21	37.47	37.47	37.47	37.47	100
1862	2023-02-22	37.47	37.47	37.47	37.47	0
1863	2023-02-23	36.62	36.62	36.62	36.62	100
1864	2023-02-24	36.62	36.62	36.62	36.62	0
1865	2023-02-27	36.62	36.62	36.62	36.62	1
1866	2023-02-28	36.62	36.62	36.62	36.62	0
1867	2023-03-01	36.62	36.62	36.62	36.62	0
1868	2023-03-02	36.62	36.62	36.62	36.62	0
1869	2023-03-03	36.62	36.62	36.62	36.62	0
1870	2023-03-06	36.62	36.62	36.62	36.62	0
1871	2023-03-07	36.62	36.62	36.62	36.62	0
1872	2023-03-08	36.62	36.62	36.62	36.62	0
1873	2023-03-09	36.62	36.62	36.62	36.62	0
1874	2023-03-10	37.56	37.56	37.56	37.56	100
1875	2023-03-13	37.56	37.56	37.56	37.56	0
1876	2023-03-14	37.56	37.56	37.56	37.56	0
1877	2023-03-15	37.56	37.56	37.56	37.56	0
1878	2023-03-16	37.56	37.56	37.56	37.56	0
1879	2023-03-17	37.56	37.56	37.56	37.56	2
1880	2023-03-20	37.56	37.56	37.56	37.56	0
1881	2023-03-21	37.56	37.56	37.56	37.56	0
1882	2023-03-22	37.56	37.56	37.56	37.56	0
1883	2023-03-23	37.56	37.56	37.56	37.56	0
1884	2023-03-24	37.56	37.56	37.56	37.56	0
1885	2023-03-27	37.56	37.56	37.56	37.56	12
1886	2023-03-28	36.62	36.62	36.62	36.62	1000
1887	2023-03-29	36.62	36.62	36.62	36.62	1
1888	2023-03-30	36.62	36.62	36.62	36.62	0
1889	2023-03-31	36.62	42.04	36.62	42.04	11200
1890	2023-04-03	41.02	41.02	41.02	41.02	101
1891	2023-04-04	41.02	41.02	41.02	41.02	0
1892	2023-04-05	34.94	35.04	34.94	35.04	1900
1893	2023-04-06	40.27	40.27	35.04	35.04	3003
1894	2023-04-07	35.32	35.32	35.32	35.32	161
1895	2023-04-10	38.31	38.31	37.37	37.37	1300
1896	2023-04-11	37.84	37.84	37.84	37.84	0
1897	2023-04-12	37.84	37.84	37.84	37.84	0
1898	2023-04-13	37.84	37.84	37.84	37.84	0
1899	2023-04-14	37.84	37.84	37.84	37.84	0
1900	2023-04-17	37.84	37.84	37.84	37.84	0
1901	2023-04-18	37.84	37.84	37.84	37.84	0
1902	2023-04-19	37.84	37.84	37.84	37.84	0
1903	2023-04-20	38.31	38.31	38.31	38.31	100
1904	2023-04-21	38.31	38.31	38.31	38.31	1228
1905	2023-04-24	38.31	38.31	38.31	38.31	0
1906	2023-04-25	38.31	38.31	38.31	38.31	0
1907	2023-04-26	38.31	38.31	38.31	38.31	0
1908	2023-04-27	38.31	38.31	38.31	38.31	100
1909	2023-04-28	38.31	38.31	38.31	38.31	0
1910	2023-05-04	38.31	38.31	38.31	38.31	22
1911	2023-05-05	38.31	38.31	38.31	38.31	1
1912	2023-05-08	38.31	38.31	38.31	38.31	0
1913	2023-05-09	38.31	38.31	38.31	38.31	0
1914	2023-05-10	38.31	38.31	38.31	38.31	2
1915	2023-05-11	38.31	38.31	38.31	38.31	0
1916	2023-05-12	38.31	38.31	38.31	38.31	40
1917	2023-05-15	38.31	38.31	38.31	38.31	200
1918	2023-05-16	35.01	35.01	35.01	35.01	2300
1919	2023-05-17	35.01	35.01	35.01	35.01	0
1920	2023-05-18	38.79	38.79	38.79	38.79	304
1921	2023-05-19	38.79	38.79	38.79	38.79	0
1922	2023-05-22	38.79	38.79	38.79	38.79	0
1923	2023-05-23	38.79	38.79	38.79	38.79	0
1924	2023-05-24	38.79	38.79	38.79	38.79	0
1925	2023-05-25	38.79	38.79	38.79	38.79	0
1926	2023-05-26	38.79	38.79	38.79	38.79	100
1927	2023-05-29	38.79	38.79	38.79	38.79	0
1928	2023-05-30	38.79	38.79	38.79	38.79	0
1929	2023-05-31	38.79	38.79	38.79	38.79	0
1930	2023-06-01	38.79	38.79	38.79	38.79	150
1931	2023-06-02	38.79	38.79	38.79	38.79	1700
1932	2023-06-05	38.79	38.79	38.79	38.79	3300
1933	2023-06-06	38.79	38.79	38.79	38.79	0
1934	2023-06-07	38.79	38.79	38.79	38.79	0
1935	2023-06-08	37.43	37.43	37.43	37.43	100
1936	2023-06-09	37.43	37.43	37.43	37.43	0
1937	2023-06-12	37.82	37.82	37.82	37.82	200
1938	2023-06-13	37.82	37.82	37.82	37.82	200
1939	2023-06-14	37.82	37.82	37.82	37.82	204
1940	2023-06-15	37.82	37.82	37.82	37.82	0
1941	2023-06-16	37.82	37.82	37.82	37.82	0
1942	2023-06-19	37.82	37.82	37.82	37.82	0
1943	2023-06-20	37.82	37.82	37.82	37.82	0
1944	2023-06-21	37.82	37.82	37.82	37.82	0
1945	2023-06-22	38.79	38.79	38.79	38.79	101
1946	2023-06-23	38.79	38.79	38.79	38.79	0
1947	2023-06-26	37.34	37.34	37.34	37.34	100
1948	2023-06-27	37.34	37.34	37.34	37.34	0
1949	2023-06-28	37.34	37.34	37.34	37.34	0
1950	2023-06-29	37.43	37.43	37.43	37.43	109
1951	2023-06-30	37.43	37.43	37.43	37.43	0
1952	2023-07-03	37.43	37.43	37.43	37.43	0
1953	2023-07-04	37.43	37.43	37.43	37.43	0
1954	2023-07-05	37.43	37.43	37.43	37.43	0
1955	2023-07-06	37.43	37.43	37.43	37.43	0
1956	2023-07-07	37.43	37.43	37.43	37.43	0
1957	2023-07-10	37.43	37.43	37.43	37.43	601
1958	2023-07-11	36.85	36.85	35.88	35.88	16900
1959	2023-07-12	36.37	36.37	36.37	36.37	1
1960	2023-07-13	36.37	36.37	36.37	36.37	301
1961	2023-07-14	36.85	36.85	36.85	36.85	101
1962	2023-07-17	36.85	36.85	36.85	36.85	0
1963	2023-07-18	36.85	36.85	36.85	36.85	0
1964	2023-07-19	36.85	36.85	36.85	36.85	305
1965	2023-07-20	35.88	35.88	35.88	35.88	100
1966	2023-07-21	35.88	35.88	35.88	35.88	0
1967	2023-07-24	35.88	35.88	35.88	35.88	1
1968	2023-07-25	35.88	35.88	35.88	35.88	0
1969	2023-07-26	35.88	35.88	35.88	35.88	0
1970	2023-07-27	35.88	35.88	35.88	35.88	0
1971	2023-07-28	34.04	34.04	34.04	34.04	2600
1972	2023-07-31	34.04	34.04	34.04	34.04	0
1973	2023-08-01	34.04	34.04	34.04	34.04	0
1974	2023-08-02	35.88	35.88	35.88	35.88	100
1975	2023-08-03	35.88	35.88	35.88	35.88	0
1976	2023-08-04	38.79	38.79	38.79	38.79	200
1977	2023-08-07	38.79	38.79	38.79	38.79	6
1978	2023-08-08	38.79	38.79	38.79	38.79	1
1979	2023-08-09	38.79	38.79	38.79	38.79	752
1980	2023-08-10	38.79	38.79	38.79	38.79	800
1981	2023-08-11	38.79	38.79	38.79	38.79	0
1982	2023-08-14	38.79	38.79	38.79	38.79	0
1983	2023-08-15	35.88	35.88	35.88	35.88	100
1984	2023-08-16	35.88	35.88	35.88	35.88	0
1985	2023-08-17	35.88	35.88	35.88	35.88	100
1986	2023-08-18	35.88	35.88	35.88	35.88	0
1987	2023-08-21	35.88	35.88	35.88	35.88	100
1988	2023-08-22	35.88	35.88	35.88	35.88	100
1989	2023-08-23	35.88	35.88	35.88	35.88	0
1990	2023-08-24	35.88	35.88	35.88	35.88	0
1991	2023-08-25	35.88	35.88	35.88	35.88	0
1992	2023-08-28	35.88	35.88	35.88	35.88	0
1993	2023-08-29	40.73	41.22	40.73	41.22	1200
1994	2023-08-30	41.22	41.22	41.22	41.22	40
1995	2023-08-31	38.79	45.58	36.85	36.85	502
1996	2023-09-05	39.37	39.37	39.37	39.37	0
1997	2023-09-06	39.37	39.37	39.37	39.37	0
1998	2023-09-07	39.37	39.37	39.37	39.37	0
1999	2023-09-08	39.37	39.37	39.37	39.37	0
2000	2023-09-11	39.37	39.37	39.37	39.37	1
2001	2023-09-12	39.37	39.37	39.37	39.37	12
2002	2023-09-13	39.37	39.37	39.37	39.37	0
2003	2023-09-14	39.37	39.37	39.37	39.37	0
2004	2023-09-15	39.37	39.37	39.37	39.37	0
2005	2023-09-18	39.37	39.37	39.37	39.37	400
2006	2023-09-19	39.37	39.37	39.37	39.37	0
2007	2023-09-20	39.37	39.37	39.37	39.37	0
2008	2023-09-21	39.37	39.37	39.37	39.37	0
2009	2023-09-22	39.37	39.37	39.37	39.37	0
2010	2023-09-25	39.37	39.37	39.37	39.37	0
2011	2023-09-26	39.37	39.37	39.37	39.37	0
2012	2023-09-27	39.37	39.37	39.37	39.37	0
2013	2023-09-28	39.37	39.37	39.37	39.37	0
2014	2023-09-29	39.37	39.37	39.37	39.37	0
2015	2023-10-02	39.37	39.37	39.37	39.37	50
2016	2023-10-03	39.37	39.37	39.37	39.37	0
2017	2023-10-04	36.85	36.85	36.85	36.85	100
2018	2023-10-05	36.85	36.85	36.85	36.85	0
2019	2023-10-06	36.85	36.85	36.85	36.85	1
2020	2023-10-09	36.85	36.85	36.85	36.85	900
2021	2023-10-10	36.85	36.85	36.85	36.85	45
2022	2023-10-11	36.85	36.85	36.85	36.85	0
2023	2023-10-12	36.85	36.85	36.85	36.85	30
2024	2023-10-13	36.85	36.85	36.85	36.85	0
2025	2023-10-16	36.85	36.85	36.85	36.85	0
2026	2023-10-17	36.66	36.66	36.66	36.66	700
2027	2023-10-18	36.66	36.66	36.66	36.66	0
2028	2023-10-19	36.66	36.66	36.66	36.66	0
2029	2023-10-20	36.66	36.66	36.66	36.66	1
2030	2023-10-23	36.66	36.66	36.66	36.66	1
2031	2023-10-24	36.66	36.66	36.66	36.66	1700
2032	2023-10-25	35.88	35.88	35.88	35.88	300
2033	2023-10-26	35.88	35.88	35.88	35.88	1
2034	2023-10-27	30.74	30.74	30.74	30.74	2300
2035	2023-10-30	30.74	30.74	30.74	30.74	0
2036	2023-10-31	30.74	30.74	30.74	30.74	0
2037	2023-11-01	35.2	35.2	35.2	35.2	100
2038	2023-11-02	35.2	35.2	35.2	35.2	0
2039	2023-11-03	35.2	35.2	35.2	35.2	0
2040	2023-11-06	35.3	35.3	35.3	35.3	100
2041	2023-11-07	40.15	40.15	40.15	40.15	100
2042	2023-11-08	40.15	40.15	40.15	40.15	16
2043	2023-11-09	34.91	34.91	34.91	34.91	600
2044	2023-11-10	34.91	34.91	34.91	34.91	0
2045	2023-11-13	40.15	40.15	40.15	40.15	100
2046	2023-11-14	40.15	40.15	40.15	40.15	0
2047	2023-11-15	40.15	40.15	40.15	40.15	0
2048	2023-11-16	40.15	40.15	40.15	40.15	0
2049	2023-11-17	34.91	34.91	34.91	34.91	1000
2050	2023-11-20	34.91	34.91	34.91	34.91	0
2051	2023-11-21	34.91	34.91	34.91	34.91	0
2052	2023-11-22	34.91	34.91	34.91	34.91	0
2053	2023-11-23	34.91	34.91	34.91	34.91	0
2054	2023-11-24	34.91	34.91	34.91	34.91	0
2055	2023-11-27	34.91	34.91	34.91	34.91	0
2056	2023-11-28	34.91	34.91	34.91	34.91	0
2057	2023-11-29	34.91	34.91	34.91	34.91	0
2058	2023-11-30	34.91	34.91	34.91	34.91	100
2059	2023-12-01	34.91	34.91	33.94	33.94	1600
2060	2023-12-04	29.19	36.76	29.19	36.76	300
2061	2023-12-05	34.23	34.23	34.23	34.23	0
2062	2023-12-06	34.23	34.23	34.23	34.23	0
2063	2023-12-07	34.23	34.23	34.23	34.23	0
2064	2023-12-08	34.23	34.23	34.23	34.23	0
2065	2023-12-11	34.23	34.23	34.23	34.23	0
2066	2023-12-12	33.94	33.94	33.94	33.94	100
2067	2023-12-13	33.94	33.94	33.94	33.94	0
2068	2023-12-14	33.94	33.94	33.94	33.94	0
2069	2023-12-15	33.94	33.94	33.94	33.94	0
2070	2023-12-18	33.94	33.94	33.94	33.94	0
2071	2023-12-19	33.94	33.94	33.94	33.94	0
2072	2023-12-20	33.94	33.94	33.94	33.94	300
2073	2023-12-21	33.94	33.94	33.94	33.94	1600
2074	2023-12-22	33.94	33.94	33.94	33.94	0
2075	2023-12-25	33.94	33.94	33.94	33.94	0
2076	2023-12-26	33.94	33.94	33.94	33.94	2600
2077	2023-12-27	36.56	36.56	33.94	33.94	3600
2078	2023-12-28	33.94	34.82	33.94	34.82	7578
2079	2023-12-29	34.91	34.91	34.82	34.91	2500
2080	2024-01-02	34.91	34.91	34.91	34.91	0
2081	2024-01-03	34.91	36.46	34.91	36.46	14800
2082	2024-01-04	35.01	35.01	35.01	35.01	0
2083	2024-01-05	35.01	35.01	35.01	35.01	0
2084	2024-01-08	35.88	35.98	35.88	35.88	1177
2085	2024-01-09	36.08	36.85	36.08	36.85	500
2086	2024-01-10	36.66	36.66	36.66	36.66	300
2087	2024-01-11	36.66	36.66	36.66	36.66	0
2088	2024-01-12	36.66	36.66	36.66	36.66	0
2089	2024-01-15	36.66	36.66	36.66	36.66	0
2090	2024-01-16	36.66	36.66	36.66	36.66	0
2091	2024-01-17	36.66	36.66	36.66	36.66	0
2092	2024-01-18	36.66	36.66	36.66	36.66	0
2093	2024-01-19	36.85	36.85	36.85	36.85	100
2094	2024-01-22	36.85	36.85	36.85	36.85	42000
2095	2024-01-23	36.85	36.85	36.85	36.85	24500
2096	2024-01-24	36.85	36.85	36.85	36.85	505
2097	2024-01-25	36.85	36.85	36.85	36.85	0
2098	2024-01-26	36.85	36.85	36.85	36.85	0
2099	2024-01-29	36.85	36.85	36.85	36.85	0
2100	2024-01-30	36.85	36.85	36.85	36.85	25305
2101	2024-01-31	36.85	36.85	36.85	36.85	100
2102	2024-02-01	36.85	36.85	36.85	36.85	18
2103	2024-02-02	36.85	36.85	36.85	36.85	0
2104	2024-02-05	36.85	36.85	36.85	36.85	0
2105	2024-02-06	36.85	36.85	36.85	36.85	0
2106	2024-02-07	36.85	36.85	36.85	36.85	0
2107	2024-02-15	36.85	36.85	36.85	36.85	0
2108	2024-02-16	36.85	36.85	36.85	36.85	0
2109	2024-02-19	36.85	36.85	36.85	36.85	0
2110	2024-02-20	36.85	36.85	36.85	36.85	0
2111	2024-02-21	36.85	36.85	36.85	36.85	0
2112	2024-02-22	36.85	36.85	36.85	36.85	0
2113	2024-02-23	36.85	36.85	36.85	36.85	18
2114	2024-02-26	36.85	36.85	36.85	36.85	0
2115	2024-02-27	36.85	36.85	36.85	36.85	0
2116	2024-02-28	36.85	36.85	36.85	36.85	0
2117	2024-02-29	36.85	36.85	36.85	36.85	10
2118	2024-03-01	36.85	36.85	36.85	36.85	0
2119	2024-03-04	37.82	37.82	37.82	37.82	410
2120	2024-03-05	37.82	37.82	37.82	37.82	3960
2121	2024-03-06	37.82	37.82	37.82	37.82	2200
2122	2024-03-07	37.82	37.82	37.82	37.82	42
2123	2024-03-08	37.82	37.82	37.82	37.82	0
2124	2024-03-11	37.82	37.82	37.82	37.82	0
2125	2024-03-12	36.85	36.85	36.85	36.85	235
2126	2024-03-13	36.85	38.11	36.85	38.11	1905
2127	2024-03-14	38.02	38.02	38.02	38.02	0
2128	2024-03-15	38.02	38.02	38.02	38.02	0
2129	2024-03-18	38.02	38.02	38.02	38.02	0
2130	2024-03-19	38.02	38.02	38.02	38.02	0
2131	2024-03-20	38.4	38.4	38.4	38.4	2705
2132	2024-03-21	38.4	38.4	38.4	38.4	0
2133	2024-03-22	37.82	42.67	36.85	42.67	16400
2134	2024-03-25	42.77	42.77	42.77	42.77	100
2135	2024-03-26	42.77	44.22	42.77	44.22	200
2136	2024-03-27	47.04	47.04	47.04	47.04	100
2137	2024-03-28	47.04	47.04	47.04	47.04	0
2138	2024-03-29	53.34	53.34	53.34	53.34	100
2139	2024-04-01	56.25	56.25	56.25	56.25	100
2140	2024-04-02	56.25	56.25	56.25	56.25	0
2141	2024-04-03	56.25	56.25	56.25	56.25	0
2142	2024-04-04	56.25	56.25	56.25	56.25	0
2143	2024-04-05	56.25	56.25	56.25	56.25	0
2144	2024-04-08	56.25	56.25	56.25	56.25	0
2145	2024-04-09	56.25	56.25	56.25	56.25	0
2146	2024-04-10	48.49	48.49	48.49	48.49	900
2147	2024-04-11	48.49	48.49	48.49	48.49	0
2148	2024-04-12	48.49	48.49	48.49	48.49	0
2149	2024-04-15	48.49	48.49	48.49	48.49	0
2150	2024-04-16	48.49	48.49	48.49	48.49	0
2151	2024-04-17	48.49	48.49	48.49	48.49	0
2152	2024-04-19	48.49	48.49	48.49	48.49	0
2153	2024-04-22	46.55	46.55	46.55	46.55	200
2154	2024-04-23	46.55	46.55	46.55	46.55	0
2155	2024-04-24	46.55	46.55	46.55	46.55	0
2156	2024-04-25	46.55	46.55	46.55	46.55	800
2157	2024-04-26	46.07	46.07	45.58	45.58	200
2158	2024-05-02	45.1	45.1	45.1	45.1	100
2159	2024-05-03	44.61	44.61	44.61	44.61	600
2160	2024-05-06	45.58	47.52	45.58	47.52	200
2161	2024-05-07	47.52	47.52	47.52	47.52	100
2162	2024-05-08	49.46	49.46	47.62	47.62	600
2163	2024-05-09	48.2	48.2	48.2	48.2	0
2164	2024-05-10	48.2	48.2	48.2	48.2	0
2165	2024-05-13	48.2	48.2	48.2	48.2	0
2166	2024-05-14	45.5	45.5	45.5	45.5	100
2167	2024-05-15	45.5	45.5	45.5	45.5	0
2168	2024-05-16	50.0	50.0	50.0	50.0	800
2169	2024-05-17	50.0	52.0	50.0	52.0	1200
2170	2024-05-20	52.0	52.0	52.0	52.0	1300
2171	2024-05-21	52.0	52.0	52.0	52.0	0
2172	2024-05-22	52.0	52.0	52.0	52.0	4200
2173	2024-05-23	52.0	52.0	52.0	52.0	200
2174	2024-05-24	52.0	52.0	52.0	52.0	200
2175	2024-05-27	52.0	52.0	52.0	52.0	0
2176	2024-05-28	52.0	52.0	52.0	52.0	100
2177	2024-05-29	52.0	52.0	52.0	52.0	0
2178	2024-05-30	52.0	52.0	52.0	52.0	0
2179	2024-05-31	52.0	52.0	52.0	52.0	0
2180	2024-06-03	52.0	52.0	52.0	52.0	0
2181	2024-06-04	52.0	52.0	52.0	52.0	0
2182	2024-06-05	52.0	52.0	52.0	52.0	0
2183	2024-06-06	52.0	52.0	52.0	52.0	0
2184	2024-06-07	52.0	52.0	52.0	52.0	1200
2185	2024-06-10	59.8	59.8	59.8	59.8	300
2186	2024-06-11	59.8	59.8	59.8	59.8	0
2187	2024-06-12	55.0	55.0	55.0	55.0	100
2188	2024-06-13	63.0	63.0	61.0	63.0	2400
2189	2024-06-14	72.0	72.0	63.1	63.1	1500
2190	2024-06-17	70.8	70.8	70.8	70.8	10
2191	2024-06-18	70.8	70.8	70.8	70.8	0
2192	2024-06-19	61.0	62.0	61.0	61.6	300
2193	2024-06-20	60.1	60.1	60.1	60.1	200
2194	2024-06-21	60.0	60.1	60.0	60.1	500
2195	2024-06-24	59.1	59.7	59.1	59.7	205
2196	2024-06-25	59.4	59.4	59.4	59.4	0
2197	2024-06-26	59.5	62.1	59.5	62.1	200
2198	2024-06-27	60.8	60.8	60.8	60.8	0
2199	2024-06-28	63.1	63.1	63.1	63.1	100
2200	2024-07-01	63.2	63.2	63.2	63.2	200
2201	2024-07-02	63.2	63.2	63.2	63.2	10
2202	2024-07-03	63.2	63.2	63.2	63.2	200
2203	2024-07-04	70.5	70.5	70.5	70.5	1903
2204	2024-07-05	70.5	70.5	70.5	70.5	0
2205	2024-07-08	71.0	81.0	70.6	81.0	2501
2206	2024-07-09	79.0	79.0	79.0	79.0	0
2207	2024-07-10	79.0	79.0	79.0	79.0	0
2208	2024-07-11	79.0	79.0	79.0	79.0	0
2209	2024-07-12	77.0	77.0	77.0	77.0	100
2210	2024-07-15	77.0	77.0	77.0	77.0	0
2211	2024-07-16	75.1	77.0	75.0	77.0	300
2212	2024-07-17	75.7	75.7	71.2	75.7	500
2213	2024-07-18	75.5	75.5	74.5	74.5	300
2214	2024-07-19	75.0	75.0	75.0	75.0	100
2215	2024-07-22	75.0	75.0	75.0	75.0	0
2216	2024-07-23	72.5	72.5	72.5	72.5	901
2217	2024-07-24	72.5	72.5	72.5	72.5	700
2218	2024-07-25	70.1	70.1	70.1	70.1	2700
2219	2024-08-09	70.1	70.1	70.1	70.1	200
2220	2024-08-12	70.1	70.1	70.1	70.1	100
2221	2024-08-21	70.0	70.0	70.0	70.0	400
2222	2024-08-22	70.1	70.1	70.1	70.1	100
2223	2024-09-04	70.0	70.0	70.0	70.0	200
2224	2024-09-17	72.0	73.0	72.0	73.0	600
2225	2024-09-23	70.0	70.0	70.0	70.0	200
2226	2024-09-27	73.0	73.0	73.0	73.0	100
2227	2024-10-02	74.0	74.0	74.0	74.0	100
2228	2024-10-07	74.0	74.0	72.0	74.0	800
2229	2024-10-10	71.0	73.0	71.0	73.0	1000
2230	2024-10-15	75.0	75.0	73.8	73.8	600
2231	2024-10-21	74.0	74.5	74.0	74.5	1900
2232	2024-10-23	74.1	82.0	74.1	82.0	1300
2233	2024-10-28	74.1	74.1	74.1	74.1	1000
2234	2024-10-30	72.9	72.9	72.9	72.9	400
2235	2024-10-31	72.9	72.9	71.1	72.9	1400
2236	2024-11-01	71.0	71.0	71.0	71.0	1800
2237	2024-11-04	74.9	74.9	74.9	74.9	100
2238	2024-11-05	74.1	74.1	74.1	74.1	1100
2239	2024-11-07	70.0	76.8	70.0	76.8	600
2240	2024-11-08	76.0	76.0	76.0	76.0	100
2241	2024-11-11	70.4	73.9	70.4	73.9	600
2242	2024-11-12	74.0	74.1	70.6	73.9	1400
2243	2024-11-13	74.4	74.5	74.0	74.2	2200
2244	2024-11-20	68.0	73.0	68.0	72.0	900
2245	2024-11-21	75.0	75.0	75.0	75.0	100
2246	2024-11-25	70.0	70.0	70.0	70.0	2000
2247	2024-11-26	76.0	76.0	76.0	76.0	100
2248	2024-12-17	76.0	76.0	76.0	76.0	100
2249	2024-12-18	74.1	74.1	74.1	74.1	300
2250	2024-12-27	74.1	74.1	74.1	74.1	200
2251	2024-12-31	74.0	74.0	74.0	74.0	500
2252	2025-01-02	74.0	74.0	74.0	74.0	600
2253	2025-01-03	68.5	72.5	68.5	72.5	300
2254	2025-01-06	68.0	69.2	65.1	65.1	1200
2255	2025-01-07	73.0	73.0	73.0	73.0	100
2256	2025-01-08	73.0	73.0	73.0	73.0	200
2257	2025-01-10	73.0	73.0	73.0	73.0	400
2258	2025-01-14	73.0	73.0	73.0	73.0	200
2259	2025-01-15	68.0	68.0	65.4	68.0	3400
2260	2025-01-16	68.0	68.0	67.8	67.8	1200
2261	2025-01-17	72.0	72.0	72.0	72.0	100
2262	2025-01-20	65.0	68.0	63.0	68.0	1300
2263	2025-01-21	67.0	67.0	67.0	67.0	100
2264	2025-01-23	68.0	68.0	68.0	68.0	100
2265	2025-01-24	68.1	68.1	68.0	68.0	600
2266	2025-02-03	69.2	70.0	68.5	70.0	900
2267	2025-02-04	68.1	71.5	68.1	69.0	1700
2268	2025-02-05	72.0	72.0	71.0	71.0	700
2269	2025-02-07	74.0	74.0	74.0	74.0	300
2270	2025-02-10	74.1	80.0	74.0	80.0	5700
2271	2025-02-11	80.0	85.6	75.3	85.0	2200
2272	2025-02-12	84.9	85.0	81.0	81.0	2500
2273	2025-02-13	79.0	79.0	79.0	79.0	300
2274	2025-02-14	79.1	79.1	79.1	79.1	1300
2275	2025-02-17	78.0	78.0	78.0	78.0	1100
2276	2025-02-20	79.5	79.5	79.5	79.5	100
2277	2025-02-21	80.0	80.0	80.0	80.0	100
2278	2025-02-26	80.0	80.0	80.0	80.0	800
2279	2025-02-28	81.0	82.0	80.0	82.0	3300
2280	2025-03-03	82.0	82.0	82.0	82.0	1100
2281	2025-03-05	80.0	80.0	80.0	80.0	2200
2282	2025-03-07	80.0	82.7	80.0	82.7	1300
2283	2025-03-10	82.0	82.0	82.0	82.0	200
2284	2025-03-11	83.0	83.0	83.0	83.0	1100
2285	2025-03-12	83.5	83.5	83.5	83.5	100
2286	2025-03-13	84.0	84.0	84.0	84.0	100
2287	2025-03-14	83.0	83.0	83.0	83.0	1400
2288	2025-03-18	83.0	83.0	83.0	83.0	800
2289	2025-03-19	85.0	85.1	85.0	85.1	300
2290	2025-03-20	86.1	86.1	86.1	86.1	200
2291	2025-03-21	86.5	86.6	86.5	86.6	300
2292	2025-03-24	86.6	86.6	86.6	86.6	700
2293	2025-03-26	86.6	86.6	86.6	86.6	100
2294	2025-03-27	86.0	87.0	86.0	87.0	600
2295	2025-03-28	86.4	86.4	86.4	86.4	100
2296	2025-03-31	83.0	99.3	83.0	99.3	2300
2297	2025-04-01	113.3	113.3	113.3	113.3	100
