	time	open	high	low	close	volume
0	2017-10-31	8.7	0.0	0.0	0.0	0
1	2017-11-01	8.7	8.7	8.7	8.7	0
2	2017-11-02	8.7	8.7	8.7	8.7	0
3	2017-11-03	8.7	8.7	8.7	8.7	0
4	2017-11-06	8.7	8.7	8.7	8.7	0
5	2017-11-07	8.7	8.7	8.7	8.7	0
6	2017-11-08	8.7	8.7	8.7	8.7	0
7	2017-11-09	8.7	8.7	8.7	8.7	0
8	2017-11-10	8.7	8.7	8.7	8.7	0
9	2017-11-13	8.7	8.7	8.7	8.7	0
10	2017-11-14	8.7	8.7	8.7	8.7	0
11	2017-11-15	8.7	8.7	8.7	8.7	0
12	2017-11-16	8.7	8.7	8.7	8.7	0
13	2017-11-17	8.7	8.7	8.7	8.7	0
14	2017-11-20	8.7	8.7	8.7	8.7	0
15	2017-11-21	8.7	8.7	8.7	8.7	0
16	2017-11-22	8.7	8.7	8.7	8.7	0
17	2017-11-23	8.7	8.7	8.7	8.7	0
18	2017-11-24	8.7	8.7	8.7	8.7	0
19	2017-11-27	8.7	8.7	8.7	8.7	0
20	2017-11-28	8.7	8.7	8.7	8.7	0
21	2017-11-29	8.7	8.7	8.7	8.7	0
22	2017-11-30	8.7	8.7	8.7	8.7	0
23	2017-12-01	8.7	8.7	8.7	8.7	0
24	2017-12-04	8.7	8.7	8.7	8.7	0
25	2017-12-05	8.7	8.7	8.7	8.7	0
26	2017-12-06	8.7	8.7	8.7	8.7	0
27	2017-12-07	8.7	8.7	8.7	8.7	0
28	2017-12-08	8.7	8.7	8.7	8.7	0
29	2017-12-11	8.7	8.7	8.7	8.7	0
30	2017-12-12	8.7	8.7	8.7	8.7	0
31	2017-12-13	8.7	8.7	8.7	8.7	0
32	2017-12-14	8.7	8.7	8.7	8.7	0
33	2017-12-15	8.7	8.7	8.7	8.7	0
34	2017-12-18	8.7	8.7	8.7	8.7	0
35	2017-12-19	8.7	8.7	8.7	8.7	0
36	2017-12-20	8.7	8.7	8.7	8.7	0
37	2017-12-21	8.7	8.7	8.7	8.7	0
38	2017-12-22	8.7	8.7	8.7	8.7	0
39	2017-12-25	8.7	8.7	8.7	8.7	0
40	2017-12-26	8.7	8.7	8.7	8.7	0
41	2017-12-27	8.7	8.7	8.7	8.7	0
42	2017-12-28	8.7	8.7	8.7	8.7	0
43	2017-12-29	8.7	8.7	8.7	8.7	0
44	2018-01-02	8.7	8.7	8.7	8.7	0
45	2018-01-03	8.7	8.7	8.7	8.7	0
46	2018-01-04	8.7	8.7	8.7	8.7	0
47	2018-01-05	8.7	8.7	8.7	8.7	0
48	2018-01-08	8.7	8.7	8.7	8.7	0
49	2018-01-09	8.7	8.7	8.7	8.7	0
50	2018-01-10	8.7	8.7	8.7	8.7	0
51	2018-01-11	8.7	8.7	8.7	8.7	0
52	2018-01-12	8.7	8.7	8.7	8.7	0
53	2018-01-15	8.7	8.7	8.7	8.7	0
54	2018-01-16	8.7	8.7	8.7	8.7	0
55	2018-01-17	8.7	8.7	8.7	8.7	0
56	2018-01-18	8.7	8.7	8.7	8.7	0
57	2018-01-19	8.7	8.7	8.7	8.7	0
58	2018-01-22	8.7	8.7	8.7	8.7	0
59	2018-01-23	8.7	8.7	8.7	8.7	0
60	2018-01-24	8.7	8.7	8.7	8.7	0
61	2018-01-25	8.7	8.7	8.7	8.7	0
62	2018-01-26	8.7	8.7	8.7	8.7	0
63	2018-01-29	8.7	8.7	8.7	8.7	0
64	2018-01-30	8.7	8.7	8.7	8.7	0
65	2018-01-31	8.7	8.7	8.7	8.7	0
66	2018-02-01	8.7	8.7	8.7	8.7	0
67	2018-02-02	8.62	8.62	8.62	8.62	10000
68	2018-02-05	8.62	8.62	8.62	8.62	0
69	2018-02-06	8.62	8.62	8.62	8.62	0
70	2018-02-07	8.62	8.62	8.62	8.62	0
71	2018-02-08	8.62	8.62	8.62	8.62	0
72	2018-02-09	8.62	8.62	8.62	8.62	0
73	2018-02-12	8.62	8.62	8.62	8.62	0
74	2018-02-13	8.62	8.62	8.62	8.62	0
75	2018-02-21	8.62	8.62	8.62	8.62	0
76	2018-02-22	8.62	8.62	8.62	8.62	0
77	2018-02-23	8.62	8.62	8.62	8.62	0
78	2018-02-26	8.62	8.62	8.62	8.62	0
79	2018-02-27	8.62	8.62	8.62	8.62	0
80	2018-02-28	8.62	8.62	8.62	8.62	0
81	2018-03-01	8.62	8.62	8.62	8.62	0
82	2018-03-02	8.62	8.62	8.62	8.62	0
83	2018-03-05	8.62	8.62	8.62	8.62	0
84	2018-03-06	8.62	8.62	8.62	8.62	0
85	2018-03-07	8.62	8.62	8.62	8.62	0
86	2018-03-08	8.62	8.62	8.62	8.62	0
87	2018-03-09	8.62	8.62	8.62	8.62	0
88	2018-03-12	8.62	8.62	8.62	8.62	0
89	2018-03-13	8.62	8.62	8.62	8.62	0
90	2018-03-14	8.62	8.62	8.62	8.62	0
91	2018-03-15	8.62	8.62	8.62	8.62	0
92	2018-03-16	8.62	8.62	8.62	8.62	0
93	2018-03-19	8.62	8.62	8.62	8.62	0
94	2018-03-20	8.62	8.62	8.62	8.62	0
95	2018-03-21	8.62	8.62	8.62	8.62	0
96	2018-03-22	8.62	8.62	8.62	8.62	0
97	2018-03-23	8.62	8.62	8.62	8.62	0
98	2018-03-26	8.62	8.62	8.62	8.62	0
99	2018-03-27	8.62	8.62	8.62	8.62	0
100	2018-03-28	8.62	8.62	8.62	8.62	0
101	2018-03-29	8.62	8.62	8.62	8.62	0
102	2018-03-30	8.62	8.62	8.62	8.62	0
103	2018-04-02	8.62	8.62	8.62	8.62	0
104	2018-04-03	8.62	8.62	8.62	8.62	0
105	2018-04-04	8.62	8.62	8.62	8.62	0
106	2018-04-05	8.62	8.62	8.62	8.62	0
107	2018-04-06	8.62	8.62	8.62	8.62	0
108	2018-04-09	8.62	8.62	8.62	8.62	0
109	2018-04-10	8.62	8.62	8.62	8.62	0
110	2018-04-11	8.62	8.62	8.62	8.62	0
111	2018-04-12	8.62	8.62	8.62	8.62	0
112	2018-04-13	8.62	8.62	8.62	8.62	0
113	2018-04-16	8.62	8.62	8.62	8.62	0
114	2018-04-17	8.62	8.62	8.62	8.62	0
115	2018-04-18	8.62	8.62	8.62	8.62	0
116	2018-04-19	8.62	8.62	8.62	8.62	0
117	2018-04-20	8.62	8.62	8.62	8.62	0
118	2018-04-23	8.62	8.62	8.62	8.62	0
119	2018-04-24	8.62	8.62	8.62	8.62	0
120	2018-04-26	8.62	8.62	8.62	8.62	0
121	2018-04-27	8.62	8.62	8.62	8.62	0
122	2018-05-02	8.62	8.62	8.62	8.62	0
123	2018-05-03	8.62	8.62	8.62	8.62	0
124	2018-05-04	8.62	8.62	8.62	8.62	0
125	2018-05-07	8.62	8.62	8.62	8.62	0
126	2018-05-08	8.62	8.62	8.62	8.62	0
127	2018-05-09	8.62	8.62	8.62	8.62	0
128	2018-05-10	8.62	8.62	8.62	8.62	0
129	2018-05-11	8.62	8.62	8.62	8.62	0
130	2018-05-14	8.62	8.62	8.62	8.62	0
131	2018-05-15	8.62	8.62	8.62	8.62	0
132	2018-05-16	8.62	8.62	8.62	8.62	0
133	2018-05-17	8.62	8.62	8.62	8.62	0
134	2018-05-18	8.62	8.62	8.62	8.62	0
135	2018-05-21	8.62	8.62	8.62	8.62	0
136	2018-05-22	8.62	8.62	8.62	8.62	0
137	2018-05-23	8.62	8.62	8.62	8.62	0
138	2018-05-24	8.62	8.62	8.62	8.62	0
139	2018-05-25	8.62	8.62	8.62	8.62	0
140	2018-05-28	8.62	8.62	8.62	8.62	0
141	2018-05-29	8.62	8.62	8.62	8.62	0
142	2018-05-30	8.62	8.62	8.62	8.62	0
143	2018-05-31	8.62	8.62	8.62	8.62	0
144	2018-06-01	8.62	8.62	8.62	8.62	0
145	2018-06-04	8.62	8.62	8.62	8.62	0
146	2018-06-05	8.62	8.62	8.62	8.62	0
147	2018-06-06	8.62	8.62	8.62	8.62	0
148	2018-06-07	8.62	8.62	8.62	8.62	0
149	2018-06-08	8.62	8.62	8.62	8.62	0
150	2018-06-11	8.62	8.62	8.62	8.62	0
151	2018-06-12	8.62	8.62	8.62	8.62	0
152	2018-06-13	8.62	8.62	8.62	8.62	0
153	2018-06-14	8.62	8.62	8.62	8.62	0
154	2018-06-15	8.62	8.62	8.62	8.62	0
155	2018-06-18	8.62	8.62	8.62	8.62	0
156	2018-06-19	8.62	8.62	8.62	8.62	0
157	2018-06-20	8.62	8.62	8.62	8.62	0
158	2018-06-21	8.62	8.62	8.62	8.62	0
159	2018-06-22	8.62	8.62	8.62	8.62	0
160	2018-06-25	8.62	8.62	8.62	8.62	0
161	2018-06-26	8.62	8.62	8.62	8.62	0
162	2018-06-27	8.62	8.62	8.62	8.62	0
163	2018-06-28	8.62	8.62	8.62	8.62	0
164	2018-06-29	8.62	8.62	8.62	8.62	0
165	2018-07-02	8.62	8.62	8.62	8.62	0
166	2018-07-03	8.62	8.62	8.62	8.62	0
167	2018-07-04	8.62	8.62	8.62	8.62	0
168	2018-07-05	8.62	8.62	8.62	8.62	0
169	2018-07-06	8.62	8.62	8.62	8.62	0
170	2018-07-09	8.62	8.62	8.62	8.62	0
171	2018-07-10	8.62	8.62	8.62	8.62	0
172	2018-07-11	8.62	8.62	8.62	8.62	0
173	2018-07-12	8.62	8.62	8.62	8.62	0
174	2018-07-13	8.62	8.62	8.62	8.62	0
175	2018-07-16	8.62	8.62	8.62	8.62	0
176	2018-07-17	8.62	8.62	8.62	8.62	0
177	2018-07-18	8.62	8.62	8.62	8.62	10000
178	2018-07-19	8.62	8.62	8.62	8.62	0
179	2018-07-20	8.62	8.62	8.62	8.62	0
180	2018-07-23	8.62	8.62	8.62	8.62	0
181	2018-07-24	8.62	8.62	8.62	8.62	0
182	2018-07-25	8.62	8.62	8.62	8.62	0
183	2018-07-26	8.62	8.62	8.62	8.62	0
184	2018-07-27	8.62	8.62	8.62	8.62	0
185	2018-07-30	8.62	8.62	8.62	8.62	0
186	2018-07-31	8.62	8.62	8.62	8.62	14200
187	2018-08-01	8.62	8.62	8.62	8.62	0
188	2018-08-02	8.62	8.62	8.62	8.62	0
189	2018-08-03	8.62	8.62	8.62	8.62	0
190	2018-08-06	8.62	8.62	8.62	8.62	0
191	2018-08-07	8.62	8.62	8.62	8.62	0
192	2018-08-08	8.62	8.62	8.62	8.62	0
193	2018-08-09	8.62	8.62	8.62	8.62	0
194	2018-08-10	8.62	8.62	8.62	8.62	0
195	2018-08-13	8.62	8.62	8.62	8.62	0
196	2018-08-14	8.62	8.62	8.62	8.62	0
197	2018-08-15	8.62	8.62	8.62	8.62	0
198	2018-08-16	8.62	8.62	8.62	8.62	0
199	2018-08-17	8.62	8.62	8.62	8.62	0
200	2018-08-20	8.62	8.62	8.62	8.62	0
201	2018-08-21	8.62	8.62	8.62	8.62	0
202	2018-08-22	8.62	8.62	8.62	8.62	0
203	2018-08-23	8.62	8.62	8.62	8.62	0
204	2018-08-24	8.62	8.62	8.62	8.62	0
205	2018-08-27	8.62	8.62	8.62	8.62	0
206	2018-08-28	8.62	8.62	8.62	8.62	0
207	2018-08-29	8.62	8.62	8.62	8.62	0
208	2018-08-30	8.62	8.62	8.62	8.62	0
209	2018-08-31	8.62	8.62	8.62	8.62	0
210	2018-09-04	8.62	8.62	8.62	8.62	0
211	2018-09-05	8.62	8.62	8.62	8.62	0
212	2018-09-06	8.62	8.62	8.62	8.62	0
213	2018-09-07	8.62	8.62	8.62	8.62	0
214	2018-09-10	8.62	8.62	8.62	8.62	0
215	2018-09-11	8.62	8.62	8.62	8.62	0
216	2018-09-12	8.62	8.62	8.62	8.62	0
217	2018-09-13	8.62	8.62	8.62	8.62	0
218	2018-09-14	8.62	8.62	8.62	8.62	0
219	2018-09-17	8.62	8.62	8.62	8.62	0
220	2018-09-18	8.62	8.62	8.62	8.62	0
221	2018-09-19	8.62	8.62	8.62	8.62	0
222	2018-09-20	8.62	8.62	8.62	8.62	0
223	2018-09-21	8.62	8.62	8.62	8.62	0
224	2018-09-24	8.62	8.62	8.62	8.62	0
225	2018-09-25	8.62	8.62	8.62	8.62	0
226	2018-09-26	8.62	8.62	8.62	8.62	0
227	2018-09-27	8.62	8.62	8.62	8.62	0
228	2018-09-28	8.62	8.62	8.62	8.62	0
229	2018-10-01	8.62	8.62	8.62	8.62	0
230	2018-10-02	8.62	8.62	8.62	8.62	0
231	2018-10-03	8.62	8.62	8.62	8.62	0
232	2018-10-04	8.62	8.62	8.62	8.62	0
233	2018-10-05	8.62	8.62	8.62	8.62	0
234	2018-10-08	8.62	8.62	8.62	8.62	3100
235	2018-10-09	8.62	8.62	8.62	8.62	0
236	2018-10-10	8.62	8.62	8.62	8.62	0
237	2018-10-11	8.62	8.62	8.62	8.62	0
238	2018-10-12	8.62	8.62	8.62	8.62	0
239	2018-10-15	8.62	8.62	8.62	8.62	0
240	2018-10-16	8.62	8.62	8.62	8.62	0
241	2018-10-17	8.62	8.62	8.62	8.62	0
242	2018-10-18	8.62	8.62	8.62	8.62	0
243	2018-10-19	8.62	8.62	8.62	8.62	0
244	2018-10-22	8.62	8.62	8.62	8.62	7200
245	2018-10-23	8.62	8.62	8.62	8.62	0
246	2018-10-24	8.62	8.62	8.62	8.62	0
247	2018-10-25	8.62	8.62	8.62	8.62	0
248	2018-10-26	8.62	8.62	8.62	8.62	0
249	2018-10-29	8.62	8.62	8.62	8.62	0
250	2018-10-30	8.62	8.62	8.62	8.62	0
251	2018-10-31	8.62	8.62	8.62	8.62	0
252	2018-11-01	8.62	8.62	8.62	8.62	0
253	2018-11-02	8.62	8.62	8.62	8.62	0
254	2018-11-05	8.62	8.62	8.62	8.62	0
255	2018-11-06	8.62	8.62	8.62	8.62	0
256	2018-11-07	8.62	8.62	8.62	8.62	0
257	2018-11-08	8.62	8.62	8.62	8.62	0
258	2018-11-09	8.62	8.62	8.62	8.62	0
259	2018-11-12	8.62	8.62	8.62	8.62	0
260	2018-11-13	8.62	8.62	8.62	8.62	0
261	2018-11-14	8.62	8.62	8.62	8.62	0
262	2018-11-15	8.62	8.62	8.62	8.62	0
263	2018-11-16	8.62	8.62	8.62	8.62	0
264	2018-11-19	8.62	8.62	8.62	8.62	0
265	2018-11-20	8.62	8.62	8.62	8.62	0
266	2018-11-21	8.62	8.62	8.62	8.62	0
267	2018-11-22	8.62	8.62	8.62	8.62	0
268	2018-11-23	8.62	8.62	8.62	8.62	0
269	2018-11-26	8.62	8.62	8.62	8.62	0
270	2018-11-27	8.62	8.62	8.62	8.62	0
271	2018-11-28	8.62	8.62	8.62	8.62	0
272	2018-11-29	8.62	8.62	8.62	8.62	0
273	2018-11-30	8.62	8.62	8.62	8.62	0
274	2018-12-03	8.62	8.62	8.62	8.62	0
275	2018-12-04	8.62	8.62	8.62	8.62	0
276	2018-12-05	8.62	8.62	8.62	8.62	0
277	2018-12-06	8.62	8.62	8.62	8.62	0
278	2018-12-07	8.62	8.62	8.62	8.62	0
279	2018-12-10	8.62	8.62	8.62	8.62	0
280	2018-12-11	8.62	8.62	8.62	8.62	0
281	2018-12-12	8.62	8.62	8.62	8.62	0
282	2018-12-13	8.62	8.62	8.62	8.62	0
283	2018-12-14	8.62	8.62	8.62	8.62	0
284	2018-12-17	8.62	8.62	8.62	8.62	0
285	2018-12-18	8.62	8.62	8.62	8.62	0
286	2018-12-19	8.62	8.62	8.62	8.62	0
287	2018-12-20	8.62	8.62	8.62	8.62	0
288	2018-12-21	8.62	8.62	8.62	8.62	0
289	2018-12-24	8.62	8.62	8.62	8.62	0
290	2018-12-25	8.62	8.62	8.62	8.62	0
291	2018-12-26	8.62	8.62	8.62	8.62	0
292	2018-12-27	8.62	8.62	8.62	8.62	0
293	2018-12-28	8.62	8.62	8.62	8.62	0
294	2019-01-02	8.62	8.62	8.62	8.62	0
295	2019-01-03	8.62	8.62	8.62	8.62	0
296	2019-01-04	8.62	8.62	8.62	8.62	0
297	2019-01-07	8.62	8.62	8.62	8.62	0
298	2019-01-08	8.62	8.62	8.62	8.62	0
299	2019-01-09	8.62	8.62	8.62	8.62	3000
300	2019-01-10	8.62	8.62	8.62	8.62	0
301	2019-01-11	8.62	8.62	8.62	8.62	0
302	2019-01-14	8.62	8.62	8.62	8.62	0
303	2019-01-15	8.62	8.62	8.62	8.62	0
304	2019-01-16	8.62	8.62	8.62	8.62	0
305	2019-01-17	8.62	8.62	8.62	8.62	0
306	2019-01-18	8.62	8.62	8.62	8.62	0
307	2019-01-21	8.62	8.62	8.62	8.62	0
308	2019-01-22	8.62	8.62	8.62	8.62	0
309	2019-01-23	8.62	8.62	8.62	8.62	0
310	2019-01-24	8.62	8.62	8.62	8.62	0
311	2019-01-25	8.62	8.62	8.62	8.62	0
312	2019-01-28	8.62	8.62	8.62	8.62	0
313	2019-01-29	8.62	8.62	8.62	8.62	0
314	2019-01-30	8.62	8.62	8.62	8.62	0
315	2019-01-31	8.62	8.62	8.62	8.62	0
316	2019-02-01	8.62	8.62	8.62	8.62	0
317	2019-02-11	8.62	8.62	8.62	8.62	0
318	2019-02-12	8.62	8.62	8.62	8.62	0
319	2019-02-13	8.62	8.62	8.62	8.62	0
320	2019-02-14	8.62	8.62	8.62	8.62	0
321	2019-02-15	8.62	8.62	8.62	8.62	0
322	2019-02-18	8.62	8.62	8.62	8.62	0
323	2019-02-19	8.62	8.62	8.62	8.62	0
324	2019-02-20	8.62	8.62	8.62	8.62	0
325	2019-02-21	8.62	8.62	8.62	8.62	0
326	2019-02-22	8.62	8.62	8.62	8.62	0
327	2019-02-25	8.62	8.62	8.62	8.62	0
328	2019-02-26	8.62	8.62	8.62	8.62	0
329	2019-02-27	8.62	8.62	8.62	8.62	0
330	2019-02-28	8.62	8.62	8.62	8.62	0
331	2019-03-01	8.62	8.62	8.62	8.62	0
332	2019-03-04	8.62	8.62	8.62	8.62	0
333	2019-03-05	8.62	8.62	8.62	8.62	4500
334	2019-03-06	8.62	8.62	8.62	8.62	0
335	2019-03-07	8.62	8.62	8.62	8.62	0
336	2019-03-08	8.62	8.62	8.62	8.62	0
337	2019-03-11	8.62	8.62	8.62	8.62	0
338	2019-03-12	8.62	8.62	8.62	8.62	0
339	2019-03-13	8.62	8.62	8.62	8.62	0
340	2019-03-14	8.62	8.62	8.62	8.62	0
341	2019-03-15	8.62	8.62	8.62	8.62	0
342	2019-03-18	8.62	8.62	8.62	8.62	0
343	2019-03-19	8.62	8.62	8.62	8.62	0
344	2019-03-20	8.62	8.62	8.62	8.62	0
345	2019-03-21	8.62	8.62	8.62	8.62	0
346	2019-03-22	8.62	8.62	8.62	8.62	0
347	2019-03-25	8.62	8.62	8.62	8.62	0
348	2019-03-26	8.62	8.62	8.62	8.62	0
349	2019-03-27	8.62	8.62	8.62	8.62	0
350	2019-03-28	8.62	8.62	8.62	8.62	0
351	2019-03-29	8.62	8.62	8.62	8.62	0
352	2019-04-01	8.62	8.62	8.62	8.62	0
353	2019-04-02	8.62	8.62	8.62	8.62	0
354	2019-04-03	8.62	8.62	8.62	8.62	0
355	2019-04-04	8.62	8.62	8.62	8.62	0
356	2019-04-05	8.62	8.62	8.62	8.62	0
357	2019-04-08	8.62	8.62	8.62	8.62	0
358	2019-04-09	8.62	8.62	8.62	8.62	0
359	2019-04-10	8.62	8.62	8.62	8.62	0
360	2019-04-11	8.62	8.62	8.62	8.62	0
361	2019-04-12	8.62	8.62	8.62	8.62	0
362	2019-04-16	8.62	8.62	8.62	8.62	0
363	2019-04-17	8.62	8.62	8.62	8.62	0
364	2019-04-18	8.62	8.62	8.62	8.62	0
365	2019-04-19	8.62	8.62	8.62	8.62	0
366	2019-04-22	8.62	8.62	8.62	8.62	0
367	2019-04-23	8.62	8.62	8.62	8.62	0
368	2019-04-24	8.62	8.62	8.62	8.62	0
369	2019-04-25	8.62	8.62	8.62	8.62	0
370	2019-04-26	8.62	8.62	8.62	8.62	0
371	2019-05-02	8.62	8.62	8.62	8.62	4400
372	2019-05-03	8.62	8.62	8.62	8.62	0
373	2019-05-06	8.62	8.62	8.62	8.62	0
374	2019-05-07	8.62	8.62	8.62	8.62	0
375	2019-05-08	8.62	8.62	8.62	8.62	0
376	2019-05-09	8.62	8.62	8.62	8.62	0
377	2019-05-10	8.62	8.62	8.62	8.62	0
378	2019-05-13	8.62	8.62	8.62	8.62	0
379	2019-05-14	8.64	8.81	8.81	8.81	0
380	2019-05-15	8.64	8.81	8.81	8.81	0
381	2019-05-16	8.64	8.81	8.81	8.81	0
382	2019-05-17	8.64	8.81	8.81	8.81	0
383	2019-05-20	8.64	8.81	8.81	8.81	0
384	2019-05-21	8.64	8.81	8.81	8.81	0
385	2019-05-22	8.64	8.81	8.81	8.81	0
386	2019-05-23	8.64	8.81	8.81	8.81	0
387	2019-05-24	8.64	8.81	8.81	8.81	0
388	2019-05-27	8.64	8.81	8.81	8.81	0
389	2019-05-28	8.64	8.81	8.81	8.81	0
390	2019-05-29	8.64	8.81	8.81	8.81	0
391	2019-05-30	8.64	8.81	8.81	8.81	0
392	2019-05-31	8.64	8.81	8.81	8.81	0
393	2019-06-03	8.64	8.81	8.81	8.81	0
394	2019-06-04	8.64	8.81	8.81	8.81	0
395	2019-06-05	8.64	8.81	8.81	8.81	0
396	2019-06-06	8.64	8.81	8.81	8.81	0
397	2019-06-07	8.64	8.81	8.81	8.81	0
398	2019-06-10	8.64	8.81	8.81	8.81	0
399	2019-06-11	8.64	8.81	8.81	8.81	0
400	2019-06-12	8.64	8.81	8.81	8.81	0
401	2019-06-13	8.64	8.81	8.81	8.81	0
402	2019-06-14	8.64	8.81	8.81	8.81	0
403	2019-06-17	8.64	8.81	8.81	8.81	0
404	2019-06-18	8.64	8.81	8.81	8.81	0
405	2019-06-19	8.64	8.81	8.81	8.81	0
406	2019-06-20	8.64	8.64	8.64	8.64	0
407	2019-06-21	8.64	8.64	8.64	8.64	0
408	2019-06-24	8.64	8.81	8.81	8.81	0
409	2019-06-25	8.81	8.81	8.81	8.81	3000
410	2019-06-26	8.81	8.81	8.81	8.81	0
411	2019-06-27	8.81	8.81	8.81	8.81	0
412	2019-06-28	8.81	8.81	8.81	8.81	0
413	2019-07-01	8.81	8.81	8.81	8.81	0
414	2019-07-02	8.81	8.81	8.81	8.81	0
415	2019-07-03	8.81	8.81	8.81	8.81	0
416	2019-07-04	8.81	8.81	8.81	8.81	0
417	2019-07-05	8.81	8.81	8.81	8.81	0
418	2019-07-08	8.81	8.81	8.81	8.81	0
419	2019-07-09	8.81	8.81	8.81	8.81	0
420	2019-07-10	8.81	8.81	8.81	8.81	0
421	2019-07-11	8.81	8.81	8.81	8.81	0
422	2019-07-12	8.81	8.81	8.81	8.81	0
423	2019-07-15	8.81	8.81	8.81	8.81	0
424	2019-07-16	8.81	8.81	8.81	8.81	0
425	2019-07-17	8.81	8.81	8.81	8.81	0
426	2019-07-18	8.81	8.81	8.81	8.81	0
427	2019-07-19	8.81	8.81	8.81	8.81	0
428	2019-07-22	8.81	8.81	8.81	8.81	0
429	2019-07-23	8.81	8.81	8.81	8.81	0
430	2019-07-24	8.81	8.81	8.81	8.81	0
431	2019-07-25	8.81	8.81	8.81	8.81	0
432	2019-07-26	8.81	8.81	8.81	8.81	0
433	2019-07-29	8.81	8.81	8.81	8.81	0
434	2019-07-30	8.81	8.81	8.81	8.81	0
435	2019-07-31	8.81	8.81	8.81	8.81	0
436	2019-08-01	8.81	8.81	8.81	8.81	0
437	2019-08-02	8.81	8.81	8.81	8.81	0
438	2019-08-05	8.81	8.81	8.81	8.81	0
439	2019-08-06	8.81	8.81	8.81	8.81	0
440	2019-08-07	8.81	8.81	8.81	8.81	0
441	2019-08-08	8.81	8.81	8.81	8.81	0
442	2019-08-09	8.81	8.81	8.81	8.81	0
443	2019-08-12	8.81	8.81	8.81	8.81	0
444	2019-08-13	8.81	8.81	8.81	8.81	0
445	2019-08-14	8.81	8.81	8.81	8.81	0
446	2019-08-15	8.81	8.81	8.81	8.81	0
447	2019-08-16	8.81	8.81	8.81	8.81	0
448	2019-08-19	8.81	8.81	8.81	8.81	0
449	2019-08-20	8.81	8.81	8.81	8.81	0
450	2019-08-21	8.81	8.81	8.81	8.81	0
451	2019-08-22	8.81	8.81	8.81	8.81	0
452	2019-08-23	8.81	8.81	8.81	8.81	0
453	2019-08-26	8.81	8.81	8.81	8.81	0
454	2019-08-27	8.81	8.81	8.81	8.81	0
455	2019-08-28	8.81	8.81	8.81	8.81	0
456	2019-08-29	8.81	8.81	8.81	8.81	0
457	2019-08-30	12.34	12.34	12.34	12.34	4700
458	2019-09-03	14.19	14.19	14.19	14.19	100
459	2019-09-04	16.31	16.31	16.31	16.31	100
460	2019-09-05	16.31	16.31	16.31	16.31	0
461	2019-09-06	16.31	16.31	16.31	16.31	0
462	2019-09-09	16.31	16.31	16.31	16.31	0
463	2019-09-10	16.31	16.31	16.31	16.31	0
464	2019-09-11	16.31	16.31	16.31	16.31	0
465	2019-09-12	16.31	16.31	16.31	16.31	0
466	2019-09-13	16.31	16.31	16.31	16.31	0
467	2019-09-16	16.31	16.31	16.31	16.31	0
468	2019-09-17	16.31	16.31	16.31	16.31	0
469	2019-09-18	16.31	16.31	16.31	16.31	0
470	2019-09-19	16.31	16.31	16.31	16.31	0
471	2019-09-20	16.31	16.31	16.31	16.31	0
472	2019-09-23	16.31	16.31	16.31	16.31	0
473	2019-09-24	16.31	16.31	16.31	16.31	0
474	2019-09-25	16.31	16.31	16.31	16.31	0
475	2019-09-26	16.31	16.31	16.31	16.31	0
476	2019-09-27	16.31	16.31	16.31	16.31	0
477	2019-09-30	16.31	16.31	16.31	16.31	0
478	2019-10-01	16.31	16.31	16.31	16.31	0
479	2019-10-02	16.31	16.31	16.31	16.31	0
480	2019-10-03	16.31	16.31	16.31	16.31	0
481	2019-10-04	16.31	16.31	16.31	16.31	0
482	2019-10-07	16.31	16.31	16.31	16.31	0
483	2019-10-08	16.31	16.31	16.31	16.31	0
484	2019-10-09	16.31	16.31	16.31	16.31	0
485	2019-10-10	16.31	16.31	16.31	16.31	0
486	2019-10-11	16.31	16.31	16.31	16.31	0
487	2019-10-14	16.31	16.31	16.31	16.31	0
488	2019-10-15	16.31	16.31	16.31	16.31	0
489	2019-10-16	16.31	16.31	16.31	16.31	0
490	2019-10-17	16.31	16.31	16.31	16.31	0
491	2019-10-18	16.31	16.31	16.31	16.31	0
492	2019-10-21	16.31	16.31	16.31	16.31	0
493	2019-10-22	16.31	16.31	16.31	16.31	0
494	2019-10-23	16.31	16.31	16.31	16.31	0
495	2019-10-24	16.31	16.31	16.31	16.31	0
496	2019-10-25	16.31	16.31	16.31	16.31	0
497	2019-10-28	16.31	16.31	16.31	16.31	0
498	2019-10-29	16.31	16.31	16.31	16.31	0
499	2019-10-30	16.31	16.31	16.31	16.31	0
500	2019-10-31	16.31	16.31	16.31	16.31	0
501	2019-11-01	16.31	16.31	16.31	16.31	0
502	2019-11-04	16.31	16.31	16.31	16.31	0
503	2019-11-05	16.31	16.31	16.31	16.31	0
504	2019-11-06	16.31	16.31	16.31	16.31	0
505	2019-11-07	16.31	16.31	16.31	16.31	0
506	2019-11-08	16.31	16.31	16.31	16.31	0
507	2019-11-11	16.31	16.31	16.31	16.31	0
508	2019-11-12	16.31	16.31	16.31	16.31	0
509	2019-11-13	16.31	16.31	16.31	16.31	0
510	2019-11-14	16.31	16.31	16.31	16.31	0
511	2019-11-15	16.31	16.31	16.31	16.31	0
512	2019-11-18	16.31	16.31	16.31	16.31	0
513	2019-11-19	16.31	16.31	16.31	16.31	0
514	2019-11-20	16.31	16.31	16.31	16.31	0
515	2019-11-21	16.31	16.31	16.31	16.31	0
516	2019-11-22	16.31	16.31	16.31	16.31	0
517	2019-11-25	16.31	16.31	16.31	16.31	0
518	2019-11-26	16.31	16.31	16.31	16.31	0
519	2019-11-27	16.31	16.31	16.31	16.31	0
520	2019-11-28	16.31	16.31	16.31	16.31	0
521	2019-11-29	16.31	16.31	16.31	16.31	4900
522	2019-12-02	16.31	16.31	16.31	16.31	0
523	2019-12-03	16.31	16.31	16.31	16.31	0
524	2019-12-04	13.93	13.93	13.93	13.93	2000
525	2019-12-05	13.93	13.93	13.93	13.93	0
526	2019-12-06	13.93	13.93	13.93	13.93	0
527	2019-12-09	11.9	11.9	11.9	11.9	2000
528	2019-12-10	11.9	11.9	11.9	11.9	0
529	2019-12-11	11.9	11.9	11.9	11.9	0
530	2019-12-12	11.9	11.9	11.9	11.9	0
531	2019-12-13	11.9	11.9	11.9	11.9	0
532	2019-12-16	11.9	11.9	11.9	11.9	0
533	2019-12-17	11.9	11.9	11.9	11.9	0
534	2019-12-18	11.9	11.9	11.9	11.9	0
535	2019-12-19	11.9	11.9	11.9	11.9	0
536	2019-12-20	11.9	11.9	11.9	11.9	0
537	2019-12-23	11.9	11.9	11.9	11.9	0
538	2019-12-24	11.9	11.9	11.9	11.9	0
539	2019-12-25	11.9	11.9	11.9	11.9	0
540	2019-12-26	12.43	12.43	12.43	12.43	4900
541	2019-12-27	12.43	12.43	12.43	12.43	0
542	2019-12-30	12.43	12.43	12.43	12.43	0
543	2019-12-31	10.58	10.58	10.58	10.58	6800
544	2020-01-02	10.58	10.58	10.58	10.58	0
545	2020-01-03	10.58	10.58	10.58	10.58	0
546	2020-01-06	10.58	10.58	10.58	10.58	0
547	2020-01-07	10.58	10.58	10.58	10.58	0
548	2020-01-08	10.58	10.58	10.58	10.58	0
549	2020-01-09	10.58	10.58	10.58	10.58	0
550	2020-01-10	10.58	10.58	10.58	10.58	0
551	2020-01-13	10.58	10.58	10.58	10.58	0
552	2020-01-14	10.58	10.58	10.58	10.58	0
553	2020-01-15	10.58	10.58	10.58	10.58	0
554	2020-01-16	10.58	10.58	10.58	10.58	0
555	2020-01-17	12.16	12.16	12.16	12.16	100
556	2020-01-20	12.16	12.16	12.16	12.16	0
557	2020-01-21	13.93	13.93	13.93	13.93	100
558	2020-01-22	15.95	15.95	15.95	15.95	100
559	2020-01-30	17.45	17.45	17.45	17.45	100
560	2020-01-31	17.45	17.45	17.45	17.45	0
561	2020-02-03	17.45	17.45	17.45	17.45	0
562	2020-02-04	17.45	17.45	17.45	17.45	0
563	2020-02-05	17.45	17.45	17.45	17.45	0
564	2020-02-06	17.45	17.45	17.45	17.45	0
565	2020-02-07	17.45	17.45	17.45	17.45	0
566	2020-02-10	17.45	17.45	17.45	17.45	0
567	2020-02-11	17.45	17.45	17.45	17.45	0
568	2020-02-12	17.45	17.45	17.45	17.45	0
569	2020-02-13	17.45	17.45	17.45	17.45	0
570	2020-02-14	17.45	17.45	17.45	17.45	0
571	2020-02-17	17.45	17.45	17.45	17.45	0
572	2020-02-18	17.45	17.45	17.45	17.45	0
573	2020-02-19	17.45	17.45	17.45	17.45	0
574	2020-02-20	17.45	17.45	17.45	17.45	0
575	2020-02-21	17.45	17.45	17.45	17.45	0
576	2020-02-24	17.45	17.45	17.45	17.45	0
577	2020-02-25	17.45	17.45	17.45	17.45	0
578	2020-02-26	17.45	17.45	17.45	17.45	0
579	2020-02-27	17.45	17.45	17.45	17.45	0
580	2020-02-28	17.45	17.45	17.45	17.45	0
581	2020-03-02	17.45	17.45	17.45	17.45	0
582	2020-03-03	17.45	17.45	17.45	17.45	0
583	2020-03-04	14.9	14.9	14.9	14.9	15000
584	2020-03-05	14.9	14.9	14.9	14.9	0
585	2020-03-06	14.9	14.9	14.9	14.9	0
586	2020-03-09	14.9	14.9	14.9	14.9	0
587	2020-03-10	14.9	14.9	14.9	14.9	0
588	2020-03-11	14.9	14.9	14.9	14.9	0
589	2020-03-12	14.9	14.9	14.9	14.9	0
590	2020-03-13	14.9	14.9	14.9	14.9	0
591	2020-03-16	17.01	17.01	16.57	16.57	200
592	2020-03-17	16.84	16.57	16.57	16.57	0
593	2020-03-18	16.84	16.57	16.57	16.57	0
594	2020-03-19	16.84	16.57	16.57	16.57	0
595	2020-03-20	16.84	16.57	16.57	16.57	0
596	2020-03-23	16.84	16.57	16.57	16.57	0
597	2020-03-24	16.84	16.57	16.57	16.57	0
598	2020-03-25	14.37	14.37	14.37	14.37	6600
599	2020-03-26	14.37	14.37	14.37	14.37	0
600	2020-03-27	16.48	16.48	16.48	16.48	100
601	2020-03-30	16.84	16.84	16.84	16.84	100
602	2020-03-31	16.84	16.84	16.84	16.84	0
603	2020-04-01	16.84	16.84	16.84	16.84	0
604	2020-04-03	16.84	16.84	16.84	16.84	0
605	2020-04-06	16.84	16.84	16.84	16.84	0
606	2020-04-07	16.84	16.84	16.84	16.84	0
607	2020-04-08	16.84	16.84	16.84	16.84	0
608	2020-04-09	16.84	16.84	16.84	16.84	0
609	2020-04-10	16.84	16.84	16.84	16.84	0
610	2020-04-13	16.84	16.84	16.84	16.84	0
611	2020-04-14	16.84	16.84	16.84	16.84	0
612	2020-04-15	16.84	16.84	16.84	16.84	0
613	2020-04-16	16.84	16.84	16.84	16.84	0
614	2020-04-17	16.84	16.84	16.84	16.84	0
615	2020-04-20	16.84	16.84	16.84	16.84	0
616	2020-04-21	16.84	16.84	16.84	16.84	0
617	2020-04-22	16.84	16.84	16.84	16.84	0
618	2020-04-23	16.84	16.84	16.84	16.84	0
619	2020-04-24	16.84	16.84	16.84	16.84	0
620	2020-04-27	16.84	16.84	16.84	16.84	0
621	2020-04-28	16.84	16.84	16.84	16.84	0
622	2020-04-29	16.84	16.84	16.84	16.84	0
623	2020-05-04	16.84	16.84	16.84	16.84	0
624	2020-05-05	16.84	16.84	16.84	16.84	0
625	2020-05-06	16.84	16.84	16.84	16.84	0
626	2020-05-07	16.84	16.84	16.84	16.84	0
627	2020-05-08	16.84	16.84	16.84	16.84	0
628	2020-05-11	16.84	16.84	16.84	16.84	0
629	2020-05-12	16.84	16.84	16.84	16.84	0
630	2020-05-13	16.84	16.84	16.84	16.84	0
631	2020-05-14	16.84	16.84	16.84	16.84	0
632	2020-05-15	16.84	16.84	16.84	16.84	0
633	2020-05-18	16.84	16.84	16.84	16.84	0
634	2020-05-19	16.84	16.84	16.84	16.84	0
635	2020-05-20	16.84	16.84	16.84	16.84	0
636	2020-05-21	16.84	16.84	16.84	16.84	0
637	2020-05-22	16.84	16.84	16.84	16.84	0
638	2020-05-25	16.84	16.84	16.84	16.84	0
639	2020-05-26	16.84	16.84	16.84	16.84	0
640	2020-05-27	10.14	23.53	10.14	23.53	3300
641	2020-05-28	13.05	13.05	13.05	13.05	3000
642	2020-05-29	14.98	14.98	14.98	14.98	1700
643	2020-06-01	17.19	17.19	17.19	17.19	300
644	2020-06-02	17.19	17.19	17.19	17.19	0
645	2020-06-03	17.19	17.19	17.19	17.19	0
646	2020-06-04	17.19	17.19	17.19	17.19	0
647	2020-06-05	17.19	17.19	17.19	17.19	0
648	2020-06-08	17.19	17.19	17.19	17.19	0
649	2020-06-09	17.19	17.19	17.19	17.19	0
650	2020-06-10	17.19	17.19	17.19	17.19	0
651	2020-06-11	17.19	17.19	17.19	17.19	0
652	2020-06-12	17.19	17.19	17.19	17.19	0
653	2020-06-15	17.19	17.19	17.19	17.19	0
654	2020-06-16	17.19	17.19	17.19	17.19	0
655	2020-06-17	17.19	17.19	17.19	17.19	0
656	2020-06-18	17.19	17.19	17.19	17.19	0
657	2020-06-19	17.19	17.19	17.19	17.19	0
658	2020-06-22	17.19	17.19	17.19	17.19	0
659	2020-06-23	17.19	17.19	17.19	17.19	0
660	2020-06-24	17.19	17.19	17.19	17.19	0
661	2020-06-25	17.19	17.19	17.19	17.19	0
662	2020-06-26	17.19	17.19	17.19	17.19	100
663	2020-06-29	17.19	17.19	17.19	17.19	0
664	2020-06-30	17.19	17.19	17.19	17.19	300
665	2020-07-01	17.19	17.19	17.19	17.19	0
666	2020-07-02	17.19	17.19	17.19	17.19	0
667	2020-07-03	17.19	17.19	17.19	17.19	0
668	2020-07-06	17.19	17.19	17.19	17.19	0
669	2020-07-07	17.19	17.19	17.19	17.19	0
670	2020-07-08	17.19	17.19	17.19	17.19	0
671	2020-07-09	17.19	17.19	17.19	17.19	0
672	2020-07-10	17.19	17.19	17.19	17.19	0
673	2020-07-13	17.19	17.19	17.19	17.19	0
674	2020-07-14	17.19	17.37	17.37	17.37	0
675	2020-07-15	17.19	17.37	17.37	17.37	0
676	2020-07-16	17.19	17.37	17.37	17.37	0
677	2020-07-17	17.19	17.37	17.37	17.37	0
678	2020-07-20	17.19	17.37	17.37	17.37	0
679	2020-07-21	17.19	17.19	17.19	17.19	0
680	2020-07-22	17.19	17.37	17.37	17.37	0
681	2020-07-23	17.37	17.37	17.37	17.37	100
682	2020-07-24	17.37	17.37	17.37	17.37	0
683	2020-07-27	17.37	17.37	17.37	17.37	0
684	2020-07-28	17.37	17.37	17.37	17.37	0
685	2020-07-29	17.37	17.37	17.37	17.37	0
686	2020-07-30	17.37	17.37	17.37	17.37	0
687	2020-07-31	19.95	19.95	19.95	19.95	100
688	2020-08-03	19.95	19.95	19.95	19.95	0
689	2020-08-04	19.95	19.95	19.95	19.95	0
690	2020-08-05	19.95	19.95	19.95	19.95	0
691	2020-08-06	19.95	19.95	19.95	19.95	0
692	2020-08-07	19.95	19.95	19.95	19.95	0
693	2020-08-10	19.95	19.95	19.95	19.95	0
694	2020-08-11	19.95	19.95	19.95	19.95	0
695	2020-08-12	19.95	19.95	19.95	19.95	0
696	2020-08-13	19.95	19.95	19.95	19.95	0
697	2020-08-14	19.95	19.95	19.95	19.95	0
698	2020-08-17	19.95	19.95	19.95	19.95	0
699	2020-08-18	19.95	19.95	19.95	19.95	100
700	2020-08-19	19.95	19.95	19.95	19.95	0
701	2020-08-20	19.95	19.95	19.95	19.95	100
702	2020-08-21	19.95	19.95	19.95	19.95	0
703	2020-08-24	19.95	19.95	19.95	19.95	0
704	2020-08-25	19.95	19.95	19.95	19.95	0
705	2020-08-26	19.95	19.95	19.95	19.95	0
706	2020-08-27	19.95	19.95	19.95	19.95	0
707	2020-08-28	19.95	19.95	19.95	19.95	0
708	2020-08-31	19.95	19.95	19.95	19.95	0
709	2020-09-01	19.95	19.95	19.95	19.95	0
710	2020-09-03	19.95	19.95	19.95	19.95	0
711	2020-09-04	19.95	19.95	19.95	19.95	0
712	2020-09-07	19.95	19.95	19.95	19.95	0
713	2020-09-08	19.95	19.95	19.95	19.95	0
714	2020-09-09	19.95	19.95	19.95	19.95	0
715	2020-09-10	19.95	19.95	19.95	19.95	0
716	2020-09-11	19.95	19.95	19.95	19.95	0
717	2020-09-14	19.95	19.95	19.95	19.95	0
718	2020-09-15	19.95	19.95	19.95	19.95	0
719	2020-09-16	19.95	19.95	19.95	19.95	0
720	2020-09-17	19.95	19.95	19.95	19.95	0
721	2020-09-18	19.95	19.95	19.95	19.95	0
722	2020-09-21	19.95	19.95	19.95	19.95	0
723	2020-09-22	19.95	19.95	19.95	19.95	0
724	2020-09-23	19.95	19.95	19.95	19.95	0
725	2020-09-24	19.95	19.95	19.95	19.95	0
726	2020-09-25	19.95	19.95	19.95	19.95	0
727	2020-09-28	19.95	19.95	19.95	19.95	0
728	2020-09-29	19.95	19.95	19.95	19.95	0
729	2020-09-30	20.93	20.93	20.93	20.93	100
730	2020-10-01	20.93	20.93	20.93	20.93	0
731	2020-10-02	20.93	20.93	20.93	20.93	0
732	2020-10-05	20.93	20.93	20.93	20.93	0
733	2020-10-06	20.93	20.93	20.93	20.93	0
734	2020-10-07	20.93	20.93	20.93	20.93	0
735	2020-10-08	20.93	20.93	20.93	20.93	0
736	2020-10-09	20.93	20.93	20.93	20.93	0
737	2020-10-12	20.93	20.93	20.93	20.93	0
738	2020-10-13	20.93	20.93	20.93	20.93	0
739	2020-10-14	20.93	20.93	20.93	20.93	0
740	2020-10-15	20.93	20.93	20.93	20.93	0
741	2020-10-16	20.93	20.93	20.93	20.93	0
742	2020-10-19	20.93	20.93	20.93	20.93	0
743	2020-10-20	20.93	20.93	20.93	20.93	0
744	2020-10-21	20.93	20.93	20.93	20.93	0
745	2020-10-22	20.93	20.93	20.93	20.93	0
746	2020-10-23	20.93	20.93	20.93	20.93	0
747	2020-10-26	20.93	20.93	20.93	20.93	0
748	2020-10-27	20.93	20.93	20.93	20.93	0
749	2020-10-28	20.93	20.93	20.93	20.93	0
750	2020-10-29	20.93	20.93	20.93	20.93	0
751	2020-10-30	24.04	24.04	24.04	24.04	100
752	2020-11-02	24.04	24.04	24.04	24.04	0
753	2020-11-03	24.04	24.04	24.04	24.04	0
754	2020-11-04	24.04	24.04	24.04	24.04	0
755	2020-11-05	24.04	24.04	24.04	24.04	0
756	2020-11-06	24.04	24.04	24.04	24.04	0
757	2020-11-09	24.04	24.04	24.04	24.04	0
758	2020-11-10	24.04	24.04	24.04	24.04	0
759	2020-11-11	24.04	24.04	24.04	24.04	0
760	2020-11-12	24.04	24.04	24.04	24.04	0
761	2020-11-13	24.04	24.04	24.04	24.04	0
762	2020-11-16	24.04	24.04	24.04	24.04	0
763	2020-11-17	24.04	24.04	24.04	24.04	0
764	2020-11-18	24.04	24.04	24.04	24.04	0
765	2020-11-19	24.04	24.04	24.04	24.04	0
766	2020-11-20	24.04	24.04	24.04	24.04	0
767	2020-11-23	24.04	24.04	24.04	24.04	0
768	2020-11-24	24.04	24.04	24.04	24.04	0
769	2020-11-25	24.04	24.04	24.04	24.04	0
770	2020-11-26	24.04	24.04	24.04	24.04	0
771	2020-11-27	24.04	24.04	24.04	24.04	0
772	2020-11-30	24.04	24.04	24.04	24.04	0
773	2020-12-01	24.04	24.04	24.04	24.04	0
774	2020-12-02	24.04	24.04	24.04	24.04	0
775	2020-12-03	24.04	24.04	24.04	24.04	0
776	2020-12-04	24.04	24.04	24.04	24.04	0
777	2020-12-07	24.04	24.04	24.04	24.04	0
778	2020-12-08	24.04	24.04	24.04	24.04	0
779	2020-12-09	19.59	19.59	19.59	19.59	1000
780	2020-12-10	19.59	19.59	19.59	19.59	0
781	2020-12-11	19.59	19.59	19.59	19.59	0
782	2020-12-14	19.59	19.59	19.59	19.59	0
783	2020-12-15	19.59	19.59	19.59	19.59	0
784	2020-12-16	19.59	19.59	19.59	19.59	0
785	2020-12-17	19.59	19.59	19.59	19.59	0
786	2020-12-18	19.59	19.59	19.59	19.59	0
787	2020-12-21	19.59	19.59	19.59	19.59	0
788	2020-12-22	19.59	19.59	19.59	19.59	0
789	2020-12-23	16.92	16.92	16.92	16.92	5000
790	2020-12-24	16.92	16.92	16.92	16.92	0
791	2020-12-25	16.92	16.92	16.92	16.92	0
792	2020-12-28	16.92	16.92	16.92	16.92	0
793	2020-12-29	16.92	16.92	16.92	16.92	4100
794	2020-12-30	19.41	19.41	19.41	19.41	100
795	2020-12-31	17.81	17.81	17.81	17.81	100
796	2021-01-04	17.81	17.81	17.81	17.81	0
797	2021-01-05	17.81	17.81	17.81	17.81	0
798	2021-01-06	17.81	17.81	17.81	17.81	0
799	2021-01-07	17.81	17.81	17.81	17.81	0
800	2021-01-08	17.81	17.81	17.81	17.81	0
801	2021-01-11	17.81	17.81	17.81	17.81	0
802	2021-01-12	17.81	17.81	17.81	17.81	0
803	2021-01-13	17.81	17.81	17.81	17.81	0
804	2021-01-14	17.81	17.81	17.81	17.81	0
805	2021-01-15	17.81	17.81	17.81	17.81	0
806	2021-01-18	17.81	17.81	17.81	17.81	0
807	2021-01-19	17.81	17.81	17.81	17.81	0
808	2021-01-20	17.81	17.81	17.81	17.81	0
809	2021-01-21	17.81	17.81	17.81	17.81	0
810	2021-01-22	17.81	17.81	17.81	17.81	0
811	2021-01-25	17.81	17.81	17.81	17.81	0
812	2021-01-26	17.81	17.81	17.81	17.81	0
813	2021-01-27	17.81	17.81	17.81	17.81	0
814	2021-01-28	17.81	17.81	17.81	17.81	0
815	2021-01-29	17.81	17.81	17.81	17.81	0
816	2021-02-01	17.81	17.81	17.81	17.81	0
817	2021-02-02	17.81	17.81	17.81	17.81	0
818	2021-02-03	17.81	17.81	17.81	17.81	0
819	2021-02-04	17.81	17.81	17.81	17.81	0
820	2021-02-05	17.81	17.81	17.81	17.81	0
821	2021-02-08	17.81	17.81	17.81	17.81	0
822	2021-02-09	17.81	17.81	17.81	17.81	0
823	2021-02-17	17.81	17.81	17.81	17.81	0
824	2021-02-18	17.81	17.81	17.81	17.81	0
825	2021-02-19	17.81	17.81	17.81	17.81	0
826	2021-02-22	17.81	17.81	17.81	17.81	0
827	2021-02-23	17.81	17.81	17.81	17.81	0
828	2021-02-24	17.81	17.81	17.81	17.81	0
829	2021-02-25	17.81	17.81	17.81	17.81	0
830	2021-02-26	17.81	17.81	17.81	17.81	0
831	2021-03-01	17.81	17.81	17.81	17.81	0
832	2021-03-02	17.81	17.81	17.81	17.81	0
833	2021-03-03	17.81	17.81	17.81	17.81	0
834	2021-03-04	17.81	17.81	17.81	17.81	0
835	2021-03-05	17.81	17.81	17.81	17.81	0
836	2021-03-08	17.81	17.81	17.81	17.81	0
837	2021-03-09	17.81	17.81	17.81	17.81	0
838	2021-03-10	17.81	17.81	17.81	17.81	0
839	2021-03-11	17.81	17.81	17.81	17.81	0
840	2021-03-12	17.81	17.81	17.81	17.81	0
841	2021-03-15	17.81	17.81	17.81	17.81	0
842	2021-03-16	17.81	17.81	17.81	17.81	0
843	2021-03-17	17.81	17.81	17.81	17.81	0
844	2021-03-18	17.81	17.81	17.81	17.81	0
845	2021-03-19	17.81	17.81	17.81	17.81	0
846	2021-03-22	17.81	17.81	17.81	17.81	0
847	2021-03-23	17.81	17.81	17.81	17.81	0
848	2021-03-24	17.81	17.81	17.81	17.81	0
849	2021-03-25	17.81	17.81	17.81	17.81	0
850	2021-03-26	17.81	17.81	17.81	17.81	0
851	2021-03-29	17.81	17.81	17.81	17.81	0
852	2021-03-30	17.81	17.81	17.81	17.81	0
853	2021-03-31	17.81	17.81	17.81	17.81	0
854	2021-04-01	17.81	17.81	17.81	17.81	0
855	2021-04-02	17.81	17.81	17.81	17.81	0
856	2021-04-05	17.81	17.81	17.81	17.81	0
857	2021-04-06	17.81	17.81	17.81	17.81	0
858	2021-04-07	17.81	17.81	17.81	17.81	0
859	2021-04-08	17.81	17.81	17.81	17.81	0
860	2021-04-09	17.81	17.81	17.81	17.81	0
861	2021-04-12	17.81	17.81	17.81	17.81	0
862	2021-04-13	17.81	17.81	17.81	17.81	0
863	2021-04-14	17.81	17.81	17.81	17.81	0
864	2021-04-15	17.81	17.81	17.81	17.81	0
865	2021-04-16	17.81	17.81	17.81	17.81	0
866	2021-04-19	17.81	17.81	17.81	17.81	0
867	2021-04-20	17.81	17.81	17.81	17.81	0
868	2021-04-22	17.81	17.81	17.81	17.81	0
869	2021-04-23	17.81	17.81	17.81	17.81	0
870	2021-04-26	17.81	17.81	17.81	17.81	0
871	2021-04-27	17.81	17.81	17.81	17.81	0
872	2021-04-28	17.81	17.81	17.81	17.81	0
873	2021-04-29	17.81	17.81	17.81	17.81	0
874	2021-05-04	17.81	17.81	17.81	17.81	0
875	2021-05-05	17.81	17.81	17.81	17.81	0
876	2021-05-06	17.81	17.81	17.81	17.81	0
877	2021-05-07	17.81	17.81	17.81	17.81	0
878	2021-05-10	17.81	17.81	17.81	17.81	0
879	2021-05-11	17.81	17.81	17.81	17.81	0
880	2021-05-12	17.81	17.81	17.81	17.81	0
881	2021-05-13	17.81	17.81	17.81	17.81	0
882	2021-05-14	17.83	18.2	18.2	18.2	0
883	2021-05-17	17.83	18.2	18.2	18.2	0
884	2021-05-18	17.83	18.2	18.2	18.2	0
885	2021-05-19	17.83	18.2	18.2	18.2	0
886	2021-05-20	17.83	18.2	18.2	18.2	0
887	2021-05-21	17.83	18.2	18.2	18.2	0
888	2021-05-24	17.83	18.2	18.2	18.2	0
889	2021-05-25	17.83	18.2	18.2	18.2	0
890	2021-05-26	17.83	18.2	18.2	18.2	0
891	2021-05-27	17.83	18.2	18.2	18.2	0
892	2021-05-28	17.83	18.2	18.2	18.2	0
893	2021-05-31	17.83	18.2	18.2	18.2	0
894	2021-06-01	17.83	18.2	18.2	18.2	0
895	2021-06-02	17.83	18.2	18.2	18.2	0
896	2021-06-03	17.83	18.2	18.2	18.2	0
897	2021-06-04	17.83	18.2	18.2	18.2	0
898	2021-06-07	17.83	18.2	18.2	18.2	0
899	2021-06-08	17.83	18.2	18.2	18.2	0
900	2021-06-09	17.83	18.2	18.2	18.2	0
901	2021-06-10	17.83	18.2	18.2	18.2	0
902	2021-06-11	17.83	18.2	18.2	18.2	0
903	2021-06-14	17.83	18.2	18.2	18.2	0
904	2021-06-15	17.83	18.2	18.2	18.2	0
905	2021-06-16	17.83	18.2	18.2	18.2	0
906	2021-06-17	17.83	18.2	18.2	18.2	0
907	2021-06-18	17.83	18.2	18.2	18.2	0
908	2021-06-21	17.83	18.2	18.2	18.2	0
909	2021-06-22	17.83	18.2	18.2	18.2	0
910	2021-06-23	17.83	18.2	18.2	18.2	0
911	2021-06-24	17.83	18.2	18.2	18.2	0
912	2021-06-25	17.83	18.2	18.2	18.2	0
913	2021-06-28	17.83	18.2	18.2	18.2	0
914	2021-06-29	17.83	18.2	18.2	18.2	0
915	2021-06-30	17.83	18.2	18.2	18.2	0
916	2021-07-01	17.83	18.2	18.2	18.2	0
917	2021-07-02	17.83	18.2	18.2	18.2	0
918	2021-07-05	16.38	16.38	16.38	16.38	9100
919	2021-07-06	16.38	16.38	16.38	16.38	0
920	2021-07-07	16.38	16.38	16.38	16.38	0
921	2021-07-08	16.38	16.38	16.38	16.38	0
922	2021-07-09	16.38	16.38	16.38	16.38	0
923	2021-07-12	16.38	16.38	16.38	16.38	0
924	2021-07-13	16.38	16.38	16.38	16.38	0
925	2021-07-14	16.38	16.38	16.38	16.38	0
926	2021-07-15	16.38	16.38	16.38	16.38	0
927	2021-07-16	16.38	16.38	16.38	16.38	0
928	2021-07-19	16.38	16.38	16.38	16.38	0
929	2021-07-20	16.38	16.38	16.38	16.38	0
930	2021-07-21	16.38	16.38	16.38	16.38	0
931	2021-07-22	16.38	16.38	16.38	16.38	0
932	2021-07-23	16.38	16.38	16.38	16.38	0
933	2021-07-26	16.38	16.38	16.38	16.38	0
934	2021-07-27	16.38	16.38	16.38	16.38	0
935	2021-07-28	16.38	16.38	16.38	16.38	0
936	2021-07-29	16.38	16.38	16.38	16.38	0
937	2021-07-30	16.38	16.38	16.38	16.38	0
938	2021-08-02	16.38	16.38	16.38	16.38	0
939	2021-08-03	16.38	16.38	16.38	16.38	0
940	2021-08-04	16.38	16.38	16.38	16.38	0
941	2021-08-05	16.38	16.38	16.38	16.38	0
942	2021-08-06	16.38	16.38	16.38	16.38	0
943	2021-08-09	16.38	16.38	16.38	16.38	0
944	2021-08-10	16.38	16.38	16.38	16.38	0
945	2021-08-11	16.38	16.38	16.38	16.38	0
946	2021-08-12	16.38	16.38	16.38	16.38	0
947	2021-08-13	16.38	16.38	16.38	16.38	0
948	2021-08-16	16.38	16.38	16.38	16.38	0
949	2021-08-17	16.38	16.38	16.38	16.38	0
950	2021-08-18	16.38	16.38	16.38	16.38	0
951	2021-08-19	16.38	16.38	16.38	16.38	0
952	2021-08-20	16.38	16.38	16.38	16.38	0
953	2021-08-23	16.38	16.38	16.38	16.38	0
954	2021-08-24	16.38	16.38	16.38	16.38	0
955	2021-08-25	16.38	16.38	16.38	16.38	0
956	2021-08-26	16.38	16.38	16.38	16.38	0
957	2021-08-27	16.38	16.38	16.38	16.38	0
958	2021-08-30	16.38	16.38	16.38	16.38	0
959	2021-08-31	16.38	16.38	16.38	16.38	0
960	2021-09-01	16.38	16.38	16.38	16.38	0
961	2021-09-06	16.38	16.38	16.38	16.38	0
962	2021-09-07	16.38	16.38	16.38	16.38	0
963	2021-09-08	16.38	16.38	16.38	16.38	0
964	2021-09-09	16.38	16.38	16.38	16.38	0
965	2021-09-10	16.38	16.38	16.38	16.38	0
966	2021-09-13	16.38	16.38	16.38	16.38	0
967	2021-09-14	16.38	16.38	16.38	16.38	0
968	2021-09-15	16.38	16.38	16.38	16.38	0
969	2021-09-16	16.38	16.38	16.38	16.38	0
970	2021-09-17	16.38	16.38	16.38	16.38	0
971	2021-09-20	16.38	16.38	16.38	16.38	0
972	2021-09-21	16.38	16.38	16.38	16.38	0
973	2021-09-22	16.38	16.38	16.38	16.38	0
974	2021-09-23	16.38	16.38	16.38	16.38	0
975	2021-09-24	16.38	16.38	16.38	16.38	0
976	2021-09-27	16.38	16.38	16.38	16.38	0
977	2021-09-28	16.38	16.38	16.38	16.38	0
978	2021-09-29	16.38	16.38	16.38	16.38	0
979	2021-09-30	16.38	16.38	16.38	16.38	0
980	2021-10-01	16.38	16.38	16.38	16.38	0
981	2021-10-04	16.38	16.38	16.38	16.38	0
982	2021-10-05	16.38	16.38	16.38	16.38	0
983	2021-10-06	16.38	16.38	16.38	16.38	0
984	2021-10-07	16.38	16.38	16.38	16.38	0
985	2021-10-08	16.38	16.38	16.38	16.38	0
986	2021-10-11	16.38	16.38	16.38	16.38	0
987	2021-10-12	16.38	16.38	16.38	16.38	0
988	2021-10-13	16.38	16.38	16.38	16.38	0
989	2021-10-14	16.38	16.38	16.38	16.38	0
990	2021-10-15	16.38	16.38	16.38	16.38	0
991	2021-10-18	16.38	16.38	16.38	16.38	0
992	2021-10-19	16.38	16.38	16.38	16.38	0
993	2021-10-20	16.38	16.38	16.38	16.38	0
994	2021-10-21	16.38	16.38	16.38	16.38	6700
995	2021-10-22	16.38	16.38	16.38	16.38	0
996	2021-10-25	16.38	16.38	16.38	16.38	0
997	2021-10-26	16.38	16.38	16.38	16.38	0
998	2021-10-27	16.38	16.38	16.38	16.38	0
999	2021-10-28	16.38	16.38	16.38	16.38	0
1000	2021-10-29	16.38	16.38	16.38	16.38	0
1001	2021-11-01	16.38	16.38	16.38	16.38	0
1002	2021-11-02	16.38	16.38	16.38	16.38	0
1003	2021-11-03	16.38	16.38	16.38	16.38	0
1004	2021-11-04	16.38	16.38	16.38	16.38	0
1005	2021-11-05	16.38	16.38	16.38	16.38	0
1006	2021-11-08	16.38	16.38	16.38	16.38	0
1007	2021-11-09	16.38	16.38	16.38	16.38	0
1008	2021-11-10	16.38	16.38	16.38	16.38	0
1009	2021-11-11	16.38	16.38	16.38	16.38	0
1010	2021-11-12	16.38	16.38	16.38	16.38	0
1011	2021-11-15	16.38	16.38	16.38	16.38	0
1012	2021-11-16	16.38	16.38	16.38	16.38	0
1013	2021-11-17	16.38	16.38	16.38	16.38	0
1014	2021-11-18	16.38	16.38	16.38	16.38	0
1015	2021-11-19	16.38	16.38	16.38	16.38	0
1016	2021-11-22	16.38	16.38	16.38	16.38	0
1017	2021-11-23	16.38	16.38	16.38	16.38	0
1018	2021-11-24	16.38	16.38	16.38	16.38	0
1019	2021-11-25	16.38	16.38	16.38	16.38	0
1020	2021-11-26	16.38	16.38	16.38	16.38	0
1021	2021-11-29	16.38	16.38	16.38	16.38	0
1022	2021-11-30	16.38	16.38	16.38	16.38	0
1023	2021-12-01	16.38	16.38	16.38	16.38	0
1024	2021-12-02	16.38	16.38	16.38	16.38	0
1025	2021-12-03	16.38	16.38	16.38	16.38	0
1026	2021-12-06	16.38	16.38	16.38	16.38	0
1027	2021-12-07	16.38	16.38	16.38	16.38	0
1028	2021-12-08	16.38	16.38	16.38	16.38	0
1029	2021-12-09	16.38	16.38	16.38	16.38	0
1030	2021-12-10	16.38	16.38	16.38	16.38	0
1031	2021-12-13	16.38	16.38	16.38	16.38	0
1032	2021-12-14	16.38	16.38	16.38	16.38	0
1033	2021-12-15	16.38	16.38	16.38	16.38	0
1034	2021-12-16	16.38	16.38	16.38	16.38	0
1035	2021-12-17	16.38	16.38	16.38	16.38	0
1036	2021-12-20	16.38	16.38	16.38	16.38	0
1037	2021-12-21	16.38	16.38	16.38	16.38	0
1038	2021-12-22	16.38	16.38	16.38	16.38	0
1039	2021-12-23	16.38	16.38	16.38	16.38	0
1040	2021-12-24	16.38	16.38	16.38	16.38	0
1041	2021-12-27	17.74	17.74	17.74	17.74	100
1042	2021-12-28	17.74	17.74	17.74	17.74	0
1043	2021-12-29	17.74	17.74	17.74	17.74	0
1044	2021-12-30	17.74	17.74	17.74	17.74	0
1045	2021-12-31	17.74	17.74	17.74	17.74	0
1046	2022-01-04	17.74	17.74	17.74	17.74	0
1047	2022-01-05	17.74	17.74	17.74	17.74	0
1048	2022-01-06	17.74	17.74	17.74	17.74	0
1049	2022-01-07	17.74	17.74	17.74	17.74	0
1050	2022-01-10	17.74	17.74	17.74	17.74	0
1051	2022-01-11	17.74	17.74	17.74	17.74	0
1052	2022-01-12	17.74	17.74	17.74	17.74	0
1053	2022-01-13	17.74	17.74	17.74	17.74	0
1054	2022-01-14	17.74	17.74	17.74	17.74	0
1055	2022-01-17	17.74	17.74	17.74	17.74	0
1056	2022-01-18	17.74	17.74	17.74	17.74	0
1057	2022-01-19	17.74	17.74	17.74	17.74	0
1058	2022-01-20	17.74	17.74	17.74	17.74	0
1059	2022-01-21	17.74	17.74	17.74	17.74	0
1060	2022-01-24	17.74	17.74	17.74	17.74	0
1061	2022-01-25	17.74	17.74	17.74	17.74	0
1062	2022-01-26	17.74	17.74	17.74	17.74	0
1063	2022-01-27	17.74	17.74	17.74	17.74	0
1064	2022-01-28	17.74	17.74	17.74	17.74	0
1065	2022-02-07	17.74	17.74	17.74	17.74	0
1066	2022-02-08	17.74	17.74	17.74	17.74	0
1067	2022-02-09	17.74	17.74	17.74	17.74	0
1068	2022-02-10	17.74	17.74	17.74	17.74	0
1069	2022-02-11	17.74	17.74	17.74	17.74	0
1070	2022-02-14	17.74	17.74	17.74	17.74	0
1071	2022-02-15	17.74	17.74	17.74	17.74	0
1072	2022-02-16	17.74	17.74	17.74	17.74	0
1073	2022-02-17	17.74	17.74	17.74	17.74	0
1074	2022-02-18	17.74	17.74	17.74	17.74	0
1075	2022-02-21	17.74	17.74	17.74	17.74	0
1076	2022-02-22	17.74	17.74	17.74	17.74	0
1077	2022-02-23	17.74	17.74	17.74	17.74	0
1078	2022-02-24	17.74	17.74	17.74	17.74	0
1079	2022-02-25	17.74	17.74	17.74	17.74	0
1080	2022-02-28	17.74	17.74	17.74	17.74	0
1081	2022-03-01	17.74	17.74	17.74	17.74	0
1082	2022-03-02	17.74	17.74	17.74	17.74	0
1083	2022-03-03	17.74	17.74	17.74	17.74	0
1084	2022-03-04	16.38	16.38	16.38	16.38	20000
1085	2022-03-07	16.38	16.38	16.38	16.38	0
1086	2022-03-08	16.38	16.38	16.38	16.38	0
1087	2022-03-09	16.38	16.38	16.38	16.38	0
1088	2022-03-10	16.38	16.38	16.38	16.38	0
1089	2022-03-11	18.2	18.2	18.2	18.2	100
1090	2022-03-14	18.2	18.2	18.2	18.2	0
1091	2022-03-15	18.2	18.2	18.2	18.2	0
1092	2022-03-16	18.2	18.2	18.2	18.2	0
1093	2022-03-17	18.2	18.2	18.2	18.2	0
1094	2022-03-18	18.2	18.2	18.2	18.2	0
1095	2022-03-21	18.2	18.2	18.2	18.2	0
1096	2022-03-22	18.2	18.2	18.2	18.2	0
1097	2022-03-23	18.2	18.2	18.2	18.2	0
1098	2022-03-24	18.2	18.2	18.2	18.2	0
1099	2022-03-25	18.2	18.2	18.2	18.2	0
1100	2022-03-28	18.2	18.2	18.2	18.2	0
1101	2022-03-29	18.2	18.2	18.2	18.2	0
1102	2022-03-30	18.2	18.2	18.2	18.2	0
1103	2022-03-31	18.2	18.2	18.2	18.2	0
1104	2022-04-01	18.2	18.2	18.2	18.2	0
1105	2022-04-04	18.2	18.2	18.2	18.2	0
1106	2022-04-05	18.2	18.2	18.2	18.2	0
1107	2022-04-06	18.2	18.2	18.2	18.2	0
1108	2022-04-07	18.2	18.2	18.2	18.2	0
1109	2022-04-08	18.2	18.2	18.2	18.2	0
1110	2022-04-12	18.2	18.2	18.2	18.2	0
1111	2022-04-13	18.2	18.2	18.2	18.2	0
1112	2022-04-14	18.2	18.2	18.2	18.2	0
1113	2022-04-15	18.2	18.2	18.2	18.2	0
1114	2022-04-18	18.2	18.2	18.2	18.2	0
1115	2022-04-19	18.2	18.2	18.2	18.2	0
1116	2022-04-20	18.2	18.2	18.2	18.2	0
1117	2022-04-21	18.2	18.2	18.2	18.2	0
1118	2022-04-22	18.2	18.2	18.2	18.2	0
1119	2022-04-25	18.2	18.2	18.2	18.2	0
1120	2022-04-26	18.2	18.2	18.2	18.2	0
1121	2022-04-27	18.2	18.2	18.2	18.2	0
1122	2022-04-28	16.38	16.38	16.38	16.38	8100
1123	2022-04-29	16.38	16.38	16.38	16.38	0
1124	2022-05-04	16.38	16.38	16.38	16.38	0
1125	2022-05-05	16.38	16.38	16.38	16.38	0
1126	2022-05-06	16.38	16.38	16.38	16.38	0
1127	2022-05-09	16.38	16.38	16.38	16.38	0
1128	2022-05-10	16.34	16.34	16.34	16.34	0
1129	2022-05-11	16.34	16.34	16.34	16.34	0
1130	2022-05-12	16.34	16.34	16.34	16.34	0
1131	2022-05-13	16.34	16.34	16.34	16.34	0
1132	2022-05-16	16.34	16.34	16.34	16.34	0
1133	2022-05-17	16.34	16.34	16.34	16.34	0
1134	2022-05-18	16.34	16.34	16.34	16.34	0
1135	2022-05-19	16.34	16.34	16.34	16.34	0
1136	2022-05-20	16.34	16.34	16.34	16.34	0
1137	2022-05-23	16.34	16.34	16.34	16.34	0
1138	2022-05-24	16.34	16.34	16.34	16.34	0
1139	2022-05-25	16.34	16.34	16.34	16.34	0
1140	2022-05-26	16.34	16.34	16.34	16.34	12300
1141	2022-05-27	16.34	16.34	16.34	16.34	0
1142	2022-05-30	16.34	16.34	16.34	16.34	0
1143	2022-05-31	16.34	16.34	16.34	16.34	0
1144	2022-06-01	16.34	16.34	16.34	16.34	0
1145	2022-06-02	16.34	16.34	16.34	16.34	0
1146	2022-06-03	16.34	16.34	16.34	16.34	0
1147	2022-06-06	16.34	16.34	16.34	16.34	0
1148	2022-06-07	16.34	16.34	16.34	16.34	0
1149	2022-06-08	16.34	16.34	16.34	16.34	0
1150	2022-06-09	16.34	16.34	16.34	16.34	0
1151	2022-06-10	16.34	16.34	16.34	16.34	0
1152	2022-06-13	16.34	16.34	16.34	16.34	0
1153	2022-06-14	16.34	16.34	16.34	16.34	0
1154	2022-06-15	16.34	16.34	16.34	16.34	0
1155	2022-06-16	16.34	16.34	16.34	16.34	0
1156	2022-06-17	16.34	16.34	16.34	16.34	0
1157	2022-06-20	16.34	16.34	16.34	16.34	0
1158	2022-06-21	16.34	16.34	16.34	16.34	0
1159	2022-06-22	16.34	16.34	16.34	16.34	8100
1160	2022-06-23	16.34	16.34	16.34	16.34	0
1161	2022-06-24	16.34	16.34	16.34	16.34	0
1162	2022-06-27	16.34	16.34	16.34	16.34	0
1163	2022-06-28	16.34	16.34	16.34	16.34	0
1164	2022-06-29	16.34	16.34	16.34	16.34	0
1165	2022-06-30	16.34	16.34	16.34	16.34	0
1166	2022-07-01	16.34	16.34	16.34	16.34	0
1167	2022-07-04	16.34	16.34	16.34	16.34	0
1168	2022-07-05	16.34	16.34	16.34	16.34	0
1169	2022-07-06	16.34	16.34	16.34	16.34	0
1170	2022-07-07	16.34	16.34	16.34	16.34	0
1171	2022-07-08	16.34	16.34	16.34	16.34	0
1172	2022-07-11	16.34	16.34	16.34	16.34	0
1173	2022-07-12	16.34	16.34	16.34	16.34	0
1174	2022-07-13	16.34	16.34	16.34	16.34	0
1175	2022-07-14	16.34	16.34	16.34	16.34	0
1176	2022-07-15	16.34	16.34	16.34	16.34	0
1177	2022-07-18	16.34	16.34	16.34	16.34	0
1178	2022-07-19	16.34	16.34	16.34	16.34	0
1179	2022-07-20	16.34	16.34	16.34	16.34	0
1180	2022-07-21	16.34	16.34	16.34	16.34	0
1181	2022-07-22	16.34	16.34	16.34	16.34	0
1182	2022-07-25	16.34	16.34	16.34	16.34	0
1183	2022-07-26	16.34	16.34	16.34	16.34	0
1184	2022-07-27	16.34	16.34	16.34	16.34	0
1185	2022-07-28	16.34	16.34	16.34	16.34	0
1186	2022-07-29	16.34	16.34	16.34	16.34	0
1187	2022-08-01	16.34	16.34	16.34	16.34	0
1188	2022-08-02	16.34	16.34	16.34	16.34	0
1189	2022-08-03	16.34	16.34	16.34	16.34	0
1190	2022-08-04	16.34	16.34	16.34	16.34	0
1191	2022-08-05	16.34	16.34	16.34	16.34	0
1192	2022-08-08	16.34	16.34	16.34	16.34	0
1193	2022-08-09	16.34	16.34	16.34	16.34	0
1194	2022-08-10	16.34	16.34	16.34	16.34	0
1195	2022-08-11	16.34	16.34	16.34	16.34	0
1196	2022-08-12	16.34	16.34	16.34	16.34	0
1197	2022-08-15	16.34	16.34	16.34	16.34	0
1198	2022-08-16	16.34	16.34	16.34	16.34	51200
1199	2022-08-17	16.34	16.34	16.34	16.34	0
1200	2022-08-18	16.34	16.34	16.34	16.34	0
1201	2022-08-19	16.34	16.34	16.34	16.34	0
1202	2022-08-22	16.34	16.34	16.34	16.34	0
1203	2022-08-23	16.34	16.34	16.34	16.34	0
1204	2022-08-24	16.34	16.34	16.34	16.34	0
1205	2022-08-25	16.34	16.34	16.34	16.34	0
1206	2022-08-26	16.34	16.34	16.34	16.34	0
1207	2022-08-29	16.34	16.34	16.34	16.34	0
1208	2022-08-30	16.34	16.34	16.34	16.34	0
1209	2022-08-31	16.34	16.34	16.34	16.34	0
1210	2022-09-05	16.34	16.34	16.34	16.34	0
1211	2022-09-06	16.34	16.34	16.34	16.34	0
1212	2022-09-07	16.34	16.34	16.34	16.34	0
1213	2022-09-08	16.34	16.34	16.34	16.34	0
1214	2022-09-09	16.34	16.34	16.34	16.34	0
1215	2022-09-12	16.34	16.34	16.34	16.34	0
1216	2022-09-13	16.34	16.34	16.34	16.34	0
1217	2022-09-14	16.34	16.34	16.34	16.34	0
1218	2022-09-15	16.34	16.34	16.34	16.34	0
1219	2022-09-16	16.34	16.34	16.34	16.34	0
1220	2022-09-19	16.34	16.34	16.34	16.34	0
1221	2022-09-20	16.34	16.34	16.34	16.34	0
1222	2022-09-21	16.34	16.34	16.34	16.34	0
1223	2022-09-22	16.34	16.34	16.34	16.34	0
1224	2022-09-23	16.34	16.34	16.34	16.34	0
1225	2022-09-26	16.34	16.34	16.34	16.34	0
1226	2022-09-27	16.34	16.34	16.34	16.34	0
1227	2022-09-28	16.34	16.34	16.34	16.34	0
1228	2022-09-29	16.34	16.34	16.34	16.34	0
1229	2022-09-30	16.34	16.34	16.34	16.34	0
1230	2022-10-03	16.34	16.34	16.34	16.34	0
1231	2022-10-04	16.34	16.34	16.34	16.34	0
1232	2022-10-05	16.34	16.34	16.34	16.34	0
1233	2022-10-06	16.34	16.34	16.34	16.34	0
1234	2022-10-07	16.34	16.34	16.34	16.34	0
1235	2022-10-10	16.34	16.34	16.34	16.34	0
1236	2022-10-11	16.34	16.34	16.34	16.34	0
1237	2022-10-12	16.34	16.34	16.34	16.34	0
1238	2022-10-13	16.34	16.34	16.34	16.34	0
1239	2022-10-14	16.34	16.34	16.34	16.34	0
1240	2022-10-17	16.34	16.34	16.34	16.34	0
1241	2022-10-18	16.34	16.34	16.34	16.34	0
1242	2022-10-19	16.34	16.34	16.34	16.34	0
1243	2022-10-20	16.34	16.34	16.34	16.34	0
1244	2022-10-21	16.34	16.34	16.34	16.34	0
1245	2022-10-24	16.34	16.34	16.34	16.34	0
1246	2022-10-25	16.34	16.34	16.34	16.34	0
1247	2022-10-26	16.34	16.34	16.34	16.34	0
1248	2022-10-27	16.34	16.34	16.34	16.34	0
1249	2022-10-28	16.34	16.34	16.34	16.34	0
1250	2022-10-31	16.34	16.34	16.34	16.34	0
1251	2022-11-01	16.34	16.34	16.34	16.34	0
1252	2022-11-02	16.34	16.34	16.34	16.34	0
1253	2022-11-03	16.34	16.34	16.34	16.34	0
1254	2022-11-04	16.34	16.34	16.34	16.34	0
1255	2022-11-07	16.34	16.34	16.34	16.34	0
1256	2022-11-08	16.34	16.34	16.34	16.34	0
1257	2022-11-09	16.34	16.34	16.34	16.34	0
1258	2022-11-10	16.34	16.34	16.34	16.34	0
1259	2022-11-11	16.34	16.34	16.34	16.34	0
1260	2022-11-14	14.0	14.0	14.0	14.0	13600
1261	2022-11-15	14.0	14.0	14.0	14.0	0
1262	2022-11-16	14.0	14.0	14.0	14.0	0
1263	2022-11-17	14.0	14.0	14.0	14.0	0
1264	2022-11-18	14.0	14.0	14.0	14.0	0
1265	2022-11-21	14.0	14.0	14.0	14.0	0
1266	2022-11-22	14.0	14.0	14.0	14.0	0
1267	2022-11-23	14.0	14.0	14.0	14.0	0
1268	2022-11-24	14.0	14.0	14.0	14.0	0
1269	2022-11-25	14.0	14.0	14.0	14.0	0
1270	2022-11-28	14.0	14.0	14.0	14.0	0
1271	2022-11-29	14.0	14.0	14.0	14.0	0
1272	2022-11-30	14.0	14.0	14.0	14.0	0
1273	2022-12-01	14.0	14.0	14.0	14.0	0
1274	2022-12-02	14.0	14.0	14.0	14.0	0
1275	2022-12-05	14.0	14.0	14.0	14.0	0
1276	2022-12-06	14.0	14.0	14.0	14.0	0
1277	2022-12-07	14.0	14.0	14.0	14.0	0
1278	2022-12-08	16.06	16.06	16.06	16.06	100
1279	2022-12-09	16.06	16.06	16.06	16.06	0
1280	2022-12-12	16.06	16.06	16.06	16.06	0
1281	2022-12-13	16.06	16.06	16.06	16.06	0
1282	2022-12-14	16.06	16.06	16.06	16.06	0
1283	2022-12-15	16.06	16.06	16.06	16.06	0
1284	2022-12-16	16.06	16.06	16.06	16.06	0
1285	2022-12-19	16.06	16.06	16.06	16.06	0
1286	2022-12-20	16.06	16.06	16.06	16.06	0
1287	2022-12-21	16.06	16.06	16.06	16.06	0
1288	2022-12-22	16.06	16.06	16.06	16.06	0
1289	2022-12-23	16.06	16.06	16.06	16.06	0
1290	2022-12-26	16.06	16.06	16.06	16.06	0
1291	2022-12-27	16.06	16.06	16.06	16.06	0
1292	2022-12-28	16.06	16.06	16.06	16.06	0
1293	2022-12-29	16.06	16.06	16.06	16.06	0
1294	2022-12-30	16.06	16.06	16.06	16.06	0
1295	2023-01-03	16.06	16.06	16.06	16.06	0
1296	2023-01-04	16.06	16.06	16.06	16.06	0
1297	2023-01-05	16.06	16.06	16.06	16.06	0
1298	2023-01-06	16.06	16.06	16.06	16.06	0
1299	2023-01-09	16.06	16.06	16.06	16.06	0
1300	2023-01-10	16.06	16.06	16.06	16.06	0
1301	2023-01-11	16.06	16.06	16.06	16.06	0
1302	2023-01-12	16.06	16.06	16.06	16.06	0
1303	2023-01-13	16.06	16.06	16.06	16.06	0
1304	2023-01-16	16.06	16.06	16.06	16.06	0
1305	2023-01-17	16.06	16.06	16.06	16.06	0
1306	2023-01-18	16.06	16.06	16.06	16.06	0
1307	2023-01-19	16.06	16.06	16.06	16.06	0
1308	2023-01-27	16.06	16.06	16.06	16.06	0
1309	2023-01-30	16.06	16.06	16.06	16.06	0
1310	2023-01-31	16.06	16.06	16.06	16.06	0
1311	2023-02-01	16.06	16.06	16.06	16.06	0
1312	2023-02-02	16.06	16.06	16.06	16.06	0
1313	2023-02-03	15.87	15.87	15.87	15.87	5000
1314	2023-02-06	15.87	15.87	15.87	15.87	0
1315	2023-02-07	15.87	15.87	15.87	15.87	0
1316	2023-02-08	15.87	15.87	15.87	15.87	0
1317	2023-02-09	15.87	15.87	15.87	15.87	0
1318	2023-02-10	15.87	15.87	15.87	15.87	0
1319	2023-02-13	15.87	15.87	15.87	15.87	0
1320	2023-02-14	15.87	15.87	15.87	15.87	0
1321	2023-02-15	15.87	15.87	15.87	15.87	0
1322	2023-02-16	15.87	15.87	15.87	15.87	0
1323	2023-02-17	15.87	15.87	15.87	15.87	0
1324	2023-02-20	15.87	15.87	15.87	15.87	0
1325	2023-02-21	14.0	14.0	14.0	14.0	7500
1326	2023-02-22	14.0	14.0	14.0	14.0	0
1327	2023-02-23	14.0	14.0	14.0	14.0	0
1328	2023-02-24	14.0	14.0	14.0	14.0	0
1329	2023-02-27	14.0	14.0	14.0	14.0	0
1330	2023-02-28	14.0	14.0	14.0	14.0	0
1331	2023-03-01	14.0	14.0	14.0	14.0	0
1332	2023-03-02	14.0	14.0	14.0	14.0	0
1333	2023-03-03	14.0	14.0	14.0	14.0	0
1334	2023-03-06	14.0	14.0	14.0	14.0	0
1335	2023-03-07	14.0	14.0	14.0	14.0	0
1336	2023-03-08	14.0	14.0	14.0	14.0	0
1337	2023-03-09	14.0	14.0	14.0	14.0	0
1338	2023-03-10	14.0	14.0	14.0	14.0	0
1339	2023-03-13	14.0	14.0	14.0	14.0	0
1340	2023-03-14	14.0	14.0	14.0	14.0	0
1341	2023-03-15	14.0	14.0	14.0	14.0	0
1342	2023-03-16	14.0	14.0	14.0	14.0	0
1343	2023-03-17	14.0	14.0	14.0	14.0	0
1344	2023-03-20	14.0	14.0	14.0	14.0	0
1345	2023-03-21	14.0	14.0	14.0	14.0	0
1346	2023-03-22	14.0	14.0	14.0	14.0	0
1347	2023-03-23	14.0	14.0	14.0	14.0	0
1348	2023-03-24	14.0	14.0	14.0	14.0	0
1349	2023-03-27	14.0	14.0	14.0	14.0	0
1350	2023-03-28	14.0	14.0	14.0	14.0	0
1351	2023-03-29	14.0	14.0	14.0	14.0	0
1352	2023-03-30	14.0	14.0	14.0	14.0	0
1353	2023-03-31	14.0	14.0	14.0	14.0	0
1354	2023-04-03	14.0	14.0	14.0	14.0	0
1355	2023-04-04	14.0	14.0	14.0	14.0	0
1356	2023-04-05	14.0	14.0	14.0	14.0	0
1357	2023-04-06	14.0	14.0	14.0	14.0	0
1358	2023-04-07	14.0	14.0	14.0	14.0	0
1359	2023-04-10	14.0	14.0	14.0	14.0	0
1360	2023-04-11	14.0	14.0	14.0	14.0	0
1361	2023-04-12	14.0	14.0	14.0	14.0	0
1362	2023-04-13	14.0	14.0	14.0	14.0	0
1363	2023-04-14	14.0	14.0	14.0	14.0	0
1364	2023-04-17	14.0	14.0	14.0	14.0	0
1365	2023-04-18	14.0	14.0	14.0	14.0	0
1366	2023-04-19	14.0	14.0	14.0	14.0	0
1367	2023-04-20	14.0	14.0	14.0	14.0	0
1368	2023-04-21	14.0	14.0	14.0	14.0	0
1369	2023-04-24	14.0	14.0	14.0	14.0	0
1370	2023-04-25	14.0	14.0	14.0	14.0	0
1371	2023-04-26	14.0	14.0	14.0	14.0	0
1372	2023-04-27	14.0	14.0	14.0	14.0	0
1373	2023-04-28	14.0	14.0	14.0	14.0	0
1374	2023-05-04	14.0	14.0	14.0	14.0	0
1375	2023-05-05	14.0	14.0	14.0	14.0	0
1376	2023-05-08	14.0	14.0	14.0	14.0	0
1377	2023-05-09	14.0	14.0	14.0	14.0	0
1378	2023-05-10	14.0	14.0	14.0	14.0	0
1379	2023-05-11	14.49	14.49	14.49	14.49	9000
1380	2023-05-12	14.49	14.49	14.49	14.49	0
1381	2023-05-15	14.49	14.49	14.49	14.49	0
1382	2023-05-16	14.49	14.49	14.49	14.49	0
1383	2023-05-17	14.49	14.49	14.49	14.49	0
1384	2023-05-18	14.49	14.49	14.49	14.49	0
1385	2023-05-19	14.49	14.49	14.49	14.49	0
1386	2023-05-22	14.49	14.49	14.49	14.49	0
1387	2023-05-23	14.49	14.49	14.49	14.49	0
1388	2023-05-24	14.49	14.49	14.49	14.49	0
1389	2023-05-25	14.49	14.49	14.49	14.49	0
1390	2023-05-26	14.49	14.49	14.49	14.49	0
1391	2023-05-29	14.49	14.49	14.49	14.49	0
1392	2023-05-30	14.49	14.49	14.49	14.49	0
1393	2023-05-31	14.49	14.49	14.49	14.49	0
1394	2023-06-01	14.49	14.49	14.49	14.49	0
1395	2023-06-02	14.49	14.49	14.49	14.49	0
1396	2023-06-05	14.49	14.49	14.49	14.49	0
1397	2023-06-06	14.49	14.49	14.49	14.49	0
1398	2023-06-07	14.49	14.49	14.49	14.49	0
1399	2023-06-08	14.49	14.49	14.49	14.49	0
1400	2023-06-09	14.49	14.49	14.49	14.49	0
1401	2023-06-12	14.49	14.49	14.49	14.49	0
1402	2023-06-13	14.49	14.49	14.49	14.49	0
1403	2023-06-14	14.49	14.49	14.49	14.49	0
1404	2023-06-15	14.49	14.49	14.49	14.49	0
1405	2023-06-16	14.49	14.49	14.49	14.49	0
1406	2023-06-19	14.49	14.49	14.49	14.49	0
1407	2023-06-20	14.49	14.49	14.49	14.49	0
1408	2023-06-21	14.49	14.49	14.49	14.49	0
1409	2023-06-22	14.49	14.49	14.49	14.49	0
1410	2023-06-23	14.49	14.49	14.49	14.49	0
1411	2023-06-26	19.31	19.31	19.31	19.31	100
1412	2023-06-27	19.31	19.31	19.31	19.31	0
1413	2023-06-28	19.31	19.31	19.31	19.31	0
1414	2023-06-29	19.31	19.31	19.31	19.31	0
1415	2023-06-30	19.31	19.31	19.31	19.31	0
1416	2023-07-03	19.31	19.31	19.31	19.31	0
1417	2023-07-04	19.31	19.31	19.31	19.31	0
1418	2023-07-05	19.31	19.31	19.31	19.31	0
1419	2023-07-06	19.31	19.31	19.31	19.31	0
1420	2023-07-07	16.42	16.42	16.42	16.42	25000
1421	2023-07-10	16.42	16.42	16.42	16.42	0
1422	2023-07-11	16.42	16.42	16.42	16.42	0
1423	2023-07-12	16.42	16.42	16.42	16.42	0
1424	2023-07-13	16.42	16.42	16.42	16.42	0
1425	2023-07-14	16.42	16.42	16.42	16.42	0
1426	2023-07-17	16.42	16.42	16.42	16.42	0
1427	2023-07-18	16.42	16.42	16.42	16.42	0
1428	2023-07-19	16.42	16.42	16.42	16.42	0
1429	2023-07-20	16.42	16.42	16.42	16.42	0
1430	2023-07-21	16.42	16.42	16.42	16.42	0
1431	2023-07-24	16.42	16.42	16.42	16.42	0
1432	2023-07-25	16.42	16.42	16.42	16.42	0
1433	2023-07-26	16.42	16.42	16.42	16.42	0
1434	2023-07-27	16.42	16.42	16.42	16.42	0
1435	2023-07-28	16.42	16.42	16.42	16.42	0
1436	2023-07-31	16.42	16.42	16.42	16.42	0
1437	2023-08-01	16.42	16.42	16.42	16.42	0
1438	2023-08-02	16.42	16.42	16.42	16.42	0
1439	2023-08-03	16.42	16.42	16.42	16.42	0
1440	2023-08-04	16.42	16.42	16.42	16.42	0
1441	2023-08-07	16.42	16.42	16.42	16.42	0
1442	2023-08-08	16.42	16.42	16.42	16.42	0
1443	2023-08-09	16.42	16.42	16.42	16.42	0
1444	2023-08-10	16.42	16.42	16.42	16.42	0
1445	2023-08-11	16.42	16.42	16.42	16.42	0
1446	2023-08-14	16.42	16.42	16.42	16.42	0
1447	2023-08-15	16.42	16.42	16.42	16.42	0
1448	2023-08-16	16.42	16.42	16.42	16.42	0
1449	2023-08-17	16.42	16.42	16.42	16.42	0
1450	2023-08-18	16.42	16.42	16.42	16.42	0
1451	2023-08-21	16.42	16.42	16.42	16.42	0
1452	2023-08-22	16.42	16.42	16.42	16.42	0
1453	2023-08-23	16.42	16.42	16.42	16.42	0
1454	2023-08-24	16.42	16.42	16.42	16.42	0
1455	2023-08-25	16.42	16.42	16.42	16.42	0
1456	2023-08-28	16.42	16.42	16.42	16.42	0
1457	2023-08-29	16.42	16.42	16.42	16.42	0
1458	2023-08-30	16.42	16.42	16.42	16.42	0
1459	2023-08-31	16.42	16.42	16.42	16.42	0
1460	2023-09-05	16.42	16.42	16.42	16.42	0
1461	2023-09-06	16.42	16.42	16.42	16.42	0
1462	2023-09-07	16.42	16.42	16.42	16.42	0
1463	2023-09-08	16.42	16.42	16.42	16.42	0
1464	2023-09-11	16.42	16.42	16.42	16.42	0
1465	2023-09-12	16.42	16.42	16.42	16.42	0
1466	2023-09-13	16.42	16.42	16.42	16.42	0
1467	2023-09-14	16.42	16.42	16.42	16.42	0
1468	2023-09-15	16.42	16.42	16.42	16.42	0
1469	2023-09-18	16.42	16.42	16.42	16.42	0
1470	2023-09-19	16.42	16.42	16.42	16.42	0
1471	2023-09-20	16.42	16.42	16.42	16.42	0
1472	2023-09-21	16.42	16.42	16.42	16.42	0
1473	2023-09-22	16.42	16.42	16.42	16.42	0
1474	2023-09-25	16.42	16.42	16.42	16.42	0
1475	2023-09-26	16.42	16.42	16.42	16.42	0
1476	2023-09-27	16.42	16.42	16.42	16.42	0
1477	2023-09-28	16.42	16.42	16.42	16.42	0
1478	2023-09-29	16.42	16.42	16.42	16.42	0
1479	2023-10-02	16.42	16.42	16.42	16.42	0
1480	2023-10-03	16.42	16.42	16.42	16.42	0
1481	2023-10-04	16.42	16.42	16.42	16.42	0
1482	2023-10-05	16.42	16.42	16.42	16.42	0
1483	2023-10-06	16.42	16.42	16.42	16.42	0
1484	2023-10-09	16.42	16.42	16.42	16.42	0
1485	2023-10-10	16.42	16.42	16.42	16.42	0
1486	2023-10-11	16.42	16.42	16.42	16.42	0
1487	2023-10-12	16.42	16.42	16.42	16.42	0
1488	2023-10-13	16.42	16.42	16.42	16.42	0
1489	2023-10-16	16.42	16.42	16.42	16.42	0
1490	2023-10-17	16.42	16.42	16.42	16.42	0
1491	2023-10-18	16.42	16.42	16.42	16.42	0
1492	2023-10-19	16.42	16.42	16.42	16.42	0
1493	2023-10-20	16.42	16.42	16.42	16.42	0
1494	2023-10-23	16.42	16.42	16.42	16.42	0
1495	2023-10-24	16.42	16.42	16.42	16.42	0
1496	2023-10-25	16.42	16.42	16.42	16.42	0
1497	2023-10-26	16.42	16.42	16.42	16.42	0
1498	2023-10-27	16.42	16.42	16.42	16.42	0
1499	2023-10-30	16.42	16.42	16.42	16.42	0
1500	2023-10-31	16.42	16.42	16.42	16.42	0
1501	2023-11-01	16.42	16.42	16.42	16.42	0
1502	2023-11-02	16.42	16.42	16.42	16.42	0
1503	2023-11-03	16.42	16.42	16.42	16.42	0
1504	2023-11-06	16.42	16.42	16.42	16.42	0
1505	2023-11-07	16.42	16.42	16.42	16.42	0
1506	2023-11-08	16.42	16.42	16.42	16.42	0
1507	2023-11-09	16.42	16.42	16.42	16.42	0
1508	2023-11-10	16.42	16.42	16.42	16.42	0
1509	2023-11-13	16.42	16.42	16.42	16.42	0
1510	2023-11-14	16.42	16.42	16.42	16.42	0
1511	2023-11-15	16.42	16.42	16.42	16.42	0
1512	2023-11-16	16.42	16.42	16.42	16.42	0
1513	2023-11-17	16.42	16.42	16.42	16.42	0
1514	2023-11-20	16.42	16.42	16.42	16.42	0
1515	2023-11-21	16.42	16.42	16.42	16.42	0
1516	2023-11-22	16.42	16.42	16.42	16.42	0
1517	2023-11-23	16.42	16.42	16.42	16.42	0
1518	2023-11-24	16.42	16.42	16.42	16.42	0
1519	2023-11-27	16.42	16.42	16.42	16.42	0
1520	2023-11-28	16.42	16.42	16.42	16.42	0
1521	2023-11-29	16.42	16.42	16.42	16.42	0
1522	2023-11-30	16.42	16.42	16.42	16.42	0
1523	2023-12-01	16.42	16.42	16.42	16.42	0
1524	2023-12-04	16.42	16.42	16.42	16.42	0
1525	2023-12-05	16.42	16.42	16.42	16.42	0
1526	2023-12-06	16.42	16.42	16.42	16.42	0
1527	2023-12-07	16.42	16.42	16.42	16.42	0
1528	2023-12-08	16.42	16.42	16.42	16.42	0
1529	2023-12-11	16.42	16.42	16.42	16.42	0
1530	2023-12-12	16.42	16.42	16.42	16.42	0
1531	2023-12-13	16.42	16.42	16.42	16.42	0
1532	2023-12-14	16.42	16.42	16.42	16.42	0
1533	2023-12-15	16.42	16.42	16.42	16.42	0
1534	2023-12-18	16.42	16.42	16.42	16.42	0
1535	2023-12-19	16.42	16.42	16.42	16.42	0
1536	2023-12-20	16.42	16.42	16.42	16.42	0
1537	2023-12-21	16.42	16.42	16.42	16.42	0
1538	2023-12-22	16.42	16.42	16.42	16.42	0
1539	2023-12-25	16.42	16.42	16.42	16.42	0
1540	2023-12-26	16.42	16.42	16.42	16.42	2000
1541	2023-12-27	16.42	16.42	16.42	16.42	3000
1542	2023-12-28	16.42	16.42	16.42	16.42	0
1543	2023-12-29	16.42	16.42	16.42	16.42	0
1544	2024-01-02	16.42	16.42	16.42	16.42	0
1545	2024-01-03	16.42	16.42	16.42	16.42	0
1546	2024-01-04	16.42	16.42	16.42	16.42	8100
1547	2024-01-05	16.42	16.42	16.42	16.42	0
1548	2024-01-08	16.42	16.42	16.42	16.42	0
1549	2024-01-09	16.42	16.42	16.42	16.42	0
1550	2024-01-10	16.42	16.42	16.42	16.42	0
1551	2024-01-11	16.42	16.42	16.42	16.42	0
1552	2024-01-12	16.42	16.42	16.42	16.42	0
1553	2024-01-15	16.42	16.42	16.42	16.42	0
1554	2024-01-16	16.42	16.42	16.42	16.42	0
1555	2024-01-17	16.42	16.42	16.42	16.42	0
1556	2024-01-18	16.42	16.42	16.42	16.42	0
1557	2024-01-19	16.42	16.42	16.42	16.42	0
1558	2024-01-22	16.42	16.42	16.42	16.42	0
1559	2024-01-23	16.42	16.42	16.42	16.42	0
1560	2024-01-24	16.42	16.42	16.42	16.42	0
1561	2024-01-25	16.42	16.42	16.42	16.42	0
1562	2024-01-26	16.42	16.42	16.42	16.42	0
1563	2024-01-29	15.45	15.45	15.45	15.45	25300
1564	2024-01-30	15.45	15.45	15.45	15.45	0
1565	2024-01-31	15.45	15.45	15.45	15.45	0
1566	2024-02-01	15.45	15.45	15.45	15.45	0
1567	2024-02-02	15.45	15.45	15.45	15.45	0
1568	2024-02-05	15.45	15.45	15.45	15.45	0
1569	2024-02-06	15.45	15.45	15.45	15.45	0
1570	2024-02-07	15.45	15.45	15.45	15.45	0
1571	2024-02-15	15.45	15.45	15.45	15.45	0
1572	2024-02-16	15.45	15.45	15.45	15.45	0
1573	2024-02-19	15.45	15.45	15.45	15.45	5300
1574	2024-02-20	15.45	15.45	15.45	15.45	0
1575	2024-02-21	15.45	15.45	15.45	15.45	0
1576	2024-02-22	15.45	15.45	15.45	15.45	0
1577	2024-02-23	15.45	15.45	15.45	15.45	6500
1578	2024-02-26	15.45	15.45	15.45	15.45	20000
1579	2024-02-27	15.45	15.45	15.45	15.45	0
1580	2024-02-28	15.45	15.45	15.45	15.45	0
1581	2024-02-29	15.45	15.45	15.45	15.45	0
1582	2024-03-01	15.45	15.45	15.45	15.45	0
1583	2024-03-04	15.45	15.45	15.45	15.45	0
1584	2024-03-05	15.45	15.45	15.45	15.45	0
1585	2024-03-06	15.45	15.45	15.45	15.45	0
1586	2024-03-07	15.45	15.45	15.45	15.45	0
1587	2024-03-08	15.45	15.45	15.45	15.45	0
1588	2024-03-11	15.45	15.45	15.45	15.45	10600
1589	2024-03-12	15.45	15.45	15.45	15.45	0
1590	2024-03-13	15.45	15.45	15.45	15.45	0
1591	2024-03-14	15.45	15.45	15.45	15.45	0
1592	2024-03-15	15.45	15.45	15.45	15.45	0
1593	2024-03-18	15.45	15.45	15.45	15.45	0
1594	2024-03-19	15.45	15.45	15.45	15.45	0
1595	2024-03-20	15.45	15.45	15.45	15.45	0
1596	2024-03-21	15.45	15.45	15.45	15.45	0
1597	2024-03-22	15.45	15.45	15.45	15.45	0
1598	2024-03-25	15.45	15.45	15.45	15.45	0
1599	2024-03-26	15.45	15.45	15.45	15.45	0
1600	2024-03-27	15.45	15.45	15.45	15.45	0
1601	2024-03-28	15.45	15.45	15.45	15.45	0
1602	2024-03-29	15.45	15.45	15.45	15.45	0
1603	2024-04-01	15.45	15.45	15.45	15.45	0
1604	2024-04-02	14.49	14.49	14.49	14.49	17500
1605	2024-04-03	14.49	14.49	14.49	14.49	0
1606	2024-04-04	14.49	14.49	14.49	14.49	0
1607	2024-04-05	15.45	15.45	15.45	15.45	5100
1608	2024-04-08	15.45	15.45	15.45	15.45	0
1609	2024-04-09	15.45	15.45	15.45	15.45	0
1610	2024-04-10	15.45	15.45	15.45	15.45	0
1611	2024-04-11	15.45	15.45	15.45	15.45	0
1612	2024-04-12	15.45	15.45	15.45	15.45	0
1613	2024-04-15	15.45	15.45	15.45	15.45	0
1614	2024-04-16	15.45	15.45	15.45	15.45	0
1615	2024-04-17	15.45	15.45	15.45	15.45	0
1616	2024-04-19	15.45	15.45	15.45	15.45	0
1617	2024-04-22	15.45	15.45	15.45	15.45	0
1618	2024-04-23	15.45	15.45	15.45	15.45	0
1619	2024-04-24	15.45	15.45	15.45	15.45	0
1620	2024-04-25	15.45	15.45	15.45	15.45	0
1621	2024-04-26	15.45	15.45	15.45	15.45	0
1622	2024-05-02	15.45	15.45	15.45	15.45	0
1623	2024-05-03	15.45	15.45	15.45	15.45	0
1624	2024-05-06	15.5	15.5	15.5	15.5	0
1625	2024-05-07	15.5	15.5	15.5	15.5	0
1626	2024-05-08	15.5	15.5	15.5	15.5	0
1627	2024-05-09	15.5	15.5	15.5	15.5	0
1628	2024-05-10	15.5	15.5	15.5	15.5	0
1629	2024-05-13	15.5	15.5	15.5	15.5	0
1630	2024-05-14	15.5	15.5	15.5	15.5	0
1631	2024-05-15	15.5	15.5	15.5	15.5	0
1632	2024-05-16	16.0	16.0	16.0	16.0	8500
1633	2024-05-17	16.0	16.0	16.0	16.0	3600
1634	2024-05-20	16.0	16.0	16.0	16.0	0
1635	2024-05-21	18.3	18.3	18.3	18.3	100
1636	2024-05-22	18.3	18.3	18.3	18.3	0
1637	2024-05-23	18.3	18.3	18.3	18.3	0
1638	2024-05-24	18.3	18.3	18.3	18.3	0
1639	2024-05-27	18.3	18.3	18.3	18.3	0
1640	2024-05-28	18.3	18.3	18.3	18.3	0
1641	2024-05-29	18.3	18.3	18.3	18.3	0
1642	2024-05-30	18.3	18.3	18.3	18.3	0
1643	2024-05-31	18.3	18.3	18.3	18.3	0
1644	2024-06-03	18.3	18.3	18.3	18.3	0
1645	2024-06-04	18.3	18.3	18.3	18.3	0
1646	2024-06-05	18.3	18.3	18.3	18.3	0
1647	2024-06-06	18.3	18.3	18.3	18.3	0
1648	2024-06-07	18.3	18.3	18.3	18.3	0
1649	2024-06-10	18.3	18.3	18.3	18.3	0
1650	2024-06-11	18.3	18.3	18.3	18.3	0
1651	2024-06-12	18.3	18.3	18.3	18.3	0
1652	2024-06-13	18.3	18.3	18.3	18.3	0
1653	2024-06-14	18.3	18.3	18.3	18.3	0
1654	2024-06-17	18.3	18.3	18.3	18.3	0
1655	2024-06-18	18.3	18.3	18.3	18.3	0
1656	2024-06-19	18.3	18.3	18.3	18.3	0
1657	2024-06-20	16.0	16.0	16.0	16.0	2000
1658	2024-06-21	18.3	18.3	18.3	18.3	100
1659	2024-06-24	20.7	20.7	20.7	20.7	100
1660	2024-06-25	20.7	20.7	20.7	20.7	0
1661	2024-06-26	18.0	18.0	18.0	18.0	1000
1662	2024-06-27	16.0	16.0	16.0	16.0	58500
1663	2024-06-28	16.0	16.0	16.0	16.0	0
1664	2024-07-01	16.0	16.0	16.0	16.0	0
1665	2024-07-02	16.0	16.0	16.0	16.0	0
1666	2024-07-03	16.0	16.0	16.0	16.0	0
1667	2024-07-04	16.0	16.0	16.0	16.0	0
1668	2024-07-05	16.0	16.0	16.0	16.0	0
1669	2024-07-08	16.0	16.0	16.0	16.0	0
1670	2024-07-09	16.0	16.0	16.0	16.0	0
1671	2024-07-10	16.0	16.0	16.0	16.0	0
1672	2024-07-11	16.0	16.0	16.0	16.0	0
1673	2024-07-12	16.0	16.0	16.0	16.0	0
1674	2024-07-15	16.0	16.0	16.0	16.0	0
1675	2024-07-16	18.2	18.2	18.2	18.2	100
1676	2024-07-17	20.6	20.6	20.6	20.6	100
1677	2024-07-18	20.6	20.6	20.6	20.6	0
1678	2024-07-19	20.6	20.6	20.6	20.6	0
1679	2024-07-22	20.6	20.6	20.6	20.6	0
1680	2024-07-23	20.6	20.6	20.6	20.6	0
1681	2024-07-24	20.6	20.6	20.6	20.6	0
1682	2024-07-25	20.6	20.6	20.6	20.6	0
1683	2024-08-01	17.6	17.6	17.6	17.6	10000
1684	2024-09-16	17.0	17.0	17.0	17.0	8500
1685	2024-09-23	16.0	16.0	16.0	16.0	9600
1686	2024-10-03	16.0	16.0	16.0	16.0	17500
1687	2024-11-21	18.5	18.5	18.5	18.5	100
1688	2024-12-13	16.0	16.0	16.0	16.0	4500
1689	2025-01-21	17.0	17.0	17.0	17.0	4000
1690	2025-02-24	16.0	16.0	16.0	16.0	2500
1691	2025-03-04	16.0	16.0	16.0	16.0	10000
1692	2025-03-31	16.1	16.1	16.1	16.1	2000
