	time	open	high	low	close	volume
0	2018-12-25	16.31	16.31	16.31	16.31	0
1	2018-12-26	16.31	16.31	16.31	16.31	0
2	2018-12-27	16.31	16.31	16.31	16.31	0
3	2018-12-28	16.31	16.31	16.31	16.31	0
4	2019-01-02	16.31	16.31	16.31	16.31	0
5	2019-01-03	16.31	16.31	16.31	16.31	0
6	2019-01-04	16.31	16.31	16.31	16.31	0
7	2019-01-07	16.31	16.31	16.31	16.31	0
8	2019-01-08	9.83	9.83	9.83	9.83	58000
9	2019-01-09	9.83	9.83	9.83	9.83	0
10	2019-01-10	9.83	9.83	9.83	9.83	0
11	2019-01-11	9.83	9.83	9.83	9.83	0
12	2019-01-14	9.83	9.83	9.83	9.83	0
13	2019-01-15	9.83	9.83	9.83	9.83	0
14	2019-01-16	9.83	9.83	9.83	9.83	0
15	2019-01-17	9.83	9.83	9.83	9.83	0
16	2019-01-18	9.83	9.83	9.83	9.83	0
17	2019-01-21	9.83	9.83	9.83	9.83	0
18	2019-01-22	9.83	9.83	9.83	9.83	0
19	2019-01-23	9.83	9.83	9.83	9.83	0
20	2019-01-24	9.83	9.83	9.83	9.83	0
21	2019-01-25	9.83	9.83	9.83	9.83	0
22	2019-01-28	9.83	9.83	9.83	9.83	0
23	2019-01-29	9.83	9.83	9.83	9.83	0
24	2019-01-30	9.83	9.83	9.83	9.83	0
25	2019-01-31	9.83	9.83	9.83	9.83	0
26	2019-02-01	9.83	9.83	9.83	9.83	0
27	2019-02-11	9.83	9.83	9.83	9.83	0
28	2019-02-12	9.83	9.83	9.83	9.83	0
29	2019-02-13	9.83	9.83	9.83	9.83	0
30	2019-02-14	9.83	9.83	9.83	9.83	0
31	2019-02-15	9.83	9.83	9.83	9.83	0
32	2019-02-18	9.83	9.83	9.83	9.83	0
33	2019-02-19	9.83	9.83	9.83	9.83	0
34	2019-02-20	9.83	9.83	9.83	9.83	0
35	2019-02-21	9.83	9.83	9.83	9.83	0
36	2019-02-22	9.83	9.83	9.83	9.83	0
37	2019-02-25	13.7	13.7	13.7	13.7	100
38	2019-02-26	13.7	13.7	13.7	13.7	0
39	2019-02-27	13.7	13.7	13.7	13.7	0
40	2019-02-28	13.7	13.7	13.7	13.7	0
41	2019-03-01	13.7	13.7	13.7	13.7	0
42	2019-03-04	13.7	13.7	13.7	13.7	0
43	2019-03-05	13.7	13.7	13.7	13.7	0
44	2019-03-06	13.7	13.7	13.7	13.7	0
45	2019-03-07	13.7	13.7	13.7	13.7	0
46	2019-03-08	13.7	13.7	13.7	13.7	0
47	2019-03-11	13.7	13.7	13.7	13.7	0
48	2019-03-12	13.7	13.7	13.7	13.7	0
49	2019-03-13	13.7	13.7	13.7	13.7	0
50	2019-03-14	13.7	13.7	13.7	13.7	0
51	2019-03-15	13.7	13.7	13.7	13.7	0
52	2019-03-18	13.7	13.7	13.7	13.7	0
53	2019-03-19	13.7	13.7	13.7	13.7	0
54	2019-03-20	13.7	13.7	13.7	13.7	0
55	2019-03-21	13.7	13.7	13.7	13.7	0
56	2019-03-22	13.7	13.7	13.7	13.7	0
57	2019-03-25	13.7	13.7	13.7	13.7	0
58	2019-03-26	13.7	13.7	13.7	13.7	0
59	2019-03-27	13.7	13.7	13.7	13.7	0
60	2019-03-28	13.7	13.7	13.7	13.7	0
61	2019-03-29	13.7	13.7	13.7	13.7	0
62	2019-04-01	13.7	13.7	13.7	13.7	0
63	2019-04-02	13.7	13.7	13.7	13.7	0
64	2019-04-03	13.7	13.7	13.7	13.7	0
65	2019-04-04	13.7	13.7	13.7	13.7	0
66	2019-04-05	13.7	13.7	13.7	13.7	0
67	2019-04-08	13.7	13.7	13.7	13.7	0
68	2019-04-09	13.7	13.7	13.7	13.7	0
69	2019-04-10	13.7	13.7	13.7	13.7	0
70	2019-04-11	16.71	16.71	16.71	16.71	2900
71	2019-04-12	16.71	16.71	16.71	16.71	0
72	2019-04-16	16.71	16.71	16.71	16.71	0
73	2019-04-17	16.71	16.71	16.71	16.71	0
74	2019-04-18	16.71	16.71	16.71	16.71	0
75	2019-04-19	16.71	16.71	16.71	16.71	0
76	2019-04-22	16.71	16.71	16.71	16.71	0
77	2019-04-23	16.71	16.71	16.71	16.71	0
78	2019-04-24	16.71	16.71	16.71	16.71	0
79	2019-04-25	16.71	16.71	16.71	16.71	0
80	2019-04-26	16.71	16.71	16.71	16.71	0
81	2019-05-02	16.71	16.71	16.71	16.71	0
82	2019-05-03	16.71	16.71	16.71	16.71	0
83	2019-05-06	16.71	16.71	16.71	16.71	0
84	2019-05-07	16.71	16.71	16.71	16.71	0
85	2019-05-08	16.71	16.71	16.71	16.71	0
86	2019-05-09	16.71	16.71	16.71	16.71	0
87	2019-05-10	16.71	16.71	16.71	16.71	0
88	2019-05-13	16.71	16.71	16.71	16.71	0
89	2019-05-14	16.71	17.78	17.78	17.78	0
90	2019-05-15	16.71	17.78	17.78	17.78	0
91	2019-05-16	16.71	17.78	17.78	17.78	0
92	2019-05-17	16.71	17.78	17.78	17.78	0
93	2019-05-20	16.71	17.78	17.78	17.78	0
94	2019-05-21	16.71	17.78	17.78	17.78	0
95	2019-05-22	16.71	17.78	17.78	17.78	0
96	2019-05-23	16.71	17.78	17.78	17.78	0
97	2019-05-24	16.71	17.78	17.78	17.78	0
98	2019-05-27	16.71	17.78	17.78	17.78	0
99	2019-05-28	16.71	17.78	17.78	17.78	0
100	2019-05-29	16.71	17.78	17.78	17.78	0
101	2019-05-30	16.71	17.78	17.78	17.78	0
102	2019-05-31	16.71	17.78	17.78	17.78	0
103	2019-06-03	16.71	17.78	17.78	17.78	0
104	2019-06-04	16.71	16.71	16.71	17.78	6
105	2019-06-05	16.71	17.78	17.78	17.78	0
106	2019-06-06	16.71	17.78	17.78	17.78	0
107	2019-06-07	16.71	17.78	17.78	17.78	0
108	2019-06-10	16.71	17.78	17.78	17.78	0
109	2019-06-11	16.71	17.78	17.78	17.78	0
110	2019-06-12	16.71	17.78	17.78	17.78	0
111	2019-06-13	16.71	17.78	17.78	17.78	0
112	2019-06-14	16.71	17.78	17.78	17.78	0
113	2019-06-17	16.71	17.78	17.78	17.78	0
114	2019-06-18	16.71	17.78	17.78	17.78	0
115	2019-06-19	16.71	17.78	17.78	17.78	0
116	2019-06-20	16.71	16.71	16.71	16.71	0
117	2019-06-21	16.71	16.71	16.71	16.71	0
118	2019-06-24	16.71	17.78	17.78	17.78	0
119	2019-06-25	16.71	17.78	17.78	17.78	0
120	2019-06-26	16.71	17.78	17.78	17.78	0
121	2019-06-27	16.71	17.78	17.78	17.78	0
122	2019-06-28	16.71	17.78	17.78	17.78	0
123	2019-07-01	16.71	17.78	17.78	17.78	0
124	2019-07-02	16.71	17.78	17.78	17.78	0
125	2019-07-03	16.71	17.78	17.78	17.78	0
126	2019-07-04	16.71	16.71	16.71	16.71	0
127	2019-07-05	16.71	17.78	17.78	17.78	0
128	2019-07-08	16.71	17.78	17.78	17.78	0
129	2019-07-09	16.71	17.78	17.78	17.78	0
130	2019-07-10	16.71	17.78	17.78	17.78	0
131	2019-07-11	16.71	17.78	17.78	17.78	0
132	2019-07-12	16.71	17.78	17.78	17.78	0
133	2019-07-15	16.71	17.78	17.78	17.78	0
134	2019-07-16	16.71	17.78	17.78	17.78	0
135	2019-07-17	16.71	17.78	17.78	17.78	0
136	2019-07-18	16.71	17.78	17.78	17.78	0
137	2019-07-19	16.71	17.78	17.78	17.78	0
138	2019-07-22	16.71	17.78	17.78	17.78	0
139	2019-07-23	16.71	17.78	17.78	17.78	0
140	2019-07-24	16.71	17.78	17.78	17.78	0
141	2019-07-25	16.71	17.78	17.78	17.78	0
142	2019-07-26	16.71	17.78	17.78	17.78	0
143	2019-07-29	16.71	17.78	17.78	17.78	0
144	2019-07-30	16.71	17.78	17.78	17.78	0
145	2019-07-31	16.71	17.78	17.78	17.78	0
146	2019-08-01	16.71	17.78	17.78	17.78	0
147	2019-08-02	16.71	17.78	17.78	17.78	0
148	2019-08-05	16.71	17.78	17.78	17.78	0
149	2019-08-06	16.71	17.78	17.78	17.78	0
150	2019-08-07	16.71	17.78	17.78	17.78	0
151	2019-08-08	16.71	17.78	17.78	17.78	0
152	2019-08-09	16.71	17.78	17.78	17.78	0
153	2019-08-12	16.71	17.78	17.78	17.78	0
154	2019-08-13	16.71	17.78	17.78	17.78	0
155	2019-08-14	16.71	17.78	17.78	17.78	0
156	2019-08-15	16.71	17.78	17.78	17.78	0
157	2019-08-16	16.71	17.78	17.78	17.78	0
158	2019-08-19	16.71	17.78	17.78	17.78	0
159	2019-08-20	16.71	17.78	17.78	17.78	0
160	2019-08-21	16.71	17.78	17.78	17.78	0
161	2019-08-22	16.71	17.78	17.78	17.78	0
162	2019-08-23	16.71	17.78	17.78	17.78	0
163	2019-08-26	16.71	17.78	17.78	17.78	0
164	2019-08-27	16.71	17.78	17.78	17.78	0
165	2019-08-28	16.71	17.78	17.78	17.78	0
166	2019-08-29	16.71	17.78	17.78	17.78	0
167	2019-08-30	16.71	17.78	17.78	17.78	0
168	2019-09-03	16.71	17.78	17.78	17.78	0
169	2019-09-04	16.71	17.78	17.78	17.78	0
170	2019-09-05	16.71	17.78	17.78	17.78	0
171	2019-09-06	16.71	17.78	17.78	17.78	0
172	2019-09-09	16.71	17.78	17.78	17.78	0
173	2019-09-10	16.71	17.78	17.78	17.78	0
174	2019-09-11	16.71	17.78	17.78	17.78	0
175	2019-09-12	16.71	17.78	17.78	17.78	0
176	2019-09-13	16.71	17.78	17.78	17.78	0
177	2019-09-16	16.71	17.78	17.78	17.78	0
178	2019-09-17	16.71	17.78	17.78	17.78	0
179	2019-09-18	16.71	17.78	17.78	17.78	0
180	2019-09-19	16.71	17.78	17.78	17.78	0
181	2019-09-20	16.71	17.78	17.78	17.78	0
182	2019-09-23	16.71	17.78	17.78	17.78	0
183	2019-09-24	16.71	17.78	17.78	17.78	0
184	2019-09-25	16.71	17.78	17.78	17.78	0
185	2019-09-26	16.71	17.78	17.78	17.78	0
186	2019-09-27	16.71	17.78	17.78	17.78	0
187	2019-09-30	16.71	17.78	17.78	17.78	0
188	2019-10-01	16.71	17.78	17.78	17.78	0
189	2019-10-02	16.71	17.78	17.78	17.78	0
190	2019-10-03	16.71	17.78	17.78	17.78	0
191	2019-10-04	16.71	17.78	17.78	17.78	0
192	2019-10-07	16.71	17.78	17.78	17.78	0
193	2019-10-08	16.71	17.78	17.78	17.78	0
194	2019-10-09	16.71	17.78	17.78	17.78	0
195	2019-10-10	16.71	17.78	17.78	17.78	0
196	2019-10-11	16.71	17.78	17.78	17.78	0
197	2019-10-14	16.71	17.78	17.78	17.78	0
198	2019-10-15	16.71	16.71	16.71	16.71	0
199	2019-10-16	16.71	17.78	17.78	17.78	0
200	2019-10-17	16.71	17.78	17.78	17.78	0
201	2019-10-18	16.71	17.78	17.78	17.78	0
202	2019-10-21	16.71	17.78	17.78	17.78	0
203	2019-10-22	16.71	17.78	17.78	17.78	0
204	2019-10-23	16.71	17.78	17.78	17.78	0
205	2019-10-24	16.71	17.78	17.78	17.78	0
206	2019-10-25	16.71	17.78	17.78	17.78	0
207	2019-10-28	16.71	17.78	17.78	17.78	0
208	2019-10-29	16.71	17.78	17.78	17.78	0
209	2019-10-30	16.71	17.78	17.78	17.78	0
210	2019-10-31	16.71	16.71	16.71	16.71	0
211	2019-11-01	16.71	17.78	17.78	17.78	0
212	2019-11-04	16.71	17.78	17.78	17.78	0
213	2019-11-05	16.71	17.78	17.78	17.78	0
214	2019-11-06	16.71	17.78	17.78	17.78	0
215	2019-11-07	16.71	17.78	17.78	17.78	0
216	2019-11-08	16.71	17.78	17.78	17.78	0
217	2019-11-11	16.71	17.78	17.78	17.78	0
218	2019-11-12	16.71	17.78	17.78	17.78	0
219	2019-11-13	16.71	17.78	17.78	17.78	0
220	2019-11-14	16.71	17.78	17.78	17.78	0
221	2019-11-15	16.71	16.71	16.71	16.71	100
222	2019-11-18	16.71	16.71	16.71	16.71	0
223	2019-11-19	16.71	16.71	16.71	16.71	0
224	2019-11-20	16.71	16.71	16.71	16.71	0
225	2019-11-21	16.71	16.71	16.71	16.71	0
226	2019-11-22	16.71	16.71	16.71	16.71	0
227	2019-11-25	16.71	16.71	16.71	16.71	0
228	2019-11-26	16.71	16.71	16.71	16.71	0
229	2019-11-27	16.71	16.71	16.71	16.71	0
230	2019-11-28	16.71	16.71	16.71	16.71	0
231	2019-11-29	16.71	16.71	16.71	16.71	0
232	2019-12-02	16.71	16.71	16.71	16.71	0
233	2019-12-03	16.71	16.71	16.71	16.71	0
234	2019-12-04	16.71	16.71	16.71	16.71	0
235	2019-12-05	16.71	16.71	16.71	16.71	0
236	2019-12-06	16.71	16.71	16.71	16.71	0
237	2019-12-09	16.71	16.71	16.71	16.71	0
238	2019-12-10	16.71	16.71	16.71	16.71	0
239	2019-12-11	16.71	16.71	16.71	16.71	0
240	2019-12-12	16.71	16.71	16.71	16.71	0
241	2019-12-13	16.71	16.71	16.71	16.71	0
242	2019-12-16	16.71	16.71	16.71	16.71	0
243	2019-12-17	16.71	16.71	16.71	16.71	0
244	2019-12-18	16.71	16.71	16.71	16.71	0
245	2019-12-19	16.71	16.71	16.71	16.71	0
246	2019-12-20	16.71	16.71	16.71	16.71	0
247	2019-12-23	16.71	16.71	16.71	16.71	0
248	2019-12-24	16.71	16.71	16.71	16.71	0
249	2019-12-25	16.71	16.71	16.71	16.71	0
250	2019-12-26	16.71	16.71	16.71	16.71	0
251	2019-12-27	16.71	16.71	16.71	16.71	0
252	2019-12-30	16.71	16.71	16.71	16.71	0
253	2019-12-31	16.71	16.71	16.71	16.71	0
254	2020-01-02	21.33	21.33	21.33	21.33	1800
255	2020-01-03	21.33	21.33	21.33	21.33	0
256	2020-01-06	21.33	21.33	21.33	21.33	0
257	2020-01-07	18.13	18.13	18.13	18.13	1000
258	2020-01-08	18.13	18.13	18.13	18.13	0
259	2020-01-09	18.13	18.13	18.13	18.13	0
260	2020-01-10	18.13	18.13	18.13	18.13	0
261	2020-01-13	18.13	18.13	18.13	18.13	0
262	2020-01-14	18.13	18.13	18.13	18.13	0
263	2020-01-15	18.13	18.13	18.13	18.13	0
264	2020-01-16	18.13	18.13	18.13	18.13	0
265	2020-01-17	18.13	18.13	18.13	18.13	0
266	2020-01-20	18.13	18.13	18.13	18.13	0
267	2020-01-21	18.13	18.13	18.13	18.13	0
268	2020-01-22	19.91	19.91	19.91	19.91	3000
269	2020-01-30	19.91	19.91	19.91	19.91	0
270	2020-01-31	19.91	19.91	19.91	19.91	0
271	2020-02-03	19.91	19.91	19.91	19.91	0
272	2020-02-04	19.91	19.91	19.91	19.91	0
273	2020-02-05	19.91	19.91	19.91	19.91	0
274	2020-02-06	19.91	19.91	19.91	19.91	0
275	2020-02-07	19.91	19.91	19.91	19.91	0
276	2020-02-10	19.91	19.91	19.91	19.91	0
277	2020-02-11	19.91	19.91	19.91	19.91	0
278	2020-02-12	19.91	19.91	19.91	19.91	0
279	2020-02-13	19.91	19.91	19.91	19.91	0
280	2020-02-14	19.91	19.91	19.91	19.91	0
281	2020-02-17	19.91	19.91	19.91	19.91	0
282	2020-02-18	19.91	19.91	19.91	19.91	0
283	2020-02-19	19.91	19.91	19.91	19.91	0
284	2020-02-20	19.91	19.91	19.91	19.91	0
285	2020-02-21	19.91	19.91	19.91	19.91	0
286	2020-02-24	19.91	19.91	19.91	19.91	0
287	2020-02-25	19.91	19.91	19.91	19.91	0
288	2020-02-26	19.91	19.91	19.91	19.91	0
289	2020-02-27	19.91	19.91	19.91	19.91	0
290	2020-02-28	19.91	19.91	19.91	19.91	0
291	2020-03-02	19.91	19.91	19.91	19.91	0
292	2020-03-03	19.91	19.91	19.91	19.91	0
293	2020-03-04	19.91	19.91	19.91	19.91	0
294	2020-03-05	19.91	19.91	19.91	19.91	0
295	2020-03-06	19.91	19.91	19.91	19.91	0
296	2020-03-09	19.91	19.91	19.91	19.91	200
297	2020-03-10	19.91	19.91	19.91	19.91	0
298	2020-03-11	19.91	19.91	19.91	19.91	0
299	2020-03-12	19.91	19.91	19.91	19.91	0
300	2020-03-13	19.91	19.91	19.91	19.91	0
301	2020-03-16	19.91	19.91	19.91	19.91	0
302	2020-03-17	19.91	19.91	19.91	19.91	0
303	2020-03-18	19.91	19.91	19.91	19.91	0
304	2020-03-19	19.91	19.91	19.91	19.91	0
305	2020-03-20	19.91	19.91	19.91	19.91	0
306	2020-03-23	19.91	19.91	19.91	19.91	0
307	2020-03-24	19.91	19.91	19.91	19.91	0
308	2020-03-25	19.91	19.91	19.91	19.91	0
309	2020-03-26	19.91	19.91	19.91	19.91	0
310	2020-03-27	19.91	19.91	19.91	19.91	0
311	2020-03-30	19.91	19.91	19.91	19.91	0
312	2020-03-31	19.91	19.91	19.91	19.91	0
313	2020-04-01	19.91	19.91	19.91	19.91	0
314	2020-04-03	19.91	19.91	19.91	19.91	0
315	2020-04-06	19.91	19.91	19.91	19.91	0
316	2020-04-07	19.91	19.91	19.91	19.91	0
317	2020-04-08	19.91	19.91	19.91	19.91	0
318	2020-04-09	19.91	19.91	19.91	19.91	0
319	2020-04-10	19.91	19.91	19.91	19.91	0
320	2020-04-13	19.91	19.91	19.91	19.91	0
321	2020-04-14	19.91	19.91	19.91	19.91	0
322	2020-04-15	19.91	19.91	19.91	19.91	0
323	2020-04-16	19.91	19.91	19.91	19.91	0
324	2020-04-17	19.91	19.91	19.91	19.91	0
325	2020-04-20	19.91	19.91	19.91	19.91	0
326	2020-04-21	19.91	19.91	19.91	19.91	0
327	2020-04-22	19.91	19.91	19.91	19.91	0
328	2020-04-23	19.91	19.91	19.91	19.91	0
329	2020-04-24	19.91	19.91	19.91	19.91	0
330	2020-04-27	19.91	19.91	19.91	19.91	0
331	2020-04-28	19.91	19.91	19.91	19.91	0
332	2020-04-29	19.91	19.91	19.91	19.91	0
333	2020-05-04	19.91	19.91	19.91	19.91	0
334	2020-05-05	19.91	19.91	19.91	19.91	0
335	2020-05-06	19.91	19.91	19.91	19.91	0
336	2020-05-07	19.91	19.91	19.91	19.91	0
337	2020-05-08	20.27	20.27	20.27	20.27	100
338	2020-05-11	20.27	20.27	20.27	20.27	0
339	2020-05-12	20.27	20.27	20.27	20.27	0
340	2020-05-13	20.27	20.27	20.27	20.27	8
341	2020-05-14	20.27	20.27	20.27	20.27	0
342	2020-05-15	20.27	20.27	20.27	20.27	0
343	2020-05-18	20.27	20.27	20.27	20.27	0
344	2020-05-19	20.27	20.27	20.27	20.27	0
345	2020-05-20	20.27	20.27	20.27	20.27	0
346	2020-05-21	20.27	20.27	20.27	20.27	0
347	2020-05-22	20.27	20.27	20.27	20.27	0
348	2020-05-25	20.27	20.27	20.27	20.27	0
349	2020-05-26	20.27	20.27	20.27	20.27	0
350	2020-05-27	20.27	20.27	20.27	20.27	0
351	2020-05-28	20.27	20.27	20.27	20.27	0
352	2020-05-29	20.27	20.27	20.27	20.27	0
353	2020-06-01	20.27	20.27	20.27	20.27	0
354	2020-06-02	20.27	20.27	20.27	20.27	0
355	2020-06-03	20.27	20.27	20.27	20.27	0
356	2020-06-04	20.27	20.27	20.27	20.27	0
357	2020-06-05	20.27	20.27	20.27	20.27	0
358	2020-06-08	20.27	20.27	20.27	20.27	0
359	2020-06-09	20.27	20.27	20.27	20.27	0
360	2020-06-10	20.27	20.27	20.27	20.27	0
361	2020-06-11	20.27	20.27	20.27	20.27	0
362	2020-06-12	20.27	20.27	20.27	20.27	0
363	2020-06-15	20.27	20.27	20.27	20.27	0
364	2020-06-16	20.27	20.27	20.27	20.27	0
365	2020-06-17	20.27	20.27	20.27	20.27	0
366	2020-06-18	20.27	20.27	20.27	20.27	0
367	2020-06-19	20.27	20.27	20.27	20.27	0
368	2020-06-22	20.27	20.27	20.27	20.27	0
369	2020-06-23	20.27	21.39	21.39	21.39	0
370	2020-06-24	20.27	21.39	21.39	21.39	0
371	2020-06-25	20.27	21.39	21.39	21.39	0
372	2020-06-26	20.27	21.39	21.39	21.39	0
373	2020-06-29	20.27	21.39	21.39	21.39	0
374	2020-06-30	20.27	21.39	21.39	21.39	0
375	2020-07-01	20.27	21.39	21.39	21.39	0
376	2020-07-02	20.27	21.39	21.39	21.39	0
377	2020-07-03	20.27	21.39	21.39	21.39	0
378	2020-07-06	20.27	21.39	21.39	21.39	0
379	2020-07-07	20.27	21.39	21.39	21.39	0
380	2020-07-08	20.27	21.39	21.39	21.39	0
381	2020-07-09	20.27	21.39	21.39	21.39	0
382	2020-07-10	20.27	21.39	21.39	21.39	0
383	2020-07-13	20.27	21.39	21.39	21.39	0
384	2020-07-14	21.02	21.02	21.02	21.02	800
385	2020-07-15	21.02	21.02	21.02	21.02	0
386	2020-07-16	21.02	21.02	21.02	21.02	0
387	2020-07-17	21.02	21.02	21.02	21.02	0
388	2020-07-20	21.02	21.02	21.02	21.02	0
389	2020-07-21	21.02	21.02	21.02	21.02	0
390	2020-07-22	21.02	21.02	21.02	21.02	0
391	2020-07-23	21.02	21.02	21.02	21.02	0
392	2020-07-24	21.02	21.02	21.02	21.02	1000
393	2020-07-27	21.02	21.02	21.02	21.02	0
394	2020-07-28	21.02	21.02	21.02	21.02	1000
395	2020-07-29	21.02	21.02	21.02	21.02	0
396	2020-07-30	21.02	21.02	21.02	21.02	0
397	2020-07-31	21.02	21.02	21.02	21.02	0
398	2020-08-03	21.02	21.02	21.02	21.02	0
399	2020-08-04	21.02	21.02	21.02	21.02	0
400	2020-08-05	21.02	21.02	21.02	21.02	0
401	2020-08-06	21.02	21.02	21.02	21.02	0
402	2020-08-07	21.02	21.02	21.02	21.02	0
403	2020-08-10	21.02	21.02	21.02	21.02	0
404	2020-08-11	21.02	21.02	21.02	21.02	0
405	2020-08-12	21.02	21.02	21.02	21.02	0
406	2020-08-13	21.02	21.02	21.02	21.02	0
407	2020-08-14	21.02	21.02	21.02	21.02	0
408	2020-08-17	21.02	21.02	21.02	21.02	0
409	2020-08-18	21.02	21.02	21.02	21.02	0
410	2020-08-19	21.02	21.02	21.02	21.02	0
411	2020-08-20	21.02	21.02	21.02	21.02	0
412	2020-08-21	21.02	21.02	21.02	21.02	0
413	2020-08-24	21.02	21.02	21.02	21.02	0
414	2020-08-25	21.02	21.02	21.02	21.02	0
415	2020-08-26	21.02	21.02	21.02	21.02	0
416	2020-08-27	21.02	21.02	21.02	21.02	0
417	2020-08-28	21.02	21.02	21.02	21.02	0
418	2020-08-31	21.02	21.02	21.02	21.02	0
419	2020-09-01	21.02	21.02	21.02	21.02	0
420	2020-09-03	21.02	21.02	21.02	21.02	0
421	2020-09-04	21.02	21.02	21.02	21.02	0
422	2020-09-07	21.02	21.02	21.02	21.02	0
423	2020-09-08	21.02	21.02	21.02	21.02	0
424	2020-09-09	21.02	21.02	21.02	21.02	0
425	2020-09-10	21.02	21.02	21.02	21.02	0
426	2020-09-11	21.02	21.02	21.02	21.02	0
427	2020-09-14	21.02	21.02	21.02	21.02	0
428	2020-09-15	21.02	21.02	21.02	21.02	0
429	2020-09-16	21.02	21.02	21.02	21.02	0
430	2020-09-17	21.02	21.02	21.02	21.02	0
431	2020-09-18	21.02	21.02	21.02	21.02	0
432	2020-09-21	21.02	21.02	21.02	21.02	0
433	2020-09-22	21.02	21.02	21.02	21.02	0
434	2020-09-23	21.02	21.02	21.02	21.02	0
435	2020-09-24	21.02	21.02	21.02	21.02	0
436	2020-09-25	21.02	21.02	21.02	21.02	0
437	2020-09-28	21.02	21.02	21.02	21.02	0
438	2020-09-29	21.02	21.02	21.02	21.02	0
439	2020-09-30	21.02	21.02	21.02	21.02	0
440	2020-10-01	21.02	21.02	21.02	21.02	0
441	2020-10-02	21.02	21.02	21.02	21.02	0
442	2020-10-05	21.02	21.02	21.02	21.02	0
443	2020-10-06	21.02	21.02	21.02	21.02	0
444	2020-10-07	21.02	21.02	21.02	21.02	0
445	2020-10-08	21.02	21.02	21.02	21.02	0
446	2020-10-09	21.02	21.02	21.02	21.02	0
447	2020-10-12	21.02	21.02	21.02	21.02	0
448	2020-10-13	21.02	21.02	21.02	21.02	0
449	2020-10-14	21.02	21.02	21.02	21.02	0
450	2020-10-15	21.02	21.02	21.02	21.02	0
451	2020-10-16	21.02	21.02	21.02	21.02	0
452	2020-10-19	21.02	21.02	21.02	21.02	0
453	2020-10-20	21.02	21.02	21.02	21.02	0
454	2020-10-21	21.02	21.02	21.02	21.02	0
455	2020-10-22	21.02	21.02	21.02	21.02	0
456	2020-10-23	21.02	21.02	21.02	21.02	0
457	2020-10-26	21.02	21.02	21.02	21.02	0
458	2020-10-27	21.02	21.02	21.02	21.02	0
459	2020-10-28	21.02	21.02	21.02	21.02	0
460	2020-10-29	21.02	21.02	21.02	21.02	0
461	2020-10-30	21.02	21.02	21.02	21.02	0
462	2020-11-02	21.02	21.02	21.02	21.02	0
463	2020-11-03	21.02	21.02	21.02	21.02	0
464	2020-11-04	21.02	21.02	21.02	21.02	0
465	2020-11-05	21.02	21.02	21.02	21.02	0
466	2020-11-06	21.02	21.02	21.02	21.02	0
467	2020-11-09	21.02	21.02	21.02	21.02	0
468	2020-11-10	21.02	21.02	21.02	21.02	0
469	2020-11-11	21.02	21.02	21.02	21.02	0
470	2020-11-12	21.02	21.02	21.02	21.02	0
471	2020-11-13	21.02	21.02	21.02	21.02	0
472	2020-11-16	21.02	21.02	21.02	21.02	0
473	2020-11-17	21.02	21.02	21.02	21.02	0
474	2020-11-18	21.02	21.02	21.02	21.02	0
475	2020-11-19	21.02	21.02	21.02	21.02	0
476	2020-11-20	21.02	21.02	21.02	21.02	0
477	2020-11-23	21.02	21.02	21.02	21.02	0
478	2020-11-24	21.02	21.02	21.02	21.02	0
479	2020-11-25	21.02	21.02	21.02	21.02	0
480	2020-11-26	21.02	21.02	21.02	21.02	0
481	2020-11-27	21.02	21.02	21.02	21.02	0
482	2020-11-30	21.02	21.02	21.02	21.02	0
483	2020-12-01	21.02	21.02	21.02	21.02	0
484	2020-12-02	21.02	21.02	21.02	21.02	0
485	2020-12-03	21.02	21.02	21.02	21.02	0
486	2020-12-04	21.02	21.02	21.02	21.02	0
487	2020-12-07	21.02	21.02	21.02	21.02	0
488	2020-12-08	21.02	21.02	21.02	21.02	0
489	2020-12-09	21.02	21.02	21.02	21.02	0
490	2020-12-10	21.02	21.02	21.02	21.02	0
491	2020-12-11	21.02	21.02	21.02	21.02	0
492	2020-12-14	21.02	21.02	21.02	21.02	0
493	2020-12-15	21.02	21.02	21.02	21.02	0
494	2020-12-16	21.02	21.02	21.02	21.02	0
495	2020-12-17	21.02	21.02	21.02	21.02	0
496	2020-12-18	21.02	21.02	21.02	21.02	0
497	2020-12-21	21.02	21.02	21.02	21.02	0
498	2020-12-22	21.02	21.02	21.02	21.02	0
499	2020-12-23	21.02	21.02	21.02	21.02	0
500	2020-12-24	21.02	21.02	21.02	21.02	0
501	2020-12-25	21.02	21.02	21.02	21.02	0
502	2020-12-28	21.02	21.02	21.02	21.02	0
503	2020-12-29	21.02	21.02	21.02	21.02	0
504	2020-12-30	21.02	21.02	21.02	21.02	0
505	2020-12-31	21.02	21.02	21.02	21.02	0
506	2021-01-04	21.02	21.02	21.02	21.02	0
507	2021-01-05	21.02	21.02	21.02	21.02	0
508	2021-01-06	21.02	21.02	21.02	21.02	0
509	2021-01-07	21.02	21.02	21.02	21.02	0
510	2021-01-08	21.02	21.02	21.02	21.02	0
511	2021-01-11	21.02	21.02	21.02	21.02	0
512	2021-01-12	21.02	21.02	21.02	21.02	0
513	2021-01-13	21.02	21.02	21.02	21.02	0
514	2021-01-14	21.02	21.02	21.02	21.02	0
515	2021-01-15	21.02	21.02	21.02	21.02	0
516	2021-01-18	21.02	21.02	21.02	21.02	0
517	2021-01-19	21.02	21.02	21.02	21.02	0
518	2021-01-20	21.02	21.02	21.02	21.02	0
519	2021-01-21	21.02	21.02	21.02	21.02	0
520	2021-01-22	21.02	21.02	21.02	21.02	0
521	2021-01-25	21.02	21.02	21.02	21.02	0
522	2021-01-26	21.02	21.02	21.02	21.02	0
523	2021-01-27	21.02	21.02	21.02	21.02	0
524	2021-01-28	21.02	21.02	21.02	21.02	0
525	2021-01-29	21.02	21.02	21.02	21.02	0
526	2021-02-01	21.02	21.02	21.02	21.02	0
527	2021-02-02	21.02	21.02	21.02	21.02	0
528	2021-02-03	21.02	21.02	21.02	21.02	0
529	2021-02-04	21.02	21.02	21.02	21.02	0
530	2021-02-05	21.02	21.02	21.02	21.02	0
531	2021-02-08	21.02	21.02	21.02	21.02	0
532	2021-02-09	21.02	21.02	21.02	21.02	0
533	2021-02-17	21.02	21.02	21.02	21.02	0
534	2021-02-18	21.02	21.02	21.02	21.02	0
535	2021-02-19	21.02	21.02	21.02	21.02	0
536	2021-02-22	21.02	21.02	21.02	21.02	0
537	2021-02-23	21.02	21.02	21.02	21.02	0
538	2021-02-24	21.02	21.02	21.02	21.02	0
539	2021-02-25	21.02	21.02	21.02	21.02	0
540	2021-02-26	21.02	21.02	21.02	21.02	0
541	2021-03-01	21.02	21.02	21.02	21.02	0
542	2021-03-02	21.02	21.02	21.02	21.02	0
543	2021-03-03	21.02	21.02	21.02	21.02	0
544	2021-03-04	21.02	21.02	21.02	21.02	0
545	2021-03-05	21.02	21.02	21.02	21.02	0
546	2021-03-08	21.02	21.02	21.02	21.02	0
547	2021-03-09	21.02	21.02	21.02	21.02	0
548	2021-03-10	21.02	21.02	21.02	21.02	0
549	2021-03-11	21.02	21.02	21.02	21.02	0
550	2021-03-12	21.02	21.02	21.02	21.02	0
551	2021-03-15	21.02	21.02	21.02	21.02	0
552	2021-03-16	21.02	21.02	21.02	21.02	0
553	2021-03-17	21.02	21.02	21.02	21.02	0
554	2021-03-18	21.02	21.02	21.02	21.02	0
555	2021-03-19	21.02	21.02	21.02	21.02	0
556	2021-03-22	21.02	21.02	21.02	21.02	0
557	2021-03-23	21.02	21.02	21.02	21.02	0
558	2021-03-24	21.02	21.02	21.02	21.02	0
559	2021-03-25	21.02	21.02	21.02	21.02	0
560	2021-03-26	21.02	21.02	21.02	21.02	0
561	2021-03-29	21.02	21.02	21.02	21.02	0
562	2021-03-30	21.02	21.02	21.02	21.02	0
563	2021-03-31	21.02	21.02	21.02	21.02	0
564	2021-04-01	21.02	21.02	21.02	21.02	0
565	2021-04-02	21.02	21.02	21.02	21.02	0
566	2021-04-05	21.02	21.02	21.02	21.02	0
567	2021-04-06	21.02	21.02	21.02	21.02	1000
568	2021-04-07	21.02	21.02	21.02	21.02	0
569	2021-04-08	21.02	21.02	21.02	21.02	0
570	2021-04-09	21.02	21.02	21.02	21.02	0
571	2021-04-12	21.02	21.02	21.02	21.02	0
572	2021-04-13	21.02	21.02	21.02	21.02	0
573	2021-04-14	21.02	21.02	21.02	21.02	0
574	2021-04-15	21.02	21.02	21.02	21.02	0
575	2021-04-16	21.02	21.02	21.02	21.02	0
576	2021-04-19	21.02	21.02	21.02	21.02	0
577	2021-04-20	21.02	21.02	21.02	21.02	0
578	2021-04-22	21.02	21.02	21.02	21.02	0
579	2021-04-23	21.02	21.02	21.02	21.02	0
580	2021-04-26	21.02	21.02	21.02	21.02	0
581	2021-04-27	21.02	21.02	21.02	21.02	0
582	2021-04-28	21.02	21.02	21.02	21.02	0
583	2021-04-29	21.02	21.02	21.02	21.02	0
584	2021-05-04	21.02	21.02	21.02	21.02	0
585	2021-05-05	21.02	21.02	21.02	21.02	0
586	2021-05-06	21.02	21.02	21.02	21.02	0
587	2021-05-07	21.02	21.02	21.02	21.02	0
588	2021-05-10	21.02	21.02	21.02	21.02	0
589	2021-05-11	21.02	21.02	21.02	21.02	0
590	2021-05-12	21.02	21.02	21.02	21.02	0
591	2021-05-13	21.02	21.02	21.02	21.02	0
592	2021-05-14	21.02	21.02	21.02	21.02	0
593	2021-05-17	21.02	21.02	21.02	21.02	0
594	2021-05-18	21.02	21.02	21.02	21.02	0
595	2021-05-19	21.02	21.02	21.02	21.02	0
596	2021-05-20	21.02	21.02	21.02	21.02	0
597	2021-05-21	21.02	21.02	21.02	21.02	0
598	2021-05-24	21.02	21.02	21.02	21.02	0
599	2021-05-25	21.02	21.02	21.02	21.02	0
600	2021-05-26	21.02	21.02	21.02	21.02	0
601	2021-05-27	21.02	21.02	21.02	21.02	0
602	2021-05-28	21.02	21.02	21.02	21.02	0
603	2021-05-31	21.02	21.02	21.02	21.02	0
604	2021-06-01	21.02	21.02	21.02	21.02	0
605	2021-06-02	20.64	20.64	20.64	20.64	1000
606	2021-06-03	18.77	18.77	18.77	18.77	1000
607	2021-06-04	18.77	18.77	18.77	18.77	0
608	2021-06-07	18.77	18.77	18.77	18.77	0
609	2021-06-08	21.02	21.02	21.02	21.02	200
610	2021-06-09	21.02	21.02	21.02	21.02	0
611	2021-06-10	21.02	21.02	21.02	21.02	100
612	2021-06-11	21.02	21.02	21.02	21.02	0
613	2021-06-14	21.02	21.02	21.02	21.02	0
614	2021-06-15	21.02	21.02	21.02	21.02	0
615	2021-06-16	21.02	21.02	21.02	21.02	0
616	2021-06-17	21.02	21.02	21.02	21.02	0
617	2021-06-18	21.02	21.02	21.02	21.02	0
618	2021-06-21	21.02	21.02	21.02	21.02	0
619	2021-06-22	21.02	21.02	21.02	21.02	0
620	2021-06-23	21.02	21.02	21.02	21.02	0
621	2021-06-24	21.02	21.02	21.02	21.02	0
622	2021-06-25	21.02	21.02	21.02	21.02	0
623	2021-06-28	21.02	21.02	21.02	21.02	0
624	2021-06-29	21.02	21.02	21.02	21.02	0
625	2021-06-30	21.02	21.02	21.02	21.02	0
626	2021-07-01	21.02	21.02	21.02	21.02	0
627	2021-07-02	21.02	21.02	21.02	21.02	0
628	2021-07-05	21.02	21.02	21.02	21.02	0
629	2021-07-06	21.02	21.02	21.02	21.02	0
630	2021-07-07	21.02	21.02	21.02	21.02	0
631	2021-07-08	21.02	21.02	21.02	21.02	0
632	2021-07-09	21.02	21.02	21.02	21.02	0
633	2021-07-12	21.02	21.02	21.02	21.02	0
634	2021-07-13	21.02	21.02	21.02	21.02	0
635	2021-07-14	21.02	21.02	21.02	21.02	0
636	2021-07-15	21.02	21.02	21.02	21.02	0
637	2021-07-16	21.02	21.02	21.02	21.02	0
638	2021-07-19	21.02	21.02	21.02	21.02	0
639	2021-07-20	21.02	21.02	21.02	21.02	0
640	2021-07-21	21.02	21.02	21.02	21.02	0
641	2021-07-22	21.02	21.02	21.02	21.02	0
642	2021-07-23	21.02	21.02	21.02	21.02	0
643	2021-07-26	21.02	21.02	21.02	21.02	0
644	2021-07-27	21.02	21.02	21.02	21.02	0
645	2021-07-28	21.02	21.02	21.02	21.02	0
646	2021-07-29	21.02	21.02	21.02	21.02	0
647	2021-07-30	21.02	21.02	21.02	21.02	0
648	2021-08-02	21.02	21.02	21.02	21.02	0
649	2021-08-03	21.02	21.02	21.02	21.02	0
650	2021-08-04	21.02	21.02	21.02	21.02	0
651	2021-08-05	21.02	21.02	21.02	21.02	0
652	2021-08-06	21.02	21.02	21.02	21.02	0
653	2021-08-09	21.02	21.02	21.02	21.02	0
654	2021-08-10	21.02	21.02	21.02	21.02	0
655	2021-08-11	21.02	21.02	21.02	21.02	0
656	2021-08-12	21.02	21.02	21.02	21.02	0
657	2021-08-13	21.02	21.02	21.02	21.02	0
658	2021-08-16	21.02	21.02	21.02	21.02	0
659	2021-08-17	21.02	21.02	21.02	21.02	0
660	2021-08-18	21.02	21.02	21.02	21.02	0
661	2021-08-19	21.02	21.02	21.02	21.02	0
662	2021-08-20	21.02	21.02	21.02	21.02	0
663	2021-08-23	21.02	21.02	21.02	21.02	0
664	2021-08-24	21.02	21.02	21.02	21.02	0
665	2021-08-25	21.02	21.02	21.02	21.02	0
666	2021-08-26	21.02	21.02	21.02	21.02	0
667	2021-08-27	21.02	21.02	21.02	21.02	0
668	2021-08-30	21.02	21.02	21.02	21.02	0
669	2021-08-31	21.02	21.02	21.02	21.02	0
670	2021-09-01	21.02	21.02	21.02	21.02	0
671	2021-09-06	21.02	21.02	21.02	21.02	0
672	2021-09-07	21.02	21.02	21.02	21.02	0
673	2021-09-08	21.02	21.02	21.02	21.02	0
674	2021-09-09	21.02	21.02	21.02	21.02	0
675	2021-09-10	21.02	21.02	21.02	21.02	0
676	2021-09-13	21.02	21.02	21.02	21.02	0
677	2021-09-14	21.02	21.02	21.02	21.02	0
678	2021-09-15	21.02	21.02	21.02	21.02	0
679	2021-09-16	21.02	21.02	21.02	21.02	0
680	2021-09-17	21.02	21.02	21.02	21.02	0
681	2021-09-20	21.02	21.02	21.02	21.02	0
682	2021-09-21	21.02	21.02	21.02	21.02	0
683	2021-09-22	21.02	21.02	21.02	21.02	0
684	2021-09-23	21.02	21.02	21.02	21.02	0
685	2021-09-24	21.02	21.02	21.02	21.02	0
686	2021-09-27	21.02	21.02	21.02	21.02	0
687	2021-09-28	21.02	21.02	21.02	21.02	0
688	2021-09-29	21.02	21.02	21.02	21.02	0
689	2021-09-30	12.61	21.02	12.61	21.02	200
690	2021-10-01	16.81	16.81	16.81	16.81	0
691	2021-10-04	19.27	19.27	16.81	16.81	2200
692	2021-10-05	18.8	18.8	18.8	18.8	0
693	2021-10-06	18.8	18.8	18.8	18.8	0
694	2021-10-07	18.8	18.8	18.8	18.8	0
695	2021-10-08	17.21	21.02	17.21	21.02	1100
696	2021-10-11	17.53	17.53	17.53	17.53	0
697	2021-10-12	17.53	17.53	17.53	17.53	0
698	2021-10-13	17.53	17.53	17.53	17.53	0
699	2021-10-14	17.53	17.53	17.53	17.53	0
700	2021-10-15	17.53	17.53	17.53	17.53	0
701	2021-10-18	17.53	17.53	17.53	17.53	0
702	2021-10-19	17.53	17.53	17.53	17.53	0
703	2021-10-20	17.53	17.53	17.53	17.53	0
704	2021-10-21	17.53	17.53	17.53	17.53	0
705	2021-10-22	17.53	17.53	17.53	17.53	0
706	2021-10-25	17.53	17.53	17.53	17.53	0
707	2021-10-26	17.53	17.53	17.53	17.53	0
708	2021-10-27	17.53	17.53	17.53	17.53	0
709	2021-10-28	18.24	18.24	18.24	18.24	1000
710	2021-10-29	18.24	18.24	18.24	18.24	0
711	2021-11-01	18.24	18.24	18.24	18.24	0
712	2021-11-02	18.24	18.24	18.24	18.24	12
713	2021-11-03	18.24	18.24	18.24	18.24	35
714	2021-11-04	18.24	18.24	18.24	18.24	5
715	2021-11-05	18.24	18.24	18.24	18.24	49
716	2021-11-08	15.55	15.55	15.55	15.55	1005
717	2021-11-09	15.55	15.55	15.55	15.55	0
718	2021-11-10	15.55	15.55	15.55	15.55	0
719	2021-11-11	17.85	17.85	17.85	17.85	100
720	2021-11-12	19.75	19.75	19.75	19.75	100
721	2021-11-15	19.75	19.75	19.75	19.75	0
722	2021-11-16	19.04	22.68	19.04	22.68	600
723	2021-11-17	22.53	22.53	17.53	17.53	400
724	2021-11-18	18.8	18.8	18.8	18.8	0
725	2021-11-19	21.57	21.57	21.57	21.57	100
726	2021-11-22	21.57	21.57	21.57	21.57	0
727	2021-11-23	18.4	18.4	18.4	18.4	200
728	2021-11-24	16.89	16.89	16.89	16.89	100
729	2021-11-25	16.89	16.89	16.89	16.89	0
730	2021-11-26	16.89	16.89	16.89	16.89	0
731	2021-11-29	16.89	16.89	16.89	16.89	0
732	2021-11-30	16.89	16.89	16.89	16.89	0
733	2021-12-01	15.15	15.15	15.07	15.07	300
734	2021-12-02	15.07	15.07	15.07	15.07	0
735	2021-12-03	17.29	17.29	17.29	17.29	100
736	2021-12-06	15.86	15.86	15.86	15.86	100
737	2021-12-07	15.86	15.86	15.86	15.86	0
738	2021-12-08	15.86	15.86	15.86	15.86	0
739	2021-12-09	18.24	18.24	18.24	18.24	200
740	2021-12-10	18.24	18.24	18.24	18.24	0
741	2021-12-13	18.24	18.24	18.24	18.24	0
742	2021-12-14	18.24	18.24	18.24	18.24	0
743	2021-12-15	18.24	18.24	18.24	18.24	0
744	2021-12-16	18.24	18.24	18.24	18.24	0
745	2021-12-17	18.24	18.24	18.24	18.24	0
746	2021-12-20	18.24	18.24	18.24	18.24	0
747	2021-12-21	18.24	18.24	18.24	18.24	0
748	2021-12-22	18.24	18.24	18.24	18.24	0
749	2021-12-23	18.24	18.24	18.24	18.24	0
750	2021-12-24	18.24	18.24	18.24	18.24	0
751	2021-12-27	18.24	18.24	18.24	18.24	0
752	2021-12-28	18.24	18.24	18.24	18.24	0
753	2021-12-29	18.24	18.24	18.24	18.24	0
754	2021-12-30	18.24	18.24	18.24	18.24	0
755	2021-12-31	18.24	18.24	18.24	18.24	0
756	2022-01-04	18.24	18.24	18.24	18.24	0
757	2022-01-05	18.24	18.24	18.24	18.24	0
758	2022-01-06	18.24	18.24	18.24	18.24	0
759	2022-01-07	18.24	18.24	18.24	18.24	0
760	2022-01-10	18.24	18.24	18.24	18.24	0
761	2022-01-11	18.24	18.24	18.24	18.24	0
762	2022-01-12	18.24	18.24	18.24	18.24	0
763	2022-01-13	18.24	18.24	18.24	18.24	0
764	2022-01-14	18.24	18.24	18.24	18.24	0
765	2022-01-17	18.24	18.24	18.24	18.24	0
766	2022-01-18	18.24	18.24	18.24	18.24	1200
767	2022-01-19	18.24	18.24	18.24	18.24	0
768	2022-01-20	18.24	18.24	18.24	18.24	0
769	2022-01-21	18.24	18.24	18.24	18.24	0
770	2022-01-24	18.24	18.24	18.24	18.24	0
771	2022-01-25	18.24	18.24	18.24	18.24	0
772	2022-01-26	18.24	18.24	18.24	18.24	0
773	2022-01-27	18.24	18.24	18.24	18.24	0
774	2022-01-28	18.24	18.24	18.24	18.24	0
775	2022-02-07	18.24	18.24	18.24	18.24	0
776	2022-02-08	18.24	18.24	18.24	18.24	0
777	2022-02-09	18.24	18.24	18.24	18.24	0
778	2022-02-10	20.62	20.62	20.62	20.62	100
779	2022-02-11	20.62	20.62	20.62	20.62	0
780	2022-02-14	20.62	20.62	20.62	20.62	0
781	2022-02-15	20.62	20.62	20.62	20.62	0
782	2022-02-16	17.53	17.53	17.53	17.53	100
783	2022-02-17	17.53	17.53	17.53	17.53	0
784	2022-02-18	17.53	17.53	17.53	17.53	0
785	2022-02-21	17.53	17.53	17.53	17.53	0
786	2022-02-22	17.53	17.53	17.53	17.53	0
787	2022-02-23	17.53	17.53	17.53	17.53	0
788	2022-02-24	17.53	17.53	17.53	17.53	0
789	2022-02-25	17.53	17.53	17.53	17.53	0
790	2022-02-28	17.53	17.53	17.53	17.53	0
791	2022-03-01	17.53	17.53	17.53	17.53	0
792	2022-03-02	17.53	17.53	17.53	17.53	0
793	2022-03-03	17.53	17.53	17.53	17.53	0
794	2022-03-04	17.53	17.53	17.53	17.53	0
795	2022-03-07	17.53	17.53	17.53	17.53	0
796	2022-03-08	17.53	17.53	17.53	17.53	0
797	2022-03-09	17.53	17.53	17.53	17.53	0
798	2022-03-10	17.53	17.53	17.53	17.53	0
799	2022-03-11	17.53	17.53	17.53	17.53	0
800	2022-03-14	17.53	17.53	17.53	17.53	0
801	2022-03-15	17.53	17.53	17.53	17.53	0
802	2022-03-16	17.53	17.53	17.53	17.53	0
803	2022-03-17	17.53	17.53	17.53	17.53	0
804	2022-03-18	17.53	17.53	17.53	17.53	0
805	2022-03-21	17.53	17.53	17.53	17.53	0
806	2022-03-22	17.53	17.53	17.53	17.53	0
807	2022-03-23	17.53	17.53	17.53	17.53	0
808	2022-03-24	17.53	17.53	17.53	17.53	0
809	2022-03-25	17.53	17.53	17.53	17.53	0
810	2022-03-28	17.53	17.53	17.53	17.53	0
811	2022-03-29	17.53	17.53	17.53	17.53	0
812	2022-03-30	17.53	17.53	17.53	17.53	0
813	2022-03-31	11.18	11.18	11.18	11.18	100
814	2022-04-01	11.18	11.18	11.18	11.18	0
815	2022-04-04	11.18	11.18	11.18	11.18	0
816	2022-04-05	11.18	11.18	11.18	11.18	0
817	2022-04-06	11.18	11.18	11.18	11.18	0
818	2022-04-07	11.18	11.18	11.18	11.18	0
819	2022-04-08	11.18	11.18	11.18	11.18	0
820	2022-04-12	11.18	11.18	11.18	11.18	0
821	2022-04-13	11.18	11.18	11.18	11.18	0
822	2022-04-14	11.18	11.18	11.18	11.18	0
823	2022-04-15	11.18	11.18	11.18	11.18	0
824	2022-04-18	11.18	11.18	11.18	11.18	0
825	2022-04-19	11.18	11.18	11.18	11.18	0
826	2022-04-20	11.18	11.18	11.18	11.18	0
827	2022-04-21	11.18	11.18	11.18	11.18	0
828	2022-04-22	11.18	11.18	11.18	11.18	0
829	2022-04-25	11.18	11.18	11.18	11.18	0
830	2022-04-26	11.18	11.18	11.18	11.18	0
831	2022-04-27	11.18	11.18	11.18	11.18	0
832	2022-04-28	11.18	11.18	11.18	11.18	0
833	2022-04-29	11.18	11.18	11.18	11.18	0
834	2022-05-04	11.18	11.18	11.18	11.18	0
835	2022-05-05	11.18	11.18	11.18	11.18	0
836	2022-05-06	11.18	11.18	11.18	11.18	0
837	2022-05-09	11.18	11.18	11.18	11.18	0
838	2022-05-10	11.18	11.18	11.18	11.18	0
839	2022-05-11	9.99	12.85	9.99	12.85	300
840	2022-05-12	10.95	10.95	10.95	10.95	0
841	2022-05-13	10.95	10.95	10.95	10.95	0
842	2022-05-16	10.95	10.95	10.95	10.95	0
843	2022-05-17	10.95	10.95	10.95	10.95	0
844	2022-05-18	12.57	12.57	12.57	12.57	100
845	2022-05-19	12.57	12.57	12.57	12.57	0
846	2022-05-20	12.57	12.57	12.57	12.57	0
847	2022-05-23	12.57	12.57	12.57	12.57	0
848	2022-05-24	12.57	12.57	12.57	12.57	0
849	2022-05-25	12.57	12.57	12.57	12.57	0
850	2022-05-26	12.57	12.57	12.57	12.57	0
851	2022-05-27	12.57	12.57	12.57	12.57	0
852	2022-05-30	12.57	12.57	12.57	12.57	0
853	2022-05-31	12.57	12.57	12.57	12.57	0
854	2022-06-01	12.57	12.57	12.57	12.57	0
855	2022-06-02	12.57	12.57	12.57	12.57	0
856	2022-06-03	12.57	12.57	12.57	12.57	0
857	2022-06-06	12.57	12.57	12.57	12.57	0
858	2022-06-07	12.57	12.57	12.57	12.57	0
859	2022-06-08	12.57	12.57	12.57	12.57	0
860	2022-06-09	12.57	12.57	12.57	12.57	0
861	2022-06-10	12.57	12.57	12.57	12.57	0
862	2022-06-13	12.57	12.57	12.57	12.57	0
863	2022-06-14	12.57	12.57	12.57	12.57	0
864	2022-06-15	12.57	12.57	12.57	12.57	0
865	2022-06-16	12.57	12.57	12.57	12.57	0
866	2022-06-17	12.57	12.57	12.57	12.57	0
867	2022-06-20	12.57	12.57	12.57	12.57	0
868	2022-06-21	12.57	12.57	12.57	12.57	0
869	2022-06-22	12.57	12.57	12.57	12.57	0
870	2022-06-23	12.57	12.57	12.57	12.57	0
871	2022-06-24	12.57	12.57	12.57	12.57	0
872	2022-06-27	12.57	12.57	12.57	12.57	0
873	2022-06-28	12.57	12.57	12.57	12.57	0
874	2022-06-29	12.57	12.57	12.57	12.57	0
875	2022-06-30	12.57	12.57	12.57	12.57	0
876	2022-07-01	12.57	12.57	12.57	12.57	0
877	2022-07-04	12.57	12.57	12.57	12.57	0
878	2022-07-05	12.57	12.57	12.57	12.57	0
879	2022-07-06	12.57	12.57	12.57	12.57	0
880	2022-07-07	12.57	12.57	12.57	12.57	0
881	2022-07-08	12.57	12.57	12.57	12.57	0
882	2022-07-11	7.61	7.61	7.61	7.61	100
883	2022-07-12	7.61	7.61	7.61	7.61	0
884	2022-07-13	7.61	7.61	7.61	7.61	0
885	2022-07-14	7.61	7.61	7.61	7.61	0
886	2022-07-15	7.61	7.61	7.61	7.61	0
887	2022-07-18	7.61	7.61	7.61	7.61	0
888	2022-07-19	7.61	7.61	7.61	7.61	0
889	2022-07-20	7.61	7.61	7.61	7.61	0
890	2022-07-21	7.61	7.61	7.61	7.61	0
891	2022-07-22	7.61	7.61	7.61	7.61	0
892	2022-07-25	7.61	7.61	7.61	7.61	0
893	2022-07-26	7.61	7.61	7.61	7.61	0
894	2022-07-27	7.61	7.61	7.61	7.61	0
895	2022-07-28	7.61	7.61	7.61	7.61	0
896	2022-07-29	7.61	7.61	7.61	7.61	0
897	2022-08-01	7.61	7.61	7.61	7.61	0
898	2022-08-02	7.61	7.61	7.61	7.61	0
899	2022-08-03	7.61	7.61	7.61	7.61	0
900	2022-08-04	7.61	7.61	7.61	7.61	0
901	2022-08-05	7.61	7.61	7.61	7.61	0
902	2022-08-08	7.61	7.61	7.61	7.61	0
903	2022-08-09	7.61	7.61	7.61	7.61	0
904	2022-08-10	7.61	7.61	7.61	7.61	0
905	2022-08-11	7.61	7.61	7.61	7.61	0
906	2022-08-12	7.61	7.61	7.61	7.61	0
907	2022-08-15	7.61	7.61	7.61	7.61	0
908	2022-08-16	7.61	7.61	7.61	7.61	0
909	2022-08-17	7.61	7.61	7.61	7.61	0
910	2022-08-18	7.61	7.61	7.61	7.61	0
911	2022-08-19	7.61	7.61	7.61	7.61	0
912	2022-08-22	7.61	7.61	7.61	7.61	0
913	2022-08-23	8.72	8.72	8.72	8.72	64600
914	2022-08-24	8.72	8.72	8.72	8.72	0
915	2022-08-25	8.72	8.72	8.72	8.72	0
916	2022-08-26	8.72	8.72	8.72	8.72	0
917	2022-08-29	8.72	8.72	8.72	8.72	0
918	2022-08-30	8.72	8.72	8.72	8.72	0
919	2022-08-31	8.72	8.72	8.72	8.72	0
920	2022-09-05	8.72	8.72	8.72	8.72	0
921	2022-09-06	8.72	8.72	8.72	8.72	0
922	2022-09-07	8.72	8.72	8.72	8.72	0
923	2022-09-08	8.72	8.72	8.72	8.72	0
924	2022-09-09	8.72	8.72	8.72	8.72	0
925	2022-09-12	8.72	8.72	8.72	8.72	0
926	2022-09-13	8.72	8.72	8.72	8.72	0
927	2022-09-14	8.72	8.72	8.72	8.72	0
928	2022-09-15	8.72	8.72	8.72	8.72	0
929	2022-09-16	8.72	8.72	8.72	8.72	0
930	2022-09-19	10.01	10.01	10.01	10.01	100
931	2022-09-20	10.01	10.01	10.01	10.01	0
932	2022-09-21	10.01	10.01	10.01	10.01	0
933	2022-09-22	10.01	10.01	10.01	10.01	0
934	2022-09-23	10.01	10.01	10.01	10.01	0
935	2022-09-26	10.01	10.01	10.01	10.01	0
936	2022-09-27	10.01	10.01	10.01	10.01	0
937	2022-09-28	10.01	10.01	10.01	10.01	0
938	2022-09-29	10.01	10.01	10.01	10.01	0
939	2022-09-30	10.01	10.01	10.01	10.01	0
940	2022-10-03	10.01	10.01	10.01	10.01	0
941	2022-10-04	10.01	10.01	10.01	10.01	0
942	2022-10-05	10.01	10.01	10.01	10.01	0
943	2022-10-06	10.01	10.01	10.01	10.01	0
944	2022-10-07	10.01	10.01	10.01	10.01	0
945	2022-10-10	10.01	10.01	10.01	10.01	0
946	2022-10-11	11.46	11.46	11.46	11.46	400
947	2022-10-12	13.17	13.17	13.17	13.17	100
948	2022-10-13	15.14	15.14	15.14	15.14	400
949	2022-10-14	17.36	17.36	17.36	17.36	200
950	2022-10-17	17.36	17.36	17.36	17.36	0
951	2022-10-18	17.36	17.36	17.36	17.36	0
952	2022-10-19	17.36	19.93	17.36	19.93	700
953	2022-10-20	17.96	17.96	17.96	17.96	100
954	2022-10-21	17.87	17.87	17.87	17.87	200
955	2022-10-24	15.22	15.22	15.22	15.22	100
956	2022-10-25	15.22	15.22	15.22	15.22	0
957	2022-10-26	13.0	13.0	13.0	13.0	100
958	2022-10-27	13.0	13.0	13.0	13.0	0
959	2022-10-28	13.0	13.0	13.0	13.0	0
960	2022-10-31	13.0	13.0	13.0	13.0	0
961	2022-11-01	13.0	13.0	13.0	13.0	0
962	2022-11-02	13.0	13.0	13.0	13.0	0
963	2022-11-03	13.0	13.0	13.0	13.0	0
964	2022-11-04	13.0	13.0	13.0	13.0	0
965	2022-11-07	13.0	13.0	13.0	13.0	0
966	2022-11-08	13.0	13.0	13.0	13.0	0
967	2022-11-09	13.0	13.0	13.0	13.0	0
968	2022-11-10	11.12	11.12	11.12	11.12	900
969	2022-11-11	11.12	11.12	11.12	11.12	0
970	2022-11-14	11.12	12.74	9.49	12.74	1400
971	2022-11-15	13.25	13.25	13.25	13.25	100
972	2022-11-16	15.14	15.14	15.05	15.05	800
973	2022-11-17	17.19	17.19	16.16	16.16	200
974	2022-11-18	19.07	19.07	19.07	19.07	100
975	2022-11-21	21.38	21.38	18.73	18.73	300
976	2022-11-22	19.58	19.58	19.58	19.58	0
977	2022-11-23	19.58	19.58	19.58	19.58	0
978	2022-11-24	22.23	22.23	22.23	22.23	100
979	2022-11-25	22.23	22.23	22.23	22.23	0
980	2022-11-28	22.23	22.23	22.23	22.23	0
981	2022-11-29	22.23	22.23	22.23	22.23	0
982	2022-11-30	25.57	25.57	18.9	18.9	300
983	2022-12-01	23.0	23.0	23.0	23.0	0
984	2022-12-02	23.0	23.0	23.0	23.0	0
985	2022-12-05	25.48	25.48	25.48	25.48	100
986	2022-12-06	25.48	25.48	25.48	25.48	0
987	2022-12-07	25.48	25.48	25.48	25.48	0
988	2022-12-08	21.72	21.72	21.72	21.72	100
989	2022-12-09	21.72	21.72	21.72	21.72	0
990	2022-12-12	21.72	21.72	21.72	21.72	0
991	2022-12-13	21.72	21.72	21.72	21.72	0
992	2022-12-14	24.97	24.97	18.47	18.47	200
993	2022-12-15	18.47	18.47	18.47	18.47	200
994	2022-12-16	18.47	18.47	18.47	18.47	0
995	2022-12-19	18.47	18.47	18.47	18.47	0
996	2022-12-20	18.47	18.47	18.47	18.47	1
997	2022-12-21	18.47	18.47	18.47	18.47	0
998	2022-12-22	18.47	18.47	18.47	18.47	2
999	2022-12-23	18.47	18.47	18.47	18.47	0
1000	2022-12-26	18.47	18.47	18.47	18.47	0
1001	2022-12-27	18.47	18.47	18.47	18.47	2
1002	2022-12-28	18.47	18.47	18.47	18.47	0
1003	2022-12-29	21.21	21.21	21.21	21.21	100
1004	2022-12-30	21.21	21.21	21.21	21.21	0
1005	2023-01-03	21.21	21.21	21.21	21.21	0
1006	2023-01-04	21.21	21.21	21.21	21.21	0
1007	2023-01-05	21.21	21.21	21.21	21.21	0
1008	2023-01-06	21.21	21.21	21.21	21.21	0
1009	2023-01-09	21.21	21.21	21.21	21.21	0
1010	2023-01-10	21.21	21.21	21.21	21.21	0
1011	2023-01-11	21.21	21.21	21.21	21.21	0
1012	2023-01-12	22.23	22.23	18.04	22.06	3300
1013	2023-01-13	22.06	22.06	22.06	22.06	0
1014	2023-01-16	22.06	22.06	22.06	22.06	0
1015	2023-01-17	22.06	22.06	22.06	22.06	1
1016	2023-01-18	22.06	22.06	22.06	22.06	0
1017	2023-01-19	22.06	22.06	22.06	22.06	0
1018	2023-01-27	22.06	22.06	22.06	22.06	0
1019	2023-01-30	22.06	22.06	22.06	22.06	0
1020	2023-01-31	22.06	22.06	22.06	22.06	0
1021	2023-02-01	22.06	22.06	22.06	22.06	1
1022	2023-02-02	22.06	22.06	22.06	22.06	0
1023	2023-02-03	22.06	22.06	22.06	22.06	0
1024	2023-02-06	22.06	22.06	22.06	22.06	0
1025	2023-02-07	22.06	22.06	22.06	22.06	0
1026	2023-02-08	22.06	22.06	22.06	22.06	0
1027	2023-02-09	22.06	22.06	22.06	22.06	0
1028	2023-02-10	22.06	22.06	22.06	22.06	0
1029	2023-02-13	22.06	22.06	22.06	22.06	0
1030	2023-02-14	22.23	22.23	22.23	22.23	3805
1031	2023-02-15	18.9	18.9	18.9	18.9	100
1032	2023-02-16	18.9	18.9	18.9	18.9	0
1033	2023-02-17	18.9	18.9	18.9	18.9	0
1034	2023-02-20	18.9	18.9	18.9	18.9	0
1035	2023-02-21	18.9	18.9	18.9	18.9	0
1036	2023-02-22	16.16	16.16	16.16	16.16	100
1037	2023-02-23	16.16	16.16	16.16	16.16	0
1038	2023-02-24	16.16	16.16	16.16	16.16	0
1039	2023-02-27	16.16	16.16	16.16	16.16	0
1040	2023-02-28	16.16	16.16	16.16	16.16	0
1041	2023-03-01	16.16	16.16	16.16	16.16	0
1042	2023-03-02	16.16	16.16	16.16	16.16	0
1043	2023-03-03	16.16	16.16	16.16	16.16	0
1044	2023-03-06	16.16	16.16	16.16	16.16	0
1045	2023-03-07	16.16	16.16	16.16	16.16	0
1046	2023-03-08	16.16	16.16	16.16	16.16	0
1047	2023-03-09	16.16	16.16	16.16	16.16	0
1048	2023-03-10	16.16	16.16	16.16	16.16	0
1049	2023-03-13	16.16	16.16	16.16	16.16	0
1050	2023-03-14	16.16	16.16	16.16	16.16	0
1051	2023-03-15	16.16	16.16	16.16	16.16	0
1052	2023-03-16	16.16	16.16	16.16	16.16	0
1053	2023-03-17	16.16	16.16	16.16	16.16	0
1054	2023-03-20	16.16	16.16	16.16	16.16	0
1055	2023-03-21	16.16	16.16	16.16	16.16	0
1056	2023-03-22	16.16	16.16	16.16	16.16	0
1057	2023-03-23	16.16	16.16	16.16	16.16	0
1058	2023-03-24	16.16	16.16	16.16	16.16	0
1059	2023-03-27	16.16	16.16	16.16	16.16	0
1060	2023-03-28	16.16	16.16	16.16	16.16	0
1061	2023-03-29	18.56	18.56	18.56	18.56	1000
1062	2023-03-30	18.56	18.56	18.56	18.56	0
1063	2023-03-31	18.56	18.56	18.56	18.56	0
1064	2023-04-03	18.56	18.56	18.56	18.56	0
1065	2023-04-04	18.56	18.56	18.56	18.56	0
1066	2023-04-05	18.56	18.56	18.56	18.56	0
1067	2023-04-06	20.52	20.52	17.96	17.96	1200
1068	2023-04-07	20.1	20.1	20.1	20.1	0
1069	2023-04-10	17.1	17.1	17.1	17.1	100
1070	2023-04-11	14.54	14.54	14.54	14.54	100
1071	2023-04-12	12.4	16.25	12.4	16.25	1100
1072	2023-04-13	15.39	15.39	15.39	15.39	0
1073	2023-04-14	15.39	15.39	15.39	15.39	0
1074	2023-04-17	15.39	15.39	15.39	15.39	0
1075	2023-04-18	15.39	15.39	15.39	15.39	0
1076	2023-04-19	15.39	15.39	15.39	15.39	0
1077	2023-04-20	15.39	15.39	15.39	15.39	0
1078	2023-04-21	15.39	15.39	15.39	15.39	0
1079	2023-04-24	15.39	15.39	15.39	15.39	5
1080	2023-04-25	15.39	15.39	15.39	15.39	0
1081	2023-04-26	15.39	15.39	15.39	15.39	0
1082	2023-04-27	15.39	15.39	15.39	15.39	0
1083	2023-04-28	15.39	15.39	15.39	15.39	1
1084	2023-05-04	13.08	13.08	13.08	13.08	100
1085	2023-05-05	13.08	13.08	13.08	13.08	0
1086	2023-05-08	13.08	13.08	13.08	13.08	0
1087	2023-05-09	14.97	14.97	14.97	14.97	100
1088	2023-05-10	16.25	17.1	16.25	17.1	3000
1089	2023-05-11	16.59	16.59	16.59	16.59	1000
1090	2023-05-12	16.59	16.59	16.59	16.59	0
1091	2023-05-15	16.59	16.59	16.59	16.59	0
1092	2023-05-16	16.59	16.59	16.59	16.59	0
1093	2023-05-17	16.59	16.59	16.59	16.59	0
1094	2023-05-18	16.59	16.59	16.59	16.59	0
1095	2023-05-19	17.98	17.98	17.98	17.98	1000
1096	2023-05-22	17.98	17.98	17.98	17.98	0
1097	2023-05-23	17.98	17.98	17.98	17.98	0
1098	2023-05-24	17.98	17.98	17.98	17.98	200
1099	2023-05-25	17.98	17.98	17.98	17.98	0
1100	2023-05-26	17.98	17.98	17.98	17.98	0
1101	2023-05-29	17.98	17.98	17.98	17.98	0
1102	2023-05-30	17.98	17.98	17.98	17.98	0
1103	2023-05-31	17.89	17.98	17.89	17.98	400
1104	2023-06-01	17.98	17.98	17.98	17.98	0
1105	2023-06-02	17.98	17.98	17.98	17.98	0
1106	2023-06-05	17.98	17.98	17.98	17.98	0
1107	2023-06-06	17.98	17.98	17.98	17.98	0
1108	2023-06-07	17.98	17.98	17.98	17.98	0
1109	2023-06-08	17.98	17.98	17.98	17.98	0
1110	2023-06-09	17.89	17.89	17.89	17.89	2200
1111	2023-06-12	17.89	17.89	17.89	17.89	0
1112	2023-06-13	17.89	17.89	17.89	17.89	0
1113	2023-06-14	17.89	17.89	17.89	17.89	0
1114	2023-06-15	17.89	17.89	17.89	17.89	0
1115	2023-06-16	17.79	17.79	17.79	17.79	200
1116	2023-06-19	17.79	17.79	17.79	17.79	0
1117	2023-06-20	17.79	17.79	17.79	17.79	0
1118	2023-06-21	17.79	17.79	17.79	17.79	0
1119	2023-06-22	17.15	17.15	17.15	17.15	1000
1120	2023-06-23	17.15	17.15	17.15	17.15	0
1121	2023-06-26	17.15	17.15	17.15	17.15	0
1122	2023-06-27	17.15	17.15	17.15	17.15	0
1123	2023-06-28	17.15	17.15	17.15	17.15	0
1124	2023-06-29	17.15	17.15	17.15	17.15	0
1125	2023-06-30	17.15	17.15	17.15	17.15	0
1126	2023-07-03	17.15	17.15	17.15	17.15	0
1127	2023-07-04	17.15	17.15	17.15	17.15	0
1128	2023-07-05	17.15	17.15	17.15	17.15	0
1129	2023-07-06	17.15	17.15	17.15	17.15	0
1130	2023-07-07	17.52	17.52	17.52	17.52	500
1131	2023-07-10	17.52	17.52	17.52	17.52	0
1132	2023-07-11	18.54	18.54	18.54	18.54	5000
1133	2023-07-12	18.54	18.54	18.54	18.54	0
1134	2023-07-13	18.54	18.54	18.54	18.54	0
1135	2023-07-14	18.54	18.54	18.54	18.54	0
1136	2023-07-17	18.54	18.54	18.54	18.54	3
1137	2023-07-18	18.54	18.54	18.54	18.54	0
1138	2023-07-19	18.54	18.54	18.54	18.54	0
1139	2023-07-20	18.54	18.54	18.54	18.54	0
1140	2023-07-21	18.54	18.54	18.54	18.54	1000
1141	2023-07-24	15.76	17.61	15.76	17.61	1100
1142	2023-07-25	17.42	17.42	17.42	17.42	0
1143	2023-07-26	18.54	18.54	18.54	18.54	1000
1144	2023-07-27	18.54	18.54	18.54	18.54	0
1145	2023-07-28	18.54	18.54	18.54	18.54	0
1146	2023-07-31	18.54	18.54	18.54	18.54	0
1147	2023-08-01	18.54	18.54	18.54	18.54	0
1148	2023-08-02	18.54	18.54	18.54	18.54	0
1149	2023-08-03	18.54	18.54	18.54	18.54	0
1150	2023-08-04	18.54	18.54	18.54	18.54	0
1151	2023-08-07	18.54	18.54	18.54	18.54	0
1152	2023-08-08	18.54	18.54	18.54	18.54	0
1153	2023-08-09	18.54	18.54	18.54	18.54	0
1154	2023-08-10	18.54	18.54	18.54	18.54	0
1155	2023-08-11	18.54	18.54	18.54	18.54	0
1156	2023-08-14	18.54	18.54	18.54	18.54	0
1157	2023-08-15	18.54	18.54	18.54	18.54	0
1158	2023-08-16	18.54	18.54	18.54	18.54	0
1159	2023-08-17	18.54	18.54	18.54	18.54	6000
1160	2023-08-18	18.54	18.54	18.54	18.54	0
1161	2023-08-21	18.54	18.54	18.54	18.54	0
1162	2023-08-22	18.54	18.54	18.54	18.54	0
1163	2023-08-23	18.54	18.54	18.54	18.54	0
1164	2023-08-24	18.54	18.54	18.54	18.54	0
1165	2023-08-25	18.54	18.54	18.54	18.54	0
1166	2023-08-28	18.54	18.54	18.54	18.54	0
1167	2023-08-29	18.54	18.54	18.54	18.54	0
1168	2023-08-30	18.54	18.54	18.54	18.54	0
1169	2023-08-31	18.54	18.54	18.54	18.54	0
1170	2023-09-05	18.54	18.54	18.54	18.54	1
1171	2023-09-06	18.54	18.54	18.54	18.54	0
1172	2023-09-07	18.54	18.54	18.54	18.54	0
1173	2023-09-08	18.54	18.54	18.54	18.54	0
1174	2023-09-11	18.54	18.54	18.54	18.54	0
1175	2023-09-12	18.54	18.54	18.54	18.54	0
1176	2023-09-13	18.54	18.54	18.54	18.54	0
1177	2023-09-14	18.54	18.54	18.54	18.54	0
1178	2023-09-15	18.54	18.54	18.54	18.54	0
1179	2023-09-18	18.54	18.54	18.54	18.54	0
1180	2023-09-19	18.54	18.54	18.54	18.54	0
1181	2023-09-20	18.54	18.54	18.54	18.54	1000
1182	2023-09-21	18.54	18.54	18.54	18.54	0
1183	2023-09-22	15.85	18.54	15.85	18.54	600
1184	2023-09-25	18.07	18.07	18.07	18.07	0
1185	2023-09-26	18.07	18.07	18.07	18.07	0
1186	2023-09-27	18.07	18.07	18.07	18.07	0
1187	2023-09-28	18.07	18.07	18.07	18.07	100
1188	2023-09-29	18.07	18.07	18.07	18.07	0
1189	2023-10-02	18.07	18.07	18.07	18.07	0
1190	2023-10-03	18.07	18.07	18.07	18.07	0
1191	2023-10-04	18.07	18.07	18.07	18.07	0
1192	2023-10-05	18.07	18.07	18.07	18.07	0
1193	2023-10-06	18.07	18.07	18.07	18.07	0
1194	2023-10-09	18.07	18.07	18.07	18.07	0
1195	2023-10-10	18.07	18.07	18.07	18.07	0
1196	2023-10-11	18.07	18.07	18.07	18.07	0
1197	2023-10-12	18.07	18.07	18.07	18.07	0
1198	2023-10-13	18.07	18.07	18.07	18.07	0
1199	2023-10-16	18.07	18.07	18.07	18.07	0
1200	2023-10-17	18.07	18.07	18.07	18.07	0
1201	2023-10-18	18.07	18.07	18.07	18.07	0
1202	2023-10-19	18.07	18.07	18.07	18.07	0
1203	2023-10-20	18.07	18.07	18.07	18.07	0
1204	2023-10-23	18.07	18.07	18.07	18.07	1
1205	2023-10-24	18.07	18.07	18.07	18.07	0
1206	2023-10-25	18.07	18.07	18.07	18.07	0
1207	2023-10-26	18.07	18.07	18.07	18.07	0
1208	2023-10-27	18.07	18.07	18.07	18.07	0
1209	2023-10-30	18.07	18.07	18.07	18.07	0
1210	2023-10-31	18.07	18.07	18.07	18.07	0
1211	2023-11-01	18.07	18.07	18.07	18.07	0
1212	2023-11-02	18.07	18.07	18.07	18.07	0
1213	2023-11-03	18.07	18.07	18.07	18.07	0
1214	2023-11-06	18.07	18.07	18.07	18.07	0
1215	2023-11-07	18.07	18.07	18.07	18.07	0
1216	2023-11-08	18.07	18.07	18.07	18.07	0
1217	2023-11-09	18.07	18.07	18.07	18.07	0
1218	2023-11-10	18.07	18.07	18.07	18.07	0
1219	2023-11-13	18.07	18.07	18.07	18.07	0
1220	2023-11-14	18.07	18.07	18.07	18.07	0
1221	2023-11-15	18.07	18.07	18.07	18.07	0
1222	2023-11-16	18.07	18.07	18.07	18.07	0
1223	2023-11-17	18.07	18.07	18.07	18.07	0
1224	2023-11-20	18.07	18.07	18.07	18.07	0
1225	2023-11-21	18.07	18.07	18.07	18.07	0
1226	2023-11-22	18.07	18.07	18.07	18.07	0
1227	2023-11-23	18.07	18.07	18.07	18.07	0
1228	2023-11-24	18.07	18.07	18.07	18.07	0
1229	2023-11-27	18.07	18.07	18.07	18.07	0
1230	2023-11-28	18.07	18.07	18.07	18.07	0
1231	2023-11-29	18.07	18.07	18.07	18.07	0
1232	2023-11-30	18.07	18.07	18.07	18.07	0
1233	2023-12-01	18.07	18.07	18.07	18.07	0
1234	2023-12-04	18.07	18.07	18.07	18.07	0
1235	2023-12-05	18.07	18.07	18.07	18.07	0
1236	2023-12-06	18.07	18.07	18.07	18.07	0
1237	2023-12-07	18.07	18.07	18.07	18.07	0
1238	2023-12-08	18.07	18.07	18.07	18.07	0
1239	2023-12-11	20.76	20.76	20.76	20.76	100
1240	2023-12-12	20.76	20.76	20.76	20.76	0
1241	2023-12-13	20.76	20.76	20.76	20.76	0
1242	2023-12-14	20.76	20.76	20.76	20.76	0
1243	2023-12-15	20.76	20.76	20.76	20.76	0
1244	2023-12-18	20.76	20.76	20.76	20.76	0
1245	2023-12-19	20.76	20.76	20.76	20.76	83
1246	2023-12-20	20.76	20.76	20.76	20.76	0
1247	2023-12-21	20.76	20.76	20.76	20.76	0
1248	2023-12-22	20.76	20.76	20.76	20.76	5000
1249	2023-12-25	20.76	20.76	20.76	20.76	0
1250	2023-12-26	20.76	20.76	20.76	20.76	0
1251	2023-12-27	20.76	20.76	20.76	20.76	0
1252	2023-12-28	20.76	20.76	20.76	20.76	0
1253	2023-12-29	20.76	20.76	20.76	20.76	0
1254	2024-01-02	20.76	20.76	20.76	20.76	0
1255	2024-01-03	20.76	20.76	20.76	20.76	0
1256	2024-01-04	20.76	20.76	20.76	20.76	0
1257	2024-01-05	20.76	20.76	20.76	20.76	0
1258	2024-01-08	20.76	20.76	20.76	20.76	0
1259	2024-01-09	20.76	20.76	20.76	20.76	0
1260	2024-01-10	20.76	20.76	20.76	20.76	0
1261	2024-01-11	20.76	20.76	20.76	20.76	0
1262	2024-01-12	20.76	20.76	20.76	20.76	0
1263	2024-01-15	20.76	20.76	20.76	20.76	0
1264	2024-01-16	20.76	20.76	20.76	20.76	0
1265	2024-01-17	20.76	20.76	20.76	20.76	0
1266	2024-01-18	20.76	20.76	20.76	20.76	0
1267	2024-01-19	20.57	20.57	20.57	20.57	1500
1268	2024-01-22	20.57	20.57	20.57	20.57	0
1269	2024-01-23	20.57	20.57	20.57	20.57	0
1270	2024-01-24	20.57	20.57	20.57	20.57	0
1271	2024-01-25	20.57	20.57	20.57	20.57	0
1272	2024-01-26	20.57	20.57	20.57	20.57	1
1273	2024-01-29	20.57	20.57	20.57	20.57	0
1274	2024-01-30	18.54	18.54	18.54	18.54	5000
1275	2024-01-31	18.54	18.54	18.54	18.54	0
1276	2024-02-01	18.54	18.54	18.54	18.54	1000
1277	2024-02-02	17.61	17.61	17.61	17.61	3000
1278	2024-02-05	17.61	17.61	17.61	17.61	0
1279	2024-02-06	17.61	17.61	17.61	17.61	0
1280	2024-02-07	17.61	17.61	17.61	17.61	0
1281	2024-02-15	17.61	17.61	17.61	17.61	100
1282	2024-02-16	17.61	17.61	17.61	17.61	0
1283	2024-02-19	17.61	17.61	17.61	17.61	0
1284	2024-02-20	17.61	17.61	17.61	17.61	100
1285	2024-02-21	17.61	17.61	17.61	17.61	0
1286	2024-02-22	17.61	17.61	17.61	17.61	0
1287	2024-02-23	17.61	17.61	17.61	17.61	0
1288	2024-02-26	17.61	17.61	17.61	17.61	0
1289	2024-02-27	15.76	15.76	15.76	15.76	400
1290	2024-02-28	15.76	15.76	15.76	15.76	0
1291	2024-02-29	15.76	15.76	15.76	15.76	0
1292	2024-03-01	15.76	15.76	15.76	15.76	0
1293	2024-03-04	15.76	15.76	15.76	15.76	0
1294	2024-03-05	15.76	15.76	15.76	15.76	0
1295	2024-03-06	15.76	15.76	15.76	15.76	0
1296	2024-03-07	15.76	15.76	15.76	15.76	0
1297	2024-03-08	15.76	15.76	15.76	15.76	0
1298	2024-03-11	15.76	15.76	15.76	15.76	0
1299	2024-03-12	15.76	15.76	15.76	15.76	0
1300	2024-03-13	16.59	16.59	16.59	16.59	100
1301	2024-03-14	16.59	16.59	16.59	16.59	0
1302	2024-03-15	16.59	16.59	16.59	16.59	0
1303	2024-03-18	16.59	16.59	16.59	16.59	0
1304	2024-03-19	16.59	16.59	16.59	16.59	0
1305	2024-03-20	16.59	16.59	16.59	16.59	0
1306	2024-03-21	16.59	16.59	16.59	16.59	0
1307	2024-03-22	16.59	16.59	16.59	16.59	0
1308	2024-03-25	16.59	16.59	16.59	16.59	0
1309	2024-03-26	16.59	16.59	16.59	16.59	0
1310	2024-03-27	16.59	16.59	16.59	16.59	0
1311	2024-03-28	16.59	16.59	16.59	16.59	0
1312	2024-03-29	16.59	16.59	16.59	16.59	0
1313	2024-04-01	16.59	16.59	16.59	16.59	0
1314	2024-04-02	16.59	16.59	16.59	16.59	0
1315	2024-04-03	16.59	16.59	16.59	16.59	0
1316	2024-04-04	16.59	16.59	16.59	16.59	0
1317	2024-04-05	16.59	16.59	16.59	16.59	0
1318	2024-04-08	16.59	16.59	16.59	16.59	0
1319	2024-04-09	16.59	16.59	16.59	16.59	0
1320	2024-04-10	16.59	16.59	16.59	16.59	0
1321	2024-04-11	16.59	16.59	16.59	16.59	0
1322	2024-04-12	16.59	16.59	16.59	16.59	0
1323	2024-04-15	16.59	16.59	16.59	16.59	0
1324	2024-04-16	16.59	16.59	16.59	16.59	0
1325	2024-04-17	16.59	16.59	16.59	16.59	0
1326	2024-04-19	16.59	16.59	16.59	16.59	0
1327	2024-04-22	16.59	16.59	16.59	16.59	0
1328	2024-04-23	16.59	16.59	16.59	16.59	0
1329	2024-04-24	16.59	16.59	16.59	16.59	0
1330	2024-04-25	16.59	16.59	16.59	16.59	0
1331	2024-04-26	16.59	16.59	16.59	16.59	0
1332	2024-05-02	16.59	16.59	16.59	16.59	0
1333	2024-05-03	16.59	16.59	16.59	16.59	0
1334	2024-05-06	16.59	16.59	16.59	16.59	0
1335	2024-05-07	16.59	16.59	16.59	16.59	0
1336	2024-05-08	16.59	16.59	16.59	16.59	0
1337	2024-05-09	16.59	16.59	16.59	16.59	0
1338	2024-05-10	16.59	16.59	16.59	16.59	0
1339	2024-05-13	16.59	16.59	16.59	16.59	0
1340	2024-05-14	16.59	16.59	16.59	16.59	0
1341	2024-05-15	19.0	19.0	19.0	19.0	100
1342	2024-05-16	19.0	19.0	19.0	19.0	0
1343	2024-05-17	19.0	19.0	19.0	19.0	0
1344	2024-05-20	19.0	19.0	19.0	19.0	0
1345	2024-05-21	19.0	19.0	19.0	19.0	0
1346	2024-05-22	19.0	19.0	19.0	19.0	0
1347	2024-05-23	19.0	19.0	19.0	19.0	0
1348	2024-05-24	19.0	19.0	19.0	19.0	101
1349	2024-05-27	19.0	19.0	19.0	19.0	0
1350	2024-05-28	19.0	19.0	19.0	19.0	0
1351	2024-05-29	19.0	19.0	19.0	19.0	0
1352	2024-05-30	19.0	19.0	19.0	19.0	0
1353	2024-05-31	19.0	19.0	19.0	19.0	0
1354	2024-06-03	19.0	19.0	19.0	19.0	0
1355	2024-06-04	19.0	19.0	19.0	19.0	100
1356	2024-06-05	19.0	19.0	19.0	19.0	1000
1357	2024-06-06	19.0	19.0	19.0	19.0	0
1358	2024-06-07	19.0	19.0	19.0	19.0	0
1359	2024-06-10	19.0	19.0	19.0	19.0	0
1360	2024-06-11	19.0	19.0	19.0	19.0	0
1361	2024-06-12	19.0	19.0	19.0	19.0	0
1362	2024-06-13	19.0	19.0	19.0	19.0	0
1363	2024-06-14	19.0	19.0	19.0	19.0	1
1364	2024-06-17	19.0	19.0	19.0	19.0	0
1365	2024-06-18	19.0	19.0	19.0	19.0	0
1366	2024-06-19	19.0	19.0	19.0	19.0	0
1367	2024-06-20	19.2	19.2	19.2	19.2	200
1368	2024-06-21	19.2	19.2	19.2	19.2	0
1369	2024-06-24	19.2	19.2	19.2	19.2	0
1370	2024-06-25	19.2	19.2	19.2	19.2	1
1371	2024-06-26	19.2	19.2	19.2	19.2	0
1372	2024-06-27	19.2	19.2	19.2	19.2	0
1373	2024-06-28	19.2	19.2	19.2	19.2	0
1374	2024-07-01	19.2	19.2	19.2	19.2	0
1375	2024-07-02	19.2	19.2	19.2	19.2	0
1376	2024-07-03	19.2	19.2	19.2	19.2	0
1377	2024-07-04	19.2	19.2	19.2	19.2	0
1378	2024-07-05	19.2	19.2	19.2	19.2	0
1379	2024-07-08	19.2	19.2	19.2	19.2	1
1380	2024-07-09	19.2	19.2	19.2	19.2	0
1381	2024-07-10	19.2	19.2	19.2	19.2	0
1382	2024-07-11	19.2	19.2	19.2	19.2	0
1383	2024-07-12	19.2	19.2	19.2	19.2	0
1384	2024-07-15	19.2	19.2	19.2	19.2	0
1385	2024-07-16	19.2	19.2	19.2	19.2	0
1386	2024-07-17	20.3	20.3	20.3	20.3	1600
1387	2024-07-18	20.3	20.3	20.3	20.3	100
1388	2024-07-19	20.3	20.3	20.3	20.3	0
1389	2024-07-22	18.5	18.5	18.5	18.5	100
1390	2024-07-23	18.5	18.5	18.5	18.5	0
1391	2024-07-24	18.5	18.5	18.5	18.5	0
1392	2024-07-25	18.5	18.5	18.5	18.5	0
1393	2024-10-03	18.5	18.5	18.5	18.5	2400
1394	2024-11-04	19.3	19.3	19.3	19.3	100
1395	2024-11-18	19.4	19.4	19.4	19.4	100
1396	2025-02-13	18.2	18.2	18.2	18.2	100
1397	2025-02-24	19.3	19.3	19.3	19.3	100
1398	2025-03-06	20.4	20.4	19.8	19.8	1400
1399	2025-03-07	19.5	19.5	19.5	19.5	200
1400	2025-03-12	18.5	18.5	18.5	18.5	1100
1401	2025-03-27	19.3	19.3	19.3	19.3	100
