	time	open	high	low	close	volume
0	2016-04-06	4.5	0.0	0.0	0.0	0
1	2016-04-07	4.5	0.0	0.0	0.0	0
2	2016-04-08	4.5	0.0	0.0	0.0	0
3	2016-04-11	4.5	0.0	0.0	0.0	0
4	2016-04-12	4.5	0.0	0.0	0.0	0
5	2016-04-13	4.5	0.0	0.0	0.0	0
6	2016-04-14	4.5	0.0	0.0	0.0	0
7	2016-04-15	4.5	0.0	0.0	0.0	0
8	2016-04-19	4.5	0.0	0.0	0.0	0
9	2016-04-20	4.5	0.0	0.0	0.0	0
10	2016-04-21	4.5	0.0	0.0	0.0	0
11	2016-04-22	4.5	0.0	0.0	0.0	0
12	2016-04-25	4.5	0.0	0.0	0.0	0
13	2016-04-26	4.5	0.0	0.0	0.0	0
14	2016-04-27	4.5	0.0	0.0	0.0	0
15	2016-04-28	4.5	0.0	0.0	0.0	0
16	2016-04-29	4.5	0.0	0.0	0.0	0
17	2016-05-04	4.5	0.0	0.0	0.0	0
18	2016-05-05	4.5	0.0	0.0	0.0	0
19	2016-05-06	4.5	0.0	0.0	0.0	0
20	2016-05-09	4.5	0.0	0.0	0.0	0
21	2016-05-10	4.5	0.0	0.0	0.0	0
22	2016-05-11	4.5	0.0	0.0	0.0	0
23	2016-05-12	4.5	0.0	0.0	0.0	0
24	2016-05-13	4.5	0.0	0.0	0.0	0
25	2016-05-16	4.5	0.0	0.0	0.0	0
26	2016-05-17	4.5	0.0	0.0	0.0	0
27	2016-05-18	4.5	0.0	0.0	0.0	0
28	2016-05-19	4.5	0.0	0.0	0.0	0
29	2016-05-20	4.5	0.0	0.0	0.0	0
30	2016-05-23	4.5	0.0	0.0	0.0	0
31	2016-05-24	4.14	0.0	0.0	0.0	0
32	2016-05-25	4.14	0.0	0.0	0.0	0
33	2016-05-26	4.14	0.0	0.0	0.0	0
34	2016-05-27	4.14	0.0	0.0	0.0	0
35	2016-05-30	4.14	0.0	0.0	0.0	0
36	2016-05-31	4.14	0.0	0.0	0.0	0
37	2016-06-01	4.14	0.0	0.0	0.0	0
38	2016-06-02	4.14	0.0	0.0	0.0	0
39	2016-06-03	4.14	0.0	0.0	0.0	0
40	2016-06-06	4.14	0.0	0.0	0.0	0
41	2016-06-07	4.14	0.0	0.0	0.0	0
42	2016-06-08	4.14	0.0	0.0	0.0	0
43	2016-06-09	4.14	0.0	0.0	0.0	0
44	2016-06-10	4.14	0.0	0.0	0.0	0
45	2016-06-13	4.14	0.0	0.0	0.0	0
46	2016-06-14	4.14	0.0	0.0	0.0	0
47	2016-06-15	4.14	0.0	0.0	0.0	0
48	2016-06-16	4.14	0.0	0.0	0.0	0
49	2016-06-17	4.14	0.0	0.0	0.0	0
50	2016-06-20	4.14	0.0	0.0	0.0	0
51	2016-06-21	4.14	0.0	0.0	0.0	0
52	2016-06-22	4.14	0.0	0.0	0.0	0
53	2016-06-23	4.14	0.0	0.0	0.0	0
54	2016-06-24	4.14	0.0	0.0	0.0	0
55	2016-06-27	4.14	0.0	0.0	0.0	0
56	2016-06-28	4.14	0.0	0.0	0.0	0
57	2016-06-29	4.14	0.0	0.0	0.0	0
58	2016-06-30	4.14	0.0	0.0	0.0	0
59	2016-07-01	4.14	0.0	0.0	0.0	0
60	2016-07-04	4.14	0.0	0.0	0.0	0
61	2016-07-05	4.14	0.0	0.0	0.0	0
62	2016-07-06	4.14	0.0	0.0	0.0	0
63	2016-07-07	4.14	0.0	0.0	0.0	0
64	2016-07-08	4.14	0.0	0.0	0.0	0
65	2016-07-11	4.14	0.0	0.0	0.0	0
66	2016-07-12	4.14	0.0	0.0	0.0	0
67	2016-07-13	4.14	0.0	0.0	0.0	0
68	2016-07-14	4.14	0.0	0.0	0.0	0
69	2016-07-15	4.14	0.0	0.0	0.0	0
70	2016-07-18	4.14	0.0	0.0	0.0	0
71	2016-07-19	4.14	0.0	0.0	0.0	0
72	2016-07-20	4.14	0.0	0.0	0.0	0
73	2016-07-21	4.14	0.0	0.0	0.0	0
74	2016-07-22	4.14	0.0	0.0	0.0	0
75	2016-07-25	4.14	0.0	0.0	0.0	0
76	2016-07-26	4.14	0.0	0.0	0.0	0
77	2016-07-27	4.14	0.0	0.0	0.0	0
78	2016-07-28	4.14	0.0	0.0	0.0	0
79	2016-07-29	4.14	0.0	0.0	0.0	0
80	2016-08-01	4.14	0.0	0.0	0.0	0
81	2016-08-02	4.14	0.0	0.0	0.0	0
82	2016-08-03	4.14	0.0	0.0	0.0	0
83	2016-08-04	4.14	0.0	0.0	0.0	0
84	2016-08-05	4.14	0.0	0.0	0.0	0
85	2016-08-08	4.14	0.0	0.0	0.0	0
86	2016-08-09	4.14	0.0	0.0	0.0	0
87	2016-08-10	4.14	0.0	0.0	0.0	0
88	2016-08-11	4.14	0.0	0.0	0.0	0
89	2016-08-12	4.14	0.0	0.0	0.0	0
90	2016-08-15	4.14	0.0	0.0	0.0	0
91	2016-08-16	4.14	0.0	0.0	0.0	0
92	2016-08-17	4.14	0.0	0.0	0.0	0
93	2016-08-18	4.14	0.0	0.0	0.0	0
94	2016-08-19	4.14	0.0	0.0	0.0	0
95	2016-08-22	4.14	0.0	0.0	0.0	0
96	2016-08-23	4.14	0.0	0.0	0.0	0
97	2016-08-24	4.14	0.0	0.0	0.0	0
98	2016-08-25	4.14	0.0	0.0	0.0	0
99	2016-08-26	4.14	0.0	0.0	0.0	0
100	2016-08-29	4.14	0.0	0.0	0.0	0
101	2016-08-30	4.14	0.0	0.0	0.0	0
102	2016-08-31	4.14	0.0	0.0	0.0	0
103	2016-09-01	4.14	0.0	0.0	0.0	0
104	2016-09-05	4.14	0.0	0.0	0.0	0
105	2016-09-06	4.14	0.0	0.0	0.0	0
106	2016-09-07	4.14	0.0	0.0	0.0	0
107	2016-09-08	4.14	0.0	0.0	0.0	0
108	2016-09-09	4.14	0.0	0.0	0.0	0
109	2016-09-12	4.14	0.0	0.0	0.0	0
110	2016-09-13	4.14	0.0	0.0	0.0	0
111	2016-09-14	4.14	0.0	0.0	0.0	0
112	2016-09-15	4.14	0.0	0.0	0.0	0
113	2016-09-16	4.14	0.0	0.0	0.0	0
114	2016-09-19	4.14	0.0	0.0	0.0	0
115	2016-09-20	4.14	0.0	0.0	0.0	0
116	2016-09-21	4.14	0.0	0.0	0.0	0
117	2016-09-22	4.14	0.0	0.0	0.0	0
118	2016-09-23	4.14	0.0	0.0	0.0	0
119	2016-09-26	4.14	0.0	0.0	0.0	0
120	2016-09-27	4.14	0.0	0.0	0.0	0
121	2016-09-28	4.14	0.0	0.0	0.0	0
122	2016-09-29	4.14	0.0	0.0	0.0	0
123	2016-09-30	4.14	0.0	0.0	0.0	0
124	2016-10-03	4.14	0.0	0.0	0.0	0
125	2016-10-04	4.14	0.0	0.0	0.0	0
126	2016-10-05	4.14	0.0	0.0	0.0	0
127	2016-10-06	4.14	0.0	0.0	0.0	0
128	2016-10-07	4.14	0.0	0.0	0.0	0
129	2016-10-10	4.14	0.0	0.0	0.0	0
130	2016-10-11	4.14	0.0	0.0	0.0	0
131	2016-10-12	4.14	0.0	0.0	0.0	0
132	2016-10-13	4.14	0.0	0.0	0.0	0
133	2016-10-14	4.14	0.0	0.0	0.0	0
134	2016-10-17	4.14	0.0	0.0	0.0	0
135	2016-10-18	4.14	0.0	0.0	0.0	0
136	2016-10-19	4.14	0.0	0.0	0.0	0
137	2016-10-20	4.14	0.0	0.0	0.0	0
138	2016-10-21	4.14	0.0	0.0	0.0	0
139	2016-10-24	4.14	0.0	0.0	0.0	0
140	2016-10-25	4.14	0.0	0.0	0.0	0
141	2016-10-26	4.14	0.0	0.0	0.0	0
142	2016-10-27	4.14	0.0	0.0	0.0	0
143	2016-10-28	4.14	0.0	0.0	0.0	0
144	2016-10-31	4.14	0.0	0.0	0.0	0
145	2016-11-01	4.14	0.0	0.0	0.0	0
146	2016-11-02	4.14	0.0	0.0	0.0	0
147	2016-11-03	4.14	0.0	0.0	0.0	0
148	2016-11-04	4.14	0.0	0.0	0.0	0
149	2016-11-07	4.14	0.0	0.0	0.0	0
150	2016-11-08	4.14	0.0	0.0	0.0	0
151	2016-11-09	4.14	0.0	0.0	0.0	0
152	2016-11-10	4.14	0.0	0.0	0.0	0
153	2016-11-11	4.14	0.0	0.0	0.0	0
154	2016-11-14	4.14	0.0	0.0	0.0	0
155	2016-11-15	4.14	0.0	0.0	0.0	0
156	2016-11-16	4.14	0.0	0.0	0.0	0
157	2016-11-17	4.14	0.0	0.0	0.0	0
158	2016-11-18	4.14	0.0	0.0	0.0	0
159	2016-11-21	4.14	0.0	0.0	0.0	0
160	2016-11-22	4.14	0.0	0.0	0.0	0
161	2016-11-23	4.14	0.0	0.0	0.0	0
162	2016-11-24	4.14	0.0	0.0	0.0	0
163	2016-11-25	4.14	0.0	0.0	0.0	0
164	2016-11-28	4.14	0.0	0.0	0.0	0
165	2016-11-29	4.14	0.0	0.0	0.0	0
166	2016-11-30	4.14	0.0	0.0	0.0	0
167	2016-12-01	4.14	0.0	0.0	0.0	0
168	2016-12-02	4.14	0.0	0.0	0.0	0
169	2016-12-05	4.14	0.0	0.0	0.0	0
170	2016-12-06	4.14	0.0	0.0	0.0	0
171	2016-12-07	4.14	0.0	0.0	0.0	0
172	2016-12-08	4.14	0.0	0.0	0.0	0
173	2016-12-09	4.14	0.0	0.0	0.0	0
174	2016-12-12	4.14	0.0	0.0	0.0	0
175	2016-12-13	4.14	0.0	0.0	0.0	0
176	2016-12-14	4.14	0.0	0.0	0.0	0
177	2016-12-15	4.14	0.0	0.0	0.0	0
178	2016-12-16	4.14	0.0	0.0	0.0	0
179	2016-12-19	4.14	0.0	0.0	0.0	0
180	2016-12-20	4.14	0.0	0.0	0.0	0
181	2016-12-21	4.14	0.0	0.0	0.0	0
182	2016-12-22	4.14	0.0	0.0	0.0	0
183	2016-12-23	4.14	0.0	0.0	0.0	0
184	2016-12-26	4.14	0.0	0.0	0.0	0
185	2016-12-27	4.14	0.0	0.0	0.0	0
186	2016-12-28	4.14	0.0	0.0	0.0	0
187	2016-12-29	4.14	0.0	0.0	0.0	0
188	2016-12-30	4.14	0.0	0.0	0.0	0
189	2017-01-03	4.14	0.0	0.0	0.0	0
190	2017-01-04	4.14	0.0	0.0	0.0	0
191	2017-01-05	4.14	0.0	0.0	0.0	0
192	2017-01-06	4.14	0.0	0.0	0.0	0
193	2017-01-09	4.14	0.0	0.0	0.0	0
194	2017-01-10	4.14	0.0	0.0	0.0	0
195	2017-01-11	4.14	0.0	0.0	0.0	0
196	2017-01-12	4.14	0.0	0.0	0.0	0
197	2017-01-13	4.14	0.0	0.0	0.0	0
198	2017-01-16	4.14	0.0	0.0	0.0	0
199	2017-01-17	4.14	0.0	0.0	0.0	0
200	2017-01-18	4.14	0.0	0.0	0.0	0
201	2017-01-19	4.14	0.0	0.0	0.0	0
202	2017-01-20	4.14	0.0	0.0	0.0	0
203	2017-01-23	4.14	0.0	0.0	0.0	0
204	2017-01-24	4.14	0.0	0.0	0.0	0
205	2017-01-25	4.14	0.0	0.0	0.0	0
206	2017-02-02	4.14	0.0	0.0	0.0	0
207	2017-02-03	4.14	0.0	0.0	0.0	0
208	2017-02-06	4.14	0.0	0.0	0.0	0
209	2017-02-07	4.14	0.0	0.0	0.0	0
210	2017-02-08	4.14	0.0	0.0	0.0	0
211	2017-02-09	4.14	0.0	0.0	0.0	0
212	2017-02-10	4.14	0.0	0.0	0.0	0
213	2017-02-13	4.14	0.0	0.0	0.0	0
214	2017-02-14	4.14	0.0	0.0	0.0	0
215	2017-02-15	4.14	0.0	0.0	0.0	0
216	2017-02-16	4.14	0.0	0.0	0.0	0
217	2017-02-17	4.14	0.0	0.0	0.0	0
218	2017-02-20	4.14	0.0	0.0	0.0	0
219	2017-02-21	4.14	0.0	0.0	0.0	0
220	2017-02-22	4.14	0.0	0.0	0.0	0
221	2017-02-23	4.14	0.0	0.0	0.0	0
222	2017-02-24	4.14	0.0	0.0	0.0	0
223	2017-02-27	4.14	0.0	0.0	0.0	0
224	2017-02-28	4.14	0.0	0.0	0.0	0
225	2017-03-01	4.14	0.0	0.0	0.0	0
226	2017-03-02	4.14	0.0	0.0	0.0	0
227	2017-03-03	4.14	0.0	0.0	0.0	0
228	2017-03-06	4.14	0.0	0.0	0.0	0
229	2017-03-07	4.14	0.0	0.0	0.0	0
230	2017-03-08	4.14	0.0	0.0	0.0	0
231	2017-03-09	4.14	0.0	0.0	0.0	0
232	2017-03-10	4.14	0.0	0.0	0.0	0
233	2017-03-13	4.14	0.0	0.0	0.0	0
234	2017-03-14	4.14	0.0	0.0	0.0	0
235	2017-03-15	4.14	0.0	0.0	0.0	0
236	2017-03-16	4.14	0.0	0.0	0.0	0
237	2017-03-17	4.14	0.0	0.0	0.0	0
238	2017-03-20	4.14	0.0	0.0	0.0	0
239	2017-03-21	4.14	4.14	4.14	4.14	0
240	2017-03-22	4.14	4.14	4.14	4.14	0
241	2017-03-23	4.14	4.14	4.14	4.14	0
242	2017-03-24	4.14	4.14	4.14	4.14	0
243	2017-03-27	4.14	4.14	4.14	4.14	0
244	2017-03-28	4.14	4.14	4.14	4.14	0
245	2017-03-29	4.14	4.14	4.14	4.14	0
246	2017-03-30	4.14	4.14	4.14	4.14	0
247	2017-03-31	4.14	4.14	4.14	4.14	0
248	2017-04-03	4.14	4.14	4.14	4.14	0
249	2017-04-04	4.14	4.14	4.14	4.14	0
250	2017-04-05	4.14	4.14	4.14	4.14	0
251	2017-04-07	4.14	4.14	4.14	4.14	0
252	2017-04-10	4.14	4.14	4.14	4.14	0
253	2017-04-11	4.14	4.14	4.14	4.14	0
254	2017-04-12	4.14	4.14	4.14	4.14	0
255	2017-04-13	4.14	4.14	4.14	4.14	0
256	2017-04-14	4.14	4.14	4.14	4.14	0
257	2017-04-17	4.14	4.14	4.14	4.14	0
258	2017-04-18	4.14	4.14	4.14	4.14	0
259	2017-04-19	4.14	4.14	4.14	4.14	0
260	2017-04-20	4.14	4.14	4.14	4.14	0
261	2017-04-21	4.14	4.14	4.14	4.14	0
262	2017-04-24	4.14	4.14	4.14	4.14	0
263	2017-04-25	4.14	4.14	4.14	4.14	0
264	2017-04-26	4.14	4.14	4.14	4.14	0
265	2017-04-27	4.14	4.14	4.14	4.14	0
266	2017-04-28	4.14	4.14	4.14	4.14	0
267	2017-05-03	4.14	4.14	4.14	4.14	0
268	2017-05-04	4.14	4.14	4.14	4.14	0
269	2017-05-05	4.14	4.14	4.14	4.14	0
270	2017-05-08	4.14	4.14	4.14	4.14	0
271	2017-05-09	4.14	4.14	4.14	4.14	0
272	2017-05-10	4.14	4.14	4.14	4.14	0
273	2017-05-11	4.14	4.14	4.14	4.14	0
274	2017-05-12	4.14	4.14	4.14	4.14	0
275	2017-05-15	4.14	4.14	4.14	4.14	0
276	2017-05-16	4.14	4.14	4.14	4.14	0
277	2017-05-17	4.14	4.14	4.14	4.14	0
278	2017-05-18	4.14	4.14	4.14	4.14	0
279	2017-05-19	4.13	4.13	4.13	4.13	0
280	2017-05-22	4.13	4.13	4.13	4.13	0
281	2017-05-23	4.13	4.13	4.13	4.13	0
282	2017-05-24	4.13	4.13	4.13	4.13	0
283	2017-05-25	4.13	4.13	4.13	4.13	0
284	2017-05-26	4.13	4.13	4.13	4.13	0
285	2017-05-29	4.13	4.13	4.13	4.13	0
286	2017-05-30	4.13	4.13	4.13	4.13	0
287	2017-05-31	4.13	4.13	4.13	4.13	0
288	2017-06-01	4.13	4.13	4.13	4.13	0
289	2017-06-02	4.13	4.13	4.13	4.13	0
290	2017-06-05	4.13	4.13	4.13	4.13	0
291	2017-06-06	4.13	4.13	4.13	4.13	0
292	2017-06-07	4.13	4.13	4.13	4.13	0
293	2017-06-08	4.13	4.13	4.13	4.13	0
294	2017-06-09	4.13	4.13	4.13	4.13	0
295	2017-06-12	4.13	4.13	4.13	4.13	0
296	2017-06-13	4.13	4.13	4.13	4.13	0
297	2017-06-14	4.13	4.13	4.13	4.13	0
298	2017-06-15	4.13	4.13	4.13	4.13	0
299	2017-06-16	4.13	4.13	4.13	4.13	0
300	2017-06-19	4.13	4.13	4.13	4.13	0
301	2017-06-20	4.13	4.13	4.13	4.13	0
302	2017-06-21	4.13	4.13	4.13	4.13	0
303	2017-06-22	4.13	4.13	4.13	4.13	0
304	2017-06-23	4.13	4.13	4.13	4.13	0
305	2017-06-26	4.13	4.13	4.13	4.13	0
306	2017-06-27	4.13	4.13	4.13	4.13	0
307	2017-06-28	4.13	4.13	4.13	4.13	0
308	2017-06-29	4.13	4.13	4.13	4.13	0
309	2017-06-30	4.13	4.13	4.13	4.13	0
310	2017-07-03	4.13	4.13	4.13	4.13	0
311	2017-07-04	4.13	4.13	4.13	4.13	0
312	2017-07-05	4.13	4.13	4.13	4.13	0
313	2017-07-06	4.13	4.13	4.13	4.13	0
314	2017-07-07	4.13	4.13	4.13	4.13	0
315	2017-07-10	4.13	4.13	4.13	4.13	0
316	2017-07-11	4.13	4.13	4.13	4.13	0
317	2017-07-12	4.13	4.13	4.13	4.13	0
318	2017-07-13	4.13	4.13	4.13	4.13	0
319	2017-07-14	4.13	4.13	4.13	4.13	0
320	2017-07-17	4.13	4.13	4.13	4.13	0
321	2017-07-18	4.13	4.13	4.13	4.13	0
322	2017-07-19	4.13	4.13	4.13	4.13	0
323	2017-07-20	4.13	4.13	4.13	4.13	0
324	2017-07-21	4.13	4.13	4.13	4.13	0
325	2017-07-24	4.13	4.13	4.13	4.13	0
326	2017-07-25	4.13	4.13	4.13	4.13	0
327	2017-07-26	4.13	4.13	4.13	4.13	0
328	2017-07-27	4.13	4.13	4.13	4.13	0
329	2017-07-28	4.13	4.13	4.13	4.13	0
330	2017-07-31	4.13	4.13	4.13	4.13	0
331	2017-08-01	4.13	4.13	4.13	4.13	0
332	2017-08-02	4.13	4.13	4.13	4.13	0
333	2017-08-03	4.13	4.13	4.13	4.13	0
334	2017-08-04	4.13	4.13	4.13	4.13	0
335	2017-08-07	4.13	4.13	4.13	4.13	0
336	2017-08-08	4.13	4.13	4.13	4.13	0
337	2017-08-09	4.13	4.13	4.13	4.13	0
338	2017-08-10	4.13	4.13	4.13	4.13	0
339	2017-08-11	4.13	4.13	4.13	4.13	0
340	2017-08-14	4.13	4.13	4.13	4.13	0
341	2017-08-15	4.13	4.13	4.13	4.13	0
342	2017-08-16	4.13	4.13	4.13	4.13	0
343	2017-08-17	4.13	4.13	4.13	4.13	0
344	2017-08-18	4.13	4.13	4.13	4.13	0
345	2017-08-21	4.13	4.13	4.13	4.13	0
346	2017-08-22	4.13	4.13	4.13	4.13	0
347	2017-08-23	4.13	4.13	4.13	4.13	0
348	2017-08-24	4.13	4.13	4.13	4.13	0
349	2017-08-25	4.13	4.13	4.13	4.13	0
350	2017-08-28	4.13	4.13	4.13	4.13	0
351	2017-08-29	4.13	4.13	4.13	4.13	0
352	2017-08-30	4.13	4.13	4.13	4.13	0
353	2017-08-31	4.13	4.13	4.13	4.13	0
354	2017-09-01	4.13	4.13	4.13	4.13	0
355	2017-09-05	4.13	4.13	4.13	4.13	0
356	2017-09-06	4.13	4.13	4.13	4.13	0
357	2017-09-07	4.13	4.13	4.13	4.13	0
358	2017-09-08	4.13	4.13	4.13	4.13	0
359	2017-09-11	4.13	4.13	4.13	4.13	0
360	2017-09-12	4.13	4.13	4.13	4.13	0
361	2017-09-13	4.13	4.13	4.13	4.13	0
362	2017-09-14	4.13	4.13	4.13	4.13	0
363	2017-09-15	4.13	4.13	4.13	4.13	0
364	2017-09-18	4.13	4.13	4.13	4.13	0
365	2017-09-19	4.13	4.13	4.13	4.13	0
366	2017-09-20	4.13	4.13	4.13	4.13	0
367	2017-09-21	4.13	4.13	4.13	4.13	0
368	2017-09-22	4.13	4.13	4.13	4.13	0
369	2017-09-25	4.13	4.13	4.13	4.13	0
370	2017-09-26	4.13	4.13	4.13	4.13	0
371	2017-09-27	4.13	4.13	4.13	4.13	0
372	2017-09-28	4.13	4.13	4.13	4.13	0
373	2017-09-29	4.13	4.13	4.13	4.13	0
374	2017-10-02	4.13	4.13	4.13	4.13	0
375	2017-10-03	4.13	4.13	4.13	4.13	0
376	2017-10-04	4.13	4.13	4.13	4.13	0
377	2017-10-05	4.13	4.13	4.13	4.13	0
378	2017-10-06	4.13	4.13	4.13	4.13	0
379	2017-10-09	4.13	4.13	4.13	4.13	0
380	2017-10-10	4.13	4.13	4.13	4.13	0
381	2017-10-11	4.13	4.13	4.13	4.13	0
382	2017-10-12	4.13	4.13	4.13	4.13	0
383	2017-10-13	4.13	4.13	4.13	4.13	0
384	2017-10-16	4.13	4.13	4.13	4.13	0
385	2017-10-17	4.13	4.13	4.13	4.13	0
386	2017-10-18	4.13	4.13	4.13	4.13	0
387	2017-10-19	4.13	4.13	4.13	4.13	0
388	2017-10-20	4.13	4.13	4.13	4.13	0
389	2017-10-23	4.13	4.13	4.13	4.13	0
390	2017-10-24	4.13	4.13	4.13	4.13	0
391	2017-10-25	4.13	4.13	4.13	4.13	0
392	2017-10-26	4.13	4.13	4.13	4.13	0
393	2017-10-27	4.13	4.13	4.13	4.13	0
394	2017-10-30	4.13	4.13	4.13	4.13	0
395	2017-10-31	4.13	4.13	4.13	4.13	0
396	2017-11-01	4.13	4.13	4.13	4.13	0
397	2017-11-02	4.13	4.13	4.13	4.13	0
398	2017-11-03	4.13	4.13	4.13	4.13	0
399	2017-11-06	4.13	4.13	4.13	4.13	0
400	2017-11-07	4.13	4.13	4.13	4.13	0
401	2017-11-08	4.13	4.13	4.13	4.13	0
402	2017-11-09	4.13	4.13	4.13	4.13	0
403	2017-11-10	4.13	4.13	4.13	4.13	0
404	2017-11-13	4.13	4.13	4.13	4.13	0
405	2017-11-14	4.13	4.13	4.13	4.13	0
406	2017-11-15	4.13	4.13	4.13	4.13	0
407	2017-11-16	4.13	4.13	4.13	4.13	0
408	2017-11-17	4.13	4.13	4.13	4.13	0
409	2017-11-20	4.13	4.13	4.13	4.13	0
410	2017-11-21	4.13	4.13	4.13	4.13	0
411	2017-11-22	4.13	4.13	4.13	4.13	0
412	2017-11-23	4.13	4.13	4.13	4.13	0
413	2017-11-24	4.13	4.13	4.13	4.13	0
414	2017-11-27	4.13	4.13	4.13	4.13	0
415	2017-11-28	4.13	4.13	4.13	4.13	0
416	2017-11-29	4.13	4.13	4.13	4.13	0
417	2017-11-30	4.13	4.13	4.13	4.13	0
418	2017-12-01	4.13	4.13	4.13	4.13	0
419	2017-12-04	4.13	4.13	4.13	4.13	0
420	2017-12-05	4.13	4.13	4.13	4.13	0
421	2017-12-06	4.13	4.13	4.13	4.13	0
422	2017-12-07	4.13	4.13	4.13	4.13	0
423	2017-12-08	4.13	4.13	4.13	4.13	0
424	2017-12-11	4.13	4.13	4.13	4.13	0
425	2017-12-12	4.13	4.13	4.13	4.13	0
426	2017-12-13	4.13	4.13	4.13	4.13	0
427	2017-12-14	4.13	4.13	4.13	4.13	0
428	2017-12-15	4.13	4.13	4.13	4.13	0
429	2017-12-18	4.13	4.13	4.13	4.13	0
430	2017-12-19	4.13	4.13	4.13	4.13	0
431	2017-12-20	4.13	4.13	4.13	4.13	0
432	2017-12-21	4.13	4.13	4.13	4.13	0
433	2017-12-22	4.13	4.13	4.13	4.13	0
434	2017-12-25	4.13	4.13	4.13	4.13	0
435	2017-12-26	4.13	4.13	4.13	4.13	0
436	2017-12-27	4.13	4.13	4.13	4.13	0
437	2017-12-28	4.13	4.13	4.13	4.13	0
438	2017-12-29	4.13	4.13	4.13	4.13	0
439	2018-01-02	4.13	4.13	4.13	4.13	0
440	2018-01-03	4.13	4.13	4.13	4.13	0
441	2018-01-04	4.13	4.13	4.13	4.13	0
442	2018-01-05	4.13	4.13	4.13	4.13	0
443	2018-01-08	4.13	4.13	4.13	4.13	0
444	2018-01-09	4.13	4.13	4.13	4.13	0
445	2018-01-10	4.13	4.13	4.13	4.13	0
446	2018-01-11	4.13	4.13	4.13	4.13	0
447	2018-01-12	4.13	4.13	4.13	4.13	0
448	2018-01-15	4.13	4.13	4.13	4.13	0
449	2018-01-16	4.13	4.13	4.13	4.13	0
450	2018-01-17	4.13	4.13	4.13	4.13	0
451	2018-01-18	4.13	4.13	4.13	4.13	0
452	2018-01-19	4.13	4.13	4.13	4.13	0
453	2018-01-22	4.13	4.13	4.13	4.13	0
454	2018-01-23	4.13	4.13	4.13	4.13	0
455	2018-01-24	4.13	4.13	4.13	4.13	0
456	2018-01-25	4.13	4.13	4.13	4.13	0
457	2018-01-26	4.13	4.13	4.13	4.13	0
458	2018-01-29	4.13	4.13	4.13	4.13	0
459	2018-01-30	4.13	4.13	4.13	4.13	0
460	2018-01-31	4.13	4.13	4.13	4.13	0
461	2018-02-01	4.13	4.13	4.13	4.13	0
462	2018-02-02	4.13	4.13	4.13	4.13	0
463	2018-02-05	4.13	4.13	4.13	4.13	0
464	2018-02-06	4.13	4.13	4.13	4.13	0
465	2018-02-07	4.13	4.13	4.13	4.13	0
466	2018-02-08	4.13	4.13	4.13	4.13	0
467	2018-02-09	4.13	4.13	4.13	4.13	0
468	2018-02-12	4.13	4.13	4.13	4.13	0
469	2018-02-13	4.13	4.13	4.13	4.13	0
470	2018-02-21	4.13	4.13	4.13	4.13	0
471	2018-02-22	4.13	4.13	4.13	4.13	0
472	2018-02-23	4.13	4.13	4.13	4.13	0
473	2018-02-26	4.13	4.13	4.13	4.13	0
474	2018-02-27	4.13	4.13	4.13	4.13	0
475	2018-02-28	4.13	4.13	4.13	4.13	0
476	2018-03-01	4.13	4.13	4.13	4.13	0
477	2018-03-02	4.13	4.13	4.13	4.13	0
478	2018-03-05	4.13	4.13	4.13	4.13	0
479	2018-03-06	4.13	4.13	4.13	4.13	0
480	2018-03-07	4.13	4.13	4.13	4.13	0
481	2018-03-08	4.13	4.13	4.13	4.13	0
482	2018-03-09	4.13	4.13	4.13	4.13	0
483	2018-03-12	4.13	4.13	4.13	4.13	0
484	2018-03-13	4.13	4.13	4.13	4.13	0
485	2018-03-14	4.13	4.13	4.13	4.13	0
486	2018-03-15	4.13	4.13	4.13	4.13	0
487	2018-03-16	4.13	4.13	4.13	4.13	0
488	2018-03-19	4.13	4.13	4.13	4.13	0
489	2018-03-20	4.13	4.13	4.13	4.13	0
490	2018-03-21	4.13	4.13	4.13	4.13	0
491	2018-03-22	4.13	4.13	4.13	4.13	0
492	2018-03-23	4.13	4.13	4.13	4.13	0
493	2018-03-26	4.13	4.13	4.13	4.13	0
494	2018-03-27	4.13	4.13	4.13	4.13	0
495	2018-03-28	4.13	4.13	4.13	4.13	0
496	2018-03-29	4.13	4.13	4.13	4.13	0
497	2018-03-30	4.13	4.13	4.13	4.13	0
498	2018-04-02	4.13	4.13	4.13	4.13	0
499	2018-04-03	4.13	4.13	4.13	4.13	0
500	2018-04-04	4.13	4.13	4.13	4.13	0
501	2018-04-05	4.13	4.13	4.13	4.13	0
502	2018-04-06	4.13	4.13	4.13	4.13	0
503	2018-04-09	4.13	4.13	4.13	4.13	0
504	2018-04-10	4.13	4.13	4.13	4.13	0
505	2018-04-11	4.13	4.13	4.13	4.13	0
506	2018-04-12	4.13	4.13	4.13	4.13	0
507	2018-04-13	4.13	4.13	4.13	4.13	0
508	2018-04-16	4.13	4.13	4.13	4.13	0
509	2018-04-17	4.13	4.13	4.13	4.13	0
510	2018-04-18	4.13	4.13	4.13	4.13	0
511	2018-04-19	4.13	4.13	4.13	4.13	0
512	2018-04-20	4.13	4.13	4.13	4.13	0
513	2018-04-23	4.13	4.13	4.13	4.13	0
514	2018-04-24	4.13	4.13	4.13	4.13	0
515	2018-04-26	4.13	4.13	4.13	4.13	0
516	2018-04-27	4.13	4.13	4.13	4.13	0
517	2018-05-02	4.13	4.13	4.13	4.13	0
518	2018-05-03	4.13	4.13	4.13	4.13	0
519	2018-05-04	4.13	4.13	4.13	4.13	0
520	2018-05-07	4.13	4.13	4.13	4.13	0
521	2018-05-08	4.13	4.13	4.13	4.13	0
522	2018-05-09	4.13	4.13	4.13	4.13	0
523	2018-05-10	4.13	4.13	4.13	4.13	0
524	2018-05-11	4.13	4.13	4.13	4.13	0
525	2018-05-14	4.13	4.13	4.13	4.13	0
526	2018-05-15	4.13	4.13	4.13	4.13	0
527	2018-05-16	4.13	4.13	4.13	4.13	0
528	2018-05-17	4.13	4.13	4.13	4.13	0
529	2018-05-18	4.13	4.13	4.13	4.13	0
530	2018-05-21	4.13	4.13	4.13	4.13	0
531	2018-05-22	4.13	4.13	4.13	4.13	0
532	2018-05-23	4.12	4.12	4.12	4.12	700
533	2018-05-24	4.12	4.12	4.12	4.12	0
534	2018-05-25	4.12	4.12	4.12	4.12	0
535	2018-05-28	4.12	4.12	4.12	4.12	0
536	2018-05-29	4.12	4.12	4.12	4.12	0
537	2018-05-30	4.12	4.12	4.12	4.12	0
538	2018-05-31	4.12	4.12	4.12	4.12	0
539	2018-06-01	4.12	4.12	4.12	4.12	0
540	2018-06-04	4.12	4.12	4.12	4.12	0
541	2018-06-05	4.12	4.12	4.12	4.12	0
542	2018-06-06	4.12	4.12	4.12	4.12	0
543	2018-06-07	4.12	4.12	4.12	4.12	0
544	2018-06-08	4.12	4.12	4.12	4.12	0
545	2018-06-11	4.12	4.12	4.12	4.12	0
546	2018-06-12	4.12	4.12	4.12	4.12	0
547	2018-06-13	4.12	4.12	4.12	4.12	0
548	2018-06-14	4.12	4.12	4.12	4.12	0
549	2018-06-15	4.12	4.12	4.12	4.12	0
550	2018-06-18	4.12	4.12	4.12	4.12	0
551	2018-06-19	4.12	4.12	4.12	4.12	0
552	2018-06-20	4.12	4.12	4.12	4.12	0
553	2018-06-21	4.12	4.12	4.12	4.12	0
554	2018-06-22	4.12	4.12	4.12	4.12	0
555	2018-06-25	4.12	4.12	4.12	4.12	0
556	2018-06-26	4.12	4.12	4.12	4.12	0
557	2018-06-27	4.12	4.12	4.12	4.12	0
558	2018-06-28	4.12	4.12	4.12	4.12	0
559	2018-06-29	4.12	4.12	4.12	4.12	0
560	2018-07-02	4.12	4.12	4.12	4.12	0
561	2018-07-03	4.12	4.12	4.12	4.12	0
562	2018-07-04	4.12	4.12	4.12	4.12	0
563	2018-07-05	4.12	4.12	4.12	4.12	0
564	2018-07-06	4.12	4.12	4.12	4.12	0
565	2018-07-09	4.12	4.12	4.12	4.12	0
566	2018-07-10	4.12	4.12	4.12	4.12	0
567	2018-07-11	4.12	4.12	4.12	4.12	0
568	2018-07-12	4.12	4.12	4.12	4.12	0
569	2018-07-13	4.12	4.12	4.12	4.12	0
570	2018-07-16	4.12	4.12	4.12	4.12	0
571	2018-07-17	4.12	4.12	4.12	4.12	0
572	2018-07-18	4.12	4.12	4.12	4.12	0
573	2018-07-19	4.12	4.12	4.12	4.12	0
574	2018-07-20	4.12	4.12	4.12	4.12	0
575	2018-07-23	4.12	4.12	4.12	4.12	0
576	2018-07-24	4.12	4.12	4.12	4.12	0
577	2018-07-25	4.12	4.12	4.12	4.12	0
578	2018-07-26	4.12	4.12	4.12	4.12	0
579	2018-07-27	4.12	4.12	4.12	4.12	0
580	2018-07-30	4.12	4.12	4.12	4.12	0
581	2018-07-31	4.12	4.12	4.12	4.12	0
582	2018-08-01	4.12	4.12	4.12	4.12	0
583	2018-08-02	4.12	4.12	4.12	4.12	0
584	2018-08-03	4.12	4.12	4.12	4.12	0
585	2018-08-06	4.12	4.12	4.12	4.12	0
586	2018-08-07	4.12	4.12	4.12	4.12	0
587	2018-08-08	4.12	4.12	4.12	4.12	0
588	2018-08-09	4.12	4.12	4.12	4.12	0
589	2018-08-10	4.12	4.12	4.12	4.12	0
590	2018-08-13	4.12	4.12	4.12	4.12	0
591	2018-08-14	4.12	4.12	4.12	4.12	0
592	2018-08-15	4.12	4.12	4.12	4.12	0
593	2018-08-16	4.12	4.12	4.12	4.12	0
594	2018-08-17	4.12	4.12	4.12	4.12	0
595	2018-08-20	4.12	4.12	4.12	4.12	0
596	2018-08-21	4.12	4.12	4.12	4.12	0
597	2018-08-22	4.12	4.12	4.12	4.12	0
598	2018-08-23	4.12	4.12	4.12	4.12	0
599	2018-08-24	4.12	4.12	4.12	4.12	0
600	2018-08-27	4.12	4.12	4.12	4.12	0
601	2018-08-28	4.12	4.12	4.12	4.12	0
602	2018-08-29	4.12	4.12	4.12	4.12	0
603	2018-08-30	4.12	4.12	4.12	4.12	0
604	2018-08-31	4.12	4.12	4.12	4.12	0
605	2018-09-04	4.12	4.12	4.12	4.12	0
606	2018-09-05	4.12	4.12	4.12	4.12	0
607	2018-09-06	4.12	4.12	4.12	4.12	0
608	2018-09-07	4.12	4.12	4.12	4.12	0
609	2018-09-10	4.12	4.12	4.12	4.12	0
610	2018-09-11	4.12	4.12	4.12	4.12	0
611	2018-09-12	4.12	4.12	4.12	4.12	0
612	2018-09-13	4.12	4.12	4.12	4.12	0
613	2018-09-14	4.12	4.12	4.12	4.12	0
614	2018-09-17	4.12	4.12	4.12	4.12	0
615	2018-09-18	4.12	4.12	4.12	4.12	0
616	2018-09-19	4.12	4.12	4.12	4.12	0
617	2018-09-20	4.12	4.12	4.12	4.12	0
618	2018-09-21	4.12	4.12	4.12	4.12	0
619	2018-09-24	4.12	4.12	4.12	4.12	0
620	2018-09-25	4.12	4.12	4.12	4.12	0
621	2018-09-26	4.12	4.12	4.12	4.12	0
622	2018-09-27	4.12	4.12	4.12	4.12	0
623	2018-09-28	4.12	4.12	4.12	4.12	0
624	2018-10-01	4.12	4.12	4.12	4.12	0
625	2018-10-02	4.12	4.12	4.12	4.12	0
626	2018-10-03	4.12	4.12	4.12	4.12	0
627	2018-10-04	4.12	4.12	4.12	4.12	0
628	2018-10-05	4.12	4.12	4.12	4.12	0
629	2018-10-08	4.12	4.12	4.12	4.12	0
630	2018-10-09	4.12	4.12	4.12	4.12	0
631	2018-10-10	4.12	4.12	4.12	4.12	0
632	2018-10-11	4.12	4.12	4.12	4.12	0
633	2018-10-12	4.12	4.12	4.12	4.12	0
634	2018-10-15	4.12	4.12	4.12	4.12	0
635	2018-10-16	4.12	4.12	4.12	4.12	0
636	2018-10-17	4.12	4.12	4.12	4.12	0
637	2018-10-18	4.12	4.12	4.12	4.12	0
638	2018-10-19	4.12	4.12	4.12	4.12	0
639	2018-10-22	4.12	4.12	4.12	4.12	0
640	2018-10-23	4.12	4.12	4.12	4.12	0
641	2018-10-24	4.12	4.12	4.12	4.12	0
642	2018-10-25	4.12	4.12	4.12	4.12	0
643	2018-10-26	4.12	4.12	4.12	4.12	0
644	2018-10-29	4.12	4.12	4.12	4.12	0
645	2018-10-30	4.12	4.12	4.12	4.12	0
646	2018-10-31	4.12	4.12	4.12	4.12	0
647	2018-11-01	4.12	4.12	4.12	4.12	0
648	2018-11-02	4.12	4.12	4.12	4.12	0
649	2018-11-05	4.12	4.12	4.12	4.12	0
650	2018-11-06	4.12	4.12	4.12	4.12	0
651	2018-11-07	4.12	4.12	4.12	4.12	0
652	2018-11-08	4.12	4.12	4.12	4.12	0
653	2018-11-09	4.12	4.12	4.12	4.12	0
654	2018-11-12	4.12	4.12	4.12	4.12	0
655	2018-11-13	4.12	4.12	4.12	4.12	0
656	2018-11-14	4.12	4.12	4.12	4.12	0
657	2018-11-15	4.12	4.12	4.12	4.12	0
658	2018-11-16	4.12	4.12	4.12	4.12	0
659	2018-11-19	4.12	4.12	4.12	4.12	0
660	2018-11-20	4.12	4.12	4.12	4.12	0
661	2018-11-21	4.12	4.12	4.12	4.12	0
662	2018-11-22	4.12	4.12	4.12	4.12	0
663	2018-11-23	4.12	4.12	4.12	4.12	0
664	2018-11-26	4.12	4.12	4.12	4.12	0
665	2018-11-27	4.12	4.12	4.12	4.12	0
666	2018-11-28	4.12	4.12	4.12	4.12	0
667	2018-11-29	4.12	4.12	4.12	4.12	0
668	2018-11-30	4.12	4.12	4.12	4.12	0
669	2018-12-03	4.12	4.12	4.12	4.12	0
670	2018-12-04	4.12	4.12	4.12	4.12	0
671	2018-12-05	4.12	4.12	4.12	4.12	0
672	2018-12-06	4.12	4.12	4.12	4.12	0
673	2018-12-07	4.12	4.12	4.12	4.12	0
674	2018-12-10	4.12	4.12	4.12	4.12	0
675	2018-12-11	4.12	4.12	4.12	4.12	0
676	2018-12-12	4.12	4.12	4.12	4.12	0
677	2018-12-13	4.12	4.12	4.12	4.12	0
678	2018-12-14	4.12	4.12	4.12	4.12	0
679	2018-12-17	4.12	4.12	4.12	4.12	0
680	2018-12-18	4.12	4.12	4.12	4.12	0
681	2018-12-19	4.12	4.12	4.12	4.12	0
682	2018-12-20	4.12	4.12	4.12	4.12	0
683	2018-12-21	4.12	4.12	4.12	4.12	0
684	2018-12-24	4.12	4.12	4.12	4.12	0
685	2018-12-25	4.12	4.12	4.12	4.12	0
686	2018-12-26	4.12	4.12	4.12	4.12	0
687	2018-12-27	4.12	4.12	4.12	4.12	0
688	2018-12-28	4.12	4.12	4.12	4.12	0
689	2019-01-02	4.12	4.12	4.12	4.12	0
690	2019-01-03	4.12	4.12	4.12	4.12	0
691	2019-01-04	4.12	4.12	4.12	4.12	0
692	2019-01-07	4.12	4.12	4.12	4.12	0
693	2019-01-08	4.12	4.12	4.12	4.12	0
694	2019-01-09	4.12	4.12	4.12	4.12	0
695	2019-01-10	4.12	4.12	4.12	4.12	0
696	2019-01-11	4.12	4.12	4.12	4.12	0
697	2019-01-14	4.12	4.12	4.12	4.12	0
698	2019-01-15	4.12	4.12	4.12	4.12	0
699	2019-01-16	4.12	4.12	4.12	4.12	0
700	2019-01-17	4.12	4.12	4.12	4.12	0
701	2019-01-18	4.12	4.12	4.12	4.12	0
702	2019-01-21	4.12	4.12	4.12	4.12	0
703	2019-01-22	4.12	4.12	4.12	4.12	0
704	2019-01-23	4.12	4.12	4.12	4.12	0
705	2019-01-24	4.12	4.12	4.12	4.12	0
706	2019-01-25	4.12	4.12	4.12	4.12	0
707	2019-01-28	4.12	4.12	4.12	4.12	0
708	2019-01-29	4.12	4.12	4.12	4.12	0
709	2019-01-30	4.12	4.12	4.12	4.12	0
710	2019-01-31	4.12	4.12	4.12	4.12	0
711	2019-02-01	4.12	4.12	4.12	4.12	0
712	2019-02-11	4.12	4.12	4.12	4.12	0
713	2019-02-12	4.12	4.12	4.12	4.12	0
714	2019-02-13	4.12	4.12	4.12	4.12	0
715	2019-02-14	4.12	4.12	4.12	4.12	0
716	2019-02-15	4.12	4.12	4.12	4.12	0
717	2019-02-18	4.12	4.12	4.12	4.12	0
718	2019-02-19	4.12	4.12	4.12	4.12	0
719	2019-02-20	4.12	4.12	4.12	4.12	0
720	2019-02-21	4.12	4.12	4.12	4.12	0
721	2019-02-22	4.12	4.12	4.12	4.12	0
722	2019-02-25	4.12	4.12	4.12	4.12	0
723	2019-02-26	4.12	4.12	4.12	4.12	0
724	2019-02-27	4.12	4.12	4.12	4.12	0
725	2019-02-28	4.12	4.12	4.12	4.12	0
726	2019-03-01	4.12	4.12	4.12	4.12	0
727	2019-03-04	4.12	4.12	4.12	4.12	0
728	2019-03-05	4.12	4.12	4.12	4.12	0
729	2019-03-06	4.12	4.12	4.12	4.12	0
730	2019-03-07	4.12	4.12	4.12	4.12	0
731	2019-03-08	4.12	4.12	4.12	4.12	0
732	2019-03-11	4.12	4.12	4.12	4.12	0
733	2019-03-12	4.12	4.12	4.12	4.12	0
734	2019-03-13	4.12	4.12	4.12	4.12	0
735	2019-03-14	4.12	4.12	4.12	4.12	0
736	2019-03-15	4.12	4.12	4.12	4.12	0
737	2019-03-18	4.12	4.12	4.12	4.12	0
738	2019-03-19	4.12	4.12	4.12	4.12	0
739	2019-03-20	4.12	4.12	4.12	4.12	0
740	2019-03-21	4.12	4.12	4.12	4.12	0
741	2019-03-22	4.12	4.12	4.12	4.12	0
742	2019-03-25	4.12	4.12	4.12	4.12	0
743	2019-03-26	4.12	4.12	4.12	4.12	0
744	2019-03-27	4.12	4.12	4.12	4.12	0
745	2019-03-28	4.12	4.12	4.12	4.12	0
746	2019-03-29	4.12	4.12	4.12	4.12	0
747	2019-04-01	4.12	4.12	4.12	4.12	0
748	2019-04-02	4.12	4.12	4.12	4.12	0
749	2019-04-03	4.12	4.12	4.12	4.12	0
750	2019-04-04	4.12	4.12	4.12	4.12	0
751	2019-04-05	4.12	4.12	4.12	4.12	0
752	2019-04-08	4.12	4.12	4.12	4.12	0
753	2019-04-09	4.12	4.12	4.12	4.12	0
754	2019-04-10	4.12	4.12	4.12	4.12	0
755	2019-04-11	4.12	4.12	4.12	4.12	0
756	2019-04-12	4.12	4.12	4.12	4.12	0
757	2019-04-16	4.12	4.12	4.12	4.12	0
758	2019-04-17	4.12	4.12	4.12	4.12	0
759	2019-04-18	4.12	4.12	4.12	4.12	0
760	2019-04-19	4.12	4.12	4.12	4.12	0
761	2019-04-22	4.12	4.12	4.12	4.12	0
762	2019-04-23	4.12	4.12	4.12	4.12	0
763	2019-04-24	4.12	4.12	4.12	4.12	0
764	2019-04-25	4.12	4.12	4.12	4.12	0
765	2019-04-26	4.12	4.12	4.12	4.12	0
766	2019-05-02	4.12	4.12	4.12	4.12	0
767	2019-05-03	4.12	4.12	4.12	4.12	0
768	2019-05-06	4.12	4.12	4.12	4.12	0
769	2019-05-07	4.12	4.12	4.12	4.12	0
770	2019-05-08	4.12	4.12	4.12	4.12	0
771	2019-05-09	4.12	4.12	4.12	4.12	0
772	2019-05-10	4.12	4.12	4.12	4.12	0
773	2019-05-13	4.12	4.12	4.12	4.12	0
774	2019-05-14	4.14	4.65	4.65	4.65	0
775	2019-05-15	4.14	4.65	4.65	4.65	0
776	2019-05-16	4.14	4.65	4.65	4.65	0
777	2019-05-17	4.14	4.65	4.65	4.65	0
778	2019-05-20	4.14	4.65	4.65	4.65	0
779	2019-05-21	4.14	4.65	4.65	4.65	0
780	2019-05-22	4.14	4.65	4.65	4.65	0
781	2019-05-23	4.14	4.65	4.65	4.65	0
782	2019-05-24	4.14	4.65	4.65	4.65	0
783	2019-05-27	4.14	4.65	4.65	4.65	0
784	2019-05-28	4.14	4.65	4.65	4.65	0
785	2019-05-29	4.14	4.65	4.65	4.65	0
786	2019-05-30	4.14	4.65	4.65	4.65	0
787	2019-05-31	4.14	4.65	4.65	4.65	0
788	2019-06-03	4.14	4.65	4.65	4.65	0
789	2019-06-04	4.14	4.65	4.65	4.65	0
790	2019-06-05	4.14	4.65	4.65	4.65	0
791	2019-06-06	4.14	4.65	4.65	4.65	0
792	2019-06-07	4.14	4.65	4.65	4.65	0
793	2019-06-10	4.14	4.65	4.65	4.65	0
794	2019-06-11	4.14	4.65	4.65	4.65	0
795	2019-06-12	4.14	4.65	4.65	4.65	0
796	2019-06-13	4.14	4.65	4.65	4.65	0
797	2019-06-14	4.14	4.65	4.65	4.65	0
798	2019-06-17	4.14	4.65	4.65	4.65	0
799	2019-06-18	4.14	4.65	4.65	4.65	0
800	2019-06-19	4.14	4.65	4.65	4.65	0
801	2019-06-20	4.14	4.14	4.14	4.14	0
802	2019-06-21	4.14	4.14	4.14	4.14	0
803	2019-06-24	4.14	4.65	4.65	4.65	0
804	2019-06-25	4.14	4.65	4.65	4.65	0
805	2019-06-26	4.14	4.65	4.65	4.65	0
806	2019-06-27	4.14	4.65	4.65	4.65	0
807	2019-06-28	4.14	4.65	4.65	4.65	0
808	2019-07-01	4.14	4.65	4.65	4.65	0
809	2019-07-02	4.14	4.65	4.65	4.65	0
810	2019-07-03	4.14	4.65	4.65	4.65	0
811	2019-07-04	4.14	4.14	4.14	4.14	0
812	2019-07-05	4.14	4.65	4.65	4.65	0
813	2019-07-08	4.14	4.65	4.65	4.65	0
814	2019-07-09	4.14	4.65	4.65	4.65	0
815	2019-07-10	4.14	4.65	4.65	4.65	0
816	2019-07-11	4.14	4.65	4.65	4.65	0
817	2019-07-12	4.14	4.65	4.65	4.65	0
818	2019-07-15	4.14	4.65	4.65	4.65	0
819	2019-07-16	4.14	4.65	4.65	4.65	0
820	2019-07-17	4.14	4.65	4.65	4.65	0
821	2019-07-18	4.14	4.65	4.65	4.65	0
822	2019-07-19	4.14	4.65	4.65	4.65	0
823	2019-07-22	4.14	4.65	4.65	4.65	0
824	2019-07-23	4.14	4.65	4.65	4.65	0
825	2019-07-24	4.14	4.65	4.65	4.65	0
826	2019-07-25	4.14	4.65	4.65	4.65	0
827	2019-07-26	4.14	4.65	4.65	4.65	0
828	2019-07-29	4.14	4.65	4.65	4.65	0
829	2019-07-30	4.14	4.65	4.65	4.65	0
830	2019-07-31	4.14	4.65	4.65	4.65	0
831	2019-08-01	4.14	4.65	4.65	4.65	0
832	2019-08-02	4.14	4.65	4.65	4.65	0
833	2019-08-05	4.14	4.65	4.65	4.65	0
834	2019-08-06	4.14	4.65	4.65	4.65	0
835	2019-08-07	4.14	4.65	4.65	4.65	0
836	2019-08-08	4.14	4.65	4.65	4.65	0
837	2019-08-09	4.14	4.65	4.65	4.65	0
838	2019-08-12	4.14	4.65	4.65	4.65	0
839	2019-08-13	4.14	4.65	4.65	4.65	0
840	2019-08-14	4.14	4.65	4.65	4.65	0
841	2019-08-15	4.14	4.65	4.65	4.65	0
842	2019-08-16	4.14	4.65	4.65	4.65	0
843	2019-08-19	4.14	4.65	4.65	4.65	0
844	2019-08-20	4.14	4.65	4.65	4.65	0
845	2019-08-21	4.14	4.65	4.65	4.65	0
846	2019-08-22	4.14	4.65	4.65	4.65	0
847	2019-08-23	4.14	4.65	4.65	4.65	0
848	2019-08-26	4.14	4.65	4.65	4.65	0
849	2019-08-27	4.14	4.65	4.65	4.65	0
850	2019-08-28	4.14	4.65	4.65	4.65	0
851	2019-08-29	4.14	4.65	4.65	4.65	0
852	2019-08-30	4.14	4.65	4.65	4.65	0
853	2019-09-03	4.14	4.65	4.65	4.65	0
854	2019-09-04	4.14	4.65	4.65	4.65	0
855	2019-09-05	4.14	4.65	4.65	4.65	0
856	2019-09-06	4.14	4.65	4.65	4.65	0
857	2019-09-09	4.14	4.65	4.65	4.65	0
858	2019-09-10	4.14	4.65	4.65	4.65	0
859	2019-09-11	4.14	4.65	4.65	4.65	0
860	2019-09-12	4.14	4.65	4.65	4.65	0
861	2019-09-13	4.14	4.65	4.65	4.65	0
862	2019-09-16	4.14	4.65	4.65	4.65	0
863	2019-09-17	4.14	4.65	4.65	4.65	0
864	2019-09-18	4.14	4.65	4.65	4.65	0
865	2019-09-19	4.14	4.65	4.65	4.65	0
866	2019-09-20	4.14	4.65	4.65	4.65	0
867	2019-09-23	4.14	4.65	4.65	4.65	0
868	2019-09-24	4.14	4.65	4.65	4.65	0
869	2019-09-25	4.14	4.65	4.65	4.65	0
870	2019-09-26	4.14	4.65	4.65	4.65	0
871	2019-09-27	4.14	4.65	4.65	4.65	0
872	2019-09-30	4.14	4.65	4.65	4.65	0
873	2019-10-01	4.14	4.65	4.65	4.65	0
874	2019-10-02	4.14	4.65	4.65	4.65	0
875	2019-10-03	4.14	4.65	4.65	4.65	0
876	2019-10-04	4.14	4.65	4.65	4.65	0
877	2019-10-07	4.14	4.65	4.65	4.65	0
878	2019-10-08	4.14	4.65	4.65	4.65	0
879	2019-10-09	4.14	4.65	4.65	4.65	0
880	2019-10-10	4.14	4.65	4.65	4.65	0
881	2019-10-11	4.14	4.65	4.65	4.65	0
882	2019-10-14	4.14	4.65	4.65	4.65	0
883	2019-10-15	4.14	4.14	4.14	4.14	0
884	2019-10-16	4.14	4.65	4.65	4.65	0
885	2019-10-17	4.14	4.65	4.65	4.65	0
886	2019-10-18	4.14	4.65	4.65	4.65	0
887	2019-10-21	4.14	4.65	4.65	4.65	0
888	2019-10-22	4.14	4.65	4.65	4.65	0
889	2019-10-23	4.14	4.65	4.65	4.65	0
890	2019-10-24	4.14	4.65	4.65	4.65	0
891	2019-10-25	4.14	4.65	4.65	4.65	0
892	2019-10-28	4.14	4.65	4.65	4.65	0
893	2019-10-29	4.14	4.65	4.65	4.65	0
894	2019-10-30	4.14	4.65	4.65	4.65	0
895	2019-10-31	4.14	4.14	4.14	4.14	0
896	2019-11-01	4.14	4.65	4.65	4.65	0
897	2019-11-04	4.14	4.65	4.65	4.65	0
898	2019-11-05	4.14	4.65	4.65	4.65	0
899	2019-11-06	4.14	4.65	4.65	4.65	0
900	2019-11-07	4.14	4.65	4.65	4.65	0
901	2019-11-08	4.14	4.65	4.65	4.65	0
902	2019-11-11	4.14	4.65	4.65	4.65	0
903	2019-11-12	4.14	4.65	4.65	4.65	0
904	2019-11-13	4.14	4.65	4.65	4.65	0
905	2019-11-14	4.14	4.65	4.65	4.65	0
906	2019-11-15	4.14	4.65	4.65	4.65	0
907	2019-11-18	4.14	4.65	4.65	4.65	0
908	2019-11-19	4.14	4.65	4.65	4.65	0
909	2019-11-20	4.14	4.65	4.65	4.65	0
910	2019-11-21	4.14	4.65	4.65	4.65	0
911	2019-11-22	4.14	4.14	4.14	4.14	0
912	2019-11-25	4.14	4.65	4.65	4.65	0
913	2019-11-26	4.14	4.65	4.65	4.65	0
914	2019-11-27	4.14	4.65	4.65	4.65	0
915	2019-11-28	4.14	4.65	4.65	4.65	0
916	2019-11-29	4.14	4.65	4.65	4.65	0
917	2019-12-02	4.14	4.14	4.14	4.14	0
918	2019-12-03	4.14	4.65	4.65	4.65	0
919	2019-12-04	4.14	4.65	4.65	4.65	0
920	2019-12-05	4.14	4.65	4.65	4.65	0
921	2019-12-06	4.14	4.65	4.65	4.65	0
922	2019-12-09	4.14	4.65	4.65	4.65	0
923	2019-12-10	4.14	4.65	4.65	4.65	0
924	2019-12-11	4.14	4.65	4.65	4.65	0
925	2019-12-12	4.14	4.65	4.65	4.65	0
926	2019-12-13	4.14	4.65	4.65	4.65	0
927	2019-12-16	4.14	4.65	4.65	4.65	0
928	2019-12-17	4.14	4.65	4.65	4.65	0
929	2019-12-18	4.14	4.65	4.65	4.65	0
930	2019-12-19	4.14	4.65	4.65	4.65	0
931	2019-12-20	4.14	4.65	4.65	4.65	0
932	2019-12-23	4.14	4.65	4.65	4.65	0
933	2019-12-24	4.14	4.65	4.65	4.65	0
934	2019-12-25	4.14	4.65	4.65	4.65	0
935	2019-12-26	4.14	4.65	4.65	4.65	0
936	2019-12-27	4.14	4.65	4.65	4.65	0
937	2019-12-30	4.14	4.65	4.65	4.65	0
938	2019-12-31	4.14	4.65	4.65	4.65	0
939	2020-01-02	4.14	4.65	4.65	4.65	0
940	2020-01-03	4.14	4.65	4.65	4.65	0
941	2020-01-06	4.14	4.65	4.65	4.65	0
942	2020-01-07	4.14	4.65	4.65	4.65	0
943	2020-01-08	4.14	4.65	4.65	4.65	0
944	2020-01-09	4.14	4.65	4.65	4.65	0
945	2020-01-10	4.14	4.65	4.65	4.65	0
946	2020-01-13	4.14	4.65	4.65	4.65	0
947	2020-01-14	4.14	4.65	4.65	4.65	0
948	2020-01-15	4.14	4.65	4.65	4.65	0
949	2020-01-16	4.14	4.65	4.65	4.65	0
950	2020-01-17	4.14	4.65	4.65	4.65	0
951	2020-01-20	4.14	4.65	4.65	4.65	0
952	2020-01-21	4.14	4.65	4.65	4.65	0
953	2020-01-22	4.14	4.65	4.65	4.65	0
954	2020-01-30	4.14	4.65	4.65	4.65	0
955	2020-01-31	4.14	4.65	4.65	4.65	0
956	2020-02-03	4.14	4.65	4.65	4.65	0
957	2020-02-04	4.14	4.65	4.65	4.65	0
958	2020-02-05	4.14	4.65	4.65	4.65	0
959	2020-02-06	4.14	4.65	4.65	4.65	0
960	2020-02-07	4.14	4.65	4.65	4.65	0
961	2020-02-10	4.14	4.65	4.65	4.65	0
962	2020-02-11	4.14	4.65	4.65	4.65	0
963	2020-02-12	4.14	4.65	4.65	4.65	0
964	2020-02-13	4.14	4.65	4.65	4.65	0
965	2020-02-14	4.14	4.65	4.65	4.65	0
966	2020-02-17	4.14	4.65	4.65	4.65	0
967	2020-02-18	4.14	4.65	4.65	4.65	0
968	2020-02-19	4.14	4.65	4.65	4.65	0
969	2020-02-20	4.14	4.65	4.65	4.65	0
970	2020-02-21	4.14	4.65	4.65	4.65	0
971	2020-02-24	4.14	4.65	4.65	4.65	0
972	2020-02-25	4.14	4.65	4.65	4.65	0
973	2020-02-26	4.14	4.65	4.65	4.65	0
974	2020-02-27	4.14	4.65	4.65	4.65	0
975	2020-02-28	4.14	4.65	4.65	4.65	0
976	2020-03-02	4.14	4.65	4.65	4.65	0
977	2020-03-03	4.14	4.65	4.65	4.65	0
978	2020-03-04	4.14	4.65	4.65	4.65	0
979	2020-03-05	4.14	4.65	4.65	4.65	0
980	2020-03-06	4.14	4.65	4.65	4.65	0
981	2020-03-09	4.14	4.65	4.65	4.65	0
982	2020-03-10	4.14	4.65	4.65	4.65	0
983	2020-03-11	4.14	4.65	4.65	4.65	0
984	2020-03-12	4.14	4.65	4.65	4.65	0
985	2020-03-13	4.14	4.65	4.65	4.65	0
986	2020-03-16	4.14	4.65	4.65	4.65	0
987	2020-03-17	4.14	4.65	4.65	4.65	0
988	2020-03-18	4.14	4.65	4.65	4.65	0
989	2020-03-19	4.14	4.65	4.65	4.65	0
990	2020-03-20	4.14	4.65	4.65	4.65	0
991	2020-03-23	4.14	4.65	4.65	4.65	0
992	2020-03-24	4.14	4.65	4.65	4.65	0
993	2020-03-25	4.14	4.65	4.65	4.65	0
994	2020-03-26	4.14	4.65	4.65	4.65	0
995	2020-03-27	4.14	4.65	4.65	4.65	0
996	2020-03-30	4.14	4.65	4.65	4.65	0
997	2020-03-31	4.14	4.65	4.65	4.65	0
998	2020-04-01	4.14	4.65	4.65	4.65	0
999	2020-04-03	4.14	4.65	4.65	4.65	0
1000	2020-04-06	4.14	4.65	4.65	4.65	0
1001	2020-04-07	4.14	4.65	4.65	4.65	0
1002	2020-04-08	4.14	4.65	4.65	4.65	0
1003	2020-04-09	4.14	4.65	4.65	4.65	0
1004	2020-04-10	4.14	4.65	4.65	4.65	0
1005	2020-04-13	4.14	4.65	4.65	4.65	0
1006	2020-04-14	4.14	4.65	4.65	4.65	0
1007	2020-04-15	4.14	4.65	4.65	4.65	0
1008	2020-04-16	4.14	4.65	4.65	4.65	0
1009	2020-04-17	4.14	4.65	4.65	4.65	0
1010	2020-04-20	4.14	4.65	4.65	4.65	0
1011	2020-04-21	4.14	4.65	4.65	4.65	0
1012	2020-04-22	4.14	4.65	4.65	4.65	0
1013	2020-04-23	4.14	4.65	4.65	4.65	0
1014	2020-04-24	4.14	4.65	4.65	4.65	0
1015	2020-04-27	4.14	4.65	4.65	4.65	0
1016	2020-04-28	4.14	4.65	4.65	4.65	0
1017	2020-04-29	4.14	4.65	4.65	4.65	0
1018	2020-05-04	4.14	4.65	4.65	4.65	0
1019	2020-05-05	4.14	4.65	4.65	4.65	0
1020	2020-05-06	4.14	4.65	4.65	4.65	0
1021	2020-05-07	4.14	4.65	4.65	4.65	0
1022	2020-05-08	4.14	4.65	4.65	4.65	0
1023	2020-05-11	4.14	4.65	4.65	4.65	0
1024	2020-05-12	4.14	4.65	4.65	4.65	0
1025	2020-05-13	4.14	4.65	4.65	4.65	0
1026	2020-05-14	4.14	4.65	4.65	4.65	0
1027	2020-05-15	4.14	4.65	4.65	4.65	0
1028	2020-05-18	4.14	4.65	4.65	4.65	0
1029	2020-05-19	4.14	4.65	4.65	4.65	0
1030	2020-05-20	4.14	4.65	4.65	4.65	0
1031	2020-05-21	4.14	4.65	4.65	4.65	0
1032	2020-05-22	4.14	4.65	4.65	4.65	0
1033	2020-05-25	4.14	4.65	4.65	4.65	0
1034	2020-05-26	4.14	4.65	4.65	4.65	0
1035	2020-05-27	4.14	4.65	4.65	4.65	0
1036	2020-05-28	4.14	4.65	4.65	4.65	0
1037	2020-05-29	4.14	4.65	4.65	4.65	0
1038	2020-06-01	4.14	4.65	4.65	4.65	0
1039	2020-06-02	4.14	4.65	4.65	4.65	0
1040	2020-06-03	4.14	4.65	4.65	4.65	0
1041	2020-06-04	4.14	4.65	4.65	4.65	0
1042	2020-06-05	4.14	4.65	4.65	4.65	0
1043	2020-06-08	4.14	4.65	4.65	4.65	0
1044	2020-06-09	4.18	5.24	5.24	5.24	0
1045	2020-06-10	4.18	5.24	5.24	5.24	0
1046	2020-06-11	4.18	5.24	5.24	5.24	0
1047	2020-06-12	4.18	5.24	5.24	5.24	0
1048	2020-06-15	4.18	5.24	5.24	5.24	0
1049	2020-06-16	4.18	5.24	5.24	5.24	0
1050	2020-06-17	4.18	5.24	5.24	5.24	0
1051	2020-06-18	4.18	5.24	5.24	5.24	0
1052	2020-06-19	4.18	5.24	5.24	5.24	0
1053	2020-06-22	4.18	5.24	5.24	5.24	0
1054	2020-06-23	4.18	5.24	5.24	5.24	0
1055	2020-06-24	4.18	5.24	5.24	5.24	0
1056	2020-06-25	4.18	5.24	5.24	5.24	0
1057	2020-06-26	4.18	5.24	5.24	5.24	0
1058	2020-06-29	4.18	5.24	5.24	5.24	0
1059	2020-06-30	4.18	5.24	5.24	5.24	0
1060	2020-07-01	4.18	5.24	5.24	5.24	0
1061	2020-07-02	4.18	5.24	5.24	5.24	0
1062	2020-07-03	4.18	5.24	5.24	5.24	0
1063	2020-07-06	4.18	5.24	5.24	5.24	0
1064	2020-07-07	4.18	5.24	5.24	5.24	0
1065	2020-07-08	4.18	5.24	5.24	5.24	0
1066	2020-07-09	4.18	5.24	5.24	5.24	0
1067	2020-07-10	4.18	5.24	5.24	5.24	0
1068	2020-07-13	4.18	5.24	5.24	5.24	0
1069	2020-07-14	4.18	5.24	5.24	5.24	0
1070	2020-07-15	4.18	5.24	5.24	5.24	0
1071	2020-07-16	4.18	5.24	5.24	5.24	0
1072	2020-07-17	4.18	5.24	5.24	5.24	0
1073	2020-07-20	4.18	5.24	5.24	5.24	0
1074	2020-07-21	4.18	5.24	5.24	5.24	0
1075	2020-07-22	4.18	4.18	4.18	4.18	0
1076	2020-07-23	4.18	5.24	5.24	5.24	0
1077	2020-07-24	4.18	5.24	5.24	5.24	0
1078	2020-07-27	4.18	5.24	5.24	5.24	0
1079	2020-07-28	4.18	5.24	5.24	5.24	0
1080	2020-07-29	4.18	5.24	5.24	5.24	0
1081	2020-07-30	4.18	5.24	5.24	5.24	0
1082	2020-07-31	4.18	5.24	5.24	5.24	0
1083	2020-08-03	4.18	5.24	5.24	5.24	0
1084	2020-08-04	4.18	5.24	5.24	5.24	0
1085	2020-08-05	4.18	5.24	5.24	5.24	0
1086	2020-08-06	4.18	5.24	5.24	5.24	0
1087	2020-08-07	4.18	5.24	5.24	5.24	0
1088	2020-08-10	4.18	5.24	5.24	5.24	0
1089	2020-08-11	4.18	5.24	5.24	5.24	0
1090	2020-08-12	4.18	5.24	5.24	5.24	0
1091	2020-08-13	4.18	5.24	5.24	5.24	0
1092	2020-08-14	4.18	5.24	5.24	5.24	0
1093	2020-08-17	4.18	5.24	5.24	5.24	0
1094	2020-08-18	4.18	5.24	5.24	5.24	0
1095	2020-08-19	4.18	5.24	5.24	5.24	0
1096	2020-08-20	4.18	5.24	5.24	5.24	0
1097	2020-08-21	4.18	5.24	5.24	5.24	0
1098	2020-08-24	4.18	5.24	5.24	5.24	0
1099	2020-08-25	4.18	5.24	5.24	5.24	0
1100	2020-08-26	4.18	5.24	5.24	5.24	0
1101	2020-08-27	4.18	5.24	5.24	5.24	0
1102	2020-08-28	4.18	5.24	5.24	5.24	0
1103	2020-08-31	4.18	5.24	5.24	5.24	0
1104	2020-09-01	4.18	5.24	5.24	5.24	0
1105	2020-09-03	4.18	5.24	5.24	5.24	0
1106	2020-09-04	4.18	5.24	5.24	5.24	0
1107	2020-09-07	4.18	5.24	5.24	5.24	0
1108	2020-09-08	4.18	5.24	5.24	5.24	0
1109	2020-09-09	4.18	5.24	5.24	5.24	0
1110	2020-09-10	4.18	5.24	5.24	5.24	0
1111	2020-09-11	4.18	5.24	5.24	5.24	0
1112	2020-09-14	4.18	5.24	5.24	5.24	0
1113	2020-09-15	4.18	5.24	5.24	5.24	0
1114	2020-09-16	4.18	5.24	5.24	5.24	0
1115	2020-09-17	4.11	5.24	5.24	5.24	0
1116	2020-09-18	4.11	5.24	5.24	5.24	0
1117	2020-09-21	4.11	5.24	5.24	5.24	0
1118	2020-09-22	4.11	5.24	5.24	5.24	0
1119	2020-09-23	4.11	5.24	5.24	5.24	0
1120	2020-09-24	4.11	5.24	5.24	5.24	0
1121	2020-09-25	4.11	5.24	5.24	5.24	0
1122	2020-09-28	4.11	5.24	5.24	5.24	0
1123	2020-09-29	4.11	5.24	5.24	5.24	0
1124	2020-09-30	4.11	5.24	5.24	5.24	0
1125	2020-10-01	4.11	5.24	5.24	5.24	0
1126	2020-10-02	4.11	5.24	5.24	5.24	0
1127	2020-10-05	4.11	5.24	5.24	5.24	0
1128	2020-10-06	4.11	5.24	5.24	5.24	0
1129	2020-10-07	4.11	5.24	5.24	5.24	0
1130	2020-10-08	4.11	5.24	5.24	5.24	0
1131	2020-10-09	4.11	5.24	5.24	5.24	0
1132	2020-10-12	4.11	5.24	5.24	5.24	0
1133	2020-10-13	4.11	5.24	5.24	5.24	0
1134	2020-10-14	4.11	5.24	5.24	5.24	0
1135	2020-10-15	4.11	5.24	5.24	5.24	0
1136	2020-10-16	4.11	5.24	5.24	5.24	0
1137	2020-10-19	4.11	5.24	5.24	5.24	0
1138	2020-10-20	4.11	5.24	5.24	5.24	0
1139	2020-10-21	4.11	5.24	5.24	5.24	0
1140	2020-10-22	4.11	5.24	5.24	5.24	0
1141	2020-10-23	4.11	5.24	5.24	5.24	0
1142	2020-10-26	4.11	5.24	5.24	5.24	0
1143	2020-10-27	4.11	5.24	5.24	5.24	0
1144	2020-10-28	4.11	5.24	5.24	5.24	0
1145	2020-10-29	4.11	5.24	5.24	5.24	0
1146	2020-10-30	4.11	5.24	5.24	5.24	0
1147	2020-11-02	4.11	5.24	5.24	5.24	0
1148	2020-11-03	4.11	5.24	5.24	5.24	0
1149	2020-11-04	4.11	5.24	5.24	5.24	0
1150	2020-11-05	4.11	5.24	5.24	5.24	0
1151	2020-11-06	4.11	5.24	5.24	5.24	0
1152	2020-11-09	4.11	5.24	5.24	5.24	0
1153	2020-11-10	4.11	5.24	5.24	5.24	0
1154	2020-11-11	4.11	5.24	5.24	5.24	0
1155	2020-11-12	4.11	5.24	5.24	5.24	0
1156	2020-11-13	4.11	5.24	5.24	5.24	0
1157	2020-11-16	4.11	5.24	5.24	5.24	0
1158	2020-11-17	4.11	5.24	5.24	5.24	0
1159	2020-11-18	4.11	5.24	5.24	5.24	0
1160	2020-11-19	4.11	5.24	5.24	5.24	0
1161	2020-11-20	4.11	5.24	5.24	5.24	0
1162	2020-11-23	4.11	5.24	5.24	5.24	0
1163	2020-11-24	4.11	5.24	5.24	5.24	0
1164	2020-11-25	4.11	5.24	5.24	5.24	0
1165	2020-11-26	4.11	5.24	5.24	5.24	0
1166	2020-11-27	4.11	5.24	5.24	5.24	0
1167	2020-11-30	4.11	5.24	5.24	5.24	0
1168	2020-12-01	4.11	5.24	5.24	5.24	0
1169	2020-12-02	4.11	5.24	5.24	5.24	0
1170	2020-12-03	4.11	5.24	5.24	5.24	0
1171	2020-12-04	4.11	5.24	5.24	5.24	0
1172	2020-12-07	4.11	5.24	5.24	5.24	0
1173	2020-12-08	4.11	5.24	5.24	5.24	0
1174	2020-12-09	4.11	5.24	5.24	5.24	0
1175	2020-12-10	4.11	5.24	5.24	5.24	0
1176	2020-12-11	4.11	5.24	5.24	5.24	0
1177	2020-12-14	4.11	5.24	5.24	5.24	0
1178	2020-12-15	4.11	5.24	5.24	5.24	0
1179	2020-12-16	4.11	5.24	5.24	5.24	0
1180	2020-12-17	4.11	5.24	5.24	5.24	0
1181	2020-12-18	4.11	5.24	5.24	5.24	0
1182	2020-12-21	4.11	5.24	5.24	5.24	0
1183	2020-12-22	4.11	5.24	5.24	5.24	0
1184	2020-12-23	4.11	5.24	5.24	5.24	0
1185	2020-12-24	4.11	5.24	5.24	5.24	0
1186	2020-12-25	4.11	5.24	5.24	5.24	0
1187	2020-12-28	4.11	5.24	5.24	5.24	0
1188	2020-12-29	4.11	5.24	5.24	5.24	0
1189	2020-12-30	4.11	5.24	5.24	5.24	0
1190	2020-12-31	4.11	5.24	5.24	5.24	0
1191	2021-01-04	4.11	5.24	5.24	5.24	0
1192	2021-01-05	4.11	5.24	5.24	5.24	0
1193	2021-01-06	4.11	5.24	5.24	5.24	0
1194	2021-01-07	4.11	4.11	4.11	4.11	0
1195	2021-01-08	4.11	5.24	5.24	5.24	0
1196	2021-01-11	4.11	5.24	5.24	5.24	0
1197	2021-01-12	4.11	5.24	5.24	5.24	0
1198	2021-01-13	4.11	5.24	5.24	5.24	0
1199	2021-01-14	4.11	5.24	5.24	5.24	0
1200	2021-01-15	4.11	5.24	5.24	5.24	0
1201	2021-01-18	4.11	5.24	5.24	5.24	0
1202	2021-01-19	4.11	5.24	5.24	5.24	0
1203	2021-01-20	4.11	5.24	5.24	5.24	0
1204	2021-01-21	4.11	5.24	5.24	5.24	0
1205	2021-01-22	4.11	4.11	4.11	4.11	0
1206	2021-01-25	4.11	5.24	5.24	5.24	0
1207	2021-01-26	4.11	5.24	5.24	5.24	0
1208	2021-01-27	4.11	5.24	5.24	5.24	0
1209	2021-01-28	4.11	5.24	5.24	5.24	0
1210	2021-01-29	4.11	5.24	5.24	5.24	0
1211	2021-02-01	4.11	5.24	5.24	5.24	0
1212	2021-02-02	4.11	5.24	5.24	5.24	0
1213	2021-02-03	4.11	5.24	5.24	5.24	0
1214	2021-02-04	4.11	5.24	5.24	5.24	0
1215	2021-02-05	4.11	5.24	5.24	5.24	0
1216	2021-02-08	4.11	5.24	5.24	5.24	0
1217	2021-02-09	4.11	5.24	5.24	5.24	0
1218	2021-02-17	4.11	4.11	4.11	4.11	0
1219	2021-02-18	4.11	5.24	5.24	5.24	0
1220	2021-02-19	4.11	5.24	5.24	5.24	0
1221	2021-02-22	4.11	5.24	5.24	5.24	0
1222	2021-02-23	4.11	5.24	5.24	5.24	0
1223	2021-02-24	4.11	5.24	5.24	5.24	0
1224	2021-02-25	4.11	5.24	5.24	5.24	0
1225	2021-02-26	4.11	5.24	5.24	5.24	0
1226	2021-03-01	4.11	5.24	5.24	5.24	0
1227	2021-03-02	4.11	5.24	5.24	5.24	0
1228	2021-03-03	4.11	5.24	5.24	5.24	0
1229	2021-03-04	4.11	5.24	5.24	5.24	0
1230	2021-03-05	4.11	5.24	5.24	5.24	0
1231	2021-03-08	4.11	5.24	5.24	5.24	0
1232	2021-03-09	4.11	5.24	5.24	5.24	0
1233	2021-03-10	4.11	5.24	5.24	5.24	0
1234	2021-03-11	4.11	5.24	5.24	5.24	0
1235	2021-03-12	4.11	5.24	5.24	5.24	0
1236	2021-03-15	4.11	5.24	5.24	5.24	0
1237	2021-03-16	4.11	5.24	5.24	5.24	0
1238	2021-03-17	4.11	5.24	5.24	5.24	0
1239	2021-03-18	4.11	5.24	5.24	5.24	0
1240	2021-03-19	4.11	5.24	5.24	5.24	0
1241	2021-03-22	4.11	5.24	5.24	5.24	0
1242	2021-03-23	4.11	5.24	5.24	5.24	0
1243	2021-03-24	4.11	5.24	5.24	5.24	0
1244	2021-03-25	4.11	5.24	5.24	5.24	0
1245	2021-03-26	4.11	5.24	5.24	5.24	0
1246	2021-03-29	4.11	5.24	5.24	5.24	0
1247	2021-03-30	4.11	5.24	5.24	5.24	0
1248	2021-03-31	4.11	5.24	5.24	5.24	0
1249	2021-04-01	4.11	5.24	5.24	5.24	0
1250	2021-04-02	4.11	5.24	5.24	5.24	0
1251	2021-04-05	4.11	5.24	5.24	5.24	0
1252	2021-04-06	4.11	5.24	5.24	5.24	0
1253	2021-04-07	4.11	5.24	5.24	5.24	0
1254	2021-04-08	4.11	5.24	5.24	5.24	0
1255	2021-04-09	4.11	5.24	5.24	5.24	0
1256	2021-04-12	4.11	5.24	5.24	5.24	0
1257	2021-04-13	4.11	5.24	5.24	5.24	0
1258	2021-04-14	4.11	5.24	5.24	5.24	0
1259	2021-04-15	4.11	5.24	5.24	5.24	0
1260	2021-04-16	4.11	5.24	5.24	5.24	0
1261	2021-04-19	4.11	5.24	5.24	5.24	0
1262	2021-04-20	4.11	5.24	5.24	5.24	0
1263	2021-04-22	4.11	5.24	5.24	5.24	0
1264	2021-04-23	4.11	5.24	5.24	5.24	0
1265	2021-04-26	4.11	5.24	5.24	5.24	0
1266	2021-04-27	4.11	5.24	5.24	5.24	0
1267	2021-04-28	4.11	5.24	5.24	5.24	0
1268	2021-04-29	4.11	5.24	5.24	5.24	0
1269	2021-05-04	4.11	5.24	5.24	5.24	0
1270	2021-05-05	4.11	5.24	5.24	5.24	0
1271	2021-05-06	4.11	5.24	5.24	5.24	0
1272	2021-05-07	4.11	5.24	5.24	5.24	0
1273	2021-05-10	4.11	5.24	5.24	5.24	0
1274	2021-05-11	4.11	5.24	5.24	5.24	0
1275	2021-05-12	4.11	5.24	5.24	5.24	0
1276	2021-05-13	4.11	5.24	5.24	5.24	0
1277	2021-05-14	4.11	5.24	5.24	5.24	0
1278	2021-05-17	4.11	5.24	5.24	5.24	0
1279	2021-05-18	4.11	5.24	5.24	5.24	0
1280	2021-05-19	4.11	5.24	5.24	5.24	0
1281	2021-05-20	4.11	5.24	5.24	5.24	0
1282	2021-05-21	4.11	5.24	5.24	5.24	0
1283	2021-05-24	4.11	5.24	5.24	5.24	0
1284	2021-05-25	4.11	6.08	6.08	6.08	0
1285	2021-05-26	4.11	6.08	6.08	6.08	0
1286	2021-05-27	4.11	6.08	6.08	6.08	0
1287	2021-05-28	4.11	6.08	6.08	6.08	0
1288	2021-05-31	4.11	6.08	6.08	6.08	0
1289	2021-06-01	4.11	6.08	6.08	6.08	0
1290	2021-06-02	4.11	6.08	6.08	6.08	0
1291	2021-06-03	4.11	6.08	6.08	6.08	0
1292	2021-06-04	5.75	5.75	5.75	5.75	100
1293	2021-06-07	6.57	6.57	6.57	6.57	100
1294	2021-06-08	7.56	7.56	7.56	7.56	100
1295	2021-06-09	8.63	8.63	8.63	8.63	100
1296	2021-06-10	9.86	9.86	9.86	9.86	300
1297	2021-06-11	11.34	11.34	11.34	11.34	100
1298	2021-06-14	12.98	12.98	12.98	12.98	200
1299	2021-06-15	12.98	12.98	12.98	12.98	0
1300	2021-06-16	12.98	12.98	12.98	12.98	0
1301	2021-06-17	12.98	12.98	12.98	12.98	0
1302	2021-06-18	12.98	12.98	12.98	12.98	0
1303	2021-06-21	12.98	12.98	12.98	12.98	0
1304	2021-06-22	12.98	12.98	12.98	12.98	0
1305	2021-06-23	12.98	12.98	12.98	12.98	0
1306	2021-06-24	12.98	12.98	12.98	12.98	0
1307	2021-06-25	12.98	12.98	12.98	12.98	0
1308	2021-06-28	12.98	12.98	12.98	12.98	0
1309	2021-06-29	12.98	12.98	12.98	12.98	0
1310	2021-06-30	12.98	12.98	12.98	12.98	0
1311	2021-07-01	12.98	12.98	12.98	12.98	0
1312	2021-07-02	12.98	12.98	12.98	12.98	0
1313	2021-07-05	12.98	12.98	12.98	12.98	0
1314	2021-07-06	12.98	12.98	12.98	12.98	0
1315	2021-07-07	12.98	12.98	12.98	12.98	0
1316	2021-07-08	12.98	12.98	12.98	12.98	0
1317	2021-07-09	12.98	12.98	12.98	12.98	0
1318	2021-07-12	12.98	12.98	12.98	12.98	0
1319	2021-07-13	12.98	12.98	12.98	12.98	0
1320	2021-07-14	12.98	12.98	12.98	12.98	0
1321	2021-07-15	12.98	12.98	12.98	12.98	0
1322	2021-07-16	12.98	12.98	12.98	12.98	0
1323	2021-07-19	12.98	12.98	12.98	12.98	0
1324	2021-07-20	12.98	12.98	12.98	12.98	0
1325	2021-07-21	12.98	12.98	12.98	12.98	0
1326	2021-07-22	12.98	12.98	12.98	12.98	0
1327	2021-07-23	12.98	12.98	12.98	12.98	0
1328	2021-07-26	12.98	12.98	12.98	12.98	0
1329	2021-07-27	12.98	12.98	12.98	12.98	0
1330	2021-07-28	12.98	12.98	12.98	12.98	0
1331	2021-07-29	12.98	12.98	12.98	12.98	0
1332	2021-07-30	12.98	12.98	12.98	12.98	0
1333	2021-08-02	7.81	7.81	7.81	7.81	200
1334	2021-08-03	7.81	7.81	7.81	7.81	100
1335	2021-08-04	7.81	7.81	7.81	7.81	0
1336	2021-08-05	7.81	7.81	7.81	7.81	0
1337	2021-08-06	7.81	7.81	7.81	7.81	0
1338	2021-08-09	7.81	7.81	7.81	7.81	0
1339	2021-08-10	7.81	7.81	7.81	7.81	0
1340	2021-08-11	7.81	7.81	7.81	7.81	0
1341	2021-08-12	7.81	7.81	7.81	7.81	0
1342	2021-08-13	7.81	7.81	7.81	7.81	0
1343	2021-08-16	7.81	7.81	7.81	7.81	0
1344	2021-08-17	7.81	7.81	7.81	7.81	0
1345	2021-08-18	7.81	7.81	7.81	7.81	100
1346	2021-08-19	7.81	7.81	7.81	7.81	0
1347	2021-08-20	7.81	7.81	7.81	7.81	0
1348	2021-08-23	7.81	7.81	7.81	7.81	0
1349	2021-08-24	7.81	7.81	7.81	7.81	0
1350	2021-08-25	7.81	7.81	7.81	7.81	0
1351	2021-08-26	7.81	7.81	7.81	7.81	0
1352	2021-08-27	6.98	6.98	6.66	6.98	300
1353	2021-08-30	6.9	6.9	6.9	6.9	0
1354	2021-08-31	6.9	6.9	6.9	6.9	100
1355	2021-09-01	6.9	6.9	6.9	6.9	0
1356	2021-09-06	6.9	6.9	6.9	6.9	0
1357	2021-09-07	6.9	6.9	6.9	6.9	0
1358	2021-09-08	6.9	6.9	6.9	6.9	0
1359	2021-09-09	6.9	6.9	6.9	6.9	0
1360	2021-09-10	6.9	6.9	6.9	6.9	0
1361	2021-09-13	6.9	6.9	6.9	6.9	0
1362	2021-09-14	6.9	6.9	6.9	6.9	0
1363	2021-09-15	6.9	6.9	6.9	6.9	0
1364	2021-09-16	6.9	6.9	6.9	6.9	0
1365	2021-09-17	6.9	6.9	6.9	6.9	0
1366	2021-09-20	6.9	6.9	6.9	6.9	0
1367	2021-09-21	6.9	6.9	6.9	6.9	0
1368	2021-09-22	6.9	6.9	6.9	6.9	0
1369	2021-09-23	6.9	6.9	6.9	6.9	0
1370	2021-09-24	6.9	6.9	6.9	6.9	0
1371	2021-09-27	6.9	6.9	6.9	6.9	0
1372	2021-09-28	6.9	6.9	6.9	6.9	0
1373	2021-09-29	6.9	6.9	6.9	6.9	0
1374	2021-09-30	6.9	6.9	6.9	6.9	0
1375	2021-10-01	6.9	6.9	6.9	6.9	0
1376	2021-10-04	6.9	6.9	6.9	6.9	0
1377	2021-10-05	6.9	6.9	6.9	6.9	0
1378	2021-10-06	6.9	6.9	6.9	6.9	0
1379	2021-10-07	6.9	6.9	6.9	6.9	0
1380	2021-10-08	6.9	6.9	6.9	6.9	0
1381	2021-10-11	6.9	6.9	6.9	6.9	0
1382	2021-10-12	6.9	6.9	6.9	6.9	0
1383	2021-10-13	6.9	6.9	6.9	6.9	0
1384	2021-10-14	6.9	6.9	6.9	6.9	0
1385	2021-10-15	6.9	6.9	6.9	6.9	0
1386	2021-10-18	6.9	6.9	6.9	6.9	0
1387	2021-10-19	6.9	6.9	6.9	6.9	0
1388	2021-10-20	9.61	9.61	9.61	9.61	300
1389	2021-10-21	11.01	11.01	11.01	11.01	100
1390	2021-10-22	11.01	11.01	11.01	11.01	0
1391	2021-10-25	11.01	11.01	11.01	11.01	0
1392	2021-10-26	11.01	11.01	11.01	11.01	0
1393	2021-10-27	11.01	11.01	11.01	11.01	0
1394	2021-10-28	11.01	11.01	11.01	11.01	0
1395	2021-10-29	11.01	11.01	11.01	11.01	0
1396	2021-11-01	11.01	11.01	11.01	11.01	0
1397	2021-11-02	11.01	11.01	11.01	11.01	0
1398	2021-11-03	11.01	11.01	11.01	11.01	0
1399	2021-11-04	11.01	11.01	11.01	11.01	0
1400	2021-11-05	11.01	11.01	11.01	11.01	0
1401	2021-11-08	11.01	11.01	11.01	11.01	0
1402	2021-11-09	9.45	9.45	9.45	9.45	200
1403	2021-11-10	9.45	9.45	9.45	9.45	0
1404	2021-11-11	9.45	9.45	9.45	9.45	0
1405	2021-11-12	9.45	9.45	9.45	9.45	0
1406	2021-11-15	9.45	9.45	9.45	9.45	0
1407	2021-11-16	9.45	9.45	9.45	9.45	0
1408	2021-11-17	9.45	9.45	9.45	9.45	0
1409	2021-11-18	9.45	9.45	9.45	9.45	0
1410	2021-11-19	10.85	10.85	10.85	10.85	200
1411	2021-11-22	10.85	10.85	10.85	10.85	0
1412	2021-11-23	10.85	10.85	10.85	10.85	0
1413	2021-11-24	10.85	10.85	10.85	10.85	8
1414	2021-11-25	10.85	10.85	10.85	10.85	0
1415	2021-11-26	10.85	10.85	10.85	10.85	0
1416	2021-11-29	10.85	10.85	10.85	10.85	0
1417	2021-11-30	10.85	10.85	10.85	10.85	0
1418	2021-12-01	10.85	10.85	10.85	10.85	0
1419	2021-12-02	10.85	10.85	10.85	10.85	0
1420	2021-12-03	10.85	10.85	10.85	10.85	0
1421	2021-12-06	10.85	10.85	10.85	10.85	0
1422	2021-12-07	10.85	10.85	10.85	10.85	0
1423	2021-12-08	10.85	10.85	10.85	10.85	0
1424	2021-12-09	10.85	10.85	10.85	10.85	0
1425	2021-12-10	10.85	10.85	10.85	10.85	0
1426	2021-12-13	10.85	10.85	10.85	10.85	0
1427	2021-12-14	10.85	10.85	10.85	10.85	0
1428	2021-12-15	10.85	10.85	10.85	10.85	0
1429	2021-12-16	10.85	10.85	10.85	10.85	0
1430	2021-12-17	10.85	10.85	10.85	10.85	0
1431	2021-12-20	10.85	10.85	10.85	10.85	0
1432	2021-12-21	10.85	10.85	10.85	10.85	0
1433	2021-12-22	10.85	10.85	10.85	10.85	0
1434	2021-12-23	10.85	10.85	10.85	10.85	0
1435	2021-12-24	10.85	10.85	10.85	10.85	0
1436	2021-12-27	10.85	10.85	10.85	10.85	0
1437	2021-12-28	10.85	10.85	10.85	10.85	0
1438	2021-12-29	10.85	10.85	10.85	10.85	0
1439	2021-12-30	10.85	10.85	10.85	10.85	0
1440	2021-12-31	10.85	10.85	10.85	10.85	0
1441	2022-01-04	10.85	10.85	10.85	10.85	0
1442	2022-01-05	10.85	10.85	10.85	10.85	0
1443	2022-01-06	10.85	10.85	10.85	10.85	0
1444	2022-01-07	9.53	9.53	9.53	9.53	400
1445	2022-01-10	9.53	9.53	9.53	9.53	0
1446	2022-01-11	9.53	9.53	9.53	9.53	0
1447	2022-01-12	9.53	9.53	9.53	9.53	0
1448	2022-01-13	9.53	9.53	9.53	9.53	0
1449	2022-01-14	9.53	9.53	9.53	9.53	0
1450	2022-01-17	9.53	9.53	9.53	9.53	0
1451	2022-01-18	10.85	10.85	10.85	10.85	400
1452	2022-01-19	10.85	10.85	10.85	10.85	0
1453	2022-01-20	10.85	10.85	10.85	10.85	0
1454	2022-01-21	12.41	12.41	12.41	12.41	100
1455	2022-01-24	14.21	14.21	14.21	14.21	100
1456	2022-01-25	16.27	16.27	16.27	16.27	100
1457	2022-01-26	18.65	18.65	18.65	18.65	100
1458	2022-01-27	21.44	21.44	21.44	21.44	100
1459	2022-01-28	21.44	21.44	21.44	21.44	0
1460	2022-02-07	21.44	21.44	21.44	21.44	0
1461	2022-02-08	24.65	24.65	24.65	24.65	100
1462	2022-02-09	28.35	28.35	28.35	28.35	300
1463	2022-02-10	28.35	28.35	28.35	28.35	0
1464	2022-02-11	28.35	28.35	28.35	28.35	0
1465	2022-02-14	28.35	28.35	28.35	28.35	0
1466	2022-02-15	32.54	32.54	32.54	32.54	300
1467	2022-02-16	27.94	27.94	27.94	27.94	200
1468	2022-02-17	27.94	27.94	27.94	27.94	0
1469	2022-02-18	27.94	27.94	27.94	27.94	0
1470	2022-02-21	27.94	27.94	27.94	27.94	0
1471	2022-02-22	27.94	27.94	27.94	27.94	0
1472	2022-02-23	27.94	27.94	27.94	27.94	0
1473	2022-02-24	27.94	27.94	27.94	27.94	0
1474	2022-02-25	27.94	27.94	27.94	27.94	0
1475	2022-02-28	27.94	27.94	27.94	27.94	0
1476	2022-03-01	27.94	27.94	27.94	27.94	0
1477	2022-03-02	27.94	27.94	27.94	27.94	0
1478	2022-03-03	27.94	27.94	27.94	27.94	0
1479	2022-03-04	27.94	27.94	27.94	27.94	0
1480	2022-03-07	27.94	27.94	27.94	27.94	0
1481	2022-03-08	27.94	27.94	27.94	27.94	0
1482	2022-03-09	23.75	23.75	23.75	23.75	300
1483	2022-03-10	23.75	23.75	23.75	23.75	0
1484	2022-03-11	23.75	23.75	23.75	23.75	0
1485	2022-03-14	23.75	23.75	23.75	23.75	0
1486	2022-03-15	23.75	23.75	23.75	23.75	0
1487	2022-03-16	23.75	23.75	23.75	23.75	0
1488	2022-03-17	23.75	23.75	23.75	23.75	0
1489	2022-03-18	23.75	23.75	23.75	23.75	0
1490	2022-03-21	23.75	23.75	23.75	23.75	0
1491	2022-03-22	20.21	20.21	20.21	20.21	100
1492	2022-03-23	20.21	20.21	20.21	20.21	0
1493	2022-03-24	20.21	20.21	20.21	20.21	0
1494	2022-03-25	20.21	20.21	20.21	20.21	0
1495	2022-03-28	20.21	20.21	20.21	20.21	0
1496	2022-03-29	20.21	20.21	20.21	20.21	0
1497	2022-03-30	20.21	20.21	20.21	20.21	0
1498	2022-03-31	20.21	20.21	20.21	20.21	0
1499	2022-04-01	20.21	20.21	20.21	20.21	0
1500	2022-04-04	20.21	20.21	20.21	20.21	0
1501	2022-04-05	17.25	17.25	17.25	17.25	400
1502	2022-04-06	17.25	17.25	17.25	17.25	2
1503	2022-04-07	17.25	17.25	17.25	17.25	0
1504	2022-04-08	17.25	17.25	17.25	17.25	0
1505	2022-04-12	17.25	17.25	17.25	17.25	0
1506	2022-04-13	17.25	17.25	17.25	17.25	0
1507	2022-04-14	17.25	17.25	17.25	17.25	0
1508	2022-04-15	17.25	17.25	17.25	17.25	9
1509	2022-04-18	17.25	17.25	17.25	17.25	0
1510	2022-04-19	17.25	17.25	17.25	17.25	0
1511	2022-04-20	17.25	17.25	17.25	17.25	0
1512	2022-04-21	17.25	17.25	17.25	17.25	0
1513	2022-04-22	17.25	17.25	17.25	17.25	0
1514	2022-04-25	17.25	17.25	17.25	17.25	0
1515	2022-04-26	17.25	17.25	17.25	17.25	0
1516	2022-04-27	17.25	17.25	17.25	17.25	0
1517	2022-04-28	17.25	17.25	17.25	17.25	0
1518	2022-04-29	17.25	17.25	17.25	17.25	0
1519	2022-05-04	17.25	17.25	17.25	17.25	0
1520	2022-05-05	17.25	17.25	17.25	17.25	0
1521	2022-05-06	17.25	17.25	17.25	17.25	0
1522	2022-05-09	17.25	17.25	17.25	17.25	0
1523	2022-05-10	17.25	17.25	17.25	17.25	0
1524	2022-05-11	17.25	17.25	17.25	17.25	0
1525	2022-05-12	17.25	17.25	17.25	17.25	0
1526	2022-05-13	17.25	17.25	17.25	17.25	0
1527	2022-05-16	17.25	17.25	17.25	17.25	0
1528	2022-05-17	17.25	17.25	17.25	17.25	0
1529	2022-05-18	17.25	17.25	17.25	17.25	0
1530	2022-05-19	17.25	17.25	17.25	17.25	0
1531	2022-05-20	17.25	17.25	17.25	17.25	0
1532	2022-05-23	17.25	17.25	17.25	17.25	0
1533	2022-05-24	17.25	17.25	17.25	17.25	0
1534	2022-05-25	17.25	17.25	17.25	17.25	0
1535	2022-05-26	17.25	17.25	17.25	17.25	0
1536	2022-05-27	17.25	17.25	17.25	17.25	0
1537	2022-05-30	17.25	17.25	17.25	17.25	0
1538	2022-05-31	17.25	17.25	17.25	17.25	0
1539	2022-06-01	10.37	10.37	10.37	10.37	300
1540	2022-06-02	10.37	10.37	10.37	10.37	0
1541	2022-06-03	10.37	10.37	10.37	10.37	0
1542	2022-06-06	10.37	10.37	10.37	10.37	0
1543	2022-06-07	10.37	10.37	10.37	10.37	100
1544	2022-06-08	10.37	10.37	10.37	10.37	2
1545	2022-06-09	10.37	10.37	10.37	10.37	100
1546	2022-06-10	10.37	10.37	10.37	10.37	0
1547	2022-06-13	10.37	10.37	10.37	10.37	0
1548	2022-06-14	10.37	10.37	10.37	10.37	0
1549	2022-06-15	10.37	10.37	10.37	10.37	0
1550	2022-06-16	10.37	10.37	10.37	10.37	0
1551	2022-06-17	10.37	10.37	10.37	10.37	0
1552	2022-06-20	10.37	10.37	10.37	10.37	0
1553	2022-06-21	9.35	9.35	9.35	9.35	100
1554	2022-06-22	9.35	9.35	9.35	9.35	0
1555	2022-06-23	9.35	9.35	9.35	9.35	0
1556	2022-06-24	9.35	9.35	9.35	9.35	0
1557	2022-06-27	8.5	8.5	7.99	7.99	200
1558	2022-06-28	8.24	8.24	8.24	8.24	0
1559	2022-06-29	9.43	9.43	9.43	9.43	100
1560	2022-06-30	9.43	9.43	9.43	9.43	100
1561	2022-07-01	9.43	9.43	9.43	9.43	0
1562	2022-07-04	9.35	9.35	9.35	9.35	200
1563	2022-07-05	9.35	9.35	9.35	9.35	0
1564	2022-07-06	10.2	10.2	10.2	10.2	100
1565	2022-07-07	10.2	10.2	10.2	10.2	0
1566	2022-07-08	11.73	11.73	11.73	11.73	100
1567	2022-07-11	13.43	13.43	13.43	13.43	100
1568	2022-07-12	15.21	15.21	15.21	15.21	110
1569	2022-07-13	16.4	16.4	16.4	16.4	120
1570	2022-07-14	16.4	16.4	16.4	16.4	0
1571	2022-07-15	16.4	16.4	16.4	16.4	0
1572	2022-07-18	16.4	16.4	16.4	16.4	0
1573	2022-07-19	16.4	16.4	16.4	16.4	0
1574	2022-07-20	16.4	16.4	16.4	16.4	0
1575	2022-07-21	16.4	16.4	16.4	16.4	0
1576	2022-07-22	16.4	16.4	16.4	16.4	0
1577	2022-07-25	16.4	16.4	16.4	16.4	0
1578	2022-07-26	16.4	16.4	16.4	16.4	0
1579	2022-07-27	16.4	16.4	16.4	16.4	0
1580	2022-07-28	16.4	16.4	16.4	16.4	0
1581	2022-07-29	16.4	16.4	16.4	16.4	0
1582	2022-08-01	16.4	16.4	16.4	16.4	0
1583	2022-08-02	14.02	14.02	14.02	14.02	100
1584	2022-08-03	11.98	11.98	11.98	11.98	10500
1585	2022-08-04	11.98	11.98	11.98	11.98	0
1586	2022-08-05	11.98	11.98	11.98	11.98	0
1587	2022-08-08	11.98	11.98	11.98	11.98	0
1588	2022-08-09	10.28	10.28	10.28	10.28	100
1589	2022-08-10	10.28	10.28	10.28	10.28	200
1590	2022-08-11	10.28	10.28	10.28	10.28	30
1591	2022-08-12	9.86	9.86	9.86	9.86	200
1592	2022-08-15	9.86	9.86	9.86	9.86	0
1593	2022-08-16	9.86	9.86	9.86	9.86	0
1594	2022-08-17	9.86	9.86	9.86	9.86	57
1595	2022-08-18	9.86	9.86	9.86	9.86	14
1596	2022-08-19	9.86	9.86	9.86	9.86	0
1597	2022-08-22	9.86	9.86	9.86	9.86	0
1598	2022-08-23	9.86	9.86	9.86	9.86	0
1599	2022-08-24	9.86	9.86	9.86	9.86	0
1600	2022-08-25	9.86	9.86	9.86	9.86	0
1601	2022-08-26	9.86	9.86	9.86	9.86	0
1602	2022-08-29	9.35	9.35	9.35	9.35	200
1603	2022-08-30	9.35	9.35	9.35	9.35	0
1604	2022-08-31	8.92	8.92	8.92	8.92	300
1605	2022-09-05	8.5	8.5	7.65	7.65	2600
1606	2022-09-06	7.73	7.73	7.73	7.73	0
1607	2022-09-07	7.73	7.73	7.73	7.73	0
1608	2022-09-08	7.73	7.73	7.73	7.73	0
1609	2022-09-09	6.63	6.63	6.63	6.63	500
1610	2022-09-12	7.56	7.56	7.56	7.56	500
1611	2022-09-13	8.67	8.67	8.67	8.67	500
1612	2022-09-14	9.94	9.94	9.94	9.94	1000
1613	2022-09-15	11.39	11.39	11.39	11.39	1108
1614	2022-09-16	13.09	13.09	13.09	13.09	900
1615	2022-09-19	15.04	15.04	15.04	15.04	4979
1616	2022-09-20	17.25	17.25	16.49	16.49	1800
1617	2022-09-21	14.45	14.45	14.45	14.45	300
1618	2022-09-22	12.32	12.32	12.32	12.32	801
1619	2022-09-23	12.32	12.32	12.32	12.32	0
1620	2022-09-26	12.32	12.32	12.32	12.32	0
1621	2022-09-27	12.32	12.32	12.32	12.32	1
1622	2022-09-28	12.32	12.32	12.32	12.32	0
1623	2022-09-29	12.32	12.32	12.32	12.32	0
1624	2022-09-30	12.32	12.32	12.32	12.32	0
1625	2022-10-03	12.32	12.32	12.32	12.32	0
1626	2022-10-04	12.32	12.32	12.32	12.32	0
1627	2022-10-05	12.32	12.32	12.32	12.32	0
1628	2022-10-06	10.54	11.05	10.54	11.05	3300
1629	2022-10-07	10.2	10.2	9.18	9.18	4901
1630	2022-10-10	9.52	9.52	9.52	9.52	0
1631	2022-10-11	9.69	10.88	9.69	10.88	1000
1632	2022-10-12	10.88	11.22	10.88	11.22	200
1633	2022-10-13	12.66	12.66	12.66	12.66	200
1634	2022-10-14	14.53	14.53	14.53	14.53	107
1635	2022-10-17	16.66	16.66	16.66	16.66	203
1636	2022-10-18	19.12	19.12	16.66	19.12	2600
1637	2022-10-19	21.76	21.76	21.76	21.76	400
1638	2022-10-20	24.99	24.99	24.99	24.99	300
1639	2022-10-21	28.73	28.73	28.73	28.73	276
1640	2022-10-24	32.98	32.98	32.81	32.98	3200
1641	2022-10-25	37.91	37.91	28.05	34.85	1000
1642	2022-10-26	30.43	30.43	30.43	30.43	0
1643	2022-10-27	25.92	25.92	25.92	25.92	100
1644	2022-10-28	25.92	25.92	25.92	25.92	0
1645	2022-10-31	22.1	29.75	22.1	29.75	3900
1646	2022-11-01	29.32	29.32	29.32	29.32	500
1647	2022-11-02	31.02	31.02	31.02	31.02	503
1648	2022-11-03	34.42	34.42	31.02	31.02	303
1649	2022-11-04	33.57	33.57	33.57	33.57	100
1650	2022-11-07	33.57	33.57	33.57	33.57	0
1651	2022-11-08	33.57	33.57	33.57	33.57	0
1652	2022-11-09	28.56	28.56	28.56	28.56	100
1653	2022-11-10	32.81	32.81	24.31	24.31	800
1654	2022-11-11	29.66	29.66	29.66	29.66	0
1655	2022-11-14	29.66	29.66	29.66	29.66	0
1656	2022-11-15	29.66	29.66	29.66	29.66	0
1657	2022-11-16	25.24	25.24	25.24	25.24	100
1658	2022-11-17	21.5	21.5	21.5	21.5	100
1659	2022-11-18	18.36	18.36	18.36	18.36	204
1660	2022-11-21	15.64	15.64	15.64	15.64	2000
1661	2022-11-22	13.34	13.34	13.34	13.34	100
1662	2022-11-23	11.39	11.39	11.39	11.39	403
1663	2022-11-24	9.69	13.09	9.69	11.9	3000
1664	2022-11-25	11.47	11.47	11.05	11.05	720
1665	2022-11-28	11.13	11.13	11.13	11.13	0
1666	2022-11-29	12.66	12.66	9.52	9.52	500
1667	2022-11-30	12.41	12.41	9.18	9.18	11800
1668	2022-12-01	8.33	8.41	8.33	8.33	510
1669	2022-12-02	9.52	9.52	9.52	9.52	800
1670	2022-12-05	9.77	9.77	9.01	9.01	649
1671	2022-12-06	8.24	8.24	8.16	8.16	1300
1672	2022-12-07	8.16	8.24	8.16	8.16	2300
1673	2022-12-08	8.16	8.16	7.14	7.65	1100
1674	2022-12-09	7.65	8.41	7.65	8.41	300
1675	2022-12-12	8.16	8.16	8.16	8.16	0
1676	2022-12-13	8.58	8.58	8.58	8.58	100
1677	2022-12-14	8.58	8.58	8.58	8.58	0
1678	2022-12-15	7.99	7.99	7.82	7.82	900
1679	2022-12-16	7.82	7.82	7.65	7.65	400
1680	2022-12-19	7.73	7.73	7.73	7.73	0
1681	2022-12-20	7.73	7.73	7.73	7.73	0
1682	2022-12-21	7.48	7.48	7.31	7.31	300
1683	2022-12-22	7.48	7.48	7.48	7.48	200
1684	2022-12-23	7.48	7.48	7.48	7.48	0
1685	2022-12-26	7.31	7.31	7.31	7.31	100
1686	2022-12-27	7.31	7.31	7.31	7.31	100
1687	2022-12-28	7.31	7.31	7.31	7.31	0
1688	2022-12-29	7.31	7.31	7.31	7.31	0
1689	2022-12-30	7.31	7.31	7.31	7.31	200
1690	2023-01-03	7.31	7.31	7.31	7.31	0
1691	2023-01-04	7.31	7.31	7.31	7.31	500
1692	2023-01-05	7.31	7.31	7.31	7.31	0
1693	2023-01-06	6.29	6.29	6.29	6.29	100
1694	2023-01-09	7.22	7.22	7.22	7.22	100
1695	2023-01-10	7.22	7.22	7.22	7.22	1
1696	2023-01-11	8.24	8.24	8.24	8.24	1300
1697	2023-01-12	8.24	8.24	8.24	8.24	400
1698	2023-01-13	7.48	7.48	7.48	7.48	100
1699	2023-01-16	7.48	7.48	7.48	7.48	100
1700	2023-01-17	7.48	7.48	7.48	7.48	0
1701	2023-01-18	7.48	7.48	7.48	7.48	0
1702	2023-01-19	8.41	8.41	8.41	8.41	100
1703	2023-01-27	8.41	8.41	8.41	8.41	0
1704	2023-01-30	8.41	8.41	8.41	8.41	0
1705	2023-01-31	8.41	8.41	8.41	8.41	0
1706	2023-02-01	8.41	8.41	8.41	8.41	0
1707	2023-02-02	8.41	8.41	8.41	8.41	0
1708	2023-02-03	7.65	7.73	7.65	7.65	400
1709	2023-02-06	7.65	7.65	7.65	7.65	0
1710	2023-02-07	8.41	8.41	7.73	7.73	400
1711	2023-02-08	7.65	7.65	7.65	7.65	500
1712	2023-02-09	7.65	7.65	7.65	7.65	0
1713	2023-02-10	7.65	7.65	7.65	7.65	0
1714	2023-02-13	6.63	8.33	6.63	8.33	403
1715	2023-02-14	7.48	7.48	7.48	7.48	0
1716	2023-02-15	6.71	6.71	6.63	6.63	400
1717	2023-02-16	6.63	6.63	6.63	6.63	0
1718	2023-02-17	6.63	6.8	6.63	6.63	1200
1719	2023-02-20	6.63	6.63	6.63	6.63	0
1720	2023-02-21	6.63	6.63	6.63	6.63	0
1721	2023-02-22	6.63	6.63	6.63	6.63	0
1722	2023-02-23	6.63	6.63	6.63	6.63	0
1723	2023-02-24	6.8	6.8	6.8	6.8	500
1724	2023-02-27	6.88	6.97	6.88	6.97	500
1725	2023-02-28	6.97	6.97	6.97	6.97	0
1726	2023-03-01	6.8	6.88	6.8	6.88	400
1727	2023-03-02	6.88	6.88	6.88	6.88	0
1728	2023-03-03	6.88	6.88	6.88	6.88	0
1729	2023-03-06	6.88	6.88	6.88	6.88	0
1730	2023-03-07	7.56	7.56	7.56	7.56	200
1731	2023-03-08	7.56	7.56	7.56	7.56	0
1732	2023-03-09	7.56	7.56	7.56	7.56	0
1733	2023-03-10	7.56	7.56	7.56	7.56	0
1734	2023-03-13	7.56	7.56	7.56	7.56	0
1735	2023-03-14	7.56	7.56	7.56	7.56	0
1736	2023-03-15	7.56	7.56	7.56	7.56	0
1737	2023-03-16	6.88	6.88	6.88	6.88	100
1738	2023-03-17	6.88	6.88	6.88	6.88	0
1739	2023-03-20	6.88	6.88	6.88	6.88	0
1740	2023-03-21	6.88	6.88	6.88	6.88	0
1741	2023-03-22	6.88	6.88	6.88	6.88	0
1742	2023-03-23	6.88	6.88	6.88	6.88	0
1743	2023-03-24	6.88	6.88	6.88	6.88	0
1744	2023-03-27	6.97	6.97	6.97	6.97	400
1745	2023-03-28	6.97	6.97	6.97	6.97	0
1746	2023-03-29	6.97	6.97	6.97	6.97	0
1747	2023-03-30	6.97	6.97	6.97	6.97	400
1748	2023-03-31	6.97	6.97	6.97	6.97	3
1749	2023-04-03	6.97	6.97	6.97	6.97	0
1750	2023-04-04	6.97	6.97	6.97	6.97	0
1751	2023-04-05	6.97	6.97	6.97	6.97	100
1752	2023-04-06	6.97	6.97	6.97	6.97	0
1753	2023-04-07	5.95	5.95	5.95	5.95	100
1754	2023-04-10	6.8	6.8	6.8	6.8	100
1755	2023-04-11	7.82	7.82	7.82	7.82	4600
1756	2023-04-12	7.73	7.73	7.73	7.73	300
1757	2023-04-13	7.22	7.22	6.63	6.8	1000
1758	2023-04-14	6.88	6.88	6.88	6.88	1000
1759	2023-04-17	6.88	6.88	6.88	6.88	0
1760	2023-04-18	6.88	6.88	6.88	6.88	0
1761	2023-04-19	6.88	6.88	6.88	6.88	0
1762	2023-04-20	6.88	6.88	6.88	6.88	0
1763	2023-04-21	6.88	6.88	6.88	6.88	0
1764	2023-04-24	6.88	6.88	6.88	6.88	0
1765	2023-04-25	6.88	6.88	6.88	6.88	0
1766	2023-04-26	7.22	7.22	7.22	7.22	1000
1767	2023-04-27	7.22	7.22	7.22	7.22	0
1768	2023-04-28	7.22	7.22	7.22	7.22	0
1769	2023-05-04	7.65	7.65	7.65	7.65	1200
1770	2023-05-05	7.73	7.73	7.73	7.73	501
1771	2023-05-08	7.73	8.07	7.73	8.07	3900
1772	2023-05-09	8.5	8.5	8.07	8.07	1200
1773	2023-05-10	8.41	8.41	8.41	8.41	0
1774	2023-05-11	8.41	8.41	8.41	8.41	0
1775	2023-05-12	7.32	7.32	7.32	7.32	607
1776	2023-05-15	7.32	7.32	7.32	7.32	0
1777	2023-05-16	7.32	7.32	7.32	7.32	0
1778	2023-05-17	7.32	7.32	7.32	7.32	200
1779	2023-05-18	7.32	7.32	7.32	7.32	600
1780	2023-05-19	7.32	7.32	7.32	7.32	400
1781	2023-05-22	7.32	7.32	7.32	7.32	200
1782	2023-05-23	7.32	7.32	7.32	7.32	0
1783	2023-05-24	7.32	7.32	7.32	7.32	0
1784	2023-05-25	7.32	7.32	7.32	7.32	400
1785	2023-05-26	7.32	7.32	7.32	7.32	1
1786	2023-05-29	7.32	7.32	7.32	7.32	1
1787	2023-05-30	7.32	7.32	7.32	7.32	1000
1788	2023-05-31	7.32	7.32	7.32	7.32	600
1789	2023-06-01	7.32	7.32	7.32	7.32	200
1790	2023-06-02	7.32	7.32	7.32	7.32	1
1791	2023-06-05	7.32	7.32	7.32	7.32	0
1792	2023-06-06	7.32	7.32	7.32	7.32	0
1793	2023-06-07	7.32	7.32	7.32	7.32	700
1794	2023-06-08	7.32	7.32	7.32	7.32	5
1795	2023-06-09	7.32	7.32	7.32	7.32	0
1796	2023-06-12	7.32	7.32	7.32	7.32	0
1797	2023-06-13	7.32	7.32	7.32	7.32	0
1798	2023-06-14	7.32	7.87	7.23	7.87	3100
1799	2023-06-15	7.32	7.32	7.32	7.32	1000
1800	2023-06-16	7.32	7.32	7.32	7.32	200
1801	2023-06-19	7.32	7.32	7.32	7.32	0
1802	2023-06-20	7.32	7.32	7.32	7.32	0
1803	2023-06-21	7.32	7.32	7.32	7.32	0
1804	2023-06-22	7.32	7.32	7.32	7.32	0
1805	2023-06-23	7.32	7.32	7.32	7.32	0
1806	2023-06-26	7.96	7.96	7.96	7.96	100
1807	2023-06-27	7.96	7.96	7.96	7.96	0
1808	2023-06-28	7.96	7.96	7.96	7.96	2
1809	2023-06-29	7.96	7.96	7.96	7.96	0
1810	2023-06-30	7.96	7.96	7.96	7.96	0
1811	2023-07-03	7.96	7.96	7.96	7.96	0
1812	2023-07-04	7.96	7.96	7.96	7.96	8
1813	2023-07-05	7.96	7.96	7.96	7.96	0
1814	2023-07-06	7.96	7.96	7.96	7.96	0
1815	2023-07-07	7.96	7.96	7.96	7.96	0
1816	2023-07-10	7.96	7.96	7.96	7.96	0
1817	2023-07-11	7.96	7.96	7.96	7.96	0
1818	2023-07-12	7.96	7.96	7.96	7.96	0
1819	2023-07-13	7.96	7.96	7.96	7.96	0
1820	2023-07-14	7.96	7.96	7.96	7.96	0
1821	2023-07-17	7.96	7.96	7.96	7.96	0
1822	2023-07-18	7.96	7.96	7.96	7.96	0
1823	2023-07-19	7.96	7.96	7.96	7.96	0
1824	2023-07-20	7.96	7.96	7.96	7.96	0
1825	2023-07-21	7.96	7.96	7.96	7.96	0
1826	2023-07-24	7.96	7.96	7.96	7.96	2300
1827	2023-07-25	7.96	7.96	7.96	7.96	1800
1828	2023-07-26	7.96	7.96	7.96	7.96	0
1829	2023-07-27	7.96	7.96	7.96	7.96	0
1830	2023-07-28	7.96	7.96	7.96	7.96	0
1831	2023-07-31	7.96	7.96	7.96	7.96	0
1832	2023-08-01	7.96	7.96	7.96	7.96	0
1833	2023-08-02	7.96	7.96	7.96	7.96	0
1834	2023-08-03	7.96	7.96	7.96	7.96	0
1835	2023-08-04	7.96	7.96	7.96	7.96	0
1836	2023-08-07	7.96	7.96	7.96	7.96	100
1837	2023-08-08	7.96	7.96	7.96	7.96	0
1838	2023-08-09	7.5	7.5	7.5	7.5	1700
1839	2023-08-10	7.5	7.5	7.5	7.5	0
1840	2023-08-11	7.5	7.5	7.5	7.5	400
1841	2023-08-14	7.5	7.5	7.5	7.5	0
1842	2023-08-15	7.5	7.5	7.5	7.5	0
1843	2023-08-16	7.5	7.5	7.5	7.5	1100
1844	2023-08-17	7.5	7.5	7.5	7.5	0
1845	2023-08-18	7.96	7.96	7.96	7.96	100
1846	2023-08-21	7.77	7.77	7.77	7.77	500
1847	2023-08-22	7.77	7.77	7.77	7.77	0
1848	2023-08-23	7.77	7.77	7.77	7.77	0
1849	2023-08-24	7.77	7.77	7.77	7.77	0
1850	2023-08-25	7.41	7.41	7.41	7.41	600
1851	2023-08-28	7.41	7.41	7.41	7.41	0
1852	2023-08-29	7.41	7.41	7.41	7.41	0
1853	2023-08-30	7.5	7.5	7.5	7.5	500
1854	2023-08-31	7.5	7.5	7.5	7.5	5
1855	2023-09-05	7.5	7.5	7.5	7.5	500
1856	2023-09-06	7.5	7.5	7.5	7.5	0
1857	2023-09-07	7.77	7.77	7.5	7.5	1400
1858	2023-09-08	7.59	8.6	7.59	8.6	3300
1859	2023-09-11	8.51	8.51	8.51	8.51	100
1860	2023-09-12	7.68	7.68	7.59	7.59	4300
1861	2023-09-13	7.5	7.5	7.5	7.5	100
1862	2023-09-14	7.5	7.5	7.5	7.5	0
1863	2023-09-15	7.5	7.5	7.5	7.5	0
1864	2023-09-18	7.5	7.5	7.5	7.5	0
1865	2023-09-19	7.5	7.5	7.5	7.5	0
1866	2023-09-20	7.32	7.59	7.32	7.32	1100
1867	2023-09-21	7.32	7.32	7.32	7.32	0
1868	2023-09-22	7.32	7.32	7.32	7.32	0
1869	2023-09-25	7.32	7.32	7.32	7.32	0
1870	2023-09-26	7.32	7.32	7.32	7.32	0
1871	2023-09-27	7.32	7.32	7.32	7.32	0
1872	2023-09-28	7.32	7.32	7.32	7.32	0
1873	2023-09-29	7.32	7.32	7.32	7.32	0
1874	2023-10-02	7.32	7.32	7.32	7.32	0
1875	2023-10-03	7.32	7.32	7.32	7.32	0
1876	2023-10-04	7.32	7.32	7.32	7.32	0
1877	2023-10-05	7.32	7.32	7.32	7.32	0
1878	2023-10-06	7.32	7.32	7.32	7.32	0
1879	2023-10-09	7.32	7.32	7.32	7.32	0
1880	2023-10-10	7.32	7.32	7.32	7.32	0
1881	2023-10-11	7.77	7.77	7.77	7.77	100
1882	2023-10-12	7.77	7.77	7.77	7.77	0
1883	2023-10-13	7.77	7.77	7.77	7.77	0
1884	2023-10-16	7.77	7.77	7.77	7.77	0
1885	2023-10-17	7.77	7.77	7.77	7.77	0
1886	2023-10-18	7.77	7.77	7.77	7.77	0
1887	2023-10-19	7.77	7.77	7.77	7.77	0
1888	2023-10-20	7.77	7.77	7.77	7.77	0
1889	2023-10-23	7.77	7.77	7.77	7.77	0
1890	2023-10-24	7.77	7.77	7.77	7.77	0
1891	2023-10-25	7.77	7.77	7.77	7.77	0
1892	2023-10-26	7.32	7.32	7.32	7.32	405
1893	2023-10-27	7.32	7.32	7.32	7.32	0
1894	2023-10-30	7.32	7.32	7.32	7.32	0
1895	2023-10-31	7.32	7.32	7.32	7.32	0
1896	2023-11-01	7.32	7.32	7.32	7.32	0
1897	2023-11-02	7.32	7.32	7.32	7.32	0
1898	2023-11-03	7.87	7.87	7.87	7.87	300
1899	2023-11-06	7.87	7.87	7.87	7.87	0
1900	2023-11-07	7.87	7.87	7.87	7.87	0
1901	2023-11-08	7.87	7.87	7.87	7.87	0
1902	2023-11-09	7.87	7.87	7.87	7.87	0
1903	2023-11-10	7.87	7.87	7.87	7.87	0
1904	2023-11-13	7.87	7.87	7.87	7.87	0
1905	2023-11-14	7.87	7.87	7.87	7.87	0
1906	2023-11-15	7.87	7.87	7.87	7.87	0
1907	2023-11-16	7.87	7.87	7.87	7.87	0
1908	2023-11-17	7.87	7.87	7.87	7.87	0
1909	2023-11-20	7.87	7.87	7.87	7.87	0
1910	2023-11-21	7.87	7.87	7.87	7.87	0
1911	2023-11-22	7.87	7.87	7.87	7.87	0
1912	2023-11-23	7.87	7.87	7.87	7.87	0
1913	2023-11-24	7.87	7.87	7.87	7.87	0
1914	2023-11-27	7.87	7.87	7.87	7.87	0
1915	2023-11-28	7.87	7.87	7.87	7.87	0
1916	2023-11-29	7.32	7.32	7.32	7.32	300
1917	2023-11-30	7.32	7.32	7.32	7.32	0
1918	2023-12-01	7.32	7.32	7.32	7.32	0
1919	2023-12-04	7.32	7.32	7.32	7.32	0
1920	2023-12-05	7.32	7.32	7.32	7.32	0
1921	2023-12-06	7.32	7.32	7.32	7.32	0
1922	2023-12-07	7.32	7.32	7.32	7.32	0
1923	2023-12-08	7.32	7.32	7.32	7.32	0
1924	2023-12-11	7.32	7.32	7.32	7.32	0
1925	2023-12-12	7.32	7.32	7.32	7.32	0
1926	2023-12-13	7.32	7.32	7.32	7.32	0
1927	2023-12-14	7.32	7.32	7.32	7.32	0
1928	2023-12-15	7.32	7.32	7.32	7.32	0
1929	2023-12-18	7.32	7.32	7.32	7.32	0
1930	2023-12-19	7.32	7.32	7.32	7.32	0
1931	2023-12-20	7.32	7.32	7.32	7.32	0
1932	2023-12-21	7.32	7.32	7.32	7.32	0
1933	2023-12-22	7.32	7.32	7.32	7.32	0
1934	2023-12-25	7.32	7.32	7.32	7.32	0
1935	2023-12-26	7.68	7.77	7.68	7.77	3900
1936	2023-12-27	7.68	7.68	7.68	7.68	0
1937	2023-12-28	7.68	7.68	7.68	7.68	0
1938	2023-12-29	7.68	7.68	7.68	7.68	0
1939	2024-01-02	7.68	7.68	7.68	7.68	0
1940	2024-01-03	7.68	7.68	7.68	7.68	0
1941	2024-01-04	7.68	7.68	7.68	7.68	0
1942	2024-01-05	7.68	7.68	7.68	7.68	0
1943	2024-01-08	7.68	7.68	7.68	7.68	0
1944	2024-01-09	7.68	7.68	7.68	7.68	0
1945	2024-01-10	7.68	7.68	7.68	7.68	0
1946	2024-01-11	7.68	7.68	7.68	7.68	0
1947	2024-01-12	7.5	7.77	7.32	7.77	10600
1948	2024-01-15	7.41	7.41	7.41	7.41	0
1949	2024-01-16	7.41	7.41	7.41	7.41	0
1950	2024-01-17	7.41	7.41	7.41	7.41	0
1951	2024-01-18	7.41	7.41	7.41	7.41	0
1952	2024-01-19	7.41	7.41	7.41	7.41	0
1953	2024-01-22	7.41	7.41	7.41	7.41	0
1954	2024-01-23	7.41	7.41	7.41	7.41	0
1955	2024-01-24	7.41	7.41	7.41	7.41	0
1956	2024-01-25	7.41	7.41	7.41	7.41	0
1957	2024-01-26	7.41	7.41	7.41	7.41	0
1958	2024-01-29	7.41	7.41	7.41	7.41	0
1959	2024-01-30	7.41	7.41	7.41	7.41	0
1960	2024-01-31	7.41	7.41	7.41	7.41	0
1961	2024-02-01	7.41	7.41	7.41	7.41	0
1962	2024-02-02	7.41	7.41	7.41	7.41	0
1963	2024-02-05	7.41	7.41	7.41	7.41	0
1964	2024-02-06	7.41	7.41	7.41	7.41	0
1965	2024-02-07	7.41	7.41	7.41	7.41	0
1966	2024-02-15	7.41	7.41	7.41	7.41	0
1967	2024-02-16	7.41	7.41	7.41	7.41	0
1968	2024-02-19	7.41	7.41	7.41	7.41	0
1969	2024-02-20	7.41	7.41	7.41	7.41	0
1970	2024-02-21	7.41	7.41	7.41	7.41	0
1971	2024-02-22	7.41	7.41	7.41	7.41	0
1972	2024-02-23	7.5	7.5	7.5	7.5	100
1973	2024-02-26	7.5	7.5	7.5	7.5	0
1974	2024-02-27	7.5	7.5	7.5	7.5	0
1975	2024-02-28	7.5	7.5	7.5	7.5	0
1976	2024-02-29	7.5	7.5	7.5	7.5	0
1977	2024-03-01	7.5	7.5	7.5	7.5	0
1978	2024-03-04	7.59	7.59	7.59	7.59	206
1979	2024-03-05	7.59	7.59	7.59	7.59	0
1980	2024-03-06	7.59	7.59	7.59	7.59	0
1981	2024-03-07	7.59	7.59	7.59	7.59	0
1982	2024-03-08	7.59	7.59	7.59	7.59	0
1983	2024-03-11	7.59	7.59	7.59	7.59	0
1984	2024-03-12	7.59	7.59	7.59	7.59	0
1985	2024-03-13	7.77	7.77	7.77	7.77	200
1986	2024-03-14	7.77	7.77	7.77	7.77	0
1987	2024-03-15	7.77	7.77	7.77	7.77	1
1988	2024-03-18	7.77	7.77	7.77	7.77	0
1989	2024-03-19	7.77	7.77	7.77	7.77	0
1990	2024-03-20	7.77	7.77	7.77	7.77	0
1991	2024-03-21	7.77	7.77	7.77	7.77	0
1992	2024-03-22	7.77	7.77	7.77	7.77	0
1993	2024-03-25	7.77	7.77	7.77	7.77	0
1994	2024-03-26	7.77	7.77	7.77	7.77	0
1995	2024-03-27	7.77	7.77	7.77	7.77	0
1996	2024-03-28	7.77	7.77	7.77	7.77	0
1997	2024-03-29	7.77	7.77	7.77	7.77	0
1998	2024-04-01	7.77	7.77	7.77	7.77	0
1999	2024-04-02	7.77	7.77	7.77	7.77	0
2000	2024-04-03	7.77	7.77	7.77	7.77	0
2001	2024-04-04	7.77	7.77	7.77	7.77	0
2002	2024-04-05	7.87	7.87	7.87	7.87	1000
2003	2024-04-08	7.87	7.87	7.87	7.87	1500
2004	2024-04-09	7.87	7.87	7.87	7.87	100
2005	2024-04-10	7.87	7.87	7.87	7.87	0
2006	2024-04-11	7.77	7.87	7.77	7.87	900
2007	2024-04-12	7.77	7.77	7.77	7.77	0
2008	2024-04-15	7.77	7.77	7.77	7.77	0
2009	2024-04-16	7.77	7.77	7.77	7.77	0
2010	2024-04-17	7.77	7.77	7.77	7.77	0
2011	2024-04-19	7.77	7.77	7.77	7.77	0
2012	2024-04-22	7.77	7.77	7.77	7.77	0
2013	2024-04-23	7.77	7.77	7.77	7.77	0
2014	2024-04-24	7.77	7.77	7.77	7.77	0
2015	2024-04-25	7.77	7.77	7.77	7.77	0
2016	2024-04-26	7.5	7.5	7.5	7.5	400
2017	2024-05-02	7.5	7.5	7.5	7.5	100
2018	2024-05-03	7.5	7.5	7.5	7.5	0
2019	2024-05-06	7.5	7.5	7.5	7.5	0
2020	2024-05-07	7.5	7.5	7.5	7.5	0
2021	2024-05-08	7.5	7.5	7.5	7.5	0
2022	2024-05-09	7.5	7.5	7.5	7.5	0
2023	2024-05-10	7.87	7.87	7.87	7.87	500
2024	2024-05-13	7.87	7.87	7.87	7.87	1000
2025	2024-05-14	7.87	7.87	7.87	7.87	0
2026	2024-05-15	7.87	7.87	7.87	7.87	0
2027	2024-05-16	7.5	7.5	7.5	7.5	1000
2028	2024-05-17	8.6	8.6	8.6	8.6	100
2029	2024-05-20	8.6	8.6	8.6	8.6	200
2030	2024-05-21	8.6	8.6	8.6	8.6	0
2031	2024-05-22	8.0	8.0	7.6	7.6	300
2032	2024-05-23	7.9	8.0	7.9	8.0	600
2033	2024-05-24	8.0	8.0	8.0	8.0	0
2034	2024-05-27	8.0	8.0	8.0	8.0	0
2035	2024-05-28	8.0	8.5	8.0	8.5	1234
2036	2024-05-29	8.1	8.1	8.1	8.1	0
2037	2024-05-30	8.6	8.6	8.6	8.6	300
2038	2024-05-31	8.6	8.6	8.6	8.6	0
2039	2024-06-03	8.1	8.5	7.8	8.5	1400
2040	2024-06-04	7.9	7.9	7.9	7.9	100
2041	2024-06-05	7.9	7.9	7.9	7.9	100
2042	2024-06-06	8.4	8.4	8.0	8.0	200
2043	2024-06-07	8.0	8.0	8.0	8.0	100
2044	2024-06-10	8.0	8.0	8.0	8.0	0
2045	2024-06-11	8.1	8.1	8.1	8.1	100
2046	2024-06-12	8.2	8.5	8.2	8.5	1200
2047	2024-06-13	8.5	8.5	8.5	8.5	0
2048	2024-06-14	8.1	8.1	8.0	8.1	1200
2049	2024-06-17	8.1	8.1	8.1	8.1	0
2050	2024-06-18	8.1	8.1	8.1	8.1	0
2051	2024-06-19	8.1	8.1	8.1	8.1	0
2052	2024-06-20	8.5	8.5	8.1	8.1	400
2053	2024-06-21	8.5	8.5	8.5	8.5	400
2054	2024-06-24	8.5	8.5	8.5	8.5	300
2055	2024-06-25	8.5	8.5	8.5	8.5	0
2056	2024-06-26	9.0	9.0	9.0	9.0	100
2057	2024-06-27	9.1	9.1	9.1	9.1	100
2058	2024-06-28	9.1	9.1	9.1	9.1	22
2059	2024-07-01	9.1	9.1	9.1	9.1	0
2060	2024-07-02	9.1	9.1	9.1	9.1	15
2061	2024-07-03	8.4	8.4	8.3	8.3	800
2062	2024-07-04	8.3	8.3	8.3	8.3	0
2063	2024-07-05	8.3	8.3	8.3	8.3	0
2064	2024-07-08	8.3	8.3	8.3	8.3	0
2065	2024-07-09	8.3	8.3	8.3	8.3	0
2066	2024-07-10	8.3	8.3	8.3	8.3	0
2067	2024-07-11	8.3	8.3	8.3	8.3	100
2068	2024-07-12	8.3	8.3	8.3	8.3	0
2069	2024-07-15	8.3	8.3	8.3	8.3	0
2070	2024-07-16	8.3	8.3	8.3	8.3	0
2071	2024-07-17	8.3	8.3	8.3	8.3	0
2072	2024-07-18	8.2	8.2	8.2	8.2	100
2073	2024-07-19	8.2	8.2	8.2	8.2	0
2074	2024-07-22	8.2	8.2	8.2	8.2	0
2075	2024-07-23	8.2	8.2	8.2	8.2	0
2076	2024-07-24	8.2	8.2	8.2	8.2	0
2077	2024-07-25	8.2	8.2	8.2	8.2	0
2078	2024-08-23	9.0	9.0	9.0	9.0	600
2079	2024-08-26	9.0	9.0	9.0	9.0	200
2080	2024-08-29	8.3	8.3	8.3	8.3	100
2081	2024-08-30	8.3	8.3	8.3	8.3	300
2082	2024-09-09	8.9	8.9	8.9	8.9	300
2083	2024-09-10	8.3	8.3	8.2	8.2	800
2084	2024-09-12	8.2	8.2	8.2	8.2	200
2085	2024-09-24	8.1	8.1	8.1	8.1	100
2086	2024-09-25	8.5	8.5	8.5	8.5	300
2087	2024-10-02	8.5	8.5	8.5	8.5	100
2088	2024-10-03	8.5	8.5	8.5	8.5	100
2089	2024-10-14	8.5	8.5	8.5	8.5	500
2090	2024-10-17	8.7	8.7	8.7	8.7	500
2091	2024-10-30	8.5	8.5	8.5	8.5	100
2092	2024-11-01	8.6	8.6	8.6	8.6	200
2093	2024-11-06	8.6	8.6	8.6	8.6	100
2094	2024-11-07	8.5	8.5	8.5	8.5	100
2095	2024-11-13	8.6	8.6	8.6	8.6	100
2096	2024-11-25	8.5	8.5	8.5	8.5	100
2097	2024-11-26	8.7	8.7	8.7	8.7	300
2098	2024-11-27	8.3	8.3	8.3	8.3	400
2099	2024-12-05	8.7	8.7	8.7	8.7	400
2100	2024-12-06	9.0	9.0	9.0	9.0	100
2101	2024-12-13	8.5	8.5	8.5	8.5	100
2102	2024-12-31	8.2	8.2	8.1	8.1	800
2103	2025-01-03	8.2	8.2	8.2	8.2	200
2104	2025-01-21	8.2	8.2	8.2	8.2	600
2105	2025-02-04	8.2	8.2	8.2	8.2	100
2106	2025-02-11	8.2	8.2	8.2	8.2	300
2107	2025-02-21	8.8	8.8	8.8	8.8	1400
2108	2025-03-03	8.8	9.0	8.8	8.8	900
2109	2025-03-04	10.1	10.1	10.1	10.1	500
2110	2025-03-05	10.1	10.1	10.1	10.1	100
