	time	open	high	low	close	volume
0	2018-12-28	6.17	6.17	6.17	6.17	0
1	2019-01-02	6.17	6.17	6.17	6.17	0
2	2019-01-03	6.17	6.17	6.17	6.17	0
3	2019-01-04	6.17	6.17	6.17	6.17	0
4	2019-01-07	6.17	6.17	6.17	6.17	0
5	2019-01-08	6.17	6.17	6.17	6.17	0
6	2019-01-09	6.17	6.17	6.17	6.17	0
7	2019-01-10	6.17	6.17	6.17	6.17	0
8	2019-01-11	6.17	6.17	6.17	6.17	0
9	2019-01-14	6.17	6.17	6.17	6.17	0
10	2019-01-15	6.17	6.17	6.17	6.17	0
11	2019-01-16	6.17	6.17	6.17	6.17	0
12	2019-01-17	6.17	6.17	6.17	6.17	0
13	2019-01-18	6.17	6.17	6.17	6.17	0
14	2019-01-21	6.17	6.17	6.17	6.17	0
15	2019-01-22	6.17	6.17	6.17	6.17	0
16	2019-01-23	6.17	6.17	6.17	6.17	0
17	2019-01-24	6.17	6.17	6.17	6.17	0
18	2019-01-25	6.17	6.17	6.17	6.17	0
19	2019-01-28	6.17	6.17	6.17	6.17	0
20	2019-01-29	6.17	6.17	6.17	6.17	0
21	2019-01-30	6.17	6.17	6.17	6.17	0
22	2019-01-31	6.17	6.17	6.17	6.17	0
23	2019-02-01	6.17	6.17	6.17	6.17	0
24	2019-02-11	6.17	6.17	6.17	6.17	0
25	2019-02-12	6.17	6.17	6.17	6.17	0
26	2019-02-13	6.17	6.17	6.17	6.17	0
27	2019-02-14	6.17	6.17	6.17	6.17	0
28	2019-02-15	6.17	6.17	6.17	6.17	0
29	2019-02-18	6.17	6.17	6.17	6.17	0
30	2019-02-19	6.17	6.17	6.17	6.17	0
31	2019-02-20	6.17	6.17	6.17	6.17	0
32	2019-02-21	6.17	6.17	6.17	6.17	0
33	2019-02-22	6.17	6.17	6.17	6.17	0
34	2019-02-25	6.17	6.17	6.17	6.17	0
35	2019-02-26	6.17	6.17	6.17	6.17	0
36	2019-02-27	6.17	6.17	6.17	6.17	0
37	2019-02-28	6.17	6.17	6.17	6.17	0
38	2019-03-01	6.17	6.17	6.17	6.17	0
39	2019-03-04	6.17	6.17	6.17	6.17	0
40	2019-03-05	6.17	6.17	6.17	6.17	0
41	2019-03-06	6.17	6.17	6.17	6.17	0
42	2019-03-07	6.17	6.17	6.17	6.17	0
43	2019-03-08	6.17	6.17	6.17	6.17	0
44	2019-03-11	6.17	6.17	6.17	6.17	0
45	2019-03-12	6.17	6.17	6.17	6.17	0
46	2019-03-13	6.17	6.17	6.17	6.17	0
47	2019-03-14	6.17	6.17	6.17	6.17	0
48	2019-03-15	6.17	6.17	6.17	6.17	0
49	2019-03-18	6.17	6.17	6.17	6.17	0
50	2019-03-19	6.17	6.17	6.17	6.17	0
51	2019-03-20	6.17	6.17	6.17	6.17	0
52	2019-03-21	6.17	6.17	6.17	6.17	0
53	2019-03-22	6.17	6.17	6.17	6.17	0
54	2019-03-25	6.17	6.17	6.17	6.17	0
55	2019-03-26	6.17	6.17	6.17	6.17	0
56	2019-03-27	6.17	6.17	6.17	6.17	0
57	2019-03-28	6.17	6.17	6.17	6.17	0
58	2019-03-29	6.17	6.17	6.17	6.17	0
59	2019-04-01	6.17	6.17	6.17	6.17	0
60	2019-04-02	6.17	6.17	6.17	6.17	0
61	2019-04-03	6.17	6.17	6.17	6.17	0
62	2019-04-04	6.17	6.17	6.17	6.17	0
63	2019-04-05	6.17	6.17	6.17	6.17	0
64	2019-04-08	6.17	6.17	6.17	6.17	0
65	2019-04-09	6.17	6.17	6.17	6.17	0
66	2019-04-10	6.17	6.17	6.17	6.17	0
67	2019-04-11	6.17	6.17	6.17	6.17	0
68	2019-04-12	6.17	6.17	6.17	6.17	0
69	2019-04-16	6.17	6.17	6.17	6.17	0
70	2019-04-17	6.17	6.17	6.17	6.17	0
71	2019-04-18	6.17	6.17	6.17	6.17	0
72	2019-04-19	6.17	6.17	6.17	6.17	0
73	2019-04-22	6.17	6.17	6.17	6.17	0
74	2019-04-23	6.17	6.17	6.17	6.17	0
75	2019-04-24	6.17	6.17	6.17	6.17	0
76	2019-04-25	6.17	6.17	6.17	6.17	0
77	2019-04-26	6.17	6.17	6.17	6.17	0
78	2019-05-02	6.17	6.17	6.17	6.17	0
79	2019-05-03	6.17	6.17	6.17	6.17	0
80	2019-05-06	6.17	6.17	6.17	6.17	0
81	2019-05-07	6.17	6.17	6.17	6.17	0
82	2019-05-08	6.17	6.17	6.17	6.17	0
83	2019-05-09	6.17	6.17	6.17	6.17	0
84	2019-05-10	6.17	6.17	6.17	6.17	0
85	2019-05-13	6.17	6.17	6.17	6.17	0
86	2019-05-14	6.2	6.2	6.2	6.2	0
87	2019-05-15	6.2	6.2	6.2	6.2	0
88	2019-05-16	6.2	6.2	6.2	6.2	0
89	2019-05-17	6.2	6.2	6.2	6.2	0
90	2019-05-20	6.2	6.2	6.2	6.2	0
91	2019-05-21	6.2	6.2	6.2	6.2	0
92	2019-05-22	6.2	6.2	6.2	6.2	0
93	2019-05-23	6.2	6.2	6.2	6.2	0
94	2019-05-24	6.2	6.2	6.2	6.2	0
95	2019-05-27	6.2	6.2	6.2	6.2	0
96	2019-05-28	6.2	6.2	6.2	6.2	0
97	2019-05-29	6.2	6.2	6.2	6.2	0
98	2019-05-30	6.2	6.2	6.2	6.2	0
99	2019-05-31	6.2	6.2	6.2	6.2	0
100	2019-06-03	6.2	6.2	6.2	6.2	0
101	2019-06-04	6.2	6.2	6.2	6.2	0
102	2019-06-05	6.2	6.2	6.2	6.2	0
103	2019-06-06	6.2	6.2	6.2	6.2	0
104	2019-06-07	6.2	6.2	6.2	6.2	0
105	2019-06-10	6.2	6.2	6.2	6.2	0
106	2019-06-11	6.2	6.2	6.2	6.2	0
107	2019-06-12	6.2	6.2	6.2	6.2	0
108	2019-06-13	6.2	6.2	6.2	6.2	0
109	2019-06-14	6.2	6.2	6.2	6.2	0
110	2019-06-17	6.2	6.2	6.2	6.2	0
111	2019-06-18	6.2	6.2	6.2	6.2	0
112	2019-06-19	6.2	6.2	6.2	6.2	0
113	2019-06-20	6.2	6.2	6.2	6.2	0
114	2019-06-21	6.2	6.2	6.2	6.2	0
115	2019-06-24	6.2	6.2	6.2	6.2	0
116	2019-06-25	6.2	6.2	6.2	6.2	0
117	2019-06-26	6.2	6.2	6.2	6.2	0
118	2019-06-27	6.2	6.2	6.2	6.2	0
119	2019-06-28	6.2	6.2	6.2	6.2	0
120	2019-07-01	6.2	6.2	6.2	6.2	0
121	2019-07-02	6.2	6.2	6.2	6.2	0
122	2019-07-03	6.2	6.2	6.2	6.2	0
123	2019-07-04	6.2	6.2	6.2	6.2	0
124	2019-07-05	6.2	6.2	6.2	6.2	0
125	2019-07-08	6.2	6.2	6.2	6.2	0
126	2019-07-09	6.2	6.2	6.2	6.2	0
127	2019-07-10	6.2	6.2	6.2	6.2	0
128	2019-07-11	6.2	6.2	6.2	6.2	0
129	2019-07-12	6.2	6.2	6.2	6.2	0
130	2019-07-15	6.2	6.2	6.2	6.2	0
131	2019-07-16	6.2	6.2	6.2	6.2	0
132	2019-07-17	6.2	6.2	6.2	6.2	0
133	2019-07-18	6.2	6.2	6.2	6.2	0
134	2019-07-19	6.2	6.2	6.2	6.2	0
135	2019-07-22	6.2	6.2	6.2	6.2	0
136	2019-07-23	6.2	6.2	6.2	6.2	0
137	2019-07-24	6.2	6.2	6.2	6.2	0
138	2019-07-25	6.2	6.2	6.2	6.2	0
139	2019-07-26	6.2	6.2	6.2	6.2	0
140	2019-07-29	6.2	6.2	6.2	6.2	0
141	2019-07-30	6.2	6.2	6.2	6.2	0
142	2019-07-31	6.2	6.2	6.2	6.2	0
143	2019-08-01	6.2	6.2	6.2	6.2	0
144	2019-08-02	6.2	6.2	6.2	6.2	0
145	2019-08-05	6.2	6.2	6.2	6.2	0
146	2019-08-06	6.2	6.2	6.2	6.2	0
147	2019-08-07	6.2	6.2	6.2	6.2	0
148	2019-08-08	6.2	6.2	6.2	6.2	0
149	2019-08-09	6.2	6.2	6.2	6.2	0
150	2019-08-12	6.2	6.2	6.2	6.2	0
151	2019-08-13	6.2	6.2	6.2	6.2	0
152	2019-08-14	6.2	6.2	6.2	6.2	0
153	2019-08-15	6.2	6.2	6.2	6.2	0
154	2019-08-16	6.2	6.2	6.2	6.2	0
155	2019-08-19	6.2	6.2	6.2	6.2	0
156	2019-08-20	6.2	6.2	6.2	6.2	0
157	2019-08-21	6.2	6.2	6.2	6.2	0
158	2019-08-22	6.2	6.2	6.2	6.2	0
159	2019-08-23	6.2	6.2	6.2	6.2	0
160	2019-08-26	6.2	6.2	6.2	6.2	0
161	2019-08-27	6.2	6.2	6.2	6.2	0
162	2019-08-28	6.2	6.2	6.2	6.2	0
163	2019-08-29	6.2	6.2	6.2	6.2	0
164	2019-08-30	6.2	6.2	6.2	6.2	0
165	2019-09-03	6.2	6.2	6.2	6.2	0
166	2019-09-04	6.2	6.2	6.2	6.2	0
167	2019-09-05	6.2	6.2	6.2	6.2	0
168	2019-09-06	6.2	6.2	6.2	6.2	0
169	2019-09-09	6.2	6.2	6.2	6.2	0
170	2019-09-10	6.2	6.2	6.2	6.2	0
171	2019-09-11	6.2	6.2	6.2	6.2	0
172	2019-09-12	6.2	6.2	6.2	6.2	0
173	2019-09-13	6.2	6.2	6.2	6.2	0
174	2019-09-16	6.2	6.2	6.2	6.2	0
175	2019-09-17	6.2	6.2	6.2	6.2	0
176	2019-09-18	6.2	6.2	6.2	6.2	0
177	2019-09-19	6.2	6.2	6.2	6.2	0
178	2019-09-20	6.2	6.2	6.2	6.2	0
179	2019-09-23	6.2	6.2	6.2	6.2	0
180	2019-09-24	6.2	6.2	6.2	6.2	0
181	2019-09-25	6.2	6.2	6.2	6.2	0
182	2019-09-26	6.2	6.2	6.2	6.2	0
183	2019-09-27	6.2	6.2	6.2	6.2	0
184	2019-09-30	6.2	6.2	6.2	6.2	0
185	2019-10-01	6.2	6.2	6.2	6.2	0
186	2019-10-02	6.2	6.2	6.2	6.2	0
187	2019-10-03	6.2	6.2	6.2	6.2	0
188	2019-10-04	6.2	6.2	6.2	6.2	0
189	2019-10-07	6.2	6.2	6.2	6.2	0
190	2019-10-08	6.2	6.2	6.2	6.2	0
191	2019-10-09	6.2	6.2	6.2	6.2	0
192	2019-10-10	6.2	6.2	6.2	6.2	0
193	2019-10-11	6.2	6.2	6.2	6.2	0
194	2019-10-14	6.2	6.2	6.2	6.2	0
195	2019-10-15	6.2	6.2	6.2	6.2	0
196	2019-10-16	6.2	6.2	6.2	6.2	0
197	2019-10-17	6.2	6.2	6.2	6.2	0
198	2019-10-18	6.2	6.2	6.2	6.2	0
199	2019-10-21	6.2	6.2	6.2	6.2	0
200	2019-10-22	6.2	6.2	6.2	6.2	0
201	2019-10-23	6.2	6.2	6.2	6.2	0
202	2019-10-24	6.2	6.2	6.2	6.2	0
203	2019-10-25	6.2	6.2	6.2	6.2	0
204	2019-10-28	6.2	6.2	6.2	6.2	0
205	2019-10-29	6.2	6.2	6.2	6.2	0
206	2019-10-30	6.2	6.2	6.2	6.2	0
207	2019-10-31	6.2	6.2	6.2	6.2	0
208	2019-11-01	6.2	6.2	6.2	6.2	0
209	2019-11-04	6.2	6.2	6.2	6.2	0
210	2019-11-05	6.2	6.2	6.2	6.2	0
211	2019-11-06	6.2	6.2	6.2	6.2	0
212	2019-11-07	6.2	6.2	6.2	6.2	0
213	2019-11-08	6.2	6.2	6.2	6.2	0
214	2019-11-11	6.2	6.2	6.2	6.2	0
215	2019-11-12	6.2	6.2	6.2	6.2	0
216	2019-11-13	6.2	6.2	6.2	6.2	0
217	2019-11-14	6.2	6.2	6.2	6.2	0
218	2019-11-15	6.2	6.2	6.2	6.2	0
219	2019-11-18	6.2	6.2	6.2	6.2	0
220	2019-11-19	6.2	6.2	6.2	6.2	0
221	2019-11-20	6.2	6.2	6.2	6.2	0
222	2019-11-21	6.2	6.2	6.2	6.2	0
223	2019-11-22	6.2	6.2	6.2	6.2	0
224	2019-11-25	6.2	6.2	6.2	6.2	0
225	2019-11-26	6.2	6.2	6.2	6.2	0
226	2019-11-27	6.2	6.2	6.2	6.2	0
227	2019-11-28	6.2	6.2	6.2	6.2	0
228	2019-11-29	6.2	6.2	6.2	6.2	0
229	2019-12-02	6.2	6.2	6.2	6.2	0
230	2019-12-03	6.2	6.2	6.2	6.2	0
231	2019-12-04	6.2	6.2	6.2	6.2	0
232	2019-12-05	6.2	6.2	6.2	6.2	0
233	2019-12-06	6.2	6.2	6.2	6.2	0
234	2019-12-09	6.2	6.2	6.2	6.2	0
235	2019-12-10	6.2	6.2	6.2	6.2	0
236	2019-12-11	6.2	6.2	6.2	6.2	0
237	2019-12-12	6.2	6.2	6.2	6.2	0
238	2019-12-13	6.2	6.2	6.2	6.2	0
239	2019-12-16	6.2	6.2	6.2	6.2	0
240	2019-12-17	6.2	6.2	6.2	6.2	0
241	2019-12-18	6.2	6.2	6.2	6.2	0
242	2019-12-19	6.2	6.2	6.2	6.2	0
243	2019-12-20	6.2	6.2	6.2	6.2	0
244	2019-12-23	6.2	6.2	6.2	6.2	0
245	2019-12-24	6.2	6.2	6.2	6.2	0
246	2019-12-25	6.2	6.2	6.2	6.2	0
247	2019-12-26	6.2	6.2	6.2	6.2	0
248	2019-12-27	6.2	6.2	6.2	6.2	0
249	2019-12-30	6.2	6.2	6.2	6.2	0
250	2019-12-31	6.2	6.2	6.2	6.2	0
251	2020-01-02	6.2	6.2	6.2	6.2	0
252	2020-01-03	6.2	6.2	6.2	6.2	0
253	2020-01-06	6.2	6.2	6.2	6.2	0
254	2020-01-07	6.2	6.2	6.2	6.2	0
255	2020-01-08	6.2	6.2	6.2	6.2	0
256	2020-01-09	6.2	6.2	6.2	6.2	0
257	2020-01-10	6.2	6.2	6.2	6.2	0
258	2020-01-13	6.2	6.2	6.2	6.2	0
259	2020-01-14	6.2	6.2	6.2	6.2	0
260	2020-01-15	6.2	6.2	6.2	6.2	0
261	2020-01-16	6.2	6.2	6.2	6.2	0
262	2020-01-17	6.2	6.2	6.2	6.2	0
263	2020-01-20	6.2	6.2	6.2	6.2	0
264	2020-01-21	6.2	6.2	6.2	6.2	0
265	2020-01-22	6.2	6.2	6.2	6.2	0
266	2020-01-30	6.2	6.2	6.2	6.2	0
267	2020-01-31	6.2	6.2	6.2	6.2	0
268	2020-02-03	6.2	6.2	6.2	6.2	0
269	2020-02-04	6.2	6.2	6.2	6.2	0
270	2020-02-05	6.2	6.2	6.2	6.2	0
271	2020-02-06	6.2	6.2	6.2	6.2	0
272	2020-02-07	6.2	6.2	6.2	6.2	0
273	2020-02-10	6.2	6.2	6.2	6.2	0
274	2020-02-11	6.2	6.2	6.2	6.2	0
275	2020-02-12	6.2	6.2	6.2	6.2	0
276	2020-02-13	6.2	6.2	6.2	6.2	0
277	2020-02-14	6.2	6.2	6.2	6.2	0
278	2020-02-17	6.2	6.2	6.2	6.2	0
279	2020-02-18	6.2	6.2	6.2	6.2	0
280	2020-02-19	6.2	6.2	6.2	6.2	0
281	2020-02-20	6.2	6.2	6.2	6.2	0
282	2020-02-21	6.2	6.2	6.2	6.2	0
283	2020-02-24	6.2	6.2	6.2	6.2	0
284	2020-02-25	6.2	6.2	6.2	6.2	0
285	2020-02-26	6.2	6.2	6.2	6.2	0
286	2020-02-27	6.2	6.2	6.2	6.2	0
287	2020-02-28	6.2	6.2	6.2	6.2	0
288	2020-03-02	6.2	6.2	6.2	6.2	0
289	2020-03-03	6.2	6.2	6.2	6.2	0
290	2020-03-04	6.2	6.2	6.2	6.2	0
291	2020-03-05	6.2	6.2	6.2	6.2	0
292	2020-03-06	6.2	6.2	6.2	6.2	0
293	2020-03-09	6.2	6.2	6.2	6.2	0
294	2020-03-10	6.2	6.2	6.2	6.2	0
295	2020-03-11	6.2	6.2	6.2	6.2	0
296	2020-03-12	6.2	6.2	6.2	6.2	0
297	2020-03-13	6.2	6.2	6.2	6.2	0
298	2020-03-16	6.2	6.2	6.2	6.2	0
299	2020-03-17	6.2	6.2	6.2	6.2	0
300	2020-03-18	6.2	6.2	6.2	6.2	0
301	2020-03-19	6.2	6.2	6.2	6.2	0
302	2020-03-20	6.2	6.2	6.2	6.2	0
303	2020-03-23	6.2	6.2	6.2	6.2	0
304	2020-03-24	6.2	6.2	6.2	6.2	0
305	2020-03-25	6.2	6.2	6.2	6.2	0
306	2020-03-26	6.2	6.2	6.2	6.2	0
307	2020-03-27	6.2	6.2	6.2	6.2	0
308	2020-03-30	6.2	6.2	6.2	6.2	0
309	2020-03-31	6.2	6.2	6.2	6.2	0
310	2020-04-01	6.2	6.2	6.2	6.2	0
311	2020-04-03	6.2	6.2	6.2	6.2	0
312	2020-04-06	6.2	6.2	6.2	6.2	0
313	2020-04-07	6.2	6.2	6.2	6.2	0
314	2020-04-08	6.2	6.2	6.2	6.2	0
315	2020-04-09	6.2	6.2	6.2	6.2	0
316	2020-04-10	6.2	6.2	6.2	6.2	0
317	2020-04-13	6.2	6.2	6.2	6.2	0
318	2020-04-14	6.2	6.2	6.2	6.2	0
319	2020-04-15	6.2	6.2	6.2	6.2	0
320	2020-04-16	6.2	6.2	6.2	6.2	0
321	2020-04-17	6.2	6.2	6.2	6.2	0
322	2020-04-20	6.2	6.2	6.2	6.2	0
323	2020-04-21	6.2	6.2	6.2	6.2	0
324	2020-04-22	6.2	6.2	6.2	6.2	0
325	2020-04-23	6.2	6.2	6.2	6.2	0
326	2020-04-24	6.2	6.2	6.2	6.2	0
327	2020-04-27	6.2	6.2	6.2	6.2	0
328	2020-04-28	6.2	6.2	6.2	6.2	0
329	2020-04-29	6.2	6.2	6.2	6.2	0
330	2020-05-04	6.2	6.2	6.2	6.2	0
331	2020-05-05	6.2	6.2	6.2	6.2	0
332	2020-05-06	6.2	6.2	6.2	6.2	0
333	2020-05-07	6.2	6.2	6.2	6.2	0
334	2020-05-08	6.2	6.2	6.2	6.2	0
335	2020-05-11	6.2	6.2	6.2	6.2	0
336	2020-05-12	6.2	6.2	6.2	6.2	0
337	2020-05-13	6.2	6.2	6.2	6.2	0
338	2020-05-14	6.2	6.2	6.2	6.2	0
339	2020-05-15	6.2	6.2	6.2	6.2	0
340	2020-05-18	6.2	6.2	6.2	6.2	0
341	2020-05-19	6.2	6.2	6.2	6.2	0
342	2020-05-20	6.2	6.2	6.2	6.2	0
343	2020-05-21	6.2	6.2	6.2	6.2	0
344	2020-05-22	6.2	6.2	6.2	6.2	0
345	2020-05-25	6.2	6.2	6.2	6.2	0
346	2020-05-26	6.2	6.2	6.2	6.2	0
347	2020-05-27	6.2	6.2	6.2	6.2	0
348	2020-05-28	6.2	6.2	6.2	6.2	0
349	2020-05-29	6.2	6.2	6.2	6.2	0
350	2020-06-01	6.2	6.2	6.2	6.2	0
351	2020-06-02	6.2	6.2	6.2	6.2	0
352	2020-06-03	6.2	6.2	6.2	6.2	0
353	2020-06-04	6.2	6.2	6.2	6.2	0
354	2020-06-05	6.2	6.2	6.2	6.2	0
355	2020-06-08	6.2	6.2	6.2	6.2	0
356	2020-06-09	6.2	6.2	6.2	6.2	0
357	2020-06-10	6.2	6.2	6.2	6.2	0
358	2020-06-11	6.2	6.2	6.2	6.2	0
359	2020-06-12	6.2	6.2	6.2	6.2	0
360	2020-06-15	6.2	6.2	6.2	6.2	0
361	2020-06-16	6.2	6.2	6.2	6.2	0
362	2020-06-17	6.2	6.2	6.2	6.2	0
363	2020-06-18	6.2	6.2	6.2	6.2	0
364	2020-06-19	6.2	6.2	6.2	6.2	0
365	2020-06-22	6.2	6.2	6.2	6.2	0
366	2020-06-23	6.2	6.2	6.2	6.2	0
367	2020-06-24	6.2	6.2	6.2	6.2	0
368	2020-06-25	6.2	6.2	6.2	6.2	0
369	2020-06-26	6.2	6.2	6.2	6.2	0
370	2020-06-29	6.2	6.2	6.2	6.2	0
371	2020-06-30	6.2	6.2	6.2	6.2	0
372	2020-07-01	6.2	6.2	6.2	6.2	0
373	2020-07-02	6.2	6.2	6.2	6.2	0
374	2020-07-03	6.2	6.2	6.2	6.2	0
375	2020-07-06	6.2	6.2	6.2	6.2	0
376	2020-07-07	6.2	6.2	6.2	6.2	0
377	2020-07-08	6.2	6.2	6.2	6.2	0
378	2020-07-09	6.2	6.2	6.2	6.2	0
379	2020-07-10	6.2	6.2	6.2	6.2	0
380	2020-07-13	6.2	6.2	6.2	6.2	0
381	2020-07-14	6.2	6.2	6.2	6.2	0
382	2020-07-15	6.2	6.2	6.2	6.2	0
383	2020-07-16	6.2	6.2	6.2	6.2	0
384	2020-07-17	6.2	6.2	6.2	6.2	0
385	2020-07-20	6.2	6.2	6.2	6.2	0
386	2020-07-21	6.2	6.2	6.2	6.2	0
387	2020-07-22	6.2	6.2	6.2	6.2	0
388	2020-07-23	6.2	6.2	6.2	6.2	0
389	2020-07-24	6.2	6.2	6.2	6.2	0
390	2020-07-27	6.2	6.2	6.2	6.2	0
391	2020-07-28	6.2	6.2	6.2	6.2	0
392	2020-07-29	6.2	6.2	6.2	6.2	0
393	2020-07-30	6.2	6.2	6.2	6.2	0
394	2020-07-31	6.2	6.2	6.2	6.2	0
395	2020-08-03	6.2	6.2	6.2	6.2	0
396	2020-08-04	6.2	6.2	6.2	6.2	0
397	2020-08-05	6.89	6.89	6.89	6.89	4700
398	2020-08-06	6.89	6.89	6.89	6.89	0
399	2020-08-07	6.89	7.1	7.1	7.1	0
400	2020-08-10	6.89	7.1	7.1	7.1	0
401	2020-08-11	6.89	7.1	7.1	7.1	0
402	2020-08-12	6.89	7.1	7.1	7.1	0
403	2020-08-13	6.89	7.1	7.1	7.1	0
404	2020-08-14	6.89	7.1	7.1	7.1	0
405	2020-08-17	6.89	7.1	7.1	7.1	0
406	2020-08-18	6.89	7.1	7.1	7.1	0
407	2020-08-19	6.89	7.1	7.1	7.1	0
408	2020-08-20	6.89	7.1	7.1	7.1	0
409	2020-08-21	6.89	7.1	7.1	7.1	0
410	2020-08-24	6.89	7.1	7.1	7.1	0
411	2020-08-25	6.89	7.1	7.1	7.1	0
412	2020-08-26	6.89	7.1	7.1	7.1	0
413	2020-08-27	6.89	7.1	7.1	7.1	0
414	2020-08-28	6.89	7.1	7.1	7.1	0
415	2020-08-31	6.89	7.1	7.1	7.1	0
416	2020-09-01	6.89	7.1	7.1	7.1	0
417	2020-09-03	6.89	7.1	7.1	7.1	0
418	2020-09-04	6.89	7.1	7.1	7.1	0
419	2020-09-07	6.89	7.1	7.1	7.1	0
420	2020-09-08	6.89	7.1	7.1	7.1	0
421	2020-09-09	6.89	7.1	7.1	7.1	0
422	2020-09-10	6.89	7.1	7.1	7.1	0
423	2020-09-11	6.89	7.1	7.1	7.1	0
424	2020-09-14	6.89	7.1	7.1	7.1	0
425	2020-09-15	6.89	7.1	7.1	7.1	0
426	2020-09-16	6.89	7.1	7.1	7.1	0
427	2020-09-17	6.89	7.1	7.1	7.1	0
428	2020-09-18	6.89	7.1	7.1	7.1	0
429	2020-09-21	6.89	7.1	7.1	7.1	0
430	2020-09-22	6.89	7.1	7.1	7.1	0
431	2020-09-23	6.89	7.1	7.1	7.1	0
432	2020-09-24	6.89	7.1	7.1	7.1	0
433	2020-09-25	6.89	7.1	7.1	7.1	0
434	2020-09-28	6.89	7.1	7.1	7.1	0
435	2020-09-29	6.89	7.1	7.1	7.1	0
436	2020-09-30	6.89	7.1	7.1	7.1	0
437	2020-10-01	6.89	7.1	7.1	7.1	0
438	2020-10-02	6.89	7.1	7.1	7.1	0
439	2020-10-05	6.89	7.1	7.1	7.1	0
440	2020-10-06	6.89	7.1	7.1	7.1	0
441	2020-10-07	6.89	7.1	7.1	7.1	0
442	2020-10-08	6.89	7.1	7.1	7.1	0
443	2020-10-09	6.89	7.1	7.1	7.1	0
444	2020-10-12	6.89	7.1	7.1	7.1	0
445	2020-10-13	6.89	7.1	7.1	7.1	0
446	2020-10-14	6.89	7.1	7.1	7.1	0
447	2020-10-15	6.89	7.1	7.1	7.1	0
448	2020-10-16	6.89	7.1	7.1	7.1	0
449	2020-10-19	6.89	7.1	7.1	7.1	0
450	2020-10-20	6.89	7.1	7.1	7.1	0
451	2020-10-21	6.89	7.1	7.1	7.1	0
452	2020-10-22	6.89	7.1	7.1	7.1	0
453	2020-10-23	6.89	7.1	7.1	7.1	0
454	2020-10-26	6.89	7.1	7.1	7.1	0
455	2020-10-27	6.89	7.1	7.1	7.1	0
456	2020-10-28	6.89	7.1	7.1	7.1	0
457	2020-10-29	6.89	7.1	7.1	7.1	0
458	2020-10-30	6.89	7.1	7.1	7.1	0
459	2020-11-02	6.89	7.1	7.1	7.1	0
460	2020-11-03	6.89	7.1	7.1	7.1	0
461	2020-11-04	6.89	7.1	7.1	7.1	0
462	2020-11-05	6.89	7.1	7.1	7.1	0
463	2020-11-06	6.89	7.1	7.1	7.1	0
464	2020-11-09	6.89	7.1	7.1	7.1	0
465	2020-11-10	6.89	7.1	7.1	7.1	0
466	2020-11-11	6.89	7.1	7.1	7.1	0
467	2020-11-12	6.89	7.1	7.1	7.1	0
468	2020-11-13	6.89	7.1	7.1	7.1	0
469	2020-11-16	6.89	7.1	7.1	7.1	0
470	2020-11-17	6.89	7.1	7.1	7.1	0
471	2020-11-18	6.89	7.1	7.1	7.1	0
472	2020-11-19	6.89	7.1	7.1	7.1	0
473	2020-11-20	6.89	7.1	7.1	7.1	0
474	2020-11-23	6.89	7.1	7.1	7.1	0
475	2020-11-24	6.89	7.1	7.1	7.1	0
476	2020-11-25	6.89	7.1	7.1	7.1	0
477	2020-11-26	6.89	7.1	7.1	7.1	0
478	2020-11-27	6.89	7.1	7.1	7.1	0
479	2020-11-30	6.89	7.1	7.1	7.1	0
480	2020-12-01	6.89	7.1	7.1	7.1	0
481	2020-12-02	6.89	7.1	7.1	7.1	0
482	2020-12-03	6.89	7.1	7.1	7.1	0
483	2020-12-04	6.89	7.1	7.1	7.1	0
484	2020-12-07	6.89	7.1	7.1	7.1	0
485	2020-12-08	6.89	7.1	7.1	7.1	0
486	2020-12-09	6.89	7.1	7.1	7.1	0
487	2020-12-10	6.89	7.1	7.1	7.1	0
488	2020-12-11	6.89	7.1	7.1	7.1	0
489	2020-12-14	6.89	7.1	7.1	7.1	0
490	2020-12-15	6.89	7.1	7.1	7.1	0
491	2020-12-16	6.89	7.1	7.1	7.1	0
492	2020-12-17	6.89	7.1	7.1	7.1	0
493	2020-12-18	6.89	7.1	7.1	7.1	0
494	2020-12-21	6.89	7.1	7.1	7.1	0
495	2020-12-22	6.89	7.1	7.1	7.1	0
496	2020-12-23	6.89	7.1	7.1	7.1	0
497	2020-12-24	6.89	7.1	7.1	7.1	0
498	2020-12-25	6.89	7.1	7.1	7.1	0
499	2020-12-28	6.89	7.1	7.1	7.1	0
500	2020-12-29	6.89	7.1	7.1	7.1	0
501	2020-12-30	6.89	7.1	7.1	7.1	0
502	2020-12-31	6.89	7.1	7.1	7.1	0
503	2021-01-04	6.89	7.1	7.1	7.1	0
504	2021-01-05	6.89	7.1	7.1	7.1	0
505	2021-01-06	6.89	7.1	7.1	7.1	0
506	2021-01-07	6.89	6.89	6.89	6.89	0
507	2021-01-08	6.89	7.1	7.1	7.1	0
508	2021-01-11	6.89	7.1	7.1	7.1	0
509	2021-01-12	6.89	7.1	7.1	7.1	0
510	2021-01-13	6.89	7.1	7.1	7.1	0
511	2021-01-14	6.89	7.1	7.1	7.1	0
512	2021-01-15	6.89	7.1	7.1	7.1	0
513	2021-01-18	6.89	7.1	7.1	7.1	0
514	2021-01-19	6.89	7.1	7.1	7.1	0
515	2021-01-20	6.89	7.1	7.1	7.1	0
516	2021-01-21	6.89	7.1	7.1	7.1	0
517	2021-01-22	6.89	6.89	6.89	6.89	0
518	2021-01-25	6.89	7.1	7.1	7.1	0
519	2021-01-26	6.89	7.1	7.1	7.1	0
520	2021-01-27	6.89	7.1	7.1	7.1	0
521	2021-01-28	6.89	7.1	7.1	7.1	0
522	2021-01-29	6.89	7.1	7.1	7.1	0
523	2021-02-01	6.89	7.1	7.1	7.1	0
524	2021-02-02	6.89	7.1	7.1	7.1	0
525	2021-02-03	6.89	7.1	7.1	7.1	0
526	2021-02-04	6.89	7.1	7.1	7.1	0
527	2021-02-05	6.89	7.1	7.1	7.1	0
528	2021-02-08	6.89	7.1	7.1	7.1	0
529	2021-02-09	6.89	7.1	7.1	7.1	0
530	2021-02-17	6.89	6.89	6.89	6.89	0
531	2021-02-18	6.89	7.1	7.1	7.1	0
532	2021-02-19	6.89	7.1	7.1	7.1	0
533	2021-02-22	6.89	7.1	7.1	7.1	0
534	2021-02-23	6.89	7.1	7.1	7.1	0
535	2021-02-24	6.89	7.1	7.1	7.1	0
536	2021-02-25	6.89	7.1	7.1	7.1	0
537	2021-02-26	6.89	7.1	7.1	7.1	0
538	2021-03-01	6.89	7.1	7.1	7.1	0
539	2021-03-02	6.89	7.1	7.1	7.1	0
540	2021-03-03	6.89	7.1	7.1	7.1	0
541	2021-03-04	6.89	7.1	7.1	7.1	0
542	2021-03-05	6.89	7.1	7.1	7.1	0
543	2021-03-08	6.89	7.1	7.1	7.1	0
544	2021-03-09	6.89	7.1	7.1	7.1	0
545	2021-03-10	6.89	7.1	7.1	7.1	0
546	2021-03-11	6.89	7.1	7.1	7.1	0
547	2021-03-12	6.89	7.1	7.1	7.1	0
548	2021-03-15	6.89	7.1	7.1	7.1	0
549	2021-03-16	6.89	7.1	7.1	7.1	0
550	2021-03-17	6.89	7.1	7.1	7.1	0
551	2021-03-18	6.89	7.1	7.1	7.1	0
552	2021-03-19	6.89	7.1	7.1	7.1	0
553	2021-03-22	6.89	7.1	7.1	7.1	0
554	2021-03-23	6.89	7.1	7.1	7.1	0
555	2021-03-24	6.89	7.1	7.1	7.1	0
556	2021-03-25	6.89	7.1	7.1	7.1	0
557	2021-03-26	6.89	7.1	7.1	7.1	0
558	2021-03-29	6.89	7.1	7.1	7.1	0
559	2021-03-30	6.89	7.1	7.1	7.1	0
560	2021-03-31	6.89	7.1	7.1	7.1	0
561	2021-04-01	6.89	7.1	7.1	7.1	0
562	2021-04-02	6.89	7.1	7.1	7.1	0
563	2021-04-05	6.89	7.1	7.1	7.1	0
564	2021-04-06	6.89	7.1	7.1	7.1	0
565	2021-04-07	6.89	7.1	7.1	7.1	0
566	2021-04-08	6.89	7.1	7.1	7.1	0
567	2021-04-09	6.89	7.1	7.1	7.1	0
568	2021-04-12	6.89	7.1	7.1	7.1	0
569	2021-04-13	6.89	7.1	7.1	7.1	0
570	2021-04-14	6.89	7.1	7.1	7.1	0
571	2021-04-15	6.89	7.1	7.1	7.1	0
572	2021-04-16	6.89	7.1	7.1	7.1	0
573	2021-04-19	6.89	7.1	7.1	7.1	0
574	2021-04-20	6.89	7.1	7.1	7.1	0
575	2021-04-22	6.89	7.1	7.1	7.1	0
576	2021-04-23	6.89	7.1	7.1	7.1	0
577	2021-04-26	6.89	7.1	7.1	7.1	0
578	2021-04-27	6.89	7.1	7.1	7.1	0
579	2021-04-28	6.89	7.1	7.1	7.1	0
580	2021-04-29	6.89	7.1	7.1	7.1	0
581	2021-05-04	6.89	7.1	7.1	7.1	0
582	2021-05-05	6.89	7.1	7.1	7.1	0
583	2021-05-06	7.1	7.1	7.1	7.1	50000
584	2021-05-07	7.1	7.1	7.1	7.1	0
585	2021-05-10	7.1	7.1	7.1	7.1	0
586	2021-05-11	7.09	7.38	7.38	7.38	0
587	2021-05-12	7.09	7.38	7.38	7.38	0
588	2021-05-13	7.09	7.38	7.38	7.38	0
589	2021-05-14	7.09	7.38	7.38	7.38	0
590	2021-05-17	7.09	7.38	7.38	7.38	0
591	2021-05-18	7.09	7.38	7.38	7.38	0
592	2021-05-19	7.09	7.38	7.38	7.38	0
593	2021-05-20	7.09	7.38	7.38	7.38	0
594	2021-05-21	7.09	7.38	7.38	7.38	0
595	2021-05-24	7.09	7.38	7.38	7.38	0
596	2021-05-25	7.09	7.38	7.38	7.38	0
597	2021-05-26	7.09	7.38	7.38	7.38	0
598	2021-05-27	7.09	7.38	7.38	7.38	0
599	2021-05-28	7.09	7.38	7.38	7.38	0
600	2021-05-31	7.09	7.38	7.38	7.38	0
601	2021-06-01	7.09	7.38	7.38	7.38	0
602	2021-06-02	7.09	7.38	7.38	7.38	0
603	2021-06-03	7.09	7.7	7.7	7.7	0
604	2021-06-04	7.09	7.7	7.7	7.7	0
605	2021-06-07	7.09	7.7	7.7	7.7	0
606	2021-06-08	7.09	7.7	7.7	7.7	0
607	2021-06-09	7.09	7.7	7.7	7.7	0
608	2021-06-10	7.09	7.7	7.7	7.7	0
609	2021-06-11	7.09	7.7	7.7	7.7	0
610	2021-06-14	7.09	7.7	7.7	7.7	0
611	2021-06-15	7.09	7.7	7.7	7.7	0
612	2021-06-16	7.09	7.7	7.7	7.7	0
613	2021-06-17	7.09	7.7	7.7	7.7	0
614	2021-06-18	7.09	7.7	7.7	7.7	0
615	2021-06-21	7.09	7.7	7.7	7.7	0
616	2021-06-22	7.09	7.7	7.7	7.7	0
617	2021-06-23	7.09	7.7	7.7	7.7	0
618	2021-06-24	7.09	7.7	7.7	7.7	0
619	2021-06-25	7.09	7.7	7.7	7.7	0
620	2021-06-28	7.09	7.7	7.7	7.7	0
621	2021-06-29	7.09	7.7	7.7	7.7	0
622	2021-06-30	7.09	7.7	7.7	7.7	0
623	2021-07-01	7.09	7.7	7.7	7.7	0
624	2021-07-02	7.09	7.7	7.7	7.7	0
625	2021-07-05	7.09	7.7	7.7	7.7	0
626	2021-07-06	7.09	7.7	7.7	7.7	0
627	2021-07-07	7.09	7.7	7.7	7.7	0
628	2021-07-08	7.09	7.7	7.7	7.7	0
629	2021-07-09	7.09	7.7	7.7	7.7	0
630	2021-07-12	7.09	7.7	7.7	7.7	0
631	2021-07-13	7.09	7.7	7.7	7.7	0
632	2021-07-14	7.09	7.7	7.7	7.7	0
633	2021-07-15	7.09	7.7	7.7	7.7	0
634	2021-07-16	7.09	7.7	7.7	7.7	0
635	2021-07-19	7.09	7.7	7.7	7.7	0
636	2021-07-20	7.09	7.7	7.7	7.7	0
637	2021-07-21	7.09	7.7	7.7	7.7	0
638	2021-07-22	7.09	7.7	7.7	7.7	0
639	2021-07-23	7.09	7.7	7.7	7.7	0
640	2021-07-26	7.09	7.7	7.7	7.7	0
641	2021-07-27	7.09	7.7	7.7	7.7	0
642	2021-07-28	7.09	7.7	7.7	7.7	0
643	2021-07-29	7.09	7.7	7.7	7.7	0
644	2021-07-30	7.09	7.7	7.7	7.7	0
645	2021-08-02	7.09	7.09	7.09	7.09	0
646	2021-08-03	7.09	7.7	7.7	7.7	0
647	2021-08-04	7.09	7.7	7.7	7.7	0
648	2021-08-05	7.09	7.7	7.7	7.7	0
649	2021-08-06	7.09	7.7	7.7	7.7	0
650	2021-08-09	7.09	7.7	7.7	7.7	0
651	2021-08-10	7.09	7.7	7.7	7.7	0
652	2021-08-11	7.09	7.7	7.7	7.7	0
653	2021-08-12	7.09	7.7	7.7	7.7	0
654	2021-08-13	7.09	7.7	7.7	7.7	0
655	2021-08-16	7.09	7.7	7.7	7.7	0
656	2021-08-17	7.09	7.7	7.7	7.7	0
657	2021-08-18	7.09	7.7	7.7	7.7	0
658	2021-08-19	7.09	7.7	7.7	7.7	0
659	2021-08-20	7.09	7.09	7.09	7.09	0
660	2021-08-23	7.09	7.7	7.7	7.7	0
661	2021-08-24	7.09	7.7	7.7	7.7	0
662	2021-08-25	7.09	7.7	7.7	7.7	0
663	2021-08-26	7.09	7.7	7.7	7.7	0
664	2021-08-27	7.09	7.09	7.09	7.09	0
665	2021-08-30	7.09	7.09	7.09	7.09	0
666	2021-08-31	7.09	7.09	7.09	7.09	0
667	2021-09-01	7.09	7.09	7.09	7.09	0
668	2021-09-06	7.09	7.7	7.7	7.7	0
669	2021-09-07	7.09	7.7	7.7	7.7	0
670	2021-09-08	7.09	7.09	7.09	7.09	0
671	2021-09-09	7.09	7.09	7.09	7.09	0
672	2021-09-10	7.09	7.09	7.09	7.09	0
673	2021-09-13	7.09	7.09	7.09	7.09	0
674	2021-09-14	7.09	7.09	7.09	7.09	0
675	2021-09-15	7.09	7.09	7.09	7.09	0
676	2021-09-16	7.09	7.09	7.09	7.09	0
677	2021-09-17	7.09	7.09	7.09	7.09	0
678	2021-09-20	7.09	7.09	7.09	7.09	0
679	2021-09-21	7.09	7.09	7.09	7.09	0
680	2021-09-22	7.09	7.09	7.09	7.09	0
681	2021-09-23	7.09	7.09	7.09	7.09	0
682	2021-09-24	7.09	7.09	7.09	7.09	0
683	2021-09-27	7.09	7.09	7.09	7.09	0
684	2021-09-28	7.09	7.09	7.09	7.09	0
685	2021-09-29	7.09	7.09	7.09	7.09	0
686	2021-09-30	7.09	7.09	7.09	7.09	0
687	2021-10-01	7.09	7.09	7.09	7.09	0
688	2021-10-04	7.09	7.09	7.09	7.09	0
689	2021-10-05	7.09	7.09	7.09	7.09	0
690	2021-10-06	7.09	7.09	7.09	7.09	0
691	2021-10-07	7.09	7.09	7.09	7.09	0
692	2021-10-08	7.09	7.09	7.09	7.09	0
693	2021-10-11	7.09	7.09	7.09	7.09	0
694	2021-10-12	7.09	7.09	7.09	7.09	0
695	2021-10-13	7.09	7.09	7.09	7.09	0
696	2021-10-14	7.09	7.09	7.09	7.09	0
697	2021-10-15	7.09	7.09	7.09	7.09	0
698	2021-10-18	7.09	7.09	7.09	7.09	0
699	2021-10-19	7.09	7.09	7.09	7.09	0
700	2021-10-20	7.09	7.09	7.09	7.09	0
701	2021-10-21	7.09	7.09	7.09	7.09	0
702	2021-10-22	7.09	7.09	7.09	7.09	0
703	2021-10-25	7.09	7.09	7.09	7.09	0
704	2021-10-26	7.09	7.09	7.09	7.09	0
705	2021-10-27	7.09	7.09	7.09	7.09	0
706	2021-10-28	7.09	7.09	7.09	7.09	0
707	2021-10-29	7.09	7.09	7.09	7.09	0
708	2021-11-01	7.09	7.09	7.09	7.09	0
709	2021-11-02	7.09	7.09	7.09	7.09	0
710	2021-11-03	7.09	7.09	7.09	7.09	0
711	2021-11-04	7.09	7.09	7.09	7.09	0
712	2021-11-05	7.09	7.09	7.09	7.09	0
713	2021-11-08	7.09	7.09	7.09	7.09	0
714	2021-11-09	7.09	7.09	7.09	7.09	0
715	2021-11-10	7.09	7.09	7.09	7.09	0
716	2021-11-11	7.09	7.09	7.09	7.09	0
717	2021-11-12	7.09	7.09	7.09	7.09	0
718	2021-11-15	7.09	7.09	7.09	7.09	0
719	2021-11-16	7.09	7.09	7.09	7.09	0
720	2021-11-17	7.09	7.09	7.09	7.09	0
721	2021-11-18	7.09	7.09	7.09	7.09	0
722	2021-11-19	7.09	7.09	7.09	7.09	0
723	2021-11-22	7.09	7.09	7.09	7.09	0
724	2021-11-23	7.09	7.09	7.09	7.09	0
725	2021-11-24	7.09	7.09	7.09	7.09	0
726	2021-11-25	7.09	7.09	7.09	7.09	0
727	2021-11-26	7.09	7.09	7.09	7.09	0
728	2021-11-29	7.09	7.09	7.09	7.09	0
729	2021-11-30	7.09	7.09	7.09	7.09	0
730	2021-12-01	7.09	7.09	7.09	7.09	0
731	2021-12-02	7.09	7.09	7.09	7.09	0
732	2021-12-03	7.09	7.09	7.09	7.09	0
733	2021-12-06	7.09	7.09	7.09	7.09	0
734	2021-12-07	7.09	7.09	7.09	7.09	0
735	2021-12-08	7.09	7.09	7.09	7.09	0
736	2021-12-09	7.09	7.09	7.09	7.09	0
737	2021-12-10	7.09	7.09	7.09	7.09	0
738	2021-12-13	7.09	7.09	7.09	7.09	0
739	2021-12-14	7.09	7.09	7.09	7.09	0
740	2021-12-15	7.09	7.09	7.09	7.09	0
741	2021-12-16	7.09	7.09	7.09	7.09	0
742	2021-12-17	7.09	7.09	7.09	7.09	0
743	2021-12-20	7.09	7.09	7.09	7.09	0
744	2021-12-21	7.09	7.09	7.09	7.09	0
745	2021-12-22	7.09	7.09	7.09	7.09	0
746	2021-12-23	7.09	7.09	7.09	7.09	0
747	2021-12-24	7.09	7.09	7.09	7.09	0
748	2021-12-27	7.09	7.09	7.09	7.09	0
749	2021-12-28	7.09	7.09	7.09	7.09	0
750	2021-12-29	7.09	7.09	7.09	7.09	0
751	2021-12-30	7.09	7.09	7.09	7.09	0
752	2021-12-31	7.09	7.09	7.09	7.09	0
753	2022-01-04	7.09	7.09	7.09	7.09	0
754	2022-01-05	7.09	7.09	7.09	7.09	0
755	2022-01-06	7.09	7.09	7.09	7.09	0
756	2022-01-07	7.09	7.09	7.09	7.09	0
757	2022-01-10	7.09	7.09	7.09	7.09	0
758	2022-01-11	7.09	7.09	7.09	7.09	0
759	2022-01-12	7.09	7.09	7.09	7.09	0
760	2022-01-13	7.09	7.09	7.09	7.09	0
761	2022-01-14	7.09	7.09	7.09	7.09	0
762	2022-01-17	7.09	7.09	7.09	7.09	0
763	2022-01-18	7.09	7.09	7.09	7.09	0
764	2022-01-19	7.09	7.09	7.09	7.09	0
765	2022-01-20	7.09	7.09	7.09	7.09	0
766	2022-01-21	7.09	7.09	7.09	7.09	0
767	2022-01-24	7.09	7.09	7.09	7.09	0
768	2022-01-25	7.09	7.09	7.09	7.09	0
769	2022-01-26	7.09	7.09	7.09	7.09	0
770	2022-01-27	7.09	7.09	7.09	7.09	0
771	2022-01-28	7.09	7.09	7.09	7.09	0
772	2022-02-07	7.09	7.09	7.09	7.09	0
773	2022-02-08	7.09	7.09	7.09	7.09	0
774	2022-02-09	7.09	7.09	7.09	7.09	0
775	2022-02-10	7.09	7.09	7.09	7.09	0
776	2022-02-11	7.09	7.09	7.09	7.09	0
777	2022-02-14	7.09	7.09	7.09	7.09	0
778	2022-02-15	7.09	7.09	7.09	7.09	0
779	2022-02-16	7.09	7.09	7.09	7.09	0
780	2022-02-17	7.09	7.09	7.09	7.09	0
781	2022-02-18	7.09	7.09	7.09	7.09	0
782	2022-02-21	7.09	7.09	7.09	7.09	0
783	2022-02-22	7.09	7.09	7.09	7.09	0
784	2022-02-23	7.09	7.09	7.09	7.09	0
785	2022-02-24	7.09	7.09	7.09	7.09	0
786	2022-02-25	7.09	7.09	7.09	7.09	0
787	2022-02-28	7.09	7.09	7.09	7.09	0
788	2022-03-01	7.09	7.09	7.09	7.09	0
789	2022-03-02	7.09	7.09	7.09	7.09	0
790	2022-03-03	7.09	7.09	7.09	7.09	0
791	2022-03-04	7.09	7.09	7.09	7.09	0
792	2022-03-07	7.09	7.09	7.09	7.09	0
793	2022-03-08	7.09	7.09	7.09	7.09	0
794	2022-03-09	7.09	7.09	7.09	7.09	0
795	2022-03-10	7.09	7.09	7.09	7.09	0
796	2022-03-11	7.09	7.09	7.09	7.09	0
797	2022-03-14	7.09	7.09	7.09	7.09	0
798	2022-03-15	7.09	7.09	7.09	7.09	0
799	2022-03-16	7.09	7.09	7.09	7.09	0
800	2022-03-17	7.09	7.09	7.09	7.09	0
801	2022-03-18	7.09	7.09	7.09	7.09	0
802	2022-03-21	7.09	7.09	7.09	7.09	0
803	2022-03-22	7.09	7.09	7.09	7.09	0
804	2022-03-23	7.09	7.09	7.09	7.09	0
805	2022-03-24	7.09	7.09	7.09	7.09	0
806	2022-03-25	7.09	7.09	7.09	7.09	0
807	2022-03-28	7.09	7.09	7.09	7.09	0
808	2022-03-29	7.09	7.09	7.09	7.09	0
809	2022-03-30	7.09	7.09	7.09	7.09	0
810	2022-03-31	7.09	7.09	7.09	7.09	0
811	2022-04-01	7.09	7.09	7.09	7.09	0
812	2022-04-04	7.09	7.09	7.09	7.09	0
813	2022-04-05	7.09	7.09	7.09	7.09	0
814	2022-04-06	7.09	7.09	7.09	7.09	0
815	2022-04-07	7.09	7.09	7.09	7.09	0
816	2022-04-08	7.09	7.09	7.09	7.09	0
817	2022-04-12	7.09	7.09	7.09	7.09	0
818	2022-04-13	7.09	7.09	7.09	7.09	0
819	2022-04-14	7.09	7.09	7.09	7.09	0
820	2022-04-15	7.09	7.09	7.09	7.09	0
821	2022-04-18	7.09	7.09	7.09	7.09	0
822	2022-04-19	7.09	7.09	7.09	7.09	0
823	2022-04-20	7.09	7.09	7.09	7.09	0
824	2022-04-21	7.09	7.09	7.09	7.09	0
825	2022-04-22	7.09	7.09	7.09	7.09	0
826	2022-04-25	7.09	7.09	7.09	7.09	0
827	2022-04-26	7.09	7.09	7.09	7.09	0
828	2022-04-27	7.09	7.09	7.09	7.09	0
829	2022-04-28	7.09	7.09	7.09	7.09	0
830	2022-04-29	7.09	7.09	7.09	7.09	0
831	2022-05-04	7.09	7.09	7.09	7.09	0
832	2022-05-05	7.09	7.09	7.09	7.09	0
833	2022-05-06	7.09	7.09	7.09	7.09	0
834	2022-05-09	7.09	7.09	7.09	7.09	0
835	2022-05-10	7.09	7.09	7.09	7.09	0
836	2022-05-11	7.09	7.09	7.09	7.09	0
837	2022-05-12	7.09	7.09	7.09	7.09	0
838	2022-05-13	7.09	7.09	7.09	7.09	0
839	2022-05-16	7.09	7.09	7.09	7.09	0
840	2022-05-17	7.09	7.09	7.09	7.09	0
841	2022-05-18	7.09	7.09	7.09	7.09	0
842	2022-05-19	7.09	7.09	7.09	7.09	0
843	2022-05-20	7.09	7.09	7.09	7.09	0
844	2022-05-23	7.09	7.09	7.09	7.09	0
845	2022-05-24	7.09	7.09	7.09	7.09	0
846	2022-05-25	7.09	7.09	7.09	7.09	0
847	2022-05-26	7.09	7.09	7.09	7.09	0
848	2022-05-27	7.09	7.09	7.09	7.09	0
849	2022-05-30	7.09	7.09	7.09	7.09	0
850	2022-05-31	7.09	7.09	7.09	7.09	0
851	2022-06-01	7.09	7.09	7.09	7.09	0
852	2022-06-02	7.09	7.09	7.09	7.09	0
853	2022-06-03	7.09	7.09	7.09	7.09	0
854	2022-06-06	7.09	7.09	7.09	7.09	0
855	2022-06-07	7.09	7.09	7.09	7.09	0
856	2022-06-08	7.09	7.09	7.09	7.09	0
857	2022-06-09	7.09	7.09	7.09	7.09	0
858	2022-06-10	7.09	7.09	7.09	7.09	0
859	2022-06-13	7.09	7.09	7.09	7.09	0
860	2022-06-14	7.09	7.09	7.09	7.09	0
861	2022-06-15	7.09	7.09	7.09	7.09	0
862	2022-06-16	7.09	7.09	7.09	7.09	0
863	2022-06-17	7.09	7.09	7.09	7.09	0
864	2022-06-20	7.09	7.09	7.09	7.09	0
865	2022-06-21	7.09	7.09	7.09	7.09	0
866	2022-06-22	7.09	7.09	7.09	7.09	0
867	2022-06-23	7.09	7.09	7.09	7.09	0
868	2022-06-24	7.09	7.09	7.09	7.09	0
869	2022-06-27	7.09	7.09	7.09	7.09	0
870	2022-06-28	7.09	7.09	7.09	7.09	0
871	2022-06-29	7.09	7.09	7.09	7.09	0
872	2022-06-30	7.09	7.09	7.09	7.09	0
873	2022-07-01	7.09	7.09	7.09	7.09	0
874	2022-07-04	7.09	7.09	7.09	7.09	0
875	2022-07-05	7.09	7.09	7.09	7.09	0
876	2022-07-06	7.09	7.09	7.09	7.09	0
877	2022-07-07	7.09	7.09	7.09	7.09	0
878	2022-07-08	7.09	7.09	7.09	7.09	0
879	2022-07-11	7.09	7.09	7.09	7.09	0
880	2022-07-12	7.09	7.09	7.09	7.09	0
881	2022-07-13	7.09	7.09	7.09	7.09	0
882	2022-07-14	7.09	7.09	7.09	7.09	0
883	2022-07-15	7.09	7.09	7.09	7.09	0
884	2022-07-18	7.09	7.09	7.09	7.09	0
885	2022-07-19	7.09	7.09	7.09	7.09	0
886	2022-07-20	7.09	7.09	7.09	7.09	0
887	2022-07-21	7.09	7.09	7.09	7.09	0
888	2022-07-22	7.09	7.09	7.09	7.09	0
889	2022-07-25	7.09	7.09	7.09	7.09	0
890	2022-07-26	7.09	7.09	7.09	7.09	0
891	2022-07-27	7.09	7.09	7.09	7.09	0
892	2022-07-28	7.09	7.09	7.09	7.09	0
893	2022-07-29	7.09	7.09	7.09	7.09	0
894	2022-08-01	7.09	7.09	7.09	7.09	0
895	2022-08-02	7.09	7.09	7.09	7.09	0
896	2022-08-03	7.09	7.09	7.09	7.09	0
897	2022-08-04	7.09	7.09	7.09	7.09	0
898	2022-08-05	7.09	7.09	7.09	7.09	0
899	2022-08-08	7.09	7.09	7.09	7.09	0
900	2022-08-09	7.09	7.09	7.09	7.09	0
901	2022-08-10	7.09	7.09	7.09	7.09	0
902	2022-08-11	7.09	7.09	7.09	7.09	0
903	2022-08-12	7.09	7.09	7.09	7.09	0
904	2022-08-15	7.09	7.09	7.09	7.09	0
905	2022-08-16	7.09	7.09	7.09	7.09	0
906	2022-08-17	7.09	7.09	7.09	7.09	0
907	2022-08-18	7.09	7.09	7.09	7.09	0
908	2022-08-19	7.09	7.09	7.09	7.09	0
909	2022-08-22	7.09	7.09	7.09	7.09	0
910	2022-08-23	7.09	7.09	7.09	7.09	0
911	2022-08-24	7.09	7.09	7.09	7.09	0
912	2022-08-25	7.09	7.09	7.09	7.09	0
913	2022-08-26	7.09	7.09	7.09	7.09	0
914	2022-08-29	7.09	7.09	7.09	7.09	0
915	2022-08-30	7.09	7.09	7.09	7.09	0
916	2022-08-31	7.09	7.09	7.09	7.09	0
917	2022-09-05	7.09	7.09	7.09	7.09	0
918	2022-09-06	7.09	7.09	7.09	7.09	0
919	2022-09-07	7.09	7.09	7.09	7.09	0
920	2022-09-08	7.09	7.09	7.09	7.09	0
921	2022-09-09	7.09	7.09	7.09	7.09	0
922	2022-09-12	7.09	7.09	7.09	7.09	0
923	2022-09-13	7.09	7.09	7.09	7.09	0
924	2022-09-14	7.09	7.09	7.09	7.09	0
925	2022-09-15	7.09	7.09	7.09	7.09	0
926	2022-09-16	7.09	7.09	7.09	7.09	0
927	2022-09-19	7.09	7.09	7.09	7.09	0
928	2022-09-20	7.09	7.09	7.09	7.09	0
929	2022-09-21	7.09	7.09	7.09	7.09	0
930	2022-09-22	7.09	7.09	7.09	7.09	0
931	2022-09-23	7.09	7.09	7.09	7.09	0
932	2022-09-26	7.09	7.09	7.09	7.09	0
933	2022-09-27	7.09	7.09	7.09	7.09	0
934	2022-09-28	7.09	7.09	7.09	7.09	0
935	2022-09-29	7.09	7.09	7.09	7.09	0
936	2022-09-30	7.09	7.09	7.09	7.09	0
937	2022-10-03	7.09	7.09	7.09	7.09	0
938	2022-10-04	7.09	7.09	7.09	7.09	0
939	2022-10-05	7.09	7.09	7.09	7.09	0
940	2022-10-06	7.09	7.09	7.09	7.09	0
941	2022-10-07	7.09	7.09	7.09	7.09	0
942	2022-10-10	7.09	7.09	7.09	7.09	0
943	2022-10-11	7.09	7.09	7.09	7.09	0
944	2022-10-12	7.09	7.09	7.09	7.09	0
945	2022-10-13	7.09	7.09	7.09	7.09	0
946	2022-10-14	7.09	7.09	7.09	7.09	0
947	2022-10-17	7.09	7.09	7.09	7.09	0
948	2022-10-18	7.09	7.09	7.09	7.09	0
949	2022-10-19	7.09	7.09	7.09	7.09	0
950	2022-10-20	7.09	7.09	7.09	7.09	0
951	2022-10-21	7.09	7.09	7.09	7.09	0
952	2022-10-24	7.09	7.09	7.09	7.09	0
953	2022-10-25	7.09	7.09	7.09	7.09	0
954	2022-10-26	7.09	7.09	7.09	7.09	0
955	2022-10-27	7.09	7.09	7.09	7.09	0
956	2022-10-28	7.09	7.09	7.09	7.09	0
957	2022-10-31	7.09	7.09	7.09	7.09	0
958	2022-11-01	7.09	7.09	7.09	7.09	0
959	2022-11-02	7.09	7.09	7.09	7.09	0
960	2022-11-03	7.09	7.09	7.09	7.09	0
961	2022-11-04	7.09	7.09	7.09	7.09	0
962	2022-11-07	7.09	7.09	7.09	7.09	0
963	2022-11-08	7.09	7.09	7.09	7.09	0
964	2022-11-09	7.09	7.09	7.09	7.09	0
965	2022-11-10	7.09	7.09	7.09	7.09	0
966	2022-11-11	7.09	7.09	7.09	7.09	0
967	2022-11-14	7.09	7.09	7.09	7.09	0
968	2022-11-15	7.09	7.09	7.09	7.09	0
969	2022-11-16	7.09	7.09	7.09	7.09	0
970	2022-11-17	7.09	7.09	7.09	7.09	0
971	2022-11-18	7.09	7.09	7.09	7.09	0
972	2022-11-21	7.09	7.09	7.09	7.09	0
973	2022-11-22	7.09	7.09	7.09	7.09	0
974	2022-11-23	7.09	7.09	7.09	7.09	0
975	2022-11-24	7.09	7.09	7.09	7.09	0
976	2022-11-25	7.09	7.09	7.09	7.09	0
977	2022-11-28	7.09	7.09	7.09	7.09	0
978	2022-11-29	7.09	7.09	7.09	7.09	0
979	2022-11-30	7.09	7.09	7.09	7.09	0
980	2022-12-01	7.09	7.09	7.09	7.09	0
981	2022-12-02	7.09	7.09	7.09	7.09	0
982	2022-12-05	7.09	7.09	7.09	7.09	0
983	2022-12-06	7.09	7.09	7.09	7.09	0
984	2022-12-07	7.09	7.09	7.09	7.09	0
985	2022-12-08	7.09	7.09	7.09	7.09	0
986	2022-12-09	7.09	7.09	7.09	7.09	0
987	2022-12-12	7.09	7.09	7.09	7.09	0
988	2022-12-13	7.09	7.09	7.09	7.09	0
989	2022-12-14	7.09	7.09	7.09	7.09	0
990	2022-12-15	7.09	7.09	7.09	7.09	0
991	2022-12-16	7.09	7.09	7.09	7.09	0
992	2022-12-19	7.09	7.09	7.09	7.09	0
993	2022-12-20	7.09	7.09	7.09	7.09	0
994	2022-12-21	7.09	7.09	7.09	7.09	0
995	2022-12-22	7.09	7.09	7.09	7.09	0
996	2022-12-23	7.09	7.09	7.09	7.09	0
997	2022-12-26	7.09	7.09	7.09	7.09	0
998	2022-12-27	7.09	7.09	7.09	7.09	0
999	2022-12-28	7.09	7.09	7.09	7.09	0
1000	2022-12-29	7.09	7.09	7.09	7.09	0
1001	2022-12-30	7.09	7.09	7.09	7.09	0
1002	2023-01-03	7.09	7.09	7.09	7.09	0
1003	2023-01-04	7.09	7.09	7.09	7.09	0
1004	2023-01-05	7.09	7.09	7.09	7.09	0
1005	2023-01-06	7.09	7.09	7.09	7.09	0
1006	2023-01-09	7.09	7.09	7.09	7.09	0
1007	2023-01-10	7.09	7.09	7.09	7.09	0
1008	2023-01-11	7.09	7.09	7.09	7.09	0
1009	2023-01-12	7.09	7.09	7.09	7.09	0
1010	2023-01-13	7.09	7.09	7.09	7.09	0
1011	2023-01-16	7.09	7.09	7.09	7.09	0
1012	2023-01-17	7.09	7.09	7.09	7.09	0
1013	2023-01-18	7.09	7.09	7.09	7.09	0
1014	2023-01-19	7.09	7.09	7.09	7.09	0
1015	2023-01-27	7.09	7.09	7.09	7.09	0
1016	2023-01-30	7.09	7.09	7.09	7.09	0
1017	2023-01-31	7.09	7.09	7.09	7.09	0
1018	2023-02-01	7.09	7.09	7.09	7.09	0
1019	2023-02-02	7.09	7.09	7.09	7.09	0
1020	2023-02-03	7.09	7.09	7.09	7.09	0
1021	2023-02-06	7.09	7.09	7.09	7.09	0
1022	2023-02-07	7.09	7.09	7.09	7.09	0
1023	2023-02-08	7.09	7.09	7.09	7.09	0
1024	2023-02-09	7.09	7.09	7.09	7.09	0
1025	2023-02-10	7.09	7.09	7.09	7.09	0
1026	2023-02-13	7.09	7.09	7.09	7.09	0
1027	2023-02-14	7.09	7.09	7.09	7.09	0
1028	2023-02-15	7.09	7.09	7.09	7.09	0
1029	2023-02-16	7.09	7.09	7.09	7.09	0
1030	2023-02-17	7.09	7.09	7.09	7.09	0
1031	2023-02-20	7.09	7.09	7.09	7.09	0
1032	2023-02-21	7.09	7.09	7.09	7.09	0
1033	2023-02-22	7.09	7.09	7.09	7.09	0
1034	2023-02-23	7.09	7.09	7.09	7.09	0
1035	2023-02-24	7.09	7.09	7.09	7.09	0
1036	2023-02-27	7.09	7.09	7.09	7.09	0
1037	2023-02-28	7.09	7.09	7.09	7.09	0
1038	2023-03-01	7.09	7.09	7.09	7.09	0
1039	2023-03-02	7.09	7.09	7.09	7.09	0
1040	2023-03-03	7.09	7.09	7.09	7.09	0
1041	2023-03-06	7.09	7.09	7.09	7.09	0
1042	2023-03-07	7.09	7.09	7.09	7.09	0
1043	2023-03-08	7.09	7.09	7.09	7.09	0
1044	2023-03-09	7.09	7.09	7.09	7.09	0
1045	2023-03-10	7.09	7.09	7.09	7.09	0
1046	2023-03-13	7.09	7.09	7.09	7.09	0
1047	2023-03-14	7.09	7.09	7.09	7.09	0
1048	2023-03-15	7.09	7.09	7.09	7.09	0
1049	2023-03-16	7.09	7.09	7.09	7.09	0
1050	2023-03-17	7.09	7.09	7.09	7.09	0
1051	2023-03-20	7.09	7.09	7.09	7.09	0
1052	2023-03-21	7.09	7.09	7.09	7.09	0
1053	2023-03-22	7.09	7.09	7.09	7.09	0
1054	2023-03-23	7.09	7.09	7.09	7.09	0
1055	2023-03-24	7.09	7.09	7.09	7.09	0
1056	2023-03-27	7.09	7.09	7.09	7.09	0
1057	2023-03-28	7.09	7.09	7.09	7.09	0
1058	2023-03-29	7.09	7.09	7.09	7.09	0
1059	2023-03-30	7.09	7.09	7.09	7.09	0
1060	2023-03-31	7.09	7.09	7.09	7.09	0
1061	2023-04-03	7.09	7.09	7.09	7.09	0
1062	2023-04-04	7.09	7.09	7.09	7.09	0
1063	2023-04-05	7.09	7.09	7.09	7.09	0
1064	2023-04-06	7.09	7.09	7.09	7.09	0
1065	2023-04-07	7.09	7.09	7.09	7.09	0
1066	2023-04-10	7.09	7.09	7.09	7.09	0
1067	2023-04-11	7.09	7.09	7.09	7.09	0
1068	2023-04-12	7.09	7.09	7.09	7.09	0
1069	2023-04-13	7.09	7.09	7.09	7.09	0
1070	2023-04-14	7.09	7.09	7.09	7.09	0
1071	2023-04-17	7.09	7.09	7.09	7.09	0
1072	2023-04-18	7.09	7.09	7.09	7.09	0
1073	2023-04-19	7.09	7.09	7.09	7.09	0
1074	2023-04-20	7.09	7.09	7.09	7.09	0
1075	2023-04-21	7.09	7.09	7.09	7.09	0
1076	2023-04-24	7.09	7.09	7.09	7.09	0
1077	2023-04-25	7.09	7.09	7.09	7.09	0
1078	2023-04-26	7.09	7.09	7.09	7.09	0
1079	2023-04-27	7.09	7.09	7.09	7.09	0
1080	2023-04-28	7.09	7.09	7.09	7.09	0
1081	2023-05-04	7.09	7.09	7.09	7.09	0
1082	2023-05-05	7.09	7.09	7.09	7.09	0
1083	2023-05-08	7.09	7.09	7.09	7.09	0
1084	2023-05-09	7.09	7.09	7.09	7.09	0
1085	2023-05-10	7.09	7.09	7.09	7.09	0
1086	2023-05-11	7.09	7.09	7.09	7.09	0
1087	2023-05-12	7.09	7.09	7.09	7.09	0
1088	2023-05-15	7.09	7.09	7.09	7.09	0
1089	2023-05-16	7.09	7.09	7.09	7.09	0
1090	2023-05-17	7.09	7.09	7.09	7.09	0
1091	2023-05-18	7.09	7.09	7.09	7.09	0
1092	2023-05-19	7.09	7.09	7.09	7.09	0
1093	2023-05-22	7.09	7.09	7.09	7.09	0
1094	2023-05-23	7.09	7.09	7.09	7.09	0
1095	2023-05-24	7.09	7.09	7.09	7.09	0
1096	2023-05-25	7.09	7.09	7.09	7.09	0
1097	2023-05-26	7.09	7.09	7.09	7.09	0
1098	2023-05-29	7.09	7.09	7.09	7.09	0
1099	2023-05-30	7.09	7.09	7.09	7.09	0
1100	2023-05-31	7.09	7.09	7.09	7.09	0
1101	2023-06-01	7.09	7.09	7.09	7.09	0
1102	2023-06-02	7.09	7.09	7.09	7.09	0
1103	2023-06-05	7.09	7.09	7.09	7.09	0
1104	2023-06-06	7.09	7.09	7.09	7.09	0
1105	2023-06-07	7.09	7.09	7.09	7.09	0
1106	2023-06-08	7.09	7.09	7.09	7.09	0
1107	2023-06-09	7.09	7.09	7.09	7.09	0
1108	2023-06-12	7.09	7.09	7.09	7.09	0
1109	2023-06-13	7.09	7.09	7.09	7.09	0
1110	2023-06-14	7.09	7.09	7.09	7.09	0
1111	2023-06-15	7.09	7.09	7.09	7.09	0
1112	2023-06-16	7.09	7.09	7.09	7.09	0
1113	2023-06-19	7.09	7.09	7.09	7.09	0
1114	2023-06-20	7.09	7.09	7.09	7.09	0
1115	2023-06-21	7.09	7.09	7.09	7.09	0
1116	2023-06-22	7.09	7.09	7.09	7.09	0
1117	2023-06-23	7.09	7.09	7.09	7.09	0
1118	2023-06-26	7.09	7.09	7.09	7.09	0
1119	2023-06-27	7.09	7.09	7.09	7.09	0
1120	2023-06-28	7.09	7.09	7.09	7.09	0
1121	2023-06-29	7.09	7.09	7.09	7.09	0
1122	2023-06-30	7.09	7.09	7.09	7.09	0
1123	2023-07-03	7.09	7.09	7.09	7.09	0
1124	2023-07-04	7.09	7.09	7.09	7.09	0
1125	2023-07-05	7.09	7.09	7.09	7.09	0
1126	2023-07-06	7.09	7.09	7.09	7.09	0
1127	2023-07-07	7.09	7.09	7.09	7.09	0
1128	2023-07-10	7.09	7.09	7.09	7.09	0
1129	2023-07-11	7.09	7.09	7.09	7.09	0
1130	2023-07-12	7.09	7.09	7.09	7.09	0
1131	2023-07-13	7.09	7.09	7.09	7.09	0
1132	2023-07-14	7.09	7.09	7.09	7.09	0
1133	2023-07-17	7.09	7.09	7.09	7.09	0
1134	2023-07-18	7.09	7.09	7.09	7.09	0
1135	2023-07-19	7.09	7.09	7.09	7.09	0
1136	2023-07-20	7.09	7.09	7.09	7.09	0
1137	2023-07-21	7.09	7.09	7.09	7.09	0
1138	2023-07-24	7.09	7.09	7.09	7.09	0
1139	2023-07-25	8.14	8.14	8.14	8.14	13000
1140	2023-07-26	8.14	8.14	8.14	8.14	80
1141	2023-07-27	8.18	8.18	8.18	8.18	0
1142	2023-07-28	8.18	8.18	8.18	8.18	0
1143	2023-07-31	8.18	8.18	8.18	8.18	0
1144	2023-08-01	8.18	8.18	8.18	8.18	0
1145	2023-08-02	8.18	8.18	8.18	8.18	0
1146	2023-08-03	8.18	8.18	8.18	8.18	0
1147	2023-08-04	8.18	8.18	8.18	8.18	0
1148	2023-08-07	8.18	8.18	8.18	8.18	0
1149	2023-08-08	8.18	8.18	8.18	8.18	0
1150	2023-08-09	8.18	8.18	8.18	8.18	0
1151	2023-08-10	8.18	8.18	8.18	8.18	0
1152	2023-08-11	8.18	8.18	8.18	8.18	0
1153	2023-08-14	8.18	8.18	8.18	8.18	0
1154	2023-08-15	8.18	8.18	8.18	8.18	0
1155	2023-08-16	8.18	8.18	8.18	8.18	0
1156	2023-08-17	8.18	8.18	8.18	8.18	0
1157	2023-08-18	7.67	7.67	7.67	7.67	2000
1158	2023-08-21	7.67	7.67	7.67	7.67	0
1159	2023-08-22	7.67	7.67	7.67	7.67	0
1160	2023-08-23	7.67	7.67	7.67	7.67	0
1161	2023-08-24	7.67	7.67	7.67	7.67	0
1162	2023-08-25	7.67	7.67	7.67	7.67	0
1163	2023-08-28	7.67	7.67	7.67	7.67	0
1164	2023-08-29	7.67	7.67	7.67	7.67	0
1165	2023-08-30	7.67	7.67	7.67	7.67	0
1166	2023-08-31	7.67	7.67	7.67	7.67	0
1167	2023-09-05	7.67	7.67	7.67	7.67	0
1168	2023-09-06	7.67	7.67	7.67	7.67	0
1169	2023-09-07	7.67	7.67	7.67	7.67	0
1170	2023-09-08	7.67	7.67	7.67	7.67	0
1171	2023-09-11	7.67	7.67	7.67	7.67	0
1172	2023-09-12	7.67	7.67	7.67	7.67	0
1173	2023-09-13	7.67	7.67	7.67	7.67	0
1174	2023-09-14	7.67	7.67	7.67	7.67	0
1175	2023-09-15	7.67	7.67	7.67	7.67	0
1176	2023-09-18	7.67	7.67	7.67	7.67	0
1177	2023-09-19	7.67	7.67	7.67	7.67	0
1178	2023-09-20	8.52	8.52	8.52	8.52	15620
1179	2023-09-21	8.52	8.52	8.52	8.52	0
1180	2023-09-22	8.52	8.52	8.52	8.52	0
1181	2023-09-25	9.37	9.37	9.37	9.37	100
1182	2023-09-26	8.52	8.52	8.52	8.52	3500
1183	2023-09-27	8.52	8.52	8.52	8.52	0
1184	2023-09-28	8.52	8.52	8.52	8.52	0
1185	2023-09-29	8.52	8.52	8.52	8.52	0
1186	2023-10-02	8.52	8.52	8.52	8.52	0
1187	2023-10-03	8.52	8.52	8.52	8.52	0
1188	2023-10-04	8.52	8.52	8.52	8.52	0
1189	2023-10-05	8.52	8.52	8.52	8.52	0
1190	2023-10-06	8.52	8.52	8.52	8.52	0
1191	2023-10-09	8.52	8.52	8.52	8.52	0
1192	2023-10-10	8.52	8.52	8.52	8.52	0
1193	2023-10-11	8.52	8.52	8.52	8.52	0
1194	2023-10-12	8.52	8.52	8.52	8.52	0
1195	2023-10-13	8.52	8.52	8.52	8.52	0
1196	2023-10-16	8.52	8.52	8.52	8.52	0
1197	2023-10-17	8.52	8.52	8.52	8.52	0
1198	2023-10-18	8.52	8.52	8.52	8.52	0
1199	2023-10-19	8.52	8.52	8.52	8.52	0
1200	2023-10-20	8.52	8.52	8.52	8.52	0
1201	2023-10-23	8.52	8.52	8.52	8.52	0
1202	2023-10-24	8.52	8.52	8.52	8.52	0
1203	2023-10-25	8.52	8.52	8.52	8.52	0
1204	2023-10-26	8.52	8.52	8.52	8.52	0
1205	2023-10-27	8.52	8.52	8.52	8.52	0
1206	2023-10-30	8.52	8.52	8.52	8.52	0
1207	2023-10-31	8.52	8.52	8.52	8.52	0
1208	2023-11-01	8.52	8.52	8.52	8.52	0
1209	2023-11-02	8.52	8.52	8.52	8.52	0
1210	2023-11-03	8.52	8.52	8.52	8.52	0
1211	2023-11-06	8.52	8.52	8.52	8.52	0
1212	2023-11-07	8.52	8.52	8.52	8.52	0
1213	2023-11-08	8.52	8.52	8.52	8.52	0
1214	2023-11-09	8.52	8.52	8.52	8.52	0
1215	2023-11-10	8.52	8.52	8.52	8.52	0
1216	2023-11-13	8.52	8.52	8.52	8.52	0
1217	2023-11-14	8.52	8.52	8.52	8.52	0
1218	2023-11-15	8.52	8.52	8.52	8.52	0
1219	2023-11-16	8.52	8.52	8.52	8.52	0
1220	2023-11-17	8.52	8.52	8.52	8.52	0
1221	2023-11-20	8.52	8.52	8.52	8.52	0
1222	2023-11-21	8.52	8.52	8.52	8.52	0
1223	2023-11-22	8.52	8.52	8.52	8.52	0
1224	2023-11-23	8.52	8.52	8.52	8.52	0
1225	2023-11-24	8.52	8.52	8.52	8.52	0
1226	2023-11-27	8.52	8.52	8.52	8.52	0
1227	2023-11-28	8.52	8.52	8.52	8.52	0
1228	2023-11-29	8.52	8.52	8.52	8.52	0
1229	2023-11-30	8.52	8.52	8.52	8.52	0
1230	2023-12-01	8.52	8.52	8.52	8.52	0
1231	2023-12-04	8.52	8.52	8.52	8.52	0
1232	2023-12-05	8.52	8.52	8.52	8.52	0
1233	2023-12-06	8.52	8.52	8.52	8.52	0
1234	2023-12-07	8.52	8.52	8.52	8.52	0
1235	2023-12-08	8.52	8.52	8.52	8.52	0
1236	2023-12-11	8.52	8.52	8.52	8.52	0
1237	2023-12-12	8.52	8.52	8.52	8.52	0
1238	2023-12-13	8.52	8.52	8.52	8.52	0
1239	2023-12-14	8.52	8.52	8.52	8.52	0
1240	2023-12-15	8.52	8.52	8.52	8.52	0
1241	2023-12-18	8.52	8.52	8.52	8.52	0
1242	2023-12-19	8.52	8.52	8.52	8.52	0
1243	2023-12-20	8.52	8.52	8.52	8.52	0
1244	2023-12-21	8.52	8.52	8.52	8.52	0
1245	2023-12-22	8.52	8.52	8.52	8.52	0
1246	2023-12-25	8.52	8.52	8.52	8.52	0
1247	2023-12-26	8.52	8.52	8.52	8.52	0
1248	2023-12-27	8.52	8.52	8.52	8.52	0
1249	2023-12-28	8.52	8.52	8.52	8.52	0
1250	2023-12-29	8.52	8.52	8.52	8.52	0
1251	2024-01-02	8.52	8.52	8.52	8.52	0
1252	2024-01-03	8.52	8.52	8.52	8.52	0
1253	2024-01-04	8.52	8.52	8.52	8.52	0
1254	2024-01-05	8.52	8.52	8.52	8.52	0
1255	2024-01-08	8.52	8.52	8.52	8.52	0
1256	2024-01-09	8.52	8.52	8.52	8.52	0
1257	2024-01-10	8.52	8.52	8.52	8.52	0
1258	2024-01-11	8.52	8.52	8.52	8.52	0
1259	2024-01-12	8.52	8.52	8.52	8.52	0
1260	2024-01-15	8.52	8.52	8.52	8.52	0
1261	2024-01-16	8.52	8.52	8.52	8.52	0
1262	2024-01-17	8.52	8.52	8.52	8.52	0
1263	2024-01-18	8.52	8.52	8.52	8.52	0
1264	2024-01-19	8.52	8.52	8.52	8.52	0
1265	2024-01-22	8.52	8.52	8.52	8.52	0
1266	2024-01-23	8.52	8.52	8.52	8.52	0
1267	2024-01-24	8.52	8.52	8.52	8.52	0
1268	2024-01-25	8.52	8.52	8.52	8.52	0
1269	2024-01-26	8.52	8.52	8.52	8.52	0
1270	2024-01-29	8.52	8.52	8.52	8.52	0
1271	2024-01-30	8.52	8.52	8.52	8.52	0
1272	2024-01-31	8.52	8.52	8.52	8.52	0
1273	2024-02-01	8.52	8.52	8.52	8.52	0
1274	2024-02-02	8.52	8.52	8.52	8.52	0
1275	2024-02-05	8.52	8.52	8.52	8.52	0
1276	2024-02-06	8.52	8.52	8.52	8.52	0
1277	2024-02-07	8.52	8.52	8.52	8.52	0
1278	2024-02-15	8.52	8.52	8.52	8.52	0
1279	2024-02-16	8.52	8.52	8.52	8.52	0
1280	2024-02-19	8.52	8.52	8.52	8.52	0
1281	2024-02-20	8.52	8.52	8.52	8.52	0
1282	2024-02-21	8.52	8.52	8.52	8.52	0
1283	2024-02-22	8.52	8.52	8.52	8.52	0
1284	2024-02-23	8.52	8.52	8.52	8.52	0
1285	2024-02-26	8.52	8.52	8.52	8.52	0
1286	2024-02-27	8.52	8.52	8.52	8.52	0
1287	2024-02-28	8.52	8.52	8.52	8.52	0
1288	2024-02-29	8.52	8.52	8.52	8.52	0
1289	2024-03-01	8.52	8.52	8.52	8.52	0
1290	2024-03-04	8.52	8.52	8.52	8.52	0
1291	2024-03-05	8.52	8.52	8.52	8.52	0
1292	2024-03-06	8.52	8.52	8.52	8.52	0
1293	2024-03-07	8.52	8.52	8.52	8.52	0
1294	2024-03-08	8.52	8.52	8.52	8.52	0
1295	2024-03-11	8.52	8.52	8.52	8.52	0
1296	2024-03-12	8.52	8.52	8.52	8.52	0
1297	2024-03-13	8.52	8.52	8.52	8.52	0
1298	2024-03-14	8.52	8.52	8.52	8.52	0
1299	2024-03-15	8.52	8.52	8.52	8.52	0
1300	2024-03-18	8.52	8.52	8.52	8.52	0
1301	2024-03-19	8.52	8.52	8.52	8.52	0
1302	2024-03-20	8.52	8.52	8.52	8.52	0
1303	2024-03-21	8.52	8.52	8.52	8.52	0
1304	2024-03-22	8.52	8.52	8.52	8.52	0
1305	2024-03-25	8.52	8.52	8.52	8.52	0
1306	2024-03-26	8.52	8.52	8.52	8.52	0
1307	2024-03-27	8.52	8.52	8.52	8.52	0
1308	2024-03-28	8.52	8.52	8.52	8.52	0
1309	2024-03-29	8.52	8.52	8.52	8.52	0
1310	2024-04-01	8.52	8.52	8.52	8.52	0
1311	2024-04-02	8.52	8.52	8.52	8.52	0
1312	2024-04-03	8.52	8.52	8.52	8.52	0
1313	2024-04-04	8.52	8.52	8.52	8.52	0
1314	2024-04-05	8.52	8.52	8.52	8.52	0
1315	2024-04-08	8.52	8.52	8.52	8.52	0
1316	2024-04-09	8.52	8.52	8.52	8.52	0
1317	2024-04-10	8.52	8.52	8.52	8.52	0
1318	2024-04-11	8.52	8.52	8.52	8.52	0
1319	2024-04-12	8.52	8.52	8.52	8.52	0
1320	2024-04-15	8.52	8.52	8.52	8.52	0
1321	2024-04-16	8.52	8.52	8.52	8.52	0
1322	2024-04-17	8.52	8.52	8.52	8.52	0
1323	2024-04-19	8.52	8.52	8.52	8.52	0
1324	2024-04-22	8.52	8.52	8.52	8.52	0
1325	2024-04-23	8.52	8.52	8.52	8.52	0
1326	2024-04-24	8.52	8.52	8.52	8.52	0
1327	2024-04-25	8.52	8.52	8.52	8.52	0
1328	2024-04-26	8.52	8.52	8.52	8.52	0
1329	2024-05-02	8.52	8.52	8.52	8.52	0
1330	2024-05-03	8.52	8.52	8.52	8.52	0
1331	2024-05-06	8.52	8.52	8.52	8.52	0
1332	2024-05-07	8.5	8.5	8.5	8.5	0
1333	2024-05-08	8.5	8.5	8.5	8.5	0
1334	2024-05-09	8.5	8.5	8.5	8.5	0
1335	2024-05-10	8.5	8.5	8.5	8.5	0
1336	2024-05-13	8.5	8.5	8.5	8.5	0
1337	2024-05-14	8.5	8.5	8.5	8.5	0
1338	2024-05-15	8.5	8.5	8.5	8.5	0
1339	2024-05-16	8.5	8.5	8.5	8.5	0
1340	2024-05-17	8.5	8.5	8.5	8.5	0
1341	2024-05-20	8.5	8.5	8.5	8.5	0
1342	2024-05-21	8.5	8.5	8.5	8.5	0
1343	2024-05-22	8.5	8.5	8.5	8.5	0
1344	2024-05-23	8.5	8.5	8.5	8.5	0
1345	2024-05-24	8.5	8.5	8.5	8.5	0
1346	2024-05-27	8.5	8.5	8.5	8.5	0
1347	2024-05-28	8.5	8.5	8.5	8.5	0
1348	2024-05-29	8.5	8.5	8.5	8.5	0
1349	2024-05-30	8.5	8.5	8.5	8.5	0
1350	2024-05-31	8.5	8.5	8.5	8.5	0
1351	2024-06-03	8.5	8.5	8.5	8.5	0
1352	2024-06-04	8.5	8.5	8.5	8.5	0
1353	2024-06-05	8.5	8.5	8.5	8.5	0
1354	2024-06-06	8.5	8.5	8.5	8.5	0
1355	2024-06-07	8.5	8.5	8.5	8.5	0
1356	2024-06-10	8.5	8.5	8.5	8.5	0
1357	2024-06-11	8.5	8.5	8.5	8.5	0
1358	2024-06-12	8.5	8.5	8.5	8.5	0
1359	2024-06-13	8.5	8.5	8.5	8.5	0
1360	2024-06-14	8.5	8.5	8.5	8.5	0
1361	2024-06-17	8.5	8.5	8.5	8.5	0
1362	2024-06-18	8.5	8.5	8.5	8.5	0
1363	2024-06-19	8.5	8.5	8.5	8.5	0
1364	2024-06-20	8.5	8.5	8.5	8.5	0
1365	2024-06-21	8.5	8.5	8.5	8.5	0
1366	2024-06-24	8.5	8.5	8.5	8.5	0
1367	2024-06-25	8.5	8.5	8.5	8.5	0
1368	2024-06-26	8.5	8.5	8.5	8.5	0
1369	2024-06-27	8.5	8.5	8.5	8.5	0
1370	2024-06-28	8.5	8.5	8.5	8.5	0
1371	2024-07-01	8.5	8.5	8.5	8.5	0
1372	2024-07-02	8.5	8.5	8.5	8.5	0
1373	2024-07-03	8.5	8.5	8.5	8.5	0
1374	2024-07-04	8.5	8.5	8.5	8.5	0
1375	2024-07-05	8.5	8.5	8.5	8.5	0
1376	2024-07-08	8.5	8.5	8.5	8.5	0
1377	2024-07-09	8.5	8.5	8.5	8.5	0
1378	2024-07-10	8.5	8.5	8.5	8.5	0
1379	2024-07-11	8.5	8.5	8.5	8.5	0
1380	2024-07-12	8.5	8.5	8.5	8.5	0
1381	2024-07-15	8.5	8.5	8.5	8.5	0
1382	2024-07-16	8.5	8.5	8.5	8.5	0
1383	2024-07-17	8.5	8.5	8.5	8.5	0
1384	2024-07-18	8.5	8.5	8.5	8.5	0
1385	2024-07-19	8.5	8.5	8.5	8.5	0
1386	2024-07-22	8.5	8.5	8.5	8.5	0
1387	2024-07-23	8.5	8.5	8.5	8.5	0
1388	2024-07-24	8.5	8.5	8.5	8.5	0
1389	2024-07-25	8.5	8.5	8.5	8.5	0
1390	2024-07-26	8.5	8.5	8.5	8.5	0
1391	2024-07-29	8.5	8.5	8.5	8.5	0
1392	2024-07-30	8.5	8.5	8.5	8.5	0
1393	2024-07-31	8.5	8.5	8.5	8.5	0
1394	2024-08-01	8.5	8.5	8.5	8.5	0
1395	2024-08-02	8.5	8.5	8.5	8.5	0
1396	2024-08-05	8.5	8.5	8.5	8.5	0
1397	2024-08-06	8.5	8.5	8.5	8.5	0
1398	2024-08-07	8.5	8.5	8.5	8.5	0
1399	2024-08-08	8.5	8.5	8.5	8.5	0
1400	2024-08-09	8.5	8.5	8.5	8.5	0
1401	2024-08-12	8.5	8.5	8.5	8.5	0
1402	2024-08-13	8.5	8.5	8.5	8.5	0
1403	2024-08-14	8.5	8.5	8.5	8.5	0
1404	2024-08-15	8.5	8.5	8.5	8.5	0
1405	2024-08-16	8.5	8.5	8.5	8.5	0
1406	2024-08-19	8.5	8.5	8.5	8.5	0
1407	2024-08-20	8.5	8.5	8.5	8.5	0
1408	2024-08-21	8.5	8.5	8.5	8.5	0
1409	2024-08-22	8.5	8.5	8.5	8.5	0
1410	2024-08-23	8.5	8.5	8.5	8.5	0
1411	2024-08-26	8.5	8.5	8.5	8.5	0
1412	2024-08-27	8.5	8.5	8.5	8.5	0
1413	2024-08-28	8.5	8.5	8.5	8.5	0
1414	2024-08-29	8.5	8.5	8.5	8.5	0
1415	2024-08-30	8.5	8.5	8.5	8.5	0
1416	2024-09-04	8.5	8.5	8.5	8.5	0
1417	2024-09-05	8.5	8.5	8.5	8.5	0
1418	2024-09-06	8.5	8.5	8.5	8.5	0
1419	2024-09-09	8.5	8.5	8.5	8.5	0
1420	2024-09-10	8.5	8.5	8.5	8.5	0
1421	2024-09-11	8.5	8.5	8.5	8.5	0
1422	2024-09-12	8.5	8.5	8.5	8.5	0
1423	2024-09-13	8.5	8.5	8.5	8.5	0
1424	2024-09-16	8.5	8.5	8.5	8.5	0
1425	2024-09-17	8.5	8.5	8.5	8.5	0
1426	2024-09-18	8.5	8.5	8.5	8.5	0
1427	2024-09-19	8.5	8.5	8.5	8.5	0
1428	2024-09-20	8.5	8.5	8.5	8.5	0
1429	2024-09-23	8.5	8.5	8.5	8.5	0
1430	2024-09-24	8.5	8.5	8.5	8.5	0
1431	2024-09-25	8.5	8.5	8.5	8.5	0
1432	2024-09-26	8.5	8.5	8.5	8.5	0
1433	2024-09-27	8.5	8.5	8.5	8.5	0
1434	2024-09-30	8.5	8.5	8.5	8.5	0
1435	2024-10-01	8.5	8.5	8.5	8.5	0
1436	2024-10-02	8.5	8.5	8.5	8.5	0
1437	2024-10-03	8.5	8.5	8.5	8.5	0
1438	2024-10-04	8.5	8.5	8.5	8.5	0
1439	2024-10-07	8.5	8.5	8.5	8.5	0
1440	2024-10-08	8.5	8.5	8.5	8.5	0
1441	2024-10-09	8.5	8.5	8.5	8.5	0
1442	2024-10-10	8.5	8.5	8.5	8.5	0
1443	2024-10-11	8.5	8.5	8.5	8.5	0
1444	2024-10-14	8.5	8.5	8.5	8.5	0
1445	2024-10-15	8.5	8.5	8.5	8.5	0
1446	2024-10-16	8.5	8.5	8.5	8.5	0
1447	2024-10-17	8.5	8.5	8.5	8.5	0
1448	2024-10-18	8.5	8.5	8.5	8.5	0
1449	2024-10-21	8.5	8.5	8.5	8.5	0
1450	2024-10-22	8.5	8.5	8.5	8.5	0
1451	2024-10-23	8.5	8.5	8.5	8.5	0
1452	2024-10-24	8.5	8.5	8.5	8.5	0
1453	2024-10-25	8.5	8.5	8.5	8.5	0
1454	2024-10-28	8.5	8.5	8.5	8.5	0
1455	2024-10-29	8.5	8.5	8.5	8.5	0
1456	2024-10-30	8.5	8.5	8.5	8.5	0
1457	2024-10-31	8.5	8.5	8.5	8.5	0
1458	2024-11-01	8.5	8.5	8.5	8.5	0
1459	2024-11-04	8.5	8.5	8.5	8.5	0
1460	2024-11-05	8.5	8.5	8.5	8.5	0
1461	2024-11-06	8.5	8.5	8.5	8.5	0
1462	2024-11-07	8.5	8.5	8.5	8.5	0
1463	2024-11-08	8.5	8.5	8.5	8.5	0
1464	2024-11-11	8.5	8.5	8.5	8.5	0
1465	2024-11-12	8.5	8.5	8.5	8.5	0
1466	2024-11-13	8.5	8.5	8.5	8.5	0
1467	2024-11-14	8.5	8.5	8.5	8.5	0
1468	2024-11-15	8.5	8.5	8.5	8.5	0
1469	2024-11-18	8.5	8.5	8.5	8.5	0
1470	2024-11-19	8.5	8.5	8.5	8.5	0
1471	2024-11-20	8.5	8.5	8.5	8.5	0
1472	2024-11-21	8.5	8.5	8.5	8.5	0
1473	2024-11-22	8.5	8.5	8.5	8.5	0
1474	2024-11-25	8.5	8.5	8.5	8.5	0
1475	2024-11-26	8.5	8.5	8.5	8.5	0
1476	2024-11-27	8.5	8.5	8.5	8.5	0
1477	2024-11-28	8.5	8.5	8.5	8.5	0
1478	2024-11-29	8.5	8.5	8.5	8.5	0
1479	2024-12-02	8.5	8.5	8.5	8.5	0
1480	2024-12-03	8.5	8.5	8.5	8.5	0
1481	2024-12-04	8.5	8.5	8.5	8.5	0
1482	2024-12-05	8.5	8.5	8.5	8.5	0
1483	2024-12-06	8.5	8.5	8.5	8.5	0
1484	2024-12-09	8.5	8.5	8.5	8.5	0
1485	2024-12-10	8.5	8.5	8.5	8.5	0
1486	2024-12-11	8.5	8.5	8.5	8.5	0
1487	2024-12-12	8.5	8.5	8.5	8.5	0
1488	2024-12-13	8.5	8.5	8.5	8.5	0
1489	2024-12-16	8.5	8.5	8.5	8.5	0
1490	2024-12-17	8.5	8.5	8.5	8.5	0
1491	2024-12-18	8.5	8.5	8.5	8.5	0
1492	2024-12-19	8.5	8.5	8.5	8.5	0
1493	2024-12-20	8.5	8.5	8.5	8.5	0
1494	2024-12-23	8.5	8.5	8.5	8.5	0
1495	2024-12-24	8.5	8.5	8.5	8.5	0
1496	2024-12-25	8.5	8.5	8.5	8.5	0
1497	2024-12-26	8.5	8.5	8.5	8.5	0
1498	2024-12-27	8.5	8.5	8.5	8.5	0
1499	2024-12-30	8.5	8.5	8.5	8.5	0
1500	2024-12-31	8.5	8.5	8.5	8.5	0
1501	2025-01-02	8.5	8.5	8.5	8.5	0
1502	2025-01-03	8.5	8.5	8.5	8.5	0
1503	2025-01-06	8.5	8.5	8.5	8.5	0
1504	2025-01-07	8.5	8.5	8.5	8.5	0
1505	2025-01-08	8.5	8.5	8.5	8.5	0
1506	2025-01-09	8.5	8.5	8.5	8.5	0
1507	2025-01-10	8.5	8.5	8.5	8.5	0
1508	2025-01-13	8.5	8.5	8.5	8.5	0
1509	2025-01-14	8.5	8.5	8.5	8.5	0
1510	2025-01-15	8.5	8.5	8.5	8.5	0
1511	2025-01-16	8.5	8.5	8.5	8.5	0
1512	2025-01-17	8.5	8.5	8.5	8.5	0
1513	2025-01-20	8.5	8.5	8.5	8.5	0
1514	2025-01-21	8.5	8.5	8.5	8.5	0
1515	2025-01-22	8.5	8.5	8.5	8.5	0
1516	2025-01-23	8.5	8.5	8.5	8.5	0
1517	2025-01-24	8.5	8.5	8.5	8.5	0
1518	2025-02-03	8.5	8.5	8.5	8.5	0
1519	2025-02-04	8.5	8.5	8.5	8.5	0
1520	2025-02-05	8.5	8.5	8.5	8.5	0
1521	2025-02-06	8.5	8.5	8.5	8.5	0
1522	2025-02-07	8.5	8.5	8.5	8.5	0
1523	2025-02-10	8.5	8.5	8.5	8.5	0
1524	2025-02-11	8.5	8.5	8.5	8.5	0
1525	2025-02-12	8.5	8.5	8.5	8.5	0
1526	2025-02-13	8.5	8.5	8.5	8.5	0
1527	2025-02-14	8.5	8.5	8.5	8.5	0
