	time	open	high	low	close	volume
0	2018-07-04	22.53	22.53	22.13	22.13	1300
1	2018-07-05	20.12	20.12	19.11	19.11	1300
2	2018-07-06	19.52	19.52	19.52	19.52	0
3	2018-07-09	20.12	20.12	20.12	20.12	200
4	2018-07-10	17.1	17.1	17.1	17.1	400
5	2018-07-11	18.17	18.17	14.7	14.75	2000
6	2018-07-12	14.96	14.96	14.96	14.96	200
7	2018-07-13	14.96	14.96	14.96	14.96	0
8	2018-07-16	14.96	14.96	14.96	14.96	0
9	2018-07-17	14.96	14.96	14.96	14.96	0
10	2018-07-18	14.96	14.96	14.96	14.96	0
11	2018-07-19	14.96	14.96	14.96	14.96	0
12	2018-07-20	14.96	14.96	14.96	14.96	0
13	2018-07-23	14.96	14.96	14.96	14.96	0
14	2018-07-24	14.96	14.96	14.43	14.43	300
15	2018-07-25	14.59	14.59	14.59	14.59	0
16	2018-07-26	14.59	14.59	14.59	14.59	0
17	2018-07-27	14.59	14.59	14.59	14.59	0
18	2018-07-30	12.45	12.56	12.45	12.56	300
19	2018-07-31	10.69	10.69	10.69	10.69	100
20	2018-08-01	10.69	10.69	10.69	10.69	0
21	2018-08-02	10.69	10.69	10.69	10.69	0
22	2018-08-03	10.69	10.69	10.69	10.69	0
23	2018-08-06	11.22	11.22	11.22	11.22	200
24	2018-08-07	11.22	11.22	11.22	11.22	0
25	2018-08-08	11.22	11.22	11.22	11.22	0
26	2018-08-09	11.22	11.22	11.22	11.22	0
27	2018-08-10	11.22	11.22	11.22	11.22	0
28	2018-08-13	11.22	11.22	11.22	11.22	0
29	2018-08-14	11.76	11.76	11.49	11.49	700
30	2018-08-15	11.54	11.54	11.54	11.54	0
31	2018-08-16	13.25	13.25	13.25	13.25	100
32	2018-08-17	15.23	15.23	15.23	15.23	100
33	2018-08-20	15.23	15.23	15.23	15.23	0
34	2018-08-21	14.43	17.42	14.43	17.42	900
35	2018-08-22	17.1	17.1	17.1	17.1	0
36	2018-08-23	17.1	17.1	17.1	17.1	0
37	2018-08-24	17.1	17.1	17.1	17.1	0
38	2018-08-27	17.1	17.1	17.1	17.1	0
39	2018-08-28	17.1	17.1	17.1	17.1	0
40	2018-08-29	14.96	14.96	14.96	14.96	500
41	2018-08-30	14.96	14.96	14.96	14.96	0
42	2018-08-31	14.96	14.96	14.96	14.96	0
43	2018-09-04	14.96	14.96	14.96	14.96	0
44	2018-09-05	14.96	14.96	14.96	14.96	0
45	2018-09-06	14.96	14.96	14.96	14.96	0
46	2018-09-07	14.96	14.96	14.96	14.96	0
47	2018-09-10	17.16	17.16	17.16	17.16	100
48	2018-09-11	17.16	17.16	17.16	17.16	0
49	2018-09-12	17.16	17.16	17.16	17.16	0
50	2018-09-13	17.16	17.16	17.16	17.16	0
51	2018-09-14	17.16	17.16	17.16	17.16	0
52	2018-09-17	17.16	17.16	17.16	17.16	0
53	2018-09-18	17.16	17.16	17.16	17.16	0
54	2018-09-19	17.16	17.16	17.16	17.16	0
55	2018-09-20	17.16	17.16	17.16	17.16	0
56	2018-09-21	17.16	17.16	17.16	17.16	0
57	2018-09-24	17.16	17.16	17.16	17.16	0
58	2018-09-25	17.16	17.16	17.16	17.16	0
59	2018-09-26	17.16	17.16	17.16	17.16	0
60	2018-09-27	17.16	17.16	17.16	17.16	0
61	2018-09-28	17.16	17.16	17.16	17.16	0
62	2018-10-01	17.16	17.16	17.16	17.16	0
63	2018-10-02	17.16	17.16	17.16	17.16	0
64	2018-10-03	17.16	17.16	17.16	17.16	0
65	2018-10-04	19.67	19.67	19.67	19.67	200
66	2018-10-05	19.67	19.67	19.67	19.67	0
67	2018-10-08	19.67	19.67	19.67	19.67	0
68	2018-10-09	19.67	19.67	19.67	19.67	0
69	2018-10-10	19.67	19.67	19.67	19.67	0
70	2018-10-11	16.73	16.73	16.73	16.73	500
71	2018-10-12	16.73	16.73	16.73	16.73	0
72	2018-10-15	16.73	16.73	16.73	16.73	0
73	2018-10-16	16.57	16.57	15.61	15.61	200
74	2018-10-17	16.14	16.14	16.14	16.14	100
75	2018-10-18	16.14	16.14	16.14	16.14	0
76	2018-10-19	16.14	16.14	16.14	16.14	0
77	2018-10-22	16.14	16.14	16.14	16.14	0
78	2018-10-23	16.14	16.14	16.14	16.14	0
79	2018-10-24	16.14	16.14	16.14	16.14	100
80	2018-10-25	16.14	16.14	16.14	16.14	0
81	2018-10-26	16.14	16.14	16.14	16.14	0
82	2018-10-29	16.14	16.14	16.14	16.14	0
83	2018-10-30	16.14	16.14	16.14	16.14	0
84	2018-10-31	16.14	16.14	16.14	16.14	0
85	2018-11-01	16.14	16.14	16.14	16.14	0
86	2018-11-02	16.14	16.14	16.14	16.14	0
87	2018-11-05	16.14	16.14	16.14	16.14	0
88	2018-11-06	16.14	16.14	16.14	16.14	0
89	2018-11-07	16.14	16.14	16.14	16.14	0
90	2018-11-08	17.63	17.63	17.63	17.63	100
91	2018-11-09	17.63	17.63	17.63	17.63	0
92	2018-11-12	17.63	17.63	17.63	17.63	0
93	2018-11-13	17.63	17.63	17.63	17.63	0
94	2018-11-14	17.63	17.63	17.63	17.63	0
95	2018-11-15	15.48	15.48	15.48	15.48	200
96	2018-11-16	15.48	15.48	15.48	15.48	0
97	2018-11-19	15.48	15.48	15.48	15.48	0
98	2018-11-20	15.48	15.48	15.48	15.48	0
99	2018-11-21	15.48	15.48	15.48	15.48	0
100	2018-11-22	15.48	15.48	15.48	15.48	0
101	2018-11-23	15.48	15.48	15.48	15.48	0
102	2018-11-26	15.48	15.48	15.48	15.48	0
103	2018-11-27	15.48	15.48	15.48	15.48	0
104	2018-11-28	15.48	15.48	15.48	15.48	0
105	2018-11-29	15.48	15.48	15.48	15.48	0
106	2018-11-30	15.48	15.48	15.48	15.48	0
107	2018-12-03	15.48	15.48	15.48	15.48	0
108	2018-12-04	15.48	15.48	15.48	15.48	0
109	2018-12-05	15.48	15.48	15.48	15.48	100
110	2018-12-06	15.48	16.03	15.48	16.03	200
111	2018-12-07	15.75	16.03	16.03	16.03	0
112	2018-12-10	15.75	16.03	16.03	16.03	0
113	2018-12-11	15.48	15.48	15.48	15.48	900
114	2018-12-12	15.48	15.48	15.48	15.48	0
115	2018-12-13	15.48	15.48	15.48	15.48	0
116	2018-12-14	15.48	15.48	15.48	15.48	0
117	2018-12-17	15.48	15.48	15.48	15.48	0
118	2018-12-18	17.08	17.08	17.08	17.08	100
119	2018-12-19	17.08	17.08	17.08	17.08	0
120	2018-12-20	19.62	19.62	19.62	19.62	100
121	2018-12-21	19.62	19.62	19.62	19.62	0
122	2018-12-24	19.62	19.62	19.62	19.62	0
123	2018-12-25	19.62	19.62	19.62	19.62	0
124	2018-12-26	19.62	19.62	19.62	19.62	0
125	2018-12-27	17.69	17.69	17.69	17.69	200
126	2018-12-28	17.69	17.69	17.69	17.69	0
127	2019-01-02	17.69	17.69	17.69	17.69	0
128	2019-01-03	17.69	17.69	17.69	17.69	0
129	2019-01-04	15.04	15.04	15.04	15.04	1100
130	2019-01-07	15.04	15.04	15.04	15.04	0
131	2019-01-08	13.82	13.82	13.82	13.82	100
132	2019-01-09	13.82	14.4	14.4	14.4	0
133	2019-01-10	13.82	14.4	14.4	14.4	0
134	2019-01-11	13.82	14.4	14.4	14.4	0
135	2019-01-14	13.82	14.4	14.4	14.4	0
136	2019-01-15	13.82	14.4	14.4	14.4	0
137	2019-01-16	13.82	14.4	14.4	14.4	0
138	2019-01-17	13.82	14.4	14.4	14.4	0
139	2019-01-18	13.82	14.4	14.4	14.4	0
140	2019-01-21	13.88	13.88	13.88	13.88	1800
141	2019-01-22	13.88	13.88	13.88	13.88	0
142	2019-01-23	13.88	13.88	13.88	13.88	0
143	2019-01-24	13.93	13.93	13.93	13.93	100
144	2019-01-25	13.93	13.93	13.93	13.93	0
145	2019-01-28	13.93	13.93	13.93	13.93	0
146	2019-01-29	13.93	13.93	13.93	13.93	0
147	2019-01-30	13.93	13.93	13.93	13.93	0
148	2019-01-31	13.93	13.93	13.93	13.93	0
149	2019-02-01	13.93	13.93	13.93	13.93	0
150	2019-02-11	13.93	13.93	13.93	13.93	0
151	2019-02-12	13.93	13.93	13.93	13.93	0
152	2019-02-13	16.01	16.01	13.99	13.99	700
153	2019-02-14	14.28	13.99	13.99	13.99	0
154	2019-02-15	14.28	13.99	13.99	13.99	0
155	2019-02-18	14.28	13.99	13.99	13.99	0
156	2019-02-19	14.28	13.99	13.99	13.99	0
157	2019-02-20	14.28	13.99	13.99	13.99	0
158	2019-02-21	14.28	13.99	13.99	13.99	0
159	2019-02-22	14.28	13.99	13.99	13.99	0
160	2019-02-25	14.28	13.99	13.99	13.99	0
161	2019-02-26	14.28	13.99	13.99	13.99	0
162	2019-02-27	14.97	14.97	14.97	14.97	1000
163	2019-02-28	14.97	14.97	14.97	14.97	0
164	2019-03-01	14.45	14.45	14.45	14.45	100
165	2019-03-04	14.45	14.45	14.45	14.45	0
166	2019-03-05	13.24	13.24	13.24	13.24	100
167	2019-03-06	13.24	13.24	13.24	13.24	0
168	2019-03-07	13.24	13.24	13.24	13.24	0
169	2019-03-08	14.97	14.97	14.97	14.97	200
170	2019-03-11	14.97	14.97	14.97	14.97	0
171	2019-03-12	14.97	14.97	14.97	14.97	0
172	2019-03-13	14.97	14.97	14.97	14.97	0
173	2019-03-14	14.97	14.97	14.97	14.97	0
174	2019-03-15	12.78	12.78	12.78	12.78	100
175	2019-03-18	12.78	12.78	12.78	12.78	0
176	2019-03-19	12.78	12.78	12.78	12.78	0
177	2019-03-20	12.78	12.78	12.78	12.78	0
178	2019-03-21	14.68	14.68	14.68	14.68	200
179	2019-03-22	14.68	14.68	14.68	14.68	0
180	2019-03-25	14.68	14.68	14.68	14.68	0
181	2019-03-26	14.68	14.68	14.68	14.68	0
182	2019-03-27	14.68	14.68	14.68	14.68	0
183	2019-03-28	14.68	14.68	14.68	14.68	0
184	2019-03-29	14.68	14.68	14.68	14.68	0
185	2019-04-01	12.5	12.5	12.5	12.5	100
186	2019-04-02	12.5	12.5	12.5	12.5	0
187	2019-04-03	10.65	10.65	10.65	10.65	100
188	2019-04-04	9.85	9.85	9.85	9.85	100
189	2019-04-05	9.85	9.85	9.85	9.85	0
190	2019-04-08	11.29	11.29	11.29	11.29	100
191	2019-04-09	11.29	11.29	11.29	11.29	0
192	2019-04-10	11.29	11.29	11.29	11.29	0
193	2019-04-11	11.29	11.29	11.29	11.29	0
194	2019-04-12	12.96	12.96	12.96	12.96	100
195	2019-04-16	12.96	14.22	14.22	14.22	0
196	2019-04-17	12.96	14.22	14.22	14.22	0
197	2019-04-18	12.96	14.22	14.22	14.22	0
198	2019-04-19	12.96	14.22	14.22	14.22	0
199	2019-04-22	12.96	14.22	14.22	14.22	0
200	2019-04-23	12.96	14.22	14.22	14.22	0
201	2019-04-24	11.19	11.19	11.19	11.19	100
202	2019-04-25	11.19	11.19	11.19	11.19	0
203	2019-04-26	11.19	11.19	11.19	11.19	0
204	2019-05-02	9.73	9.73	9.73	9.73	100
205	2019-05-03	9.73	9.73	9.73	9.73	0
206	2019-05-06	9.73	9.73	9.73	9.73	0
207	2019-05-07	9.73	9.73	9.73	9.73	0
208	2019-05-08	9.73	9.73	9.73	9.73	0
209	2019-05-09	11.19	11.19	11.19	11.19	100
210	2019-05-10	12.83	12.83	12.83	12.83	100
211	2019-05-13	12.83	12.83	12.83	12.83	0
212	2019-05-14	12.83	12.83	12.83	12.83	0
213	2019-05-15	12.83	12.83	12.83	12.83	0
214	2019-05-16	14.73	14.73	14.73	14.73	200
215	2019-05-17	14.73	14.73	14.73	14.73	0
216	2019-05-20	14.73	14.73	14.73	14.73	0
217	2019-05-21	14.73	14.73	14.73	14.73	0
218	2019-05-22	16.87	16.87	16.87	16.87	1000
219	2019-05-23	14.35	14.35	14.35	14.35	100
220	2019-05-24	14.35	14.35	14.35	14.35	0
221	2019-05-27	14.35	14.35	14.35	14.35	0
222	2019-05-28	12.26	12.26	12.26	12.26	100
223	2019-05-29	14.09	14.09	14.09	14.09	200
224	2019-05-30	14.09	14.09	14.09	14.09	0
225	2019-05-31	14.09	14.09	14.09	14.09	0
226	2019-06-03	14.09	14.09	14.09	14.09	0
227	2019-06-04	14.09	14.09	14.09	14.09	0
228	2019-06-05	14.09	14.09	14.09	14.09	0
229	2019-06-06	14.09	14.09	14.09	14.09	0
230	2019-06-07	14.09	14.09	14.09	14.09	0
231	2019-06-10	14.09	14.09	14.09	14.09	0
232	2019-06-11	14.09	14.09	14.09	14.09	0
233	2019-06-12	14.09	14.09	14.09	14.09	0
234	2019-06-13	14.09	14.09	14.09	14.09	0
235	2019-06-14	14.09	14.09	14.09	14.09	0
236	2019-06-17	14.09	14.09	14.09	14.09	0
237	2019-06-18	14.09	14.09	14.09	14.09	0
238	2019-06-19	14.09	14.09	14.09	14.09	0
239	2019-06-20	14.09	14.09	14.09	14.09	0
240	2019-06-21	14.09	14.09	14.09	14.09	0
241	2019-06-24	14.09	14.09	14.09	14.09	0
242	2019-06-25	16.18	16.18	16.18	16.18	200
243	2019-06-26	16.18	16.18	16.18	16.18	0
244	2019-06-27	16.18	16.18	16.18	16.18	0
245	2019-06-28	16.18	16.18	16.18	16.18	0
246	2019-07-01	16.18	16.18	16.18	16.18	0
247	2019-07-02	16.18	16.18	16.18	16.18	0
248	2019-07-03	16.18	16.18	16.18	16.18	0
249	2019-07-04	16.18	16.18	16.18	16.18	0
250	2019-07-05	16.18	16.18	16.18	16.18	0
251	2019-07-08	16.18	16.18	16.18	16.18	0
252	2019-07-09	16.18	16.18	16.18	16.18	0
253	2019-07-10	16.18	16.18	16.18	16.18	0
254	2019-07-11	16.18	16.18	16.18	16.18	0
255	2019-07-12	16.18	16.18	16.18	16.18	0
256	2019-07-15	16.18	16.18	16.18	16.18	0
257	2019-07-16	16.18	16.18	16.18	16.18	0
258	2019-07-17	16.18	16.18	16.18	16.18	0
259	2019-07-18	16.18	16.18	16.18	16.18	0
260	2019-07-19	16.18	16.18	16.18	16.18	0
261	2019-07-22	15.8	15.8	15.8	15.8	50000
262	2019-07-23	15.8	15.8	15.8	15.8	0
263	2019-07-24	15.8	15.8	15.8	15.8	0
264	2019-07-25	15.8	15.8	15.8	15.8	0
265	2019-07-26	15.8	15.8	15.8	15.8	0
266	2019-07-29	15.8	15.8	15.8	15.8	0
267	2019-07-30	15.8	15.8	15.8	15.8	0
268	2019-07-31	15.8	15.8	15.8	15.8	0
269	2019-08-01	15.8	15.8	15.8	15.8	0
270	2019-08-02	15.8	15.8	15.8	15.8	0
271	2019-08-05	15.8	15.8	15.8	15.8	0
272	2019-08-06	15.8	15.8	15.8	15.8	0
273	2019-08-07	15.8	15.8	15.8	15.8	0
274	2019-08-08	15.8	15.8	15.8	15.8	0
275	2019-08-09	15.8	15.8	15.8	15.8	0
276	2019-08-12	15.8	15.8	15.8	15.8	0
277	2019-08-13	15.8	15.8	15.8	15.8	0
278	2019-08-14	15.8	15.8	15.8	15.8	0
279	2019-08-15	15.8	15.8	15.8	15.8	0
280	2019-08-16	15.8	15.8	15.8	15.8	0
281	2019-08-19	15.8	15.8	15.8	15.8	0
282	2019-08-20	15.8	15.8	15.8	15.8	0
283	2019-08-21	15.8	15.8	15.8	15.8	0
284	2019-08-22	15.8	15.8	15.8	15.8	0
285	2019-08-23	15.74	15.74	15.74	15.74	100
286	2019-08-26	15.74	15.74	15.74	15.74	0
287	2019-08-27	15.74	15.74	15.74	15.74	0
288	2019-08-28	15.74	15.74	15.74	15.74	0
289	2019-08-29	15.74	15.74	15.74	15.74	0
290	2019-08-30	15.74	15.74	15.74	15.74	0
291	2019-09-03	15.74	15.74	15.74	15.74	0
292	2019-09-04	15.74	15.74	15.74	15.74	0
293	2019-09-05	15.74	15.74	15.74	15.74	0
294	2019-09-06	15.74	15.74	15.74	15.74	0
295	2019-09-09	15.8	16.43	15.8	16.43	300
296	2019-09-10	15.99	16.43	16.43	16.43	0
297	2019-09-11	15.99	16.43	16.43	16.43	0
298	2019-09-12	15.99	17.11	17.11	17.11	0
299	2019-09-13	15.99	17.11	17.11	17.11	0
300	2019-09-16	15.99	17.11	17.11	17.11	0
301	2019-09-17	15.99	17.11	17.11	17.11	0
302	2019-09-18	15.99	17.11	17.11	17.11	0
303	2019-09-19	15.99	17.11	17.11	17.11	0
304	2019-09-20	15.99	17.11	17.11	17.11	0
305	2019-09-23	15.99	17.11	17.11	17.11	0
306	2019-09-24	15.99	17.11	17.11	17.11	0
307	2019-09-25	17.11	17.11	17.11	17.11	100
308	2019-09-26	17.11	17.11	17.11	17.11	0
309	2019-09-27	17.11	17.11	17.11	17.11	0
310	2019-09-30	17.11	17.11	17.11	17.11	0
311	2019-10-01	17.11	17.11	17.11	17.11	0
312	2019-10-02	17.11	17.11	17.11	17.11	0
313	2019-10-03	17.11	17.11	17.11	17.11	0
314	2019-10-04	17.11	17.11	17.11	17.11	0
315	2019-10-07	17.11	17.11	17.11	17.11	0
316	2019-10-08	17.11	17.11	17.11	17.11	0
317	2019-10-09	17.11	17.11	17.11	17.11	0
318	2019-10-10	17.11	17.11	17.11	17.11	0
319	2019-10-11	17.11	17.11	17.11	17.11	0
320	2019-10-14	17.11	17.11	17.11	17.11	0
321	2019-10-15	17.11	17.11	17.11	17.11	0
322	2019-10-16	17.11	17.11	17.11	17.11	0
323	2019-10-17	17.11	17.11	17.11	17.11	0
324	2019-10-18	17.11	17.11	17.11	17.11	0
325	2019-10-21	17.11	17.11	17.11	17.11	0
326	2019-10-22	17.11	17.11	17.11	17.11	0
327	2019-10-23	17.11	17.11	17.11	17.11	0
328	2019-10-24	17.11	17.11	17.11	17.11	0
329	2019-10-25	17.11	17.11	17.11	17.11	0
330	2019-10-28	17.11	17.11	17.11	17.11	0
331	2019-10-29	15.79	15.79	15.79	15.79	1000
332	2019-10-30	15.79	15.79	15.79	15.79	0
333	2019-10-31	15.79	15.79	15.79	15.79	0
334	2019-11-01	15.79	15.79	15.79	15.79	0
335	2019-11-04	15.79	15.79	15.79	15.79	0
336	2019-11-05	15.79	15.79	15.79	15.79	0
337	2019-11-06	15.79	15.79	15.79	15.79	0
338	2019-11-07	15.79	15.79	15.79	15.79	0
339	2019-11-08	15.79	15.79	15.79	15.79	0
340	2019-11-11	15.79	15.79	15.79	15.79	0
341	2019-11-12	15.79	15.79	15.79	15.79	0
342	2019-11-13	15.79	15.79	15.79	15.79	0
343	2019-11-14	15.79	15.79	15.79	15.79	0
344	2019-11-15	15.79	15.79	15.79	15.79	0
345	2019-11-18	15.79	15.79	15.79	15.79	0
346	2019-11-19	15.79	15.79	15.79	15.79	0
347	2019-11-20	15.79	15.79	15.79	15.79	0
348	2019-11-21	15.79	15.79	15.79	15.79	0
349	2019-11-22	15.79	15.79	15.79	15.79	0
350	2019-11-25	15.79	15.79	15.79	15.79	0
351	2019-11-26	15.79	15.79	15.79	15.79	0
352	2019-11-27	15.79	15.79	15.79	15.79	0
353	2019-11-28	15.79	15.79	15.79	15.79	0
354	2019-11-29	15.79	15.79	15.79	15.79	0
355	2019-12-02	15.79	15.79	15.79	15.79	0
356	2019-12-03	15.79	15.79	15.79	15.79	0
357	2019-12-04	15.79	15.79	15.79	15.79	0
358	2019-12-05	15.79	15.79	15.79	15.79	0
359	2019-12-06	15.79	15.79	15.79	15.79	0
360	2019-12-09	15.79	15.79	15.79	15.79	0
361	2019-12-10	15.79	15.79	15.79	15.79	0
362	2019-12-11	15.79	15.79	15.79	15.79	0
363	2019-12-12	15.79	15.79	15.79	15.79	0
364	2019-12-13	15.79	15.79	15.79	15.79	0
365	2019-12-16	15.79	15.79	15.79	15.79	0
366	2019-12-17	15.79	15.79	15.79	15.79	0
367	2019-12-18	15.79	15.79	15.79	15.79	0
368	2019-12-19	15.79	15.79	15.79	15.79	0
369	2019-12-20	15.79	15.79	15.79	15.79	0
370	2019-12-23	15.79	15.79	15.79	15.79	0
371	2019-12-24	15.79	15.79	15.79	15.79	0
372	2019-12-25	15.79	15.79	15.79	15.79	0
373	2019-12-26	15.79	15.79	15.79	15.79	0
374	2019-12-27	15.79	15.79	15.79	15.79	0
375	2019-12-30	15.79	15.79	15.79	15.79	0
376	2019-12-31	15.79	15.79	15.79	15.79	0
377	2020-01-02	15.79	15.79	15.79	15.79	0
378	2020-01-03	15.79	15.79	15.79	15.79	0
379	2020-01-06	15.79	15.79	15.79	15.79	0
380	2020-01-07	15.79	15.79	15.79	15.79	0
381	2020-01-08	15.79	15.79	15.79	15.79	0
382	2020-01-09	15.79	15.79	15.79	15.79	0
383	2020-01-10	15.79	15.79	15.79	15.79	0
384	2020-01-13	15.79	15.79	15.79	15.79	0
385	2020-01-14	15.79	15.79	15.79	15.79	0
386	2020-01-15	15.79	15.79	15.79	15.79	0
387	2020-01-16	15.79	15.79	15.79	15.79	0
388	2020-01-17	15.79	15.79	15.79	15.79	0
389	2020-01-20	15.79	15.79	15.79	15.79	0
390	2020-01-21	15.79	15.79	15.79	15.79	0
391	2020-01-22	15.79	15.79	15.79	15.79	0
392	2020-01-30	15.79	15.79	15.79	15.79	0
393	2020-01-31	15.79	15.79	15.79	15.79	0
394	2020-02-03	15.79	15.79	15.79	15.79	0
395	2020-02-04	15.79	15.79	15.79	15.79	0
396	2020-02-05	15.79	15.79	15.79	15.79	0
397	2020-02-06	15.79	15.79	15.79	15.79	0
398	2020-02-07	15.79	16.48	16.48	16.48	0
399	2020-02-10	15.79	16.48	16.48	16.48	0
400	2020-02-11	15.79	16.48	16.48	16.48	0
401	2020-02-12	15.79	16.48	16.48	16.48	0
402	2020-02-13	15.79	16.48	16.48	16.48	0
403	2020-02-14	15.79	16.48	16.48	16.48	0
404	2020-02-17	15.79	16.48	16.48	16.48	0
405	2020-02-18	15.79	16.48	16.48	16.48	0
406	2020-02-19	15.79	16.48	16.48	16.48	0
407	2020-02-20	15.79	16.48	16.48	16.48	0
408	2020-02-21	15.79	16.48	16.48	16.48	0
409	2020-02-24	15.79	16.48	16.48	16.48	0
410	2020-02-25	15.79	16.48	16.48	16.48	0
411	2020-02-26	15.79	16.48	16.48	16.48	0
412	2020-02-27	15.79	16.48	16.48	16.48	0
413	2020-02-28	15.79	16.48	16.48	16.48	0
414	2020-03-02	15.79	16.48	16.48	16.48	0
415	2020-03-03	15.79	16.48	16.48	16.48	0
416	2020-03-04	9.96	9.96	9.96	9.96	400
417	2020-03-05	9.96	9.96	9.96	9.96	0
418	2020-03-06	9.96	9.96	9.96	9.96	0
419	2020-03-09	9.96	9.96	9.96	9.96	0
420	2020-03-10	9.96	9.96	9.96	9.96	0
421	2020-03-11	9.96	9.96	9.96	9.96	0
422	2020-03-12	9.96	9.96	9.96	9.96	0
423	2020-03-13	9.96	9.96	9.96	9.96	0
424	2020-03-16	9.96	9.96	9.96	9.96	0
425	2020-03-17	9.96	9.96	9.96	9.96	0
426	2020-03-18	9.96	9.96	9.96	9.96	0
427	2020-03-19	9.96	9.96	9.96	9.96	0
428	2020-03-20	9.96	9.96	9.96	9.96	0
429	2020-03-23	9.96	9.96	9.96	9.96	0
430	2020-03-24	9.96	9.96	9.96	9.96	0
431	2020-03-25	9.96	9.96	9.96	9.96	0
432	2020-03-26	9.96	9.96	9.96	9.96	0
433	2020-03-27	9.96	9.96	9.96	9.96	0
434	2020-03-30	9.96	9.96	9.96	9.96	0
435	2020-03-31	9.96	9.96	9.96	9.96	0
436	2020-04-01	9.96	9.96	9.96	9.96	0
437	2020-04-03	9.96	9.96	9.96	9.96	0
438	2020-04-06	9.96	9.96	9.96	9.96	0
439	2020-04-07	9.96	9.96	9.96	9.96	3500
440	2020-04-08	9.96	9.96	9.96	9.96	0
441	2020-04-09	9.96	9.96	9.96	9.96	0
442	2020-04-10	9.96	9.96	9.96	9.96	0
443	2020-04-13	9.96	9.96	9.96	9.96	0
444	2020-04-14	9.96	9.96	9.96	9.96	0
445	2020-04-15	9.96	9.96	9.96	9.96	50
446	2020-04-16	9.96	9.96	9.96	9.96	0
447	2020-04-17	10.3	10.3	10.3	10.3	121
448	2020-04-20	10.3	10.3	10.3	10.3	0
449	2020-04-21	10.3	10.3	10.3	10.3	0
450	2020-04-22	10.3	10.3	10.3	10.3	0
451	2020-04-23	10.3	10.3	10.3	10.3	0
452	2020-04-24	10.3	10.3	10.3	10.3	0
453	2020-04-27	10.3	10.3	10.3	10.3	0
454	2020-04-28	10.3	10.3	10.3	10.3	0
455	2020-04-29	10.3	10.3	10.3	10.3	15
456	2020-05-04	10.3	10.3	10.3	10.3	0
457	2020-05-05	10.3	10.3	10.3	10.3	0
458	2020-05-06	10.3	10.3	10.3	10.3	0
459	2020-05-07	10.3	10.3	10.3	10.3	0
460	2020-05-08	10.3	10.3	10.3	10.3	0
461	2020-05-11	11.81	11.81	11.81	11.81	100
462	2020-05-12	11.81	11.81	11.81	11.81	0
463	2020-05-13	11.81	11.81	11.81	11.81	0
464	2020-05-14	11.81	11.81	11.81	11.81	0
465	2020-05-15	11.81	11.81	11.81	11.81	0
466	2020-05-18	11.81	11.81	11.81	11.81	0
467	2020-05-19	11.81	11.81	11.81	11.81	0
468	2020-05-20	11.81	11.81	11.81	11.81	0
469	2020-05-21	11.81	11.81	11.81	11.81	0
470	2020-05-22	11.81	11.81	11.81	11.81	0
471	2020-05-25	11.81	11.81	11.81	11.81	0
472	2020-05-26	11.81	11.81	11.81	11.81	0
473	2020-05-27	11.81	11.81	11.81	11.81	0
474	2020-05-28	10.99	10.99	10.99	10.99	500
475	2020-05-29	12.57	12.57	12.57	12.57	1900
476	2020-06-01	12.57	12.57	12.57	12.57	0
477	2020-06-02	12.57	12.57	12.57	12.57	0
478	2020-06-03	12.57	12.57	12.57	12.57	0
479	2020-06-04	12.57	12.57	12.57	12.57	0
480	2020-06-05	12.57	12.57	12.57	12.57	0
481	2020-06-08	12.57	12.57	12.57	12.57	0
482	2020-06-09	12.57	12.57	12.57	12.57	0
483	2020-06-10	12.57	12.57	12.57	12.57	0
484	2020-06-11	12.57	12.57	12.57	12.57	0
485	2020-06-12	12.57	12.57	12.57	12.57	0
486	2020-06-15	12.57	12.57	12.57	12.57	0
487	2020-06-16	12.57	12.57	12.57	12.57	0
488	2020-06-17	12.57	12.57	12.57	12.57	0
489	2020-06-18	12.57	12.57	12.57	12.57	0
490	2020-06-19	12.57	12.57	12.57	12.57	0
491	2020-06-22	12.57	12.57	12.57	12.57	0
492	2020-06-23	12.57	12.57	12.57	12.57	0
493	2020-06-24	12.57	12.57	12.57	12.57	0
494	2020-06-25	12.57	12.57	12.57	12.57	0
495	2020-06-26	14.42	14.42	12.57	12.57	500
496	2020-06-29	13.32	12.57	12.57	12.57	0
497	2020-06-30	13.32	12.57	12.57	12.57	0
498	2020-07-01	13.32	12.57	12.57	12.57	0
499	2020-07-02	13.32	12.57	12.57	12.57	0
500	2020-07-03	13.32	12.57	12.57	12.57	0
501	2020-07-06	13.32	12.57	12.57	12.57	0
502	2020-07-07	13.32	12.57	12.57	12.57	0
503	2020-07-08	13.32	12.57	12.57	12.57	0
504	2020-07-09	13.32	12.57	12.57	12.57	0
505	2020-07-10	13.32	12.57	12.57	12.57	0
506	2020-07-13	13.32	12.57	12.57	12.57	0
507	2020-07-14	13.32	12.57	12.57	12.57	0
508	2020-07-15	13.32	12.57	12.57	12.57	0
509	2020-07-16	13.32	12.57	12.57	12.57	0
510	2020-07-17	13.32	12.57	12.57	12.57	0
511	2020-07-20	13.32	12.57	12.57	12.57	0
512	2020-07-21	13.32	12.57	12.57	12.57	0
513	2020-07-22	13.32	12.57	12.57	12.57	0
514	2020-07-23	13.32	12.57	12.57	12.57	0
515	2020-07-24	13.32	12.57	12.57	12.57	0
516	2020-07-27	13.32	12.57	12.57	12.57	0
517	2020-07-28	13.32	12.57	12.57	12.57	0
518	2020-07-29	13.32	12.57	12.57	12.57	0
519	2020-07-30	13.32	12.57	12.57	12.57	0
520	2020-07-31	13.32	12.57	12.57	12.57	0
521	2020-08-03	13.32	12.57	12.57	12.57	0
522	2020-08-04	13.32	12.57	12.57	12.57	0
523	2020-08-05	13.32	12.57	12.57	12.57	0
524	2020-08-06	13.32	12.57	12.57	12.57	0
525	2020-08-07	13.32	12.57	12.57	12.57	0
526	2020-08-10	13.32	12.57	12.57	12.57	0
527	2020-08-11	9.61	9.61	9.61	9.61	200
528	2020-08-12	9.61	9.61	9.61	9.61	0
529	2020-08-13	9.61	9.61	9.61	9.61	0
530	2020-08-14	9.61	9.61	9.61	9.61	0
531	2020-08-17	9.61	9.61	9.61	9.61	0
532	2020-08-18	9.61	9.61	9.61	9.61	0
533	2020-08-19	9.61	9.61	9.61	9.61	0
534	2020-08-20	10.64	10.64	10.64	10.64	200
535	2020-08-21	10.64	10.64	10.64	10.64	0
536	2020-08-24	10.64	10.64	10.64	10.64	0
537	2020-08-25	10.64	10.64	10.64	10.64	0
538	2020-08-26	10.64	10.64	10.64	10.64	0
539	2020-08-27	11.33	11.33	10.3	10.3	700
540	2020-08-28	10.3	10.3	10.3	10.3	100
541	2020-08-31	10.3	10.3	10.3	10.3	0
542	2020-09-01	10.3	10.3	10.3	10.3	0
543	2020-09-03	10.3	10.3	10.3	10.3	0
544	2020-09-04	10.3	10.3	10.3	10.3	0
545	2020-09-07	10.3	10.3	10.3	10.3	12700
546	2020-09-08	10.3	10.3	10.3	10.3	0
547	2020-09-09	10.3	10.3	10.3	10.3	0
548	2020-09-10	10.3	10.3	10.3	10.3	0
549	2020-09-11	10.3	10.3	10.3	10.3	0
550	2020-09-14	10.3	10.3	10.3	10.3	0
551	2020-09-15	10.3	10.3	10.3	10.3	0
552	2020-09-16	10.3	10.3	10.3	10.3	0
553	2020-09-17	10.3	10.3	10.3	10.3	0
554	2020-09-18	10.3	10.3	10.3	10.3	600
555	2020-09-21	10.3	10.3	10.3	10.3	0
556	2020-09-22	10.3	10.3	10.3	10.3	0
557	2020-09-23	10.3	10.3	10.3	10.3	0
558	2020-09-24	10.3	10.3	10.3	10.3	0
559	2020-09-25	10.3	10.3	10.3	10.3	0
560	2020-09-28	10.3	10.3	10.3	10.3	0
561	2020-09-29	10.99	10.99	10.99	10.99	500
562	2020-09-30	10.99	10.99	10.99	10.99	0
563	2020-10-01	10.99	10.99	10.99	10.99	0
564	2020-10-02	10.99	10.99	10.99	10.99	0
565	2020-10-05	10.99	10.99	10.99	10.99	0
566	2020-10-06	11.19	11.19	11.19	11.19	800
567	2020-10-07	11.19	11.19	11.19	11.19	0
568	2020-10-08	11.19	11.19	11.19	11.19	0
569	2020-10-09	10.99	11.33	10.99	11.33	10100
570	2020-10-12	11.26	11.33	11.33	11.33	0
571	2020-10-13	11.33	11.33	11.33	11.33	3000
572	2020-10-14	11.33	11.54	11.33	11.54	5400
573	2020-10-15	12.63	12.7	12.63	12.7	800
574	2020-10-16	12.7	12.7	12.7	12.7	0
575	2020-10-19	12.7	12.7	12.7	12.7	0
576	2020-10-20	12.7	12.7	12.7	12.7	0
577	2020-10-21	11.67	11.67	11.67	11.67	100
578	2020-10-22	11.67	11.67	11.67	11.67	0
579	2020-10-23	12.02	12.02	12.02	12.02	100
580	2020-10-26	12.02	12.02	11.67	11.67	600
581	2020-10-27	11.74	11.67	11.67	11.67	0
582	2020-10-28	11.74	11.67	11.67	11.67	0
583	2020-10-29	11.74	11.67	11.67	11.67	0
584	2020-10-30	11.74	11.67	11.67	11.67	0
585	2020-11-02	11.74	11.67	11.67	11.67	0
586	2020-11-03	11.74	11.67	11.67	11.67	0
587	2020-11-04	11.74	11.67	11.67	11.67	0
588	2020-11-05	11.74	11.67	11.67	11.67	0
589	2020-11-06	11.74	11.67	11.67	11.67	0
590	2020-11-09	11.74	11.67	11.67	11.67	0
591	2020-11-10	11.74	11.67	11.67	11.67	0
592	2020-11-11	11.74	11.67	11.67	11.67	0
593	2020-11-12	11.74	11.67	11.67	11.67	0
594	2020-11-13	12.02	12.02	12.02	12.02	100
595	2020-11-16	12.02	12.02	12.02	12.02	0
596	2020-11-17	11.67	11.67	11.67	11.67	1000
597	2020-11-18	11.67	11.67	11.67	11.67	0
598	2020-11-19	12.36	12.36	12.36	12.36	200
599	2020-11-20	12.36	12.36	12.36	12.36	0
600	2020-11-23	14.01	14.08	14.01	14.08	600
601	2020-11-24	14.08	14.08	14.08	14.08	0
602	2020-11-25	14.08	14.08	14.08	14.08	0
603	2020-11-26	15.79	15.79	15.79	15.79	100
604	2020-11-27	15.79	15.79	15.79	15.79	0
605	2020-11-30	15.79	15.79	15.79	15.79	0
606	2020-12-01	15.79	15.79	15.79	15.79	0
607	2020-12-02	15.79	15.79	15.79	15.79	0
608	2020-12-03	15.79	15.79	15.79	15.79	0
609	2020-12-04	15.79	15.79	15.79	15.79	0
610	2020-12-07	15.79	15.79	15.79	15.79	0
611	2020-12-08	15.79	15.79	15.79	15.79	0
612	2020-12-09	15.79	15.79	15.79	15.79	0
613	2020-12-10	15.79	15.79	15.79	15.79	0
614	2020-12-11	16.48	16.82	16.48	16.82	200
615	2020-12-14	16.68	16.68	16.68	16.82	51
616	2020-12-15	16.68	16.82	16.82	16.82	0
617	2020-12-16	16.68	16.82	16.82	16.82	0
618	2020-12-17	16.68	16.82	16.82	16.82	0
619	2020-12-18	16.68	16.82	16.82	16.82	0
620	2020-12-21	16.68	16.82	16.82	16.82	0
621	2020-12-22	16.68	16.82	16.82	16.82	0
622	2020-12-23	16.68	16.82	16.82	16.82	0
623	2020-12-24	16.68	16.82	16.82	16.82	0
624	2020-12-25	16.68	16.82	16.82	16.82	0
625	2020-12-28	16.68	16.68	16.68	16.68	113
626	2020-12-29	16.68	16.68	16.68	16.68	0
627	2020-12-30	18.2	18.2	18.2	18.2	150
628	2020-12-31	18.2	18.2	18.2	18.2	0
629	2021-01-04	17.85	17.85	17.85	17.85	300
630	2021-01-05	15.24	15.24	15.24	15.24	200
631	2021-01-06	17.17	17.17	17.17	17.17	100
632	2021-01-07	17.17	17.17	17.17	17.17	0
633	2021-01-08	17.17	17.17	17.17	17.17	0
634	2021-01-11	17.17	17.17	17.17	17.17	0
635	2021-01-12	17.17	17.17	17.17	17.17	0
636	2021-01-13	17.17	17.17	17.17	17.17	0
637	2021-01-14	17.17	17.17	17.17	17.17	0
638	2021-01-15	17.17	17.17	17.17	17.17	0
639	2021-01-18	17.17	17.17	17.17	17.17	0
640	2021-01-19	17.17	17.52	17.52	17.52	0
641	2021-01-20	14.71	18.22	14.71	18.22	400
642	2021-01-21	17.1	18.22	18.22	18.22	0
643	2021-01-22	17.1	17.1	17.1	17.1	0
644	2021-01-25	17.1	18.22	18.22	18.22	0
645	2021-01-26	14.71	14.71	14.71	14.71	300
646	2021-01-27	14.71	14.71	14.71	14.71	0
647	2021-01-28	14.71	14.71	14.71	14.71	0
648	2021-01-29	14.71	14.71	14.71	14.71	0
649	2021-02-01	14.71	14.71	14.71	14.71	0
650	2021-02-02	14.71	14.71	14.71	14.71	0
651	2021-02-03	14.71	14.71	14.71	14.71	0
652	2021-02-04	14.71	14.71	14.71	14.71	0
653	2021-02-05	14.71	14.71	14.71	14.71	0
654	2021-02-08	14.71	14.71	14.71	14.71	0
655	2021-02-09	14.71	14.71	14.71	14.71	0
656	2021-02-17	14.71	14.71	14.71	14.71	0
657	2021-02-18	14.71	14.71	14.71	14.71	0
658	2021-02-19	14.71	14.71	14.71	14.71	0
659	2021-02-22	14.71	14.71	14.71	14.71	0
660	2021-02-23	14.71	14.71	14.71	14.71	0
661	2021-02-24	14.71	14.71	14.71	14.71	0
662	2021-02-25	14.71	14.71	14.71	14.71	0
663	2021-02-26	14.71	14.71	14.71	14.71	0
664	2021-03-01	14.71	14.71	14.71	14.71	0
665	2021-03-02	14.71	14.71	14.71	14.71	0
666	2021-03-03	14.71	14.71	14.71	14.71	0
667	2021-03-04	14.71	14.71	14.71	14.71	0
668	2021-03-05	14.71	14.71	14.71	14.71	0
669	2021-03-08	14.71	14.71	14.71	14.71	0
670	2021-03-09	14.71	14.71	14.71	14.71	0
671	2021-03-10	14.71	14.71	14.71	14.71	0
672	2021-03-11	16.82	20.6	16.82	20.6	400
673	2021-03-12	15.48	15.48	15.48	15.48	100
674	2021-03-15	15.48	15.48	15.48	15.48	0
675	2021-03-16	15.48	15.48	15.48	15.48	0
676	2021-03-17	15.48	15.48	15.48	15.48	0
677	2021-03-18	15.48	15.48	15.48	15.48	0
678	2021-03-19	15.48	15.48	15.48	15.48	0
679	2021-03-22	15.48	15.48	15.48	15.48	0
680	2021-03-23	15.48	15.48	15.48	15.48	200
681	2021-03-24	15.48	15.48	15.48	15.48	0
682	2021-03-25	15.48	15.48	15.48	15.48	0
683	2021-03-26	15.48	15.48	15.48	15.48	0
684	2021-03-29	15.48	15.48	15.48	15.48	0
685	2021-03-30	15.48	15.48	15.48	15.48	0
686	2021-03-31	15.48	15.48	15.48	15.48	0
687	2021-04-01	15.48	15.48	15.48	15.48	0
688	2021-04-02	15.48	15.48	15.48	15.48	0
689	2021-04-05	15.48	15.48	15.48	15.48	0
690	2021-04-06	15.48	15.48	15.48	15.48	0
691	2021-04-07	15.48	15.48	15.48	15.48	0
692	2021-04-08	15.48	15.48	15.48	15.48	0
693	2021-04-09	15.48	15.48	15.48	15.48	0
694	2021-04-12	15.48	15.48	15.48	15.48	0
695	2021-04-13	15.48	16.22	16.22	16.22	0
696	2021-04-14	15.48	16.22	16.22	16.22	0
697	2021-04-15	15.48	16.22	16.22	16.22	0
698	2021-04-16	16.14	16.14	16.14	16.14	800
699	2021-04-19	16.14	16.14	16.14	16.14	0
700	2021-04-20	16.14	16.14	16.14	16.14	0
701	2021-04-22	16.14	16.14	16.14	16.14	0
702	2021-04-23	16.14	16.14	16.14	16.14	0
703	2021-04-26	16.14	16.14	16.14	16.14	0
704	2021-04-27	16.14	16.14	16.14	16.14	0
705	2021-04-28	16.14	16.14	16.14	16.14	0
706	2021-04-29	16.14	16.14	16.14	16.14	0
707	2021-05-04	16.14	16.14	16.14	16.14	0
708	2021-05-05	16.14	16.14	16.14	16.14	0
709	2021-05-06	16.14	16.14	16.14	16.14	0
710	2021-05-07	16.14	16.14	16.14	16.14	0
711	2021-05-10	16.14	16.14	16.14	16.14	0
712	2021-05-11	16.14	16.14	16.14	16.14	0
713	2021-05-12	16.14	16.14	16.14	16.14	0
714	2021-05-13	17.98	17.98	17.98	17.98	200
715	2021-05-14	17.98	17.98	17.98	17.98	0
716	2021-05-17	17.98	17.98	17.98	17.98	0
717	2021-05-18	17.98	17.98	17.98	17.98	0
718	2021-05-19	15.41	15.41	15.41	15.41	100
719	2021-05-20	15.41	15.41	15.41	15.41	0
720	2021-05-21	15.41	15.41	15.41	15.41	0
721	2021-05-24	15.41	15.41	15.41	15.41	0
722	2021-05-25	15.41	15.41	15.41	15.41	0
723	2021-05-26	15.41	15.41	15.41	15.41	0
724	2021-05-27	15.41	15.41	15.41	15.41	0
725	2021-05-28	15.41	15.41	15.41	15.41	0
726	2021-05-31	13.94	13.94	13.94	13.94	500
727	2021-06-01	16.0	16.0	16.0	16.0	100
728	2021-06-02	16.0	16.0	16.0	16.0	0
729	2021-06-03	16.0	16.0	16.0	16.0	200
730	2021-06-04	16.0	16.0	16.0	16.0	0
731	2021-06-07	16.0	16.0	16.0	16.0	0
732	2021-06-08	14.31	14.31	14.31	14.31	100
733	2021-06-09	14.31	14.31	14.31	14.31	0
734	2021-06-10	14.31	14.31	14.31	14.31	0
735	2021-06-11	14.31	14.31	14.31	14.31	0
736	2021-06-14	14.31	14.31	14.31	14.31	0
737	2021-06-15	14.31	14.31	14.31	14.31	0
738	2021-06-16	14.31	14.31	14.31	14.31	0
739	2021-06-17	14.31	14.31	14.31	14.31	0
740	2021-06-18	14.31	14.31	14.31	14.31	0
741	2021-06-21	14.31	14.31	14.31	14.31	0
742	2021-06-22	14.31	14.31	14.31	14.31	0
743	2021-06-23	14.31	14.31	14.31	14.31	0
744	2021-06-24	14.31	14.31	14.31	14.31	0
745	2021-06-25	14.31	14.31	14.31	14.31	0
746	2021-06-28	14.31	14.31	14.31	14.31	0
747	2021-06-29	14.31	14.31	14.31	14.31	0
748	2021-06-30	14.31	14.31	14.31	14.31	0
749	2021-07-01	14.31	14.31	14.31	14.31	0
750	2021-07-02	14.31	14.31	14.31	14.31	0
751	2021-07-05	14.31	14.31	14.31	14.31	0
752	2021-07-06	14.31	14.31	14.31	14.31	0
753	2021-07-07	14.31	14.31	14.31	14.31	0
754	2021-07-08	14.31	14.31	14.31	14.31	0
755	2021-07-09	14.31	14.31	14.31	14.31	0
756	2021-07-12	14.31	14.31	14.31	14.31	0
757	2021-07-13	14.31	14.31	14.31	14.31	0
758	2021-07-14	14.31	14.31	14.31	14.31	0
759	2021-07-15	14.31	14.31	14.31	14.31	0
760	2021-07-16	14.31	14.31	14.31	14.31	0
761	2021-07-19	14.31	14.31	14.31	14.31	0
762	2021-07-20	14.31	14.31	14.31	14.31	0
763	2021-07-21	14.31	14.31	14.31	14.31	0
764	2021-07-22	14.31	14.31	14.31	14.31	0
765	2021-07-23	14.31	14.31	14.31	14.31	0
766	2021-07-26	14.31	14.31	14.31	14.31	0
767	2021-07-27	14.31	14.31	14.31	14.31	0
768	2021-07-28	14.31	14.31	14.31	14.31	0
769	2021-07-29	14.31	14.31	14.31	14.31	0
770	2021-07-30	14.31	14.31	14.31	14.31	0
771	2021-08-02	14.68	14.68	14.68	14.68	200
772	2021-08-03	14.68	14.68	14.68	14.68	500
773	2021-08-04	14.68	14.68	14.68	14.68	0
774	2021-08-05	14.68	14.68	14.68	14.68	0
775	2021-08-06	14.68	14.68	14.68	14.68	0
776	2021-08-09	14.68	14.68	14.68	14.68	0
777	2021-08-10	14.68	14.68	14.68	14.68	0
778	2021-08-11	14.68	14.68	14.68	14.68	0
779	2021-08-12	14.68	14.68	14.68	14.68	0
780	2021-08-13	14.68	14.68	14.68	14.68	0
781	2021-08-16	14.68	14.68	14.68	14.68	0
782	2021-08-17	14.68	14.68	14.68	14.68	0
783	2021-08-18	14.68	14.68	14.68	14.68	0
784	2021-08-19	14.68	14.68	14.68	14.68	0
785	2021-08-20	16.14	16.14	14.82	14.82	5100
786	2021-08-23	15.41	15.41	15.41	15.41	1000
787	2021-08-24	14.75	14.75	14.75	14.75	2000
788	2021-08-25	14.75	14.75	14.75	14.75	0
789	2021-08-26	14.75	14.75	14.75	14.75	0
790	2021-08-27	14.75	14.75	14.75	14.75	0
791	2021-08-30	14.75	14.75	14.75	14.75	0
792	2021-08-31	14.75	14.75	14.75	14.75	0
793	2021-09-01	14.75	14.75	14.75	14.75	0
794	2021-09-06	14.68	15.04	14.68	15.04	1900
795	2021-09-07	14.9	15.04	15.04	15.04	0
796	2021-09-08	14.9	14.9	14.9	14.9	0
797	2021-09-09	14.9	14.9	14.9	14.9	0
798	2021-09-10	14.9	14.9	14.9	14.9	0
799	2021-09-13	16.51	16.51	16.51	16.51	1700
800	2021-09-14	16.51	16.51	16.51	16.51	0
801	2021-09-15	16.51	16.51	16.51	16.51	0
802	2021-09-16	16.51	16.51	16.51	16.51	0
803	2021-09-17	14.68	14.68	14.68	14.68	300
804	2021-09-20	14.68	14.68	14.68	14.68	400
805	2021-09-21	14.68	14.68	14.68	14.68	0
806	2021-09-22	15.04	15.41	15.04	15.41	2600
807	2021-09-23	15.04	15.04	15.04	15.04	0
808	2021-09-24	15.04	15.04	15.04	15.04	0
809	2021-09-27	15.04	15.04	15.04	15.04	0
810	2021-09-28	15.04	15.04	15.04	15.04	0
811	2021-09-29	15.41	15.41	15.41	15.41	1000
812	2021-09-30	15.41	15.41	15.41	15.41	0
813	2021-10-01	15.41	15.41	15.41	15.41	0
814	2021-10-04	15.41	15.41	15.41	15.41	0
815	2021-10-05	15.41	15.41	15.41	15.41	200
816	2021-10-06	15.41	15.41	15.41	15.41	0
817	2021-10-07	15.41	15.41	15.41	15.41	0
818	2021-10-08	15.41	15.41	15.41	15.41	0
819	2021-10-11	15.41	15.41	15.41	15.41	0
820	2021-10-12	15.41	15.41	15.41	15.41	0
821	2021-10-13	15.41	15.41	15.41	15.41	0
822	2021-10-14	15.41	15.41	15.41	15.41	0
823	2021-10-15	16.88	16.88	16.8	16.8	600
824	2021-10-18	16.8	16.8	16.8	16.8	0
825	2021-10-19	16.8	16.8	16.8	16.8	0
826	2021-10-20	16.8	16.8	16.8	16.8	0
827	2021-10-21	16.8	16.8	16.8	16.8	0
828	2021-10-22	16.8	16.8	16.8	16.8	700
829	2021-10-25	16.8	16.8	16.8	16.8	0
830	2021-10-26	16.8	16.8	16.8	16.8	0
831	2021-10-27	17.24	17.24	17.24	17.24	2000
832	2021-10-28	17.24	17.24	17.24	17.24	0
833	2021-10-29	17.24	17.24	17.24	17.24	0
834	2021-11-01	16.51	16.51	16.51	16.51	7100
835	2021-11-02	16.51	16.51	16.51	16.51	0
836	2021-11-03	16.51	16.51	16.51	16.51	0
837	2021-11-04	16.51	16.51	16.51	16.51	0
838	2021-11-05	16.51	16.51	16.51	16.51	0
839	2021-11-08	16.51	16.51	16.51	16.51	0
840	2021-11-09	16.51	16.51	16.51	16.51	0
841	2021-11-10	16.51	16.51	16.51	16.51	0
842	2021-11-11	16.51	16.51	16.51	16.51	0
843	2021-11-12	16.51	16.51	16.51	16.51	0
844	2021-11-15	16.51	16.51	16.51	16.51	0
845	2021-11-16	16.51	16.51	16.51	16.51	0
846	2021-11-17	16.51	16.51	16.51	16.51	0
847	2021-11-18	17.24	17.46	17.24	17.46	3500
848	2021-11-19	17.39	17.39	17.39	17.39	0
849	2021-11-22	18.64	18.64	18.64	18.64	400
850	2021-11-23	18.64	18.64	18.64	18.64	0
851	2021-11-24	18.64	18.64	18.64	18.64	0
852	2021-11-25	18.64	18.64	18.64	18.64	0
853	2021-11-26	18.27	18.27	18.27	18.27	100
854	2021-11-29	18.27	18.27	18.27	18.27	0
855	2021-11-30	18.27	18.27	18.27	18.27	0
856	2021-12-01	18.27	18.27	18.27	18.27	0
857	2021-12-02	18.27	18.27	18.2	18.2	1200
858	2021-12-03	18.2	18.2	18.2	18.2	0
859	2021-12-06	18.2	18.2	18.2	18.2	700
860	2021-12-07	18.12	18.12	18.12	18.12	900
861	2021-12-08	18.12	18.12	18.12	18.12	0
862	2021-12-09	18.12	18.12	18.12	18.12	0
863	2021-12-10	18.12	18.12	18.12	18.12	0
864	2021-12-13	18.12	18.12	18.12	18.12	0
865	2021-12-14	18.12	18.12	18.12	18.12	0
866	2021-12-15	18.12	18.12	18.12	18.12	0
867	2021-12-16	18.12	18.12	18.12	18.12	0
868	2021-12-17	18.12	18.12	18.12	18.12	0
869	2021-12-20	18.12	18.12	18.12	18.12	0
870	2021-12-21	18.12	18.12	18.12	18.12	0
871	2021-12-22	18.12	18.12	18.12	18.12	0
872	2021-12-23	18.12	18.12	18.12	18.12	0
873	2021-12-24	18.12	18.12	18.12	18.12	0
874	2021-12-27	18.12	18.12	18.12	18.12	0
875	2021-12-28	18.12	18.12	18.12	18.12	0
876	2021-12-29	16.88	16.88	16.88	16.88	100
877	2021-12-30	16.88	16.88	16.88	16.88	0
878	2021-12-31	16.88	16.88	16.88	16.88	0
879	2022-01-04	16.88	16.88	16.88	16.88	0
880	2022-01-05	16.88	16.88	16.88	16.88	0
881	2022-01-06	16.88	16.88	16.88	16.88	0
882	2022-01-07	16.88	16.88	16.88	16.88	0
883	2022-01-10	16.88	16.88	16.88	16.88	0
884	2022-01-11	16.88	16.88	16.88	16.88	0
885	2022-01-12	16.88	16.88	16.88	16.88	0
886	2022-01-13	16.88	16.88	16.88	16.88	0
887	2022-01-14	16.88	16.88	16.88	16.88	0
888	2022-01-17	16.88	16.88	16.88	16.88	0
889	2022-01-18	16.88	16.88	16.88	16.88	0
890	2022-01-19	16.88	16.88	16.88	16.88	0
891	2022-01-20	16.88	16.88	16.88	16.88	0
892	2022-01-21	19.37	19.37	19.37	19.37	300
893	2022-01-24	19.37	19.37	19.37	19.37	0
894	2022-01-25	22.23	22.23	22.23	22.23	500
895	2022-01-26	25.54	25.54	25.54	25.54	600
896	2022-01-27	29.35	29.35	29.35	29.35	200
897	2022-01-28	33.75	33.75	33.75	33.75	1500
898	2022-02-07	38.82	38.82	38.6	38.6	1000
899	2022-02-08	38.74	38.74	38.74	38.74	0
900	2022-02-09	32.95	32.95	32.95	32.95	2100
901	2022-02-10	28.03	28.03	28.03	28.03	700
902	2022-02-11	23.85	23.85	23.85	23.85	3200
903	2022-02-14	20.55	23.85	20.55	23.78	3000
904	2022-02-15	22.6	22.6	22.6	22.6	0
905	2022-02-16	22.6	22.6	22.6	22.6	0
906	2022-02-17	22.6	22.6	22.6	22.6	0
907	2022-02-18	25.68	25.68	25.61	25.61	400
908	2022-02-21	21.79	21.87	21.79	21.87	500
909	2022-02-22	21.94	21.94	21.94	21.94	100
910	2022-02-23	21.94	21.94	20.91	20.91	1900
911	2022-02-24	21.35	21.35	21.28	21.28	1000
912	2022-02-25	21.35	21.35	21.35	21.35	0
913	2022-02-28	21.35	21.35	21.35	21.35	0
914	2022-03-01	19.81	21.35	19.81	21.35	1300
915	2022-03-02	20.11	20.11	20.11	20.11	0
916	2022-03-03	20.11	20.11	20.11	20.11	0
917	2022-03-04	22.75	22.75	20.69	20.69	600
918	2022-03-07	21.28	21.28	21.28	21.28	100
919	2022-03-08	21.28	21.28	21.28	21.28	0
920	2022-03-09	21.28	21.28	21.28	21.28	0
921	2022-03-10	21.28	21.28	21.28	21.28	0
922	2022-03-11	21.28	21.28	21.28	21.28	0
923	2022-03-14	21.28	21.28	21.28	21.28	0
924	2022-03-15	21.28	21.28	21.28	21.28	0
925	2022-03-16	21.28	21.28	21.28	21.28	0
926	2022-03-17	21.28	21.28	21.28	21.28	0
927	2022-03-18	21.28	21.28	21.28	21.28	0
928	2022-03-21	21.28	21.28	21.28	21.28	0
929	2022-03-22	21.28	21.28	21.28	21.28	500
930	2022-03-23	21.28	21.28	21.28	21.28	0
931	2022-03-24	20.25	20.55	20.25	20.4	3000
932	2022-03-25	20.18	20.47	19.08	20.47	3500
933	2022-03-28	19.74	19.74	19.74	19.74	0
934	2022-03-29	17.24	17.24	17.24	17.24	800
935	2022-03-30	17.24	17.24	17.24	17.24	0
936	2022-03-31	17.61	17.61	17.61	17.61	500
937	2022-04-01	17.61	17.61	17.61	17.61	0
938	2022-04-04	17.61	17.61	17.61	17.61	0
939	2022-04-05	17.61	17.61	17.61	17.61	0
940	2022-04-06	17.61	17.61	17.61	17.61	0
941	2022-04-07	20.25	20.25	20.25	20.25	500
942	2022-04-08	20.25	20.25	20.25	20.25	0
943	2022-04-12	20.25	20.25	20.25	20.25	0
944	2022-04-13	21.28	21.28	21.28	21.28	100
945	2022-04-14	21.28	21.28	21.28	21.28	0
946	2022-04-15	22.01	22.01	22.01	22.01	300
947	2022-04-18	22.01	22.01	22.01	22.01	100
948	2022-04-19	22.01	22.01	22.01	22.01	0
949	2022-04-20	22.01	22.01	22.01	22.01	0
950	2022-04-21	22.01	22.01	22.01	22.01	0
951	2022-04-22	22.01	22.01	22.01	22.01	0
952	2022-04-25	22.01	22.01	22.01	22.01	300
953	2022-04-26	21.72	22.01	21.72	22.01	1600
954	2022-04-27	22.01	22.01	21.65	21.65	2700
955	2022-04-28	21.87	21.87	21.87	21.87	0
956	2022-04-29	21.87	21.87	21.87	21.87	200
957	2022-05-04	21.87	21.87	21.87	21.87	0
958	2022-05-05	21.87	21.87	21.87	21.87	0
959	2022-05-06	21.87	21.87	21.87	21.87	0
960	2022-05-09	21.87	21.87	21.87	21.87	0
961	2022-05-10	21.87	21.87	21.87	21.87	0
962	2022-05-11	21.87	21.87	21.87	21.87	0
963	2022-05-12	21.87	21.87	21.87	21.87	0
964	2022-05-13	19.15	19.15	19.08	19.08	600
965	2022-05-16	19.08	19.08	19.08	19.08	0
966	2022-05-17	19.08	19.08	19.08	19.08	0
967	2022-05-18	19.08	19.08	19.08	19.08	0
968	2022-05-19	19.08	19.08	19.08	19.08	0
969	2022-05-20	19.08	19.08	19.08	19.08	0
970	2022-05-23	19.08	19.08	19.08	19.08	0
971	2022-05-24	19.08	19.08	19.08	19.08	0
972	2022-05-25	19.08	19.08	19.08	19.08	0
973	2022-05-26	19.08	19.08	19.08	19.08	0
974	2022-05-27	19.16	19.16	19.16	19.16	100
975	2022-05-30	19.16	19.16	19.16	19.16	0
976	2022-05-31	19.48	19.48	19.48	19.48	100
977	2022-06-01	19.48	19.48	19.48	19.48	0
978	2022-06-02	19.48	19.48	19.48	19.48	0
979	2022-06-03	19.48	19.48	19.48	19.48	0
980	2022-06-06	19.48	19.48	19.48	19.48	0
981	2022-06-07	19.48	19.48	19.48	19.48	0
982	2022-06-08	19.48	19.48	19.48	19.48	0
983	2022-06-09	19.48	19.48	19.48	19.48	0
984	2022-06-10	19.48	19.48	19.48	19.48	0
985	2022-06-13	19.48	19.48	19.48	19.48	0
986	2022-06-14	19.48	19.48	19.48	19.48	0
987	2022-06-15	19.48	19.48	19.48	19.48	0
988	2022-06-16	19.48	19.48	19.48	19.48	0
989	2022-06-17	19.48	19.48	19.48	19.48	0
990	2022-06-20	19.48	19.48	19.48	19.48	0
991	2022-06-21	19.48	19.48	19.48	19.48	0
992	2022-06-22	19.48	19.48	19.48	19.48	0
993	2022-06-23	19.48	19.48	19.48	19.48	0
994	2022-06-24	19.48	19.48	19.48	19.48	0
995	2022-06-27	19.48	19.48	19.48	19.48	0
996	2022-06-28	19.48	19.48	19.48	19.48	0
997	2022-06-29	19.48	19.48	19.48	19.48	0
998	2022-06-30	19.48	19.48	19.48	19.48	0
999	2022-07-01	19.48	19.48	19.48	19.48	0
1000	2022-07-04	20.67	20.67	20.67	20.67	400
1001	2022-07-05	20.67	20.67	20.67	20.67	0
1002	2022-07-06	20.67	20.67	20.67	20.67	0
1003	2022-07-07	23.61	23.61	23.61	23.61	100
1004	2022-07-08	25.2	26.23	25.04	25.04	500
1005	2022-07-11	25.44	25.44	25.44	25.44	0
1006	2022-07-12	25.44	25.44	25.44	25.44	0
1007	2022-07-13	21.7	25.04	21.7	25.04	400
1008	2022-07-14	22.58	22.58	22.58	22.58	0
1009	2022-07-15	22.58	22.58	22.58	22.58	0
1010	2022-07-18	22.58	22.58	22.58	22.58	0
1011	2022-07-19	22.58	22.58	22.58	22.58	0
1012	2022-07-20	25.36	25.36	25.36	25.36	100
1013	2022-07-21	25.36	25.36	25.36	25.36	0
1014	2022-07-22	28.62	28.62	28.62	28.62	100
1015	2022-07-25	28.62	28.62	28.62	28.62	0
1016	2022-07-26	28.62	28.62	28.62	28.62	0
1017	2022-07-27	28.62	28.62	28.62	28.62	0
1018	2022-07-28	28.62	28.62	28.62	28.62	0
1019	2022-07-29	28.62	28.62	28.62	28.62	0
1020	2022-08-01	28.62	28.62	28.62	28.62	0
1021	2022-08-02	24.32	24.32	24.32	24.32	100
1022	2022-08-03	26.15	26.15	26.15	26.15	100
1023	2022-08-04	26.15	26.15	26.15	26.15	0
1024	2022-08-05	27.66	27.66	27.66	27.66	100
1025	2022-08-08	27.66	27.66	27.66	27.66	0
1026	2022-08-09	23.85	23.85	23.85	23.85	100
1027	2022-08-10	23.93	26.23	23.85	26.23	1200
1028	2022-08-11	26.15	26.15	26.15	26.15	100
1029	2022-08-12	26.15	26.15	26.15	26.15	0
1030	2022-08-15	27.35	27.35	26.79	26.79	300
1031	2022-08-16	26.95	26.95	26.95	26.95	0
1032	2022-08-17	26.95	26.95	26.95	26.95	0
1033	2022-08-18	23.05	26.07	23.05	25.84	900
1034	2022-08-19	26.15	26.15	26.15	26.15	100
1035	2022-08-22	26.15	26.15	26.15	26.15	0
1036	2022-08-23	25.84	25.84	25.76	25.76	400
1037	2022-08-24	25.76	25.76	25.76	25.76	0
1038	2022-08-25	25.76	25.76	25.76	25.76	0
1039	2022-08-26	25.76	25.76	25.76	25.76	0
1040	2022-08-29	25.76	25.76	25.76	25.76	0
1041	2022-08-30	25.76	25.76	25.76	25.76	0
1042	2022-08-31	25.76	25.76	25.76	25.76	0
1043	2022-09-05	25.76	25.76	22.02	22.02	600
1044	2022-09-06	19.87	25.76	19.87	25.76	300
1045	2022-09-07	21.86	21.86	21.86	21.86	0
1046	2022-09-08	22.02	22.26	21.94	22.02	9200
1047	2022-09-09	22.02	22.02	22.02	22.02	100
1048	2022-09-12	22.02	22.02	22.02	22.02	0
1049	2022-09-13	22.02	22.02	22.02	22.02	1
1050	2022-09-14	22.02	22.02	22.02	22.02	0
1051	2022-09-15	22.02	22.02	22.02	22.02	0
1052	2022-09-16	22.02	22.02	22.02	22.02	0
1053	2022-09-19	22.02	22.02	22.02	22.02	0
1054	2022-09-20	22.02	22.02	22.02	22.02	0
1055	2022-09-21	22.02	22.02	22.02	22.02	0
1056	2022-09-22	22.02	22.02	22.02	22.02	0
1057	2022-09-23	22.02	22.02	22.02	22.02	0
1058	2022-09-26	22.02	22.02	22.02	22.02	0
1059	2022-09-27	22.02	22.02	22.02	22.02	0
1060	2022-09-28	22.02	22.02	22.02	22.02	0
1061	2022-09-29	22.02	22.02	22.02	22.02	0
1062	2022-09-30	22.02	22.02	22.02	22.02	0
1063	2022-10-03	24.56	24.56	24.56	24.56	800
1064	2022-10-04	24.56	24.56	24.56	24.56	0
1065	2022-10-05	24.56	24.56	24.56	24.56	0
1066	2022-10-06	24.56	24.56	24.56	24.56	0
1067	2022-10-07	24.56	24.56	24.56	24.56	0
1068	2022-10-10	24.65	27.03	24.65	24.65	4500
1069	2022-10-11	24.73	24.73	24.73	24.73	8700
1070	2022-10-12	24.73	24.73	24.73	24.73	6000
1071	2022-10-13	24.73	24.73	24.73	24.73	5000
1072	2022-10-14	24.65	24.65	24.65	24.65	3000
1073	2022-10-17	24.65	24.65	24.65	24.65	0
1074	2022-10-18	24.65	24.65	24.65	24.65	2000
1075	2022-10-19	24.65	24.65	24.65	24.65	0
1076	2022-10-20	24.65	24.65	24.65	24.65	0
1077	2022-10-21	24.65	24.65	24.65	24.65	0
1078	2022-10-24	24.65	24.65	24.65	24.65	0
1079	2022-10-25	24.65	24.65	24.65	24.65	0
1080	2022-10-26	28.1	28.1	28.1	28.1	100
1081	2022-10-27	28.1	28.1	28.1	28.1	0
1082	2022-10-28	28.1	28.1	28.1	28.1	0
1083	2022-10-31	31.71	31.71	31.71	31.71	100
1084	2022-11-01	31.71	31.71	31.71	31.71	0
1085	2022-11-02	35.16	35.16	35.16	35.16	100
1086	2022-11-03	35.16	35.16	35.16	35.16	0
1087	2022-11-04	35.16	35.16	35.16	35.16	0
1088	2022-11-07	35.16	35.16	35.16	35.16	0
1089	2022-11-08	35.16	35.16	35.16	35.16	0
1090	2022-11-09	35.16	35.16	35.16	35.16	0
1091	2022-11-10	35.16	35.16	35.16	35.16	0
1092	2022-11-11	35.16	35.16	35.16	35.16	0
1093	2022-11-14	35.16	35.16	35.16	35.16	0
1094	2022-11-15	35.16	35.16	35.16	35.16	0
1095	2022-11-16	35.16	35.16	35.16	35.16	0
1096	2022-11-17	35.16	35.16	35.16	35.16	0
1097	2022-11-18	35.16	35.16	35.16	35.16	0
1098	2022-11-21	35.16	35.16	35.16	35.16	0
1099	2022-11-22	35.16	35.16	35.16	35.16	0
1100	2022-11-23	35.16	35.16	35.16	35.16	0
1101	2022-11-24	35.16	35.16	35.16	35.16	0
1102	2022-11-25	35.16	35.16	35.16	35.16	0
1103	2022-11-28	35.16	35.16	35.16	35.16	0
1104	2022-11-29	35.16	35.16	35.16	35.16	0
1105	2022-11-30	35.16	35.16	35.16	35.16	0
1106	2022-12-01	35.16	35.16	35.16	35.16	0
1107	2022-12-02	35.16	35.16	35.16	35.16	0
1108	2022-12-05	35.16	35.16	35.16	35.16	0
1109	2022-12-06	35.16	35.16	35.16	35.16	0
1110	2022-12-07	35.16	35.16	35.16	35.16	0
1111	2022-12-08	35.16	35.16	35.16	35.16	0
1112	2022-12-09	35.16	35.16	35.16	35.16	0
1113	2022-12-12	35.16	35.16	35.16	35.16	0
1114	2022-12-13	35.16	35.16	35.16	35.16	0
1115	2022-12-14	35.16	35.16	35.16	35.16	0
1116	2022-12-15	35.16	35.16	35.16	35.16	0
1117	2022-12-16	35.16	35.16	35.16	35.16	0
1118	2022-12-19	35.16	35.16	35.16	35.16	0
1119	2022-12-20	35.16	35.16	35.16	35.16	0
1120	2022-12-21	35.16	35.16	35.16	35.16	0
1121	2022-12-22	35.16	35.16	35.16	35.16	0
1122	2022-12-23	35.16	35.16	35.16	35.16	0
1123	2022-12-26	35.16	35.16	35.16	35.16	0
1124	2022-12-27	35.16	35.16	35.16	35.16	0
1125	2022-12-28	35.16	35.16	35.16	35.16	0
1126	2022-12-29	35.16	35.16	35.16	35.16	0
1127	2022-12-30	24.65	24.65	23.82	23.82	200
1128	2023-01-03	24.24	24.24	24.24	24.24	0
1129	2023-01-04	24.24	24.24	24.24	24.24	0
1130	2023-01-05	24.24	24.24	24.24	24.24	0
1131	2023-01-06	24.24	24.24	24.24	24.24	0
1132	2023-01-09	21.36	21.36	21.36	21.36	1500
1133	2023-01-10	21.36	21.36	21.36	21.36	0
1134	2023-01-11	21.36	21.36	21.36	21.36	0
1135	2023-01-12	21.36	21.36	21.36	21.36	0
1136	2023-01-13	21.36	21.36	21.36	21.36	0
1137	2023-01-16	18.9	18.9	18.9	18.9	2500
1138	2023-01-17	18.9	18.9	18.9	18.9	900
1139	2023-01-18	18.9	18.9	18.9	18.9	0
1140	2023-01-19	18.9	18.9	18.9	18.9	0
1141	2023-01-27	18.9	18.9	18.9	18.9	0
1142	2023-01-30	18.9	18.9	18.9	18.9	0
1143	2023-01-31	18.9	18.9	18.9	18.9	0
1144	2023-02-01	18.9	18.9	18.9	18.9	0
1145	2023-02-02	18.9	18.9	18.9	18.9	0
1146	2023-02-03	18.9	18.9	18.9	18.9	0
1147	2023-02-06	18.9	18.98	18.9	18.98	2000
1148	2023-02-07	18.98	18.98	18.98	18.98	0
1149	2023-02-08	18.98	18.98	18.98	18.98	0
1150	2023-02-09	18.98	18.98	18.98	18.98	0
1151	2023-02-10	18.98	18.98	18.98	18.98	0
1152	2023-02-13	16.43	16.76	16.43	16.76	1600
1153	2023-02-14	16.43	16.43	16.43	16.43	0
1154	2023-02-15	16.43	16.43	16.43	16.43	0
1155	2023-02-16	16.43	16.43	16.43	16.43	0
1156	2023-02-17	16.43	16.43	16.43	16.43	0
1157	2023-02-20	16.43	16.43	16.43	16.43	0
1158	2023-02-21	16.43	16.43	16.43	16.43	0
1159	2023-02-22	16.43	16.43	16.43	16.43	800
1160	2023-02-23	16.43	16.43	16.43	16.43	0
1161	2023-02-24	16.43	16.43	16.43	16.43	0
1162	2023-02-27	16.43	16.43	16.43	16.43	0
1163	2023-02-28	16.43	16.43	16.43	16.43	0
1164	2023-03-01	16.43	16.43	16.43	16.43	500
1165	2023-03-02	16.43	16.43	16.43	16.43	0
1166	2023-03-03	18.9	18.9	18.9	18.9	100
1167	2023-03-06	18.9	18.9	18.9	18.9	0
1168	2023-03-07	16.43	16.43	16.43	16.43	100
1169	2023-03-08	16.43	16.43	16.43	16.43	0
1170	2023-03-09	16.43	16.43	16.43	16.43	0
1171	2023-03-10	16.43	16.43	16.43	16.43	0
1172	2023-03-13	16.43	16.43	16.43	16.43	0
1173	2023-03-14	16.43	16.43	16.43	16.43	0
1174	2023-03-15	15.61	15.61	15.61	15.61	1000
1175	2023-03-16	15.61	15.61	15.61	15.61	0
1176	2023-03-17	15.61	15.61	15.61	15.61	600
1177	2023-03-20	15.61	15.61	15.61	15.61	300
1178	2023-03-21	15.61	15.61	14.79	15.03	1200
1179	2023-03-22	15.28	15.28	15.28	15.28	0
1180	2023-03-23	15.28	15.28	15.28	15.28	0
1181	2023-03-24	14.62	14.62	14.46	14.46	200
1182	2023-03-27	14.05	14.05	14.05	14.05	200
1183	2023-03-28	14.05	14.05	14.05	14.05	0
1184	2023-03-29	14.05	14.05	14.05	14.05	0
1185	2023-03-30	14.13	14.13	14.13	14.13	200
1186	2023-03-31	14.21	14.21	14.21	14.21	300
1187	2023-04-03	14.29	14.29	14.29	14.29	500
1188	2023-04-04	14.38	14.38	14.38	14.38	500
1189	2023-04-05	15.28	16.51	15.28	16.51	4300
1190	2023-04-06	15.94	15.94	15.94	15.94	0
1191	2023-04-07	15.94	15.94	15.94	15.94	0
1192	2023-04-10	15.94	15.94	15.94	15.94	0
1193	2023-04-11	15.94	15.94	15.94	15.94	0
1194	2023-04-12	15.94	15.94	15.94	15.94	0
1195	2023-04-13	15.94	15.94	15.94	15.94	0
1196	2023-04-14	15.94	15.94	15.94	15.94	0
1197	2023-04-17	15.61	15.61	15.61	15.61	1000
1198	2023-04-18	15.61	15.61	15.61	15.61	0
1199	2023-04-19	15.61	15.61	15.61	15.61	0
1200	2023-04-20	13.88	13.88	13.88	13.88	1500
1201	2023-04-21	13.88	13.88	13.88	13.88	0
1202	2023-04-24	14.79	14.79	14.79	14.79	500
1203	2023-04-25	16.84	17.01	16.43	16.43	4300
1204	2023-04-26	16.76	16.76	16.76	16.76	0
1205	2023-04-27	16.76	16.76	16.76	16.76	0
1206	2023-04-28	16.76	16.76	16.76	16.76	0
1207	2023-05-04	15.98	15.98	15.98	15.98	500
1208	2023-05-05	15.98	15.98	15.98	15.98	0
1209	2023-05-08	15.98	15.98	15.98	15.98	1000
1210	2023-05-09	15.98	15.98	15.98	15.98	0
1211	2023-05-10	15.98	15.98	15.98	15.98	1000
1212	2023-05-11	17.71	17.71	17.71	17.71	2600
1213	2023-05-12	17.71	17.71	15.98	15.98	600
1214	2023-05-15	16.24	16.24	16.24	16.24	0
1215	2023-05-16	16.24	16.24	16.24	16.24	0
1216	2023-05-17	16.24	17.28	16.24	17.28	600
1217	2023-05-18	16.59	16.59	16.59	16.59	300
1218	2023-05-19	15.98	15.98	15.98	15.98	500
1219	2023-05-22	15.98	15.98	15.98	15.98	0
1220	2023-05-23	15.98	15.98	15.98	15.98	0
1221	2023-05-24	15.98	15.98	15.98	15.98	0
1222	2023-05-25	15.98	15.98	15.98	15.98	200
1223	2023-05-26	15.98	16.15	15.98	16.15	500
1224	2023-05-29	16.41	16.41	16.24	16.24	1400
1225	2023-05-30	18.31	18.31	18.31	18.31	100
1226	2023-05-31	18.23	18.23	18.23	18.23	500
1227	2023-06-01	15.98	15.98	15.98	15.98	200
1228	2023-06-02	16.15	16.33	16.15	16.33	400
1229	2023-06-05	16.33	16.33	16.33	16.33	500
1230	2023-06-06	18.14	18.14	18.14	18.14	100
1231	2023-06-07	18.14	18.14	18.14	18.14	0
1232	2023-06-08	18.14	18.14	18.14	18.14	0
1233	2023-06-09	18.14	18.14	18.14	18.14	0
1234	2023-06-12	18.14	18.14	18.14	18.14	0
1235	2023-06-13	18.14	18.14	18.14	18.14	0
1236	2023-06-14	18.14	18.14	18.14	18.14	0
1237	2023-06-15	18.14	18.14	18.14	18.14	0
1238	2023-06-16	18.14	18.14	18.14	18.14	0
1239	2023-06-19	16.85	16.85	16.85	16.85	100
1240	2023-06-20	16.85	16.85	16.85	16.85	1000
1241	2023-06-21	16.85	16.85	16.85	16.85	0
1242	2023-06-22	16.85	16.85	16.85	16.85	0
1243	2023-06-23	16.85	16.85	16.85	16.85	0
1244	2023-06-26	16.85	16.85	16.85	16.85	0
1245	2023-06-27	16.85	16.85	16.85	16.85	0
1246	2023-06-28	16.85	16.85	16.85	16.85	0
1247	2023-06-29	16.85	16.85	16.85	16.85	0
1248	2023-06-30	16.85	16.85	16.85	16.85	0
1249	2023-07-03	16.85	16.85	16.85	16.85	0
1250	2023-07-04	17.71	17.71	17.71	17.71	1000
1251	2023-07-05	17.71	17.71	17.71	17.71	0
1252	2023-07-06	17.71	17.71	17.71	17.71	0
1253	2023-07-07	17.71	17.71	17.71	17.71	0
1254	2023-07-10	17.71	17.71	17.71	17.71	0
1255	2023-07-11	17.71	17.71	17.71	17.71	0
1256	2023-07-12	17.71	17.71	17.71	17.71	200
1257	2023-07-13	17.88	17.88	17.71	17.71	400
1258	2023-07-14	17.88	17.88	17.88	17.88	0
1259	2023-07-17	17.88	17.88	17.88	17.88	200
1260	2023-07-18	17.88	17.88	17.88	17.88	0
1261	2023-07-19	17.88	17.88	17.88	17.88	1900
1262	2023-07-20	17.71	17.71	17.71	17.71	182000
1263	2023-07-21	17.71	17.71	17.71	17.71	0
1264	2023-07-24	17.71	17.71	17.71	17.71	500
1265	2023-07-25	20.13	20.13	19.87	19.87	800
1266	2023-07-26	22.46	22.46	22.46	22.46	100
1267	2023-07-27	22.46	22.46	22.46	22.46	0
1268	2023-07-28	22.46	22.46	22.46	22.46	0
1269	2023-07-31	22.46	22.46	22.46	22.46	0
1270	2023-08-01	22.46	22.46	22.46	22.46	0
1271	2023-08-02	22.46	22.46	22.46	22.46	0
1272	2023-08-03	22.46	22.46	22.46	22.46	0
1273	2023-08-04	22.46	22.46	22.46	22.46	0
1274	2023-08-07	22.46	22.46	22.46	22.46	0
1275	2023-08-08	22.46	22.46	22.46	22.46	0
1276	2023-08-09	22.46	22.46	22.46	22.46	0
1277	2023-08-10	22.46	22.46	22.46	22.46	0
1278	2023-08-11	20.65	20.65	20.65	20.65	200
1279	2023-08-14	17.71	17.71	17.71	17.71	200
1280	2023-08-15	17.97	17.97	17.97	17.97	100
1281	2023-08-16	17.97	17.97	17.97	17.97	100
1282	2023-08-17	17.97	17.97	17.97	17.97	0
1283	2023-08-18	20.47	20.47	20.47	20.47	100
1284	2023-08-21	20.47	22.37	20.47	22.37	1400
1285	2023-08-22	22.37	22.37	22.37	22.37	100
1286	2023-08-23	22.37	22.37	22.37	22.37	0
1287	2023-08-24	22.37	22.37	22.37	22.37	0
1288	2023-08-25	22.37	22.37	22.37	22.37	0
1289	2023-08-28	22.37	22.37	22.37	22.37	0
1290	2023-08-29	19.09	22.2	19.09	22.2	200
1291	2023-08-30	20.65	20.65	20.65	20.65	0
1292	2023-08-31	17.71	17.71	17.71	17.71	200
1293	2023-09-05	17.71	17.71	17.71	17.71	0
1294	2023-09-06	18.14	18.14	18.14	18.14	1000
1295	2023-09-07	20.73	20.73	20.73	20.73	500
1296	2023-09-08	20.73	20.73	20.73	20.73	0
1297	2023-09-11	18.14	19.01	18.14	19.01	2500
1298	2023-09-12	19.01	19.01	19.01	19.01	0
1299	2023-09-13	19.01	19.01	19.01	19.01	0
1300	2023-09-14	17.02	17.02	17.02	17.02	100
1301	2023-09-15	16.59	16.59	16.59	16.59	600
1302	2023-09-18	16.59	16.59	16.59	16.59	0
1303	2023-09-19	16.59	16.59	16.59	16.59	0
1304	2023-09-20	16.59	16.59	16.59	16.59	400
1305	2023-09-21	16.59	16.59	16.59	16.59	0
1306	2023-09-22	18.92	18.92	18.92	18.92	200
1307	2023-09-25	18.92	18.92	18.92	18.92	0
1308	2023-09-26	18.92	18.92	18.92	18.92	0
1309	2023-09-27	18.92	18.92	18.92	18.92	0
1310	2023-09-28	18.92	18.92	18.92	18.92	0
1311	2023-09-29	18.92	18.92	18.92	18.92	0
1312	2023-10-02	18.92	18.92	18.92	18.92	0
1313	2023-10-03	18.92	18.92	18.92	18.92	0
1314	2023-10-04	18.92	18.92	18.92	18.92	0
1315	2023-10-05	16.41	16.41	16.41	16.41	100
1316	2023-10-06	16.41	16.41	16.41	16.41	0
1317	2023-10-09	16.41	16.41	16.41	16.41	0
1318	2023-10-10	16.41	16.41	16.41	16.41	0
1319	2023-10-11	16.41	16.41	16.41	16.41	0
1320	2023-10-12	16.41	16.41	16.41	16.41	0
1321	2023-10-13	16.41	16.41	16.41	16.41	100
1322	2023-10-16	16.41	16.41	16.41	16.41	0
1323	2023-10-17	16.41	16.41	16.41	16.41	0
1324	2023-10-18	16.41	16.41	16.41	16.41	0
1325	2023-10-19	16.41	16.41	16.41	16.41	0
1326	2023-10-20	16.41	16.41	16.41	16.41	0
1327	2023-10-23	16.41	16.41	16.41	16.41	0
1328	2023-10-24	16.41	16.41	16.41	16.41	0
1329	2023-10-25	16.41	16.41	16.41	16.41	0
1330	2023-10-26	16.41	16.41	16.41	16.41	0
1331	2023-10-27	16.41	16.41	16.41	16.41	0
1332	2023-10-30	16.41	16.41	16.41	16.41	0
1333	2023-10-31	15.64	18.75	15.64	18.75	300
1334	2023-11-01	17.71	17.71	17.71	17.71	0
1335	2023-11-02	17.71	17.71	17.71	17.71	0
1336	2023-11-03	17.71	17.71	17.71	17.71	0
1337	2023-11-06	19.01	19.01	19.01	19.01	49600
1338	2023-11-07	19.01	19.01	19.01	19.01	0
1339	2023-11-08	19.01	19.01	19.01	19.01	0
1340	2023-11-09	19.01	19.01	19.01	19.01	0
1341	2023-11-10	19.01	19.01	19.01	19.01	0
1342	2023-11-13	19.01	19.01	19.01	19.01	0
1343	2023-11-14	19.01	19.01	19.01	19.01	0
1344	2023-11-15	19.01	19.01	19.01	19.01	0
1345	2023-11-16	16.41	16.41	16.41	16.41	100
1346	2023-11-17	16.41	16.41	16.41	16.41	0
1347	2023-11-20	16.41	16.41	16.41	16.41	0
1348	2023-11-21	16.41	16.41	16.41	16.41	0
1349	2023-11-22	16.41	16.41	16.41	16.41	0
1350	2023-11-23	16.41	16.41	16.41	16.41	0
1351	2023-11-24	16.41	16.41	16.41	16.41	0
1352	2023-11-27	16.41	16.41	16.41	16.41	0
1353	2023-11-28	16.41	16.41	16.41	16.41	0
1354	2023-11-29	16.41	16.41	16.41	16.41	0
1355	2023-11-30	16.41	16.41	16.41	16.41	0
1356	2023-12-01	16.41	16.41	16.41	16.41	0
1357	2023-12-04	16.41	16.41	16.41	16.41	0
1358	2023-12-05	17.28	17.28	17.28	17.28	1500
1359	2023-12-06	17.28	17.28	17.28	17.28	0
1360	2023-12-07	17.28	17.28	17.28	17.28	100
1361	2023-12-08	17.28	17.28	17.28	17.28	0
1362	2023-12-11	17.28	17.28	17.28	17.28	0
1363	2023-12-12	17.28	17.28	17.28	17.28	0
1364	2023-12-13	17.28	17.28	17.28	17.28	0
1365	2023-12-14	17.28	17.28	17.28	17.28	0
1366	2023-12-15	17.28	17.28	17.28	17.28	0
1367	2023-12-18	17.28	17.28	17.28	17.28	0
1368	2023-12-19	17.28	17.28	17.28	17.28	0
1369	2023-12-20	17.28	17.28	17.28	17.28	0
1370	2023-12-21	17.28	17.28	17.28	17.28	0
1371	2023-12-22	17.28	17.28	17.28	17.28	0
1372	2023-12-25	17.28	17.28	17.28	17.28	0
1373	2023-12-26	17.28	17.28	17.28	17.28	0
1374	2023-12-27	17.28	17.28	17.28	17.28	0
1375	2023-12-28	17.28	17.28	17.28	17.28	0
1376	2023-12-29	17.28	17.28	17.28	17.28	0
1377	2024-01-02	17.28	17.28	17.28	17.28	0
1378	2024-01-03	17.28	17.28	17.28	17.28	0
1379	2024-01-04	17.28	17.28	17.28	17.28	1400
1380	2024-01-05	19.44	19.44	19.44	19.44	100
1381	2024-01-08	19.44	19.44	19.44	19.44	0
1382	2024-01-09	19.44	19.44	19.44	19.44	0
1383	2024-01-10	19.44	19.44	19.44	19.44	100
1384	2024-01-11	19.35	19.35	19.35	19.35	200
1385	2024-01-12	19.35	19.35	19.35	19.35	0
1386	2024-01-15	19.35	19.35	19.35	19.35	0
1387	2024-01-16	19.26	19.26	19.26	19.26	1000
1388	2024-01-17	19.26	19.26	19.26	19.26	0
1389	2024-01-18	19.26	19.26	19.26	19.26	0
1390	2024-01-19	18.98	18.98	18.98	18.98	32700
1391	2024-01-22	19.8	19.8	16.36	18.08	185500
1392	2024-01-23	18.17	18.17	18.17	18.17	0
1393	2024-01-24	18.17	18.17	18.17	18.17	0
1394	2024-01-25	18.17	18.17	18.17	18.17	0
1395	2024-01-26	18.17	18.17	18.17	18.17	0
1396	2024-01-29	18.08	18.08	18.08	18.08	500
1397	2024-01-30	18.08	18.08	18.08	18.08	182000
1398	2024-01-31	18.08	18.08	18.08	18.08	0
1399	2024-02-01	18.08	18.08	18.08	18.08	0
1400	2024-02-02	17.18	18.98	17.18	18.98	200
1401	2024-02-05	18.08	18.08	18.08	18.08	500
1402	2024-02-06	17.18	18.08	17.18	18.08	200
1403	2024-02-07	17.63	17.63	17.63	17.63	0
1404	2024-02-15	17.63	17.63	17.63	17.63	0
1405	2024-02-16	17.63	17.63	17.63	17.63	0
1406	2024-02-19	18.08	18.08	18.08	18.08	200
1407	2024-02-20	18.08	18.08	18.08	18.08	0
1408	2024-02-21	18.08	18.08	18.08	18.08	0
1409	2024-02-22	18.08	18.08	18.08	18.08	0
1410	2024-02-23	18.08	18.08	18.08	18.08	0
1411	2024-02-26	18.08	18.08	18.08	18.08	0
1412	2024-02-27	17.18	18.08	17.18	18.08	200
1413	2024-02-28	17.63	17.63	17.63	17.63	800
1414	2024-02-29	17.63	17.63	17.63	17.63	0
1415	2024-03-01	17.63	17.63	17.63	17.63	0
1416	2024-03-04	17.63	17.63	17.63	17.63	0
1417	2024-03-05	17.63	17.63	17.63	17.63	0
1418	2024-03-06	17.63	17.63	17.63	17.63	0
1419	2024-03-07	17.63	17.63	17.63	17.63	0
1420	2024-03-08	18.98	18.98	18.98	18.98	200
1421	2024-03-11	18.98	18.98	18.98	18.98	0
1422	2024-03-12	18.98	18.98	18.98	18.98	0
1423	2024-03-13	18.8	18.8	18.8	18.8	100
1424	2024-03-14	18.8	18.8	18.8	18.8	0
1425	2024-03-15	18.8	18.8	18.8	18.8	0
1426	2024-03-18	18.8	18.8	18.8	18.8	0
1427	2024-03-19	18.8	18.8	18.8	18.8	0
1428	2024-03-20	18.8	18.8	18.8	18.8	0
1429	2024-03-21	18.8	18.8	18.8	18.8	0
1430	2024-03-22	18.8	18.8	18.8	18.8	0
1431	2024-03-25	18.8	18.8	18.8	18.8	0
1432	2024-03-26	18.8	18.8	18.8	18.8	45000
1433	2024-03-27	18.8	18.8	18.8	18.8	5000
1434	2024-03-28	18.8	18.8	18.8	18.8	0
1435	2024-03-29	18.08	18.8	18.08	18.08	13400
1436	2024-04-01	18.8	18.8	18.8	18.8	40000
1437	2024-04-02	18.8	18.8	18.8	18.8	0
1438	2024-04-03	18.8	18.8	18.8	18.8	0
1439	2024-04-04	18.8	18.8	18.8	18.8	0
1440	2024-04-05	18.8	18.8	18.8	18.8	0
1441	2024-04-08	18.8	18.8	18.8	18.8	0
1442	2024-04-09	18.8	18.8	18.8	18.8	0
1443	2024-04-10	18.8	18.8	18.8	18.8	0
1444	2024-04-11	18.71	18.71	17.18	17.18	30300
1445	2024-04-12	18.71	18.71	18.71	18.71	0
1446	2024-04-15	18.71	18.71	18.71	18.71	0
1447	2024-04-16	18.44	18.44	18.44	18.44	300
1448	2024-04-17	18.44	18.44	18.44	18.44	0
1449	2024-04-19	18.44	18.44	18.44	18.44	0
1450	2024-04-22	20.79	20.79	19.89	19.89	110900
1451	2024-04-23	20.25	20.25	20.25	20.25	0
1452	2024-04-24	17.36	17.36	17.36	17.36	100
1453	2024-04-25	17.36	17.36	17.36	17.36	0
1454	2024-04-26	17.36	17.36	17.36	17.36	0
1455	2024-05-02	17.36	17.36	17.36	17.36	0
1456	2024-05-03	17.36	17.36	17.36	17.36	0
1457	2024-05-06	17.36	17.36	17.36	17.36	0
1458	2024-05-07	17.36	17.36	17.36	17.36	0
1459	2024-05-08	16.72	16.72	16.72	16.72	100
1460	2024-05-09	16.72	16.72	16.72	16.72	0
1461	2024-05-10	16.72	16.72	16.72	16.72	0
1462	2024-05-13	18.08	18.08	18.08	18.08	90000
1463	2024-05-14	18.08	18.08	18.08	18.08	0
1464	2024-05-15	18.08	18.08	18.08	18.08	0
1465	2024-05-16	18.08	18.08	18.08	18.08	0
1466	2024-05-17	18.08	18.08	18.08	18.08	0
1467	2024-05-20	18.08	18.08	18.08	18.08	100
1468	2024-05-21	18.08	18.08	18.08	18.08	0
1469	2024-05-22	18.53	18.53	18.53	18.53	1000
1470	2024-05-23	18.53	18.53	18.53	18.53	1000
1471	2024-05-24	18.53	18.53	18.53	18.53	201
1472	2024-05-27	18.53	18.53	18.08	18.08	151200
1473	2024-05-28	18.35	18.35	18.35	18.35	1
1474	2024-05-29	18.35	18.35	18.35	18.35	0
1475	2024-05-30	18.35	18.35	18.35	18.35	0
1476	2024-05-31	18.35	18.35	18.35	18.35	0
1477	2024-06-03	18.35	18.35	18.35	18.35	1
1478	2024-06-04	18.98	18.98	18.98	18.98	400
1479	2024-06-05	18.98	18.98	18.98	18.98	2700
1480	2024-06-06	18.98	18.98	18.98	18.98	0
1481	2024-06-07	18.98	18.98	18.98	18.98	100
1482	2024-06-10	18.98	18.98	18.98	18.98	10000
1483	2024-06-11	18.98	18.98	18.98	18.98	0
1484	2024-06-12	19.27	19.46	19.27	19.46	2800
1485	2024-06-13	19.46	19.46	19.46	19.46	0
1486	2024-06-14	19.46	19.46	19.46	19.46	0
1487	2024-06-17	19.55	19.55	19.55	19.55	1000
1488	2024-06-18	19.55	19.55	19.55	19.55	0
1489	2024-06-19	19.93	19.93	19.93	19.93	1400
1490	2024-06-20	20.5	20.88	20.22	20.88	13500
1491	2024-06-21	20.5	20.5	20.5	20.5	1
1492	2024-06-24	20.5	20.5	20.5	20.5	0
1493	2024-06-25	20.6	20.6	20.6	20.6	400
1494	2024-06-26	20.6	20.6	20.6	20.6	0
1495	2024-06-27	20.6	20.6	20.6	20.6	0
1496	2024-06-28	20.6	20.6	20.6	20.6	0
1497	2024-07-01	20.03	20.03	19.93	19.93	2500
1498	2024-07-02	20.41	20.41	20.41	20.41	542
1499	2024-07-03	20.6	21.83	20.5	21.83	20700
1500	2024-07-04	21.83	21.83	21.83	21.83	507
1501	2024-07-05	20.41	20.41	20.41	20.41	100
1502	2024-07-08	20.41	20.41	20.41	20.41	33
1503	2024-07-09	20.41	20.41	20.41	20.41	0
1504	2024-07-10	20.41	20.41	20.41	20.41	0
1505	2024-07-11	20.41	20.41	20.41	20.41	1
1506	2024-07-12	20.41	20.41	20.41	20.41	1
1507	2024-07-15	20.41	20.41	20.41	20.41	0
1508	2024-07-16	20.41	20.41	20.41	20.41	131
1509	2024-07-17	22.97	22.97	22.97	22.97	101
1510	2024-07-18	22.97	22.97	22.97	22.97	4
1511	2024-07-19	22.97	22.97	22.97	22.97	0
1512	2024-07-22	22.97	22.97	22.97	22.97	1
1513	2024-07-23	22.97	22.97	22.97	22.97	0
1514	2024-07-24	22.97	22.97	22.97	22.97	0
1515	2024-07-25	22.97	22.97	22.97	22.97	0
1516	2024-07-26	22.97	22.97	22.97	22.97	0
1517	2024-07-29	22.97	22.97	22.97	22.97	0
1518	2024-07-30	22.97	22.97	22.97	22.97	0
1519	2024-07-31	22.97	22.97	22.97	22.97	0
1520	2024-08-01	22.97	22.97	22.97	22.97	0
1521	2024-08-02	22.97	22.97	22.97	22.97	0
1522	2024-08-05	22.97	22.97	22.97	22.97	1
1523	2024-08-06	22.97	22.97	22.97	22.97	6
1524	2024-08-07	22.97	22.97	22.97	22.97	0
1525	2024-08-08	22.97	22.97	22.97	22.97	0
1526	2024-08-09	22.97	22.97	22.97	22.97	0
1527	2024-08-12	22.97	22.97	22.97	22.97	6
1528	2024-08-13	22.97	22.97	22.97	22.97	5
1529	2024-08-14	22.97	22.97	22.97	22.97	0
1530	2024-08-15	22.97	22.97	22.97	22.97	0
1531	2024-08-16	22.97	22.97	22.97	22.97	0
1532	2024-08-19	22.97	22.97	22.97	22.97	0
1533	2024-08-20	22.97	22.97	22.97	22.97	0
1534	2024-08-21	22.97	22.97	22.97	22.97	5
1535	2024-08-22	22.97	22.97	22.97	22.97	0
1536	2024-08-23	20.88	20.88	20.88	20.88	200
1537	2024-08-26	20.88	20.88	20.88	20.88	6
1538	2024-08-27	20.88	20.88	20.88	20.88	0
1539	2024-08-28	20.88	20.88	20.88	20.88	15
1540	2024-08-29	20.88	20.88	20.88	20.88	0
1541	2024-08-30	20.88	20.88	20.88	20.88	2
1542	2024-09-04	20.88	20.88	20.88	20.88	0
1543	2024-09-05	20.88	20.88	20.88	20.88	0
1544	2024-09-06	20.88	20.88	20.88	20.88	0
1545	2024-09-09	20.88	20.88	20.88	20.88	0
1546	2024-09-10	20.88	20.88	20.88	20.88	0
1547	2024-09-11	20.88	20.88	20.88	20.88	0
1548	2024-09-12	20.88	20.88	20.88	20.88	0
1549	2024-09-13	20.88	20.88	20.88	20.88	15
1550	2024-09-16	20.88	20.88	20.88	20.88	0
1551	2024-09-17	20.88	20.88	20.88	20.88	0
1552	2024-09-18	20.31	20.41	20.31	20.41	300
1553	2024-09-19	20.41	20.41	19.93	19.93	2200
1554	2024-09-20	19.93	19.93	19.93	19.93	0
1555	2024-09-23	18.98	18.98	18.98	18.98	7500
1556	2024-09-24	18.98	18.98	18.98	18.98	0
1557	2024-09-25	18.98	18.98	18.98	18.98	0
1558	2024-09-26	18.98	18.98	18.98	18.98	15
1559	2024-09-27	18.98	18.98	18.98	18.98	0
1560	2024-09-30	18.98	18.98	18.98	18.98	100
1561	2024-10-01	18.98	18.98	18.98	18.98	2
1562	2024-10-02	18.98	18.98	18.98	18.98	15
1563	2024-10-03	18.98	18.98	18.98	18.98	0
1564	2024-10-04	18.98	18.98	18.98	18.98	1
1565	2024-10-07	18.98	18.98	18.98	18.98	2
1566	2024-10-08	18.98	18.98	18.98	18.98	0
1567	2024-10-09	18.98	18.98	18.98	18.98	0
1568	2024-10-10	18.98	18.98	18.98	18.98	9
1569	2024-10-11	18.98	18.98	18.98	18.98	0
1570	2024-10-14	18.98	18.98	18.98	18.98	1
1571	2024-10-15	18.98	18.98	18.98	18.98	0
1572	2024-10-16	18.98	18.98	18.98	18.98	0
1573	2024-10-17	18.98	18.98	18.98	18.98	0
1574	2024-10-18	18.79	18.79	18.51	18.79	4900
1575	2024-10-21	18.79	18.79	18.79	18.79	0
1576	2024-10-22	18.98	18.98	18.98	18.98	10900
1577	2024-10-23	18.98	18.98	18.98	18.98	0
1578	2024-10-24	18.98	18.98	18.98	18.98	0
1579	2024-10-25	18.98	18.98	18.98	18.98	2000
1580	2024-10-28	18.98	18.98	18.98	18.98	1100
1581	2024-10-29	18.98	18.98	18.98	18.98	0
1582	2024-10-30	18.98	18.98	18.98	18.98	0
1583	2024-10-31	18.98	18.98	18.98	18.98	0
1584	2024-11-01	18.98	18.98	18.98	18.98	0
1585	2024-11-04	18.98	18.98	18.98	18.98	0
1586	2024-11-05	18.98	18.98	18.98	18.98	0
1587	2024-11-06	18.98	18.98	18.98	18.98	0
1588	2024-11-07	18.98	18.98	18.98	18.98	1
1589	2024-11-08	18.98	18.98	18.98	18.98	0
1590	2024-11-11	21.64	21.64	21.64	21.64	100
1591	2024-11-12	21.64	21.64	21.64	21.64	0
1592	2024-11-13	21.64	21.64	21.64	21.64	10
1593	2024-11-14	21.64	21.64	21.64	21.64	0
1594	2024-11-15	21.64	21.64	21.64	21.64	0
1595	2024-11-18	21.64	21.64	21.64	21.64	0
1596	2024-11-19	21.64	21.64	21.64	21.64	0
1597	2024-11-20	21.64	21.64	21.64	21.64	0
1598	2024-11-21	21.64	21.64	21.64	21.64	0
1599	2024-11-22	19.93	19.93	19.93	19.93	2500
1600	2024-11-25	19.93	21.36	19.93	21.36	300
1601	2024-11-26	20.41	20.41	20.41	20.41	1200
1602	2024-11-27	20.41	20.41	20.41	20.41	3
1603	2024-11-28	20.88	21.36	20.88	21.36	12100
1604	2024-11-29	21.26	21.55	18.13	21.55	12900
1605	2024-12-02	21.5	21.5	21.5	21.5	100
1606	2024-12-03	21.5	21.5	21.5	21.5	209
1607	2024-12-04	21.5	21.5	21.5	21.5	0
1608	2024-12-05	19.6	19.6	19.6	19.6	600
1609	2024-12-06	19.6	19.6	19.6	19.6	500
1610	2024-12-09	19.7	19.7	19.6	19.6	2000
1611	2024-12-10	21.0	21.0	21.0	21.0	100
1612	2024-12-11	19.0	19.1	19.0	19.1	400
1613	2024-12-12	19.1	19.1	19.1	19.1	0
1614	2024-12-13	20.0	20.0	20.0	20.0	500
1615	2024-12-20	20.0	20.0	20.0	20.0	9500
1616	2024-12-23	20.0	20.0	20.0	20.0	1300
1617	2024-12-26	18.7	18.7	18.7	18.7	5000
1618	2025-01-09	18.7	18.7	16.0	16.0	5000
1619	2025-01-14	18.5	18.5	18.5	18.5	100
1620	2025-01-15	21.2	21.2	21.2	21.2	100
1621	2025-01-20	20.6	20.6	20.6	20.6	500
1622	2025-01-24	20.0	20.0	20.0	20.0	100
1623	2025-02-07	20.1	20.1	18.6	18.6	500
1624	2025-02-11	19.2	19.2	19.2	19.2	300
1625	2025-02-12	19.2	19.2	19.2	19.2	200
1626	2025-02-24	20.0	20.0	20.0	20.0	100
1627	2025-03-04	18.7	18.7	18.7	18.7	4900
1628	2025-03-10	20.0	20.0	20.0	20.0	200
1629	2025-03-17	21.4	22.0	21.4	22.0	1500
1630	2025-03-18	21.7	21.7	21.7	21.7	500
1631	2025-03-19	21.8	21.8	21.8	21.8	2000
1632	2025-03-20	21.8	21.8	21.8	21.8	100
1633	2025-03-21	22.1	22.1	21.0	21.0	500
1634	2025-03-25	21.4	21.4	21.4	21.4	400
1635	2025-03-26	21.4	21.4	21.4	21.4	100
1636	2025-03-31	21.5	21.5	21.5	21.5	200
1637	2025-04-01	22.9	22.9	22.9	22.9	200
