	time	open	high	low	close	volume
0	2017-02-28	17.15	17.15	17.15	17.15	130000
1	2017-03-01	19.7	19.7	19.0	19.32	165600
2	2017-03-02	20.62	20.62	17.91	17.91	58300
3	2017-03-03	16.99	17.37	16.82	17.31	15970
4	2017-03-06	15.74	16.01	14.65	14.65	39950
5	2017-03-07	13.08	14.98	12.75	14.93	15500
6	2017-03-08	14.65	14.98	14.65	14.98	9930
7	2017-03-09	17.15	17.15	16.93	17.1	66750
8	2017-03-10	17.1	17.1	16.28	16.34	16710
9	2017-03-13	18.72	18.72	16.28	16.28	22100
10	2017-03-14	16.28	16.28	15.79	16.07	15540
11	2017-03-15	15.25	15.74	15.25	15.69	11250
12	2017-03-16	14.11	15.69	13.35	15.09	24050
13	2017-03-17	15.25	16.01	15.2	15.74	3800
14	2017-03-20	15.74	16.01	15.63	15.63	6130
15	2017-03-21	15.47	16.07	15.47	15.74	13700
16	2017-03-22	15.63	15.63	14.93	15.2	19941
17	2017-03-23	15.2	15.47	15.2	15.2	11200
18	2017-03-24	15.25	15.25	14.65	14.82	5950
19	2017-03-27	14.11	15.2	14.11	14.65	3700
20	2017-03-28	15.14	15.14	14.44	14.65	3600
21	2017-03-29	15.09	15.09	14.11	14.38	4200
22	2017-03-30	14.44	14.87	14.44	14.6	3600
23	2017-03-31	13.95	13.95	13.79	13.89	11900
24	2017-04-03	14.49	14.49	14.49	14.49	500
25	2017-04-04	13.84	14.38	13.84	14.38	1700
26	2017-04-05	14.0	14.11	14.0	14.06	500
27	2017-04-07	14.17	14.17	11.99	14.06	2400
28	2017-04-10	13.95	13.95	13.95	13.95	3200
29	2017-04-11	13.95	13.95	13.84	13.84	1250
30	2017-04-12	13.89	13.89	13.89	13.89	0
31	2017-04-13	13.57	13.57	12.75	13.3	3600
32	2017-04-14	13.08	13.08	12.05	12.05	1000
33	2017-04-17	13.84	13.84	12.65	12.65	3300
34	2017-04-18	13.03	13.03	12.48	12.75	3900
35	2017-04-19	12.48	12.59	12.48	12.48	5000
36	2017-04-20	12.54	12.54	12.37	12.37	5000
37	2017-04-21	12.54	13.3	12.54	12.75	14000
38	2017-04-24	13.3	13.3	12.59	12.75	1800
39	2017-04-25	12.97	12.97	12.7	12.86	7300
40	2017-04-26	12.48	12.7	12.1	12.65	4200
41	2017-04-27	12.48	12.75	12.48	12.54	6700
42	2017-04-28	12.54	12.59	12.48	12.59	9500
43	2017-05-03	12.59	12.75	12.59	12.75	3700
44	2017-05-04	12.75	12.75	12.48	12.48	9300
45	2017-05-05	12.48	12.59	12.48	12.48	37200
46	2017-05-08	12.48	12.54	12.43	12.54	6500
47	2017-05-09	12.43	12.43	12.43	12.43	16300
48	2017-05-10	12.54	12.54	12.48	12.48	32600
49	2017-05-11	12.48	12.75	12.48	12.65	74400
50	2017-05-12	12.75	12.75	12.48	12.75	291500
51	2017-05-15	12.59	12.75	12.48	12.54	443900
52	2017-05-16	12.54	13.46	12.54	12.7	14700
53	2017-05-17	13.58	13.58	12.59	12.65	2200
54	2017-05-18	13.29	13.29	13.06	13.06	7800
55	2017-05-19	12.82	12.82	12.71	12.71	8900
56	2017-05-22	12.65	12.65	12.65	12.65	5500
57	2017-05-23	12.65	12.76	12.65	12.76	7200
58	2017-05-24	12.76	12.76	12.36	12.47	13640
59	2017-05-25	12.76	12.76	12.65	12.65	13640
60	2017-05-26	12.71	12.71	12.65	12.65	3600
61	2017-05-29	12.65	12.82	12.65	12.82	2500
62	2017-05-30	12.76	13.06	12.76	13.06	4400
63	2017-05-31	13.35	13.35	13.11	13.11	12500
64	2017-06-01	13.06	13.11	13.06	13.11	7200
65	2017-06-02	13.06	13.06	13.06	13.06	3700
66	2017-06-05	13.52	13.52	13.06	13.11	15450
67	2017-06-06	13.35	13.35	13.23	13.35	1110
68	2017-06-07	13.35	13.35	13.35	13.35	4200
69	2017-06-08	13.35	13.35	12.76	12.76	17400
70	2017-06-09	13.35	13.35	13.35	13.35	0
71	2017-06-12	13.23	13.23	13.23	13.23	900
72	2017-06-13	13.06	13.06	12.76	13.06	4200
73	2017-06-14	13.11	13.11	13.11	13.11	6210
74	2017-06-15	13.11	13.17	13.11	13.17	7400
75	2017-06-16	13.06	13.06	13.06	13.06	7100
76	2017-06-19	13.06	13.06	13.06	13.06	3400
77	2017-06-20	13.06	13.11	13.06	13.11	3900
78	2017-06-21	13.11	13.11	13.11	13.11	1010
79	2017-06-22	13.11	13.17	13.11	13.17	4100
80	2017-06-23	13.17	13.29	13.17	13.29	4500
81	2017-06-26	13.35	13.46	13.35	13.35	1800
82	2017-06-27	13.23	13.29	13.23	13.23	3700
83	2017-06-28	13.11	13.29	13.11	13.29	2900
84	2017-06-29	13.29	13.29	13.11	13.11	500
85	2017-06-30	13.11	13.23	13.11	13.23	1800
86	2017-07-03	13.35	13.46	13.35	13.46	9300
87	2017-07-04	13.4	13.46	13.29	13.46	182200
88	2017-07-05	13.4	13.46	13.35	13.46	127700
89	2017-07-06	13.93	13.93	13.35	13.4	27600
90	2017-07-07	13.4	13.4	13.35	13.35	24000
91	2017-07-10	13.35	13.35	13.35	13.35	4600
92	2017-07-11	13.35	13.35	13.29	13.35	5700
93	2017-07-12	13.35	13.46	13.35	13.46	300
94	2017-07-13	13.4	13.46	13.4	13.46	11400
95	2017-07-14	13.52	13.58	13.52	13.58	17500
96	2017-07-17	13.58	13.58	13.58	13.58	7200
97	2017-07-18	13.69	13.69	13.69	13.69	300
98	2017-07-19	13.69	13.75	13.69	13.75	16000
99	2017-07-20	13.93	13.93	13.75	13.75	11600
100	2017-07-21	13.64	13.69	13.64	13.69	600
101	2017-07-24	13.52	13.69	13.46	13.69	4600
102	2017-07-25	13.69	13.69	13.58	13.58	900
103	2017-07-26	13.75	14.16	13.75	14.16	700
104	2017-07-27	13.93	13.93	13.93	13.93	0
105	2017-07-28	13.93	13.93	13.93	13.93	0
106	2017-07-31	13.81	13.81	13.81	13.81	200
107	2017-08-01	13.46	13.69	13.46	13.64	1800
108	2017-08-02	13.58	13.58	13.58	13.58	1600
109	2017-08-03	13.69	13.69	13.64	13.69	500
110	2017-08-04	13.64	13.69	13.64	13.69	5000
111	2017-08-07	13.69	13.69	13.69	13.69	0
112	2017-08-08	13.64	13.64	13.64	13.64	3300
113	2017-08-09	13.75	13.75	13.75	13.75	800
114	2017-08-10	13.75	13.75	13.69	13.69	5400
115	2017-08-11	13.75	13.75	13.75	13.75	3500
116	2017-08-14	13.64	13.75	13.64	13.64	4200
117	2017-08-15	13.64	13.64	13.64	13.64	4000
118	2017-08-16	13.64	13.69	13.64	13.69	3500
119	2017-08-17	13.81	13.93	13.81	13.87	3130
120	2017-08-18	13.93	13.93	13.93	13.93	0
121	2017-08-21	13.93	13.93	13.93	13.93	0
122	2017-08-22	13.93	14.04	13.93	13.93	2200
123	2017-08-23	13.93	13.93	13.87	13.93	3300
124	2017-08-24	13.87	13.87	13.87	13.87	2000
125	2017-08-25	14.8	14.8	14.51	14.51	3400
126	2017-08-28	14.68	14.68	14.68	14.68	0
127	2017-08-29	14.1	14.51	13.93	14.51	1500
128	2017-08-30	14.27	14.27	14.22	14.22	2600
129	2017-08-31	14.22	14.22	14.22	14.22	0
130	2017-09-01	14.22	14.22	14.22	14.22	1000
131	2017-09-05	14.22	14.22	14.22	14.22	1000
132	2017-09-06	14.22	14.51	13.64	13.64	9100
133	2017-09-07	14.1	14.1	14.1	14.1	3700
134	2017-09-08	14.22	14.22	14.22	14.22	100
135	2017-09-11	14.33	14.33	14.27	14.27	7200
136	2017-09-12	14.27	14.27	14.27	14.27	500
137	2017-09-13	14.27	14.27	14.27	14.27	0
138	2017-09-14	14.27	14.27	14.27	14.27	0
139	2017-09-15	14.51	14.51	14.51	14.51	1000
140	2017-09-18	14.51	14.51	14.51	14.51	400
141	2017-09-19	14.51	14.51	14.51	14.51	200
142	2017-09-20	14.45	14.51	14.45	14.51	1600
143	2017-09-21	14.51	14.51	14.51	14.51	1200
144	2017-09-22	14.51	14.51	14.51	14.51	4000
145	2017-09-25	14.51	14.51	14.51	14.51	4000
146	2017-09-26	14.51	14.51	14.51	14.51	100
147	2017-09-27	14.51	14.51	14.51	14.51	0
148	2017-09-28	14.22	14.22	14.22	14.22	2000
149	2017-09-29	14.33	14.33	14.33	14.33	200
150	2017-10-02	14.27	14.27	14.27	14.27	700
151	2017-10-03	13.75	13.75	13.69	13.69	400
152	2017-10-04	13.69	13.69	13.69	13.69	0
153	2017-10-05	13.35	13.35	13.35	13.35	100
154	2017-10-06	13.35	13.35	13.35	13.35	0
155	2017-10-09	13.52	13.52	13.52	13.52	400
156	2017-10-10	13.64	13.64	13.64	13.64	1100
157	2017-10-11	13.64	13.64	13.64	13.64	0
158	2017-10-12	14.22	14.22	14.22	14.22	100
159	2017-10-13	13.64	13.64	13.64	13.64	700
160	2017-10-16	13.64	13.64	13.64	13.64	0
161	2017-10-17	13.93	13.93	13.46	13.52	3700
162	2017-10-18	13.52	13.52	13.46	13.46	1500
163	2017-10-19	13.64	13.64	13.52	13.52	4900
164	2017-10-20	13.46	13.46	13.46	13.46	7500
165	2017-10-23	13.46	13.46	13.46	13.46	5540
166	2017-10-24	13.46	13.46	13.4	13.46	10800
167	2017-10-25	13.4	13.4	13.35	13.35	4500
168	2017-10-26	13.35	13.35	13.35	13.35	0
169	2017-10-27	13.35	13.35	13.35	13.35	0
170	2017-10-30	13.35	13.64	13.35	13.46	7600
171	2017-10-31	13.64	13.64	13.64	13.64	1000
172	2017-11-01	13.35	13.35	13.35	13.35	300
173	2017-11-02	13.35	13.35	13.35	13.35	0
174	2017-11-03	12.88	13.06	12.88	13.06	3500
175	2017-11-06	13.06	13.06	13.06	13.06	0
176	2017-11-07	13.06	13.06	13.06	13.06	0
177	2017-11-08	13.06	13.06	13.06	13.06	0
178	2017-11-09	13.06	13.06	13.06	13.06	600
179	2017-11-10	12.76	12.76	12.76	12.76	100
180	2017-11-13	12.47	12.47	12.24	12.24	5000
181	2017-11-14	12.36	12.47	12.36	12.47	1000
182	2017-11-15	12.36	12.36	12.36	12.36	0
183	2017-11-16	12.36	12.36	12.36	12.36	0
184	2017-11-17	13.0	13.06	12.94	13.0	1900
185	2017-11-20	13.0	13.0	13.0	13.0	6800
186	2017-11-21	13.06	13.06	12.94	13.0	15000
187	2017-11-22	13.0	13.0	13.0	13.0	0
188	2017-11-23	13.0	13.0	12.94	12.94	6000
189	2017-11-24	13.0	13.0	13.0	13.0	0
190	2017-11-27	12.76	13.06	12.76	13.06	1200
191	2017-11-28	12.94	13.64	12.94	13.64	2200
192	2017-11-29	13.58	13.58	13.58	13.58	0
193	2017-11-30	13.46	13.46	13.46	13.46	2000
194	2017-12-01	13.17	13.64	13.06	13.64	5000
195	2017-12-04	13.23	13.23	13.23	13.23	0
196	2017-12-05	13.23	13.23	13.23	13.23	0
197	2017-12-06	13.23	13.23	13.23	13.23	0
198	2017-12-07	13.17	13.23	13.17	13.17	1300
199	2017-12-08	13.23	13.23	13.23	13.23	100
200	2017-12-11	13.17	13.23	13.17	13.23	2000
201	2017-12-12	13.46	13.64	13.46	13.64	400
202	2017-12-13	13.69	13.69	13.64	13.64	2000
203	2017-12-14	13.69	13.69	13.69	13.69	0
204	2017-12-15	13.64	13.64	13.64	13.64	1000
205	2017-12-18	13.64	13.81	13.64	13.75	4000
206	2017-12-19	14.22	14.22	14.16	14.16	600
207	2017-12-20	13.93	13.93	13.93	13.93	800
208	2017-12-21	13.93	13.93	13.93	13.93	0
209	2017-12-22	13.93	13.93	13.69	13.69	600
210	2017-12-25	13.87	13.87	13.87	13.87	0
211	2017-12-26	13.87	13.87	13.87	13.87	0
212	2017-12-27	13.87	13.87	13.87	13.87	0
213	2017-12-28	13.87	13.87	13.87	13.87	0
214	2017-12-29	13.64	13.93	13.64	13.93	5000
215	2018-01-02	13.75	13.75	13.64	13.64	20800
216	2018-01-03	13.69	13.93	13.69	13.93	5100
217	2018-01-04	14.04	14.04	13.81	13.93	5300
218	2018-01-05	13.98	13.98	13.98	13.98	700
219	2018-01-08	13.98	14.04	13.98	14.04	2000
220	2018-01-09	14.04	14.1	14.04	14.1	2500
221	2018-01-10	14.1	14.1	14.1	14.1	100
222	2018-01-11	14.1	14.51	14.1	14.51	3100
223	2018-01-12	14.51	14.51	14.39	14.39	1100
224	2018-01-15	14.39	14.39	14.39	14.39	500
225	2018-01-16	14.75	14.75	14.75	14.75	200
226	2018-01-17	14.75	14.75	14.75	14.75	0
227	2018-01-18	14.75	14.75	14.75	14.75	0
228	2018-01-19	14.75	14.75	14.75	14.75	0
229	2018-01-22	14.75	14.75	14.75	14.75	0
230	2018-01-23	14.75	14.75	14.75	14.75	0
231	2018-01-24	14.75	14.75	14.57	14.57	1600
232	2018-01-25	14.03	14.51	14.03	14.03	3200
233	2018-01-26	14.51	14.51	14.39	14.39	900
234	2018-01-29	14.39	14.39	14.39	14.39	1500
235	2018-01-30	14.45	14.45	14.33	14.33	1500
236	2018-01-31	14.39	14.39	14.39	14.39	0
237	2018-02-01	14.39	14.39	14.21	14.21	1100
238	2018-02-02	14.21	14.21	14.21	14.21	2000
239	2018-02-05	14.21	14.21	13.91	13.91	600
240	2018-02-06	13.91	13.91	13.36	13.36	3200
241	2018-02-07	13.78	13.78	13.78	13.78	0
242	2018-02-08	13.78	13.78	13.66	13.66	2900
243	2018-02-09	13.6	13.66	13.6	13.66	3400
244	2018-02-12	13.6	13.6	13.6	13.6	0
245	2018-02-13	13.66	13.66	13.66	13.66	500
246	2018-02-21	13.85	13.85	13.85	13.85	1000
247	2018-02-22	13.85	13.85	13.85	13.85	2500
248	2018-02-23	13.85	13.85	13.85	13.85	500
249	2018-02-26	13.85	13.91	13.85	13.91	2900
250	2018-02-27	13.91	13.91	13.91	13.91	100
251	2018-02-28	13.91	13.91	13.91	13.91	0
252	2018-03-01	13.91	13.91	13.6	13.6	1900
253	2018-03-02	13.91	13.91	13.91	13.91	600
254	2018-03-05	13.78	13.78	13.78	13.78	1200
255	2018-03-06	13.78	13.78	13.6	13.66	2200
256	2018-03-07	13.6	13.72	13.6	13.6	13700
257	2018-03-08	13.6	13.6	13.6	13.6	0
258	2018-03-09	13.3	13.66	13.3	13.66	3000
259	2018-03-12	13.3	13.6	13.3	13.48	36500
260	2018-03-13	13.42	13.48	13.42	13.48	3100
261	2018-03-14	13.48	13.48	13.42	13.48	7800
262	2018-03-15	13.48	13.48	13.48	13.48	5700
263	2018-03-16	13.6	13.6	13.6	13.6	500
264	2018-03-19	13.48	13.48	13.48	13.48	200
265	2018-03-20	13.48	13.48	13.48	13.48	200
266	2018-03-21	13.48	13.48	13.48	13.48	100
267	2018-03-22	13.48	13.48	13.48	13.48	0
268	2018-03-23	13.3	13.42	13.3	13.42	600
269	2018-03-26	13.42	13.42	13.42	13.42	500
270	2018-03-27	13.42	13.42	13.42	13.42	0
271	2018-03-28	13.48	13.48	13.48	13.48	1600
272	2018-03-29	13.48	13.48	13.48	13.48	100
273	2018-03-30	13.48	13.48	13.48	13.48	0
274	2018-04-02	13.48	13.48	13.48	13.48	0
275	2018-04-03	13.48	13.48	13.48	13.48	0
276	2018-04-04	13.54	13.54	13.54	13.54	200
277	2018-04-05	13.3	13.48	13.3	13.48	1100
278	2018-04-06	13.3	13.3	13.3	13.3	1000
279	2018-04-09	13.3	13.3	13.3	13.3	2200
280	2018-04-10	13.3	13.3	13.3	13.3	0
281	2018-04-11	13.3	13.3	13.3	13.3	0
282	2018-04-12	13.3	13.3	13.3	13.3	0
283	2018-04-13	13.3	13.3	13.3	13.3	0
284	2018-04-16	13.3	13.3	13.3	13.3	0
285	2018-04-17	13.3	13.3	13.3	13.3	0
286	2018-04-18	13.3	13.3	13.3	13.3	0
287	2018-04-19	13.3	13.3	13.3	13.3	0
288	2018-04-20	13.3	13.3	13.3	13.3	0
289	2018-04-23	13.3	13.3	13.0	13.0	200
290	2018-04-24	12.7	12.7	12.7	12.7	500
291	2018-04-26	12.7	12.7	12.7	12.7	100
292	2018-04-27	12.7	12.7	12.7	12.7	0
293	2018-05-02	13.3	13.3	12.7	12.7	300
294	2018-05-03	13.12	13.12	13.12	13.12	0
295	2018-05-04	13.12	13.12	13.12	13.12	700
296	2018-05-07	13.12	13.12	13.12	13.12	0
297	2018-05-08	13.0	13.0	13.0	13.0	100
298	2018-05-09	12.7	12.7	12.7	12.7	200
299	2018-05-10	12.7	12.7	12.7	12.7	0
300	2018-05-11	12.7	12.7	12.7	12.7	0
301	2018-05-14	12.7	12.7	12.7	12.7	0
302	2018-05-15	12.7	12.7	12.64	12.64	5000
303	2018-05-16	12.64	12.64	12.64	12.64	0
304	2018-05-17	12.64	12.64	12.64	12.64	0
305	2018-05-18	12.64	12.64	12.64	12.64	0
306	2018-05-21	12.64	12.64	12.64	12.64	0
307	2018-05-22	13.91	13.91	13.91	13.91	1000
308	2018-05-23	14.51	14.51	13.85	13.85	200
309	2018-05-24	14.21	14.21	14.21	14.21	0
310	2018-05-25	14.21	14.21	14.21	14.21	0
311	2018-05-28	14.21	14.21	14.21	14.21	0
312	2018-05-29	13.3	13.3	13.3	13.3	100
313	2018-05-30	13.3	13.3	13.3	13.3	0
314	2018-05-31	13.3	13.3	13.3	13.3	0
315	2018-06-01	13.3	13.3	13.3	13.3	0
316	2018-06-04	13.3	13.3	13.3	13.3	0
317	2018-06-05	12.7	12.7	12.7	12.7	1000
318	2018-06-06	13.0	13.0	13.0	13.0	300
319	2018-06-07	13.0	13.0	13.0	13.0	0
320	2018-06-08	13.0	13.0	13.0	13.0	0
321	2018-06-11	13.0	13.0	13.0	13.0	0
322	2018-06-12	13.0	13.0	13.0	13.0	0
323	2018-06-13	12.7	12.7	12.7	12.7	500
324	2018-06-14	13.0	13.0	13.0	13.0	2700
325	2018-06-15	13.0	13.0	13.0	13.0	0
326	2018-06-18	13.0	13.0	13.0	13.0	0
327	2018-06-19	13.0	13.0	13.0	13.0	0
328	2018-06-20	13.0	13.0	13.0	13.0	2000
329	2018-06-21	13.3	13.3	13.3	13.3	4000
330	2018-06-22	13.3	13.3	13.3	13.3	0
331	2018-06-25	13.3	13.3	13.3	13.3	0
332	2018-06-26	13.3	13.3	13.3	13.3	0
333	2018-06-27	13.3	13.3	13.3	13.3	0
334	2018-06-28	13.6	13.91	12.76	12.76	3000
335	2018-06-29	13.12	13.12	13.12	13.12	100
336	2018-07-02	13.0	13.0	13.0	13.0	500
337	2018-07-03	12.39	12.45	12.39	12.39	3100
338	2018-07-04	12.39	12.39	12.39	12.39	1000
339	2018-07-05	12.39	12.39	12.39	12.39	0
340	2018-07-06	12.08	12.08	12.08	12.08	1000
341	2018-07-09	12.08	12.08	12.08	12.08	0
342	2018-07-10	12.08	12.08	12.08	12.08	0
343	2018-07-11	12.08	12.08	12.08	12.08	0
344	2018-07-12	12.08	12.08	12.08	12.08	0
345	2018-07-13	12.08	12.08	12.08	12.08	0
346	2018-07-16	12.08	12.08	12.08	12.08	0
347	2018-07-17	12.58	12.58	12.58	12.58	900
348	2018-07-18	12.58	12.58	12.58	12.58	0
349	2018-07-19	12.58	12.58	12.58	12.58	0
350	2018-07-20	12.58	12.58	12.58	12.58	0
351	2018-07-23	13.35	13.35	13.35	13.35	15000
352	2018-07-24	13.35	13.35	13.35	13.35	0
353	2018-07-25	13.35	13.35	13.35	13.35	2800
354	2018-07-26	13.35	13.35	13.35	13.35	0
355	2018-07-27	13.35	13.35	13.35	13.35	0
356	2018-07-30	13.35	13.35	13.35	13.35	6000
357	2018-07-31	13.35	13.35	13.35	13.35	3100
358	2018-08-01	13.35	13.35	13.35	13.35	2800
359	2018-08-02	13.35	13.35	13.35	13.35	0
360	2018-08-03	13.35	13.35	13.35	13.35	100
361	2018-08-06	13.35	13.35	13.35	13.35	5200
362	2018-08-07	13.35	13.35	13.35	13.35	5800
363	2018-08-08	13.35	13.35	13.35	13.35	60200
364	2018-08-09	13.67	13.67	13.67	13.67	100
365	2018-08-10	13.67	13.67	13.67	13.67	0
366	2018-08-13	13.35	13.35	13.35	13.35	1200
367	2018-08-14	13.35	13.35	13.35	13.35	56000
368	2018-08-15	13.35	13.35	13.35	13.35	100
369	2018-08-16	13.35	13.35	13.35	13.35	0
370	2018-08-17	13.41	13.41	13.41	13.41	500
371	2018-08-20	13.03	13.03	13.03	13.03	900
372	2018-08-21	13.28	13.28	13.28	13.28	100
373	2018-08-22	13.28	13.28	13.28	13.28	0
374	2018-08-23	13.67	13.67	13.67	13.67	500
375	2018-08-24	13.67	13.67	13.67	13.67	0
376	2018-08-27	11.63	13.67	11.63	13.67	2200
377	2018-08-28	13.54	13.54	12.71	12.71	400
378	2018-08-29	13.35	13.35	13.35	13.35	0
379	2018-08-30	13.35	13.35	13.35	13.35	8080
380	2018-08-31	13.35	13.35	13.35	13.35	0
381	2018-09-04	13.35	13.35	13.35	13.35	0
382	2018-09-05	13.35	13.35	13.35	13.35	0
383	2018-09-06	13.67	13.67	13.67	13.67	200
384	2018-09-07	13.67	13.67	13.67	13.67	0
385	2018-09-10	13.67	13.67	13.67	13.67	0
386	2018-09-11	13.67	13.67	13.67	13.67	0
387	2018-09-12	13.67	13.67	13.67	13.67	0
388	2018-09-13	13.67	13.67	13.67	13.67	0
389	2018-09-14	13.67	13.67	13.67	13.67	0
390	2018-09-17	13.67	13.67	13.67	13.67	0
391	2018-09-18	13.67	13.67	13.67	13.67	0
392	2018-09-19	13.67	13.67	13.67	13.67	0
393	2018-09-20	13.67	13.67	13.67	13.67	0
394	2018-09-21	13.67	13.67	13.67	13.67	0
395	2018-09-24	13.67	13.67	13.67	13.67	0
396	2018-09-25	13.67	13.67	13.67	13.67	0
397	2018-09-26	13.67	13.67	13.67	13.67	0
398	2018-09-27	13.67	13.67	13.67	13.67	0
399	2018-09-28	12.71	13.03	12.71	13.03	3000
400	2018-10-01	12.97	12.97	12.97	12.97	0
401	2018-10-02	13.35	13.35	13.35	13.35	200
402	2018-10-03	13.35	13.35	13.35	13.35	200
403	2018-10-04	13.35	13.35	13.35	13.35	0
404	2018-10-05	13.35	13.35	13.35	13.35	0
405	2018-10-08	13.35	13.35	13.35	13.35	100
406	2018-10-09	13.35	13.35	13.35	13.35	0
407	2018-10-10	13.35	13.35	13.35	13.35	0
408	2018-10-11	13.35	13.35	13.35	13.35	0
409	2018-10-12	13.35	13.35	13.35	13.35	0
410	2018-10-15	13.35	13.35	13.35	13.35	0
411	2018-10-16	13.28	13.28	13.28	13.28	1100
412	2018-10-17	13.28	13.28	13.28	13.28	1000
413	2018-10-18	13.28	13.28	13.16	13.16	2000
414	2018-10-19	13.22	13.22	13.22	13.22	0
415	2018-10-22	13.22	13.22	13.22	13.22	0
416	2018-10-23	13.22	13.22	13.22	13.22	0
417	2018-10-24	11.31	11.31	11.31	11.31	100
418	2018-10-25	12.08	12.08	12.08	12.08	100
419	2018-10-26	12.71	12.71	12.71	12.71	1000
420	2018-10-29	12.71	12.71	12.71	12.71	0
421	2018-10-30	12.71	12.71	12.71	12.71	0
422	2018-10-31	12.08	12.78	12.08	12.78	200
423	2018-11-01	12.08	12.46	12.46	12.46	0
424	2018-11-02	12.84	12.84	12.71	12.71	11500
425	2018-11-05	13.03	13.03	13.03	13.03	100
426	2018-11-06	13.03	13.03	12.08	12.71	2000
427	2018-11-07	12.46	12.46	12.46	12.46	0
428	2018-11-08	12.46	12.46	12.46	12.46	0
429	2018-11-09	12.46	12.46	12.46	12.46	0
430	2018-11-12	12.46	12.46	12.46	12.46	0
431	2018-11-13	12.46	12.46	12.46	12.46	0
432	2018-11-14	12.08	13.67	12.08	12.39	6800
433	2018-11-15	12.46	12.46	12.46	12.46	1000
434	2018-11-16	12.46	12.46	12.46	12.46	0
435	2018-11-19	12.46	12.46	12.46	12.46	0
436	2018-11-20	12.46	12.46	12.46	12.46	800
437	2018-11-21	12.46	12.46	12.46	12.46	0
438	2018-11-22	12.46	12.46	12.46	12.46	900
439	2018-11-23	12.46	12.46	12.46	12.46	0
440	2018-11-26	12.46	12.46	12.46	12.46	0
441	2018-11-27	12.46	12.46	12.46	12.46	0
442	2018-11-28	12.46	12.46	12.46	12.46	0
443	2018-11-29	12.46	12.46	12.46	12.46	0
444	2018-11-30	12.46	12.46	12.46	12.46	0
445	2018-12-03	13.67	13.67	12.71	12.71	1800
446	2018-12-04	12.71	12.71	12.71	12.71	1500
447	2018-12-05	12.71	12.71	12.71	12.71	0
448	2018-12-06	12.71	12.71	12.71	12.71	0
449	2018-12-07	12.71	12.71	12.71	12.71	0
450	2018-12-10	12.71	12.71	12.71	12.71	0
451	2018-12-11	12.71	12.71	12.71	12.71	0
452	2018-12-12	12.71	12.71	12.71	12.71	0
453	2018-12-13	12.08	12.08	12.08	12.08	300
454	2018-12-14	12.08	12.08	12.08	12.08	0
455	2018-12-17	12.08	12.08	12.08	12.08	0
456	2018-12-18	12.08	12.08	12.08	12.08	1100
457	2018-12-19	12.08	12.08	12.08	12.08	0
458	2018-12-20	12.08	12.08	12.08	12.08	0
459	2018-12-21	13.67	13.67	13.67	13.67	1000
460	2018-12-24	13.67	13.67	13.67	13.67	1200
461	2018-12-25	13.67	13.67	13.67	13.67	0
462	2018-12-26	13.67	13.67	13.67	13.67	0
463	2018-12-27	13.67	13.67	13.67	13.67	0
464	2018-12-28	13.67	13.67	13.67	13.67	1200
465	2019-01-02	13.67	13.67	13.67	13.67	1000
466	2019-01-03	13.67	13.67	13.67	13.67	0
467	2019-01-04	13.67	13.67	13.67	13.67	0
468	2019-01-07	13.67	13.67	13.67	13.67	1000
469	2019-01-08	13.67	13.67	13.67	13.67	0
470	2019-01-09	13.67	13.67	13.67	13.67	0
471	2019-01-10	13.67	13.67	13.67	13.67	2000
472	2019-01-11	13.67	13.67	13.67	13.67	0
473	2019-01-14	13.98	15.25	13.98	15.25	9130
474	2019-01-15	14.11	14.11	14.11	15.25	50
475	2019-01-16	14.11	15.25	15.25	15.25	0
476	2019-01-17	13.98	13.98	13.98	13.98	400
477	2019-01-18	13.98	13.98	13.98	13.98	0
478	2019-01-21	13.98	13.98	13.98	13.98	700
479	2019-01-22	13.98	13.98	13.98	13.98	9200
480	2019-01-23	13.98	13.98	13.98	13.98	7500
481	2019-01-24	13.98	13.98	13.98	13.98	1000
482	2019-01-25	13.98	13.98	13.98	13.98	0
483	2019-01-28	13.98	13.98	13.98	13.98	1000
484	2019-01-29	13.98	13.98	13.98	13.98	1300
485	2019-01-30	14.3	14.3	14.3	14.3	500
486	2019-01-31	14.11	14.11	14.11	14.11	800
487	2019-02-01	14.11	14.11	14.11	14.11	0
488	2019-02-11	14.3	14.3	14.3	14.3	1500
489	2019-02-12	14.3	14.3	14.3	14.3	0
490	2019-02-13	14.43	14.43	14.36	14.36	1700
491	2019-02-14	14.36	14.36	14.36	14.36	0
492	2019-02-15	14.36	14.36	14.36	14.36	0
493	2019-02-18	14.94	14.94	14.36	14.36	1400
494	2019-02-19	14.56	14.36	14.36	14.36	0
495	2019-02-20	14.56	14.56	14.56	14.56	1000
496	2019-02-21	14.56	14.68	14.56	14.62	10600
497	2019-02-22	14.62	14.62	14.62	14.62	0
498	2019-02-25	14.68	14.68	14.68	14.68	1200
499	2019-02-26	14.68	14.75	14.68	14.75	3800
500	2019-02-27	14.68	14.75	14.68	14.75	1300
501	2019-02-28	14.68	14.75	14.68	14.68	4100
502	2019-03-01	14.68	14.68	14.68	14.68	0
503	2019-03-04	14.68	14.68	14.68	14.68	0
504	2019-03-05	14.68	14.68	14.68	14.68	1000
505	2019-03-06	14.68	14.68	14.68	14.68	1900
506	2019-03-07	14.68	14.68	14.68	14.68	23400
507	2019-03-08	14.75	14.75	14.75	14.75	1500
508	2019-03-11	14.75	14.87	14.75	14.87	4100
509	2019-03-12	15.19	15.19	15.19	15.19	100
510	2019-03-13	14.94	14.94	14.94	14.94	900
511	2019-03-14	14.94	14.94	14.94	14.94	0
512	2019-03-15	14.94	14.94	14.94	14.94	0
513	2019-03-18	14.94	14.94	14.94	14.94	0
514	2019-03-19	14.94	14.94	14.94	14.94	0
515	2019-03-20	14.94	14.94	14.94	14.94	0
516	2019-03-21	14.94	14.94	14.94	14.94	0
517	2019-03-22	14.87	14.87	14.87	14.87	1200
518	2019-03-25	14.87	14.87	14.87	14.87	0
519	2019-03-26	17.1	17.1	17.1	17.1	100
520	2019-03-27	15.89	15.89	15.89	15.89	2000
521	2019-03-28	14.68	14.68	14.68	14.68	1800
522	2019-03-29	14.68	14.68	14.68	14.68	10900
523	2019-04-01	14.68	14.68	14.68	14.68	2300
524	2019-04-02	14.68	14.68	14.68	14.68	1000
525	2019-04-03	15.89	15.89	14.75	14.75	1000
526	2019-04-04	15.89	15.89	15.89	15.89	100
527	2019-04-05	14.68	14.68	14.68	14.68	6500
528	2019-04-08	14.68	14.68	14.68	14.68	500
529	2019-04-09	15.89	15.89	15.89	15.89	100
530	2019-04-10	15.89	15.89	15.89	15.89	0
531	2019-04-11	14.94	14.94	14.94	14.94	1200
532	2019-04-12	14.68	14.68	14.68	14.68	1000
533	2019-04-16	14.68	14.68	14.68	14.68	0
534	2019-04-17	14.87	14.87	14.87	14.87	1000
535	2019-04-18	15.0	15.25	15.0	15.0	3400
536	2019-04-19	15.06	15.25	15.06	15.25	3400
537	2019-04-22	15.25	15.25	14.94	14.94	1100
538	2019-04-23	14.94	14.94	14.94	14.94	0
539	2019-04-24	15.76	15.76	15.06	15.06	1100
540	2019-04-25	15.13	15.13	15.13	15.13	1100
541	2019-04-26	15.25	15.25	15.25	15.25	4800
542	2019-05-02	15.25	15.89	15.25	15.89	23200
543	2019-05-03	15.89	16.21	15.89	16.21	7400
544	2019-05-06	18.37	18.37	18.37	18.37	100
545	2019-05-07	18.37	18.37	18.37	18.37	0
546	2019-05-08	15.89	15.89	15.89	15.89	5500
547	2019-05-09	15.89	15.89	15.89	15.89	2000
548	2019-05-10	15.89	15.89	15.89	15.89	0
549	2019-05-13	15.89	15.89	15.89	15.89	0
550	2019-05-14	15.89	15.89	15.89	15.89	0
551	2019-05-15	17.48	17.48	17.48	17.48	100
552	2019-05-16	18.43	18.43	18.43	18.43	100
553	2019-05-17	19.64	19.64	19.64	19.64	100
554	2019-05-20	19.64	19.64	19.64	19.64	0
555	2019-05-21	19.64	19.64	19.64	19.64	0
556	2019-05-22	19.64	19.64	19.64	19.64	0
557	2019-05-23	19.64	21.15	21.15	21.15	0
558	2019-05-24	17.11	17.11	17.11	17.11	3100
559	2019-05-27	17.11	17.11	17.11	17.11	0
560	2019-05-28	18.48	18.48	18.48	18.48	100
561	2019-05-29	18.48	18.48	18.48	18.48	0
562	2019-05-30	20.53	20.53	20.53	20.53	100
563	2019-05-31	17.45	17.45	17.45	17.45	600
564	2019-06-03	19.85	19.85	19.85	19.85	100
565	2019-06-04	19.85	19.85	19.85	19.85	0
566	2019-06-05	19.85	19.85	19.85	19.85	0
567	2019-06-06	19.85	19.85	19.85	19.85	0
568	2019-06-07	19.85	19.85	19.85	19.85	0
569	2019-06-10	19.85	19.85	19.85	19.85	0
570	2019-06-11	19.85	19.85	19.85	19.85	0
571	2019-06-12	19.85	19.85	19.85	19.85	0
572	2019-06-13	19.85	19.85	19.85	19.85	0
573	2019-06-14	19.85	19.85	19.85	19.85	0
574	2019-06-17	17.11	17.11	17.11	17.11	5000
575	2019-06-18	14.58	17.79	14.58	17.79	1800
576	2019-06-19	15.74	15.74	15.74	15.74	600
577	2019-06-20	17.11	17.11	17.11	17.11	100
578	2019-06-21	14.71	15.74	14.71	15.74	700
579	2019-06-24	16.08	16.08	16.08	16.08	300
580	2019-06-25	16.42	16.42	16.42	16.42	400
581	2019-06-26	16.42	16.42	16.42	16.42	0
582	2019-06-27	16.42	16.42	16.42	16.42	0
583	2019-06-28	16.08	16.08	16.08	16.08	500
584	2019-07-01	17.11	17.11	17.11	17.11	1000
585	2019-07-02	14.64	14.71	14.64	14.71	81000
586	2019-07-03	14.64	14.71	14.71	14.71	0
587	2019-07-04	16.83	16.83	16.83	14.64	1100
588	2019-07-05	15.67	15.74	15.67	15.74	1000
589	2019-07-08	16.42	16.42	16.42	16.42	1000
590	2019-07-09	16.42	16.42	16.42	16.42	0
591	2019-07-10	16.42	16.42	16.42	16.42	0
592	2019-07-11	18.13	18.13	18.13	18.13	100
593	2019-07-12	18.13	18.13	18.13	18.13	0
594	2019-07-15	15.47	15.47	15.47	15.47	900
595	2019-07-16	16.08	17.11	16.08	17.11	103500
596	2019-07-17	17.11	17.79	17.11	17.79	35200
597	2019-07-18	17.66	17.66	17.25	17.25	300
598	2019-07-19	17.31	17.52	17.25	17.52	1900
599	2019-07-22	17.25	17.25	17.11	17.11	20600
600	2019-07-23	17.11	17.11	17.11	17.11	0
601	2019-07-24	17.11	17.11	17.11	17.11	1000
602	2019-07-25	16.49	16.49	16.42	16.42	4500
603	2019-07-26	16.42	16.42	16.42	16.42	0
604	2019-07-29	16.63	16.7	16.63	16.7	5800
605	2019-07-30	16.77	16.83	16.77	16.77	16000
606	2019-07-31	17.11	17.11	17.11	17.11	7700
607	2019-08-01	17.11	17.11	17.11	17.11	0
608	2019-08-02	17.11	17.11	17.11	17.11	0
609	2019-08-05	17.11	17.18	17.11	17.11	9200
610	2019-08-06	17.11	17.11	17.11	17.11	12500
611	2019-08-07	17.11	17.25	17.11	17.18	8700
612	2019-08-08	17.18	17.18	17.11	17.18	8200
613	2019-08-09	17.11	17.11	17.11	17.11	10100
614	2019-08-12	17.11	17.11	17.11	17.11	4100
615	2019-08-13	17.18	17.18	17.11	17.11	6120
616	2019-08-14	17.11	17.11	16.83	17.11	4200
617	2019-08-15	17.11	17.11	17.11	17.11	1410
618	2019-08-16	17.11	17.11	17.11	17.11	2000
619	2019-08-19	17.11	17.11	17.11	17.11	400
620	2019-08-20	17.25	17.25	17.11	17.25	1400
621	2019-08-21	17.11	17.11	17.11	17.11	500
622	2019-08-22	17.11	17.25	17.11	17.25	3600
623	2019-08-23	17.18	17.18	17.11	17.11	500
624	2019-08-26	17.11	17.11	17.11	17.11	100
625	2019-08-27	16.97	16.97	16.77	16.77	2000
626	2019-08-28	16.83	16.83	16.83	16.83	2300
627	2019-08-29	16.83	16.83	16.83	16.83	200
628	2019-08-30	16.97	17.04	16.97	17.04	800
629	2019-09-03	17.04	17.04	17.04	17.04	600
630	2019-09-04	17.04	17.04	16.97	16.97	4200
631	2019-09-05	16.97	17.11	16.97	17.11	2600
632	2019-09-06	17.18	17.25	17.18	17.18	1200
633	2019-09-09	17.18	17.18	17.18	17.18	0
634	2019-09-10	17.11	17.25	17.11	17.25	2800
635	2019-09-11	17.18	17.18	17.11	17.11	14010
636	2019-09-12	17.11	17.11	17.11	17.11	0
637	2019-09-13	17.18	17.25	17.18	17.25	420
638	2019-09-16	17.25	17.25	17.25	17.25	500
639	2019-09-17	17.38	17.66	17.38	17.66	600
640	2019-09-18	17.52	17.72	17.52	17.72	2100
641	2019-09-19	17.79	17.79	17.79	17.79	6300
642	2019-09-20	17.79	17.79	17.79	17.79	2000
643	2019-09-23	17.86	17.86	17.86	17.86	100
644	2019-09-24	17.86	17.86	17.86	17.86	0
645	2019-09-25	17.86	17.86	17.86	17.86	0
646	2019-09-26	17.79	17.79	17.79	17.79	300
647	2019-09-27	17.38	18.48	17.38	18.48	1300
648	2019-09-30	17.52	17.52	17.52	17.52	300
649	2019-10-01	17.52	17.52	17.52	17.52	0
650	2019-10-02	17.52	17.72	17.52	17.72	1300
651	2019-10-03	17.66	17.72	17.66	17.66	1300
652	2019-10-04	17.66	17.66	17.66	17.66	2000
653	2019-10-07	17.79	17.79	17.79	17.79	1200
654	2019-10-08	17.79	17.79	17.79	17.79	0
655	2019-10-09	17.79	18.13	17.79	18.13	1900
656	2019-10-10	17.79	17.79	17.79	17.79	2000
657	2019-10-11	18.13	18.13	17.79	18.13	1500
658	2019-10-14	17.79	18.2	17.79	18.2	900
659	2019-10-15	18.0	18.0	18.0	18.0	0
660	2019-10-16	17.52	18.13	17.52	18.13	2800
661	2019-10-17	18.13	18.13	18.13	18.13	600
662	2019-10-18	18.13	18.13	18.13	18.13	500
663	2019-10-21	18.13	18.13	18.13	18.13	1000
664	2019-10-22	18.13	18.13	18.13	18.13	500
665	2019-10-23	18.13	18.13	18.13	18.13	0
666	2019-10-24	18.13	18.13	18.13	18.13	0
667	2019-10-25	18.13	18.13	18.13	18.13	0
668	2019-10-28	17.79	17.79	17.79	17.79	2000
669	2019-10-29	18.13	18.13	18.13	18.13	700
670	2019-10-30	18.13	18.13	18.13	18.13	0
671	2019-10-31	18.13	18.13	18.13	18.13	2000
672	2019-11-01	18.13	18.13	18.13	18.13	900
673	2019-11-04	18.13	18.13	18.13	18.13	0
674	2019-11-05	18.13	18.13	18.13	18.13	0
675	2019-11-06	18.13	18.13	18.13	18.13	0
676	2019-11-07	18.13	18.13	18.13	18.13	0
677	2019-11-08	17.79	17.86	17.79	17.86	3100
678	2019-11-11	17.79	17.79	17.79	17.79	7010
679	2019-11-12	18.13	18.13	18.13	18.13	51300
680	2019-11-13	18.13	18.13	18.13	18.13	15000
681	2019-11-14	18.27	18.41	18.13	18.13	16500
682	2019-11-15	18.34	18.13	18.13	18.13	0
683	2019-11-18	18.34	18.34	18.34	18.34	300
684	2019-11-19	18.48	18.48	18.48	18.48	10000
685	2019-11-20	18.48	18.48	18.48	18.48	0
686	2019-11-21	18.68	18.68	18.68	18.68	600
687	2019-11-22	21.21	21.21	19.16	19.16	5400
688	2019-11-25	19.16	19.16	19.16	19.16	500
689	2019-11-26	19.16	19.16	19.16	19.16	11000
690	2019-11-27	19.16	19.16	19.16	19.16	500
691	2019-11-28	19.16	19.16	19.16	19.16	0
692	2019-11-29	19.16	19.16	19.16	19.16	1400
693	2019-12-02	19.16	19.16	19.16	19.16	0
694	2019-12-03	19.16	19.16	19.16	19.16	0
695	2019-12-04	19.5	19.5	19.43	19.5	3000
696	2019-12-05	19.5	19.5	19.5	19.5	600
697	2019-12-06	19.5	19.5	19.5	19.5	100
698	2019-12-09	19.16	19.16	19.16	19.16	6000
699	2019-12-10	19.16	19.16	19.16	19.16	0
700	2019-12-11	19.16	19.16	19.16	19.16	0
701	2019-12-12	19.16	19.16	19.16	19.16	0
702	2019-12-13	19.16	19.16	19.16	19.16	300
703	2019-12-16	19.16	19.16	19.16	19.16	0
704	2019-12-17	18.68	18.68	18.68	18.68	1000
705	2019-12-18	18.68	18.82	18.68	18.82	5300
706	2019-12-19	18.82	18.82	18.82	18.82	2000
707	2019-12-20	18.82	18.82	18.82	18.82	0
708	2019-12-23	18.13	18.13	18.13	18.13	300
709	2019-12-24	18.48	18.82	18.48	18.82	4000
710	2019-12-25	18.75	18.82	18.75	18.82	15100
711	2019-12-26	18.82	18.82	18.48	18.48	1100
712	2019-12-27	18.61	18.61	18.61	18.61	6700
713	2019-12-30	18.61	18.61	18.55	18.55	6200
714	2019-12-31	18.61	18.55	18.55	18.55	0
715	2020-01-02	18.61	18.61	18.61	18.61	1300
716	2020-01-03	18.61	18.61	18.61	18.61	4500
717	2020-01-06	18.82	18.82	18.61	18.61	2300
718	2020-01-07	18.61	18.61	18.61	18.61	0
719	2020-01-08	18.61	18.61	18.61	18.61	0
720	2020-01-09	18.61	18.61	18.61	18.61	0
721	2020-01-10	18.61	18.61	18.61	18.61	0
722	2020-01-13	18.61	18.61	18.61	18.61	0
723	2020-01-14	18.61	18.61	18.61	18.61	0
724	2020-01-15	18.61	18.61	18.61	18.61	0
725	2020-01-16	18.61	18.61	18.61	18.61	0
726	2020-01-17	17.11	17.11	17.11	17.11	12000
727	2020-01-20	15.06	15.06	15.06	15.06	1800
728	2020-01-21	15.06	15.06	15.06	15.06	0
729	2020-01-22	15.06	15.06	15.06	15.06	0
730	2020-01-30	15.06	15.06	15.06	15.06	200
731	2020-01-31	15.06	15.26	15.06	15.06	1500
732	2020-02-03	15.12	15.06	15.06	15.06	0
733	2020-02-04	15.12	15.06	15.06	15.06	0
734	2020-02-05	15.12	15.06	15.06	15.06	0
735	2020-02-06	15.12	15.06	15.06	15.06	0
736	2020-02-07	15.06	15.12	15.06	15.12	11800
737	2020-02-10	13.0	13.0	13.0	13.0	300
738	2020-02-11	13.0	13.0	13.0	13.0	0
739	2020-02-12	13.0	13.0	13.0	13.0	0
740	2020-02-13	14.92	14.92	14.92	14.92	2000
741	2020-02-14	15.06	16.42	15.06	16.42	2000
742	2020-02-17	15.74	16.42	16.42	16.42	0
743	2020-02-18	15.06	15.06	15.06	15.06	1600
744	2020-02-19	13.69	15.06	13.69	15.06	3000
745	2020-02-20	15.06	16.29	15.06	16.29	700
746	2020-02-21	15.4	16.29	16.29	16.29	0
747	2020-02-24	15.4	16.29	16.29	16.29	0
748	2020-02-25	15.4	16.29	16.29	16.29	0
749	2020-02-26	15.4	16.29	16.29	16.29	0
750	2020-02-27	15.4	16.29	16.29	16.29	0
751	2020-02-28	15.4	16.29	16.29	16.29	0
752	2020-03-02	15.4	16.29	16.29	16.29	0
753	2020-03-03	15.4	16.29	16.29	16.29	0
754	2020-03-04	15.4	16.29	16.29	16.29	0
755	2020-03-05	15.4	16.29	16.29	16.29	0
756	2020-03-06	17.66	17.66	17.66	17.66	100
757	2020-03-09	17.66	17.66	17.66	17.66	0
758	2020-03-10	19.85	19.85	15.06	16.42	3100
759	2020-03-11	15.74	15.74	13.69	13.69	4300
760	2020-03-12	15.6	15.6	15.6	15.6	100
761	2020-03-13	15.6	15.6	15.6	15.6	0
762	2020-03-16	15.6	15.6	15.6	15.6	0
763	2020-03-17	15.6	15.6	15.6	15.6	0
764	2020-03-18	13.28	16.08	13.28	16.08	1700
765	2020-03-19	14.92	16.08	16.08	16.08	0
766	2020-03-20	16.36	16.36	16.36	16.36	100
767	2020-03-23	16.36	16.36	16.36	16.36	0
768	2020-03-24	16.36	16.36	16.36	16.36	0
769	2020-03-25	16.36	16.36	16.36	16.36	0
770	2020-03-26	15.06	15.06	15.06	15.06	100
771	2020-03-27	15.06	15.06	15.06	15.06	0
772	2020-03-30	15.06	15.06	15.06	15.06	0
773	2020-03-31	15.06	15.06	15.06	15.06	0
774	2020-04-01	15.06	15.06	15.06	15.06	0
775	2020-04-03	16.56	16.56	14.37	14.37	600
776	2020-04-06	14.37	14.37	14.37	14.37	100
777	2020-04-07	14.37	14.37	14.37	14.37	0
778	2020-04-08	14.37	14.37	14.37	14.37	0
779	2020-04-09	14.37	14.37	14.37	14.37	20
780	2020-04-10	14.37	14.37	14.37	14.37	0
781	2020-04-13	14.37	14.37	14.37	14.37	0
782	2020-04-14	14.37	14.37	14.37	14.37	0
783	2020-04-15	14.37	14.37	14.37	14.37	0
784	2020-04-16	14.37	14.37	14.37	14.37	0
785	2020-04-17	14.37	14.37	14.37	14.37	0
786	2020-04-20	14.71	14.71	14.71	14.71	2000
787	2020-04-21	14.71	14.71	14.71	14.71	0
788	2020-04-22	14.71	14.71	14.71	14.71	0
789	2020-04-23	13.0	13.07	13.0	13.0	2400
790	2020-04-24	13.0	13.0	13.0	13.0	0
791	2020-04-27	13.96	14.71	13.96	14.71	13000
792	2020-04-28	14.58	14.71	14.71	14.71	0
793	2020-04-29	13.34	13.34	13.34	13.34	200
794	2020-05-04	13.34	13.34	13.34	13.34	0
795	2020-05-05	13.34	13.34	13.34	13.34	0
796	2020-05-06	13.34	13.34	13.34	13.34	0
797	2020-05-07	13.41	13.41	13.41	13.41	100
798	2020-05-08	13.41	13.41	13.41	13.41	0
799	2020-05-11	13.41	13.41	13.41	13.41	0
800	2020-05-12	13.41	13.41	13.41	13.41	0
801	2020-05-13	13.41	13.41	13.41	13.41	0
802	2020-05-14	13.69	13.69	13.69	13.69	1400
803	2020-05-15	13.69	13.69	13.69	13.69	2010
804	2020-05-18	13.69	13.69	13.69	13.69	0
805	2020-05-19	13.69	13.69	13.69	13.69	700
806	2020-05-20	13.69	13.69	13.69	13.69	0
807	2020-05-21	13.69	13.69	13.69	13.69	0
808	2020-05-22	13.69	13.69	13.69	13.69	2000
809	2020-05-25	13.69	13.69	13.69	13.69	0
810	2020-05-26	13.69	13.69	13.69	13.69	0
811	2020-05-27	13.69	13.69	13.69	13.69	0
812	2020-05-28	13.69	13.69	13.69	13.69	0
813	2020-05-29	13.69	13.69	13.69	13.69	0
814	2020-06-01	14.03	14.37	13.69	13.69	7700
815	2020-06-02	14.03	14.03	14.03	14.03	1600
816	2020-06-03	14.03	14.03	14.03	14.03	0
817	2020-06-04	14.37	14.37	14.03	14.03	8900
818	2020-06-05	14.17	14.03	14.03	14.03	0
819	2020-06-08	14.37	14.37	14.37	14.37	1000
820	2020-06-09	14.37	14.37	14.37	14.37	0
821	2020-06-10	14.37	14.37	14.37	14.37	0
822	2020-06-11	14.37	14.37	14.37	14.37	0
823	2020-06-12	14.37	14.37	14.37	14.37	0
824	2020-06-15	14.37	14.37	14.37	14.37	0
825	2020-06-16	14.37	14.37	14.37	14.37	0
826	2020-06-17	14.37	14.37	14.37	14.37	10
827	2020-06-18	14.37	14.37	14.37	14.37	100
828	2020-06-19	14.37	14.37	14.37	14.37	0
829	2020-06-22	14.37	14.37	14.37	14.37	0
830	2020-06-23	14.71	14.71	14.37	14.37	200
831	2020-06-24	14.37	14.37	14.37	14.37	100
832	2020-06-25	14.37	14.37	14.37	14.37	0
833	2020-06-26	14.37	14.37	14.37	14.37	0
834	2020-06-29	14.37	14.37	14.37	14.37	10
835	2020-06-30	14.37	14.37	14.37	14.37	200
836	2020-07-01	14.37	14.37	14.37	14.37	0
837	2020-07-02	14.37	14.37	14.37	14.37	0
838	2020-07-03	14.37	14.37	14.37	14.37	0
839	2020-07-06	14.37	14.37	14.37	14.37	100
840	2020-07-07	14.37	14.37	14.37	14.37	0
841	2020-07-08	14.71	14.71	14.71	14.71	100
842	2020-07-09	14.71	14.71	14.71	14.71	0
843	2020-07-10	14.71	14.71	14.71	14.71	0
844	2020-07-13	14.71	14.71	14.71	14.71	0
845	2020-07-14	14.71	14.71	14.71	14.71	0
846	2020-07-15	14.71	14.71	14.71	14.71	0
847	2020-07-16	14.71	14.71	14.71	14.71	0
848	2020-07-17	14.71	14.71	14.71	14.71	0
849	2020-07-20	14.71	14.71	14.71	14.71	0
850	2020-07-21	14.71	14.71	14.71	14.71	0
851	2020-07-22	14.37	14.37	14.37	14.37	200
852	2020-07-23	14.37	14.37	14.37	14.37	500
853	2020-07-24	14.37	14.37	14.37	14.37	0
854	2020-07-27	14.37	14.37	14.37	14.37	0
855	2020-07-28	14.37	14.37	14.37	14.37	0
856	2020-07-29	14.37	14.37	14.37	14.37	0
857	2020-07-30	14.37	14.37	14.37	14.37	0
858	2020-07-31	15.74	16.08	15.74	15.74	1700
859	2020-08-03	13.69	14.03	13.69	14.03	1500
860	2020-08-04	13.82	14.03	14.03	14.03	0
861	2020-08-05	13.82	14.03	14.03	14.03	0
862	2020-08-06	13.82	14.03	14.03	14.03	0
863	2020-08-07	13.82	14.03	14.03	14.03	0
864	2020-08-10	13.89	13.89	13.89	13.89	200
865	2020-08-11	15.4	15.4	15.4	15.4	700
866	2020-08-12	13.34	13.34	13.34	13.34	2000
867	2020-08-13	13.34	13.34	13.34	13.34	0
868	2020-08-14	14.03	14.37	13.41	13.41	3900
869	2020-08-17	14.37	14.37	14.37	14.37	1800
870	2020-08-18	14.37	15.48	15.48	15.48	0
871	2020-08-19	14.37	15.48	15.48	15.48	0
872	2020-08-20	14.37	14.37	14.37	14.37	100
873	2020-08-21	14.37	14.37	14.37	14.37	1900
874	2020-08-24	14.37	14.37	14.37	14.37	0
875	2020-08-25	14.37	14.37	12.38	14.0	1301
876	2020-08-26	13.93	14.0	14.0	14.0	0
877	2020-08-27	13.93	14.0	14.0	14.0	0
878	2020-08-28	14.0	14.0	14.0	14.0	600
879	2020-08-31	14.0	14.0	13.27	13.27	500
880	2020-09-01	13.85	14.0	13.85	14.0	600
881	2020-09-03	14.0	14.0	14.0	14.0	0
882	2020-09-04	15.48	15.48	13.63	13.63	11500
883	2020-09-07	13.71	13.71	13.63	13.63	4100
884	2020-09-08	14.0	14.0	13.63	13.63	800
885	2020-09-09	13.78	13.85	13.63	13.63	7200
886	2020-09-10	13.78	14.15	13.63	13.78	5400
887	2020-09-11	14.0	14.0	14.0	14.0	700
888	2020-09-14	14.0	14.0	14.0	14.0	0
889	2020-09-15	14.0	14.0	14.0	14.0	7800
890	2020-09-16	13.93	14.0	13.93	14.0	1600
891	2020-09-17	13.71	14.0	13.71	14.0	1200
892	2020-09-18	14.0	14.0	14.0	14.0	1600
893	2020-09-21	14.0	14.0	14.0	14.0	0
894	2020-09-22	14.0	14.0	14.0	14.0	1400
895	2020-09-23	14.0	14.0	14.0	14.0	1000
896	2020-09-24	14.15	14.15	14.15	14.15	100
897	2020-09-25	14.15	14.15	14.0	14.0	600
898	2020-09-28	14.15	14.0	14.0	14.0	0
899	2020-09-29	14.0	14.0	14.0	14.0	100
900	2020-09-30	14.0	14.0	14.0	14.0	1000
901	2020-10-01	14.0	14.0	14.0	14.0	2400
902	2020-10-02	14.0	14.0	14.0	14.0	0
903	2020-10-05	14.0	14.0	14.0	14.0	0
904	2020-10-06	14.0	14.0	14.0	14.0	1100
905	2020-10-07	14.0	14.0	14.0	14.0	600
906	2020-10-08	14.37	14.37	14.37	14.37	1000
907	2020-10-09	14.37	14.37	14.37	14.37	600
908	2020-10-12	14.37	14.37	14.37	14.37	0
909	2020-10-13	14.37	14.37	14.37	14.37	0
910	2020-10-14	14.37	14.37	14.37	14.37	2200
911	2020-10-15	14.37	14.37	14.37	14.37	500
912	2020-10-16	14.37	14.37	14.37	14.37	0
913	2020-10-19	14.37	14.37	14.37	14.37	0
914	2020-10-20	14.37	14.37	14.37	14.37	0
915	2020-10-21	14.37	14.37	14.37	14.37	0
916	2020-10-22	14.37	14.37	14.37	14.37	0
917	2020-10-23	14.37	14.37	14.37	14.37	0
918	2020-10-26	14.37	14.37	14.37	14.37	0
919	2020-10-27	14.37	14.37	14.37	14.37	0
920	2020-10-28	14.37	14.37	14.37	14.37	0
921	2020-10-29	13.63	13.63	13.63	13.63	200
922	2020-10-30	13.63	13.63	13.63	13.63	0
923	2020-11-02	13.63	13.63	13.63	13.63	0
924	2020-11-03	13.63	13.63	13.63	13.63	0
925	2020-11-04	13.63	13.63	13.63	13.63	0
926	2020-11-05	13.63	13.63	13.63	13.63	0
927	2020-11-06	13.63	13.63	13.63	13.63	2000
928	2020-11-09	13.63	13.63	13.63	13.63	0
929	2020-11-10	13.63	13.63	13.63	13.63	0
930	2020-11-11	13.63	13.63	13.63	13.63	0
931	2020-11-12	13.63	13.63	13.63	13.63	200
932	2020-11-13	13.63	13.63	13.63	13.63	1000
933	2020-11-16	13.78	14.0	13.78	14.0	2500
934	2020-11-17	13.93	14.0	14.0	14.0	0
935	2020-11-18	13.93	14.0	14.0	14.0	0
936	2020-11-19	13.27	13.71	13.27	13.27	600
937	2020-11-20	13.56	13.56	13.56	13.56	100
938	2020-11-23	13.56	13.56	13.56	13.56	700
939	2020-11-24	13.56	13.56	13.56	13.56	300
940	2020-11-25	13.85	13.85	13.85	13.85	1200
941	2020-11-26	13.85	14.37	13.85	14.37	2800
942	2020-11-27	14.0	14.0	14.0	14.0	300
943	2020-11-30	14.0	14.0	14.0	14.0	0
944	2020-12-01	14.0	14.0	14.0	14.0	0
945	2020-12-02	14.0	14.0	14.0	14.0	0
946	2020-12-03	14.0	14.37	14.0	14.3	16300
947	2020-12-04	14.08	14.3	14.3	14.3	0
948	2020-12-07	14.74	14.74	14.37	14.37	800
949	2020-12-08	14.44	14.37	14.37	14.37	0
950	2020-12-09	14.74	14.74	14.74	14.74	100
951	2020-12-10	14.0	14.74	13.63	14.74	1400
952	2020-12-11	14.15	14.74	14.74	14.74	0
953	2020-12-14	14.15	14.74	14.74	14.74	0
954	2020-12-15	14.15	14.74	14.74	14.74	0
955	2020-12-16	14.74	14.74	14.74	14.74	2400
956	2020-12-17	14.15	14.15	14.08	14.08	13700
957	2020-12-18	14.0	14.0	14.0	14.0	2200
958	2020-12-21	14.0	14.0	14.0	14.0	100
959	2020-12-22	14.0	14.0	14.0	14.0	200
960	2020-12-23	14.0	14.0	14.0	14.0	200
961	2020-12-24	14.0	14.0	14.0	14.0	500
962	2020-12-25	14.0	14.0	14.0	14.0	0
963	2020-12-28	14.22	14.22	14.22	14.22	1000
964	2020-12-29	14.22	14.22	14.22	14.22	0
965	2020-12-30	14.22	14.22	14.22	14.22	0
966	2020-12-31	14.37	14.37	14.37	14.37	100
967	2021-01-04	14.22	14.37	14.22	14.37	2100
968	2021-01-05	14.74	14.74	14.74	14.74	200
969	2021-01-06	14.74	15.11	14.74	15.11	400
970	2021-01-07	14.74	14.74	14.74	14.74	100
971	2021-01-08	14.74	14.74	14.74	14.74	100
972	2021-01-11	14.74	14.74	14.74	14.74	500
973	2021-01-12	15.11	15.84	15.11	15.84	1400
974	2021-01-13	16.21	16.21	15.62	15.62	5400
975	2021-01-14	16.21	16.21	16.21	16.21	2220
976	2021-01-15	16.21	18.42	15.84	15.84	1700
977	2021-01-18	16.58	16.58	16.21	16.21	3000
978	2021-01-19	16.58	16.58	16.58	16.58	2169
979	2021-01-20	16.58	16.58	16.58	16.58	0
980	2021-01-21	15.48	15.48	15.48	15.48	5700
981	2021-01-22	15.55	15.55	15.55	15.55	100
982	2021-01-25	15.48	15.84	15.48	15.48	3000
983	2021-01-26	16.21	16.21	15.84	16.21	12300
984	2021-01-27	15.48	16.21	15.4	16.21	10000
985	2021-01-28	14.74	14.74	14.0	14.0	4000
986	2021-01-29	14.59	14.0	14.0	14.0	0
987	2021-02-01	14.59	14.0	14.0	14.0	0
988	2021-02-02	14.59	14.0	14.0	14.0	0
989	2021-02-03	14.59	14.0	14.0	14.0	0
990	2021-02-04	14.74	16.29	14.74	14.74	2100
991	2021-02-05	16.14	16.14	14.0	14.0	5500
992	2021-02-08	14.0	14.08	14.0	14.0	2000
993	2021-02-09	14.0	14.0	14.0	14.0	0
994	2021-02-17	14.0	14.0	14.0	14.0	0
995	2021-02-18	14.74	15.4	14.74	15.4	1400
996	2021-02-19	14.81	15.4	15.4	15.4	0
997	2021-02-22	14.81	15.4	15.4	15.4	0
998	2021-02-23	15.4	15.4	15.4	15.4	300
999	2021-02-24	14.81	14.81	14.81	14.81	3400
1000	2021-02-25	14.89	14.89	14.89	14.89	1000
1001	2021-02-26	14.74	14.74	14.74	14.74	1500
1002	2021-03-01	14.52	14.52	14.52	14.52	320
1003	2021-03-02	14.74	14.74	14.74	14.74	700
1004	2021-03-03	15.48	15.48	15.48	15.48	100
1005	2021-03-04	16.95	16.95	16.21	16.95	2400
1006	2021-03-05	16.95	16.95	16.95	16.95	0
1007	2021-03-08	16.95	16.95	16.95	16.95	10200
1008	2021-03-09	16.95	16.95	16.95	16.95	0
1009	2021-03-10	16.95	16.95	16.95	16.95	0
1010	2021-03-11	16.95	16.95	16.88	16.88	200
1011	2021-03-12	16.88	16.88	16.88	16.88	100
1012	2021-03-15	16.88	16.88	16.88	16.88	0
1013	2021-03-16	16.88	16.88	16.88	16.88	0
1014	2021-03-17	15.48	15.48	15.48	15.48	11100
1015	2021-03-18	15.48	15.48	15.48	15.48	1000
1016	2021-03-19	15.48	15.48	15.48	15.48	0
1017	2021-03-22	15.48	15.48	15.48	15.48	0
1018	2021-03-23	15.48	15.48	15.48	15.48	7700
1019	2021-03-24	15.48	15.48	15.48	15.48	11600
1020	2021-03-25	15.48	15.48	15.48	15.48	0
1021	2021-03-26	15.48	15.48	15.48	15.48	2000
1022	2021-03-29	15.48	15.48	15.48	15.48	0
1023	2021-03-30	15.48	15.48	15.48	15.48	300
1024	2021-03-31	15.48	15.48	15.48	15.48	5000
1025	2021-04-01	15.48	15.48	13.27	13.27	23400
1026	2021-04-02	15.48	15.48	15.48	15.48	200
1027	2021-04-05	15.48	15.48	15.48	15.48	0
1028	2021-04-06	15.48	15.48	15.11	15.11	200
1029	2021-04-07	15.33	15.11	15.11	15.11	0
1030	2021-04-08	15.33	15.11	15.11	15.11	0
1031	2021-04-09	16.21	16.21	15.84	15.84	1100
1032	2021-04-12	15.84	15.84	15.48	15.48	1100
1033	2021-04-13	15.48	15.48	15.48	15.48	1500
1034	2021-04-14	16.21	17.76	16.21	17.76	70800
1035	2021-04-15	18.42	18.42	18.42	18.42	4400
1036	2021-04-16	18.42	19.16	18.42	19.16	700
1037	2021-04-19	16.95	17.69	16.95	17.69	6840
1038	2021-04-20	16.95	16.95	16.95	16.95	1700
1039	2021-04-22	16.95	16.95	16.95	16.95	3000
1040	2021-04-23	16.95	16.95	16.95	16.95	5000
1041	2021-04-26	16.95	16.95	16.95	16.95	12400
1042	2021-04-27	16.95	16.95	16.95	16.95	3000
1043	2021-04-28	16.95	16.95	16.95	16.95	0
1044	2021-04-29	16.95	16.95	16.95	16.95	4000
1045	2021-05-04	16.95	16.95	16.95	16.95	0
1046	2021-05-05	16.95	16.95	16.95	16.95	10000
1047	2021-05-06	16.95	16.95	16.95	16.95	11000
1048	2021-05-07	16.95	17.69	16.95	16.95	22400
1049	2021-05-10	16.95	18.06	16.95	18.06	20100
1050	2021-05-11	17.98	17.98	17.39	17.39	5500
1051	2021-05-12	17.69	17.69	17.39	17.39	4100
1052	2021-05-13	17.39	17.39	17.39	17.39	1600
1053	2021-05-14	17.39	17.39	17.39	17.39	0
1054	2021-05-17	17.69	17.69	17.39	17.39	700
1055	2021-05-18	17.54	17.39	17.39	17.39	0
1056	2021-05-19	17.39	17.69	17.39	17.69	6201
1057	2021-05-20	17.69	17.69	17.69	17.69	300
1058	2021-05-21	17.69	17.69	17.39	17.39	3900
1059	2021-05-24	17.32	17.32	17.32	17.32	500
1060	2021-05-25	17.32	17.39	17.32	17.39	2400
1061	2021-05-26	17.32	17.32	17.32	17.32	12600
1062	2021-05-27	17.32	17.32	17.32	17.32	0
1063	2021-05-28	17.39	17.69	17.39	17.54	3900
1064	2021-05-31	17.32	17.54	17.32	17.54	8300
1065	2021-06-01	17.39	17.54	17.54	17.54	0
1066	2021-06-02	17.39	17.54	17.54	17.54	0
1067	2021-06-03	17.69	17.69	17.69	17.69	500
1068	2021-06-04	17.69	17.69	17.69	17.69	100
1069	2021-06-07	17.69	17.69	17.61	17.61	1000
1070	2021-06-08	17.69	17.69	17.69	17.69	2000
1071	2021-06-09	17.69	17.69	17.69	17.69	0
1072	2021-06-10	17.69	17.69	17.69	17.69	0
1073	2021-06-11	17.61	17.61	17.61	17.61	900
1074	2021-06-14	16.58	16.58	16.58	16.58	600
1075	2021-06-15	17.69	17.69	17.69	17.69	300
1076	2021-06-16	17.69	17.69	17.69	17.69	0
1077	2021-06-17	17.69	17.69	17.69	17.69	400
1078	2021-06-18	17.69	17.69	17.69	17.69	2000
1079	2021-06-21	17.69	17.69	17.69	17.69	2300
1080	2021-06-22	17.54	17.54	17.54	17.54	1000
1081	2021-06-23	17.32	17.69	17.32	17.69	46400
1082	2021-06-24	17.69	17.69	17.69	17.69	0
1083	2021-06-25	17.69	17.69	17.69	17.69	0
1084	2021-06-28	17.69	17.69	17.69	17.69	3000
1085	2021-06-29	17.69	17.76	17.69	17.76	2400
1086	2021-06-30	17.69	17.69	17.69	17.69	2000
1087	2021-07-01	17.83	17.83	17.83	17.83	1000
1088	2021-07-02	17.83	17.83	17.83	17.83	3100
1089	2021-07-05	17.83	17.83	17.83	17.83	0
1090	2021-07-06	17.91	18.42	17.91	17.91	2800
1091	2021-07-07	17.69	17.69	17.69	17.69	2000
1092	2021-07-08	17.69	17.69	17.69	17.69	0
1093	2021-07-09	17.69	17.69	17.69	17.69	0
1094	2021-07-12	17.69	17.69	17.69	17.69	0
1095	2021-07-13	17.54	17.54	17.54	17.54	100
1096	2021-07-14	17.54	17.69	17.54	17.69	600
1097	2021-07-15	17.54	17.69	17.69	17.69	0
1098	2021-07-16	18.42	18.42	18.42	18.42	4000
1099	2021-07-19	17.54	17.54	17.54	17.54	2200
1100	2021-07-20	17.54	17.54	17.54	17.54	1400
1101	2021-07-21	17.69	17.69	17.69	17.69	600
1102	2021-07-22	18.06	18.06	17.98	17.98	1100
1103	2021-07-23	18.06	17.98	17.98	17.98	0
1104	2021-07-26	18.06	17.98	17.98	17.98	0
1105	2021-07-27	18.06	17.98	17.98	17.98	0
1106	2021-07-28	18.06	18.06	18.06	18.06	200
1107	2021-07-29	18.06	18.06	18.06	18.06	0
1108	2021-07-30	18.06	18.06	18.06	18.06	0
1109	2021-08-02	18.06	18.35	18.06	18.35	200
1110	2021-08-03	18.2	18.35	18.35	18.35	0
1111	2021-08-04	18.2	18.2	18.2	18.2	160
1112	2021-08-05	18.2	18.2	18.2	18.2	400
1113	2021-08-06	18.13	18.13	18.13	18.13	500
1114	2021-08-09	18.13	18.13	18.13	18.13	500
1115	2021-08-10	18.42	18.42	18.42	18.42	500
1116	2021-08-11	18.06	18.06	18.06	18.06	4100
1117	2021-08-12	18.06	18.13	18.06	18.13	2230
1118	2021-08-13	18.06	18.06	18.06	18.06	1900
1119	2021-08-16	18.42	18.94	18.42	18.79	47760
1120	2021-08-17	18.79	19.9	18.79	19.16	31138
1121	2021-08-18	19.09	19.16	18.94	18.94	21800
1122	2021-08-19	19.95	19.95	19.56	19.63	5500
1123	2021-08-20	19.63	19.63	19.16	19.16	7100
1124	2021-08-23	18.77	18.77	18.77	18.77	1810
1125	2021-08-24	18.77	18.77	18.77	18.77	2800
1126	2021-08-25	18.77	18.93	18.77	18.93	1030
1127	2021-08-26	18.93	19.01	18.93	19.01	800
1128	2021-08-27	19.24	19.24	19.09	19.09	1200
1129	2021-08-30	19.48	19.48	19.48	19.48	600
1130	2021-08-31	19.48	19.48	19.48	19.48	20000
1131	2021-09-01	19.56	19.56	17.99	17.99	16200
1132	2021-09-06	18.15	17.99	17.99	17.99	0
1133	2021-09-07	18.15	18.54	18.15	18.15	8000
1134	2021-09-08	18.38	18.38	18.38	18.38	700
1135	2021-09-09	18.38	18.38	18.07	18.38	6500
1136	2021-09-10	18.54	18.54	18.38	18.38	1100
1137	2021-09-13	18.7	18.7	18.62	18.62	400
1138	2021-09-14	18.7	18.7	18.62	18.62	4700
1139	2021-09-15	18.62	18.62	18.15	18.15	1500
1140	2021-09-16	18.3	18.3	18.3	18.3	3000
1141	2021-09-17	18.3	18.3	18.3	18.3	1900
1142	2021-09-20	18.3	18.3	18.3	18.3	1700
1143	2021-09-21	17.99	17.99	17.99	17.99	12100
1144	2021-09-22	17.99	18.54	17.99	18.54	1600
1145	2021-09-23	18.7	18.7	18.3	18.3	2000
1146	2021-09-24	17.99	18.38	17.99	18.38	2600
1147	2021-09-27	17.99	17.99	17.99	17.99	6000
1148	2021-09-28	17.99	17.99	17.99	17.99	5200
1149	2021-09-29	17.99	18.38	17.99	17.99	3100
1150	2021-09-30	17.99	18.07	17.99	18.07	2000
1151	2021-10-01	18.07	18.07	17.99	17.99	3200
1152	2021-10-04	17.99	17.99	17.99	17.99	1500
1153	2021-10-05	17.99	17.99	17.99	17.99	0
1154	2021-10-06	17.99	17.99	17.99	17.99	1100
1155	2021-10-07	17.99	17.99	17.99	17.99	5000
1156	2021-10-08	17.99	17.99	17.99	17.99	9400
1157	2021-10-11	17.6	17.99	17.6	17.99	11300
1158	2021-10-12	17.99	17.99	17.99	17.99	3100
1159	2021-10-13	17.99	18.38	17.99	18.3	21900
1160	2021-10-14	18.38	18.38	18.3	18.3	600
1161	2021-10-15	18.7	18.77	18.7	18.77	1500
1162	2021-10-18	18.77	19.71	18.77	19.09	17000
1163	2021-10-19	18.77	18.85	18.77	18.77	4700
1164	2021-10-20	18.85	18.85	18.77	18.77	9500
1165	2021-10-21	18.77	18.77	18.77	18.77	2500
1166	2021-10-22	19.48	20.26	19.48	20.26	8700
1167	2021-10-25	20.26	20.34	19.16	19.16	5420
1168	2021-10-26	20.18	20.26	20.03	20.03	1600
1169	2021-10-27	20.1	20.34	20.1	20.1	2900
1170	2021-10-28	20.26	20.26	20.03	20.18	3600
1171	2021-10-29	19.95	20.18	19.87	19.95	8420
1172	2021-11-01	19.95	19.95	19.95	19.95	5800
1173	2021-11-02	20.73	20.73	20.73	20.73	800
1174	2021-11-03	20.34	20.34	20.34	20.34	100
1175	2021-11-04	20.34	20.34	19.95	19.95	300
1176	2021-11-05	21.9	21.9	19.63	20.73	2100
1177	2021-11-08	20.26	20.26	20.03	20.03	1300
1178	2021-11-09	20.1	20.1	19.87	20.1	25700
1179	2021-11-10	20.03	20.73	19.79	20.73	13150
1180	2021-11-11	20.34	20.34	20.26	20.34	13900
1181	2021-11-12	20.26	20.34	20.18	20.34	5900
1182	2021-11-15	20.34	20.42	20.34	20.34	3800
1183	2021-11-16	20.34	20.34	20.34	20.34	0
1184	2021-11-17	20.34	21.12	20.34	21.12	6200
1185	2021-11-18	20.65	20.73	20.65	20.73	10800
1186	2021-11-19	20.89	20.89	20.89	20.89	11100
1187	2021-11-22	20.89	20.89	20.89	20.89	0
1188	2021-11-23	20.89	20.89	20.89	20.89	0
1189	2021-11-24	20.65	20.73	20.65	20.73	2400
1190	2021-11-25	20.73	21.04	20.73	20.73	5900
1191	2021-11-26	20.73	20.73	20.73	20.73	600
1192	2021-11-29	21.9	21.9	21.12	21.12	200
1193	2021-11-30	20.81	20.81	20.81	20.81	100
1194	2021-12-01	20.89	21.12	20.81	21.12	23110
1195	2021-12-02	21.12	21.12	20.81	20.81	2900
1196	2021-12-03	21.12	21.12	20.89	20.89	200
1197	2021-12-06	20.73	20.73	20.65	20.65	2100
1198	2021-12-07	17.6	20.65	17.6	20.65	2600
1199	2021-12-08	20.57	20.57	20.57	20.57	1310
1200	2021-12-09	20.65	20.65	20.65	20.65	1400
1201	2021-12-10	20.65	20.65	20.65	20.65	4100
1202	2021-12-13	20.65	20.65	20.65	20.65	0
1203	2021-12-14	20.73	20.73	20.65	20.65	4900
1204	2021-12-15	20.65	20.65	20.65	20.65	0
1205	2021-12-16	20.81	20.89	20.65	20.65	9700
1206	2021-12-17	20.73	20.73	20.73	20.73	6001
1207	2021-12-20	20.73	20.73	20.73	20.73	0
1208	2021-12-21	20.73	20.73	20.73	20.73	0
1209	2021-12-22	21.12	21.12	20.81	20.81	2600
1210	2021-12-23	21.12	21.12	21.12	21.12	0
1211	2021-12-24	21.12	21.12	20.81	20.81	8000
1212	2021-12-27	20.89	20.89	20.65	20.65	200
1213	2021-12-28	20.65	20.65	20.65	20.65	310
1214	2021-12-29	20.65	20.65	20.65	20.65	0
1215	2021-12-30	20.96	21.12	20.96	21.12	700
1216	2021-12-31	21.04	21.04	21.04	21.04	0
1217	2022-01-04	21.12	21.12	20.34	20.34	3300
1218	2022-01-05	20.57	21.04	20.57	20.57	4800
1219	2022-01-06	20.57	20.81	20.34	20.34	15300
1220	2022-01-07	20.34	20.57	20.34	20.42	4000
1221	2022-01-10	20.42	20.49	20.34	20.34	25400
1222	2022-01-11	20.42	20.49	20.26	20.34	20800
1223	2022-01-12	20.34	20.34	20.34	20.34	1800
1224	2022-01-13	20.34	20.34	20.34	20.34	0
1225	2022-01-14	20.34	20.42	20.34	20.42	5100
1226	2022-01-17	20.42	20.42	20.42	20.42	0
1227	2022-01-18	19.95	19.95	19.32	19.32	3900
1228	2022-01-19	19.95	20.18	19.95	20.18	2000
1229	2022-01-20	20.34	20.34	20.18	20.18	16800
1230	2022-01-21	20.57	20.73	20.34	20.57	24700
1231	2022-01-24	20.73	20.73	20.42	20.42	13400
1232	2022-01-25	20.49	20.57	20.49	20.49	36000
1233	2022-01-26	20.34	20.65	20.34	20.65	99300
1234	2022-01-27	20.57	20.57	20.42	20.49	20500
1235	2022-01-28	20.73	22.68	20.49	20.65	46200
1236	2022-02-07	21.04	21.04	20.89	20.89	41900
1237	2022-02-08	21.04	21.51	21.04	21.51	60400
1238	2022-02-09	21.28	22.68	21.28	22.68	59400
1239	2022-02-10	22.68	23.47	22.29	22.92	59000
1240	2022-02-11	22.45	22.68	22.22	22.53	34400
1241	2022-02-14	22.37	22.53	21.9	22.45	54200
1242	2022-02-15	22.68	24.64	22.68	24.17	25200
1243	2022-02-16	23.94	25.58	23.94	25.03	12800
1244	2022-02-17	24.88	24.88	23.94	24.25	24600
1245	2022-02-18	24.25	24.64	24.17	24.17	8600
1246	2022-02-21	23.47	23.47	22.68	22.84	14300
1247	2022-02-22	23.47	23.47	23.15	23.47	4600
1248	2022-02-23	23.23	23.47	23.23	23.47	3300
1249	2022-02-24	23.47	23.47	22.68	23.47	33848
1250	2022-02-25	23.08	23.55	23.08	23.47	8200
1251	2022-02-28	22.68	24.17	22.68	23.47	23700
1252	2022-03-01	23.39	23.7	23.31	23.7	15200
1253	2022-03-02	23.86	24.17	23.7	23.94	12300
1254	2022-03-03	24.64	24.64	23.47	23.94	8500
1255	2022-03-04	23.55	24.01	23.47	24.01	6100
1256	2022-03-07	23.47	23.86	23.47	23.86	52200
1257	2022-03-08	23.39	23.62	23.39	23.47	115600
1258	2022-03-09	23.47	23.86	23.47	23.47	77700
1259	2022-03-10	23.62	23.86	23.55	23.86	1600
1260	2022-03-11	23.47	23.55	23.47	23.55	10800
1261	2022-03-14	23.62	23.62	23.55	23.55	2800
1262	2022-03-15	23.55	23.86	23.47	23.86	6300
1263	2022-03-16	23.55	23.55	23.47	23.55	7100
1264	2022-03-17	23.47	23.86	23.47	23.86	7300
1265	2022-03-18	23.86	23.86	23.86	23.86	2400
1266	2022-03-21	23.86	23.86	23.62	23.62	5200
1267	2022-03-22	23.47	23.86	23.47	23.86	12400
1268	2022-03-23	23.62	24.25	23.62	24.25	8202
1269	2022-03-24	23.7	24.25	23.7	24.25	5000
1270	2022-03-25	24.25	24.33	24.25	24.33	500
1271	2022-03-28	24.25	24.41	23.62	24.41	15440
1272	2022-03-29	24.48	25.03	24.25	25.03	3300
1273	2022-03-30	24.64	24.64	24.25	24.25	3400
1274	2022-03-31	24.64	25.34	24.64	25.03	9300
1275	2022-04-01	25.42	25.81	25.34	25.81	8300
1276	2022-04-04	25.81	27.38	25.81	26.28	4900
1277	2022-04-05	27.38	27.38	27.38	27.38	6100
1278	2022-04-06	26.6	27.38	26.6	26.99	7300
1279	2022-04-07	27.14	27.38	26.6	27.38	14400
1280	2022-04-08	26.6	26.67	26.6	26.6	7600
1281	2022-04-12	25.89	26.6	25.03	26.6	11700
1282	2022-04-13	25.81	25.81	25.81	25.81	9600
1283	2022-04-14	25.81	26.21	25.81	26.21	2900
1284	2022-04-15	27.22	27.22	27.22	27.22	100
1285	2022-04-18	27.22	27.22	27.22	27.22	100
1286	2022-04-19	27.22	27.22	27.22	27.22	0
1287	2022-04-20	25.42	25.81	25.42	25.81	500
1288	2022-04-21	25.74	25.74	25.74	25.74	100
1289	2022-04-22	25.03	25.03	24.41	25.03	2500
1290	2022-04-25	25.03	25.5	25.03	25.42	800
1291	2022-04-26	25.19	25.34	25.03	25.34	900
1292	2022-04-27	25.27	26.91	25.27	26.91	1500
1293	2022-04-28	26.6	26.6	26.6	26.6	200
1294	2022-04-29	25.81	26.6	25.81	26.6	800
1295	2022-05-04	26.6	27.77	26.6	27.77	15700
1296	2022-05-05	27.38	27.38	26.67	27.38	2700
1297	2022-05-06	26.99	27.46	26.99	27.38	16800
1298	2022-05-09	26.21	26.99	25.19	26.99	4500
1299	2022-05-10	25.97	25.97	25.97	25.97	0
1300	2022-05-11	25.97	25.97	25.97	25.97	900
1301	2022-05-12	25.03	25.03	23.47	23.47	1300
1302	2022-05-13	24.09	24.25	22.68	23.39	4500
1303	2022-05-16	23.47	25.11	23.47	25.11	200
1304	2022-05-17	24.64	24.64	24.64	24.64	200
1305	2022-05-18	25.66	25.66	24.8	24.8	5600
1306	2022-05-19	25.03	25.03	25.03	25.03	200
1307	2022-05-20	25.66	25.66	23.62	23.7	13400
1308	2022-05-23	23.94	24.64	23.86	23.86	7000
1309	2022-05-24	24.01	24.01	23.78	23.78	4000
1310	2022-05-25	24.25	24.25	24.25	24.25	100
1311	2022-05-26	24.25	24.25	23.94	24.25	4000
1312	2022-05-27	24.25	24.25	24.25	24.25	1300
1313	2022-05-30	24.33	25.03	24.33	25.03	9200
1314	2022-05-31	24.8	25.81	24.8	25.81	15303
1315	2022-06-01	24.33	24.41	24.33	24.41	1000
1316	2022-06-02	25.72	25.72	25.72	25.72	1000
1317	2022-06-03	25.89	25.89	25.89	25.89	1000
1318	2022-06-06	25.89	25.89	25.89	25.89	0
1319	2022-06-07	25.89	25.89	25.07	25.48	4300
1320	2022-06-08	25.4	25.4	25.4	25.4	400
1321	2022-06-09	25.15	25.15	25.15	25.15	3500
1322	2022-06-10	24.74	25.48	24.74	24.74	5300
1323	2022-06-13	24.66	24.66	24.49	24.49	12800
1324	2022-06-14	24.66	24.66	24.66	24.66	100
1325	2022-06-15	24.33	24.33	24.08	24.08	4700
1326	2022-06-16	24.16	24.24	24.16	24.16	1812
1327	2022-06-17	24.08	24.08	23.92	24.08	5300
1328	2022-06-20	24.0	24.0	24.0	24.0	0
1329	2022-06-21	23.09	23.09	23.01	23.09	600
1330	2022-06-22	23.5	23.59	23.5	23.59	3600
1331	2022-06-23	23.83	23.83	23.59	23.59	3300
1332	2022-06-24	23.67	23.67	23.67	23.67	0
1333	2022-06-27	23.09	25.15	23.09	25.15	710
1334	2022-06-28	24.24	24.24	24.24	24.24	0
1335	2022-06-29	24.66	24.66	24.24	24.57	1418
1336	2022-06-30	24.49	24.49	24.49	24.49	0
1337	2022-07-01	23.42	23.42	23.42	23.42	100
1338	2022-07-04	23.5	23.5	23.5	23.5	300
1339	2022-07-05	23.83	24.41	23.83	24.41	400
1340	2022-07-06	24.24	24.24	24.24	24.24	0
1341	2022-07-07	24.24	24.24	24.24	24.24	0
1342	2022-07-08	24.24	24.24	24.16	24.16	1600
1343	2022-07-11	23.83	24.16	23.83	24.16	5300
1344	2022-07-12	23.67	23.83	23.42	23.83	6200
1345	2022-07-13	23.75	23.83	23.75	23.83	8900
1346	2022-07-14	24.0	24.57	23.83	24.16	4700
1347	2022-07-15	24.08	24.08	24.08	24.08	100
1348	2022-07-18	24.66	24.66	24.66	24.66	11500
1349	2022-07-19	24.66	25.07	24.66	24.66	3900
1350	2022-07-20	25.89	28.52	25.89	28.52	5400
1351	2022-07-21	32.05	32.05	30.41	30.41	22000
1352	2022-07-22	28.76	28.76	27.12	28.68	3400
1353	2022-07-25	28.76	28.76	28.76	28.76	2100
1354	2022-07-26	28.76	28.93	28.35	28.93	900
1355	2022-07-27	28.44	28.44	27.37	28.44	3900
1356	2022-07-28	29.09	29.09	28.35	29.09	22600
1357	2022-07-29	29.01	30.74	29.01	30.41	42100
1358	2022-08-01	32.05	32.05	30.08	31.48	18600
1359	2022-08-02	30.41	31.23	30.41	31.23	22500
1360	2022-08-03	31.15	31.15	31.15	31.15	1800
1361	2022-08-04	29.59	29.59	29.59	29.59	200
1362	2022-08-05	31.07	31.39	28.76	31.39	34900
1363	2022-08-08	30.08	30.9	30.08	30.9	1812
1364	2022-08-09	30.41	31.39	30.0	31.39	9200
1365	2022-08-10	31.23	31.23	31.23	31.23	100
1366	2022-08-11	34.44	34.44	34.11	34.11	200
1367	2022-08-12	31.23	32.55	30.41	32.55	3410
1368	2022-08-15	34.52	34.52	31.64	31.64	9500
1369	2022-08-16	30.98	31.64	30.9	31.64	3100
1370	2022-08-17	31.31	31.31	31.31	31.31	900
1371	2022-08-18	31.31	31.64	30.41	31.64	16600
1372	2022-08-19	30.82	31.64	30.82	31.64	300
1373	2022-08-22	31.39	31.39	31.39	31.39	0
1374	2022-08-23	31.39	31.39	31.39	31.39	0
1375	2022-08-24	30.82	31.39	30.82	31.39	5279
1376	2022-08-25	31.39	31.39	30.41	31.39	15100
1377	2022-08-26	30.74	30.74	30.74	30.74	0
1378	2022-08-29	30.41	31.39	30.41	31.39	700
1379	2022-08-30	30.41	32.05	30.41	31.97	2500
1380	2022-08-31	32.87	32.87	32.05	32.05	400
1381	2022-09-05	30.82	32.05	30.82	32.05	200
1382	2022-09-06	30.9	31.56	30.9	31.23	20900
1383	2022-09-07	30.82	31.39	30.49	31.39	5100
1384	2022-09-08	31.89	31.89	31.23	31.23	12300
1385	2022-09-09	31.23	31.23	31.23	31.23	8001
1386	2022-09-12	31.23	31.23	31.23	31.23	3800
1387	2022-09-13	31.48	31.48	31.48	31.48	1400
1388	2022-09-14	31.23	31.48	31.23	31.39	6213
1389	2022-09-15	31.56	31.56	31.56	31.56	5000
1390	2022-09-16	32.05	32.79	30.57	32.79	1000
1391	2022-09-19	31.64	31.64	31.64	31.64	0
1392	2022-09-20	31.39	32.38	31.39	32.38	1400
1393	2022-09-21	31.97	31.97	31.97	31.97	200
1394	2022-09-22	31.97	31.97	31.97	31.97	0
1395	2022-09-23	31.97	32.05	31.97	32.05	840
1396	2022-09-26	31.23	31.56	31.23	31.56	3101
1397	2022-09-27	32.63	32.63	31.23	32.46	700
1398	2022-09-28	32.13	32.13	32.13	32.13	0
1399	2022-09-29	32.05	32.05	32.05	32.05	500
1400	2022-09-30	31.07	31.64	30.49	31.64	4401
1401	2022-10-03	32.71	32.71	32.71	32.71	400
1402	2022-10-04	31.31	31.64	30.9	31.64	3401
1403	2022-10-05	31.97	31.97	31.97	31.97	200
1404	2022-10-06	30.49	31.81	30.49	31.81	1400
1405	2022-10-07	30.49	30.57	30.41	30.57	8600
1406	2022-10-10	32.87	32.87	30.82	30.82	310
1407	2022-10-11	32.13	32.13	30.57	30.57	1400
1408	2022-10-12	30.82	30.82	30.41	30.41	1400
1409	2022-10-13	30.41	30.82	30.41	30.82	2200
1410	2022-10-14	30.49	30.57	30.41	30.41	4605
1411	2022-10-17	30.49	30.49	30.33	30.33	2000
1412	2022-10-18	31.64	31.64	31.64	31.64	400
1413	2022-10-19	31.64	31.64	30.82	30.82	1612
1414	2022-10-20	31.23	31.23	31.23	31.23	0
1415	2022-10-21	30.49	30.49	30.33	30.33	800
1416	2022-10-24	26.05	30.08	25.97	25.97	60100
1417	2022-10-25	26.05	26.05	25.48	25.48	27600
1418	2022-10-26	25.48	25.89	24.66	24.66	15600
1419	2022-10-27	25.48	25.89	25.15	25.15	9230
1420	2022-10-28	25.15	25.23	25.15	25.23	1100
1421	2022-10-31	25.48	25.48	24.66	24.74	5700
1422	2022-11-01	24.82	25.15	24.82	24.82	9100
1423	2022-11-02	25.48	25.48	25.07	25.07	4800
1424	2022-11-03	25.23	25.23	25.23	25.23	0
1425	2022-11-04	24.82	24.82	24.33	24.41	11800
1426	2022-11-07	24.66	24.66	24.66	24.66	4247
1427	2022-11-08	24.66	25.07	24.66	24.66	3600
1428	2022-11-09	24.66	24.66	24.66	24.66	0
1429	2022-11-10	24.66	24.66	24.24	24.24	500
1430	2022-11-11	25.07	25.07	24.66	24.66	400
1431	2022-11-14	24.49	24.49	24.24	24.24	1700
1432	2022-11-15	24.24	24.24	22.93	23.01	1800
1433	2022-11-16	23.83	24.0	23.01	23.42	6400
1434	2022-11-17	25.12	25.12	25.12	25.12	100
1435	2022-11-18	25.12	25.12	23.42	25.12	400
1436	2022-11-21	24.27	24.27	24.27	24.27	0
1437	2022-11-22	24.52	25.54	24.52	25.54	7600
1438	2022-11-23	25.54	25.54	25.54	25.54	3000
1439	2022-11-24	25.54	25.54	25.54	25.54	3900
1440	2022-11-25	25.54	25.54	25.54	25.54	4000
1441	2022-11-28	25.54	25.54	25.54	25.54	0
1442	2022-11-29	23.42	23.93	23.42	23.84	3100
1443	2022-11-30	25.54	26.4	25.54	25.54	2200
1444	2022-12-01	25.2	25.2	24.86	24.86	1800
1445	2022-12-02	25.97	25.97	25.54	25.54	500
1446	2022-12-05	24.35	26.4	24.27	26.4	700
1447	2022-12-06	26.14	26.14	26.14	26.14	100
1448	2022-12-07	25.54	25.54	25.54	25.54	1200
1449	2022-12-08	25.54	25.54	25.54	25.54	0
1450	2022-12-09	25.54	25.54	25.54	25.54	100
1451	2022-12-12	25.54	25.54	25.54	25.54	0
1452	2022-12-13	24.69	24.69	24.69	24.69	400
1453	2022-12-14	24.69	24.95	24.69	24.95	3800
1454	2022-12-15	24.69	25.54	24.69	25.54	500
1455	2022-12-16	25.63	25.71	25.54	25.54	2100
1456	2022-12-19	25.54	25.54	25.54	25.54	0
1457	2022-12-20	25.54	25.54	25.54	25.54	0
1458	2022-12-21	23.84	23.84	23.84	23.84	1400
1459	2022-12-22	23.84	23.84	23.84	23.84	0
1460	2022-12-23	23.84	23.84	23.84	23.84	0
1461	2022-12-26	23.93	23.93	23.93	23.93	600
1462	2022-12-27	24.01	24.01	24.01	24.01	200
1463	2022-12-28	24.44	24.44	23.84	23.84	2600
1464	2022-12-29	24.35	25.29	24.35	25.29	2500
1465	2022-12-30	24.01	24.01	24.01	24.01	1300
1466	2023-01-03	24.1	24.1	24.01	24.01	5500
1467	2023-01-04	25.46	25.46	25.46	25.46	100
1468	2023-01-05	27.16	27.16	24.52	26.4	400
1469	2023-01-06	25.63	25.63	25.63	25.63	0
1470	2023-01-09	25.54	25.54	25.54	25.54	5300
1471	2023-01-10	25.54	25.54	25.54	25.54	0
1472	2023-01-11	25.46	25.46	23.84	23.84	31700
1473	2023-01-12	23.84	23.93	23.84	23.93	10600
1474	2023-01-13	23.84	23.93	23.84	23.93	800
1475	2023-01-16	24.1	24.1	23.93	23.93	3800
1476	2023-01-17	24.01	24.01	24.01	24.01	0
1477	2023-01-18	24.01	25.54	23.84	25.54	3700
1478	2023-01-19	23.93	24.01	23.84	23.84	20500
1479	2023-01-27	23.84	23.84	23.42	23.5	3100
1480	2023-01-30	23.59	23.93	23.42	23.42	7500
1481	2023-01-31	23.84	23.84	23.84	23.84	500
1482	2023-02-01	23.84	23.84	23.84	23.84	0
1483	2023-02-02	23.84	23.84	23.84	23.84	0
1484	2023-02-03	23.84	23.84	23.84	23.84	0
1485	2023-02-06	23.76	23.76	23.76	23.76	1100
1486	2023-02-07	23.42	23.42	23.42	23.42	200
1487	2023-02-08	23.93	23.93	23.93	23.93	1000
1488	2023-02-09	23.42	23.67	23.42	23.67	900
1489	2023-02-10	23.42	23.42	23.42	23.42	0
1490	2023-02-13	23.76	23.76	21.71	22.14	1800
1491	2023-02-14	22.14	22.14	22.14	22.14	1500
1492	2023-02-15	22.14	22.14	22.14	22.14	2500
1493	2023-02-16	22.14	22.14	22.14	22.14	4300
1494	2023-02-17	22.14	22.99	22.14	22.14	5500
1495	2023-02-20	22.22	22.22	22.22	22.22	300
1496	2023-02-21	22.22	22.22	22.22	22.22	1500
1497	2023-02-22	22.22	22.22	22.22	22.22	0
1498	2023-02-23	22.22	22.22	22.22	22.22	0
1499	2023-02-24	22.56	22.56	22.56	22.56	1500
1500	2023-02-27	22.56	22.56	22.56	22.56	0
1501	2023-02-28	22.56	22.56	22.56	22.56	0
1502	2023-03-01	22.48	22.48	22.48	22.48	100
1503	2023-03-02	23.84	23.84	23.76	23.76	200
1504	2023-03-03	23.84	23.84	23.84	23.84	0
1505	2023-03-06	23.84	23.84	23.84	23.84	0
1506	2023-03-07	23.84	23.84	23.84	23.84	0
1507	2023-03-08	23.84	23.84	23.84	23.84	0
1508	2023-03-09	21.71	21.71	21.29	21.71	4600
1509	2023-03-10	21.71	22.14	21.54	22.14	4000
1510	2023-03-13	21.54	21.8	21.54	21.8	6000
1511	2023-03-14	21.63	21.63	21.63	21.63	300
1512	2023-03-15	21.63	21.63	21.63	21.63	0
1513	2023-03-16	21.63	21.63	20.86	20.86	800
1514	2023-03-17	20.95	20.95	20.95	20.95	1200
1515	2023-03-20	20.86	20.86	20.86	20.86	300
1516	2023-03-21	20.44	20.86	20.44	20.86	400
1517	2023-03-22	20.86	20.86	20.86	20.86	600
1518	2023-03-23	21.29	21.63	21.29	21.63	700
1519	2023-03-24	21.63	21.63	21.63	21.63	1600
1520	2023-03-27	21.2	21.29	21.2	21.29	300
1521	2023-03-28	21.63	21.63	21.46	21.46	600
1522	2023-03-29	21.46	21.97	21.46	21.97	1900
1523	2023-03-30	21.71	21.71	21.71	21.71	0
1524	2023-03-31	22.14	22.14	21.71	21.71	1900
1525	2023-04-03	22.05	22.05	22.05	22.05	0
1526	2023-04-04	21.71	21.97	21.29	21.97	2100
1527	2023-04-05	21.71	21.71	21.71	21.71	100
1528	2023-04-06	21.97	21.97	21.97	21.97	300
1529	2023-04-07	22.14	22.14	22.14	22.14	100
1530	2023-04-10	23.42	23.42	22.56	22.56	400
1531	2023-04-11	21.37	21.37	21.29	21.29	1500
1532	2023-04-12	21.29	21.29	21.29	21.29	0
1533	2023-04-13	22.39	22.56	21.71	21.71	4101
1534	2023-04-14	21.29	21.37	21.29	21.37	300
1535	2023-04-17	21.29	21.29	21.29	21.29	400
1536	2023-04-18	21.71	21.71	21.71	21.71	2400
1537	2023-04-19	21.71	21.71	21.71	21.71	3700
1538	2023-04-20	21.71	21.71	21.63	21.63	5301
1539	2023-04-21	21.63	21.88	20.95	21.88	10500
1540	2023-04-24	21.12	21.12	21.12	21.12	1300
1541	2023-04-25	20.86	21.63	20.86	21.2	2201
1542	2023-04-26	21.12	21.29	21.12	21.29	1500
1543	2023-04-27	21.29	21.29	21.12	21.12	3300
1544	2023-04-28	21.12	21.46	21.12	21.46	1300
1545	2023-05-04	21.37	21.37	21.29	21.29	600
1546	2023-05-05	21.29	21.29	21.29	21.29	1
1547	2023-05-08	21.29	21.29	21.29	21.29	0
1548	2023-05-09	21.29	21.29	21.29	21.29	1100
1549	2023-05-10	21.29	21.29	21.29	21.29	6300
1550	2023-05-11	21.29	21.29	21.29	21.29	100
1551	2023-05-12	21.29	21.29	21.29	21.29	3000
1552	2023-05-15	21.29	21.29	21.29	21.29	2400
1553	2023-05-16	21.03	21.03	20.86	20.86	4000
1554	2023-05-17	20.86	21.29	20.86	21.29	3000
1555	2023-05-18	20.86	20.86	20.86	20.86	1000
1556	2023-05-19	20.86	20.86	20.86	20.86	200
1557	2023-05-22	20.86	20.86	20.86	20.86	300
1558	2023-05-23	20.86	20.86	20.86	20.86	5900
1559	2023-05-24	20.86	20.86	20.86	20.86	100
1560	2023-05-25	20.86	20.86	20.86	20.86	300
1561	2023-05-26	20.86	20.86	20.69	20.86	1000
1562	2023-05-29	20.78	20.78	20.69	20.69	7500
1563	2023-05-30	20.78	20.78	20.69	20.69	1900
1564	2023-05-31	20.69	21.29	20.52	20.86	6300
1565	2023-06-01	20.61	20.95	20.61	20.78	2200
1566	2023-06-02	21.29	21.29	20.86	21.29	3500
1567	2023-06-05	21.8	22.14	21.8	22.14	600
1568	2023-06-06	23.84	23.84	23.84	23.84	100
1569	2023-06-07	23.84	23.84	23.84	23.84	0
1570	2023-06-08	23.84	23.84	23.84	23.84	0
1571	2023-06-09	22.04	22.49	22.04	22.04	900
1572	2023-06-12	22.49	22.49	22.49	22.49	1600
1573	2023-06-13	22.49	22.94	21.68	22.94	600
1574	2023-06-14	22.22	22.49	22.22	22.49	400
1575	2023-06-15	22.67	22.67	22.13	22.13	800
1576	2023-06-16	21.77	21.77	21.77	21.77	1300
1577	2023-06-19	22.49	22.49	22.49	22.49	100
1578	2023-06-20	22.49	22.49	22.22	22.22	400
1579	2023-06-21	22.49	22.49	22.49	22.49	300
1580	2023-06-22	22.4	22.4	22.4	22.4	800
1581	2023-06-23	22.31	22.49	22.31	22.49	1400
1582	2023-06-26	23.39	23.39	23.39	23.39	200
1583	2023-06-27	22.49	23.3	22.49	23.3	5400
1584	2023-06-28	22.94	22.94	22.94	22.94	0
1585	2023-06-29	22.94	23.03	22.94	23.03	2700
1586	2023-06-30	23.03	23.03	22.94	22.94	1500
1587	2023-07-03	23.75	23.75	23.75	23.75	200
1588	2023-07-04	23.75	23.75	23.75	23.75	0
1589	2023-07-05	22.58	22.76	22.58	22.67	2800
1590	2023-07-06	22.58	23.75	22.49	23.75	1400
1591	2023-07-07	22.76	22.76	22.76	22.76	0
1592	2023-07-10	22.76	22.76	22.76	22.76	500
1593	2023-07-11	22.76	22.76	22.49	22.49	1400
1594	2023-07-12	22.58	22.58	22.58	22.58	0
1595	2023-07-13	23.75	23.75	23.75	23.75	300
1596	2023-07-14	25.19	25.19	25.19	25.19	100
1597	2023-07-17	25.19	25.19	25.19	25.19	3
1598	2023-07-18	25.19	25.19	25.19	25.19	0
1599	2023-07-19	25.19	25.19	25.19	25.19	0
1600	2023-07-20	22.49	22.49	22.49	22.49	4404
1601	2023-07-21	22.58	22.58	22.58	22.58	100
1602	2023-07-24	22.58	22.58	21.59	21.59	5201
1603	2023-07-25	22.04	22.49	22.04	22.04	4505
1604	2023-07-26	22.4	22.4	21.5	21.5	16200
1605	2023-07-27	21.68	21.86	21.68	21.86	2800
1606	2023-07-28	21.86	21.86	21.86	21.86	0
1607	2023-07-31	22.04	22.04	21.95	21.95	2400
1608	2023-08-01	23.3	23.3	23.3	23.3	10500
1609	2023-08-02	22.04	22.04	22.04	22.04	10100
1610	2023-08-03	22.04	22.04	22.04	22.04	3900
1611	2023-08-04	22.04	22.04	22.04	22.04	0
1612	2023-08-07	22.04	22.04	22.04	22.04	0
1613	2023-08-08	22.04	22.04	22.04	22.04	100
1614	2023-08-09	22.04	22.04	22.04	22.04	5000
1615	2023-08-10	21.59	21.59	21.14	21.14	19630
1616	2023-08-11	21.32	21.32	21.14	21.14	16400
1617	2023-08-14	21.95	21.95	21.95	21.95	122
1618	2023-08-15	21.77	21.77	21.14	21.41	6700
1619	2023-08-16	21.68	23.75	20.69	20.69	4623
1620	2023-08-17	20.87	21.68	19.79	21.68	21100
1621	2023-08-18	20.33	20.33	19.88	19.88	8700
1622	2023-08-21	20.15	20.15	20.15	20.15	809
1623	2023-08-22	20.15	20.15	19.79	19.79	4600
1624	2023-08-23	20.06	20.06	20.06	20.06	202
1625	2023-08-24	19.97	20.06	19.79	20.06	5806
1626	2023-08-25	20.06	20.06	20.06	20.06	300
1627	2023-08-28	20.06	20.06	20.06	20.06	4
1628	2023-08-29	20.06	20.06	19.97	19.97	1200
1629	2023-08-30	20.06	20.06	20.06	20.06	0
1630	2023-08-31	21.14	21.14	21.14	21.14	103
1631	2023-09-05	21.59	21.59	20.15	21.14	604
1632	2023-09-06	21.32	21.32	21.32	21.32	300
1633	2023-09-07	21.41	21.41	21.41	21.41	504
1634	2023-09-08	21.59	21.59	21.41	21.41	300
1635	2023-09-11	20.69	21.5	20.69	21.5	500
1636	2023-09-12	21.05	21.05	21.05	21.05	3000
1637	2023-09-13	20.69	20.69	20.6	20.6	4300
1638	2023-09-14	20.6	20.69	20.6	20.69	1200
1639	2023-09-15	20.15	20.15	20.15	20.15	200
1640	2023-09-18	20.15	20.15	19.97	20.06	1400
1641	2023-09-19	20.06	20.06	20.06	20.06	1004
1642	2023-09-20	20.06	20.69	20.06	20.15	1100
1643	2023-09-21	21.41	21.41	21.23	21.23	500
1644	2023-09-22	20.15	21.14	20.15	21.14	3600
1645	2023-09-25	20.15	20.87	20.15	20.87	2400
1646	2023-09-26	20.87	20.87	20.87	20.87	100
1647	2023-09-27	20.87	20.87	20.87	20.87	0
1648	2023-09-28	20.69	20.69	20.69	20.69	1200
1649	2023-09-29	20.69	20.69	20.6	20.69	900
1650	2023-10-02	20.69	20.69	20.69	20.69	6
1651	2023-10-03	20.24	21.05	20.24	21.05	1100
1652	2023-10-04	20.33	20.33	20.33	20.33	0
1653	2023-10-05	20.33	20.33	20.33	20.33	600
1654	2023-10-06	20.33	20.33	20.33	20.33	0
1655	2023-10-09	20.33	20.33	20.33	20.33	0
1656	2023-10-10	20.33	20.78	19.97	20.33	3700
1657	2023-10-11	20.42	20.42	20.42	20.42	0
1658	2023-10-12	20.42	20.42	20.42	20.42	200
1659	2023-10-13	20.42	20.69	20.42	20.69	500
1660	2023-10-16	20.33	20.33	20.33	20.33	400
1661	2023-10-17	20.06	20.33	19.34	19.79	16300
1662	2023-10-18	19.34	19.34	19.34	19.34	2000
1663	2023-10-19	19.34	19.34	19.34	19.34	200
1664	2023-10-20	19.34	19.34	19.34	19.34	0
1665	2023-10-23	19.34	19.34	19.34	19.34	500
1666	2023-10-24	19.34	19.34	19.25	19.34	3300
1667	2023-10-25	19.34	19.34	19.34	19.34	1200
1668	2023-10-26	19.16	19.16	18.71	18.89	7800
1669	2023-10-27	18.8	18.8	18.8	18.8	600
1670	2023-10-30	18.8	18.89	18.53	18.89	3100
1671	2023-10-31	18.71	18.71	18.71	18.71	0
1672	2023-11-01	17.54	18.89	16.19	18.89	1800
1673	2023-11-02	17.99	18.08	17.99	18.08	2000
1674	2023-11-03	18.08	18.08	17.99	17.99	1100
1675	2023-11-06	17.99	18.71	17.9	18.71	2101
1676	2023-11-07	17.99	18.08	17.99	18.08	500
1677	2023-11-08	18.08	18.08	18.08	18.08	300
1678	2023-11-09	19.7	19.7	16.64	18.08	13101
1679	2023-11-10	18.71	18.71	18.71	18.71	100
1680	2023-11-13	18.08	18.08	17.99	18.08	600
1681	2023-11-14	17.99	18.08	17.81	18.08	1200
1682	2023-11-15	17.99	18.35	17.54	18.35	6300
1683	2023-11-16	18.26	18.26	17.81	17.9	1600
1684	2023-11-17	17.72	17.99	17.72	17.9	54300
1685	2023-11-20	17.9	17.9	17.54	17.54	3000
1686	2023-11-21	17.81	17.9	17.81	17.9	400
1687	2023-11-22	17.9	17.9	17.72	17.72	900
1688	2023-11-23	17.72	17.72	17.72	17.72	300
1689	2023-11-24	17.72	17.72	17.72	17.72	100
1690	2023-11-27	17.99	17.99	17.9	17.9	605
1691	2023-11-28	17.81	17.81	17.81	17.81	200
1692	2023-11-29	17.9	17.9	17.9	17.9	1800
1693	2023-11-30	17.99	18.44	17.99	18.26	3000
1694	2023-12-01	18.08	18.08	17.99	17.99	14200
1695	2023-12-04	17.99	18.08	17.9	17.9	2200
1696	2023-12-05	17.9	17.9	17.9	17.9	800
1697	2023-12-06	17.9	17.9	17.9	17.9	1701
1698	2023-12-07	17.9	17.9	17.27	17.54	10506
1699	2023-12-08	18.35	18.35	17.54	17.54	300
1700	2023-12-11	18.35	18.35	18.35	18.35	100
1701	2023-12-12	17.81	17.81	17.81	17.81	100
1702	2023-12-13	17.72	17.72	17.72	17.72	600
1703	2023-12-14	17.72	17.72	17.72	17.72	2400
1704	2023-12-15	18.35	18.35	18.35	18.35	100
1705	2023-12-18	18.35	18.35	18.35	18.35	0
1706	2023-12-19	18.35	18.35	18.35	18.35	0
1707	2023-12-20	17.81	17.81	17.81	17.81	600
1708	2023-12-21	17.81	17.81	17.81	17.81	200
1709	2023-12-22	17.81	17.9	17.81	17.9	300
1710	2023-12-25	17.9	17.9	17.81	17.81	1300
1711	2023-12-26	17.81	17.81	17.72	17.72	700
1712	2023-12-27	17.72	17.72	17.72	17.72	100
1713	2023-12-28	18.17	18.17	17.81	17.9	700
1714	2023-12-29	17.81	17.81	17.72	17.72	500
1715	2024-01-02	18.26	18.26	18.26	18.26	100
1716	2024-01-03	17.81	17.81	17.72	17.72	5800
1717	2024-01-04	17.81	17.81	17.72	17.72	700
1718	2024-01-05	17.72	17.72	17.72	17.72	500
1719	2024-01-08	18.17	18.17	17.63	17.63	1900
1720	2024-01-09	17.72	17.72	17.72	17.72	300
1721	2024-01-10	17.72	17.72	17.72	17.72	0
1722	2024-01-11	17.72	17.72	17.72	17.72	0
1723	2024-01-12	17.72	17.72	17.72	17.72	1100
1724	2024-01-15	17.63	17.63	17.63	17.63	202
1725	2024-01-16	18.08	18.08	17.72	17.99	2800
1726	2024-01-17	17.99	17.99	17.99	17.99	0
1727	2024-01-18	17.54	17.54	17.18	17.18	5200
1728	2024-01-19	17.81	17.81	17.81	17.81	200
1729	2024-01-22	17.45	17.63	17.09	17.36	9900
1730	2024-01-23	17.45	17.9	17.36	17.9	11400
1731	2024-01-24	17.54	17.9	17.54	17.63	11400
1732	2024-01-25	17.63	17.63	17.63	17.63	100
1733	2024-01-26	17.63	17.63	17.63	17.63	2600
1734	2024-01-29	17.63	17.81	17.45	17.45	20300
1735	2024-01-30	17.54	17.63	17.36	17.36	5802
1736	2024-01-31	17.72	17.72	17.54	17.72	5500
1737	2024-02-01	17.63	17.63	16.82	16.82	18700
1738	2024-02-02	16.91	17.09	16.82	17.09	30000
1739	2024-02-05	16.91	16.91	16.82	16.82	2200
1740	2024-02-06	17.09	17.45	17.09	17.45	1500
1741	2024-02-07	17.45	17.45	17.45	17.45	200
1742	2024-02-15	17.72	17.72	17.72	17.72	100
1743	2024-02-16	17.63	17.63	17.45	17.45	600
1744	2024-02-19	17.54	17.54	16.91	16.91	2700
1745	2024-02-20	17.0	17.36	17.0	17.09	1700
1746	2024-02-21	17.09	17.09	16.91	17.09	3900
1747	2024-02-22	17.09	17.09	17.09	17.09	500
1748	2024-02-23	17.09	17.09	17.09	17.09	3000
1749	2024-02-26	17.0	17.0	17.0	17.0	4400
1750	2024-02-27	17.0	17.0	17.0	17.0	3600
1751	2024-02-28	16.91	17.0	16.73	16.73	5100
1752	2024-02-29	16.82	17.0	16.55	17.0	13610
1753	2024-03-01	17.09	17.18	17.0	17.18	1100
1754	2024-03-04	17.54	17.54	16.73	17.09	4300
1755	2024-03-05	17.45	17.45	17.45	17.45	100
1756	2024-03-06	16.91	16.91	16.91	16.91	400
1757	2024-03-07	17.18	17.27	17.09	17.27	2200
1758	2024-03-08	17.0	17.0	17.0	17.0	3200
1759	2024-03-11	17.0	17.27	17.0	17.27	1400
1760	2024-03-12	17.36	17.45	17.09	17.09	5100
1761	2024-03-13	17.27	17.27	17.27	17.27	0
1762	2024-03-14	17.27	17.54	17.27	17.54	1900
1763	2024-03-15	17.36	17.36	17.36	17.36	200
1764	2024-03-18	17.09	17.09	16.91	16.91	2200
1765	2024-03-19	17.0	17.0	17.0	17.0	700
1766	2024-03-20	17.0	17.09	17.0	17.09	2800
1767	2024-03-21	17.27	17.27	17.27	17.27	108
1768	2024-03-22	17.54	17.54	17.54	17.54	100
1769	2024-03-25	17.54	17.54	17.54	17.54	10
1770	2024-03-26	17.54	17.54	17.54	17.54	0
1771	2024-03-27	17.18	17.18	17.18	17.18	100
1772	2024-03-28	17.9	17.9	17.9	17.9	100
1773	2024-03-29	17.54	17.54	17.54	17.54	6000
1774	2024-04-01	17.54	17.9	17.54	17.9	1100
1775	2024-04-02	17.72	17.72	17.72	17.72	10
1776	2024-04-03	17.27	17.27	17.0	17.0	7200
1777	2024-04-04	17.09	17.09	17.09	17.09	2600
1778	2024-04-05	17.72	17.72	17.09	17.09	1850
1779	2024-04-08	17.27	17.27	17.27	17.27	0
1780	2024-04-09	17.09	17.09	17.09	17.09	4900
1781	2024-04-10	17.54	17.54	17.09	17.09	400
1782	2024-04-11	17.09	17.18	17.09	17.18	6200
1783	2024-04-12	17.09	17.09	17.09	17.09	300
1784	2024-04-15	17.09	17.09	17.09	17.09	100
1785	2024-04-16	17.09	17.09	17.09	17.09	2014
1786	2024-04-17	17.09	17.09	17.09	17.09	1000
1787	2024-04-19	17.09	17.09	17.09	17.09	1700
1788	2024-04-22	17.09	17.09	17.0	17.09	6600
1789	2024-04-23	17.09	17.09	17.0	17.0	6503
1790	2024-04-24	17.09	17.09	17.09	17.09	100
1791	2024-04-25	17.09	17.09	16.91	17.0	6700
1792	2024-04-26	17.0	17.0	16.73	16.73	1900
1793	2024-05-02	16.91	16.91	16.91	16.91	1200
1794	2024-05-03	16.91	16.91	16.73	16.73	5000
1795	2024-05-06	17.09	17.09	17.09	17.09	1700
1796	2024-05-07	17.09	17.09	16.91	17.09	2900
1797	2024-05-08	16.91	17.09	16.91	16.91	41513
1798	2024-05-09	16.91	17.0	16.91	16.91	79300
1799	2024-05-10	16.91	17.09	16.82	16.82	54400
1800	2024-05-13	16.91	16.91	16.91	16.91	45000
1801	2024-05-14	17.0	17.0	16.91	16.91	64300
1802	2024-05-15	16.91	17.09	16.91	17.09	43200
1803	2024-05-16	17.09	17.54	17.09	17.09	6600
1804	2024-05-17	17.54	17.9	17.54	17.9	22601
1805	2024-05-20	17.9	17.99	17.63	17.63	8819
1806	2024-05-21	17.63	17.63	17.18	17.54	14111
1807	2024-05-22	17.46	18.24	17.36	17.95	23122
1808	2024-05-23	17.95	18.14	17.95	18.04	4050
1809	2024-05-24	18.04	18.04	17.95	18.04	20617
1810	2024-05-27	18.04	18.24	18.04	18.04	37606
1811	2024-05-28	18.14	18.34	18.14	18.34	28509
1812	2024-05-29	18.24	18.92	18.24	18.53	13102
1813	2024-05-30	18.24	18.44	18.24	18.34	6820
1814	2024-05-31	18.53	18.92	18.53	18.83	24000
1815	2024-06-03	19.02	19.41	19.02	19.41	21901
1816	2024-06-04	19.31	19.51	19.31	19.41	6808
1817	2024-06-05	19.8	21.46	19.8	21.26	14109
1818	2024-06-06	20.48	20.48	20.48	20.48	6900
1819	2024-06-07	20.09	20.68	19.02	20.0	6008
1820	2024-06-10	19.9	20.68	19.9	20.29	13000
1821	2024-06-11	20.58	20.58	20.39	20.48	7100
1822	2024-06-12	20.48	20.48	20.48	20.48	6400
1823	2024-06-13	20.09	20.48	20.0	20.48	7000
1824	2024-06-14	20.29	20.48	19.9	20.0	12401
1825	2024-06-17	17.95	20.19	17.95	20.19	1600
1826	2024-06-18	20.0	20.09	20.0	20.09	8908
1827	2024-06-19	19.51	20.0	19.51	20.0	8400
1828	2024-06-20	20.0	20.0	19.8	19.8	6800
1829	2024-06-21	19.9	19.9	19.9	19.9	300
1830	2024-06-24	19.9	19.9	19.7	19.7	2300
1831	2024-06-25	19.7	20.09	19.7	20.0	22000
1832	2024-06-26	19.7	20.0	19.7	20.0	5500
1833	2024-06-27	19.61	19.7	19.61	19.61	1900
1834	2024-06-28	19.61	19.7	19.61	19.61	2600
1835	2024-07-01	18.92	18.92	18.83	18.83	322
1836	2024-07-02	18.83	18.83	18.83	18.83	0
1837	2024-07-03	18.83	18.83	18.83	18.83	0
1838	2024-07-04	19.22	19.22	19.22	19.22	100
1839	2024-07-05	19.22	19.22	19.22	19.22	3
1840	2024-07-08	19.02	19.02	18.53	18.53	1000
1841	2024-07-09	18.83	18.83	18.83	18.83	202
1842	2024-07-10	18.83	19.9	18.83	19.9	1001
1843	2024-07-11	19.31	19.31	19.31	19.31	5200
1844	2024-07-12	19.31	19.51	19.31	19.51	4000
1845	2024-07-15	19.51	19.51	19.51	19.51	13000
1846	2024-07-16	19.51	19.51	19.41	19.51	12300
1847	2024-07-17	19.51	19.51	19.51	19.51	600
1848	2024-07-18	19.51	19.51	19.51	19.51	800
1849	2024-07-19	19.51	19.51	19.51	19.51	0
1850	2024-07-22	18.83	18.83	18.73	18.73	1600
1851	2024-07-23	19.61	19.61	19.12	19.12	20000
1852	2024-07-24	18.83	19.02	18.83	18.92	9900
1853	2024-07-25	19.31	19.31	19.31	19.31	100
1854	2024-07-26	19.12	19.12	19.12	19.12	700
1855	2024-07-29	19.12	19.12	19.12	19.12	0
1856	2024-07-30	19.12	19.12	19.12	19.12	0
1857	2024-07-31	19.12	19.12	19.12	19.12	0
1858	2024-08-01	19.12	19.12	19.12	19.12	600
1859	2024-08-02	19.12	19.12	19.12	19.12	0
1860	2024-08-05	19.22	19.22	19.12	19.22	15600
1861	2024-08-06	19.12	19.12	19.12	19.12	13000
1862	2024-08-07	19.12	19.12	19.12	19.12	800
1863	2024-08-08	19.12	19.12	19.12	19.12	0
1864	2024-08-09	19.12	19.12	19.12	19.12	0
1865	2024-08-12	19.02	19.22	19.02	19.22	10500
1866	2024-08-13	19.02	19.02	19.02	19.02	0
1867	2024-08-14	19.22	19.51	19.22	19.51	6203
1868	2024-08-15	19.22	19.22	19.22	19.22	1
1869	2024-08-16	19.31	19.31	19.31	19.31	100
1870	2024-08-19	19.51	19.51	19.51	19.51	6500
1871	2024-08-20	20.48	20.48	20.48	20.48	1500
1872	2024-08-21	20.48	20.48	20.48	20.48	0
1873	2024-08-22	20.0	20.0	20.0	20.0	4001
1874	2024-08-23	20.0	20.0	20.0	20.0	8700
1875	2024-08-26	19.51	19.51	19.31	19.31	3500
1876	2024-08-27	19.51	19.61	19.51	19.61	232
1877	2024-08-28	19.61	19.61	19.61	19.61	100
1878	2024-08-29	19.61	19.61	19.61	19.61	0
1879	2024-08-30	19.7	19.7	19.7	19.7	200
1880	2024-09-04	19.8	20.0	19.8	20.0	1304
1881	2024-09-05	19.9	20.09	19.9	20.09	1400
1882	2024-09-06	20.09	20.09	20.09	20.09	300
1883	2024-09-09	20.09	20.09	20.09	20.09	0
1884	2024-09-10	20.09	20.09	20.0	20.0	4300
1885	2024-09-11	20.0	20.0	19.8	19.8	400
1886	2024-09-12	18.14	18.14	18.14	18.14	200
1887	2024-09-13	20.48	20.48	20.29	20.29	200
1888	2024-09-16	19.41	19.41	19.41	19.41	1000
1889	2024-09-17	20.0	20.0	19.51	19.9	6600
1890	2024-09-18	20.09	20.09	20.09	20.09	3759
1891	2024-09-19	20.09	20.58	20.09	20.58	1000
1892	2024-09-20	20.29	20.29	20.29	20.29	0
1893	2024-09-23	19.9	20.29	19.9	20.0	15700
1894	2024-09-24	20.09	20.09	20.09	20.09	3500
1895	2024-09-25	20.09	20.48	20.09	20.48	26000
1896	2024-09-26	20.09	20.09	20.09	20.09	500
1897	2024-09-27	20.09	20.97	20.09	20.97	6105
1898	2024-09-30	20.09	20.09	20.09	20.09	1
1899	2024-10-01	20.09	20.48	20.0	20.48	3600
1900	2024-10-02	20.29	20.29	20.29	20.29	3002
1901	2024-10-03	20.29	20.29	20.29	20.29	0
1902	2024-10-04	20.29	20.29	20.29	20.29	2001
1903	2024-10-07	20.29	20.29	20.29	20.29	710
1904	2024-10-08	20.29	20.29	20.29	20.29	1
1905	2024-10-09	20.0	20.0	20.0	20.0	700
1906	2024-10-10	20.0	20.0	20.0	20.0	405
1907	2024-10-11	20.09	20.09	20.09	20.09	500
1908	2024-10-14	20.48	20.48	20.39	20.48	5001
1909	2024-10-15	20.48	20.48	20.48	20.48	3000
1910	2024-10-16	20.48	20.48	20.48	20.48	4400
1911	2024-10-17	20.48	20.48	20.48	20.48	2600
1912	2024-10-18	19.9	20.29	19.51	20.29	3600
1913	2024-10-21	20.09	20.09	20.09	20.09	100
1914	2024-10-22	20.09	20.09	20.09	20.09	0
1915	2024-10-23	19.02	20.0	19.02	20.0	1701
1916	2024-10-24	19.31	19.31	19.31	19.31	300
1917	2024-10-25	20.0	20.0	20.0	20.0	300
1918	2024-10-28	20.0	20.0	20.0	20.0	0
1919	2024-10-29	20.0	20.0	20.0	20.0	0
1920	2024-10-30	19.02	19.02	19.02	19.02	2000
1921	2024-10-31	19.12	19.22	19.02	19.02	3800
1922	2024-11-01	19.12	19.12	19.12	19.12	0
1923	2024-11-04	19.12	19.51	19.12	19.51	4100
1924	2024-11-05	19.31	19.31	19.31	19.31	2000
1925	2024-11-06	19.22	19.51	19.02	19.51	11800
1926	2024-11-07	19.61	19.61	19.31	19.31	4000
1927	2024-11-08	19.41	19.41	19.41	19.41	500
1928	2024-11-11	19.51	19.51	19.51	19.51	100
1929	2024-11-12	19.51	19.51	19.51	19.51	0
1930	2024-11-13	19.7	19.7	19.51	19.51	2100
1931	2024-11-14	19.41	19.8	19.41	19.8	10000
1932	2024-11-15	19.51	19.51	19.31	19.31	4300
1933	2024-11-18	19.41	19.61	19.31	19.51	8300
1934	2024-11-19	19.51	19.51	19.51	19.51	16300
1935	2024-11-20	19.02	19.51	19.02	19.51	6800
1936	2024-11-21	19.31	19.31	19.31	19.31	101
1937	2024-11-22	19.51	19.51	19.51	19.51	7000
1938	2024-11-25	19.51	19.51	19.51	19.51	0
1939	2024-11-26	19.51	19.51	19.51	19.51	1100
1940	2024-11-27	19.51	19.51	19.51	19.51	100
1941	2024-11-28	19.51	19.51	19.51	19.51	2000
1942	2024-11-29	19.51	19.51	19.51	19.51	0
1943	2024-12-02	19.51	19.51	19.51	19.51	500
1944	2024-12-03	19.9	19.9	19.9	19.9	100
1945	2024-12-04	20.0	20.0	20.0	20.0	2100
1946	2024-12-05	20.0	20.0	20.0	20.0	1
1947	2024-12-06	20.0	20.0	20.0	20.0	100
1948	2024-12-09	19.8	19.8	19.8	19.8	2701
1949	2024-12-10	21.4	21.4	21.4	21.4	100
1950	2024-12-11	22.5	22.5	22.0	22.0	200
1951	2024-12-12	22.3	22.3	22.3	22.3	0
1952	2024-12-13	22.3	22.3	22.3	22.3	0
1953	2024-12-16	22.3	22.3	22.3	22.3	0
1954	2024-12-17	22.3	22.3	22.3	22.3	0
1955	2024-12-18	20.5	20.5	20.5	20.5	24401
1956	2024-12-19	23.4	23.4	23.4	23.4	100
1957	2024-12-20	23.4	23.4	23.4	23.4	8
1958	2024-12-24	20.5	20.5	20.5	20.5	600
1959	2024-12-30	20.6	20.6	20.6	20.6	100
1960	2024-12-31	20.7	20.7	20.7	20.7	200
1961	2025-01-02	21.0	21.0	21.0	21.0	100
1962	2025-01-13	20.8	20.8	20.8	20.8	4900
1963	2025-01-14	20.8	20.8	20.8	20.8	6100
1964	2025-01-22	21.0	23.5	20.4	23.5	20300
1965	2025-02-05	19.0	19.0	19.0	19.0	200
1966	2025-02-11	21.4	21.9	21.4	21.9	1100
1967	2025-02-12	21.4	21.4	21.4	21.4	500
1968	2025-02-13	21.5	21.5	21.2	21.2	7000
1969	2025-02-17	21.3	21.3	21.3	21.3	30000
1970	2025-02-18	21.3	21.5	21.3	21.5	5100
1971	2025-02-20	22.0	22.0	21.5	21.5	12300
1972	2025-02-21	21.6	21.6	21.6	21.6	100
1973	2025-02-24	21.5	21.5	21.5	21.5	11200
1974	2025-02-28	22.0	22.0	22.0	22.0	100
1975	2025-03-04	21.5	21.5	21.5	21.5	8000
1976	2025-03-05	21.5	21.5	21.5	21.5	20400
1977	2025-03-10	21.0	21.5	21.0	21.5	7500
1978	2025-03-11	21.5	21.5	21.5	21.5	700
1979	2025-03-12	21.5	21.5	21.5	21.5	6000
1980	2025-03-14	21.5	21.5	21.5	21.5	2400
1981	2025-03-21	21.5	21.5	21.5	21.5	10400
1982	2025-03-24	21.5	21.5	21.5	21.5	34700
1983	2025-03-26	21.5	21.5	21.5	21.5	300
1984	2025-03-28	21.5	21.5	21.5	21.5	1200
1985	2025-04-01	21.5	21.5	21.5	21.5	12000
