	time	open	high	low	close	volume
0	2017-05-05	4.3	4.3	4.3	4.3	0
1	2017-05-08	6.02	6.02	6.02	6.02	100
2	2017-05-09	6.9	6.9	6.9	6.9	1300
3	2017-05-10	7.91	7.91	5.89	7.91	9200
4	2017-05-11	9.07	9.07	9.07	9.07	17600
5	2017-05-12	10.41	10.41	10.41	10.41	6500
6	2017-05-15	11.96	11.96	10.41	11.37	14600
7	2017-05-16	10.11	10.24	10.11	10.11	2900
8	2017-05-17	10.11	10.36	9.98	10.36	20900
9	2017-05-18	10.11	10.36	10.11	10.16	7100
10	2017-05-19	10.36	10.36	10.16	10.16	6100
11	2017-05-22	10.16	10.16	10.16	10.16	1200
12	2017-05-23	10.11	10.16	10.11	10.11	8300
13	2017-05-24	10.11	10.11	8.62	10.11	310
14	2017-05-25	11.55	11.55	10.01	10.01	310
15	2017-05-26	10.21	10.21	10.21	10.21	200
16	2017-05-29	10.01	10.01	10.01	10.01	1200
17	2017-05-30	9.98	10.01	9.61	10.01	6300
18	2017-05-31	10.01	10.01	9.98	9.98	4400
19	2017-06-01	9.73	9.73	9.73	9.73	800
20	2017-06-02	9.98	9.98	9.2	9.98	3800
21	2017-06-05	9.98	9.98	9.98	9.98	1200
22	2017-06-06	9.98	9.98	9.98	9.98	0
23	2017-06-07	9.98	9.98	9.98	9.98	0
24	2017-06-08	8.49	9.81	8.49	9.81	1200
25	2017-06-09	8.7	8.72	8.64	8.72	3400
26	2017-06-12	9.55	9.55	8.7	8.7	1400
27	2017-06-13	8.75	8.75	8.75	8.75	0
28	2017-06-14	8.75	8.75	8.75	8.75	0
29	2017-06-15	8.85	9.23	8.75	8.75	1000
30	2017-06-16	8.85	9.23	8.85	9.23	400
31	2017-06-19	8.97	8.97	8.64	8.64	300
32	2017-06-20	8.62	8.62	8.59	8.59	7700
33	2017-06-21	8.8	8.8	8.59	8.64	900
34	2017-06-22	8.64	8.7	8.64	8.7	3600
35	2017-06-23	8.67	8.67	8.67	8.67	100
36	2017-06-26	8.67	8.67	8.59	8.59	3900
37	2017-06-27	8.59	8.59	8.59	8.59	5710
38	2017-06-28	8.47	8.59	8.47	8.59	400
39	2017-06-29	8.54	8.54	8.54	8.54	0
40	2017-06-30	7.58	7.58	7.58	7.58	100
41	2017-07-03	8.59	8.59	8.59	8.59	100
42	2017-07-04	8.59	8.59	8.59	8.59	0
43	2017-07-05	7.36	7.36	7.36	7.36	300
44	2017-07-06	7.36	7.36	7.36	7.36	0
45	2017-07-07	7.36	7.36	6.27	7.08	8600
46	2017-07-10	6.6	6.6	6.09	6.09	1700
47	2017-07-11	7.41	7.41	6.6	6.6	1100
48	2017-07-12	7.66	7.66	6.72	7.66	1600
49	2017-07-13	8.09	8.09	8.09	8.09	300
50	2017-07-14	6.98	6.98	6.98	6.98	200
51	2017-07-17	7.03	7.03	7.03	7.03	400
52	2017-07-18	8.04	8.04	8.04	8.04	200
53	2017-07-19	6.93	6.93	6.9	6.9	1200
54	2017-07-20	7.58	7.58	6.65	7.58	2900
55	2017-07-21	7.1	7.1	7.1	7.1	0
56	2017-07-24	7.1	7.1	7.1	7.1	0
57	2017-07-25	7.18	7.18	7.13	7.13	600
58	2017-07-26	7.08	7.08	6.98	7.08	2200
59	2017-07-27	7.96	7.96	7.2	7.2	1100
60	2017-07-28	7.36	7.36	7.36	7.36	100
61	2017-07-31	7.36	7.36	7.36	7.36	0
62	2017-08-01	7.96	7.96	7.96	7.96	100
63	2017-08-02	7.96	7.96	7.96	7.96	0
64	2017-08-03	7.23	7.23	7.23	7.23	4800
65	2017-08-04	7.23	7.23	7.23	7.23	0
66	2017-08-07	7.96	7.96	7.58	7.71	1700
67	2017-08-08	7.86	7.86	7.86	7.86	0
68	2017-08-09	7.33	7.33	7.31	7.33	1500
69	2017-08-10	7.36	7.58	7.36	7.58	1500
70	2017-08-11	7.58	7.84	7.58	7.84	1300
71	2017-08-14	7.63	7.63	7.63	7.63	0
72	2017-08-15	7.63	7.63	7.63	7.63	9200
73	2017-08-16	7.63	7.63	7.63	7.63	0
74	2017-08-17	7.63	7.63	7.63	7.63	0
75	2017-08-18	7.08	7.08	7.08	7.08	200
76	2017-08-21	7.08	7.08	7.08	7.08	200
77	2017-08-22	7.96	7.96	7.96	7.96	1900
78	2017-08-23	7.94	7.94	7.94	7.94	300
79	2017-08-24	7.2	7.2	7.08	7.08	1000
80	2017-08-25	7.96	7.96	6.12	6.12	3300
81	2017-08-28	7.33	7.48	6.47	6.47	1600
82	2017-08-29	7.56	7.58	7.56	7.58	300
83	2017-08-30	6.6	7.94	6.6	7.94	1000
84	2017-08-31	6.75	7.84	6.75	7.84	200
85	2017-09-01	7.1	7.1	7.1	7.1	100
86	2017-09-05	7.1	7.1	7.1	7.1	0
87	2017-09-06	6.12	6.12	6.12	6.12	1000
88	2017-09-07	5.23	7.03	5.23	7.03	200
89	2017-09-08	5.84	5.84	5.84	5.84	200
90	2017-09-11	5.84	5.84	5.84	5.84	0
91	2017-09-12	5.84	5.84	5.84	5.84	0
92	2017-09-13	6.7	6.7	6.7	6.7	5900
93	2017-09-14	7.2	7.23	7.2	7.23	1100
94	2017-09-15	7.46	7.46	7.33	7.33	1800
95	2017-09-18	7.58	7.58	7.58	7.58	1400
96	2017-09-19	8.09	8.09	8.09	8.09	100
97	2017-09-20	8.09	8.09	8.09	8.09	0
98	2017-09-21	7.58	7.58	7.58	7.58	600
99	2017-09-22	7.58	7.58	7.58	7.58	500
100	2017-09-25	8.72	8.72	7.58	7.58	600
101	2017-09-26	7.58	7.81	7.58	7.81	3400
102	2017-09-27	7.58	7.58	7.58	7.58	300
103	2017-09-28	7.58	7.58	7.58	7.58	0
104	2017-09-29	7.58	7.58	7.58	7.58	0
105	2017-10-02	6.72	6.72	6.72	6.72	500
106	2017-10-03	6.72	6.72	6.72	6.72	0
107	2017-10-04	7.68	7.68	7.68	7.68	100
108	2017-10-05	6.6	6.6	6.6	6.6	100
109	2017-10-06	6.6	6.6	6.6	6.6	0
110	2017-10-09	6.6	6.6	6.6	6.6	0
111	2017-10-10	7.58	7.58	7.58	7.58	100
112	2017-10-11	7.58	7.58	7.58	7.58	0
113	2017-10-12	7.58	7.58	7.58	7.58	0
114	2017-10-13	7.58	7.58	7.58	7.58	0
115	2017-10-16	7.58	7.58	7.58	7.58	0
116	2017-10-17	7.58	7.68	7.58	7.68	1100
117	2017-10-18	7.66	7.66	7.66	7.66	500
118	2017-10-19	7.66	7.66	7.66	7.66	0
119	2017-10-20	7.58	7.58	7.58	7.58	4000
120	2017-10-23	7.58	7.58	7.58	7.58	1900
121	2017-10-24	7.33	7.33	7.33	7.33	1000
122	2017-10-25	7.33	7.33	7.33	7.33	2000
123	2017-10-26	7.46	7.46	7.33	7.33	1100
124	2017-10-27	7.81	7.81	7.81	7.81	100
125	2017-10-30	7.81	7.81	7.81	7.81	0
126	2017-10-31	8.72	8.72	8.72	8.72	100
127	2017-11-01	7.43	7.46	7.43	7.43	3200
128	2017-11-02	7.56	7.56	7.56	7.56	100
129	2017-11-03	7.46	7.46	7.46	7.46	2000
130	2017-11-06	8.57	8.57	8.57	8.57	100
131	2017-11-07	9.83	9.83	7.33	7.33	1400
132	2017-11-08	9.81	9.81	8.54	8.54	300
133	2017-11-09	8.09	9.58	7.79	7.91	7900
134	2017-11-10	8.95	8.95	8.59	8.59	900
135	2017-11-13	7.73	8.59	7.73	8.59	300
136	2017-11-14	8.01	8.01	8.01	8.01	1000
137	2017-11-15	8.01	8.01	8.01	8.01	0
138	2017-11-16	7.99	7.99	7.99	7.99	200
139	2017-11-17	8.82	8.82	8.82	8.82	100
140	2017-11-20	8.82	8.82	8.82	8.82	0
141	2017-11-21	9.05	9.05	9.05	9.05	100
142	2017-11-22	7.89	7.89	7.89	7.89	1000
143	2017-11-23	7.89	7.89	7.89	7.89	0
144	2017-11-24	7.91	7.91	7.91	7.91	100
145	2017-11-27	8.22	8.22	8.22	8.22	100
146	2017-11-28	8.22	8.22	8.22	8.22	0
147	2017-11-29	8.22	8.22	8.22	8.22	0
148	2017-11-30	8.22	8.22	8.22	8.22	0
149	2017-12-01	8.22	8.22	8.22	8.22	0
150	2017-12-04	8.47	8.47	8.47	8.47	200
151	2017-12-05	8.47	8.47	8.47	8.47	0
152	2017-12-06	8.47	8.47	8.47	8.47	0
153	2017-12-07	8.47	8.47	8.47	8.47	0
154	2017-12-08	7.48	7.48	7.46	7.46	200
155	2017-12-11	7.48	7.48	7.48	7.48	0
156	2017-12-12	7.48	7.48	7.48	7.48	0
157	2017-12-13	6.82	6.82	6.82	6.82	4300
158	2017-12-14	7.84	7.84	7.08	7.08	400
159	2017-12-15	7.28	7.28	7.28	7.28	0
160	2017-12-18	8.27	8.27	8.27	8.27	100
161	2017-12-19	8.27	8.27	8.27	8.27	0
162	2017-12-20	8.27	8.27	8.27	8.27	0
163	2017-12-21	8.27	8.27	8.27	8.27	0
164	2017-12-22	8.27	8.27	8.27	8.27	0
165	2017-12-25	8.27	8.27	8.27	8.27	0
166	2017-12-26	8.27	8.27	8.27	8.27	0
167	2017-12-27	8.27	8.27	8.27	8.27	200
168	2017-12-28	8.27	8.27	8.27	8.27	0
169	2017-12-29	8.19	8.19	8.19	8.19	4300
170	2018-01-02	8.19	8.19	8.19	8.19	0
171	2018-01-03	8.19	8.19	8.19	8.19	0
172	2018-01-04	8.19	8.19	8.19	8.19	0
173	2018-01-05	7.03	7.03	7.03	7.03	400
174	2018-01-08	7.03	7.03	7.03	7.03	0
175	2018-01-09	7.03	7.03	7.03	7.03	0
176	2018-01-10	7.46	7.46	7.46	7.46	100
177	2018-01-11	7.71	7.84	7.71	7.84	400
178	2018-01-12	7.58	7.58	7.58	7.58	14400
179	2018-01-15	6.57	6.57	6.57	6.57	1000
180	2018-01-16	6.57	6.57	6.57	6.57	0
181	2018-01-17	6.95	7.53	6.95	7.46	4500
182	2018-01-18	7.33	7.33	7.33	7.33	200
183	2018-01-19	7.46	7.46	7.33	7.33	600
184	2018-01-22	7.08	7.33	7.08	7.33	500
185	2018-01-23	7.2	7.23	7.2	7.23	5800
186	2018-01-24	7.08	7.08	7.08	7.08	4300
187	2018-01-25	7.08	7.08	7.08	7.08	0
188	2018-01-26	8.11	8.14	8.11	8.14	2700
189	2018-01-29	7.08	7.08	7.08	7.08	100
190	2018-01-30	7.08	7.08	7.08	7.08	0
191	2018-01-31	7.33	7.33	7.33	7.33	100
192	2018-02-01	6.67	6.67	6.67	6.67	400
193	2018-02-02	6.67	6.67	6.67	6.67	0
194	2018-02-05	6.6	6.6	6.6	6.6	800
195	2018-02-06	6.57	7.56	6.57	7.56	1100
196	2018-02-07	7.46	7.46	7.46	7.46	1000
197	2018-02-08	7.46	7.46	7.46	7.46	0
198	2018-02-09	8.54	8.54	8.54	8.54	1200
199	2018-02-12	8.54	8.54	8.54	8.54	0
200	2018-02-13	8.54	8.54	8.54	8.54	0
201	2018-02-21	7.28	7.28	7.28	7.28	100
202	2018-02-22	8.06	7.28	8.06	8.06	100
203	2018-02-23	8.06	8.06	8.06	8.06	400
204	2018-02-26	8.06	8.06	8.06	8.06	1400
205	2018-02-27	6.88	6.88	6.88	6.88	100
206	2018-02-28	5.94	5.94	5.89	5.89	2300
207	2018-03-01	6.75	6.75	6.75	6.75	100
208	2018-03-02	7.73	7.73	7.73	7.73	100
209	2018-03-05	8.57	8.57	8.57	8.57	2200
210	2018-03-06	8.57	8.57	8.57	8.57	0
211	2018-03-07	7.31	7.31	7.31	7.31	100
212	2018-03-08	7.31	7.31	7.31	7.31	0
213	2018-03-09	7.31	7.31	7.31	7.31	0
214	2018-03-12	7.31	7.31	7.31	7.31	0
215	2018-03-13	7.31	7.31	7.31	7.31	0
216	2018-03-14	6.24	6.27	6.24	6.27	2000
217	2018-03-15	6.27	6.27	6.27	6.27	0
218	2018-03-16	6.27	6.27	6.27	6.27	0
219	2018-03-19	7.2	7.2	7.2	7.2	800
220	2018-03-20	8.27	8.27	7.84	7.84	4000
221	2018-03-21	7.03	7.05	7.03	7.05	1300
222	2018-03-22	7.05	7.58	7.05	7.33	5000
223	2018-03-23	7.23	8.29	7.23	8.29	24600
224	2018-03-26	9.25	9.25	9.2	9.25	46200
225	2018-03-27	9.25	10.36	9.25	10.09	15400
226	2018-03-28	8.82	9.1	8.57	8.95	14100
227	2018-03-29	8.92	9.15	8.9	9.15	2100
228	2018-03-30	9.61	9.63	9.15	9.25	1200
229	2018-04-02	9.1	9.61	9.1	9.28	5900
230	2018-04-03	9.63	9.63	9.23	9.25	7300
231	2018-04-04	9.58	9.58	9.35	9.35	1400
232	2018-04-05	8.04	9.53	8.04	8.09	7400
233	2018-04-06	9.28	9.28	9.28	9.28	100
234	2018-04-09	7.89	9.33	7.89	9.1	3300
235	2018-04-10	9.33	9.33	8.62	8.62	1400
236	2018-04-11	8.67	8.67	8.62	8.62	2000
237	2018-04-12	9.1	9.1	9.1	9.1	100
238	2018-04-13	9.1	9.1	9.1	9.1	0
239	2018-04-16	10.36	10.36	8.34	8.34	3800
240	2018-04-17	8.34	8.57	8.34	8.57	1900
241	2018-04-18	8.29	9.05	8.29	9.05	1300
242	2018-04-19	8.47	8.47	8.34	8.47	2600
243	2018-04-20	8.59	8.59	8.59	8.59	100
244	2018-04-23	8.85	8.85	8.59	8.59	3600
245	2018-04-24	9.33	9.33	8.97	8.97	700
246	2018-04-26	8.47	9.58	7.68	8.34	5800
247	2018-04-27	8.34	8.34	8.34	8.34	500
248	2018-05-02	9.07	9.07	8.59	8.59	1300
249	2018-05-03	9.35	9.35	8.57	8.59	900
250	2018-05-04	8.57	8.67	8.39	8.39	4000
251	2018-05-07	8.47	8.47	8.34	8.34	600
252	2018-05-08	8.39	8.39	8.39	8.39	0
253	2018-05-09	7.99	8.42	7.99	8.39	4600
254	2018-05-10	8.39	8.39	8.34	8.34	3400
255	2018-05-11	8.11	8.11	8.11	8.11	100
256	2018-05-14	7.26	8.01	7.26	8.01	3300
257	2018-05-15	9.14	9.14	9.14	9.14	100
258	2018-05-16	8.03	8.03	8.03	8.03	100
259	2018-05-17	8.01	8.26	8.01	8.26	600
260	2018-05-18	8.21	8.21	8.21	8.21	0
261	2018-05-21	7.05	7.1	7.05	7.1	200
262	2018-05-22	8.13	8.13	8.13	8.13	400
263	2018-05-23	8.5	8.5	8.26	8.26	400
264	2018-05-24	7.52	7.75	7.52	7.75	1600
265	2018-05-25	8.24	8.24	7.05	7.75	400
266	2018-05-28	6.9	7.26	6.9	7.26	3600
267	2018-05-29	6.22	7.46	6.22	7.46	600
268	2018-05-30	7.49	7.75	7.49	7.75	200
269	2018-05-31	6.64	7.59	6.64	7.49	300
270	2018-06-01	7.59	7.59	6.25	7.49	500
271	2018-06-04	7.1	7.8	7.1	7.8	300
272	2018-06-05	7.72	7.72	7.72	7.72	100
273	2018-06-06	6.79	7.75	6.79	7.72	300
274	2018-06-07	6.48	7.36	6.48	7.36	600
275	2018-06-08	7.85	7.85	7.85	7.85	100
276	2018-06-11	7.05	7.59	7.05	7.59	1300
277	2018-06-12	7.23	7.23	7.1	7.1	900
278	2018-06-13	7.46	7.49	7.18	7.44	1900
279	2018-06-14	7.15	7.23	7.15	7.23	500
280	2018-06-15	7.57	7.57	7.57	7.57	100
281	2018-06-18	7.13	7.49	7.13	7.23	1800
282	2018-06-19	7.26	7.26	6.25	7.1	3100
283	2018-06-20	6.3	7.33	6.3	7.23	600
284	2018-06-21	7.57	7.57	7.57	7.57	100
285	2018-06-22	6.46	7.23	6.46	7.23	300
286	2018-06-25	6.38	7.33	6.38	7.33	200
287	2018-06-26	6.22	7.31	6.22	7.23	4400
288	2018-06-27	7.23	7.62	7.23	7.62	1900
289	2018-06-28	8.5	8.5	8.5	8.5	100
290	2018-06-29	7.28	8.47	7.28	7.88	800
291	2018-07-02	8.37	8.37	7.28	7.28	300
292	2018-07-03	7.85	7.88	7.75	7.75	3200
293	2018-07-04	8.5	8.5	7.75	8.24	1500
294	2018-07-05	8.37	8.37	7.77	7.77	1100
295	2018-07-06	8.26	8.73	8.26	8.73	200
296	2018-07-09	8.78	9.14	8.78	9.14	200
297	2018-07-10	8.13	8.13	7.88	7.88	1900
298	2018-07-11	7.88	7.88	7.75	7.75	3400
299	2018-07-12	8.75	8.75	7.75	7.88	800
300	2018-07-13	7.9	7.9	7.8	7.8	1000
301	2018-07-16	8.57	8.57	8.57	8.57	100
302	2018-07-17	7.33	9.01	7.33	9.01	400
303	2018-07-18	9.04	9.79	9.04	9.79	200
304	2018-07-19	8.03	8.13	8.03	8.06	1100
305	2018-07-20	8.26	8.26	8.26	8.26	300
306	2018-07-23	8.75	8.75	8.75	8.75	100
307	2018-07-24	7.9	8.75	7.9	8.01	800
308	2018-07-25	8.08	8.99	8.08	8.99	200
309	2018-07-26	7.28	8.03	7.28	8.03	500
310	2018-07-27	8.24	8.26	8.24	8.26	900
311	2018-07-30	8.03	8.06	8.03	8.03	900
312	2018-07-31	6.87	9.22	6.87	9.22	200
313	2018-08-01	8.06	8.06	8.06	8.06	0
314	2018-08-02	8.88	8.88	7.13	7.15	700
315	2018-08-03	8.52	8.52	8.52	8.52	100
316	2018-08-06	7.39	9.63	7.39	9.63	200
317	2018-08-07	7.28	7.28	7.28	7.28	100
318	2018-08-08	7.28	7.28	7.28	7.28	0
319	2018-08-09	7.62	7.62	7.62	7.62	100
320	2018-08-10	8.5	8.5	8.5	8.5	200
321	2018-08-13	7.26	8.37	7.26	8.37	1500
322	2018-08-14	8.21	8.26	7.75	7.75	500
323	2018-08-15	8.78	8.86	8.78	8.86	200
324	2018-08-16	8.11	8.11	8.11	8.11	1400
325	2018-08-17	9.32	9.32	8.11	8.11	1100
326	2018-08-20	8.73	8.73	8.73	8.73	100
327	2018-08-21	7.52	7.75	7.52	7.64	900
328	2018-08-22	7.7	7.7	7.7	7.7	300
329	2018-08-23	7.75	7.88	7.75	7.75	1700
330	2018-08-24	7.8	7.8	7.75	7.75	2700
331	2018-08-27	8.26	8.39	8.26	8.39	5700
332	2018-08-28	8.26	8.26	8.26	8.26	3700
333	2018-08-29	8.26	8.26	8.26	8.26	2300
334	2018-08-30	8.26	8.26	8.26	8.26	4400
335	2018-08-31	8.39	8.39	8.26	8.29	5700
336	2018-09-04	8.29	8.32	8.29	8.32	2300
337	2018-09-05	8.32	8.34	8.32	8.32	16000
338	2018-09-06	8.32	8.39	8.32	8.39	9100
339	2018-09-07	8.32	8.39	8.32	8.39	2400
340	2018-09-10	8.47	8.47	8.39	8.39	3900
341	2018-09-11	8.47	8.47	8.39	8.39	5100
342	2018-09-12	8.39	8.75	8.39	8.68	2900
343	2018-09-13	8.42	8.42	8.42	8.42	800
344	2018-09-14	7.39	8.63	7.39	8.63	200
345	2018-09-17	8.01	8.68	8.01	8.68	400
346	2018-09-18	8.47	8.47	8.47	8.47	100
347	2018-09-19	8.47	8.52	8.47	8.52	500
348	2018-09-20	8.42	8.73	8.42	8.73	200
349	2018-09-21	8.7	9.81	8.55	8.55	2100
350	2018-09-24	8.86	8.86	8.86	8.86	1200
351	2018-09-25	9.09	9.09	8.81	9.04	5700
352	2018-09-26	10.36	10.36	10.36	10.36	100
353	2018-09-27	8.83	9.25	8.83	9.17	5400
354	2018-09-28	10.3	10.3	9.17	9.17	1100
355	2018-10-01	10.3	10.3	9.17	9.79	9400
356	2018-10-02	10.3	10.3	9.04	9.04	10700
357	2018-10-03	9.17	9.17	9.04	9.04	8100
358	2018-10-04	10.02	10.02	9.04	9.04	6000
359	2018-10-05	9.04	9.04	9.04	9.04	5600
360	2018-10-08	9.04	9.04	9.04	9.04	6600
361	2018-10-09	9.04	9.04	9.01	9.01	6600
362	2018-10-10	8.99	8.99	8.99	8.99	9300
363	2018-10-11	10.3	10.3	8.99	9.01	12500
364	2018-10-12	9.01	9.01	9.01	9.01	600
365	2018-10-15	9.79	9.79	8.99	9.01	3000
366	2018-10-16	9.04	9.04	9.01	9.04	9100
367	2018-10-17	9.79	9.81	9.3	9.3	5600
368	2018-10-18	9.32	9.35	9.3	9.3	10000
369	2018-10-19	9.3	9.3	9.17	9.17	12200
370	2018-10-22	9.17	9.17	9.17	9.17	8200
371	2018-10-23	9.19	9.19	9.19	9.19	9000
372	2018-10-24	9.81	9.81	9.81	9.81	200
373	2018-10-25	9.81	9.81	9.81	9.81	7300
374	2018-10-26	9.84	9.84	9.81	9.81	18700
375	2018-10-29	10.3	10.3	9.84	9.84	6100
376	2018-10-30	9.89	9.89	9.89	9.89	1100
377	2018-10-31	10.28	10.28	9.89	9.89	1700
378	2018-11-01	9.89	9.89	9.89	9.89	1400
379	2018-11-02	9.89	9.89	9.89	9.89	3800
380	2018-11-05	10.82	10.82	9.92	9.92	2100
381	2018-11-06	9.97	9.97	9.97	9.97	7100
382	2018-11-07	10.15	10.15	10.15	10.15	100
383	2018-11-08	8.7	10.07	8.7	10.07	300
384	2018-11-09	10.2	10.2	9.56	9.61	6100
385	2018-11-12	10.15	10.15	9.56	9.56	1700
386	2018-11-13	9.61	9.61	9.61	9.61	3000
387	2018-11-14	10.05	10.05	9.61	9.81	2600
388	2018-11-15	10.07	10.07	9.61	9.61	1300
389	2018-11-16	10.07	10.07	9.71	9.71	600
390	2018-11-19	9.81	9.81	9.81	9.81	1000
391	2018-11-20	9.81	9.84	9.74	9.81	8800
392	2018-11-21	9.81	9.81	9.81	9.81	2500
393	2018-11-22	9.81	9.81	9.81	9.81	6400
394	2018-11-23	9.81	9.81	9.81	9.81	6500
395	2018-11-26	9.81	9.81	9.68	9.81	9200
396	2018-11-27	9.81	9.81	9.81	9.81	2500
397	2018-11-28	9.81	9.81	9.81	9.81	0
398	2018-11-29	9.81	9.81	9.81	9.81	100
399	2018-11-30	8.83	9.81	8.83	9.81	500
400	2018-12-03	9.81	9.81	9.81	9.81	500
401	2018-12-04	9.81	9.81	9.76	9.81	3700
402	2018-12-05	9.66	9.81	9.66	9.76	4100
403	2018-12-06	9.79	9.79	9.76	9.79	1800
404	2018-12-07	9.76	9.76	9.76	9.76	100
405	2018-12-10	9.76	9.76	9.76	9.76	0
406	2018-12-11	8.32	9.35	8.32	9.3	10400
407	2018-12-12	9.35	9.35	9.32	9.32	2000
408	2018-12-13	9.35	9.35	9.32	9.32	2000
409	2018-12-14	9.32	9.32	9.32	9.32	0
410	2018-12-17	9.43	9.43	9.43	9.43	1000
411	2018-12-18	9.43	9.43	9.43	9.43	4200
412	2018-12-19	9.45	9.45	9.45	9.45	2800
413	2018-12-20	9.48	9.48	9.45	9.45	3500
414	2018-12-21	9.45	9.45	9.45	9.45	1000
415	2018-12-24	8.06	9.45	8.06	9.45	400
416	2018-12-25	8.52	9.3	8.52	9.3	6800
417	2018-12-26	8.65	8.65	8.65	8.65	100
418	2018-12-27	9.3	9.81	8.26	9.81	300
419	2018-12-28	8.73	9.81	8.42	9.81	400
420	2019-01-02	9.79	9.81	9.79	9.81	1100
421	2019-01-03	8.78	9.37	8.78	9.37	400
422	2019-01-04	9.76	9.76	8.91	8.91	200
423	2019-01-07	8.52	9.35	8.52	9.35	2400
424	2019-01-08	9.17	9.45	9.17	9.45	1600
425	2019-01-09	9.43	9.45	9.45	9.45	0
426	2019-01-10	9.43	9.45	9.45	9.45	0
427	2019-01-11	9.56	9.56	9.56	9.56	100
428	2019-01-14	10.05	10.05	9.06	9.06	200
429	2019-01-15	9.81	9.81	9.81	9.81	900
430	2019-01-16	9.81	9.81	9.81	9.81	0
431	2019-01-17	9.45	9.45	9.45	9.45	800
432	2019-01-18	9.68	9.68	9.68	9.68	100
433	2019-01-21	8.65	9.17	8.65	9.04	1100
434	2019-01-22	9.04	9.04	9.04	9.04	0
435	2019-01-23	9.48	9.48	9.48	9.48	1300
436	2019-01-24	9.3	9.45	9.3	9.45	9200
437	2019-01-25	9.19	9.19	9.19	9.19	500
438	2019-01-28	9.19	9.19	9.19	9.19	3200
439	2019-01-29	10.33	10.33	9.3	9.3	14200
440	2019-01-30	9.3	9.3	9.3	9.3	1400
441	2019-01-31	9.3	9.3	9.3	9.3	21500
442	2019-02-01	8.13	9.3	8.13	9.3	500
443	2019-02-11	9.5	9.5	9.5	9.5	100
444	2019-02-12	9.43	9.43	9.43	9.43	100
445	2019-02-13	10.28	10.28	8.65	8.91	1800
446	2019-02-14	7.88	9.04	7.88	9.04	3400
447	2019-02-15	9.01	9.04	9.04	9.04	0
448	2019-02-18	9.04	9.04	9.04	9.04	4300
449	2019-02-19	9.04	9.04	9.04	9.04	0
450	2019-02-20	8.26	8.26	8.26	8.26	100
451	2019-02-21	9.27	9.27	9.27	9.27	100
452	2019-02-22	9.04	9.04	9.04	9.04	1000
453	2019-02-25	10.38	10.38	10.38	10.38	100
454	2019-02-26	8.83	9.3	8.83	9.3	1100
455	2019-02-27	10.17	10.17	9.3	9.3	3100
456	2019-02-28	10.25	10.25	10.25	10.25	100
457	2019-03-01	9.3	9.3	9.3	9.3	2000
458	2019-03-04	9.3	9.3	9.3	9.3	1100
459	2019-03-05	9.5	9.5	9.5	9.5	100
460	2019-03-06	9.5	9.5	9.5	9.5	0
461	2019-03-07	9.56	9.56	9.5	9.5	900
462	2019-03-08	9.66	9.66	9.66	9.66	100
463	2019-03-11	9.56	9.63	9.43	9.56	2900
464	2019-03-12	9.79	9.79	9.79	9.79	100
465	2019-03-13	9.81	9.81	9.81	9.81	100
466	2019-03-14	9.3	9.3	9.3	9.3	1000
467	2019-03-15	10.3	10.3	10.3	10.3	100
468	2019-03-18	8.78	8.78	8.78	8.78	100
469	2019-03-19	10.07	10.07	8.26	9.3	4900
470	2019-03-20	9.3	9.35	9.3	9.3	4000
471	2019-03-21	9.3	9.4	9.3	9.4	800
472	2019-03-22	9.32	9.4	9.4	9.4	0
473	2019-03-25	10.05	10.05	10.05	10.05	100
474	2019-03-26	8.55	9.5	8.55	9.5	200
475	2019-03-27	10.38	10.38	9.3	9.3	1700
476	2019-03-28	9.3	9.3	9.04	9.3	12300
477	2019-03-29	8.83	8.83	8.83	8.83	100
478	2019-04-01	9.56	9.56	9.56	9.56	100
479	2019-04-02	9.56	9.56	9.56	9.56	0
480	2019-04-03	9.56	9.56	9.56	9.56	0
481	2019-04-04	9.56	9.56	9.56	9.56	0
482	2019-04-05	9.3	9.3	9.3	9.3	700
483	2019-04-08	9.27	9.27	8.52	8.52	2100
484	2019-04-09	8.57	8.65	8.55	8.65	3700
485	2019-04-10	8.65	9.04	8.65	9.04	9300
486	2019-04-11	8.78	8.78	8.78	8.78	100
487	2019-04-12	8.83	8.86	8.83	8.86	1100
488	2019-04-16	8.83	8.83	8.83	8.83	1100
489	2019-04-17	8.83	8.83	8.83	8.83	900
490	2019-04-18	8.83	8.83	8.83	8.83	1000
491	2019-04-19	8.81	8.83	8.81	8.83	1900
492	2019-04-22	8.83	8.83	8.83	8.83	0
493	2019-04-23	8.83	8.83	8.83	8.83	0
494	2019-04-24	8.83	8.83	8.83	8.83	0
495	2019-04-25	8.78	8.78	8.78	8.78	500
496	2019-04-26	8.75	8.78	8.75	8.78	5100
497	2019-05-02	8.78	8.78	8.78	8.78	3500
498	2019-05-03	8.78	8.78	8.78	8.78	0
499	2019-05-06	8.78	8.78	8.78	8.78	0
500	2019-05-07	8.78	8.78	8.78	8.78	1500
501	2019-05-08	7.88	7.88	7.88	7.88	100
502	2019-05-09	7.88	7.88	7.88	7.88	0
503	2019-05-10	7.88	7.88	7.88	7.88	0
504	2019-05-13	7.88	7.88	7.88	7.88	0
505	2019-05-14	7.52	7.52	7.52	7.52	100
506	2019-05-15	7.52	7.52	7.52	7.52	100
507	2019-05-16	7.52	7.52	7.52	7.52	0
508	2019-05-17	8.6	8.63	8.6	8.6	1300
509	2019-05-20	8.6	8.6	8.6	8.6	0
510	2019-05-21	7.67	7.67	7.67	7.67	100
511	2019-05-22	7.67	7.67	7.67	7.67	0
512	2019-05-23	7.67	7.86	7.86	7.86	0
513	2019-05-24	7.67	7.86	7.86	7.86	0
514	2019-05-27	8.46	8.46	8.46	8.46	1100
515	2019-05-28	8.46	8.46	8.46	8.46	0
516	2019-05-29	8.46	8.46	8.46	8.46	0
517	2019-05-30	8.46	8.46	8.46	8.46	0
518	2019-05-31	8.73	8.73	8.73	8.73	100
519	2019-06-03	8.73	8.73	8.73	8.73	0
520	2019-06-04	8.73	8.73	8.73	8.73	0
521	2019-06-05	8.73	8.73	8.73	8.73	0
522	2019-06-06	8.73	8.73	8.73	8.73	0
523	2019-06-07	8.73	8.73	8.73	8.73	0
524	2019-06-10	8.73	8.73	8.73	8.73	0
525	2019-06-11	8.73	8.73	8.73	8.73	0
526	2019-06-12	8.73	8.73	8.73	8.73	0
527	2019-06-13	8.73	8.73	8.73	8.73	0
528	2019-06-14	8.73	8.73	8.73	8.73	0
529	2019-06-17	8.73	8.73	8.73	8.73	0
530	2019-06-18	8.73	8.73	8.73	8.73	200
531	2019-06-19	8.73	8.73	8.73	8.73	0
532	2019-06-20	8.73	8.73	8.73	8.73	0
533	2019-06-21	8.73	8.73	8.73	8.73	0
534	2019-06-24	8.73	8.73	8.73	8.73	0
535	2019-06-25	8.73	8.73	8.73	8.73	0
536	2019-06-26	8.73	8.73	8.73	8.73	0
537	2019-06-27	8.73	8.73	8.73	8.73	0
538	2019-06-28	8.99	8.99	8.99	8.99	1100
539	2019-07-01	8.99	8.99	8.99	8.99	0
540	2019-07-02	8.99	8.99	8.99	8.99	0
541	2019-07-03	8.99	8.99	8.99	8.99	0
542	2019-07-04	8.99	8.99	8.99	8.99	0
543	2019-07-05	8.99	8.99	8.99	8.99	0
544	2019-07-08	8.46	8.46	8.46	8.46	100
545	2019-07-09	8.46	8.46	8.46	8.46	0
546	2019-07-10	8.46	8.46	8.46	8.46	0
547	2019-07-11	8.46	8.46	8.46	8.46	0
548	2019-07-12	8.46	8.46	8.46	8.46	0
549	2019-07-15	8.46	8.46	8.46	8.46	0
550	2019-07-16	8.46	8.46	8.46	8.46	0
551	2019-07-17	8.46	8.46	8.46	8.46	0
552	2019-07-18	8.46	8.46	8.46	8.46	0
553	2019-07-19	7.93	8.73	7.93	8.73	26500
554	2019-07-22	7.96	8.73	8.73	8.73	0
555	2019-07-23	7.93	7.93	7.93	7.93	100
556	2019-07-24	7.93	7.93	7.93	7.93	0
557	2019-07-25	7.93	7.93	7.93	7.93	0
558	2019-07-26	7.93	7.93	7.93	7.93	0
559	2019-07-29	7.93	7.93	7.93	7.93	0
560	2019-07-30	8.44	8.44	8.44	8.44	1000
561	2019-07-31	8.44	8.44	8.44	8.44	0
562	2019-08-01	8.44	8.44	8.44	8.44	0
563	2019-08-02	8.44	8.44	8.44	8.44	0
564	2019-08-05	7.93	7.96	7.93	7.96	400
565	2019-08-06	7.93	7.96	7.96	7.96	0
566	2019-08-07	7.93	7.96	7.96	7.96	0
567	2019-08-08	8.46	8.46	8.44	8.44	300
568	2019-08-09	8.46	8.46	8.46	8.44	50
569	2019-08-12	7.99	7.99	7.96	7.96	200
570	2019-08-13	8.73	8.73	8.73	8.73	400
571	2019-08-14	8.73	8.73	8.73	8.73	0
572	2019-08-15	7.93	7.96	7.93	7.96	300
573	2019-08-16	7.96	7.96	7.96	7.96	0
574	2019-08-19	7.96	7.96	7.93	7.93	700
575	2019-08-20	7.93	7.93	7.93	7.93	0
576	2019-08-21	7.93	7.93	7.93	7.93	0
577	2019-08-22	7.93	7.93	7.93	7.93	0
578	2019-08-23	8.17	8.2	8.17	8.2	1200
579	2019-08-26	8.2	8.2	8.2	8.2	0
580	2019-08-27	8.2	8.2	8.2	8.2	0
581	2019-08-28	8.17	8.17	8.17	8.17	100
582	2019-08-29	8.17	8.17	8.17	8.17	0
583	2019-08-30	8.17	8.17	8.17	8.17	0
584	2019-09-03	8.17	8.17	8.17	8.17	40
585	2019-09-04	7.27	7.27	7.27	7.27	100
586	2019-09-05	7.27	7.27	7.27	7.27	0
587	2019-09-06	7.27	7.27	7.27	7.27	0
588	2019-09-09	7.93	7.93	7.93	7.93	510
589	2019-09-10	7.93	7.93	7.93	7.93	0
590	2019-09-11	7.93	7.93	7.93	7.93	0
591	2019-09-12	7.93	8.2	7.93	8.2	2200
592	2019-09-13	8.2	8.2	8.2	8.2	100
593	2019-09-16	8.2	8.2	8.2	8.2	0
594	2019-09-17	8.2	8.2	8.17	8.17	1100
595	2019-09-18	8.2	8.17	8.17	8.17	0
596	2019-09-19	8.2	8.17	8.17	8.17	0
597	2019-09-20	8.2	8.17	8.17	8.17	0
598	2019-09-23	7.8	7.8	7.8	7.8	1000
599	2019-09-24	7.8	7.8	7.8	7.8	0
600	2019-09-25	7.8	7.8	7.8	7.8	0
601	2019-09-26	7.8	7.8	7.8	7.8	200
602	2019-09-27	7.8	7.8	7.8	7.8	0
603	2019-09-30	7.8	7.8	7.8	7.8	0
604	2019-10-01	7.8	7.8	7.8	7.8	0
605	2019-10-02	7.93	7.93	7.93	7.93	1000
606	2019-10-03	7.93	7.93	7.93	7.93	200
607	2019-10-04	7.93	7.93	7.93	7.93	5
608	2019-10-07	7.93	7.93	7.93	7.93	10
609	2019-10-08	7.93	7.93	7.93	7.93	35
610	2019-10-09	7.93	7.93	7.93	7.93	0
611	2019-10-10	7.93	7.93	7.93	7.93	0
612	2019-10-11	7.93	7.93	7.93	7.93	0
613	2019-10-14	7.93	7.93	7.93	7.93	0
614	2019-10-15	7.93	7.93	7.93	7.93	0
615	2019-10-16	7.93	7.93	7.93	7.93	0
616	2019-10-17	7.93	7.93	7.93	7.93	0
617	2019-10-18	7.93	7.93	7.93	7.93	10
618	2019-10-21	7.93	7.93	7.93	7.93	20
619	2019-10-22	7.67	7.67	7.67	7.67	500
620	2019-10-23	7.67	7.67	7.67	7.67	0
621	2019-10-24	7.67	7.67	7.67	7.67	0
622	2019-10-25	7.67	7.67	7.67	7.67	0
623	2019-10-28	7.67	7.67	7.67	7.67	0
624	2019-10-29	7.67	7.67	7.67	7.67	0
625	2019-10-30	7.67	7.67	7.67	7.67	0
626	2019-10-31	7.67	7.67	7.67	7.67	0
627	2019-11-01	7.67	7.67	7.67	7.67	0
628	2019-11-04	7.67	7.67	7.67	7.67	5
629	2019-11-05	7.67	7.67	7.67	7.67	0
630	2019-11-06	7.67	7.67	7.67	7.67	0
631	2019-11-07	7.67	7.67	7.67	7.67	0
632	2019-11-08	7.67	7.67	7.67	7.67	0
633	2019-11-11	7.67	7.67	7.67	7.67	0
634	2019-11-12	7.67	7.67	7.67	7.67	0
635	2019-11-13	7.67	7.67	7.67	7.67	0
636	2019-11-14	7.67	7.67	7.67	7.67	0
637	2019-11-15	7.93	7.93	7.93	7.93	205
638	2019-11-18	7.93	7.93	7.93	7.93	0
639	2019-11-19	7.93	7.93	7.93	7.93	0
640	2019-11-20	7.93	7.93	7.93	7.93	0
641	2019-11-21	7.93	7.93	7.93	7.93	0
642	2019-11-22	7.93	7.93	7.93	7.93	0
643	2019-11-25	7.93	7.93	7.93	7.93	0
644	2019-11-26	7.93	7.93	7.93	7.93	0
645	2019-11-27	7.93	7.93	7.93	7.93	0
646	2019-11-28	7.93	7.93	7.93	7.93	0
647	2019-11-29	7.14	7.14	7.14	7.14	200
648	2019-12-02	7.93	7.93	7.93	7.14	200
649	2019-12-03	7.14	7.93	7.93	7.93	0
650	2019-12-04	7.14	7.93	7.93	7.93	0
651	2019-12-05	7.14	7.93	7.93	7.93	0
652	2019-12-06	7.14	7.93	7.93	7.93	0
653	2019-12-09	7.93	7.93	7.93	7.93	100
654	2019-12-10	7.93	7.93	7.93	7.93	0
655	2019-12-11	7.8	7.8	7.8	7.8	1000
656	2019-12-12	7.8	7.8	7.8	7.8	0
657	2019-12-13	7.8	7.8	7.8	7.8	100
658	2019-12-16	7.8	7.8	7.8	7.8	0
659	2019-12-17	7.8	7.8	7.8	7.8	0
660	2019-12-18	7.8	7.8	7.8	7.8	0
661	2019-12-19	7.8	7.8	7.8	7.8	0
662	2019-12-20	7.8	7.8	7.8	7.8	0
663	2019-12-23	7.8	7.8	7.8	7.8	0
664	2019-12-24	7.8	7.8	7.8	7.8	0
665	2019-12-25	7.8	7.8	7.8	7.8	0
666	2019-12-26	7.8	7.8	7.8	7.8	0
667	2019-12-27	7.8	7.8	7.8	7.8	0
668	2019-12-30	7.8	7.8	7.8	7.8	0
669	2019-12-31	7.8	7.8	7.8	7.8	0
670	2020-01-02	7.8	7.8	7.8	7.8	0
671	2020-01-03	7.8	7.8	7.8	7.8	0
672	2020-01-06	7.8	7.8	7.8	7.8	0
673	2020-01-07	7.8	7.8	7.8	7.8	0
674	2020-01-08	7.8	7.8	7.8	7.8	0
675	2020-01-09	7.8	7.8	7.8	7.8	0
676	2020-01-10	7.8	7.8	7.8	7.8	0
677	2020-01-13	7.41	7.41	7.41	7.41	200
678	2020-01-14	7.41	7.41	7.41	7.41	0
679	2020-01-15	7.41	7.41	7.41	7.41	0
680	2020-01-16	7.41	7.41	7.41	7.41	0
681	2020-01-17	7.41	7.41	7.41	7.41	0
682	2020-01-20	6.88	6.88	6.88	6.88	3500
683	2020-01-21	6.35	6.35	6.35	6.35	2000
684	2020-01-22	6.35	6.35	6.35	6.35	0
685	2020-01-30	6.35	6.35	6.35	6.35	0
686	2020-01-31	7.14	7.25	7.14	7.25	600
687	2020-02-03	7.09	7.11	7.09	7.11	2700
688	2020-02-04	6.9	7.09	6.9	7.09	1110
689	2020-02-05	7.06	7.09	7.09	7.09	0
690	2020-02-06	7.06	7.09	7.09	7.09	0
691	2020-02-07	7.06	7.09	7.09	7.09	0
692	2020-02-10	7.06	7.09	7.09	7.09	0
693	2020-02-11	6.74	6.74	6.74	6.74	900
694	2020-02-12	6.74	6.74	6.74	6.74	0
695	2020-02-13	6.74	6.74	6.74	6.74	0
696	2020-02-14	6.74	6.74	6.74	6.74	0
697	2020-02-17	6.74	6.74	6.74	6.74	1000
698	2020-02-18	6.74	6.74	6.74	6.74	0
699	2020-02-19	6.74	6.74	6.74	6.74	0
700	2020-02-20	6.88	6.88	6.88	6.88	500
701	2020-02-21	6.88	6.88	6.88	6.88	0
702	2020-02-24	6.88	6.88	6.88	6.88	200
703	2020-02-25	6.88	6.88	6.88	6.88	2700
704	2020-02-26	6.88	6.88	6.88	6.88	100
705	2020-02-27	6.88	6.88	6.88	6.88	0
706	2020-02-28	6.88	6.88	6.88	6.88	1000
707	2020-03-02	6.88	6.88	6.88	6.88	1000
708	2020-03-03	6.37	6.37	6.37	6.37	100
709	2020-03-04	6.37	6.37	6.37	6.37	0
710	2020-03-05	6.37	6.37	6.37	6.37	0
711	2020-03-06	6.48	6.48	6.48	6.48	1000
712	2020-03-09	6.85	6.85	6.85	6.85	1000
713	2020-03-10	6.85	6.85	6.85	6.85	0
714	2020-03-11	6.85	6.85	6.85	6.85	1010
715	2020-03-12	6.85	6.85	6.85	6.85	10
716	2020-03-13	6.85	6.85	6.85	6.85	0
717	2020-03-16	6.85	6.85	6.85	6.85	0
718	2020-03-17	6.85	6.85	6.85	6.85	600
719	2020-03-18	7.01	7.01	7.01	7.01	1100
720	2020-03-19	7.01	7.01	7.01	7.01	0
721	2020-03-20	7.04	7.04	7.04	7.04	2030
722	2020-03-23	7.04	7.04	7.04	7.04	0
723	2020-03-24	7.04	7.04	7.04	7.04	0
724	2020-03-25	7.04	7.04	7.04	7.04	0
725	2020-03-26	7.04	7.04	7.04	7.04	0
726	2020-03-27	7.04	7.04	7.04	7.04	500
727	2020-03-30	8.07	8.07	8.07	8.07	1110
728	2020-03-31	8.07	8.07	8.07	8.07	0
729	2020-04-01	9.26	9.26	9.26	9.26	100
730	2020-04-03	9.26	9.26	9.26	9.26	0
731	2020-04-06	9.26	9.26	9.26	9.26	0
732	2020-04-07	9.26	9.26	9.26	9.26	0
733	2020-04-08	7.88	7.88	7.88	7.88	1620
734	2020-04-09	7.88	7.88	7.88	7.88	6400
735	2020-04-10	7.88	7.88	7.88	7.88	3400
736	2020-04-13	9.02	9.02	9.02	9.02	100
737	2020-04-14	9.02	9.02	9.02	9.02	0
738	2020-04-15	9.02	9.02	9.02	9.02	0
739	2020-04-16	8.73	8.99	8.73	8.99	3500
740	2020-04-17	8.73	8.73	8.73	8.73	4100
741	2020-04-20	8.73	8.73	8.73	8.73	0
742	2020-04-21	10.02	10.02	8.99	9.26	1300
743	2020-04-22	9.23	9.26	9.23	9.26	600
744	2020-04-23	10.6	10.6	10.6	10.6	100
745	2020-04-24	10.6	10.6	10.6	10.6	0
746	2020-04-27	10.6	10.6	10.6	10.6	0
747	2020-04-28	10.6	10.6	10.6	10.6	0
748	2020-04-29	10.6	10.6	10.6	10.6	0
749	2020-05-04	10.6	10.6	10.6	10.6	0
750	2020-05-05	10.6	10.6	10.6	10.6	0
751	2020-05-06	10.6	10.6	10.6	10.6	0
752	2020-05-07	10.6	10.6	10.6	10.6	0
753	2020-05-08	10.6	10.6	10.6	10.6	0
754	2020-05-11	10.6	10.6	10.6	10.6	0
755	2020-05-12	10.6	10.6	10.6	10.6	0
756	2020-05-13	9.06	9.06	9.06	9.06	100
757	2020-05-14	9.06	9.06	9.06	9.06	0
758	2020-05-15	9.06	9.06	9.06	9.06	0
759	2020-05-18	9.06	9.06	9.06	9.06	0
760	2020-05-19	9.06	9.06	9.06	9.06	0
761	2020-05-20	7.88	7.88	7.88	7.88	100
762	2020-05-21	7.88	7.88	7.88	7.88	0
763	2020-05-22	7.88	7.88	7.88	7.88	0
764	2020-05-25	6.71	6.71	6.71	6.71	1000
765	2020-05-26	6.71	6.71	6.71	6.71	0
766	2020-05-27	6.71	6.71	6.71	6.71	0
767	2020-05-28	7.55	7.55	7.55	7.55	1600
768	2020-05-29	7.55	7.55	7.55	7.55	0
769	2020-06-01	7.55	7.55	7.55	7.55	0
770	2020-06-02	7.55	7.55	7.55	7.55	0
771	2020-06-03	7.55	7.55	7.55	7.55	0
772	2020-06-04	7.55	7.55	7.55	7.55	0
773	2020-06-05	7.55	7.55	7.55	7.55	0
774	2020-06-08	7.55	7.55	7.55	7.55	10
775	2020-06-09	7.55	7.55	7.55	7.55	0
776	2020-06-10	7.55	7.55	7.55	7.55	0
777	2020-06-11	7.55	7.55	7.55	7.55	0
778	2020-06-12	7.71	7.71	7.71	7.71	200
779	2020-06-15	7.71	7.71	7.71	7.71	0
780	2020-06-16	7.71	7.71	7.71	7.71	0
781	2020-06-17	7.71	7.71	7.71	7.71	0
782	2020-06-18	7.71	7.71	7.71	7.71	0
783	2020-06-19	7.71	7.71	7.71	7.71	0
784	2020-06-22	7.71	7.71	7.71	7.71	0
785	2020-06-23	7.71	7.71	7.71	7.71	0
786	2020-06-24	7.71	7.71	7.71	7.71	0
787	2020-06-25	7.71	7.71	7.71	7.71	0
788	2020-06-26	7.71	7.71	7.71	7.71	0
789	2020-06-29	7.71	7.71	7.71	7.71	0
790	2020-06-30	7.71	7.71	7.71	7.71	0
791	2020-07-01	7.71	7.71	7.71	7.71	0
792	2020-07-02	7.71	7.71	7.71	7.71	0
793	2020-07-03	7.71	7.71	7.71	7.71	0
794	2020-07-06	7.04	7.04	7.04	7.04	300
795	2020-07-07	7.04	7.04	7.04	7.04	0
796	2020-07-08	7.04	7.04	7.04	7.04	0
797	2020-07-09	7.04	7.04	7.04	7.04	0
798	2020-07-10	7.04	7.04	7.04	7.04	0
799	2020-07-13	7.04	7.04	7.04	7.04	0
800	2020-07-14	8.05	8.05	8.05	8.05	310
801	2020-07-15	8.05	8.05	8.05	8.05	0
802	2020-07-16	8.05	8.05	8.05	8.05	0
803	2020-07-17	7.71	7.71	7.71	7.71	200
804	2020-07-20	7.71	7.71	7.71	7.71	0
805	2020-07-21	7.71	7.71	7.71	7.71	0
806	2020-07-22	7.71	7.71	7.71	7.71	90
807	2020-07-23	7.71	7.71	7.71	7.71	0
808	2020-07-24	7.71	7.71	7.71	7.71	0
809	2020-07-27	6.57	6.57	6.57	6.57	100
810	2020-07-28	6.57	6.57	6.57	6.57	0
811	2020-07-29	6.57	6.57	6.57	6.57	0
812	2020-07-30	6.57	6.57	6.57	6.57	0
813	2020-07-31	6.57	6.57	6.57	6.57	0
814	2020-08-03	6.57	6.57	6.57	6.57	0
815	2020-08-04	6.57	6.57	6.57	6.57	0
816	2020-08-05	7.38	7.38	7.38	7.38	1000
817	2020-08-06	7.38	7.38	7.38	7.38	0
818	2020-08-07	7.38	7.38	7.38	7.38	0
819	2020-08-10	7.38	7.38	7.38	7.38	0
820	2020-08-11	7.38	7.38	7.38	7.38	0
821	2020-08-12	7.38	7.38	7.38	7.38	2000
822	2020-08-13	7.38	7.38	7.38	7.38	0
823	2020-08-14	7.38	7.38	7.38	7.38	0
824	2020-08-17	7.38	7.38	7.38	7.38	1700
825	2020-08-18	7.38	7.71	7.38	7.71	4280
826	2020-08-19	7.71	7.78	7.71	7.78	5420
827	2020-08-20	7.78	7.78	7.78	7.78	3962
828	2020-08-21	7.81	7.81	7.81	7.81	2500
829	2020-08-24	7.61	7.81	7.61	7.81	6010
830	2020-08-25	7.71	7.78	7.24	7.78	2410
831	2020-08-26	7.71	7.78	7.71	7.78	2400
832	2020-08-27	8.89	8.89	8.85	8.85	501
833	2020-08-28	8.85	8.85	8.85	8.85	10
834	2020-08-31	8.85	8.85	8.85	8.85	9
835	2020-09-01	7.65	7.71	7.55	7.71	500
836	2020-09-03	7.61	7.71	7.71	7.71	0
837	2020-09-04	8.05	8.05	8.05	8.05	300
838	2020-09-07	8.05	8.05	8.05	8.05	300
839	2020-09-08	8.05	8.05	8.05	8.05	0
840	2020-09-09	8.05	8.05	8.05	8.05	0
841	2020-09-10	8.05	8.05	8.05	8.05	0
842	2020-09-11	8.05	8.05	8.05	8.05	1200
843	2020-09-14	7.71	7.71	7.65	7.71	1080
844	2020-09-15	7.71	7.71	7.71	7.71	600
845	2020-09-16	7.55	7.55	7.38	7.38	1500
846	2020-09-17	7.45	7.55	7.45	7.55	2971
847	2020-09-18	8.55	8.55	8.55	8.55	100
848	2020-09-21	7.58	7.58	7.58	7.58	300
849	2020-09-22	7.58	7.58	7.58	7.58	0
850	2020-09-23	7.58	7.58	7.58	7.58	0
851	2020-09-24	7.58	7.58	7.58	7.58	0
852	2020-09-25	7.58	7.58	7.58	7.58	0
853	2020-09-28	7.98	7.98	7.98	7.98	100
854	2020-09-29	7.98	7.98	7.98	7.98	0
855	2020-09-30	7.98	7.98	7.98	7.98	0
856	2020-10-01	7.81	7.81	7.71	7.71	200
857	2020-10-02	7.78	7.71	7.71	7.71	0
858	2020-10-05	7.78	7.71	7.71	7.71	0
859	2020-10-06	7.78	7.71	7.71	7.71	0
860	2020-10-07	8.82	8.82	8.82	8.82	100
861	2020-10-08	7.61	7.71	7.61	7.71	600
862	2020-10-09	7.68	7.71	7.71	7.71	0
863	2020-10-12	8.82	8.82	8.82	8.82	100
864	2020-10-13	8.82	8.82	8.82	8.82	0
865	2020-10-14	8.82	8.82	8.82	8.82	0
866	2020-10-15	7.71	7.71	7.71	7.71	600
867	2020-10-16	7.71	7.71	7.71	7.71	1200
868	2020-10-19	7.71	7.71	7.71	7.71	0
869	2020-10-20	7.71	7.71	7.71	7.71	0
870	2020-10-21	7.71	7.71	7.71	7.71	0
871	2020-10-22	7.71	7.71	7.71	7.71	0
872	2020-10-23	7.71	7.71	7.71	7.71	0
873	2020-10-26	7.71	7.71	7.71	7.71	0
874	2020-10-27	7.28	7.28	7.28	7.28	100
875	2020-10-28	7.28	7.28	7.28	7.28	600
876	2020-10-29	8.35	8.35	8.35	8.35	100
877	2020-10-30	8.35	8.35	8.35	8.35	0
878	2020-11-02	7.38	7.38	7.38	7.38	100
879	2020-11-03	7.38	7.38	7.38	7.38	0
880	2020-11-04	7.38	7.38	7.38	7.38	0
881	2020-11-05	8.49	8.49	8.49	8.49	100
882	2020-11-06	7.38	7.38	7.38	7.38	100
883	2020-11-09	7.38	7.38	7.38	7.38	0
884	2020-11-10	8.49	8.49	8.49	8.49	100
885	2020-11-11	8.49	8.49	8.49	8.49	0
886	2020-11-12	8.49	8.49	8.49	8.49	0
887	2020-11-13	8.49	8.49	8.49	8.49	0
888	2020-11-16	8.49	8.49	8.49	8.49	0
889	2020-11-17	8.49	8.49	8.49	8.49	0
890	2020-11-18	7.38	7.38	7.24	7.24	600
891	2020-11-19	8.35	8.35	8.35	8.35	100
892	2020-11-20	8.35	8.35	8.35	8.35	0
893	2020-11-23	8.35	8.35	8.35	8.35	0
894	2020-11-24	8.35	8.35	8.35	8.35	0
895	2020-11-25	8.35	8.35	8.35	8.35	0
896	2020-11-26	8.35	8.35	8.35	8.35	0
897	2020-11-27	8.35	8.35	8.35	8.35	0
898	2020-11-30	8.35	8.35	8.35	8.35	0
899	2020-12-01	8.35	8.35	8.35	8.35	0
900	2020-12-02	8.35	8.35	8.35	8.35	0
901	2020-12-03	8.35	8.35	8.35	8.35	0
902	2020-12-04	8.35	8.35	8.35	8.35	0
903	2020-12-07	8.35	8.35	8.35	8.35	0
904	2020-12-08	8.35	8.35	8.35	8.35	0
905	2020-12-09	8.35	8.35	8.35	8.35	0
906	2020-12-10	8.35	8.35	8.35	8.35	0
907	2020-12-11	8.35	8.35	8.35	8.35	0
908	2020-12-14	8.35	8.35	8.35	8.35	0
909	2020-12-15	8.32	8.32	8.32	8.32	2000
910	2020-12-16	8.32	8.32	8.05	8.32	2500
911	2020-12-17	8.18	8.32	8.18	8.32	2000
912	2020-12-18	8.18	8.18	8.18	8.18	600
913	2020-12-21	8.05	8.55	8.05	8.55	6000
914	2020-12-22	8.42	8.42	8.42	8.42	1350
915	2020-12-23	8.42	8.42	8.42	8.42	3400
916	2020-12-24	8.22	8.38	8.22	8.38	3000
917	2020-12-25	8.32	8.38	8.38	8.38	0
918	2020-12-28	9.56	9.56	9.06	9.06	2300
919	2020-12-29	9.22	9.06	9.06	9.06	0
920	2020-12-30	9.22	9.06	9.06	9.06	0
921	2020-12-31	9.22	9.06	9.06	9.06	0
922	2021-01-04	9.22	9.06	9.06	9.06	0
923	2021-01-05	10.6	10.6	10.6	10.6	100
924	2021-01-06	9.02	9.02	9.02	9.02	200
925	2021-01-07	9.02	9.02	9.02	9.02	1200
926	2021-01-08	9.02	9.02	9.02	9.02	0
927	2021-01-11	9.02	9.02	9.02	9.02	500
928	2021-01-12	9.02	9.02	9.02	9.02	0
929	2021-01-13	9.06	9.06	8.99	8.99	7000
930	2021-01-14	8.99	8.99	8.99	8.99	6000
931	2021-01-15	8.99	8.99	8.99	8.99	1600
932	2021-01-18	8.38	8.55	8.38	8.55	5500
933	2021-01-19	8.55	8.55	8.55	8.55	1000
934	2021-01-20	8.55	8.55	8.55	8.55	0
935	2021-01-21	9.83	9.83	9.22	9.22	200
936	2021-01-22	9.53	9.53	9.53	9.53	0
937	2021-01-25	8.55	8.55	8.55	8.55	1100
938	2021-01-26	9.06	9.06	8.38	8.38	5100
939	2021-01-27	8.22	8.22	8.22	8.22	3000
940	2021-01-28	8.22	8.22	8.22	8.22	2210
941	2021-01-29	8.22	8.32	8.22	8.32	6010
942	2021-02-01	9.06	9.06	9.06	9.06	100
943	2021-02-02	7.75	7.75	7.75	7.75	100
944	2021-02-03	8.85	8.89	6.91	8.89	3200
945	2021-02-04	9.86	9.86	9.86	9.86	103
946	2021-02-05	9.86	9.86	9.86	9.86	0
947	2021-02-08	9.02	9.02	9.02	9.02	200
948	2021-02-09	9.02	9.02	9.02	9.02	1300
949	2021-02-17	9.02	9.02	9.02	9.02	4
950	2021-02-18	9.02	9.02	8.99	8.99	700
951	2021-02-19	8.95	8.95	8.92	8.92	2000
952	2021-02-22	8.92	8.92	8.92	8.92	0
953	2021-02-23	8.92	8.92	8.92	8.92	0
954	2021-02-24	8.92	8.92	8.92	8.92	0
955	2021-02-25	8.92	8.92	8.92	8.92	0
956	2021-02-26	8.92	8.92	8.92	8.92	0
957	2021-03-01	8.45	8.45	8.45	8.45	400
958	2021-03-02	8.45	8.45	8.45	8.45	0
959	2021-03-03	8.45	8.45	8.45	8.45	0
960	2021-03-04	8.45	8.45	8.45	8.45	0
961	2021-03-05	8.45	8.45	8.45	8.45	0
962	2021-03-08	8.45	8.45	8.45	8.45	0
963	2021-03-09	8.45	8.45	8.45	8.45	0
964	2021-03-10	8.79	8.79	8.79	8.79	1000
965	2021-03-11	8.79	8.79	8.79	8.79	1000
966	2021-03-12	8.79	8.79	8.79	8.79	1300
967	2021-03-15	8.79	8.79	8.72	8.72	2300
968	2021-03-16	8.38	8.38	8.38	8.38	200
969	2021-03-17	8.38	8.38	8.38	8.38	0
970	2021-03-18	8.65	9.06	8.65	9.06	1700
971	2021-03-19	8.69	8.72	8.69	8.72	2600
972	2021-03-22	8.72	8.99	8.72	8.99	2600
973	2021-03-23	8.99	8.99	8.92	8.92	700
974	2021-03-24	8.95	8.95	8.95	8.92	100
975	2021-03-25	8.95	8.95	8.95	8.95	1087
976	2021-03-26	8.95	8.95	8.95	8.95	0
977	2021-03-29	8.95	8.95	8.72	8.72	800
978	2021-03-30	8.92	8.92	8.92	8.92	1900
979	2021-03-31	8.92	8.92	8.92	8.92	22600
980	2021-04-01	8.82	8.89	8.82	8.89	14019
981	2021-04-02	7.88	8.85	7.88	8.85	200
982	2021-04-05	8.82	8.82	8.65	8.82	45949
983	2021-04-06	8.82	8.82	8.82	8.82	10675
984	2021-04-07	9.03	9.03	9.03	9.03	300
985	2021-04-08	9.1	9.1	9.1	9.1	2800
986	2021-04-09	9.03	9.1	9.03	9.03	3900
987	2021-04-12	9.1	9.1	9.1	9.1	10500
988	2021-04-13	9.1	9.13	9.1	9.13	7270
989	2021-04-14	9.13	9.13	9.13	9.13	4000
990	2021-04-15	9.2	9.2	9.2	9.2	600
991	2021-04-16	10.54	10.54	9.13	9.13	3200
992	2021-04-19	9.16	9.27	9.16	9.27	8200
993	2021-04-20	10.61	10.61	9.27	9.27	600
994	2021-04-22	9.44	9.61	9.44	9.54	4100
995	2021-04-23	9.58	9.61	9.58	9.58	8101
996	2021-04-26	9.44	10.98	9.44	10.98	3000
997	2021-04-27	9.75	10.98	9.75	10.98	600
998	2021-04-28	10.3	10.98	10.98	10.98	0
999	2021-04-29	10.3	10.98	10.98	10.98	0
1000	2021-05-04	11.84	11.84	10.98	10.98	723
1001	2021-05-05	9.47	10.3	9.47	10.3	200
1002	2021-05-06	9.88	10.3	10.3	10.3	0
1003	2021-05-07	9.88	10.3	10.3	10.3	0
1004	2021-05-10	11.33	11.33	11.33	11.33	100
1005	2021-05-11	9.68	9.71	9.68	9.68	1513
1006	2021-05-12	11.12	11.12	11.12	11.12	100
1007	2021-05-13	9.54	10.12	9.54	9.54	1800
1008	2021-05-14	9.58	9.58	9.58	9.58	2000
1009	2021-05-17	9.58	9.58	9.58	9.58	300
1010	2021-05-18	9.58	9.58	9.58	9.58	0
1011	2021-05-19	9.58	9.58	9.1	9.58	2700
1012	2021-05-20	9.16	9.16	9.1	9.1	2900
1013	2021-05-21	9.16	9.16	9.16	9.16	2900
1014	2021-05-24	9.16	9.16	8.92	8.96	13300
1015	2021-05-25	9.13	9.13	9.13	9.13	1300
1016	2021-05-26	9.13	9.16	9.13	9.16	1400
1017	2021-05-27	9.58	9.58	9.54	9.58	1126
1018	2021-05-28	9.58	9.78	9.58	9.61	1524
1019	2021-05-31	9.58	9.58	9.58	9.58	2800
1020	2021-06-01	9.58	9.75	9.58	9.64	5200
1021	2021-06-02	11.0	11.0	10.96	10.96	1600
1022	2021-06-03	10.96	10.96	10.96	10.96	0
1023	2021-06-04	10.71	10.71	10.71	10.71	200
1024	2021-06-07	10.71	10.71	10.71	10.71	100
1025	2021-06-08	10.71	10.71	10.71	10.71	200
1026	2021-06-09	10.71	10.71	10.71	10.71	1000
1027	2021-06-10	10.71	10.71	10.71	10.71	0
1028	2021-06-11	10.09	10.09	10.09	10.09	200
1029	2021-06-14	9.89	9.89	9.89	9.89	5018
1030	2021-06-15	9.89	9.89	9.89	9.89	1400
1031	2021-06-16	9.89	9.89	9.89	9.89	7210
1032	2021-06-17	9.89	9.89	9.89	9.89	4300
1033	2021-06-18	9.89	9.89	9.89	9.89	0
1034	2021-06-21	9.06	9.72	9.06	9.72	200
1035	2021-06-22	9.39	9.72	9.72	9.72	0
1036	2021-06-23	9.39	9.72	9.72	9.72	0
1037	2021-06-24	9.27	9.27	9.27	9.27	410
1038	2021-06-25	9.27	9.27	9.27	9.27	3400
1039	2021-06-28	9.27	9.84	9.27	9.84	5500
1040	2021-06-29	9.39	9.84	9.84	9.84	0
1041	2021-06-30	10.75	10.75	9.23	9.23	15118
1042	2021-07-01	9.23	9.23	9.23	9.23	10305
1043	2021-07-02	10.54	10.54	9.47	9.47	200
1044	2021-07-05	9.47	9.47	9.47	9.47	600
1045	2021-07-06	10.83	10.83	10.83	10.83	103
1046	2021-07-07	9.47	9.56	9.39	9.56	600
1047	2021-07-08	9.56	9.56	9.06	9.06	200
1048	2021-07-09	10.63	10.67	9.27	10.67	1400
1049	2021-07-12	11.04	11.04	10.63	10.63	400
1050	2021-07-13	9.18	10.3	9.18	10.3	900
1051	2021-07-14	10.63	10.63	10.3	10.3	400
1052	2021-07-15	10.38	10.3	10.3	10.3	0
1053	2021-07-16	10.34	10.38	10.34	10.38	5100
1054	2021-07-19	10.38	10.38	10.3	10.3	250
1055	2021-07-20	8.9	8.9	8.9	8.9	100
1056	2021-07-21	10.17	10.17	10.17	10.17	200
1057	2021-07-22	10.17	10.17	10.17	10.17	3
1058	2021-07-23	10.17	10.17	10.17	10.17	50
1059	2021-07-26	10.17	10.17	10.17	10.17	0
1060	2021-07-27	10.63	10.63	10.63	10.63	100
1061	2021-07-28	9.47	9.47	9.47	9.47	118
1062	2021-07-29	9.47	9.47	9.47	9.47	0
1063	2021-07-30	10.3	10.3	10.3	10.3	200
1064	2021-08-02	10.26	10.26	9.56	9.56	781
1065	2021-08-03	9.84	9.56	9.56	9.56	0
1066	2021-08-04	9.47	9.47	9.47	9.47	520
1067	2021-08-05	9.47	9.47	9.47	9.47	620
1068	2021-08-06	9.47	9.47	9.47	9.47	560
1069	2021-08-09	9.47	9.47	9.47	9.47	1020
1070	2021-08-10	10.5	10.5	10.3	10.3	959
1071	2021-08-11	9.47	10.17	9.47	10.17	1340
1072	2021-08-12	10.26	10.26	10.09	10.09	1120
1073	2021-08-13	10.3	10.3	10.3	10.3	200
1074	2021-08-16	10.3	10.3	10.3	10.3	0
1075	2021-08-17	10.3	10.3	10.21	10.26	1500
1076	2021-08-18	10.21	10.21	10.21	10.26	20
1077	2021-08-19	10.21	10.3	10.21	10.3	3379
1078	2021-08-20	10.17	10.17	10.17	10.17	200
1079	2021-08-23	10.17	10.17	10.17	10.17	0
1080	2021-08-24	10.17	10.17	10.17	10.17	21
1081	2021-08-25	9.89	9.89	9.56	9.56	500
1082	2021-08-26	9.68	9.68	9.68	9.68	1520
1083	2021-08-27	9.68	10.71	9.68	10.3	16210
1084	2021-08-30	10.3	11.12	10.21	11.12	33491
1085	2021-08-31	11.37	11.94	11.37	11.53	18320
1086	2021-09-01	11.53	11.53	10.71	11.12	4420
1087	2021-09-06	11.12	11.12	10.42	10.63	14316
1088	2021-09-07	11.74	11.74	10.5	10.59	14000
1089	2021-09-08	10.38	10.83	10.38	10.83	6460
1090	2021-09-09	10.79	10.79	10.5	10.5	7200
1091	2021-09-10	10.5	10.63	10.21	10.21	6900
1092	2021-09-13	11.49	11.49	10.59	10.59	240
1093	2021-09-14	10.17	10.21	10.17	10.21	1200
1094	2021-09-15	11.04	11.04	10.21	10.21	1300
1095	2021-09-16	10.17	10.17	10.09	10.09	2300
1096	2021-09-17	10.09	10.21	10.09	10.21	8950
1097	2021-09-20	10.17	10.17	10.01	10.01	800
1098	2021-09-21	9.89	9.89	9.89	9.89	414
1099	2021-09-22	10.17	10.3	10.17	10.3	1430
1100	2021-09-23	10.09	10.09	9.97	9.97	4460
1101	2021-09-24	10.67	10.67	10.67	10.67	114
1102	2021-09-27	10.67	10.67	10.67	10.67	40
1103	2021-09-28	9.51	10.21	9.51	10.21	1300
1104	2021-09-29	9.72	9.72	9.72	9.72	0
1105	2021-09-30	9.89	9.89	9.89	9.89	1350
1106	2021-10-01	9.89	9.89	9.64	9.68	3200
1107	2021-10-04	9.72	9.72	9.72	9.72	132
1108	2021-10-05	9.72	9.72	9.51	9.72	4700
1109	2021-10-06	9.72	9.72	9.72	9.72	1984
1110	2021-10-07	9.68	10.26	9.68	10.26	2900
1111	2021-10-08	9.72	9.72	9.72	9.72	2303
1112	2021-10-11	9.72	9.72	9.72	9.72	47
1113	2021-10-12	10.21	10.21	10.21	10.21	603
1114	2021-10-13	10.21	10.21	10.21	10.21	2000
1115	2021-10-14	10.17	10.17	9.51	9.72	3426
1116	2021-10-15	9.89	9.89	9.89	9.89	400
1117	2021-10-18	9.93	9.93	9.89	9.89	600
1118	2021-10-19	9.89	9.89	9.89	9.89	0
1119	2021-10-20	9.89	9.89	9.89	9.89	2600
1120	2021-10-21	9.47	9.72	9.47	9.72	900
1121	2021-10-22	10.01	10.01	10.01	10.01	400
1122	2021-10-25	10.05	10.05	10.05	10.05	200
1123	2021-10-26	10.09	10.09	10.09	10.09	200
1124	2021-10-27	9.76	9.76	9.76	9.76	500
1125	2021-10-28	9.89	10.13	9.89	10.09	5900
1126	2021-10-29	10.09	10.09	10.09	10.09	0
1127	2021-11-01	10.09	10.09	10.09	10.09	1000
1128	2021-11-02	10.09	10.09	10.09	10.09	500
1129	2021-11-03	9.89	9.89	9.89	9.89	200
1130	2021-11-04	9.89	9.89	9.89	9.89	0
1131	2021-11-05	9.89	9.89	9.89	9.89	300
1132	2021-11-08	9.89	9.89	9.68	9.68	500
1133	2021-11-09	9.76	9.76	9.76	9.76	0
1134	2021-11-10	9.8	9.8	9.8	9.8	4535
1135	2021-11-11	9.89	9.89	9.84	9.84	300
1136	2021-11-12	10.09	10.09	10.05	10.09	1500
1137	2021-11-15	10.21	10.26	10.21	10.21	1400
1138	2021-11-16	10.38	10.38	10.3	10.3	200
1139	2021-11-17	9.47	10.17	9.47	9.89	11900
1140	2021-11-18	9.76	9.76	9.76	9.76	0
1141	2021-11-19	9.8	9.8	9.8	9.8	5235
1142	2021-11-22	9.89	9.89	8.44	9.89	3500
1143	2021-11-23	9.68	9.68	9.68	9.68	1000
1144	2021-11-24	10.09	10.09	10.09	10.09	1000
1145	2021-11-25	10.09	10.3	10.09	10.3	2645
1146	2021-11-26	10.3	10.3	10.3	10.3	300
1147	2021-11-29	10.3	10.38	10.26	10.38	2735
1148	2021-11-30	10.34	10.34	10.34	10.34	110
1149	2021-12-01	10.34	10.34	10.34	10.34	0
1150	2021-12-02	10.3	10.3	10.3	10.3	100
1151	2021-12-03	10.13	10.13	10.09	10.09	200
1152	2021-12-06	9.93	9.97	9.93	9.97	3000
1153	2021-12-07	9.97	9.97	9.97	9.97	3000
1154	2021-12-08	9.89	9.97	9.89	9.97	1200
1155	2021-12-09	9.89	9.89	9.89	9.89	100
1156	2021-12-10	9.89	9.89	9.89	9.89	100
1157	2021-12-13	9.47	10.3	9.47	10.3	2300
1158	2021-12-14	10.09	10.17	10.09	10.17	527
1159	2021-12-15	10.13	10.26	10.13	10.26	3201
1160	2021-12-16	10.26	10.5	10.26	10.5	2115
1161	2021-12-17	10.38	10.5	10.38	10.38	700
1162	2021-12-20	10.38	10.38	10.38	10.38	0
1163	2021-12-21	10.3	10.3	10.3	10.3	100
1164	2021-12-22	10.26	10.5	10.21	10.5	3100
1165	2021-12-23	10.3	10.38	10.3	10.38	5026
1166	2021-12-24	10.34	10.38	10.34	10.38	1000
1167	2021-12-27	10.38	10.38	10.38	10.38	44
1168	2021-12-28	10.38	10.38	10.38	10.38	0
1169	2021-12-29	10.38	10.38	10.38	10.38	13
1170	2021-12-30	10.46	10.5	10.46	10.5	3500
1171	2021-12-31	10.38	10.5	10.38	10.5	900
1172	2022-01-04	10.5	10.71	10.5	10.71	700
1173	2022-01-05	10.54	10.54	10.54	10.54	0
1174	2022-01-06	10.3	10.91	10.3	10.91	700
1175	2022-01-07	10.54	10.54	10.54	10.54	0
1176	2022-01-10	10.54	10.54	10.54	10.54	0
1177	2022-01-11	10.91	10.91	10.91	10.91	2000
1178	2022-01-12	10.3	10.91	10.3	10.91	1100
1179	2022-01-13	10.34	10.34	10.34	10.34	25
1180	2022-01-14	10.34	10.34	10.34	10.34	0
1181	2022-01-17	9.89	10.09	9.89	9.93	2100
1182	2022-01-18	9.97	9.97	9.97	9.97	0
1183	2022-01-19	9.97	9.97	9.97	9.97	0
1184	2022-01-20	9.93	9.93	9.93	9.93	100
1185	2022-01-21	9.89	9.89	9.89	9.89	5000
1186	2022-01-24	9.89	9.89	9.89	9.89	10
1187	2022-01-25	9.89	9.89	9.89	9.89	0
1188	2022-01-26	9.89	9.89	9.89	9.89	0
1189	2022-01-27	10.09	10.09	10.09	10.09	1500
1190	2022-01-28	10.3	10.3	10.3	10.3	2000
1191	2022-02-07	10.3	10.3	10.3	10.3	0
1192	2022-02-08	10.3	10.5	10.3	10.5	15500
1193	2022-02-09	10.5	10.5	10.5	10.5	2020
1194	2022-02-10	10.54	10.54	10.5	10.5	12000
1195	2022-02-11	10.5	10.5	10.5	10.5	5100
1196	2022-02-14	10.5	10.5	10.5	10.5	200
1197	2022-02-15	10.5	10.5	10.5	10.5	0
1198	2022-02-16	10.5	10.5	10.5	10.5	50
1199	2022-02-17	10.5	10.5	10.5	10.5	5000
1200	2022-02-18	10.5	10.59	10.5	10.59	2100
1201	2022-02-21	10.59	10.59	10.59	10.59	3722
1202	2022-02-22	10.67	10.67	10.59	10.67	8400
1203	2022-02-23	10.63	10.83	10.63	10.83	8600
1204	2022-02-24	10.91	10.91	10.71	10.83	6000
1205	2022-02-25	10.96	10.96	10.96	10.96	2100
1206	2022-02-28	10.96	10.96	10.96	10.96	0
1207	2022-03-01	10.96	10.96	10.96	10.96	10000
1208	2022-03-02	10.96	10.96	10.96	10.96	0
1209	2022-03-03	10.96	10.96	10.96	10.96	0
1210	2022-03-04	10.96	10.96	10.96	10.96	0
1211	2022-03-07	10.96	10.96	10.96	10.96	2300
1212	2022-03-08	11.0	11.0	10.96	10.96	2400
1213	2022-03-09	10.96	10.96	10.96	10.96	0
1214	2022-03-10	10.96	10.96	10.96	10.96	0
1215	2022-03-11	10.96	10.96	10.96	10.96	0
1216	2022-03-14	10.96	10.96	10.96	10.96	2335
1217	2022-03-15	10.96	10.96	10.96	10.96	0
1218	2022-03-16	10.96	10.96	10.96	10.96	0
1219	2022-03-17	10.96	10.96	10.96	10.96	0
1220	2022-03-18	10.96	10.96	10.96	10.96	0
1221	2022-03-21	10.96	10.96	10.96	10.96	0
1222	2022-03-22	10.96	11.0	10.96	11.0	2100
1223	2022-03-23	10.96	10.96	10.96	10.96	0
1224	2022-03-24	10.96	10.96	10.96	10.96	0
1225	2022-03-25	10.96	10.96	10.96	10.96	0
1226	2022-03-28	10.96	10.96	10.96	10.96	0
1227	2022-03-29	10.96	10.96	10.96	10.96	100
1228	2022-03-30	10.96	10.96	10.96	10.96	0
1229	2022-03-31	10.96	10.96	10.96	10.96	0
1230	2022-04-01	11.0	11.0	11.0	11.0	3000
1231	2022-04-04	11.0	11.0	11.0	11.0	0
1232	2022-04-05	11.04	11.04	11.0	11.0	2400
1233	2022-04-06	11.0	11.0	11.0	11.0	0
1234	2022-04-07	11.0	11.0	11.0	11.0	0
1235	2022-04-08	11.04	11.04	9.35	11.0	9016
1236	2022-04-12	11.0	11.0	11.0	11.0	3000
1237	2022-04-13	11.0	11.0	11.0	11.0	2000
1238	2022-04-14	11.9	11.9	11.9	11.9	100
1239	2022-04-15	11.9	11.9	11.12	11.12	2200
1240	2022-04-18	11.16	11.2	11.16	11.2	200
1241	2022-04-19	11.2	11.2	11.12	11.12	300
1242	2022-04-20	11.16	11.16	11.16	11.16	0
1243	2022-04-21	11.16	11.16	11.16	11.16	0
1244	2022-04-22	11.16	11.16	11.16	11.16	0
1245	2022-04-25	10.09	10.09	9.68	9.68	1800
1246	2022-04-26	9.72	9.72	9.72	9.72	0
1247	2022-04-27	11.16	11.16	11.12	11.16	1749
1248	2022-04-28	11.16	11.33	11.16	11.33	400
1249	2022-04-29	11.24	11.29	11.24	11.24	3300
1250	2022-05-04	10.09	10.09	9.89	9.89	200
1251	2022-05-05	10.01	10.01	10.01	10.01	0
1252	2022-05-06	10.3	10.3	10.3	10.3	1000
1253	2022-05-09	10.3	10.3	10.3	10.3	900
1254	2022-05-10	10.3	10.3	10.3	10.3	1100
1255	2022-05-11	10.34	10.34	10.34	10.34	110
1256	2022-05-12	10.75	10.75	10.75	10.75	400
1257	2022-05-13	10.3	10.3	10.3	10.3	400
1258	2022-05-16	10.3	10.3	10.3	10.3	1135
1259	2022-05-17	10.3	10.3	10.3	10.3	60
1260	2022-05-18	10.3	10.3	10.3	10.3	0
1261	2022-05-19	11.78	11.78	10.3	10.3	377
1262	2022-05-20	11.29	11.29	11.29	11.29	0
1263	2022-05-23	11.29	11.29	11.29	11.29	0
1264	2022-05-24	11.29	11.29	11.29	11.29	50
1265	2022-05-25	11.29	11.29	11.29	11.29	0
1266	2022-05-26	11.33	11.33	11.33	11.33	1100
1267	2022-05-27	11.33	11.33	11.33	11.33	100
1268	2022-05-30	11.33	11.33	11.33	11.33	2500
1269	2022-05-31	10.91	12.97	10.75	12.97	1500
1270	2022-06-01	10.91	11.12	10.79	11.12	1300
1271	2022-06-02	11.12	11.12	11.12	11.12	1800
1272	2022-06-03	11.12	11.12	11.12	11.12	1000
1273	2022-06-06	12.32	12.32	12.32	12.32	100
1274	2022-06-07	11.0	11.41	11.0	11.37	2500
1275	2022-06-08	12.69	12.69	11.41	11.53	10100
1276	2022-06-09	11.53	11.53	11.53	11.53	4400
1277	2022-06-10	11.53	11.53	11.53	11.53	5000
1278	2022-06-13	11.53	11.53	11.53	11.53	1500
1279	2022-06-14	11.53	11.53	11.53	11.53	400
1280	2022-06-15	11.53	11.53	11.53	11.53	0
1281	2022-06-16	11.53	11.53	11.53	11.53	210
1282	2022-06-17	11.53	11.53	11.53	11.53	500
1283	2022-06-20	11.53	11.53	11.53	11.53	0
1284	2022-06-21	11.53	11.53	11.53	11.53	100
1285	2022-06-22	11.53	11.53	11.53	11.53	1000
1286	2022-06-23	11.53	11.53	11.53	11.53	1000
1287	2022-06-24	12.36	12.36	11.53	11.53	200
1288	2022-06-27	11.53	11.57	11.53	11.57	2500
1289	2022-06-28	11.53	11.53	11.53	11.53	300
1290	2022-06-29	11.53	11.53	11.53	11.53	1000
1291	2022-06-30	11.53	11.53	11.53	11.53	18
1292	2022-07-01	11.53	11.53	11.53	11.53	0
1293	2022-07-04	11.94	11.99	11.94	11.99	500
1294	2022-07-05	11.99	11.99	11.99	11.99	0
1295	2022-07-06	12.36	12.36	12.36	12.36	240
1296	2022-07-07	12.36	12.36	12.36	12.36	0
1297	2022-07-08	12.36	12.36	12.36	12.36	1000
1298	2022-07-11	14.08	14.08	14.08	14.08	100
1299	2022-07-12	14.08	14.08	14.08	14.08	0
1300	2022-07-13	14.08	14.08	14.08	14.08	100
1301	2022-07-14	14.08	14.08	14.08	14.08	1000
1302	2022-07-15	14.08	14.08	14.08	14.08	0
1303	2022-07-18	14.08	14.08	14.08	14.08	0
1304	2022-07-19	14.08	14.08	14.08	14.08	0
1305	2022-07-20	14.08	14.08	14.08	14.08	0
1306	2022-07-21	14.08	14.08	14.08	14.08	10
1307	2022-07-22	14.08	14.08	14.08	14.08	0
1308	2022-07-25	14.08	14.08	14.08	14.08	0
1309	2022-07-26	14.08	14.08	14.08	14.08	18
1310	2022-07-27	14.08	14.08	14.08	14.08	0
1311	2022-07-28	14.08	14.08	14.08	14.08	0
1312	2022-07-29	14.08	14.08	14.08	14.08	0
1313	2022-08-01	14.08	14.08	14.08	14.08	0
1314	2022-08-02	14.08	14.08	14.08	14.08	0
1315	2022-08-03	14.08	14.08	14.08	14.08	0
1316	2022-08-04	14.08	14.08	14.08	14.08	0
1317	2022-08-05	14.08	14.08	14.08	14.08	0
1318	2022-08-08	14.08	14.08	14.08	14.08	0
1319	2022-08-09	14.08	14.08	14.08	14.08	0
1320	2022-08-10	14.08	14.08	14.08	14.08	0
1321	2022-08-11	14.08	14.08	14.08	14.08	0
1322	2022-08-12	16.18	16.18	15.71	15.71	300
1323	2022-08-15	15.86	15.86	15.86	15.86	0
1324	2022-08-16	15.86	15.86	15.86	15.86	0
1325	2022-08-17	15.86	15.86	15.86	15.86	0
1326	2022-08-18	15.86	15.86	15.86	15.86	0
1327	2022-08-19	13.51	13.98	13.51	13.51	1000
1328	2022-08-22	13.51	13.51	13.51	13.51	100
1329	2022-08-23	14.08	14.08	14.08	14.08	100
1330	2022-08-24	14.08	14.08	14.08	14.08	0
1331	2022-08-25	14.08	14.08	14.08	14.08	0
1332	2022-08-26	14.08	14.08	14.08	14.08	0
1333	2022-08-29	14.08	14.08	14.08	14.08	0
1334	2022-08-30	15.55	15.55	15.55	15.55	100
1335	2022-08-31	13.25	13.25	13.25	13.25	4600
1336	2022-09-05	13.25	13.3	13.25	13.25	3100
1337	2022-09-06	13.25	13.25	13.25	13.25	0
1338	2022-09-07	13.25	13.25	13.25	13.25	0
1339	2022-09-08	13.25	13.25	13.25	13.25	0
1340	2022-09-09	13.25	13.25	13.25	13.25	0
1341	2022-09-12	13.25	13.25	13.25	13.25	0
1342	2022-09-13	13.25	13.25	13.25	13.25	20
1343	2022-09-14	13.25	13.25	13.25	13.25	802
1344	2022-09-15	13.25	13.25	13.25	13.25	0
1345	2022-09-16	13.25	13.25	13.25	13.25	0
1346	2022-09-19	13.25	13.25	13.25	13.25	0
1347	2022-09-20	13.25	13.25	13.25	13.25	12
1348	2022-09-21	13.25	13.25	13.25	13.25	3
1349	2022-09-22	13.25	13.25	13.25	13.25	0
1350	2022-09-23	13.25	13.25	13.25	13.25	0
1351	2022-09-26	12.04	12.3	12.04	12.3	1001
1352	2022-09-27	11.52	11.78	11.52	11.78	1414
1353	2022-09-28	11.62	11.68	9.95	9.95	2500
1354	2022-09-29	11.15	11.52	11.15	11.52	1500
1355	2022-09-30	11.78	11.78	11.78	11.78	150
1356	2022-10-03	11.78	11.78	11.78	11.78	0
1357	2022-10-04	12.57	12.57	12.57	12.57	119
1358	2022-10-05	13.19	13.19	13.19	13.19	100
1359	2022-10-06	13.19	13.19	13.19	13.19	0
1360	2022-10-07	13.19	13.19	13.19	13.19	0
1361	2022-10-10	13.19	13.19	13.19	13.19	0
1362	2022-10-11	13.19	13.19	13.19	13.19	5
1363	2022-10-12	13.19	13.19	13.19	13.19	0
1364	2022-10-13	13.19	13.19	13.19	13.19	18
1365	2022-10-14	13.19	13.19	11.36	11.36	1100
1366	2022-10-17	11.99	11.99	11.99	11.99	17
1367	2022-10-18	11.99	11.99	11.99	11.99	0
1368	2022-10-19	11.99	11.99	11.57	11.57	5819
1369	2022-10-20	11.94	11.94	11.94	11.94	0
1370	2022-10-21	11.94	11.94	11.94	11.94	0
1371	2022-10-24	11.94	11.94	11.94	11.94	0
1372	2022-10-25	11.52	11.52	11.47	11.47	1100
1373	2022-10-26	11.47	11.47	11.47	11.47	0
1374	2022-10-27	11.47	11.47	11.47	11.47	0
1375	2022-10-28	11.52	12.04	11.52	12.04	2500
1376	2022-10-31	11.52	11.52	11.52	11.52	500
1377	2022-11-01	11.52	11.52	11.52	11.52	0
1378	2022-11-02	12.04	12.04	12.04	12.04	100
1379	2022-11-03	11.31	11.31	11.31	11.31	500
1380	2022-11-04	11.31	11.31	11.31	11.31	12
1381	2022-11-07	11.1	11.1	11.1	11.1	100
1382	2022-11-08	11.1	11.1	11.1	11.1	0
1383	2022-11-09	11.1	11.1	11.1	11.1	800
1384	2022-11-10	11.1	11.1	11.1	11.1	200
1385	2022-11-11	10.73	10.73	10.73	10.73	200
1386	2022-11-14	10.73	10.73	10.73	10.73	0
1387	2022-11-15	10.73	10.73	10.73	10.73	0
1388	2022-11-16	10.73	10.73	10.73	10.73	1
1389	2022-11-17	10.73	10.73	10.73	10.73	0
1390	2022-11-18	10.73	10.73	10.73	10.73	0
1391	2022-11-21	10.73	10.73	10.73	10.73	0
1392	2022-11-22	11.1	11.1	10.73	10.99	700
1393	2022-11-23	10.99	10.99	10.99	10.99	100
1394	2022-11-24	10.99	10.99	10.99	10.99	61
1395	2022-11-25	10.99	10.99	10.99	10.99	0
1396	2022-11-28	10.99	10.99	10.99	10.99	300
1397	2022-11-29	10.99	10.99	10.99	10.99	0
1398	2022-11-30	10.99	10.99	10.99	10.99	515
1399	2022-12-01	10.99	10.99	10.99	10.99	83
1400	2022-12-02	10.99	10.99	10.99	10.99	0
1401	2022-12-05	10.99	10.99	10.99	10.99	1000
1402	2022-12-06	10.99	10.99	10.99	10.99	1019
1403	2022-12-07	10.99	10.99	10.99	10.99	0
1404	2022-12-08	10.99	10.99	10.99	10.99	0
1405	2022-12-09	10.99	10.99	10.99	10.99	0
1406	2022-12-12	10.99	10.99	10.99	10.99	0
1407	2022-12-13	10.99	10.99	10.99	10.99	0
1408	2022-12-14	10.99	10.99	10.99	10.99	0
1409	2022-12-15	10.99	10.99	10.99	10.99	0
1410	2022-12-16	10.99	10.99	10.99	10.99	0
1411	2022-12-19	10.99	10.99	10.99	10.99	0
1412	2022-12-20	10.99	10.99	10.99	10.99	0
1413	2022-12-21	10.99	10.99	10.99	10.99	0
1414	2022-12-22	10.99	10.99	10.99	10.99	0
1415	2022-12-23	10.99	10.99	10.99	10.99	0
1416	2022-12-26	10.99	10.99	10.99	10.99	0
1417	2022-12-27	10.99	10.99	10.99	10.99	0
1418	2022-12-28	10.99	10.99	10.99	10.99	0
1419	2022-12-29	10.99	10.99	10.99	10.99	0
1420	2022-12-30	10.99	10.99	10.99	10.99	0
1421	2023-01-03	10.99	10.99	10.99	10.99	0
1422	2023-01-04	10.99	10.99	10.99	10.99	0
1423	2023-01-05	10.99	10.99	10.99	10.99	0
1424	2023-01-06	10.99	10.99	10.99	10.99	0
1425	2023-01-09	10.99	10.99	10.99	10.99	800
1426	2023-01-10	10.99	10.99	10.99	10.99	0
1427	2023-01-11	10.99	10.99	10.99	10.99	0
1428	2023-01-12	10.99	10.99	10.99	10.99	0
1429	2023-01-13	11.52	11.52	11.52	11.52	2600
1430	2023-01-16	11.52	11.52	11.52	11.52	0
1431	2023-01-17	11.52	11.52	11.52	11.52	0
1432	2023-01-18	11.52	11.52	11.52	11.52	0
1433	2023-01-19	11.52	11.57	11.52	11.52	3700
1434	2023-01-27	11.57	11.57	11.57	11.57	32
1435	2023-01-30	11.57	11.57	11.57	11.57	0
1436	2023-01-31	11.57	11.57	11.57	11.57	0
1437	2023-02-01	11.57	11.57	11.57	11.57	0
1438	2023-02-02	11.57	11.57	11.57	11.57	0
1439	2023-02-03	11.57	11.57	11.57	11.57	0
1440	2023-02-06	11.57	11.57	11.57	11.57	7
1441	2023-02-07	11.57	11.57	11.57	11.57	0
1442	2023-02-08	11.57	11.57	11.57	11.57	0
1443	2023-02-09	11.57	11.57	11.57	11.57	0
1444	2023-02-10	11.57	11.57	11.57	11.57	0
1445	2023-02-13	11.57	11.57	11.57	11.57	0
1446	2023-02-14	11.57	11.57	11.57	11.57	0
1447	2023-02-15	12.57	12.57	12.57	12.57	800
1448	2023-02-16	12.57	12.57	12.57	12.57	1400
1449	2023-02-17	12.57	12.57	12.57	12.57	0
1450	2023-02-20	12.57	12.57	12.57	12.57	0
1451	2023-02-21	13.19	13.19	13.19	13.19	6700
1452	2023-02-22	13.19	13.19	13.19	13.19	0
1453	2023-02-23	13.19	13.19	13.19	13.19	0
1454	2023-02-24	13.19	13.19	13.19	13.19	0
1455	2023-02-27	13.61	13.61	13.61	13.61	5000
1456	2023-02-28	13.61	13.61	13.61	13.61	5000
1457	2023-03-01	13.61	13.61	13.61	13.61	0
1458	2023-03-02	13.61	13.61	13.61	13.61	0
1459	2023-03-03	13.35	13.61	13.35	13.61	5400
1460	2023-03-06	13.56	13.56	13.56	13.56	0
1461	2023-03-07	13.35	13.61	13.35	13.61	800
1462	2023-03-08	13.35	13.51	13.35	13.51	600
1463	2023-03-09	13.51	13.87	13.51	13.61	3910
1464	2023-03-10	13.87	13.87	13.87	13.87	3027
1465	2023-03-13	13.87	13.87	13.87	13.87	4800
1466	2023-03-14	13.87	13.87	13.87	13.87	0
1467	2023-03-15	13.87	13.87	13.87	13.87	0
1468	2023-03-16	13.87	13.87	13.87	13.87	0
1469	2023-03-17	13.87	13.87	13.87	13.87	0
1470	2023-03-20	13.87	13.87	13.87	13.87	2000
1471	2023-03-21	13.87	13.87	13.87	13.87	1500
1472	2023-03-22	13.87	13.87	13.87	13.87	0
1473	2023-03-23	13.61	13.61	13.61	13.61	7400
1474	2023-03-24	13.61	13.61	13.61	13.61	7
1475	2023-03-27	13.61	13.61	13.61	13.61	1300
1476	2023-03-28	13.61	13.61	13.61	13.61	0
1477	2023-03-29	13.61	13.61	13.61	13.61	0
1478	2023-03-30	13.72	13.72	13.72	13.72	100
1479	2023-03-31	13.72	13.72	13.72	13.72	0
1480	2023-04-03	13.61	13.61	13.61	13.61	2000
1481	2023-04-04	13.61	13.61	13.61	13.61	5
1482	2023-04-05	13.61	13.61	13.61	13.61	3
1483	2023-04-06	13.61	13.61	13.61	13.61	5000
1484	2023-04-07	13.61	13.61	13.61	13.61	0
1485	2023-04-10	13.09	13.09	13.09	13.09	800
1486	2023-04-11	13.09	13.09	13.09	13.09	0
1487	2023-04-12	13.09	13.09	13.09	13.09	0
1488	2023-04-13	13.09	13.09	13.09	13.09	0
1489	2023-04-14	13.09	13.09	13.09	13.09	0
1490	2023-04-17	13.09	13.09	13.09	13.09	0
1491	2023-04-18	13.09	13.09	13.09	13.09	0
1492	2023-04-19	13.09	13.09	13.09	13.09	0
1493	2023-04-20	13.09	13.09	13.09	13.09	0
1494	2023-04-21	13.09	13.09	13.09	13.09	0
1495	2023-04-24	13.09	13.09	13.09	13.09	0
1496	2023-04-25	11.17	11.17	11.17	11.17	4800
1497	2023-04-26	11.17	11.17	11.17	11.17	0
1498	2023-04-27	12.77	12.77	12.77	12.77	100
1499	2023-04-28	12.77	12.77	12.77	12.77	0
1500	2023-05-04	12.77	12.77	12.77	12.77	4700
1501	2023-05-05	12.77	12.77	12.77	12.77	0
1502	2023-05-08	12.77	12.77	12.77	12.77	0
1503	2023-05-09	13.3	13.3	13.3	13.3	210
1504	2023-05-10	13.3	13.3	13.3	13.3	0
1505	2023-05-11	11.33	11.33	11.33	11.33	2000
1506	2023-05-12	11.44	11.44	11.44	11.44	3900
1507	2023-05-15	11.44	11.44	11.44	11.44	0
1508	2023-05-16	11.44	11.44	11.44	11.44	0
1509	2023-05-17	11.43	11.43	11.43	11.43	0
1510	2023-05-18	11.43	11.43	11.43	11.43	0
1511	2023-05-19	13.1	13.1	13.1	13.1	200
1512	2023-05-22	15.05	15.05	15.05	15.05	200
1513	2023-05-23	15.05	15.05	15.05	15.05	0
1514	2023-05-24	15.2	15.2	15.2	15.2	100
1515	2023-05-25	15.2	15.2	15.2	15.2	0
1516	2023-05-26	15.27	15.27	15.2	15.2	1000
1517	2023-05-29	15.2	15.2	15.2	15.2	0
1518	2023-05-30	15.2	15.2	15.2	15.2	0
1519	2023-05-31	15.2	15.2	15.2	15.2	0
1520	2023-06-01	15.2	15.2	15.2	15.2	1
1521	2023-06-02	15.2	15.2	15.2	15.2	0
1522	2023-06-05	15.2	15.2	15.2	15.2	4200
1523	2023-06-06	15.2	15.2	15.2	15.2	0
1524	2023-06-07	15.2	15.2	15.2	15.2	138
1525	2023-06-08	15.34	15.34	15.27	15.27	702
1526	2023-06-09	15.34	15.34	15.34	15.34	0
1527	2023-06-12	15.27	15.27	15.27	15.27	500
1528	2023-06-13	15.27	15.27	15.27	15.27	3
1529	2023-06-14	15.92	15.92	15.27	15.27	1129
1530	2023-06-15	15.34	15.34	15.34	15.34	10
1531	2023-06-16	15.27	15.27	15.27	15.27	1000
1532	2023-06-19	15.27	15.27	15.27	15.27	300
1533	2023-06-20	15.27	15.27	15.27	15.27	0
1534	2023-06-21	15.27	15.27	15.27	15.27	0
1535	2023-06-22	15.27	15.27	15.27	15.27	0
1536	2023-06-23	15.92	15.92	15.92	15.92	500
1537	2023-06-26	15.92	15.92	15.92	15.92	0
1538	2023-06-27	15.92	15.92	15.92	15.92	0
1539	2023-06-28	15.92	15.92	15.92	15.92	0
1540	2023-06-29	17.0	17.0	17.0	17.0	200
1541	2023-06-30	17.0	17.0	17.0	17.0	7
1542	2023-07-03	17.0	17.0	17.0	17.0	0
1543	2023-07-04	17.0	17.0	17.0	17.0	0
1544	2023-07-05	15.92	15.92	15.92	15.92	5600
1545	2023-07-06	15.92	15.92	15.92	15.92	2500
1546	2023-07-07	15.92	15.92	15.92	15.92	200
1547	2023-07-10	15.92	15.92	15.92	15.92	60
1548	2023-07-11	15.92	15.92	15.92	15.92	3700
1549	2023-07-12	15.92	15.92	15.92	15.92	0
1550	2023-07-13	15.92	15.92	15.92	15.92	5500
1551	2023-07-14	15.92	15.92	15.92	15.92	0
1552	2023-07-17	15.92	15.92	15.92	15.92	0
1553	2023-07-18	15.92	15.92	15.92	15.92	11400
1554	2023-07-19	15.92	15.92	15.92	15.92	0
1555	2023-07-20	15.92	15.92	15.92	15.92	0
1556	2023-07-21	15.92	15.92	15.92	15.92	0
1557	2023-07-24	15.92	15.92	15.92	15.92	0
1558	2023-07-25	15.92	15.92	15.92	15.92	1020
1559	2023-07-26	15.92	15.92	15.92	15.92	21
1560	2023-07-27	15.92	15.92	15.92	15.92	945
1561	2023-07-28	15.92	15.92	15.92	15.92	1
1562	2023-07-31	15.92	15.92	15.92	15.92	0
1563	2023-08-01	15.92	15.92	15.92	15.92	1
1564	2023-08-02	15.92	15.92	15.92	15.92	0
1565	2023-08-03	15.92	15.92	15.92	15.92	2900
1566	2023-08-04	15.92	15.92	15.92	15.92	0
1567	2023-08-07	13.89	13.89	13.89	13.89	100
1568	2023-08-08	15.92	15.92	15.92	15.92	1500
1569	2023-08-09	14.47	14.47	14.47	14.47	100
1570	2023-08-10	15.92	15.92	14.54	15.92	2800
1571	2023-08-11	15.85	15.92	15.85	15.85	1200
1572	2023-08-14	15.92	15.92	15.92	15.92	1200
1573	2023-08-15	15.92	15.92	15.92	15.92	1700
1574	2023-08-16	15.92	15.92	15.92	15.92	400
1575	2023-08-17	15.92	15.92	15.92	15.92	0
1576	2023-08-18	14.54	14.54	14.54	14.54	500
1577	2023-08-21	14.54	14.54	14.54	14.54	0
1578	2023-08-22	14.54	14.54	14.54	14.54	0
1579	2023-08-23	15.92	15.92	15.92	15.92	500
1580	2023-08-24	15.92	15.92	15.92	15.92	0
1581	2023-08-25	15.92	15.92	15.92	15.92	1000
1582	2023-08-28	15.92	15.92	15.92	15.92	0
1583	2023-08-29	14.62	15.92	14.62	14.62	950
1584	2023-08-30	15.92	15.92	15.92	15.92	100
1585	2023-08-31	15.92	15.92	15.92	15.92	1800
1586	2023-09-05	15.92	15.92	15.92	15.92	48
1587	2023-09-06	15.92	15.92	15.92	15.92	1000
1588	2023-09-07	15.92	15.92	15.92	15.92	0
1589	2023-09-08	15.92	15.92	15.92	15.92	1000
1590	2023-09-11	15.92	15.92	15.92	15.92	500
1591	2023-09-12	15.92	15.92	15.92	15.92	0
1592	2023-09-13	15.92	15.92	15.92	15.92	5000
1593	2023-09-14	15.92	15.92	15.92	15.92	0
1594	2023-09-15	15.92	15.92	15.92	15.92	0
1595	2023-09-18	15.92	15.92	15.92	15.92	0
1596	2023-09-19	17.0	17.0	17.0	17.0	101
1597	2023-09-20	17.0	17.0	17.0	17.0	0
1598	2023-09-21	17.0	17.0	17.0	17.0	0
1599	2023-09-22	17.0	17.0	17.0	17.0	0
1600	2023-09-25	17.0	17.0	17.0	17.0	0
1601	2023-09-26	17.0	17.0	17.0	17.0	0
1602	2023-09-27	17.0	17.0	16.64	16.64	1100
1603	2023-09-28	16.64	16.64	16.64	16.64	0
1604	2023-09-29	16.64	16.64	16.64	16.64	0
1605	2023-10-02	16.64	16.64	16.64	16.64	0
1606	2023-10-03	16.64	16.64	16.64	16.64	0
1607	2023-10-04	16.64	16.64	16.64	16.64	0
1608	2023-10-05	16.28	16.28	16.28	16.28	3000
1609	2023-10-06	16.28	16.28	16.28	16.28	0
1610	2023-10-09	16.28	16.28	16.28	16.28	0
1611	2023-10-10	16.28	16.28	16.28	16.28	10250
1612	2023-10-11	16.28	16.28	16.28	16.28	0
1613	2023-10-12	16.28	16.28	16.28	16.28	0
1614	2023-10-13	16.28	16.28	16.28	16.28	0
1615	2023-10-16	15.92	17.0	15.92	17.0	2000
1616	2023-10-17	16.64	17.15	16.64	17.15	5000
1617	2023-10-18	17.0	17.37	17.0	17.37	3300
1618	2023-10-19	17.15	17.15	17.15	17.15	0
1619	2023-10-20	17.15	17.15	17.15	17.15	0
1620	2023-10-23	17.15	17.15	17.15	17.15	0
1621	2023-10-24	17.15	17.15	17.15	17.15	0
1622	2023-10-25	16.64	16.64	16.64	16.64	100
1623	2023-10-26	16.64	16.64	16.64	16.64	0
1624	2023-10-27	16.64	16.64	16.64	16.64	12
1625	2023-10-30	16.64	16.64	16.64	16.64	3300
1626	2023-10-31	16.64	16.64	16.64	16.64	2300
1627	2023-11-01	16.64	16.64	16.64	16.64	1
1628	2023-11-02	16.28	16.64	16.28	16.64	3200
1629	2023-11-03	16.28	16.28	16.28	16.28	0
1630	2023-11-06	16.28	16.28	16.28	16.28	0
1631	2023-11-07	16.64	16.64	16.64	16.64	2000
1632	2023-11-08	16.64	16.64	16.64	16.64	0
1633	2023-11-09	16.79	17.0	16.79	17.0	7400
1634	2023-11-10	16.93	16.93	16.93	16.93	0
1635	2023-11-13	17.0	17.22	17.0	17.22	4500
1636	2023-11-14	17.15	17.22	17.15	17.22	4000
1637	2023-11-15	17.22	17.22	17.22	17.22	0
1638	2023-11-16	17.22	17.22	17.22	17.22	2200
1639	2023-11-17	17.15	17.22	17.15	17.22	5000
1640	2023-11-20	17.22	17.22	17.22	17.22	1824
1641	2023-11-21	17.22	17.22	17.22	17.22	3000
1642	2023-11-22	17.29	17.37	17.29	17.37	3900
1643	2023-11-23	17.0	17.0	17.0	17.0	300
1644	2023-11-24	17.0	17.0	17.0	17.0	0
1645	2023-11-27	17.0	17.0	17.0	17.0	500
1646	2023-11-28	17.0	17.0	17.0	17.0	1053
1647	2023-11-29	17.0	17.0	17.0	17.0	0
1648	2023-11-30	17.0	17.37	17.0	17.37	1200
1649	2023-12-01	17.37	17.37	17.37	17.37	1800
1650	2023-12-04	17.0	17.0	14.83	14.83	1004
1651	2023-12-05	17.73	17.73	17.73	17.73	100
1652	2023-12-06	17.0	17.0	17.0	17.0	500
1653	2023-12-07	17.37	17.37	17.37	17.37	500
1654	2023-12-08	17.37	17.37	17.37	17.37	1036
1655	2023-12-11	17.37	17.37	17.37	17.37	200
1656	2023-12-12	17.73	17.73	17.73	17.73	1800
1657	2023-12-13	17.73	17.73	17.73	17.73	0
1658	2023-12-14	17.73	17.73	17.73	17.73	0
1659	2023-12-15	17.73	17.73	17.73	17.73	1000
1660	2023-12-18	17.73	17.73	17.73	17.73	0
1661	2023-12-19	17.73	17.73	17.73	17.73	500
1662	2023-12-20	17.73	17.73	17.73	17.73	1200
1663	2023-12-21	17.73	17.73	17.73	17.73	2
1664	2023-12-22	17.73	17.73	17.73	17.73	1500
1665	2023-12-25	17.73	17.73	17.73	17.73	1102
1666	2023-12-26	17.73	17.73	17.73	17.73	1000
1667	2023-12-27	17.73	17.73	17.73	17.73	1010
1668	2023-12-28	18.02	18.02	18.02	18.02	100
1669	2023-12-29	17.87	17.87	17.87	17.87	1000
1670	2024-01-02	17.73	17.73	17.73	17.73	500
1671	2024-01-03	17.73	17.73	17.73	17.73	1000
1672	2024-01-04	17.73	17.73	17.73	17.73	0
1673	2024-01-05	17.73	17.73	17.73	17.73	0
1674	2024-01-08	17.95	17.95	17.95	17.95	2000
1675	2024-01-09	17.95	17.95	17.95	17.95	1600
1676	2024-01-10	18.02	18.02	18.02	18.02	1800
1677	2024-01-11	18.02	18.02	18.02	18.02	1000
1678	2024-01-12	18.02	18.09	18.02	18.09	1500
1679	2024-01-15	18.09	18.09	18.09	18.09	0
1680	2024-01-16	18.09	18.09	18.09	18.09	1000
1681	2024-01-17	18.16	18.16	18.16	18.16	1000
1682	2024-01-18	18.16	18.16	18.16	18.16	0
1683	2024-01-19	18.16	18.16	18.16	18.16	0
1684	2024-01-22	18.16	18.16	18.16	18.16	0
1685	2024-01-23	18.16	18.16	18.16	18.16	8000
1686	2024-01-24	18.16	18.16	18.16	18.16	0
1687	2024-01-25	18.16	18.16	18.16	18.16	0
1688	2024-01-26	18.16	18.16	18.16	18.16	0
1689	2024-01-29	18.16	18.16	18.16	18.16	1
1690	2024-01-30	18.16	18.16	18.16	18.16	0
1691	2024-01-31	18.16	18.16	18.16	18.16	0
1692	2024-02-01	18.23	18.23	18.23	18.23	100
1693	2024-02-02	18.23	18.23	18.23	18.23	0
1694	2024-02-05	18.23	18.31	18.23	18.31	1901
1695	2024-02-06	18.23	18.23	18.23	18.23	0
1696	2024-02-07	18.23	18.23	18.23	18.23	500
1697	2024-02-15	18.23	18.23	18.23	18.23	0
1698	2024-02-16	18.23	18.23	18.23	18.23	10
1699	2024-02-19	18.45	18.45	18.45	18.45	100
1700	2024-02-20	18.45	18.45	18.45	18.45	0
1701	2024-02-21	18.45	18.45	18.45	18.45	0
1702	2024-02-22	18.81	18.81	18.81	18.81	100
1703	2024-02-23	18.81	18.81	18.81	18.81	0
1704	2024-02-26	18.81	18.81	18.81	18.81	0
1705	2024-02-27	19.54	20.26	19.54	20.26	1600
1706	2024-02-28	19.54	19.54	19.54	19.54	111
1707	2024-02-29	19.54	19.54	19.54	19.54	0
1708	2024-03-01	19.54	19.54	19.54	19.54	0
1709	2024-03-04	19.54	19.54	19.54	19.54	0
1710	2024-03-05	19.54	19.54	19.54	19.54	11
1711	2024-03-06	19.54	19.54	19.54	19.54	0
1712	2024-03-07	19.54	19.54	19.54	19.54	0
1713	2024-03-08	19.54	19.54	19.54	19.54	0
1714	2024-03-11	19.54	19.54	19.54	19.54	0
1715	2024-03-12	20.62	20.62	20.62	20.62	200
1716	2024-03-13	20.62	20.62	20.62	20.62	0
1717	2024-03-14	20.62	20.62	20.62	20.62	500
1718	2024-03-15	20.98	20.98	20.98	20.98	23200
1719	2024-03-18	20.98	20.98	20.98	20.98	10
1720	2024-03-19	20.98	20.98	20.98	20.98	0
1721	2024-03-20	20.98	20.98	20.98	20.98	0
1722	2024-03-21	20.98	20.98	20.98	20.98	0
1723	2024-03-22	20.98	20.98	20.98	20.98	40
1724	2024-03-25	20.98	20.98	20.98	20.98	400
1725	2024-03-26	20.98	20.98	20.98	20.98	0
1726	2024-03-27	20.98	20.98	20.98	20.98	0
1727	2024-03-28	21.06	21.06	21.06	21.06	100
1728	2024-03-29	21.06	21.06	21.06	21.06	2040
1729	2024-04-01	21.06	21.06	21.06	21.06	17
1730	2024-04-02	21.06	21.06	21.06	21.06	0
1731	2024-04-03	21.06	21.06	21.06	21.06	100
1732	2024-04-04	21.06	21.06	21.06	21.06	0
1733	2024-04-05	21.06	21.06	21.06	21.06	0
1734	2024-04-08	21.06	21.06	21.06	21.06	0
1735	2024-04-09	20.98	20.98	20.98	20.98	2500
1736	2024-04-10	20.98	20.98	20.98	20.98	0
1737	2024-04-11	20.98	20.98	20.98	20.98	0
1738	2024-04-12	21.06	21.06	21.06	21.06	7200
1739	2024-04-15	21.06	21.06	21.06	21.06	0
1740	2024-04-16	21.06	21.06	21.06	21.06	8
1741	2024-04-17	21.06	21.06	21.06	21.06	0
1742	2024-04-19	21.06	21.06	21.06	21.06	0
1743	2024-04-22	21.06	21.06	21.06	21.06	0
1744	2024-04-23	21.06	21.06	21.06	21.06	0
1745	2024-04-24	21.06	21.06	21.06	21.06	0
1746	2024-04-25	21.78	22.07	21.78	22.07	2000
1747	2024-04-26	23.08	23.88	23.08	23.88	700
1748	2024-05-02	23.37	23.37	23.37	23.37	0
1749	2024-05-03	23.37	23.37	23.37	23.37	0
1750	2024-05-06	24.6	25.33	24.6	25.18	2405
1751	2024-05-07	25.33	25.33	24.96	24.96	500
1752	2024-05-08	24.96	26.05	24.96	26.05	400
1753	2024-05-09	25.3	25.3	23.8	25.0	1800
1754	2024-05-10	24.8	24.8	24.8	24.8	0
1755	2024-05-13	24.8	24.8	24.8	24.8	0
1756	2024-05-14	24.8	24.8	24.8	24.8	0
1757	2024-05-15	24.8	24.8	24.8	24.8	0
1758	2024-05-16	24.8	24.8	24.8	24.8	0
1759	2024-05-17	24.8	24.8	24.8	24.8	500
1760	2024-05-20	22.5	24.0	22.5	24.0	2000
1761	2024-05-21	23.3	23.3	23.3	23.3	0
1762	2024-05-22	24.5	24.5	24.5	24.5	534
1763	2024-05-23	24.5	24.5	24.5	24.5	0
1764	2024-05-24	24.5	24.5	24.5	24.5	0
1765	2024-05-27	22.7	23.4	22.7	23.4	6500
1766	2024-05-28	25.0	25.0	25.0	25.0	200
1767	2024-05-29	25.0	25.0	25.0	25.0	200
1768	2024-05-30	23.2	24.0	23.0	24.0	6000
1769	2024-05-31	23.5	23.5	23.5	23.5	0
1770	2024-06-03	23.5	23.5	23.5	23.5	0
1771	2024-06-04	23.5	23.5	23.5	23.5	0
1772	2024-06-05	23.5	23.5	23.5	23.5	0
1773	2024-06-06	23.5	23.5	23.5	23.5	0
1774	2024-06-07	23.5	23.5	23.5	23.5	0
1775	2024-06-10	23.5	23.5	23.5	23.5	0
1776	2024-06-11	23.5	23.5	23.5	23.5	0
1777	2024-06-12	23.5	23.5	23.5	23.5	23
1778	2024-06-13	23.9	23.9	23.7	23.7	3100
1779	2024-06-14	23.7	23.7	23.7	23.7	0
1780	2024-06-17	23.7	23.7	23.7	23.7	0
1781	2024-06-18	23.7	23.7	23.7	23.7	0
1782	2024-06-19	23.7	23.7	23.7	23.7	5
1783	2024-06-20	25.0	25.0	25.0	25.0	100
1784	2024-06-21	23.9	23.9	23.9	23.9	153
1785	2024-06-24	23.9	23.9	23.9	23.9	0
1786	2024-06-25	25.0	25.0	25.0	25.0	100
1787	2024-06-26	25.0	25.0	25.0	25.0	0
1788	2024-06-27	25.0	25.0	25.0	25.0	27
1789	2024-06-28	25.0	25.0	25.0	25.0	0
1790	2024-07-01	25.0	25.0	25.0	25.0	29
1791	2024-07-02	22.0	22.0	22.0	22.0	100
1792	2024-07-03	22.0	22.0	22.0	22.0	0
1793	2024-07-04	22.0	22.0	22.0	22.0	0
1794	2024-07-05	22.0	22.0	22.0	22.0	0
1795	2024-07-08	22.0	22.0	22.0	22.0	0
1796	2024-07-09	22.0	22.0	22.0	22.0	0
1797	2024-07-10	25.0	25.0	25.0	25.0	300
1798	2024-07-11	25.0	25.0	25.0	25.0	1
1799	2024-07-12	25.0	25.0	25.0	25.0	0
1800	2024-07-15	25.0	25.0	25.0	25.0	737
1801	2024-07-16	25.0	25.0	25.0	25.0	500
1802	2024-07-17	25.0	25.0	25.0	25.0	0
1803	2024-07-18	25.0	25.0	25.0	25.0	1
1804	2024-07-19	25.0	25.0	25.0	25.0	0
1805	2024-07-22	25.0	25.0	25.0	25.0	900
1806	2024-07-23	24.3	24.3	24.3	24.3	103
1807	2024-07-24	24.3	24.3	24.3	24.3	3
1808	2024-07-25	24.3	24.3	24.3	24.3	0
1809	2024-08-02	24.3	24.3	24.3	24.3	500
1810	2024-08-08	25.0	25.0	25.0	25.0	100
1811	2024-08-09	25.0	25.0	25.0	25.0	400
1812	2024-08-15	21.3	24.3	21.3	24.3	200
1813	2024-08-16	25.0	25.5	25.0	25.5	1200
1814	2024-08-21	25.3	25.3	25.3	25.3	1200
1815	2024-08-26	23.0	23.0	23.0	23.0	100
1816	2024-08-27	25.0	25.0	25.0	25.0	100
1817	2024-08-28	25.3	25.5	25.3	25.5	3100
1818	2024-08-30	25.5	25.5	25.5	25.5	2000
1819	2024-09-05	25.5	25.6	25.5	25.6	300
1820	2024-09-06	25.6	25.6	25.6	25.6	600
1821	2024-09-12	26.0	26.0	26.0	26.0	400
1822	2024-09-17	26.0	26.0	26.0	26.0	2000
1823	2024-09-18	26.0	26.0	26.0	26.0	5100
1824	2024-09-19	26.0	26.5	26.0	26.5	3600
1825	2024-09-20	26.0	26.2	26.0	26.2	3000
1826	2024-09-25	26.1	26.1	26.1	26.1	200
1827	2024-09-26	26.5	26.5	26.5	26.5	1400
1828	2024-09-27	26.5	26.5	26.5	26.5	200
1829	2024-10-02	26.5	26.6	26.5	26.6	2500
1830	2024-10-04	26.6	26.6	26.6	26.6	100
1831	2024-10-07	26.6	26.6	26.6	26.6	1000
1832	2024-10-08	26.6	26.6	26.6	26.6	2000
1833	2024-10-14	26.6	26.6	26.6	26.6	100
1834	2024-10-16	23.1	26.6	23.1	26.6	8600
1835	2024-10-17	24.0	24.0	24.0	24.0	500
1836	2024-10-18	26.0	26.0	26.0	26.0	100
1837	2024-10-21	26.6	26.6	26.6	26.6	100
1838	2024-10-22	26.6	26.6	26.6	26.6	1500
1839	2024-10-28	26.6	26.6	26.6	26.6	100
1840	2024-10-29	27.0	27.0	27.0	27.0	500
1841	2024-10-30	27.0	27.0	27.0	27.0	1100
1842	2024-11-01	27.0	27.0	27.0	27.0	500
1843	2024-11-07	26.0	26.0	26.0	26.0	1000
1844	2024-11-08	27.0	27.0	26.6	26.6	5900
1845	2024-11-12	27.5	27.5	27.5	27.5	100
1846	2024-11-14	27.5	27.5	27.0	27.0	1600
1847	2024-11-15	27.0	27.0	27.0	27.0	400
1848	2024-11-18	27.1	27.1	26.5	26.5	1100
1849	2024-11-21	26.6	27.0	26.6	27.0	1500
1850	2024-11-25	26.6	27.0	26.6	27.0	2500
1851	2024-11-26	26.7	26.7	26.7	26.7	1600
1852	2024-11-28	26.7	27.0	26.7	27.0	1400
1853	2024-11-29	26.7	26.7	26.7	26.7	1000
1854	2024-12-02	26.7	27.1	26.7	27.1	3100
1855	2024-12-03	27.2	28.2	27.0	28.2	1700
1856	2024-12-04	28.0	31.5	28.0	31.5	3500
1857	2024-12-09	29.0	29.0	27.5	28.0	2200
1858	2024-12-10	27.8	28.0	27.8	28.0	4000
1859	2024-12-11	27.9	28.4	27.8	28.0	2200
1860	2024-12-12	28.0	28.1	28.0	28.1	600
1861	2024-12-13	28.0	28.5	28.0	28.5	700
1862	2024-12-16	32.3	32.3	27.8	27.8	2800
1863	2024-12-17	32.0	32.0	30.0	30.0	1200
1864	2024-12-18	29.0	29.0	27.0	27.5	3500
1865	2024-12-19	28.0	28.5	28.0	28.5	200
1866	2024-12-20	28.5	28.5	28.0	28.0	500
1867	2024-12-23	26.5	28.5	26.5	28.5	10300
1868	2024-12-24	28.0	29.0	28.0	29.0	1200
1869	2024-12-25	28.5	28.5	28.5	28.5	5000
1870	2024-12-26	28.5	28.5	28.0	28.0	3100
1871	2024-12-31	28.1	28.1	28.1	28.1	200
1872	2025-01-02	27.3	27.3	27.3	27.3	2000
1873	2025-01-03	27.5	28.2	27.5	28.2	4600
1874	2025-01-07	27.8	28.2	27.8	28.2	3400
1875	2025-01-08	28.5	31.0	28.5	31.0	1000
1876	2025-01-09	32.0	32.0	32.0	32.0	100
1877	2025-01-10	35.0	35.0	28.2	28.2	400
1878	2025-01-13	29.5	29.5	28.1	28.1	200
1879	2025-01-15	28.4	28.5	28.2	28.5	2000
1880	2025-01-16	28.4	28.4	28.0	28.0	500
1881	2025-01-17	32.0	32.0	32.0	32.0	200
1882	2025-01-20	32.4	33.2	28.5	28.5	6500
1883	2025-01-21	28.5	28.5	28.5	28.5	1000
1884	2025-01-22	29.0	29.0	29.0	29.0	200
1885	2025-01-23	32.0	32.0	32.0	32.0	100
1886	2025-01-24	31.9	32.0	31.9	32.0	300
1887	2025-02-03	32.0	32.0	32.0	32.0	400
1888	2025-02-04	32.0	32.0	32.0	32.0	300
1889	2025-02-10	31.2	32.0	31.2	32.0	4600
1890	2025-02-11	32.0	32.5	32.0	32.5	6600
1891	2025-02-12	32.5	32.5	32.5	32.5	100
1892	2025-02-13	32.5	32.5	32.5	32.5	700
1893	2025-02-14	33.0	33.0	33.0	33.0	700
1894	2025-02-18	33.0	33.0	32.5	33.0	700
1895	2025-02-20	33.1	33.1	29.3	29.3	1100
1896	2025-02-21	33.0	33.0	33.0	33.0	100
1897	2025-02-24	33.5	33.5	33.0	33.0	400
1898	2025-02-25	33.9	33.9	33.9	33.9	3100
1899	2025-02-26	35.0	35.5	35.0	35.0	300
1900	2025-02-27	33.0	33.0	33.0	33.0	100
1901	2025-03-03	36.0	36.0	36.0	36.0	100
1902	2025-03-04	35.0	35.0	35.0	35.0	500
1903	2025-03-10	36.0	36.0	36.0	36.0	1900
1904	2025-03-11	37.0	37.0	37.0	37.0	200
1905	2025-03-12	37.8	38.0	37.8	38.0	200
1906	2025-03-13	38.0	38.1	38.0	38.0	600
1907	2025-03-14	39.0	39.0	38.5	38.5	200
1908	2025-03-17	36.0	36.0	36.0	36.0	400
1909	2025-03-18	36.0	36.5	36.0	36.0	2500
1910	2025-03-19	36.1	36.1	36.1	36.1	1000
1911	2025-03-21	33.0	33.0	33.0	33.0	1100
1912	2025-03-24	35.0	35.0	34.1	34.1	600
1913	2025-03-28	35.0	35.0	35.0	35.0	100
1914	2025-03-31	35.0	35.0	35.0	35.0	300
1915	2025-04-01	35.0	35.0	35.0	35.0	1300
