	time	open	high	low	close	volume
0	2015-10-30	6.79	0.0	0.0	0.0	0
1	2015-11-02	6.79	0.0	0.0	0.0	0
2	2015-11-03	6.79	0.0	0.0	0.0	0
3	2015-11-04	6.79	0.0	0.0	0.0	0
4	2015-11-05	6.79	0.0	0.0	0.0	0
5	2015-11-06	6.79	0.0	0.0	0.0	0
6	2015-11-09	6.79	0.0	0.0	0.0	0
7	2015-11-10	6.79	0.0	0.0	0.0	0
8	2015-11-11	6.79	0.0	0.0	0.0	0
9	2015-11-12	6.79	0.0	0.0	0.0	0
10	2015-11-13	6.79	0.0	0.0	0.0	0
11	2015-11-16	6.79	0.0	0.0	0.0	0
12	2015-11-17	6.79	0.0	0.0	0.0	0
13	2015-11-18	6.79	0.0	0.0	0.0	0
14	2015-11-19	6.79	0.0	0.0	0.0	0
15	2015-11-20	6.79	0.0	0.0	0.0	0
16	2015-11-23	6.79	0.0	0.0	0.0	0
17	2015-11-24	6.79	0.0	0.0	0.0	0
18	2015-11-25	6.79	0.0	0.0	0.0	0
19	2015-11-26	6.79	0.0	0.0	0.0	0
20	2015-11-27	6.79	0.0	0.0	0.0	0
21	2015-11-30	6.79	0.0	0.0	0.0	0
22	2015-12-01	6.79	0.0	0.0	0.0	0
23	2015-12-02	6.79	0.0	0.0	0.0	0
24	2015-12-03	6.79	0.0	0.0	0.0	0
25	2015-12-04	6.79	0.0	0.0	0.0	0
26	2015-12-07	6.79	0.0	0.0	0.0	0
27	2015-12-08	6.79	0.0	0.0	0.0	0
28	2015-12-09	6.79	0.0	0.0	0.0	0
29	2015-12-10	6.79	0.0	0.0	0.0	0
30	2015-12-11	6.79	0.0	0.0	0.0	0
31	2015-12-14	6.79	0.0	0.0	0.0	0
32	2015-12-15	6.79	0.0	0.0	0.0	0
33	2015-12-16	6.79	0.0	0.0	0.0	0
34	2015-12-17	6.79	0.0	0.0	0.0	0
35	2015-12-18	6.79	0.0	0.0	0.0	0
36	2015-12-21	6.79	0.0	0.0	0.0	0
37	2015-12-22	6.79	0.0	0.0	0.0	0
38	2015-12-23	6.79	0.0	0.0	0.0	0
39	2015-12-24	6.79	0.0	0.0	0.0	0
40	2015-12-25	6.79	0.0	0.0	0.0	0
41	2015-12-28	6.79	0.0	0.0	0.0	0
42	2015-12-29	6.79	0.0	0.0	0.0	0
43	2015-12-30	6.79	0.0	0.0	0.0	0
44	2015-12-31	6.79	0.0	0.0	0.0	0
45	2016-01-04	6.79	0.0	0.0	0.0	0
46	2016-01-05	6.79	0.0	0.0	0.0	0
47	2016-01-06	6.79	0.0	0.0	0.0	0
48	2016-01-07	6.79	0.0	0.0	0.0	0
49	2016-01-08	6.79	0.0	0.0	0.0	0
50	2016-01-11	6.79	0.0	0.0	0.0	0
51	2016-01-12	6.79	0.0	0.0	0.0	0
52	2016-01-13	6.79	0.0	0.0	0.0	0
53	2016-01-14	6.79	0.0	0.0	0.0	0
54	2016-01-15	6.79	0.0	0.0	0.0	0
55	2016-01-18	6.79	0.0	0.0	0.0	0
56	2016-01-19	6.79	0.0	0.0	0.0	0
57	2016-01-20	6.79	0.0	0.0	0.0	0
58	2016-01-21	6.79	0.0	0.0	0.0	0
59	2016-01-22	6.79	0.0	0.0	0.0	0
60	2016-01-25	6.79	0.0	0.0	0.0	0
61	2016-01-26	6.79	0.0	0.0	0.0	0
62	2016-01-27	6.79	0.0	0.0	0.0	0
63	2016-01-28	6.79	0.0	0.0	0.0	0
64	2016-01-29	6.79	0.0	0.0	0.0	0
65	2016-02-01	6.79	0.0	0.0	0.0	0
66	2016-02-02	6.79	0.0	0.0	0.0	0
67	2016-02-03	6.79	0.0	0.0	0.0	0
68	2016-02-04	6.79	0.0	0.0	0.0	0
69	2016-02-05	6.79	0.0	0.0	0.0	0
70	2016-02-15	6.79	0.0	0.0	0.0	0
71	2016-02-16	6.79	0.0	0.0	0.0	0
72	2016-02-17	6.79	0.0	0.0	0.0	0
73	2016-02-18	6.79	0.0	0.0	0.0	0
74	2016-02-19	6.79	0.0	0.0	0.0	0
75	2016-02-22	6.79	0.0	0.0	0.0	0
76	2016-02-23	6.79	0.0	0.0	0.0	0
77	2016-02-24	6.79	0.0	0.0	0.0	0
78	2016-02-25	6.79	0.0	0.0	0.0	0
79	2016-02-26	6.79	0.0	0.0	0.0	0
80	2016-02-29	6.79	0.0	0.0	0.0	0
81	2016-03-01	6.79	0.0	0.0	0.0	0
82	2016-03-02	6.79	0.0	0.0	0.0	0
83	2016-03-03	6.79	0.0	0.0	0.0	0
84	2016-03-04	6.79	0.0	0.0	0.0	0
85	2016-03-07	6.79	0.0	0.0	0.0	0
86	2016-03-08	6.79	0.0	0.0	0.0	0
87	2016-03-09	6.79	0.0	0.0	0.0	0
88	2016-03-10	6.79	0.0	0.0	0.0	0
89	2016-03-11	6.79	0.0	0.0	0.0	0
90	2016-03-14	6.79	0.0	0.0	0.0	0
91	2016-03-15	6.79	0.0	0.0	0.0	0
92	2016-03-16	6.79	0.0	0.0	0.0	0
93	2016-03-17	6.79	0.0	0.0	0.0	0
94	2016-03-18	6.79	0.0	0.0	0.0	0
95	2016-03-21	6.79	0.0	0.0	0.0	0
96	2016-03-22	6.79	0.0	0.0	0.0	0
97	2016-03-23	6.79	0.0	0.0	0.0	0
98	2016-03-24	6.79	0.0	0.0	0.0	0
99	2016-03-25	6.79	0.0	0.0	0.0	0
100	2016-03-28	6.79	0.0	0.0	0.0	0
101	2016-03-29	6.79	0.0	0.0	0.0	0
102	2016-03-30	6.79	0.0	0.0	0.0	0
103	2016-03-31	6.79	0.0	0.0	0.0	0
104	2016-04-01	6.79	0.0	0.0	0.0	0
105	2016-04-04	6.79	0.0	0.0	0.0	0
106	2016-04-05	6.79	0.0	0.0	0.0	0
107	2016-04-06	6.79	0.0	0.0	0.0	0
108	2016-04-07	6.79	0.0	0.0	0.0	0
109	2016-04-08	6.79	0.0	0.0	0.0	0
110	2016-04-11	6.79	0.0	0.0	0.0	0
111	2016-04-12	6.79	0.0	0.0	0.0	0
112	2016-04-13	6.79	0.0	0.0	0.0	0
113	2016-04-14	6.79	0.0	0.0	0.0	0
114	2016-04-15	6.79	0.0	0.0	0.0	0
115	2016-04-19	6.79	0.0	0.0	0.0	0
116	2016-04-20	6.79	0.0	0.0	0.0	0
117	2016-04-21	6.79	0.0	0.0	0.0	0
118	2016-04-22	6.79	0.0	0.0	0.0	0
119	2016-04-25	6.79	0.0	0.0	0.0	0
120	2016-04-26	6.79	0.0	0.0	0.0	0
121	2016-04-27	6.79	0.0	0.0	0.0	0
122	2016-04-28	6.79	0.0	0.0	0.0	0
123	2016-04-29	6.79	0.0	0.0	0.0	0
124	2016-05-04	6.79	0.0	0.0	0.0	0
125	2016-05-05	6.79	0.0	0.0	0.0	0
126	2016-05-06	6.79	0.0	0.0	0.0	0
127	2016-05-09	6.79	0.0	0.0	0.0	0
128	2016-05-10	6.79	0.0	0.0	0.0	0
129	2016-05-11	6.79	0.0	0.0	0.0	0
130	2016-05-12	6.79	0.0	0.0	0.0	0
131	2016-05-13	6.79	0.0	0.0	0.0	0
132	2016-05-16	6.79	0.0	0.0	0.0	0
133	2016-05-17	6.79	0.0	0.0	0.0	0
134	2016-05-18	6.79	0.0	0.0	0.0	0
135	2016-05-19	6.79	0.0	0.0	0.0	0
136	2016-05-20	6.79	0.0	0.0	0.0	0
137	2016-05-23	6.79	0.0	0.0	0.0	0
138	2016-05-24	6.79	0.0	0.0	0.0	0
139	2016-05-25	6.79	0.0	0.0	0.0	0
140	2016-05-26	6.79	0.0	0.0	0.0	0
141	2016-05-27	6.79	0.0	0.0	0.0	0
142	2016-05-30	6.79	0.0	0.0	0.0	0
143	2016-05-31	6.79	0.0	0.0	0.0	0
144	2016-06-01	6.79	0.0	0.0	0.0	0
145	2016-06-02	6.79	0.0	0.0	0.0	0
146	2016-06-03	6.79	0.0	0.0	0.0	0
147	2016-06-06	6.79	0.0	0.0	0.0	0
148	2016-06-07	6.79	0.0	0.0	0.0	0
149	2016-06-08	6.79	0.0	0.0	0.0	0
150	2016-06-09	6.79	0.0	0.0	0.0	0
151	2016-06-10	6.79	0.0	0.0	0.0	0
152	2016-06-13	6.79	0.0	0.0	0.0	0
153	2016-06-14	6.79	0.0	0.0	0.0	0
154	2016-06-15	6.79	0.0	0.0	0.0	0
155	2016-06-16	6.79	0.0	0.0	0.0	0
156	2016-06-17	6.79	0.0	0.0	0.0	0
157	2016-06-20	6.79	6.79	6.79	6.79	900
158	2016-06-21	6.79	6.79	6.79	6.79	0
159	2016-06-22	6.79	6.79	6.79	6.79	0
160	2016-06-23	6.79	6.79	6.79	6.79	0
161	2016-06-24	6.79	6.79	6.79	6.79	0
162	2016-06-27	6.79	6.79	6.79	6.79	0
163	2016-06-28	6.79	6.79	6.79	6.79	0
164	2016-06-29	6.79	6.79	6.79	6.79	0
165	2016-06-30	6.79	6.79	6.79	6.79	0
166	2016-07-01	6.79	6.79	6.79	6.79	0
167	2016-07-04	6.79	6.79	6.79	6.79	0
168	2016-07-05	6.79	6.79	6.79	6.79	0
169	2016-07-06	6.79	6.79	6.79	6.79	0
170	2016-07-07	6.79	6.79	6.79	6.79	0
171	2016-07-08	6.79	6.79	6.79	6.79	0
172	2016-07-11	6.79	6.79	6.79	6.79	0
173	2016-07-12	6.79	6.79	6.79	6.79	0
174	2016-07-13	5.78	5.78	5.78	5.78	100
175	2016-07-14	5.78	5.78	5.78	5.78	0
176	2016-07-15	5.78	5.78	5.78	5.78	0
177	2016-07-18	5.78	5.78	5.78	5.78	0
178	2016-07-19	5.78	5.78	5.78	5.78	0
179	2016-07-20	5.78	5.78	5.78	5.78	0
180	2016-07-21	5.78	5.78	5.78	5.78	0
181	2016-07-22	5.78	5.78	5.78	5.78	0
182	2016-07-25	5.78	5.78	5.78	5.78	0
183	2016-07-26	5.78	5.78	5.78	5.78	0
184	2016-07-27	5.78	5.78	5.78	5.78	0
185	2016-07-28	5.78	5.78	5.78	5.78	0
186	2016-07-29	5.78	5.78	5.78	5.78	0
187	2016-08-01	5.78	5.78	5.78	5.78	0
188	2016-08-02	5.78	5.78	5.78	5.78	0
189	2016-08-03	5.78	5.78	5.78	5.78	0
190	2016-08-04	5.78	5.78	5.78	5.78	0
191	2016-08-05	5.78	5.78	5.78	5.78	0
192	2016-08-08	5.78	5.78	5.78	5.78	0
193	2016-08-09	5.78	5.78	5.78	5.78	0
194	2016-08-10	5.78	5.78	5.78	5.78	0
195	2016-08-11	5.78	5.78	5.78	5.78	0
196	2016-08-12	5.78	5.78	5.78	5.78	0
197	2016-08-15	5.78	5.78	5.78	5.78	0
198	2016-08-16	5.78	5.78	5.78	5.78	0
199	2016-08-17	5.78	5.78	5.78	5.78	0
200	2016-08-18	5.78	5.78	5.78	5.78	0
201	2016-08-19	5.78	5.78	5.78	5.78	0
202	2016-08-22	5.78	5.78	5.78	5.78	0
203	2016-08-23	5.78	5.78	5.78	5.78	0
204	2016-08-24	5.78	5.78	5.78	5.78	0
205	2016-08-25	5.78	5.78	5.78	5.78	0
206	2016-08-26	5.78	5.78	5.78	5.78	0
207	2016-08-29	5.78	5.78	5.78	5.78	0
208	2016-08-30	5.78	5.78	5.78	5.78	0
209	2016-08-31	5.78	5.78	5.78	5.78	0
210	2016-09-01	5.78	5.78	5.78	5.78	0
211	2016-09-05	5.78	5.78	5.78	5.78	0
212	2016-09-06	5.78	5.78	5.78	5.78	0
213	2016-09-07	5.78	5.78	5.78	5.78	0
214	2016-09-08	5.78	5.78	5.78	5.78	0
215	2016-09-09	5.78	5.78	5.78	5.78	0
216	2016-09-12	5.78	5.78	5.78	5.78	0
217	2016-09-13	5.78	5.78	5.78	5.78	0
218	2016-09-14	5.78	5.78	5.78	5.78	0
219	2016-09-15	5.78	5.78	5.78	5.78	0
220	2016-09-16	5.78	5.78	5.78	5.78	0
221	2016-09-19	6.79	6.79	6.79	6.79	300
222	2016-09-20	6.79	6.79	6.79	6.79	0
223	2016-09-21	6.79	6.79	6.79	6.79	0
224	2016-09-22	6.79	6.79	6.79	6.79	0
225	2016-09-23	6.79	6.79	6.79	6.79	0
226	2016-09-26	6.79	6.79	6.79	6.79	0
227	2016-09-27	6.79	6.79	6.79	6.79	0
228	2016-09-28	6.79	6.79	6.79	6.79	0
229	2016-09-29	6.79	6.79	6.79	6.79	0
230	2016-09-30	6.79	6.79	6.79	6.79	0
231	2016-10-03	6.79	6.79	6.79	6.79	0
232	2016-10-04	6.79	6.79	6.79	6.79	0
233	2016-10-05	6.79	6.79	6.79	6.79	0
234	2016-10-06	6.79	6.79	6.79	6.79	0
235	2016-10-07	6.79	6.79	6.79	6.79	0
236	2016-10-10	6.79	6.79	6.79	6.79	0
237	2016-10-11	6.79	6.79	6.79	6.79	0
238	2016-10-12	6.79	6.79	6.79	6.79	0
239	2016-10-13	6.79	6.79	6.79	6.79	0
240	2016-10-14	6.79	6.79	6.79	6.79	0
241	2016-10-17	6.79	6.79	6.79	6.79	0
242	2016-10-18	6.79	6.79	6.79	6.79	0
243	2016-10-19	6.79	6.79	6.79	6.79	0
244	2016-10-20	6.79	6.79	6.79	6.79	0
245	2016-10-21	6.79	6.79	6.79	6.79	0
246	2016-10-24	6.79	6.79	6.79	6.79	0
247	2016-10-25	6.79	6.79	6.79	6.79	0
248	2016-10-26	6.79	6.79	6.79	6.79	0
249	2016-10-27	6.79	6.79	6.79	6.79	0
250	2016-10-28	6.79	6.79	6.79	6.79	0
251	2016-10-31	6.79	6.79	6.79	6.79	0
252	2016-11-01	6.79	6.79	6.79	6.79	0
253	2016-11-02	6.79	6.79	6.79	6.79	0
254	2016-11-03	6.79	6.79	6.79	6.79	0
255	2016-11-04	6.79	6.79	6.79	6.79	0
256	2016-11-07	6.79	6.79	6.79	6.79	0
257	2016-11-08	6.79	6.79	6.79	6.79	0
258	2016-11-09	6.79	6.79	6.79	6.79	0
259	2016-11-10	6.79	6.79	6.79	6.79	0
260	2016-11-11	6.79	6.79	6.79	6.79	0
261	2016-11-14	6.79	6.79	6.79	6.79	0
262	2016-11-15	6.79	6.79	6.79	6.79	0
263	2016-11-16	6.79	6.79	6.79	6.79	0
264	2016-11-17	6.79	6.79	6.79	6.79	0
265	2016-11-18	6.79	6.79	6.79	6.79	0
266	2016-11-21	6.79	6.79	6.79	6.79	0
267	2016-11-22	6.79	6.79	6.79	6.79	0
268	2016-11-23	6.79	6.79	6.79	6.79	0
269	2016-11-24	6.79	6.79	6.79	6.79	0
270	2016-11-25	6.79	6.79	6.79	6.79	0
271	2016-11-28	6.79	6.79	6.79	6.79	0
272	2016-11-29	6.79	6.79	6.79	6.79	0
273	2016-11-30	6.79	6.79	6.79	6.79	0
274	2016-12-01	6.79	6.79	6.79	6.79	0
275	2016-12-02	6.79	6.79	6.79	6.79	0
276	2016-12-05	6.79	6.79	6.79	6.79	0
277	2016-12-06	6.79	6.79	6.79	6.79	0
278	2016-12-07	6.79	6.79	6.79	6.79	0
279	2016-12-08	6.79	6.79	6.79	6.79	0
280	2016-12-09	6.79	6.79	6.79	6.79	0
281	2016-12-12	6.79	6.79	6.79	6.79	0
282	2016-12-13	6.79	6.79	6.79	6.79	0
283	2016-12-14	6.79	6.79	6.79	6.79	0
284	2016-12-15	6.79	6.79	6.79	6.79	0
285	2016-12-16	6.79	6.79	6.79	6.79	0
286	2016-12-19	6.79	6.79	6.79	6.79	0
287	2016-12-20	6.79	6.79	6.79	6.79	0
288	2016-12-21	6.79	6.79	6.79	6.79	0
289	2016-12-22	6.79	6.79	6.79	6.79	0
290	2016-12-23	6.79	6.79	6.79	6.79	0
291	2016-12-26	6.79	6.79	6.79	6.79	0
292	2016-12-27	6.79	6.79	6.79	6.79	0
293	2016-12-28	6.79	6.79	6.79	6.79	0
294	2016-12-29	6.79	6.79	6.79	6.79	0
295	2016-12-30	6.79	6.79	6.79	6.79	0
296	2017-01-03	6.79	6.79	6.79	6.79	0
297	2017-01-04	6.79	6.79	6.79	6.79	0
298	2017-01-05	6.79	6.79	6.79	6.79	0
299	2017-01-06	6.79	6.79	6.79	6.79	0
300	2017-01-09	6.79	6.79	6.79	6.79	0
301	2017-01-10	6.79	6.79	6.79	6.79	0
302	2017-01-11	6.79	6.79	6.79	6.79	0
303	2017-01-12	6.79	6.79	6.79	6.79	0
304	2017-01-13	6.79	6.79	6.79	6.79	0
305	2017-01-16	6.79	6.79	6.79	6.79	0
306	2017-01-17	6.79	6.79	6.79	6.79	0
307	2017-01-18	6.79	6.79	6.79	6.79	0
308	2017-01-19	6.79	6.79	6.79	6.79	0
309	2017-01-20	6.79	6.79	6.79	6.79	0
310	2017-01-23	6.79	6.79	6.79	6.79	0
311	2017-01-24	6.79	6.79	6.79	6.79	0
312	2017-01-25	6.79	6.79	6.79	6.79	0
313	2017-02-02	6.79	6.79	6.79	6.79	0
314	2017-02-03	6.79	6.79	6.79	6.79	0
315	2017-02-06	6.79	6.79	6.79	6.79	0
316	2017-02-07	6.79	6.79	6.79	6.79	0
317	2017-02-08	6.79	6.79	6.79	6.79	0
318	2017-02-09	6.79	6.79	6.79	6.79	0
319	2017-02-10	6.79	6.79	6.79	6.79	0
320	2017-02-13	6.79	6.79	6.79	6.79	0
321	2017-02-14	6.79	6.79	6.79	6.79	0
322	2017-02-15	6.79	6.79	6.79	6.79	0
323	2017-02-16	6.79	6.79	6.79	6.79	0
324	2017-02-17	6.79	6.79	6.79	6.79	0
325	2017-02-20	6.79	6.79	6.79	6.79	0
326	2017-02-21	6.79	6.79	6.79	6.79	0
327	2017-02-22	6.79	6.79	6.79	6.79	0
328	2017-02-23	6.79	6.79	6.79	6.79	0
329	2017-02-24	6.79	6.79	6.79	6.79	0
330	2017-02-27	6.79	6.79	6.79	6.79	0
331	2017-02-28	6.79	6.79	6.79	6.79	0
332	2017-03-01	6.79	6.79	6.79	6.79	0
333	2017-03-02	6.79	6.79	6.79	6.79	0
334	2017-03-03	6.79	6.79	6.79	6.79	0
335	2017-03-06	6.79	6.79	6.79	6.79	0
336	2017-03-07	6.79	6.79	6.79	6.79	0
337	2017-03-08	6.79	6.79	6.79	6.79	0
338	2017-03-09	6.79	6.79	6.79	6.79	0
339	2017-03-10	6.79	6.79	6.79	6.79	0
340	2017-03-13	6.79	6.79	6.79	6.79	0
341	2017-03-14	6.79	6.79	6.79	6.79	0
342	2017-03-15	6.79	6.79	6.79	6.79	0
343	2017-03-16	6.79	6.79	6.79	6.79	0
344	2017-03-17	6.79	6.79	6.79	6.79	0
345	2017-03-20	6.79	6.79	6.79	6.79	0
346	2017-03-21	6.79	6.79	6.79	6.79	0
347	2017-03-22	6.79	6.79	6.79	6.79	0
348	2017-03-23	6.79	6.79	6.79	6.79	0
349	2017-03-24	6.79	6.79	6.79	6.79	0
350	2017-03-27	6.79	6.79	6.79	6.79	0
351	2017-03-28	6.79	6.79	6.79	6.79	0
352	2017-03-29	6.79	6.79	6.79	6.79	0
353	2017-03-30	6.79	6.79	6.79	6.79	0
354	2017-03-31	6.79	6.79	6.79	6.79	0
355	2017-04-03	6.79	6.79	6.79	6.79	0
356	2017-04-04	6.79	6.79	6.79	6.79	0
357	2017-04-05	6.79	6.79	6.79	6.79	0
358	2017-04-07	6.79	6.79	6.79	6.79	0
359	2017-04-10	6.79	6.79	6.79	6.79	0
360	2017-04-11	6.79	6.79	6.79	6.79	0
361	2017-04-12	6.79	6.79	6.79	6.79	0
362	2017-04-13	6.79	6.79	6.79	6.79	0
363	2017-04-14	6.79	6.79	6.79	6.79	0
364	2017-04-17	6.79	6.79	6.79	6.79	0
365	2017-04-18	6.79	6.79	6.79	6.79	0
366	2017-04-19	6.79	6.79	6.79	6.79	0
367	2017-04-20	6.79	6.79	6.79	6.79	0
368	2017-04-21	6.79	6.79	6.79	6.79	0
369	2017-04-24	6.79	6.79	6.79	6.79	0
370	2017-04-25	6.79	6.79	6.79	6.79	0
371	2017-04-26	6.79	6.79	6.79	6.79	0
372	2017-04-27	6.79	6.79	6.79	6.79	0
373	2017-04-28	6.79	6.79	6.79	6.79	0
374	2017-05-03	6.79	6.79	6.79	6.79	0
375	2017-05-04	6.79	6.79	6.79	6.79	0
376	2017-05-05	6.79	6.79	6.79	6.79	0
377	2017-05-08	6.79	6.79	6.79	6.79	0
378	2017-05-09	6.79	6.79	6.79	6.79	0
379	2017-05-10	6.79	6.79	6.79	6.79	0
380	2017-05-11	6.79	6.79	6.79	6.79	0
381	2017-05-12	6.79	6.79	6.79	6.79	0
382	2017-05-15	6.79	6.79	6.79	6.79	0
383	2017-05-16	6.79	6.79	6.79	6.79	0
384	2017-05-17	6.79	6.79	6.79	6.79	0
385	2017-05-18	6.79	6.79	6.79	6.79	0
386	2017-05-19	6.79	6.79	6.79	6.79	0
387	2017-05-22	6.79	6.79	6.79	6.79	0
388	2017-05-23	6.79	6.79	6.79	6.79	0
389	2017-05-24	6.79	6.79	6.79	6.79	0
390	2017-05-25	6.79	6.79	6.79	6.79	0
391	2017-05-26	6.79	6.79	6.79	6.79	0
392	2017-05-29	6.79	6.79	6.79	6.79	0
393	2017-05-30	6.79	6.79	6.79	6.79	0
394	2017-05-31	6.79	6.79	6.79	6.79	0
395	2017-06-01	6.79	6.79	6.79	6.79	0
396	2017-06-02	6.79	6.79	6.79	6.79	0
397	2017-06-05	6.79	6.79	6.79	6.79	0
398	2017-06-06	6.79	6.79	6.79	6.79	0
399	2017-06-07	6.79	6.79	6.79	6.79	0
400	2017-06-08	6.79	6.79	6.79	6.79	0
401	2017-06-09	6.79	6.79	6.79	6.79	0
402	2017-06-12	6.79	6.79	6.79	6.79	0
403	2017-06-13	6.79	6.79	6.79	6.79	0
404	2017-06-14	6.79	6.79	6.79	6.79	0
405	2017-06-15	6.79	6.79	6.79	6.79	0
406	2017-06-16	6.79	6.79	6.79	6.79	0
407	2017-06-19	6.79	6.79	6.79	6.79	0
408	2017-06-20	6.79	6.79	6.79	6.79	0
409	2017-06-21	6.79	6.79	6.79	6.79	0
410	2017-06-22	6.79	6.79	6.79	6.79	0
411	2017-06-23	6.79	6.79	6.79	6.79	0
412	2017-06-26	6.79	6.79	6.79	6.79	0
413	2017-06-27	6.79	6.79	6.79	6.79	0
414	2017-06-28	6.79	6.79	6.79	6.79	0
415	2017-06-29	6.79	6.79	6.79	6.79	0
416	2017-06-30	6.79	6.79	6.79	6.79	0
417	2017-07-03	6.79	6.79	6.79	6.79	0
418	2017-07-04	6.79	6.79	6.79	6.79	0
419	2017-07-05	6.79	6.79	6.79	6.79	0
420	2017-07-06	6.79	6.79	6.79	6.79	0
421	2017-07-07	6.79	6.79	6.79	6.79	0
422	2017-07-10	6.79	6.79	6.79	6.79	0
423	2017-07-11	6.79	6.79	6.79	6.79	0
424	2017-07-12	6.79	6.79	6.79	6.79	0
425	2017-07-13	6.79	6.79	6.79	6.79	0
426	2017-07-14	6.79	6.79	6.79	6.79	0
427	2017-07-17	6.79	6.79	6.79	6.79	0
428	2017-07-18	6.79	6.79	6.79	6.79	0
429	2017-07-19	6.79	6.79	6.79	6.79	0
430	2017-07-20	6.79	6.79	6.79	6.79	0
431	2017-07-21	6.79	6.79	6.79	6.79	0
432	2017-07-24	6.79	6.79	6.79	6.79	0
433	2017-07-25	6.79	6.79	6.79	6.79	0
434	2017-07-26	6.79	6.79	6.79	6.79	0
435	2017-07-27	6.79	6.79	6.79	6.79	0
436	2017-07-28	6.79	6.79	6.79	6.79	0
437	2017-07-31	6.79	6.79	6.79	6.79	0
438	2017-08-01	6.79	6.79	6.79	6.79	0
439	2017-08-02	6.79	6.79	6.79	6.79	0
440	2017-08-03	6.79	6.79	6.79	6.79	0
441	2017-08-04	6.79	6.79	6.79	6.79	0
442	2017-08-07	6.79	6.79	6.79	6.79	0
443	2017-08-08	6.79	6.79	6.79	6.79	0
444	2017-08-09	6.79	6.79	6.79	6.79	0
445	2017-08-10	6.79	6.79	6.79	6.79	0
446	2017-08-11	6.79	6.79	6.79	6.79	0
447	2017-08-14	6.79	6.79	6.79	6.79	0
448	2017-08-15	6.79	6.79	6.79	6.79	0
449	2017-08-16	6.79	6.79	6.79	6.79	0
450	2017-08-17	6.79	6.79	6.79	6.79	0
451	2017-08-18	6.79	6.79	6.79	6.79	0
452	2017-08-21	6.79	6.79	6.79	6.79	0
453	2017-08-22	6.79	6.79	6.79	6.79	0
454	2017-08-23	6.79	6.79	6.79	6.79	0
455	2017-08-24	6.79	6.79	6.79	6.79	0
456	2017-08-25	6.79	6.79	6.79	6.79	0
457	2017-08-28	6.79	6.79	6.79	6.79	0
458	2017-08-29	6.79	6.79	6.79	6.79	0
459	2017-08-30	6.79	6.79	6.79	6.79	0
460	2017-08-31	6.79	6.79	6.79	6.79	0
461	2017-09-01	6.79	6.79	6.79	6.79	0
462	2017-09-05	6.79	6.79	6.79	6.79	0
463	2017-09-06	6.79	6.79	6.79	6.79	0
464	2017-09-07	6.79	6.79	6.79	6.79	0
465	2017-09-08	6.79	6.79	6.79	6.79	0
466	2017-09-11	6.79	6.79	6.79	6.79	0
467	2017-09-12	6.79	6.79	6.79	6.79	0
468	2017-09-13	6.79	6.79	6.79	6.79	0
469	2017-09-14	6.79	6.79	6.79	6.79	0
470	2017-09-15	6.79	6.79	6.79	6.79	0
471	2017-09-18	6.79	6.79	6.79	6.79	0
472	2017-09-19	6.79	6.79	6.79	6.79	0
473	2017-09-20	6.79	6.79	6.79	6.79	0
474	2017-09-21	6.79	6.79	6.79	6.79	0
475	2017-09-22	6.79	6.79	6.79	6.79	0
476	2017-09-25	6.79	6.79	6.79	6.79	0
477	2017-09-26	6.79	6.79	6.79	6.79	0
478	2017-09-27	6.79	6.79	6.79	6.79	0
479	2017-09-28	6.79	6.79	6.79	6.79	0
480	2017-09-29	6.79	6.79	6.79	6.79	0
481	2017-10-02	6.79	6.79	6.79	6.79	0
482	2017-10-03	6.79	6.79	6.79	6.79	0
483	2017-10-04	6.79	6.79	6.79	6.79	0
484	2017-10-05	6.79	6.79	6.79	6.79	0
485	2017-10-06	6.79	6.79	6.79	6.79	0
486	2017-10-09	6.79	6.79	6.79	6.79	0
487	2017-10-10	6.79	6.79	6.79	6.79	0
488	2017-10-11	6.79	6.79	6.79	6.79	0
489	2017-10-12	6.79	6.79	6.79	6.79	0
490	2017-10-13	6.79	6.79	6.79	6.79	0
491	2017-10-16	6.79	6.79	6.79	6.79	0
492	2017-10-17	6.79	6.79	6.79	6.79	0
493	2017-10-18	6.79	6.79	6.79	6.79	0
494	2017-10-19	6.79	6.79	6.79	6.79	0
495	2017-10-20	6.79	6.79	6.79	6.79	0
496	2017-10-23	6.79	6.79	6.79	6.79	0
497	2017-10-24	6.79	6.79	6.79	6.79	0
498	2017-10-25	6.79	6.79	6.79	6.79	0
499	2017-10-26	6.79	6.79	6.79	6.79	0
500	2017-10-27	6.79	6.79	6.79	6.79	0
501	2017-10-30	6.79	6.79	6.79	6.79	0
502	2017-10-31	6.79	6.79	6.79	6.79	0
503	2017-11-01	6.79	6.79	6.79	6.79	0
504	2017-11-02	6.79	6.79	6.79	6.79	0
505	2017-11-03	6.79	6.79	6.79	6.79	0
506	2017-11-06	6.79	6.79	6.79	6.79	0
507	2017-11-07	6.79	6.79	6.79	6.79	0
508	2017-11-08	6.79	6.79	6.79	6.79	0
509	2017-11-09	6.79	6.79	6.79	6.79	0
510	2017-11-10	6.79	6.79	6.79	6.79	0
511	2017-11-13	6.79	6.79	6.79	6.79	0
512	2017-11-14	6.79	6.79	6.79	6.79	0
513	2017-11-15	6.79	6.79	6.79	6.79	0
514	2017-11-16	6.79	6.79	6.79	6.79	0
515	2017-11-17	6.79	6.79	6.79	6.79	0
516	2017-11-20	6.79	6.79	6.79	6.79	0
517	2017-11-21	6.79	6.79	6.79	6.79	0
518	2017-11-22	6.79	6.79	6.79	6.79	0
519	2017-11-23	6.79	6.79	6.79	6.79	0
520	2017-11-24	6.79	6.79	6.79	6.79	0
521	2017-11-27	6.79	6.79	6.79	6.79	0
522	2017-11-28	6.79	6.79	6.79	6.79	0
523	2017-11-29	6.79	6.79	6.79	6.79	0
524	2017-11-30	6.79	6.79	6.79	6.79	0
525	2017-12-01	6.79	6.79	6.79	6.79	0
526	2017-12-04	6.79	6.79	6.79	6.79	0
527	2017-12-05	6.79	6.79	6.79	6.79	0
528	2017-12-06	6.79	6.79	6.79	6.79	0
529	2017-12-07	6.79	6.79	6.79	6.79	0
530	2017-12-08	6.79	6.79	6.79	6.79	0
531	2017-12-11	6.79	6.79	6.79	6.79	0
532	2017-12-12	6.79	6.79	6.79	6.79	0
533	2017-12-13	6.79	6.79	6.79	6.79	0
534	2017-12-14	6.79	6.79	6.79	6.79	0
535	2017-12-15	6.79	6.79	6.79	6.79	0
536	2017-12-18	6.79	6.79	6.79	6.79	0
537	2017-12-19	6.79	6.79	6.79	6.79	0
538	2017-12-20	6.79	6.79	6.79	6.79	0
539	2017-12-21	6.79	6.79	6.79	6.79	0
540	2017-12-22	6.79	6.79	6.79	6.79	0
541	2017-12-25	6.79	6.79	6.79	6.79	0
542	2017-12-26	6.79	6.79	6.79	6.79	0
543	2017-12-27	6.79	6.79	6.79	6.79	0
544	2017-12-28	6.79	6.79	6.79	6.79	0
545	2017-12-29	6.79	6.79	6.79	6.79	0
546	2018-01-02	6.79	6.79	6.79	6.79	0
547	2018-01-03	6.79	6.79	6.79	6.79	0
548	2018-01-04	6.79	6.79	6.79	6.79	0
549	2018-01-05	6.79	6.79	6.79	6.79	0
550	2018-01-08	6.79	6.79	6.79	6.79	0
551	2018-01-09	6.79	6.79	6.79	6.79	0
552	2018-01-10	6.79	6.79	6.79	6.79	0
553	2018-01-11	6.79	6.79	6.79	6.79	0
554	2018-01-12	6.79	6.79	6.79	6.79	0
555	2018-01-15	6.79	6.79	6.79	6.79	0
556	2018-01-16	6.79	6.79	6.79	6.79	0
557	2018-01-17	6.79	6.79	6.79	6.79	0
558	2018-01-18	6.79	6.79	6.79	6.79	0
559	2018-01-19	6.79	6.79	6.79	6.79	0
560	2018-01-22	6.79	6.79	6.79	6.79	0
561	2018-01-23	6.79	6.79	6.79	6.79	0
562	2018-01-24	6.79	6.79	6.79	6.79	0
563	2018-01-25	6.79	6.79	6.79	6.79	0
564	2018-01-26	6.79	6.79	6.79	6.79	0
565	2018-01-29	6.79	6.79	6.79	6.79	0
566	2018-01-30	6.79	6.79	6.79	6.79	0
567	2018-01-31	6.79	6.79	6.79	6.79	0
568	2018-02-01	6.79	6.79	6.79	6.79	0
569	2018-02-02	6.79	6.79	6.79	6.79	0
570	2018-02-05	6.79	6.79	6.79	6.79	0
571	2018-02-06	6.79	6.79	6.79	6.79	0
572	2018-02-07	6.79	6.79	6.79	6.79	0
573	2018-02-08	6.79	6.79	6.79	6.79	0
574	2018-02-09	6.79	6.79	6.79	6.79	0
575	2018-02-12	6.79	6.79	6.79	6.79	0
576	2018-02-13	6.79	6.79	6.79	6.79	0
577	2018-02-21	6.79	6.79	6.79	6.79	0
578	2018-02-22	6.79	6.79	6.79	6.79	0
579	2018-02-23	6.79	6.79	6.79	6.79	0
580	2018-02-26	6.79	6.79	6.79	6.79	0
581	2018-02-27	6.79	6.79	6.79	6.79	0
582	2018-02-28	6.79	6.79	6.79	6.79	0
583	2018-03-01	6.79	6.79	6.79	6.79	0
584	2018-03-02	6.79	6.79	6.79	6.79	0
585	2018-03-05	6.79	6.79	6.79	6.79	0
586	2018-03-06	6.79	6.79	6.79	6.79	0
587	2018-03-07	6.79	6.79	6.79	6.79	0
588	2018-03-08	6.79	6.79	6.79	6.79	0
589	2018-03-09	6.79	6.79	6.79	6.79	0
590	2018-03-12	6.79	6.79	6.79	6.79	0
591	2018-03-13	6.79	6.79	6.79	6.79	0
592	2018-03-14	6.79	6.79	6.79	6.79	0
593	2018-03-15	6.79	6.79	6.79	6.79	0
594	2018-03-16	6.79	6.79	6.79	6.79	0
595	2018-03-19	6.79	6.79	6.79	6.79	0
596	2018-03-20	6.79	6.79	6.79	6.79	0
597	2018-03-21	6.79	6.79	6.79	6.79	0
598	2018-03-22	6.79	6.79	6.79	6.79	0
599	2018-03-23	6.79	6.79	6.79	6.79	0
600	2018-03-26	6.79	6.79	6.79	6.79	0
601	2018-03-27	6.79	6.79	6.79	6.79	0
602	2018-03-28	6.79	6.79	6.79	6.79	0
603	2018-03-29	6.79	6.79	6.79	6.79	0
604	2018-03-30	6.79	6.79	6.79	6.79	0
605	2018-04-02	6.79	6.79	6.79	6.79	0
606	2018-04-03	6.79	6.79	6.79	6.79	0
607	2018-04-04	6.79	6.79	6.79	6.79	0
608	2018-04-05	6.79	6.79	6.79	6.79	0
609	2018-04-06	6.79	6.79	6.79	6.79	0
610	2018-04-09	6.79	6.79	6.79	6.79	0
611	2018-04-10	6.79	6.79	6.79	6.79	0
612	2018-04-11	6.79	6.79	6.79	6.79	0
613	2018-04-12	6.79	6.79	6.79	6.79	0
614	2018-04-13	6.79	6.79	6.79	6.79	0
615	2018-04-16	6.79	6.79	6.79	6.79	0
616	2018-04-17	6.79	6.79	6.79	6.79	0
617	2018-04-18	6.79	6.79	6.79	6.79	0
618	2018-04-19	6.79	6.79	6.79	6.79	0
619	2018-04-20	6.79	6.79	6.79	6.79	0
620	2018-04-23	6.79	6.79	6.79	6.79	0
621	2018-04-24	6.79	6.79	6.79	6.79	0
622	2018-04-26	6.79	6.79	6.79	6.79	0
623	2018-04-27	6.79	6.79	6.79	6.79	0
624	2018-05-02	6.79	6.79	6.79	6.79	0
625	2018-05-03	6.79	6.79	6.79	6.79	0
626	2018-05-04	6.79	6.79	6.79	6.79	0
627	2018-05-07	6.79	6.79	6.79	6.79	0
628	2018-05-08	6.79	6.79	6.79	6.79	0
629	2018-05-09	6.79	6.79	6.79	6.79	0
630	2018-05-10	6.79	6.79	6.79	6.79	0
631	2018-05-11	6.79	6.79	6.79	6.79	0
632	2018-05-14	6.79	6.79	6.79	6.79	0
633	2018-05-15	6.79	6.79	6.79	6.79	0
634	2018-05-16	6.79	6.79	6.79	6.79	0
635	2018-05-17	6.79	6.79	6.79	6.79	0
636	2018-05-18	6.79	6.79	6.79	6.79	0
637	2018-05-21	6.79	6.79	6.79	6.79	0
638	2018-05-22	6.79	6.79	6.79	6.79	0
639	2018-05-23	6.79	6.79	6.79	6.79	0
640	2018-05-24	6.79	6.79	6.79	6.79	0
641	2018-05-25	6.79	6.79	6.79	6.79	0
642	2018-05-28	6.79	6.79	6.79	6.79	0
643	2018-05-29	6.79	6.79	6.79	6.79	0
644	2018-05-30	6.79	6.79	6.79	6.79	0
645	2018-05-31	6.79	6.79	6.79	6.79	0
646	2018-06-01	6.79	6.79	6.79	6.79	0
647	2018-06-04	6.79	6.79	6.79	6.79	0
648	2018-06-05	6.79	6.79	6.79	6.79	0
649	2018-06-06	6.79	6.79	6.79	6.79	0
650	2018-06-07	6.79	6.79	6.79	6.79	0
651	2018-06-08	6.79	6.79	6.79	6.79	0
652	2018-06-11	4.45	4.45	4.45	4.45	2000
653	2018-06-12	4.45	4.45	4.45	4.45	60
654	2018-06-13	4.45	4.45	4.45	4.45	0
655	2018-06-14	4.45	4.45	4.45	4.45	4400
656	2018-06-15	4.45	4.45	4.45	4.45	0
657	2018-06-18	4.79	4.79	4.79	4.79	900
658	2018-06-19	4.79	4.79	4.79	4.79	0
659	2018-06-20	4.56	4.56	4.56	4.56	800
660	2018-06-21	4.56	4.56	4.56	4.56	0
661	2018-06-22	4.56	4.56	4.56	4.56	36
662	2018-06-25	4.56	4.56	4.56	4.56	0
663	2018-06-26	4.56	4.56	4.56	4.56	0
664	2018-06-27	4.45	4.45	4.45	4.45	900
665	2018-06-28	4.45	4.45	4.45	4.45	0
666	2018-06-29	4.67	4.67	4.67	4.67	1800
667	2018-07-02	4.73	4.73	4.73	4.73	1000
668	2018-07-03	4.73	4.73	4.73	4.73	0
669	2018-07-04	4.73	4.73	4.73	4.73	0
670	2018-07-05	4.73	4.73	4.73	4.73	0
671	2018-07-06	4.73	4.73	4.73	4.73	0
672	2018-07-09	4.73	4.73	4.73	4.73	0
673	2018-07-10	4.73	4.73	4.73	4.73	0
674	2018-07-11	4.56	4.56	4.56	4.56	5000
675	2018-07-12	4.73	4.73	4.73	4.73	936
676	2018-07-13	4.67	4.67	4.67	4.67	20000
677	2018-07-16	4.67	4.67	4.67	4.67	0
678	2018-07-17	4.67	4.67	4.67	4.67	0
679	2018-07-18	4.67	4.67	4.67	4.67	0
680	2018-07-19	4.67	4.67	4.67	4.67	0
681	2018-07-20	4.67	4.67	4.67	4.67	0
682	2018-07-23	4.67	4.67	4.67	4.67	0
683	2018-07-24	4.73	4.73	4.73	4.73	1170
684	2018-07-25	4.73	4.73	4.73	4.73	0
685	2018-07-26	4.73	4.73	4.73	4.73	0
686	2018-07-27	4.73	4.73	4.73	4.73	0
687	2018-07-30	4.73	4.73	4.73	4.73	0
688	2018-07-31	4.73	4.73	4.73	4.73	0
689	2018-08-01	4.73	4.73	4.73	4.73	0
690	2018-08-02	4.84	4.84	4.84	4.84	1082
691	2018-08-03	4.84	4.84	4.84	4.84	0
692	2018-08-06	4.84	4.84	4.84	4.84	0
693	2018-08-07	4.9	4.9	4.9	4.9	650
694	2018-08-08	4.9	4.9	4.9	4.9	0
695	2018-08-09	4.9	4.9	4.9	4.9	0
696	2018-08-10	4.9	4.9	4.9	4.9	0
697	2018-08-13	5.01	5.01	5.01	5.01	2340
698	2018-08-14	5.01	5.01	5.01	5.01	0
699	2018-08-15	5.01	5.01	5.01	5.01	0
700	2018-08-16	5.01	5.01	5.01	5.01	0
701	2018-08-17	5.01	5.01	5.01	5.01	0
702	2018-08-20	5.01	5.01	5.01	5.01	0
703	2018-08-21	4.45	4.45	4.45	4.45	1800
704	2018-08-22	4.45	4.45	4.45	4.45	0
705	2018-08-23	4.56	4.56	4.56	4.56	1980
706	2018-08-24	4.73	4.73	4.73	4.73	1440
707	2018-08-27	4.73	4.73	4.73	4.73	0
708	2018-08-28	4.73	4.73	4.73	4.73	0
709	2018-08-29	4.9	5.01	4.9	5.01	14038
710	2018-08-30	5.01	5.01	5.01	5.01	0
711	2018-08-31	4.73	4.73	4.73	4.73	25000
712	2018-09-04	4.73	4.73	4.73	4.73	0
713	2018-09-05	4.73	4.73	4.73	4.73	0
714	2018-09-06	4.73	4.73	4.73	4.73	0
715	2018-09-07	4.73	4.73	4.73	4.73	0
716	2018-09-10	4.73	4.73	4.73	4.73	0
717	2018-09-11	4.73	4.73	4.73	4.73	0
718	2018-09-12	4.73	4.73	4.73	4.73	0
719	2018-09-13	4.73	4.73	4.73	4.73	0
720	2018-09-14	4.73	4.73	4.73	4.73	0
721	2018-09-17	4.73	4.73	4.73	4.73	0
722	2018-09-18	4.73	4.73	4.73	4.73	0
723	2018-09-19	4.73	4.73	4.73	4.73	0
724	2018-09-20	4.73	4.73	4.73	4.73	0
725	2018-09-21	4.73	4.73	4.73	4.73	0
726	2018-09-24	5.01	5.01	5.01	5.01	2060
727	2018-09-25	5.01	5.01	5.01	5.01	0
728	2018-09-26	5.01	5.01	5.01	5.01	0
729	2018-09-27	5.01	5.01	5.01	5.01	20
730	2018-09-28	5.01	5.01	5.01	5.01	0
731	2018-10-01	5.01	5.01	5.01	5.01	0
732	2018-10-02	5.73	5.73	5.73	5.73	200
733	2018-10-03	5.73	5.73	5.73	5.73	0
734	2018-10-04	5.73	5.73	5.73	5.73	0
735	2018-10-05	5.73	5.73	5.73	5.73	0
736	2018-10-08	5.73	5.73	5.73	5.73	0
737	2018-10-09	5.12	5.12	5.12	5.12	100
738	2018-10-10	5.12	5.12	5.12	5.12	40
739	2018-10-11	5.12	5.12	5.12	5.12	80
740	2018-10-12	5.12	5.12	5.12	5.12	80
741	2018-10-15	5.12	5.12	5.12	5.12	100
742	2018-10-16	5.12	5.12	5.12	5.12	0
743	2018-10-17	5.12	5.12	5.12	5.12	0
744	2018-10-18	5.12	5.12	5.12	5.12	80
745	2018-10-19	5.12	5.12	5.12	5.12	0
746	2018-10-22	5.12	5.12	5.12	5.12	0
747	2018-10-23	5.84	5.84	5.84	5.84	800
748	2018-10-24	6.68	6.68	6.68	6.68	180
749	2018-10-25	7.62	7.62	7.62	7.62	100
750	2018-10-26	7.62	7.62	7.62	7.62	0
751	2018-10-29	7.62	7.62	7.62	7.62	0
752	2018-10-30	7.62	7.62	7.62	7.62	0
753	2018-10-31	7.62	7.62	7.62	7.62	0
754	2018-11-01	8.74	7.62	7.62	7.62	100
755	2018-11-02	7.62	7.62	7.62	7.62	0
756	2018-11-05	7.62	7.62	7.62	7.62	0
757	2018-11-06	7.46	8.74	7.46	8.74	300
758	2018-11-07	8.29	8.29	8.29	8.29	0
759	2018-11-08	8.29	8.29	8.29	8.29	0
760	2018-11-09	8.29	8.29	8.29	8.29	0
761	2018-11-12	8.29	8.29	8.29	8.29	0
762	2018-11-13	8.29	8.29	8.29	8.29	0
763	2018-11-14	8.29	8.29	8.29	8.29	0
764	2018-11-15	8.29	8.29	8.29	8.29	0
765	2018-11-16	8.29	8.29	8.29	8.29	0
766	2018-11-19	8.29	8.29	8.29	8.29	0
767	2018-11-20	8.29	8.29	8.29	8.29	0
768	2018-11-21	7.07	7.07	7.07	7.07	3970
769	2018-11-22	7.07	7.07	7.07	7.07	0
770	2018-11-23	6.12	6.12	6.12	6.12	5180
771	2018-11-26	6.23	6.23	6.12	6.12	9156
772	2018-11-27	6.23	6.12	6.12	6.12	0
773	2018-11-28	6.23	6.12	6.12	6.12	0
774	2018-11-29	6.23	6.12	6.12	6.12	0
775	2018-11-30	6.23	6.12	6.12	6.12	0
776	2018-12-03	6.23	6.12	6.12	6.12	0
777	2018-12-04	6.29	6.29	6.29	6.29	400
778	2018-12-05	6.29	6.29	6.29	6.29	0
779	2018-12-06	6.29	6.29	6.29	6.29	0
780	2018-12-07	6.29	6.29	6.29	6.29	0
781	2018-12-10	6.23	6.23	6.23	6.23	200
782	2018-12-11	6.23	6.23	6.23	6.23	0
783	2018-12-12	6.23	6.23	6.23	6.23	0
784	2018-12-13	6.23	6.23	6.23	6.23	0
785	2018-12-14	6.23	6.23	6.23	6.23	0
786	2018-12-17	6.23	6.23	6.23	6.23	0
787	2018-12-18	6.23	6.23	6.23	6.23	0
788	2018-12-19	6.23	6.23	6.23	6.23	0
789	2018-12-20	6.23	6.23	6.23	6.23	0
790	2018-12-21	6.23	6.23	6.23	6.23	0
791	2018-12-24	6.29	6.29	6.29	6.29	2340
792	2018-12-25	6.29	6.29	6.29	6.29	0
793	2018-12-26	6.29	6.29	6.29	6.29	0
794	2018-12-27	5.95	5.95	5.95	5.95	20114
795	2018-12-28	5.95	5.95	5.95	5.95	0
796	2019-01-02	6.18	6.18	6.18	6.18	12100
797	2019-01-03	6.18	6.18	6.18	6.18	1080
798	2019-01-04	6.18	6.18	6.18	6.18	30
799	2019-01-07	6.18	6.18	6.18	6.18	0
800	2019-01-08	6.18	6.18	6.18	6.18	0
801	2019-01-09	6.18	6.18	6.18	6.18	100
802	2019-01-10	6.18	6.18	6.18	6.18	0
803	2019-01-11	6.18	6.18	6.18	6.18	0
804	2019-01-14	6.18	6.18	6.18	6.18	0
805	2019-01-15	6.18	6.18	6.18	6.18	0
806	2019-01-16	6.12	6.12	5.79	5.79	600
807	2019-01-17	5.95	5.79	5.79	5.79	0
808	2019-01-18	5.95	5.79	5.79	5.79	0
809	2019-01-21	5.95	5.95	5.95	5.95	398
810	2019-01-22	5.95	5.95	5.95	5.95	0
811	2019-01-23	5.95	5.95	5.95	5.95	0
812	2019-01-24	5.95	5.95	5.95	5.95	0
813	2019-01-25	5.95	5.95	5.95	5.95	0
814	2019-01-28	5.95	5.95	5.95	5.95	10
815	2019-01-29	5.51	5.51	5.51	5.51	100
816	2019-01-30	5.51	5.51	5.51	5.51	0
817	2019-01-31	5.84	5.84	5.84	5.84	485
818	2019-02-01	5.84	5.84	5.84	5.84	0
819	2019-02-11	6.68	6.68	6.68	6.68	100
820	2019-02-12	7.68	7.68	7.68	7.68	100
821	2019-02-13	8.79	8.79	8.79	8.79	100
822	2019-02-14	10.02	10.02	10.02	10.02	100
823	2019-02-15	11.07	11.07	8.51	8.51	2240
824	2019-02-18	7.51	7.51	7.51	7.51	500
825	2019-02-19	8.63	8.63	8.63	8.63	100
826	2019-02-20	8.63	8.63	8.63	8.63	0
827	2019-02-21	8.63	8.63	8.63	8.63	0
828	2019-02-22	8.63	8.63	8.63	8.63	0
829	2019-02-25	9.91	9.91	9.91	9.91	100
830	2019-02-26	8.46	8.46	8.46	8.46	5500
831	2019-02-27	8.46	8.46	8.46	8.46	100
832	2019-02-28	8.46	8.46	8.46	8.46	100
833	2019-03-01	8.46	8.46	8.46	8.46	0
834	2019-03-04	7.79	7.79	7.79	7.79	1584
835	2019-03-05	7.79	7.79	7.79	7.79	0
836	2019-03-06	8.13	8.13	8.13	8.13	200
837	2019-03-07	8.29	8.29	7.79	7.79	650
838	2019-03-08	8.24	8.24	8.24	7.79	91
839	2019-03-11	8.24	7.79	7.79	7.79	0
840	2019-03-12	8.24	7.79	7.79	7.79	0
841	2019-03-13	8.24	8.24	8.24	7.79	16
842	2019-03-14	8.24	7.79	7.79	7.79	0
843	2019-03-15	8.24	7.79	7.79	7.79	0
844	2019-03-18	8.24	7.79	7.79	7.79	0
845	2019-03-19	8.24	7.79	7.79	7.79	0
846	2019-03-20	8.24	7.79	7.79	7.79	0
847	2019-03-21	8.24	7.79	7.79	7.79	0
848	2019-03-22	8.24	7.79	7.79	7.79	0
849	2019-03-25	8.24	7.79	7.79	7.79	0
850	2019-03-26	8.24	8.24	8.24	7.79	30
851	2019-03-27	8.24	8.24	8.24	7.79	33
852	2019-03-28	8.24	7.79	7.79	7.79	0
853	2019-03-29	8.24	8.24	8.24	7.79	8
854	2019-04-01	8.24	8.24	8.24	7.79	72
855	2019-04-02	8.24	7.79	7.79	7.79	0
856	2019-04-03	8.24	8.24	8.24	7.79	8
857	2019-04-04	8.24	8.24	8.24	8.24	100
858	2019-04-05	7.23	7.23	7.23	7.23	100
859	2019-04-08	6.29	6.29	6.29	6.29	100
860	2019-04-09	6.34	6.34	5.84	5.84	400
861	2019-04-10	5.9	5.9	5.9	5.9	100
862	2019-04-11	6.73	6.73	6.73	6.73	100
863	2019-04-12	6.51	6.51	6.07	6.07	200
864	2019-04-16	7.18	7.18	7.18	7.18	120
865	2019-04-17	6.4	6.4	6.4	6.4	400
866	2019-04-18	7.29	7.29	7.29	7.29	100
867	2019-04-19	8.29	8.29	8.29	8.29	100
868	2019-04-22	8.29	8.29	8.29	8.29	0
869	2019-04-23	9.46	9.46	9.46	9.46	100
870	2019-04-24	8.07	8.07	8.07	8.07	510
871	2019-04-25	8.07	8.07	8.07	8.07	0
872	2019-04-26	6.9	6.9	6.9	6.9	110
873	2019-05-02	6.9	6.9	6.9	6.9	0
874	2019-05-03	6.9	6.9	6.9	6.9	180
875	2019-05-06	6.9	6.9	6.9	6.9	100
876	2019-05-07	6.23	6.23	6.23	6.23	570
877	2019-05-08	5.34	5.34	5.34	5.34	220
878	2019-05-09	5.34	5.34	5.34	5.34	0
879	2019-05-10	6.12	6.12	4.84	6.12	500
880	2019-05-13	6.12	6.12	6.12	6.12	100
881	2019-05-14	6.73	7.01	6.73	7.01	800
882	2019-05-15	6.18	6.18	6.18	6.18	140
883	2019-05-16	6.68	6.68	6.68	6.68	936
884	2019-05-17	6.68	6.68	6.68	6.68	0
885	2019-05-20	6.68	6.68	6.68	6.68	0
886	2019-05-21	5.68	5.84	5.68	5.84	300
887	2019-05-22	6.62	6.62	6.62	6.62	300
888	2019-05-23	7.57	7.57	7.57	7.57	100
889	2019-05-24	7.57	7.57	7.57	7.57	0
890	2019-05-27	8.63	8.63	8.63	8.63	100
891	2019-05-28	8.85	8.85	8.85	8.85	100
892	2019-05-29	8.85	8.85	8.85	8.85	0
893	2019-05-30	10.07	10.07	10.07	10.07	250
894	2019-05-31	10.07	10.07	10.07	10.07	0
895	2019-06-03	10.07	10.07	10.07	10.07	0
896	2019-06-04	10.07	10.07	10.07	10.07	0
897	2019-06-05	10.07	10.07	10.07	10.07	0
898	2019-06-06	10.07	10.07	10.07	10.07	0
899	2019-06-07	10.07	10.07	10.07	10.07	0
900	2019-06-10	10.07	10.07	10.07	10.07	0
901	2019-06-11	10.07	10.07	10.07	10.07	0
902	2019-06-12	10.07	10.07	10.07	10.07	0
903	2019-06-13	10.07	10.07	10.07	10.07	0
904	2019-06-14	10.07	10.07	10.07	10.07	0
905	2019-06-17	10.07	10.07	10.07	10.07	0
906	2019-06-18	10.07	10.07	10.07	10.07	0
907	2019-06-19	10.07	10.07	10.07	10.07	0
908	2019-06-20	10.07	10.07	10.07	10.07	0
909	2019-06-21	10.07	10.07	10.07	10.07	0
910	2019-06-24	10.07	10.07	10.07	10.07	0
911	2019-06-25	10.07	10.07	10.07	10.07	0
912	2019-06-26	10.07	10.07	10.07	10.07	0
913	2019-06-27	10.07	10.07	10.07	10.07	0
914	2019-06-28	10.07	10.07	10.07	10.07	0
915	2019-07-01	10.07	10.07	10.07	10.07	0
916	2019-07-02	10.07	10.07	10.07	10.07	0
917	2019-07-03	10.07	10.07	10.07	10.07	0
918	2019-07-04	10.07	10.07	10.07	10.07	0
919	2019-07-05	10.07	10.07	10.07	10.07	0
920	2019-07-08	10.07	10.07	10.07	10.07	0
921	2019-07-09	10.07	10.07	10.07	10.07	0
922	2019-07-10	10.07	10.07	10.07	10.07	0
923	2019-07-11	10.07	10.07	10.07	10.07	0
924	2019-07-12	8.57	8.57	8.57	8.57	500
925	2019-07-15	7.68	7.68	7.29	7.29	710
926	2019-07-16	7.35	7.29	7.29	7.29	0
927	2019-07-17	7.35	7.29	7.29	7.29	0
928	2019-07-18	7.35	8.35	7.07	8.35	600
929	2019-07-19	7.18	7.23	7.18	7.23	1400
930	2019-07-22	6.4	6.51	6.4	6.4	2508
931	2019-07-23	6.07	6.07	6.07	6.07	100
932	2019-07-24	6.18	6.18	6.18	6.18	1500
933	2019-07-25	6.18	6.18	6.18	6.18	0
934	2019-07-26	7.07	7.07	7.07	7.07	100
935	2019-07-29	8.07	8.07	8.07	8.07	100
936	2019-07-30	8.1	8.1	8.1	8.1	1000
937	2019-07-31	8.1	8.1	8.1	8.1	0
938	2019-08-01	9.21	9.21	6.92	6.92	800
939	2019-08-02	8.96	8.96	8.96	8.96	100
940	2019-08-05	8.96	8.96	8.96	8.96	0
941	2019-08-06	8.96	8.96	8.96	8.96	0
942	2019-08-07	8.96	8.96	8.96	8.96	0
943	2019-08-08	8.96	8.96	8.96	8.96	0
944	2019-08-09	8.96	8.96	8.96	8.96	0
945	2019-08-12	8.96	8.96	8.96	8.96	0
946	2019-08-13	8.96	8.96	8.96	8.96	0
947	2019-08-14	8.96	8.96	8.96	8.96	100
948	2019-08-15	8.96	8.96	8.96	8.96	0
949	2019-08-16	8.96	8.96	8.96	8.96	0
950	2019-08-19	8.96	8.96	8.96	8.96	0
951	2019-08-20	8.96	8.96	8.96	8.96	0
952	2019-08-21	8.96	8.96	8.96	8.96	0
953	2019-08-22	8.96	8.96	8.96	8.96	0
954	2019-08-23	8.96	8.96	8.96	8.96	0
955	2019-08-26	8.28	8.28	8.28	8.28	100
956	2019-08-27	8.28	8.28	8.28	8.28	0
957	2019-08-28	8.28	8.28	8.28	8.28	0
958	2019-08-29	7.05	7.05	7.05	7.05	1110
959	2019-08-30	7.05	7.05	7.05	7.05	10
960	2019-09-03	6.24	6.49	6.06	6.49	2900
961	2019-09-04	6.24	6.49	6.49	6.49	0
962	2019-09-05	6.24	6.24	6.24	6.49	50
963	2019-09-06	6.74	6.74	6.74	6.74	100
964	2019-09-09	6.86	6.86	6.86	6.86	100
965	2019-09-10	6.86	6.86	6.86	6.86	0
966	2019-09-11	6.92	6.92	6.8	6.8	300
967	2019-09-12	7.54	7.54	7.54	7.54	100
968	2019-09-13	7.54	7.54	7.54	7.54	0
969	2019-09-16	7.54	7.54	7.54	7.54	0
970	2019-09-17	7.54	7.54	7.54	7.54	0
971	2019-09-18	7.54	7.54	7.54	7.54	0
972	2019-09-19	7.54	7.54	7.54	7.54	0
973	2019-09-20	7.54	7.54	7.54	7.54	0
974	2019-09-23	7.54	7.54	7.54	7.54	0
975	2019-09-24	7.54	7.54	7.54	7.54	0
976	2019-09-25	7.54	7.54	7.54	7.54	0
977	2019-09-26	6.43	6.43	6.43	6.43	700
978	2019-09-27	6.43	6.43	6.43	6.43	0
979	2019-09-30	6.92	6.92	6.92	6.92	300
980	2019-10-01	6.92	6.92	6.92	6.92	0
981	2019-10-02	6.86	6.98	6.86	6.98	200
982	2019-10-03	6.92	6.98	6.98	6.98	0
983	2019-10-04	6.8	6.8	6.8	6.8	200
984	2019-10-07	6.8	6.8	6.8	6.8	0
985	2019-10-08	6.8	6.8	6.8	6.8	0
986	2019-10-09	6.98	6.98	6.49	6.49	1582
987	2019-10-10	6.68	6.49	6.49	6.49	0
988	2019-10-11	6.68	6.49	6.49	6.49	0
989	2019-10-14	6.18	6.18	5.75	6.18	15200
990	2019-10-15	6.18	6.18	6.18	6.18	8077
991	2019-10-16	6.18	6.18	6.18	6.18	100
992	2019-10-17	6.18	6.86	6.18	6.86	700
993	2019-10-18	6.55	6.86	6.86	6.86	0
994	2019-10-21	6.55	6.86	6.86	6.86	0
995	2019-10-22	6.55	6.86	6.86	6.86	0
996	2019-10-23	7.29	7.29	7.29	7.29	150
997	2019-10-24	7.29	7.29	7.29	7.29	0
998	2019-10-25	6.24	6.24	6.24	6.24	100
999	2019-10-28	6.24	6.24	6.24	6.24	0
1000	2019-10-29	6.24	6.24	6.24	6.24	0
1001	2019-10-30	6.24	6.24	6.24	6.24	0
1002	2019-10-31	6.24	6.24	6.24	6.24	0
1003	2019-11-01	6.24	6.24	6.24	6.24	0
1004	2019-11-04	6.24	6.24	6.24	6.24	0
1005	2019-11-05	6.24	6.24	6.24	6.24	0
1006	2019-11-06	6.24	6.24	6.24	6.24	0
1007	2019-11-07	6.24	6.24	6.24	6.24	0
1008	2019-11-08	6.24	6.24	6.24	6.24	0
1009	2019-11-11	6.98	6.98	6.98	6.98	100
1010	2019-11-12	6.98	6.98	6.98	6.98	0
1011	2019-11-13	6.98	6.98	6.98	6.98	0
1012	2019-11-14	6.98	6.98	6.98	6.98	0
1013	2019-11-15	6.98	6.98	6.98	6.98	0
1014	2019-11-18	6.98	6.98	6.98	6.98	0
1015	2019-11-19	6.98	6.98	6.98	6.98	0
1016	2019-11-20	6.98	6.98	6.98	6.98	0
1017	2019-11-21	6.98	6.98	6.98	6.98	0
1018	2019-11-22	6.98	6.98	6.98	6.98	0
1019	2019-11-25	6.98	6.98	6.98	6.98	0
1020	2019-11-26	6.98	6.98	6.98	6.98	0
1021	2019-11-27	6.98	6.98	6.98	6.98	0
1022	2019-11-28	6.98	6.98	6.98	6.98	0
1023	2019-11-29	6.98	6.98	6.98	6.98	0
1024	2019-12-02	6.98	6.98	6.98	6.98	0
1025	2019-12-03	6.98	6.98	6.98	6.98	0
1026	2019-12-04	6.98	6.98	6.98	6.98	0
1027	2019-12-05	6.98	6.98	6.98	6.98	0
1028	2019-12-06	6.98	6.98	6.98	6.98	0
1029	2019-12-09	6.98	6.98	6.98	6.98	0
1030	2019-12-10	6.98	6.98	6.98	6.98	0
1031	2019-12-11	6.3	6.3	6.0	6.0	1450
1032	2019-12-12	6.06	6.06	6.06	6.0	40
1033	2019-12-13	6.06	6.0	6.0	6.0	0
1034	2019-12-16	6.06	6.0	6.0	6.0	0
1035	2019-12-17	6.06	6.0	6.0	6.0	0
1036	2019-12-18	6.8	6.8	6.8	6.8	100
1037	2019-12-19	6.8	6.8	6.8	6.8	0
1038	2019-12-20	6.8	6.8	6.8	6.8	0
1039	2019-12-23	6.8	6.8	6.8	6.8	0
1040	2019-12-24	6.8	6.8	6.8	6.8	0
1041	2019-12-25	6.8	6.8	6.8	6.8	8
1042	2019-12-26	6.8	6.8	6.8	6.8	0
1043	2019-12-27	6.8	6.8	6.8	6.8	0
1044	2019-12-30	6.8	6.8	6.8	6.8	0
1045	2019-12-31	6.8	6.8	6.8	6.8	0
1046	2020-01-02	6.8	6.8	6.8	6.8	0
1047	2020-01-03	6.8	6.8	6.8	6.8	0
1048	2020-01-06	6.8	6.8	6.8	6.8	39
1049	2020-01-07	6.8	6.8	6.8	6.8	0
1050	2020-01-08	6.8	6.8	6.8	6.8	0
1051	2020-01-09	7.29	7.29	7.29	7.29	101
1052	2020-01-10	7.29	7.29	7.29	7.29	0
1053	2020-01-13	7.29	7.29	7.29	7.29	0
1054	2020-01-14	7.29	7.29	7.29	7.29	0
1055	2020-01-15	7.29	7.29	7.29	7.29	0
1056	2020-01-16	6.24	6.24	6.24	6.24	100
1057	2020-01-17	6.24	6.24	6.24	6.24	0
1058	2020-01-20	6.24	6.24	6.24	6.24	0
1059	2020-01-21	5.44	5.44	5.44	5.44	100
1060	2020-01-22	5.44	5.44	5.44	5.44	0
1061	2020-01-30	5.44	5.44	5.44	5.44	0
1062	2020-01-31	5.44	5.44	5.44	5.44	0
1063	2020-02-03	5.44	5.44	5.44	5.44	0
1064	2020-02-04	5.44	5.44	5.44	5.44	0
1065	2020-02-05	5.44	5.44	5.44	5.44	0
1066	2020-02-06	6.24	6.24	6.24	6.24	100
1067	2020-02-07	6.24	6.24	6.24	6.24	0
1068	2020-02-10	6.24	6.24	6.24	6.24	0
1069	2020-02-11	6.24	6.24	6.24	6.24	0
1070	2020-02-12	6.24	6.24	6.24	6.24	14
1071	2020-02-13	7.17	7.17	7.17	7.17	100
1072	2020-02-14	7.17	7.17	7.17	7.17	0
1073	2020-02-17	7.17	7.17	7.17	7.17	0
1074	2020-02-18	8.04	8.04	8.04	8.04	100
1075	2020-02-19	8.04	8.04	8.04	8.04	0
1076	2020-02-20	8.04	8.04	8.04	8.04	0
1077	2020-02-21	8.04	8.04	8.04	8.04	0
1078	2020-02-24	8.04	8.04	8.04	8.04	0
1079	2020-02-25	8.04	8.04	8.04	8.04	0
1080	2020-02-26	8.04	8.04	8.04	8.04	0
1081	2020-02-27	8.04	8.04	8.04	8.04	0
1082	2020-02-28	8.04	8.04	8.04	8.04	0
1083	2020-03-02	8.04	8.04	8.04	8.04	0
1084	2020-03-03	8.04	8.04	8.04	8.04	0
1085	2020-03-04	8.04	8.04	8.04	8.04	0
1086	2020-03-05	8.04	8.04	8.04	8.04	15
1087	2020-03-06	8.04	8.04	8.04	8.04	0
1088	2020-03-09	8.04	8.04	8.04	8.04	0
1089	2020-03-10	8.04	8.04	8.04	8.04	0
1090	2020-03-11	8.04	8.04	8.04	8.04	0
1091	2020-03-12	8.04	8.04	8.04	8.04	0
1092	2020-03-13	8.04	8.04	8.04	8.04	0
1093	2020-03-16	8.04	8.04	8.04	8.04	0
1094	2020-03-17	8.04	8.04	8.04	8.04	0
1095	2020-03-18	8.04	8.04	8.04	8.04	0
1096	2020-03-19	8.04	8.04	8.04	8.04	0
1097	2020-03-20	8.04	8.04	8.04	8.04	0
1098	2020-03-23	8.04	8.04	8.04	8.04	0
1099	2020-03-24	8.04	8.04	8.04	8.04	0
1100	2020-03-25	8.04	8.04	8.04	8.04	0
1101	2020-03-26	8.04	8.04	8.04	8.04	0
1102	2020-03-27	8.04	8.04	8.04	8.04	0
1103	2020-03-30	8.04	8.04	8.04	8.04	0
1104	2020-03-31	8.04	8.04	8.04	8.04	0
1105	2020-04-01	8.04	8.04	8.04	8.04	0
1106	2020-04-03	8.04	8.04	8.04	8.04	0
1107	2020-04-06	8.04	8.04	8.04	8.04	0
1108	2020-04-07	8.04	8.04	8.04	8.04	0
1109	2020-04-08	8.04	8.04	8.04	8.04	0
1110	2020-04-09	8.04	8.04	8.04	8.04	0
1111	2020-04-10	8.04	8.04	8.04	8.04	0
1112	2020-04-13	8.04	8.04	8.04	8.04	0
1113	2020-04-14	8.04	8.04	8.04	8.04	0
1114	2020-04-15	6.18	6.18	6.18	6.18	200
1115	2020-04-16	6.18	6.18	6.18	6.18	0
1116	2020-04-17	6.18	6.18	6.18	6.18	0
1117	2020-04-20	6.18	6.18	6.18	6.18	0
1118	2020-04-21	5.87	5.87	5.87	5.87	200
1119	2020-04-22	6.74	6.74	6.74	6.74	100
1120	2020-04-23	6.74	6.74	6.74	6.74	0
1121	2020-04-24	6.74	6.74	6.74	6.74	0
1122	2020-04-27	7.73	7.73	7.73	7.73	100
1123	2020-04-28	7.73	7.73	7.73	7.73	0
1124	2020-04-29	7.73	7.73	7.73	7.73	0
1125	2020-05-04	7.73	7.73	7.73	7.73	0
1126	2020-05-05	7.73	7.73	7.73	7.73	0
1127	2020-05-06	8.84	8.84	8.84	8.84	100
1128	2020-05-07	8.84	8.84	8.84	8.84	0
1129	2020-05-08	8.84	8.84	8.84	8.84	0
1130	2020-05-11	8.84	8.84	8.84	8.84	0
1131	2020-05-12	8.84	8.84	8.84	8.84	0
1132	2020-05-13	8.84	8.84	8.84	8.84	0
1133	2020-05-14	8.84	8.84	8.84	8.84	0
1134	2020-05-15	8.84	8.84	8.84	8.84	0
1135	2020-05-18	8.84	8.84	8.84	8.84	0
1136	2020-05-19	8.84	8.84	8.84	8.84	0
1137	2020-05-20	8.84	8.84	8.84	8.84	0
1138	2020-05-21	8.84	8.84	8.84	8.84	0
1139	2020-05-22	8.84	8.84	8.84	8.84	0
1140	2020-05-25	8.84	8.84	8.84	8.84	0
1141	2020-05-26	8.84	8.84	8.84	8.84	0
1142	2020-05-27	8.84	8.84	8.84	8.84	0
1143	2020-05-28	8.84	8.84	8.84	8.84	0
1144	2020-05-29	8.84	8.84	8.84	8.84	0
1145	2020-06-01	10.14	10.14	10.14	10.14	100
1146	2020-06-02	10.14	10.14	10.14	10.14	0
1147	2020-06-03	10.14	10.14	10.14	10.14	0
1148	2020-06-04	10.14	10.14	10.14	10.14	0
1149	2020-06-05	10.14	10.14	10.14	10.14	0
1150	2020-06-08	10.14	10.14	10.14	10.14	0
1151	2020-06-09	10.14	10.14	10.14	10.14	0
1152	2020-06-10	10.14	10.14	10.14	10.14	0
1153	2020-06-11	10.14	10.14	10.14	10.14	0
1154	2020-06-12	10.14	10.14	10.14	10.14	0
1155	2020-06-15	10.14	10.14	10.14	10.14	0
1156	2020-06-16	10.14	10.14	10.14	10.14	0
1157	2020-06-17	10.14	10.14	10.14	10.14	0
1158	2020-06-18	10.14	10.14	10.14	10.14	0
1159	2020-06-19	10.14	10.14	10.14	10.14	0
1160	2020-06-22	10.14	10.14	10.14	10.14	0
1161	2020-06-23	10.14	10.14	10.14	10.14	0
1162	2020-06-24	10.14	10.14	10.14	10.14	0
1163	2020-06-25	10.14	10.14	10.14	10.14	0
1164	2020-06-26	10.14	10.14	10.14	10.14	0
1165	2020-06-29	10.14	10.14	10.14	10.14	0
1166	2020-06-30	10.14	10.14	10.14	10.14	0
1167	2020-07-01	10.14	10.14	10.14	10.14	0
1168	2020-07-02	10.14	10.14	10.14	10.14	0
1169	2020-07-03	10.14	10.14	10.14	10.14	0
1170	2020-07-06	10.14	10.14	10.14	10.14	0
1171	2020-07-07	10.14	10.14	10.14	10.14	0
1172	2020-07-08	6.18	6.18	6.18	6.18	1100
1173	2020-07-09	5.93	6.18	5.93	6.18	1312
1174	2020-07-10	6.18	6.18	6.18	6.18	200
1175	2020-07-13	6.18	6.18	6.18	6.18	300
1176	2020-07-14	6.24	6.3	6.24	6.24	2550
1177	2020-07-15	6.24	6.24	6.24	6.24	100
1178	2020-07-16	6.24	6.24	6.24	6.24	0
1179	2020-07-17	6.24	6.24	6.24	6.24	23
1180	2020-07-20	6.24	6.24	6.24	6.24	2
1181	2020-07-21	6.37	6.37	6.37	6.37	282
1182	2020-07-22	6.37	6.37	6.37	6.37	0
1183	2020-07-23	6.43	6.43	6.43	6.43	500
1184	2020-07-24	6.43	6.43	6.43	6.43	0
1185	2020-07-27	6.43	6.43	6.43	6.43	0
1186	2020-07-28	6.43	6.43	6.43	6.43	300
1187	2020-07-29	6.43	6.43	6.43	6.43	0
1188	2020-07-30	6.43	6.43	6.43	6.43	8
1189	2020-07-31	6.43	6.43	6.43	6.43	0
1190	2020-08-03	6.43	6.43	6.43	6.43	0
1191	2020-08-04	6.43	6.43	6.43	6.43	0
1192	2020-08-05	6.36	6.36	6.36	6.36	100
1193	2020-08-06	6.36	6.36	6.36	6.36	0
1194	2020-08-07	6.36	6.36	6.36	6.36	0
1195	2020-08-10	6.36	6.36	6.36	6.36	0
1196	2020-08-11	6.36	6.36	6.36	6.36	0
1197	2020-08-12	6.36	6.36	6.36	6.36	0
1198	2020-08-13	6.36	6.36	6.36	6.36	0
1199	2020-08-14	6.36	6.36	6.36	6.36	0
1200	2020-08-17	6.36	6.36	6.36	6.36	0
1201	2020-08-18	6.36	6.36	6.36	6.36	0
1202	2020-08-19	6.36	6.36	6.36	6.36	0
1203	2020-08-20	7.27	7.27	7.27	7.27	105
1204	2020-08-21	7.27	7.27	7.27	7.27	0
1205	2020-08-24	7.27	7.27	7.27	7.27	0
1206	2020-08-25	7.27	7.27	7.27	7.27	0
1207	2020-08-26	6.43	6.43	6.43	6.43	400
1208	2020-08-27	6.5	6.5	6.43	6.43	500
1209	2020-08-28	6.43	6.43	6.43	6.43	0
1210	2020-08-31	6.43	6.43	6.43	6.43	0
1211	2020-09-01	6.43	6.43	6.43	6.43	0
1212	2020-09-03	7.34	7.34	7.34	7.34	100
1213	2020-09-04	7.34	7.34	7.34	7.34	0
1214	2020-09-07	7.34	7.34	7.34	7.34	0
1215	2020-09-08	7.34	7.34	7.34	7.34	0
1216	2020-09-09	7.34	7.34	7.34	7.34	0
1217	2020-09-10	7.34	7.34	7.34	7.34	0
1218	2020-09-11	7.34	7.34	7.34	7.34	0
1219	2020-09-14	7.34	7.34	7.34	7.34	0
1220	2020-09-15	7.34	7.34	7.34	7.34	0
1221	2020-09-16	7.34	7.34	7.34	7.34	0
1222	2020-09-17	7.34	7.34	7.34	7.34	0
1223	2020-09-18	7.34	7.34	7.34	7.34	0
1224	2020-09-21	7.34	7.34	7.34	7.34	0
1225	2020-09-22	7.34	7.34	7.34	7.34	0
1226	2020-09-23	7.34	7.34	7.34	7.34	0
1227	2020-09-24	7.34	7.34	7.34	7.34	0
1228	2020-09-25	7.34	7.34	7.34	7.34	0
1229	2020-09-28	7.34	7.34	7.34	7.34	0
1230	2020-09-29	6.64	7.34	6.64	7.34	300
1231	2020-09-30	6.85	7.34	7.34	7.34	0
1232	2020-10-01	6.85	7.34	7.34	7.34	0
1233	2020-10-02	6.85	7.34	7.34	7.34	0
1234	2020-10-05	6.85	7.34	7.34	7.34	0
1235	2020-10-06	6.85	7.34	7.34	7.34	0
1236	2020-10-07	6.99	6.99	6.99	6.99	300
1237	2020-10-08	6.99	6.99	6.99	6.99	0
1238	2020-10-09	6.99	6.99	6.99	6.99	0
1239	2020-10-12	6.99	6.99	6.99	6.99	0
1240	2020-10-13	6.99	6.99	6.99	6.99	0
1241	2020-10-14	6.99	6.99	6.99	6.99	0
1242	2020-10-15	6.99	6.99	6.99	6.99	0
1243	2020-10-16	6.99	6.99	6.99	6.99	0
1244	2020-10-19	6.99	6.99	6.99	6.99	0
1245	2020-10-20	6.99	6.99	6.99	6.99	0
1246	2020-10-21	6.99	6.99	6.99	6.99	0
1247	2020-10-22	6.99	6.99	6.99	6.99	0
1248	2020-10-23	6.99	6.99	6.99	6.99	0
1249	2020-10-26	6.99	6.99	6.99	6.99	0
1250	2020-10-27	6.99	6.99	6.99	6.99	0
1251	2020-10-28	6.99	6.99	6.99	6.99	0
1252	2020-10-29	6.99	6.99	6.99	6.99	0
1253	2020-10-30	6.99	6.99	6.99	6.99	0
1254	2020-11-02	6.99	6.99	6.99	6.99	0
1255	2020-11-03	6.99	6.99	6.99	6.99	0
1256	2020-11-04	6.99	6.99	6.99	6.99	0
1257	2020-11-05	6.99	6.99	6.99	6.99	1800
1258	2020-11-06	6.99	6.99	6.99	6.99	600
1259	2020-11-09	6.99	6.99	6.99	6.99	1900
1260	2020-11-10	6.99	6.99	6.99	6.99	0
1261	2020-11-11	6.99	6.99	6.99	6.99	0
1262	2020-11-12	6.99	6.99	6.99	6.99	0
1263	2020-11-13	6.99	6.99	6.99	6.99	0
1264	2020-11-16	6.99	6.99	6.99	6.99	0
1265	2020-11-17	6.99	6.99	6.99	6.99	0
1266	2020-11-18	6.99	6.99	6.99	6.99	0
1267	2020-11-19	6.99	6.99	6.99	6.99	0
1268	2020-11-20	6.92	6.92	6.92	6.92	100
1269	2020-11-23	6.92	6.92	6.92	6.92	0
1270	2020-11-24	6.92	6.92	6.92	6.92	0
1271	2020-11-25	6.92	6.92	6.92	6.92	0
1272	2020-11-26	6.92	6.92	6.92	6.92	0
1273	2020-11-27	6.92	6.92	6.92	6.92	0
1274	2020-11-30	6.92	6.92	6.36	6.36	200
1275	2020-12-01	6.64	6.36	6.36	6.36	0
1276	2020-12-02	6.64	6.36	6.36	6.36	0
1277	2020-12-03	6.92	6.92	6.92	6.92	100
1278	2020-12-04	6.92	6.92	6.92	6.92	0
1279	2020-12-07	6.92	6.92	6.92	6.92	0
1280	2020-12-08	6.92	6.92	6.92	6.92	0
1281	2020-12-09	6.29	6.29	6.29	6.29	100
1282	2020-12-10	6.29	6.29	6.29	6.29	0
1283	2020-12-11	6.99	6.99	6.99	6.99	100
1284	2020-12-14	6.85	6.85	6.78	6.78	1000
1285	2020-12-15	6.71	6.71	6.71	6.71	500
1286	2020-12-16	6.71	6.71	6.71	6.71	0
1287	2020-12-17	5.73	5.73	5.73	5.73	100
1288	2020-12-18	6.57	6.57	6.57	6.57	100
1289	2020-12-21	6.57	6.57	6.57	6.57	0
1290	2020-12-22	6.99	6.99	6.99	6.99	100
1291	2020-12-23	8.04	8.04	8.04	8.04	100
1292	2020-12-24	8.04	8.04	8.04	8.04	0
1293	2020-12-25	8.04	8.04	8.04	8.04	0
1294	2020-12-28	8.04	8.04	8.04	8.04	0
1295	2020-12-29	6.85	6.85	6.85	6.85	200
1296	2020-12-30	6.22	6.22	6.22	6.22	100
1297	2020-12-31	7.13	7.13	7.13	7.13	100
1298	2021-01-04	7.13	7.13	7.13	7.13	100
1299	2021-01-05	7.13	7.13	7.13	7.13	0
1300	2021-01-06	7.13	7.13	7.13	7.13	0
1301	2021-01-07	7.13	7.13	7.13	7.13	0
1302	2021-01-08	7.13	7.13	7.13	7.13	0
1303	2021-01-11	7.13	7.13	7.13	7.13	0
1304	2021-01-12	8.17	8.17	8.17	8.17	100
1305	2021-01-13	8.17	8.17	8.17	8.17	0
1306	2021-01-14	6.99	6.99	6.99	6.99	100
1307	2021-01-15	8.04	8.04	8.04	8.04	200
1308	2021-01-18	8.04	8.04	8.04	8.04	0
1309	2021-01-19	6.99	6.99	6.99	6.99	9700
1310	2021-01-20	6.99	6.99	6.99	6.99	38
1311	2021-01-21	6.99	6.99	6.99	6.99	0
1312	2021-01-22	6.99	6.99	6.99	6.99	0
1313	2021-01-25	6.99	6.99	6.99	6.99	0
1314	2021-01-26	6.99	6.99	6.99	6.99	0
1315	2021-01-27	7.97	7.97	7.97	7.97	400
1316	2021-01-28	6.78	6.78	6.78	6.78	200
1317	2021-01-29	6.78	6.78	6.78	6.78	0
1318	2021-02-01	6.78	6.78	6.78	6.78	0
1319	2021-02-02	6.78	6.78	6.78	6.78	0
1320	2021-02-03	6.78	6.78	6.78	6.78	0
1321	2021-02-04	6.78	6.78	6.78	6.78	0
1322	2021-02-05	6.78	6.78	6.78	6.78	0
1323	2021-02-08	6.78	6.78	6.78	6.78	0
1324	2021-02-09	6.78	6.78	6.78	6.78	0
1325	2021-02-17	6.78	6.78	6.78	6.78	0
1326	2021-02-18	6.78	6.78	6.78	6.78	0
1327	2021-02-19	6.78	6.78	6.78	6.78	0
1328	2021-02-22	6.78	6.78	6.78	6.78	0
1329	2021-02-23	6.78	6.78	6.78	6.78	2
1330	2021-02-24	6.78	6.78	6.78	6.78	0
1331	2021-02-25	6.78	6.78	6.78	6.78	0
1332	2021-02-26	6.78	6.78	6.78	6.78	0
1333	2021-03-01	6.78	6.78	6.78	6.78	0
1334	2021-03-02	6.78	6.78	6.78	6.78	0
1335	2021-03-03	6.78	6.78	6.78	6.78	0
1336	2021-03-04	6.01	6.01	6.01	6.01	100
1337	2021-03-05	6.85	6.85	6.85	6.85	400
1338	2021-03-08	7.13	7.13	7.13	7.13	1200
1339	2021-03-09	7.13	7.13	7.13	7.13	0
1340	2021-03-10	7.13	7.13	7.13	7.13	0
1341	2021-03-11	7.13	7.13	7.13	7.13	0
1342	2021-03-12	8.04	8.04	8.04	8.04	100
1343	2021-03-15	8.04	8.04	8.04	8.04	0
1344	2021-03-16	8.04	8.04	8.04	8.04	0
1345	2021-03-17	8.04	8.04	8.04	8.04	0
1346	2021-03-18	9.08	9.08	9.08	9.08	100
1347	2021-03-19	9.08	9.08	9.08	9.08	8
1348	2021-03-22	9.08	9.08	9.08	9.08	100
1349	2021-03-23	9.08	9.08	9.08	9.08	0
1350	2021-03-24	9.08	9.08	9.08	9.08	3
1351	2021-03-25	9.08	9.08	9.08	9.08	100
1352	2021-03-26	9.08	9.08	9.08	9.08	0
1353	2021-03-29	9.08	9.08	9.08	9.08	0
1354	2021-03-30	9.08	9.08	9.08	9.08	0
1355	2021-03-31	9.08	9.08	9.08	9.08	0
1356	2021-04-01	9.08	9.08	9.08	9.08	100
1357	2021-04-02	9.08	9.08	9.08	9.08	0
1358	2021-04-05	9.08	9.08	9.08	9.08	0
1359	2021-04-06	9.08	9.08	9.08	9.08	0
1360	2021-04-07	9.08	9.08	9.08	9.08	0
1361	2021-04-08	9.08	9.08	9.08	9.08	0
1362	2021-04-09	9.08	9.08	9.08	9.08	0
1363	2021-04-12	8.38	8.38	8.38	8.38	100
1364	2021-04-13	8.38	8.38	8.38	8.38	0
1365	2021-04-14	8.38	8.38	8.38	8.38	100
1366	2021-04-15	8.38	8.38	8.38	8.38	0
1367	2021-04-16	8.38	8.38	8.38	8.38	100
1368	2021-04-19	8.38	8.38	8.38	8.38	0
1369	2021-04-20	8.38	8.38	8.38	8.38	0
1370	2021-04-22	8.38	8.38	8.38	8.38	0
1371	2021-04-23	8.38	8.38	8.38	8.38	0
1372	2021-04-26	7.13	7.13	7.13	7.13	200
1373	2021-04-27	7.13	7.13	7.13	7.13	0
1374	2021-04-28	7.13	7.13	7.13	7.13	0
1375	2021-04-29	8.04	8.04	8.04	8.04	100
1376	2021-05-04	8.04	8.04	8.04	8.04	0
1377	2021-05-05	8.04	8.04	8.04	8.04	0
1378	2021-05-06	8.04	8.04	8.04	8.04	0
1379	2021-05-07	8.04	8.04	8.04	8.04	0
1380	2021-05-10	8.04	8.04	8.04	8.04	400
1381	2021-05-11	8.04	8.04	8.04	8.04	0
1382	2021-05-12	8.04	8.04	8.04	8.04	0
1383	2021-05-13	8.04	8.04	8.04	8.04	0
1384	2021-05-14	8.04	8.04	8.04	8.04	0
1385	2021-05-17	8.38	8.38	8.38	8.38	500
1386	2021-05-18	8.38	8.38	8.38	8.38	0
1387	2021-05-19	8.38	8.38	8.38	8.38	0
1388	2021-05-20	8.38	8.38	8.38	8.38	0
1389	2021-05-21	9.64	9.64	9.08	9.08	5400
1390	2021-05-24	9.5	9.08	9.08	9.08	0
1391	2021-05-25	9.5	9.08	9.08	9.08	0
1392	2021-05-26	9.5	9.08	9.08	9.08	0
1393	2021-05-27	9.5	9.08	9.08	9.08	0
1394	2021-05-28	9.5	9.08	9.08	9.08	0
1395	2021-05-31	8.11	8.11	8.11	8.11	500
1396	2021-06-01	8.11	8.11	8.11	8.11	100
1397	2021-06-02	8.11	8.11	8.11	8.11	300
1398	2021-06-03	8.11	8.11	8.11	8.11	0
1399	2021-06-04	8.11	8.11	8.11	8.11	0
1400	2021-06-07	8.11	8.11	8.11	8.11	0
1401	2021-06-08	8.11	8.11	8.11	8.11	0
1402	2021-06-09	8.11	8.11	8.11	8.11	0
1403	2021-06-10	8.11	8.11	8.11	8.11	0
1404	2021-06-11	8.11	8.11	8.11	8.11	0
1405	2021-06-14	8.11	8.11	8.11	8.11	0
1406	2021-06-15	8.11	8.11	8.11	8.11	0
1407	2021-06-16	8.11	8.11	8.11	8.11	0
1408	2021-06-17	8.11	8.11	8.11	8.11	0
1409	2021-06-18	8.11	8.11	8.11	8.11	0
1410	2021-06-21	8.11	8.11	8.11	8.11	0
1411	2021-06-22	8.11	8.38	8.11	8.38	3100
1412	2021-06-23	8.73	8.73	8.73	8.73	2000
1413	2021-06-24	8.73	8.73	8.73	8.73	200
1414	2021-06-25	8.73	8.73	8.73	8.73	1400
1415	2021-06-28	8.38	8.52	8.38	8.38	7700
1416	2021-06-29	8.59	8.73	8.59	8.73	2000
1417	2021-06-30	8.66	8.66	8.66	8.66	100
1418	2021-07-01	8.66	8.66	8.66	8.66	0
1419	2021-07-02	8.66	8.66	8.66	8.66	0
1420	2021-07-05	8.73	8.73	8.73	8.73	2000
1421	2021-07-06	9.99	9.99	9.99	9.99	1400
1422	2021-07-07	9.99	9.99	9.99	9.99	0
1423	2021-07-08	9.08	9.08	9.08	9.08	200
1424	2021-07-09	8.73	9.08	8.73	9.08	300
1425	2021-07-12	9.08	9.08	8.87	9.08	2740
1426	2021-07-13	9.43	9.43	9.08	9.08	8303
1427	2021-07-14	9.08	9.22	9.01	9.08	14600
1428	2021-07-15	9.48	9.48	8.69	8.69	2500
1429	2021-07-16	8.61	8.61	8.61	8.61	238
1430	2021-07-19	8.29	8.29	7.9	7.9	3500
1431	2021-07-20	8.69	8.69	8.69	8.69	100
1432	2021-07-21	8.69	8.69	8.69	8.69	0
1433	2021-07-22	9.08	9.08	9.08	9.08	100
1434	2021-07-23	9.08	9.08	9.08	9.08	0
1435	2021-07-26	9.08	9.08	9.08	9.08	0
1436	2021-07-27	9.08	9.08	9.08	9.08	0
1437	2021-07-28	9.08	9.08	9.08	9.08	0
1438	2021-07-29	9.08	9.08	9.08	9.08	0
1439	2021-07-30	9.08	9.08	9.08	9.08	0
1440	2021-08-02	8.61	8.61	8.06	8.06	300
1441	2021-08-03	8.06	8.06	7.9	7.9	2300
1442	2021-08-04	7.9	7.9	7.66	7.9	3300
1443	2021-08-05	7.82	7.9	7.9	7.9	0
1444	2021-08-06	7.9	8.14	7.9	8.14	400
1445	2021-08-09	8.14	8.29	8.14	8.22	1300
1446	2021-08-10	8.29	8.53	8.29	8.53	5500
1447	2021-08-11	8.69	8.69	8.53	8.69	2100
1448	2021-08-12	8.77	8.85	8.77	8.85	2000
1449	2021-08-13	8.93	8.93	8.93	8.93	1000
1450	2021-08-16	8.93	8.93	8.93	8.93	1000
1451	2021-08-17	8.93	8.93	8.93	8.93	0
1452	2021-08-18	8.93	8.93	8.93	8.93	0
1453	2021-08-19	8.93	8.93	8.93	8.93	0
1454	2021-08-20	8.93	8.93	8.93	8.93	0
1455	2021-08-23	8.93	8.93	8.93	8.93	0
1456	2021-08-24	8.93	8.93	8.93	8.93	0
1457	2021-08-25	8.93	8.93	8.93	8.93	0
1458	2021-08-26	8.93	8.93	8.93	8.93	0
1459	2021-08-27	8.61	8.61	8.61	8.61	5000
1460	2021-08-30	8.61	8.61	8.61	8.61	0
1461	2021-08-31	8.61	8.61	8.61	8.61	1000
1462	2021-09-01	8.61	8.61	8.61	8.61	1200
1463	2021-09-06	8.61	8.61	8.61	8.61	0
1464	2021-09-07	8.69	8.69	8.69	8.69	2000
1465	2021-09-08	8.69	8.69	8.69	8.69	0
1466	2021-09-09	7.43	7.43	7.43	7.43	100
1467	2021-09-10	8.29	8.29	8.29	8.29	100
1468	2021-09-13	9.08	9.08	9.08	9.08	900
1469	2021-09-14	9.08	9.08	9.08	9.08	0
1470	2021-09-15	9.08	9.08	9.08	9.08	0
1471	2021-09-16	9.16	9.16	9.16	9.16	400
1472	2021-09-17	9.16	9.16	9.16	9.16	0
1473	2021-09-20	7.82	9.16	7.82	9.16	1000
1474	2021-09-21	9.01	9.01	9.01	9.01	803
1475	2021-09-22	7.66	9.87	7.66	9.87	337
1476	2021-09-23	8.53	8.77	8.53	8.77	200
1477	2021-09-24	9.16	9.16	9.16	9.16	1100
1478	2021-09-27	9.16	9.16	9.16	9.16	0
1479	2021-09-28	8.29	9.08	8.29	8.29	300
1480	2021-09-29	8.45	8.53	8.45	8.53	200
1481	2021-09-30	8.61	8.61	8.61	8.61	100
1482	2021-10-01	8.61	8.61	8.61	8.61	0
1483	2021-10-04	8.61	8.61	8.61	8.61	0
1484	2021-10-05	8.61	8.61	8.61	8.61	0
1485	2021-10-06	8.61	8.61	8.61	8.61	0
1486	2021-10-07	8.61	9.87	8.61	9.87	6110
1487	2021-10-08	11.06	11.06	11.06	11.06	2473
1488	2021-10-11	11.06	11.06	11.06	11.06	0
1489	2021-10-12	11.06	11.06	11.06	11.06	77
1490	2021-10-13	11.06	11.06	11.06	11.06	0
1491	2021-10-14	11.06	11.06	11.06	11.06	0
1492	2021-10-15	11.06	11.06	11.06	11.06	40
1493	2021-10-18	11.06	11.06	11.06	11.06	73
1494	2021-10-19	11.06	11.06	11.06	11.06	0
1495	2021-10-20	11.06	11.06	11.06	11.06	0
1496	2021-10-21	9.56	11.06	9.56	9.56	300
1497	2021-10-22	10.03	10.03	10.03	10.03	0
1498	2021-10-25	10.03	10.03	10.03	10.03	0
1499	2021-10-26	9.48	9.48	9.48	9.48	829
1500	2021-10-27	9.48	9.48	9.48	9.48	0
1501	2021-10-28	9.48	9.48	9.48	9.48	0
1502	2021-10-29	9.48	9.56	9.48	9.48	3500
1503	2021-11-01	9.24	9.24	8.93	8.93	700
1504	2021-11-02	9.08	9.08	9.08	9.08	0
1505	2021-11-03	10.27	10.27	10.27	10.27	3020
1506	2021-11-04	10.27	10.43	10.27	10.43	2600
1507	2021-11-05	10.27	10.27	10.27	10.27	0
1508	2021-11-08	11.77	11.77	11.77	11.77	447
1509	2021-11-09	10.03	10.03	10.03	10.03	100
1510	2021-11-10	10.03	10.03	10.03	10.03	50
1511	2021-11-11	11.06	11.06	11.06	11.06	318
1512	2021-11-12	11.06	11.06	11.06	11.06	200
1513	2021-11-15	10.98	10.98	10.82	10.9	3400
1514	2021-11-16	10.9	10.9	10.35	10.82	3148
1515	2021-11-17	10.74	10.74	10.74	10.74	1800
1516	2021-11-18	10.74	10.74	10.74	10.74	1000
1517	2021-11-19	10.74	10.74	10.74	10.74	2300
1518	2021-11-22	10.74	10.74	10.74	10.74	0
1519	2021-11-23	9.16	9.95	9.16	9.95	200
1520	2021-11-24	9.56	9.56	9.56	9.56	0
1521	2021-11-25	9.56	9.56	9.56	9.56	0
1522	2021-11-26	9.56	9.56	9.56	9.56	0
1523	2021-11-29	9.56	9.56	9.56	9.56	0
1524	2021-11-30	9.56	9.56	9.56	9.56	0
1525	2021-12-01	10.27	10.27	10.27	10.27	100
1526	2021-12-02	10.27	10.27	10.27	10.27	0
1527	2021-12-03	10.27	10.27	10.27	10.27	0
1528	2021-12-06	9.56	9.56	9.56	9.56	100
1529	2021-12-07	9.56	9.56	9.56	9.56	0
1530	2021-12-08	9.56	9.56	9.56	9.56	0
1531	2021-12-09	9.56	9.56	9.56	9.56	0
1532	2021-12-10	9.56	9.56	9.56	9.56	0
1533	2021-12-13	9.56	9.56	9.56	9.56	200
1534	2021-12-14	9.56	9.56	9.56	9.56	8
1535	2021-12-15	9.56	9.56	9.56	9.56	1533
1536	2021-12-16	9.64	9.64	9.56	9.56	2033
1537	2021-12-17	9.56	9.56	9.56	9.56	100
1538	2021-12-20	9.56	9.56	9.56	9.56	0
1539	2021-12-21	9.64	9.64	9.64	9.64	200
1540	2021-12-22	9.64	9.64	9.64	9.64	0
1541	2021-12-23	9.64	9.64	9.64	9.64	0
1542	2021-12-24	10.27	10.27	10.27	10.27	100
1543	2021-12-27	10.19	10.27	10.19	10.27	1000
1544	2021-12-28	10.27	10.27	10.27	10.27	0
1545	2021-12-29	10.27	10.27	10.27	10.27	0
1546	2021-12-30	10.27	10.27	10.27	10.27	0
1547	2021-12-31	9.56	9.87	9.56	9.87	600
1548	2022-01-04	9.8	9.8	9.8	9.8	0
1549	2022-01-05	9.8	9.8	9.8	9.8	0
1550	2022-01-06	9.95	10.51	9.87	10.51	900
1551	2022-01-07	9.95	9.95	9.95	9.95	0
1552	2022-01-10	9.95	9.95	9.95	9.95	0
1553	2022-01-11	9.95	9.95	9.95	9.95	0
1554	2022-01-12	9.95	9.95	9.95	9.95	0
1555	2022-01-13	10.27	10.43	10.27	10.43	300
1556	2022-01-14	10.35	10.35	10.35	10.35	1000
1557	2022-01-17	10.35	10.35	10.35	10.35	0
1558	2022-01-18	10.35	10.35	10.35	10.35	0
1559	2022-01-19	10.35	10.35	10.35	10.35	0
1560	2022-01-20	10.35	10.35	10.35	10.35	0
1561	2022-01-21	10.27	10.27	10.27	10.27	1509
1562	2022-01-24	10.27	10.27	10.27	10.27	1200
1563	2022-01-25	10.27	10.27	10.27	10.27	0
1564	2022-01-26	10.27	10.27	10.27	10.27	100
1565	2022-01-27	10.27	10.27	10.27	10.27	0
1566	2022-01-28	10.27	10.27	10.27	10.27	0
1567	2022-02-07	10.27	10.27	10.27	10.27	1500
1568	2022-02-08	10.27	10.27	10.27	10.27	2000
1569	2022-02-09	10.27	10.27	10.27	10.27	0
1570	2022-02-10	10.27	10.27	10.27	10.27	0
1571	2022-02-11	10.27	10.27	10.27	10.27	0
1572	2022-02-14	10.27	10.27	10.27	10.27	0
1573	2022-02-15	10.27	10.27	10.27	10.27	0
1574	2022-02-16	10.27	10.27	10.27	10.27	200
1575	2022-02-17	10.27	10.27	10.27	10.27	1524
1576	2022-02-18	10.27	10.27	10.27	10.27	0
1577	2022-02-21	10.27	10.27	10.27	10.27	1000
1578	2022-02-22	10.27	10.27	10.27	10.27	5800
1579	2022-02-23	10.27	11.06	10.27	11.06	1400
1580	2022-02-24	10.51	10.51	10.51	10.51	0
1581	2022-02-25	10.35	10.35	9.87	9.87	1000
1582	2022-02-28	10.19	10.19	10.19	10.19	0
1583	2022-03-01	10.19	10.19	10.19	10.19	0
1584	2022-03-02	9.87	9.87	9.87	9.87	300
1585	2022-03-03	11.06	11.06	11.06	11.06	600
1586	2022-03-04	11.06	11.06	11.06	11.06	1000
1587	2022-03-07	11.06	11.06	11.06	11.06	100
1588	2022-03-08	10.27	10.27	10.27	10.27	400
1589	2022-03-09	10.27	10.27	10.27	10.27	610
1590	2022-03-10	10.27	10.27	10.27	10.27	14
1591	2022-03-11	11.77	11.77	11.69	11.77	1190
1592	2022-03-14	11.77	11.77	11.77	11.77	0
1593	2022-03-15	11.77	11.77	11.77	11.77	0
1594	2022-03-16	10.66	10.66	10.66	10.66	700
1595	2022-03-17	10.51	10.51	10.51	10.51	500
1596	2022-03-18	10.51	10.51	10.51	10.51	0
1597	2022-03-21	12.01	12.01	12.01	12.01	100
1598	2022-03-22	11.45	11.69	11.45	11.45	2900
1599	2022-03-23	11.53	11.53	11.53	11.53	0
1600	2022-03-24	11.53	11.53	11.53	11.53	0
1601	2022-03-25	11.53	11.53	11.53	11.53	0
1602	2022-03-28	11.53	11.53	11.53	11.53	0
1603	2022-03-29	11.53	11.53	11.53	11.53	0
1604	2022-03-30	11.53	11.53	11.53	11.53	0
1605	2022-03-31	10.11	10.11	10.11	10.11	900
1606	2022-04-01	10.43	10.43	10.43	10.43	1200
1607	2022-04-04	10.43	10.43	10.43	10.43	10
1608	2022-04-05	11.06	11.06	11.06	11.06	100
1609	2022-04-06	11.06	11.06	11.06	11.06	0
1610	2022-04-07	11.06	11.06	11.06	11.06	0
1611	2022-04-08	11.06	11.06	11.06	11.06	0
1612	2022-04-12	11.06	11.06	11.06	11.06	0
1613	2022-04-13	11.06	11.06	11.06	11.06	0
1614	2022-04-14	11.06	11.06	11.06	11.06	0
1615	2022-04-15	11.06	11.06	11.06	11.06	0
1616	2022-04-18	11.06	11.06	11.06	11.06	0
1617	2022-04-19	9.87	9.87	9.87	9.87	1000
1618	2022-04-20	9.87	9.87	9.87	9.87	100
1619	2022-04-21	9.87	9.87	9.87	9.87	100
1620	2022-04-22	9.87	9.87	9.87	9.87	0
1621	2022-04-25	9.87	9.87	9.87	9.87	0
1622	2022-04-26	9.87	9.87	9.87	9.87	0
1623	2022-04-27	9.87	9.87	9.87	9.87	0
1624	2022-04-28	9.87	9.87	9.87	9.87	0
1625	2022-04-29	9.87	9.87	9.87	9.87	0
1626	2022-05-04	9.87	9.87	9.87	9.87	0
1627	2022-05-05	10.66	10.66	10.66	10.66	300
1628	2022-05-06	10.66	10.66	10.66	10.66	0
1629	2022-05-09	10.66	10.66	10.66	10.66	0
1630	2022-05-10	10.66	10.66	10.66	10.66	300
1631	2022-05-11	10.66	10.66	10.66	10.66	0
1632	2022-05-12	10.66	10.66	10.66	10.66	0
1633	2022-05-13	10.66	10.66	10.66	10.66	0
1634	2022-05-16	12.24	12.24	12.24	12.24	100
1635	2022-05-17	12.24	12.24	12.24	12.24	0
1636	2022-05-18	14.06	14.06	14.06	14.06	100
1637	2022-05-19	14.06	14.06	14.06	14.06	0
1638	2022-05-20	14.06	14.06	14.06	14.06	0
1639	2022-05-23	12.01	12.01	12.01	12.01	100
1640	2022-05-24	13.75	13.75	10.43	10.43	1700
1641	2022-05-25	10.82	10.82	10.82	10.82	0
1642	2022-05-26	12.4	12.4	12.4	12.4	100
1643	2022-05-27	12.4	12.4	12.4	12.4	0
1644	2022-05-30	12.4	12.4	12.4	12.4	0
1645	2022-05-31	12.4	12.4	12.4	12.4	0
1646	2022-06-01	12.4	12.4	12.4	12.4	0
1647	2022-06-02	12.4	12.4	12.4	12.4	0
1648	2022-06-03	12.4	12.4	12.4	12.4	0
1649	2022-06-06	12.4	12.4	12.4	12.4	0
1650	2022-06-07	12.4	12.4	12.4	12.4	0
1651	2022-06-08	12.4	12.4	12.4	12.4	0
1652	2022-06-09	12.4	12.4	12.4	12.4	0
1653	2022-06-10	12.4	12.4	12.4	12.4	0
1654	2022-06-13	12.4	12.4	12.4	12.4	0
1655	2022-06-14	12.4	12.4	12.4	12.4	0
1656	2022-06-15	12.4	12.4	12.4	12.4	0
1657	2022-06-16	12.4	12.4	12.4	12.4	0
1658	2022-06-17	12.4	12.4	12.4	12.4	0
1659	2022-06-20	12.4	12.4	12.4	12.4	0
1660	2022-06-21	12.4	12.4	12.4	12.4	0
1661	2022-06-22	12.4	12.4	12.4	12.4	0
1662	2022-06-23	12.4	12.4	12.4	12.4	0
1663	2022-06-24	12.4	12.4	12.4	12.4	0
1664	2022-06-27	12.4	12.4	12.4	12.4	0
1665	2022-06-28	14.22	14.22	14.22	14.22	100
1666	2022-06-29	12.15	12.15	12.15	12.15	200
1667	2022-06-30	13.97	13.97	11.49	11.49	300
1668	2022-07-01	12.32	12.32	12.32	12.32	0
1669	2022-07-04	12.32	12.32	12.32	12.32	0
1670	2022-07-05	12.32	12.32	12.32	12.32	0
1671	2022-07-06	12.32	12.32	12.32	12.32	0
1672	2022-07-07	12.32	12.32	12.32	12.32	0
1673	2022-07-08	12.32	12.32	12.32	12.32	0
1674	2022-07-11	12.32	12.32	12.32	12.32	0
1675	2022-07-12	12.32	12.32	12.32	12.32	0
1676	2022-07-13	12.32	12.32	12.32	12.32	0
1677	2022-07-14	12.32	12.32	12.32	12.32	0
1678	2022-07-15	12.32	12.32	12.32	12.32	0
1679	2022-07-18	10.5	10.58	10.5	10.58	300
1680	2022-07-19	12.07	12.07	12.07	12.07	100
1681	2022-07-20	12.07	12.07	12.07	12.07	0
1682	2022-07-21	12.07	12.07	12.07	12.07	0
1683	2022-07-22	12.07	12.07	12.07	12.07	0
1684	2022-07-25	12.07	12.07	12.07	12.07	0
1685	2022-07-26	12.07	12.07	12.07	12.07	0
1686	2022-07-27	12.07	12.07	12.07	12.07	0
1687	2022-07-28	12.07	12.07	12.07	12.07	0
1688	2022-07-29	12.07	12.07	12.07	12.07	0
1689	2022-08-01	13.23	13.23	13.23	13.23	100
1690	2022-08-02	15.21	15.21	15.21	15.21	100
1691	2022-08-03	12.98	12.98	12.98	12.98	1500
1692	2022-08-04	11.57	11.99	11.57	11.99	200
1693	2022-08-05	13.23	13.23	13.23	13.23	100
1694	2022-08-08	13.23	13.23	13.23	13.23	0
1695	2022-08-09	12.23	12.4	12.23	12.4	200
1696	2022-08-10	12.48	13.23	12.48	13.23	400
1697	2022-08-11	12.65	12.65	12.65	12.65	0
1698	2022-08-12	12.65	12.65	12.65	12.65	0
1699	2022-08-15	12.65	12.65	12.65	12.65	0
1700	2022-08-16	12.65	12.65	12.65	12.65	0
1701	2022-08-17	11.57	11.57	11.57	11.57	100
1702	2022-08-18	11.57	11.57	11.57	11.57	0
1703	2022-08-19	11.57	11.57	11.57	11.57	100
1704	2022-08-22	11.57	11.57	11.57	11.57	0
1705	2022-08-23	11.57	11.57	11.57	11.57	0
1706	2022-08-24	11.57	11.57	11.57	11.57	0
1707	2022-08-25	11.57	11.57	11.57	11.57	0
1708	2022-08-26	11.57	11.57	11.57	11.57	0
1709	2022-08-29	13.31	13.31	13.31	13.31	200
1710	2022-08-30	13.31	13.31	13.31	13.31	0
1711	2022-08-31	13.31	13.31	13.31	13.31	0
1712	2022-09-05	11.41	11.41	11.41	11.41	200
1713	2022-09-06	11.41	11.41	11.41	11.41	0
1714	2022-09-07	9.84	9.84	9.84	9.84	100
1715	2022-09-08	9.84	9.84	9.84	9.84	0
1716	2022-09-09	9.84	9.84	9.84	9.84	0
1717	2022-09-12	9.84	9.84	9.84	9.84	64
1718	2022-09-13	9.84	9.84	9.84	9.84	0
1719	2022-09-14	9.84	9.84	9.84	9.84	0
1720	2022-09-15	10.75	10.75	10.75	10.75	100
1721	2022-09-16	11.57	11.57	11.57	11.57	100
1722	2022-09-19	11.57	11.57	11.57	11.57	0
1723	2022-09-20	13.31	13.31	11.57	11.57	1200
1724	2022-09-21	13.47	13.47	13.47	13.47	100
1725	2022-09-22	15.38	15.38	15.38	15.38	104
1726	2022-09-23	13.14	13.14	13.14	13.14	1700
1727	2022-09-26	13.14	13.14	11.24	11.24	1600
1728	2022-09-27	11.33	11.33	11.33	11.33	0
1729	2022-09-28	12.73	12.73	12.73	12.73	100
1730	2022-09-29	10.83	10.83	10.83	10.83	900
1731	2022-09-30	12.23	12.23	12.23	12.23	100
1732	2022-10-03	12.23	12.23	12.23	12.23	0
1733	2022-10-04	10.75	10.75	10.42	10.42	1001
1734	2022-10-05	11.74	11.74	11.74	11.74	100
1735	2022-10-06	13.47	13.47	11.57	11.57	300
1736	2022-10-07	12.23	12.23	12.23	12.23	0
1737	2022-10-10	12.23	12.23	12.23	12.23	0
1738	2022-10-11	12.23	12.23	12.23	12.23	0
1739	2022-10-12	12.23	12.23	12.23	12.23	0
1740	2022-10-13	12.23	12.23	12.23	12.23	0
1741	2022-10-14	12.23	12.23	12.23	12.23	0
1742	2022-10-17	12.23	12.23	12.23	12.23	0
1743	2022-10-18	13.97	13.97	13.97	13.97	100
1744	2022-10-19	13.97	13.97	13.97	13.97	0
1745	2022-10-20	13.97	13.97	13.97	13.97	0
1746	2022-10-21	13.97	13.97	13.97	13.97	0
1747	2022-10-24	13.97	13.97	13.97	13.97	0
1748	2022-10-25	13.97	13.97	13.97	13.97	0
1749	2022-10-26	13.97	13.97	13.97	13.97	0
1750	2022-10-27	13.97	13.97	13.97	13.97	0
1751	2022-10-28	13.97	13.97	13.97	13.97	0
1752	2022-10-31	13.97	13.97	13.97	13.97	0
1753	2022-11-01	11.9	11.9	11.9	11.9	300
1754	2022-11-02	11.9	11.9	11.9	11.9	0
1755	2022-11-03	11.9	11.9	11.9	11.9	0
1756	2022-11-04	11.9	11.9	11.9	11.9	0
1757	2022-11-07	11.9	11.9	11.9	11.9	0
1758	2022-11-08	11.9	11.9	11.9	11.9	0
1759	2022-11-09	11.9	11.9	11.9	11.9	0
1760	2022-11-10	11.9	11.9	11.9	11.9	0
1761	2022-11-11	11.9	11.9	11.9	11.9	0
1762	2022-11-14	11.9	11.9	11.9	11.9	0
1763	2022-11-15	11.9	11.9	11.9	11.9	0
1764	2022-11-16	11.9	11.9	11.9	11.9	0
1765	2022-11-17	11.9	11.9	11.9	11.9	0
1766	2022-11-18	11.9	11.9	11.9	11.9	0
1767	2022-11-21	11.9	11.9	11.9	11.9	0
1768	2022-11-22	10.17	10.17	10.17	10.17	100
1769	2022-11-23	10.75	10.75	8.68	8.68	200
1770	2022-11-24	8.43	8.43	8.43	8.43	100
1771	2022-11-25	9.59	9.59	7.27	7.44	700
1772	2022-11-28	8.27	8.27	7.36	7.85	400
1773	2022-11-29	8.68	8.68	7.03	7.19	600
1774	2022-11-30	7.94	7.94	6.7	7.85	300
1775	2022-12-01	8.35	8.35	7.44	7.44	701
1776	2022-12-02	8.27	8.27	7.77	7.77	200
1777	2022-12-05	9.18	9.18	8.02	8.27	700
1778	2022-12-06	8.43	8.43	8.43	8.43	0
1779	2022-12-07	8.43	9.09	8.43	9.09	400
1780	2022-12-08	9.51	9.51	9.51	9.51	100
1781	2022-12-09	9.51	9.51	9.51	9.51	100
1782	2022-12-12	9.59	10.91	9.59	10.91	300
1783	2022-12-13	10.42	10.42	10.42	10.42	1
1784	2022-12-14	11.9	11.9	11.9	11.9	100
1785	2022-12-15	10.17	10.17	10.17	10.17	100
1786	2022-12-16	10.17	10.17	10.17	10.17	0
1787	2022-12-19	10.17	10.17	10.17	10.17	0
1788	2022-12-20	10.17	10.17	10.17	10.17	0
1789	2022-12-21	10.17	10.17	10.17	10.17	0
1790	2022-12-22	10.17	10.17	10.17	10.17	0
1791	2022-12-23	10.17	10.17	10.17	10.17	0
1792	2022-12-26	10.17	10.17	10.17	10.17	0
1793	2022-12-27	10.17	10.17	10.17	10.17	0
1794	2022-12-28	10.17	10.17	10.17	10.17	0
1795	2022-12-29	10.17	10.17	10.17	10.17	0
1796	2022-12-30	10.17	10.17	10.17	10.17	0
1797	2023-01-03	10.17	10.17	10.17	10.17	0
1798	2023-01-04	10.17	10.17	10.17	10.17	0
1799	2023-01-05	10.17	10.17	10.17	10.17	0
1800	2023-01-06	10.17	10.17	10.17	10.17	0
1801	2023-01-09	10.17	10.17	10.17	10.17	0
1802	2023-01-10	10.17	10.17	10.17	10.17	0
1803	2023-01-11	10.17	10.17	10.17	10.17	0
1804	2023-01-12	10.17	10.17	10.17	10.17	0
1805	2023-01-13	10.17	10.17	10.17	10.17	0
1806	2023-01-16	10.17	10.17	10.17	10.17	0
1807	2023-01-17	10.17	10.17	10.17	10.17	0
1808	2023-01-18	10.17	10.17	10.17	10.17	0
1809	2023-01-19	10.17	10.17	10.17	10.17	0
1810	2023-01-27	8.68	10.17	8.68	8.68	500
1811	2023-01-30	9.01	9.01	9.01	9.01	0
1812	2023-01-31	9.01	9.01	9.01	9.01	1
1813	2023-02-01	9.01	9.01	9.01	9.01	200
1814	2023-02-02	9.01	9.01	9.01	9.01	600
1815	2023-02-03	9.01	9.01	9.01	9.01	0
1816	2023-02-06	9.01	9.01	9.01	9.01	100
1817	2023-02-07	9.01	9.01	9.01	9.01	0
1818	2023-02-08	9.01	9.01	9.01	9.01	0
1819	2023-02-09	9.01	9.01	9.01	9.01	0
1820	2023-02-10	9.01	9.01	9.01	9.01	0
1821	2023-02-13	9.01	9.01	9.01	9.01	0
1822	2023-02-14	8.68	8.68	8.68	8.68	900
1823	2023-02-15	8.68	8.68	8.68	8.68	0
1824	2023-02-16	8.68	8.68	8.68	8.68	0
1825	2023-02-17	7.44	7.44	7.44	7.44	2600
1826	2023-02-20	7.44	7.44	7.44	7.44	0
1827	2023-02-21	7.44	7.44	7.44	7.44	0
1828	2023-02-22	7.44	7.44	7.44	7.44	0
1829	2023-02-23	7.44	7.44	7.44	7.44	0
1830	2023-02-24	8.27	8.27	8.27	8.27	1000
1831	2023-02-27	9.51	9.51	9.51	9.51	101
1832	2023-02-28	9.51	9.51	9.51	9.51	0
1833	2023-03-01	9.51	9.51	9.51	9.51	0
1834	2023-03-02	9.51	9.51	9.51	9.51	0
1835	2023-03-03	9.51	9.51	9.51	9.51	0
1836	2023-03-06	9.51	9.51	9.51	9.51	0
1837	2023-03-07	10.91	10.91	10.91	10.91	100
1838	2023-03-08	10.91	10.91	10.91	10.91	0
1839	2023-03-09	10.91	10.91	10.91	10.91	0
1840	2023-03-10	10.91	10.91	10.91	10.91	0
1841	2023-03-13	10.91	10.91	10.91	10.91	0
1842	2023-03-14	10.91	10.91	10.91	10.91	0
1843	2023-03-15	10.91	10.91	10.91	10.91	0
1844	2023-03-16	10.91	10.91	10.91	10.91	0
1845	2023-03-17	9.34	9.34	9.34	9.34	500
1846	2023-03-20	9.34	9.34	9.34	9.34	0
1847	2023-03-21	10.66	10.66	10.66	10.66	100
1848	2023-03-22	9.09	9.09	9.09	9.09	1962
1849	2023-03-23	8.68	8.68	8.68	8.68	100
1850	2023-03-24	8.68	8.68	8.68	8.68	0
1851	2023-03-27	8.68	8.68	8.68	8.68	0
1852	2023-03-28	8.68	8.68	8.68	8.68	10
1853	2023-03-29	8.68	8.68	8.68	8.68	0
1854	2023-03-30	8.68	8.68	8.68	8.68	0
1855	2023-03-31	8.68	8.68	8.68	8.68	0
1856	2023-04-03	9.51	9.51	9.51	9.51	112
1857	2023-04-04	9.51	9.51	9.51	9.51	0
1858	2023-04-05	9.51	9.51	9.51	9.51	0
1859	2023-04-06	9.51	9.51	9.51	9.51	0
1860	2023-04-07	9.51	9.51	9.51	9.51	0
1861	2023-04-10	9.51	9.51	9.51	9.51	0
1862	2023-04-11	9.51	9.51	9.51	9.51	0
1863	2023-04-12	9.51	9.51	9.51	9.51	0
1864	2023-04-13	9.51	9.51	9.51	9.51	0
1865	2023-04-14	8.1	8.1	8.1	8.1	100
1866	2023-04-17	8.1	8.1	8.1	8.1	0
1867	2023-04-18	8.1	8.1	8.1	8.1	0
1868	2023-04-19	8.1	8.1	8.1	8.1	0
1869	2023-04-20	8.1	8.1	8.1	8.1	0
1870	2023-04-21	8.1	8.1	8.1	8.1	0
1871	2023-04-24	8.1	8.1	8.1	8.1	0
1872	2023-04-25	8.1	8.1	8.1	8.1	0
1873	2023-04-26	8.1	8.1	8.1	8.1	100
1874	2023-04-27	8.1	8.1	8.1	8.1	0
1875	2023-04-28	8.1	8.1	8.1	8.1	0
1876	2023-05-04	8.1	8.1	8.1	8.1	0
1877	2023-05-05	8.1	8.1	8.1	8.1	0
1878	2023-05-08	8.1	8.1	8.1	8.1	0
1879	2023-05-09	8.1	8.1	8.1	8.1	1
1880	2023-05-10	8.1	8.1	8.1	8.1	0
1881	2023-05-11	8.1	8.1	8.1	8.1	0
1882	2023-05-12	8.1	8.1	8.1	8.1	3
1883	2023-05-15	8.1	8.1	8.1	8.1	0
1884	2023-05-16	8.1	8.1	8.1	8.1	0
1885	2023-05-17	8.1	8.1	8.1	8.1	44
1886	2023-05-18	8.27	8.27	8.27	8.27	200
1887	2023-05-19	8.27	8.27	8.27	8.27	0
1888	2023-05-22	8.27	8.27	8.27	8.27	0
1889	2023-05-23	8.27	8.27	8.27	8.27	0
1890	2023-05-24	8.27	8.27	8.27	8.27	0
1891	2023-05-25	8.27	8.27	8.27	8.27	0
1892	2023-05-26	8.27	8.27	8.27	8.27	0
1893	2023-05-29	8.27	8.27	8.27	8.27	0
1894	2023-05-30	8.27	8.27	8.27	8.27	0
1895	2023-05-31	8.27	8.27	8.27	8.27	0
1896	2023-06-01	8.27	8.27	8.27	8.27	0
1897	2023-06-02	8.27	8.27	8.27	8.27	1
1898	2023-06-05	8.27	8.27	8.27	8.27	0
1899	2023-06-06	8.27	8.27	8.27	8.27	0
1900	2023-06-07	8.27	8.27	8.27	8.27	0
1901	2023-06-08	8.27	8.36	8.27	8.36	602
1902	2023-06-09	9.46	9.46	8.36	8.63	10140
1903	2023-06-12	9.64	9.64	8.45	8.45	5500
1904	2023-06-13	9.64	9.64	9.64	9.64	100
1905	2023-06-14	9.64	9.64	9.64	9.64	0
1906	2023-06-15	9.64	9.64	9.64	9.64	0
1907	2023-06-16	8.36	8.36	8.36	8.36	900
1908	2023-06-19	7.35	9.18	7.35	8.45	1200
1909	2023-06-20	9.64	9.64	9.18	9.18	700
1910	2023-06-21	9.28	9.28	9.28	9.28	0
1911	2023-06-22	9.18	10.1	9.18	9.64	400
1912	2023-06-23	10.93	10.93	10.93	10.93	100
1913	2023-06-26	10.93	10.93	10.93	10.93	100
1914	2023-06-27	9.37	9.37	9.37	9.37	1000
1915	2023-06-28	8.73	8.82	8.73	8.82	500
1916	2023-06-29	9.18	9.18	9.18	9.18	2100
1917	2023-06-30	10.56	10.56	10.56	10.56	100
1918	2023-07-03	10.56	10.56	10.56	10.56	0
1919	2023-07-04	10.56	10.56	10.56	10.56	0
1920	2023-07-05	10.56	10.56	10.56	10.56	0
1921	2023-07-06	10.56	10.56	10.56	10.56	0
1922	2023-07-07	9.18	9.18	9.18	9.18	800
1923	2023-07-10	10.56	10.56	9.18	9.18	811
1924	2023-07-11	9.18	9.18	9.18	9.18	2200
1925	2023-07-12	9.18	9.18	9.18	9.18	0
1926	2023-07-13	8.91	9.0	8.91	9.0	1600
1927	2023-07-14	9.0	9.0	9.0	9.0	600
1928	2023-07-17	10.29	10.29	9.83	9.83	400
1929	2023-07-18	9.18	9.46	9.18	9.37	2100
1930	2023-07-19	9.37	9.37	9.37	9.37	200
1931	2023-07-20	9.37	9.37	9.37	9.37	0
1932	2023-07-21	9.37	9.37	9.37	9.37	0
1933	2023-07-24	9.37	9.37	9.37	9.37	1900
1934	2023-07-25	8.91	8.91	8.91	8.91	3000
1935	2023-07-26	10.2	10.2	9.64	9.64	200
1936	2023-07-27	8.91	9.0	8.91	8.91	1100
1937	2023-07-28	9.0	9.0	9.0	9.0	0
1938	2023-07-31	8.91	9.18	8.91	8.91	4300
1939	2023-08-01	9.0	9.0	9.0	9.0	0
1940	2023-08-02	10.29	10.29	8.73	8.73	1500
1941	2023-08-03	8.73	8.73	8.73	8.73	4800
1942	2023-08-04	8.73	8.73	8.73	8.73	0
1943	2023-08-07	10.01	10.01	9.18	9.18	3200
1944	2023-08-08	9.09	9.18	9.09	9.18	200
1945	2023-08-09	9.18	9.18	9.18	9.18	101
1946	2023-08-10	10.56	10.56	10.56	10.56	400
1947	2023-08-11	10.56	10.56	10.56	10.56	0
1948	2023-08-14	10.56	10.56	10.56	10.56	0
1949	2023-08-15	9.0	9.0	9.0	9.0	700
1950	2023-08-16	10.29	10.29	10.29	10.29	205
1951	2023-08-17	10.1	10.1	10.1	10.1	300
1952	2023-08-18	9.09	9.09	9.09	9.09	200
1953	2023-08-21	10.38	10.38	10.1	10.1	200
1954	2023-08-22	10.29	10.29	10.29	10.29	0
1955	2023-08-23	10.29	10.29	10.29	10.29	0
1956	2023-08-24	10.29	10.29	10.29	10.29	0
1957	2023-08-25	10.29	10.29	10.29	10.29	0
1958	2023-08-28	8.82	8.82	8.82	8.82	300
1959	2023-08-29	10.1	10.1	9.83	9.83	2500
1960	2023-08-30	9.18	9.18	9.18	9.18	500
1961	2023-08-31	10.56	10.56	10.47	10.56	1800
1962	2023-09-05	10.56	10.56	10.56	10.56	0
1963	2023-09-06	12.03	12.03	10.56	10.56	700
1964	2023-09-07	11.02	11.02	11.02	11.02	100
1965	2023-09-08	12.4	12.4	12.4	12.4	100
1966	2023-09-11	12.4	12.4	12.4	12.4	0
1967	2023-09-12	12.4	12.4	12.4	12.4	1
1968	2023-09-13	12.4	12.4	12.4	12.4	0
1969	2023-09-14	10.56	10.56	10.56	10.56	400
1970	2023-09-15	10.56	10.56	10.56	10.56	3801
1971	2023-09-18	10.56	10.56	10.56	10.56	0
1972	2023-09-19	9.18	9.18	9.18	9.18	101
1973	2023-09-20	9.18	9.18	9.18	9.18	2378
1974	2023-09-21	9.18	9.18	9.18	9.18	400
1975	2023-09-22	9.18	9.18	9.18	9.18	0
1976	2023-09-25	9.18	9.18	8.91	8.91	300
1977	2023-09-26	9.83	9.83	9.83	9.83	200
1978	2023-09-27	9.83	9.83	9.83	9.83	0
1979	2023-09-28	9.83	9.83	9.83	9.83	1
1980	2023-09-29	9.83	9.83	9.83	9.83	0
1981	2023-10-02	9.83	9.83	9.83	9.83	300
1982	2023-10-03	9.83	9.83	9.83	9.83	0
1983	2023-10-04	9.83	9.83	9.83	9.83	0
1984	2023-10-05	9.83	9.83	9.83	9.83	0
1985	2023-10-06	9.74	9.74	9.74	9.74	100
1986	2023-10-09	9.64	9.64	9.64	9.64	100
1987	2023-10-10	9.64	9.64	9.64	9.64	0
1988	2023-10-11	9.64	9.64	9.64	9.64	0
1989	2023-10-12	9.64	9.64	9.64	9.64	0
1990	2023-10-13	9.64	9.64	9.64	9.64	0
1991	2023-10-16	9.64	9.64	9.64	9.64	0
1992	2023-10-17	10.1	10.1	10.1	10.1	4700
1993	2023-10-18	10.1	10.1	10.1	10.1	1000
1994	2023-10-19	10.1	10.1	10.1	10.1	100
1995	2023-10-20	10.1	10.1	10.1	10.1	0
1996	2023-10-23	10.1	10.1	10.1	10.1	479
1997	2023-10-24	10.1	10.1	10.1	10.1	43
1998	2023-10-25	10.1	10.1	10.1	10.1	0
1999	2023-10-26	10.1	10.1	10.1	10.1	300
2000	2023-10-27	10.1	10.1	10.1	10.1	200
2001	2023-10-30	10.1	10.1	10.1	10.1	0
2002	2023-10-31	10.1	10.1	10.1	10.1	0
2003	2023-11-01	10.1	10.1	10.1	10.1	0
2004	2023-11-02	10.1	10.1	10.1	10.1	0
2005	2023-11-03	9.64	9.64	9.64	9.64	2691
2006	2023-11-06	9.64	9.64	9.64	9.64	0
2007	2023-11-07	9.64	9.64	9.64	9.64	0
2008	2023-11-08	9.64	9.64	9.64	9.64	1
2009	2023-11-09	9.64	9.64	9.64	9.64	101
2010	2023-11-10	9.64	9.64	9.64	9.64	76
2011	2023-11-13	9.64	9.64	9.64	9.64	0
2012	2023-11-14	9.64	9.64	9.64	9.64	1
2013	2023-11-15	9.64	9.64	9.64	9.64	0
2014	2023-11-16	9.37	9.37	9.37	9.37	100
2015	2023-11-17	9.37	9.37	9.37	9.37	1
2016	2023-11-20	9.64	9.64	9.64	9.64	6765
2017	2023-11-21	9.64	9.64	9.64	9.64	0
2018	2023-11-22	9.64	9.64	9.64	9.64	0
2019	2023-11-23	9.64	9.64	9.64	9.64	0
2020	2023-11-24	9.64	9.64	9.64	9.64	0
2021	2023-11-27	9.64	9.64	9.64	9.64	0
2022	2023-11-28	9.64	9.64	9.64	9.64	0
2023	2023-11-29	9.64	9.64	9.64	9.64	0
2024	2023-11-30	9.64	9.64	9.64	9.64	0
2025	2023-12-01	9.64	9.64	9.64	9.64	0
2026	2023-12-04	9.64	9.64	9.64	9.64	2
2027	2023-12-05	11.02	11.02	11.02	11.02	100
2028	2023-12-06	11.02	11.02	11.02	11.02	0
2029	2023-12-07	11.02	11.02	11.02	11.02	0
2030	2023-12-08	11.02	11.02	11.02	11.02	2
2031	2023-12-11	12.58	12.58	12.58	12.58	100
2032	2023-12-12	11.94	11.94	11.94	11.94	101
2033	2023-12-13	11.94	11.94	11.94	11.94	0
2034	2023-12-14	11.94	11.94	11.94	11.94	0
2035	2023-12-15	11.94	11.94	11.94	11.94	0
2036	2023-12-18	11.94	11.94	11.94	11.94	0
2037	2023-12-19	11.94	11.94	11.94	11.94	0
2038	2023-12-20	13.69	13.69	13.69	13.69	100
2039	2023-12-21	13.69	13.69	13.69	13.69	0
2040	2023-12-22	13.69	13.69	13.69	13.69	10
2041	2023-12-25	11.66	11.66	11.66	11.66	700
2042	2023-12-26	11.66	11.66	11.66	11.66	0
2043	2023-12-27	11.66	11.66	11.66	11.66	0
2044	2023-12-28	11.66	11.66	11.66	11.66	0
2045	2023-12-29	11.66	11.66	11.66	11.66	0
2046	2024-01-02	11.66	11.66	11.66	11.66	0
2047	2024-01-03	11.66	11.66	11.66	11.66	34
2048	2024-01-04	11.66	11.66	11.66	11.66	0
2049	2024-01-05	11.66	11.66	11.66	11.66	0
2050	2024-01-08	11.66	11.66	11.66	11.66	0
2051	2024-01-09	11.66	11.66	11.66	11.66	0
2052	2024-01-10	11.66	11.66	11.66	11.66	0
2053	2024-01-11	11.66	11.66	11.66	11.66	0
2054	2024-01-12	11.66	11.66	11.66	11.66	0
2055	2024-01-15	11.66	11.66	11.66	11.66	0
2056	2024-01-16	11.66	11.66	11.66	11.66	0
2057	2024-01-17	11.66	11.66	11.66	11.66	0
2058	2024-01-18	11.66	11.66	11.66	11.66	0
2059	2024-01-19	11.66	11.66	11.66	11.66	0
2060	2024-01-22	11.66	11.66	11.66	11.66	0
2061	2024-01-23	11.66	11.66	11.66	11.66	10
2062	2024-01-24	11.66	11.66	11.66	11.66	34
2063	2024-01-25	11.66	11.66	11.66	11.66	0
2064	2024-01-26	11.66	11.66	11.66	11.66	0
2065	2024-01-29	11.66	11.66	11.66	11.66	0
2066	2024-01-30	11.66	11.66	11.66	11.66	0
2067	2024-01-31	11.66	11.66	11.66	11.66	0
2068	2024-02-01	11.66	11.66	11.66	11.66	0
2069	2024-02-02	11.66	11.66	11.66	11.66	0
2070	2024-02-05	11.66	11.66	11.66	11.66	0
2071	2024-02-06	11.66	11.66	11.66	11.66	0
2072	2024-02-07	11.66	11.66	11.66	11.66	0
2073	2024-02-15	11.66	11.66	11.66	11.66	0
2074	2024-02-16	11.66	11.66	11.66	11.66	0
2075	2024-02-19	11.66	11.66	11.66	11.66	0
2076	2024-02-20	11.66	11.66	11.66	11.66	0
2077	2024-02-21	11.66	11.66	11.66	11.66	0
2078	2024-02-22	11.66	11.66	11.66	11.66	0
2079	2024-02-23	11.66	11.66	11.66	11.66	0
2080	2024-02-26	11.66	11.66	11.66	11.66	0
2081	2024-02-27	11.66	11.66	11.66	11.66	0
2082	2024-02-28	11.66	11.66	11.66	11.66	200
2083	2024-02-29	11.66	11.66	11.66	11.66	0
2084	2024-03-01	11.66	11.66	11.66	11.66	0
2085	2024-03-04	11.66	11.66	11.66	11.66	0
2086	2024-03-05	11.66	11.66	11.66	11.66	1565
2087	2024-03-06	11.66	11.66	11.66	11.66	0
2088	2024-03-07	13.32	13.41	13.32	13.41	1200
2089	2024-03-08	13.78	13.78	13.78	13.78	238
2090	2024-03-11	13.78	13.78	13.78	13.78	0
2091	2024-03-12	13.78	13.78	13.78	13.78	0
2092	2024-03-13	13.78	13.78	13.78	13.78	200
2093	2024-03-14	13.78	13.78	13.78	13.78	0
2094	2024-03-15	13.78	13.78	13.78	13.78	0
2095	2024-03-18	13.78	13.78	13.78	13.78	0
2096	2024-03-19	13.78	13.78	13.78	13.78	0
2097	2024-03-20	13.78	13.78	13.78	13.78	0
2098	2024-03-21	13.69	13.69	13.69	13.69	400
2099	2024-03-22	13.69	13.69	13.69	13.69	0
2100	2024-03-25	13.69	13.69	13.69	13.69	0
2101	2024-03-26	13.69	13.69	13.69	13.69	0
2102	2024-03-27	13.69	13.69	13.69	13.69	0
2103	2024-03-28	13.69	13.69	13.69	13.69	0
2104	2024-03-29	13.69	13.69	13.69	13.69	0
2105	2024-04-01	13.69	13.69	13.69	13.69	0
2106	2024-04-02	13.69	13.69	13.69	13.69	0
2107	2024-04-03	13.69	13.69	13.69	13.69	0
2108	2024-04-04	13.69	13.69	13.69	13.69	0
2109	2024-04-05	13.69	13.69	13.69	13.69	0
2110	2024-04-08	13.69	13.69	13.69	13.69	0
2111	2024-04-09	13.69	13.69	13.69	13.69	0
2112	2024-04-10	13.69	13.69	13.69	13.69	0
2113	2024-04-11	13.69	13.69	13.69	13.69	0
2114	2024-04-12	13.69	13.69	13.69	13.69	0
2115	2024-04-15	13.69	13.69	13.69	13.69	0
2116	2024-04-16	13.69	13.69	13.69	13.69	0
2117	2024-04-17	13.69	13.69	13.69	13.69	0
2118	2024-04-19	13.69	13.69	13.69	13.69	0
2119	2024-04-22	13.69	13.69	13.69	13.69	0
2120	2024-04-23	13.69	13.69	13.69	13.69	0
2121	2024-04-24	13.69	13.69	13.69	13.69	0
2122	2024-04-25	13.69	13.69	13.69	13.69	0
2123	2024-04-26	13.69	13.69	13.69	13.69	0
2124	2024-05-02	13.69	13.69	13.69	13.69	2
2125	2024-05-03	13.69	13.69	13.69	13.69	0
2126	2024-05-06	13.69	13.69	13.69	13.69	0
2127	2024-05-07	13.69	13.69	13.69	13.69	0
2128	2024-05-08	13.69	13.69	13.69	13.69	0
2129	2024-05-09	13.69	13.69	13.69	13.69	0
2130	2024-05-10	13.69	13.69	13.69	13.69	0
2131	2024-05-13	13.69	13.69	13.69	13.69	0
2132	2024-05-14	13.69	13.69	13.69	13.69	0
2133	2024-05-15	13.69	13.69	13.69	13.69	0
2134	2024-05-16	13.69	13.69	13.69	13.69	0
2135	2024-05-17	13.69	13.69	13.69	13.69	0
2136	2024-05-20	13.69	13.69	13.69	13.69	0
2137	2024-05-21	13.69	13.69	13.69	13.69	0
2138	2024-05-22	13.69	13.69	13.69	13.69	0
2139	2024-05-23	11.94	11.94	11.94	11.94	100
2140	2024-05-24	11.94	11.94	11.94	11.94	0
2141	2024-05-27	11.94	11.94	11.94	11.94	0
2142	2024-05-28	11.94	11.94	11.94	11.94	0
2143	2024-05-29	11.94	11.94	11.94	11.94	0
2144	2024-05-30	11.94	11.94	11.94	11.94	0
2145	2024-05-31	11.94	11.94	11.94	11.94	0
2146	2024-06-03	11.94	11.94	11.94	11.94	0
2147	2024-06-04	11.94	11.94	11.94	11.94	0
2148	2024-06-05	11.94	11.94	11.94	11.94	0
2149	2024-06-06	11.94	11.94	11.94	11.94	0
2150	2024-06-07	11.94	11.94	11.94	11.94	0
2151	2024-06-10	11.94	11.94	11.94	11.94	600
2152	2024-06-11	12.12	12.4	12.12	12.12	3836
2153	2024-06-12	12.49	12.49	12.4	12.4	2400
2154	2024-06-13	12.4	12.4	12.4	12.4	0
2155	2024-06-14	13.32	13.32	12.86	12.86	310
2156	2024-06-17	13.04	14.97	13.04	14.97	1822
2157	2024-06-18	13.5	13.5	12.0	12.0	3000
2158	2024-06-19	12.3	12.3	12.3	12.3	0
2159	2024-06-20	12.3	12.3	12.3	12.3	5
2160	2024-06-21	12.3	12.3	12.3	12.3	0
2161	2024-06-24	12.7	12.7	12.0	12.7	2802
2162	2024-06-25	12.7	12.7	12.7	12.7	1001
2163	2024-06-26	12.7	12.7	12.7	12.7	2
2164	2024-06-27	12.7	12.7	12.7	12.7	100
2165	2024-06-28	12.5	12.5	12.5	12.5	100
2166	2024-07-01	12.5	12.5	12.5	12.5	3
2167	2024-07-02	12.5	12.5	12.5	12.5	100
2168	2024-07-03	12.5	12.5	12.5	12.5	0
2169	2024-07-04	12.5	12.5	12.5	12.5	0
2170	2024-07-05	12.5	12.5	12.5	12.5	0
2171	2024-07-08	12.3	12.5	12.3	12.5	400
2172	2024-07-09	12.1	12.1	12.0	12.0	300
2173	2024-07-10	12.5	12.5	12.5	12.5	100
2174	2024-07-11	12.5	12.5	12.5	12.5	0
2175	2024-07-12	12.5	12.5	12.5	12.5	0
2176	2024-07-15	12.5	12.5	12.5	12.5	0
2177	2024-07-16	12.5	12.5	12.5	12.5	0
2178	2024-07-17	12.5	12.5	12.5	12.5	410
2179	2024-07-18	12.0	12.0	12.0	12.0	100
2180	2024-07-19	12.0	12.0	12.0	12.0	1100
2181	2024-07-22	12.0	12.0	12.0	12.0	3709
2182	2024-07-23	12.0	12.0	12.0	12.0	0
2183	2024-07-24	12.0	12.0	12.0	12.0	1007
2184	2024-07-25	12.0	12.0	12.0	12.0	0
2185	2024-08-16	12.0	12.0	12.0	12.0	300
2186	2024-08-20	13.8	13.8	13.0	13.0	600
2187	2024-08-21	12.1	12.1	12.1	12.1	1000
2188	2024-08-22	12.1	12.1	12.1	12.1	500
2189	2024-08-23	12.1	12.1	12.1	12.1	400
2190	2024-08-27	12.1	12.1	12.0	12.0	1100
2191	2024-09-18	12.2	12.2	12.2	12.2	500
2192	2024-10-08	13.1	13.1	13.1	13.1	5000
2193	2024-10-10	14.0	14.0	14.0	14.0	4000
2194	2024-11-28	14.0	14.0	14.0	14.0	1800
2195	2025-02-13	13.0	13.0	13.0	13.0	1000
