	time	open	high	low	close	volume
0	2018-06-06	7.82	0.0	0.0	0.0	0
1	2018-06-07	7.82	7.82	7.82	7.82	0
2	2018-06-08	7.82	7.82	7.82	7.82	0
3	2018-06-11	7.82	7.82	7.82	7.82	0
4	2018-06-12	7.82	7.82	7.82	7.82	0
5	2018-06-13	7.82	7.82	7.82	7.82	0
6	2018-06-14	7.82	7.82	7.82	7.82	0
7	2018-06-15	7.82	7.82	7.82	7.82	0
8	2018-06-18	7.82	7.82	7.82	7.82	0
9	2018-06-19	7.82	7.82	7.82	7.82	0
10	2018-06-20	7.82	7.82	7.82	7.82	0
11	2018-06-21	7.82	7.82	7.82	7.82	0
12	2018-06-22	7.82	7.82	7.82	7.82	0
13	2018-06-25	10.94	10.94	10.94	10.94	100
14	2018-06-26	10.94	10.94	10.94	10.94	0
15	2018-06-27	10.94	10.94	10.94	10.94	0
16	2018-06-28	11.64	11.64	11.64	11.64	200
17	2018-06-29	11.64	11.64	11.64	11.64	0
18	2018-07-02	11.64	11.64	11.64	11.64	0
19	2018-07-03	11.64	11.64	11.64	11.64	0
20	2018-07-04	11.64	11.64	11.64	11.64	0
21	2018-07-05	11.64	11.64	11.64	11.64	0
22	2018-07-06	11.64	11.64	11.64	11.64	200
23	2018-07-09	11.64	11.64	11.64	11.64	0
24	2018-07-10	11.64	11.64	11.64	11.64	0
25	2018-07-11	9.91	9.91	9.91	9.91	100
26	2018-07-12	9.91	9.91	9.91	9.91	0
27	2018-07-13	9.91	9.91	9.91	9.91	0
28	2018-07-16	9.91	9.91	9.91	9.91	0
29	2018-07-17	9.91	9.91	9.91	9.91	0
30	2018-07-18	9.91	9.91	9.91	9.91	0
31	2018-07-19	9.91	9.91	9.91	9.91	0
32	2018-07-20	9.91	9.91	9.91	9.91	0
33	2018-07-23	9.91	9.91	9.91	9.91	0
34	2018-07-24	9.92	9.92	9.92	9.92	0
35	2018-07-25	8.48	8.48	8.48	8.48	100
36	2018-07-26	8.48	8.48	8.48	8.48	0
37	2018-07-27	8.48	8.48	8.48	8.48	0
38	2018-07-30	8.48	8.48	8.48	8.48	0
39	2018-07-31	8.48	8.48	8.48	8.48	0
40	2018-08-01	8.48	8.48	8.48	8.48	0
41	2018-08-02	8.48	8.48	8.48	8.48	0
42	2018-08-03	8.48	8.48	8.48	8.48	0
43	2018-08-06	8.48	8.48	8.48	8.48	0
44	2018-08-07	8.48	8.48	8.48	8.48	0
45	2018-08-08	8.48	8.48	8.48	8.48	0
46	2018-08-09	8.48	8.48	8.48	8.48	0
47	2018-08-10	8.48	8.48	8.48	8.48	0
48	2018-08-13	8.48	8.48	8.48	8.48	0
49	2018-08-14	8.48	8.48	8.48	8.48	0
50	2018-08-15	8.48	8.48	8.48	8.48	0
51	2018-08-16	8.48	8.48	8.48	8.48	0
52	2018-08-17	8.48	8.48	8.48	8.48	0
53	2018-08-20	8.48	8.48	8.48	8.48	0
54	2018-08-21	8.48	8.48	8.48	8.48	0
55	2018-08-22	8.48	8.48	8.48	8.48	0
56	2018-08-23	8.48	8.48	8.48	8.48	0
57	2018-08-24	8.48	8.48	8.48	8.48	0
58	2018-08-27	8.48	8.48	8.48	8.48	0
59	2018-08-28	8.48	8.48	8.48	8.48	0
60	2018-08-29	8.48	8.48	8.48	8.48	0
61	2018-08-30	8.48	8.48	8.48	8.48	0
62	2018-08-31	8.48	8.48	8.48	8.48	0
63	2018-09-04	11.83	11.83	11.83	11.83	100
64	2018-09-05	13.6	13.6	13.6	13.6	100
65	2018-09-06	15.6	15.6	15.6	15.6	100
66	2018-09-07	15.6	17.7	15.6	17.7	200
67	2018-09-10	16.67	16.67	16.67	16.67	0
68	2018-09-11	16.67	16.67	16.67	16.67	0
69	2018-09-12	16.67	16.67	16.67	16.67	0
70	2018-09-13	16.67	16.67	16.67	16.67	0
71	2018-09-14	16.67	16.67	16.67	16.67	0
72	2018-09-17	16.67	16.67	16.67	16.67	0
73	2018-09-18	16.67	16.67	16.67	16.67	0
74	2018-09-19	16.67	16.67	16.67	16.67	0
75	2018-09-20	16.67	16.67	16.67	17.7	10
76	2018-09-21	16.67	16.67	16.67	16.67	0
77	2018-09-24	16.67	16.67	16.67	16.67	0
78	2018-09-25	16.67	16.67	16.67	16.67	0
79	2018-09-26	14.2	14.2	14.2	14.2	100
80	2018-09-27	14.2	14.2	14.2	14.2	0
81	2018-09-28	14.2	14.2	14.2	14.2	0
82	2018-10-01	14.2	14.2	14.2	14.2	0
83	2018-10-02	14.2	14.2	14.2	14.2	0
84	2018-10-03	12.11	12.11	12.11	12.11	100
85	2018-10-04	12.11	12.11	12.11	12.11	0
86	2018-10-05	12.11	12.11	12.11	12.11	0
87	2018-10-08	12.11	12.11	12.11	12.11	0
88	2018-10-09	12.11	12.11	12.11	12.11	0
89	2018-10-10	12.11	12.11	12.11	12.11	0
90	2018-10-11	12.11	12.11	12.11	12.11	0
91	2018-10-12	12.11	12.11	12.11	12.11	0
92	2018-10-15	11.5	11.5	11.5	11.5	2835
93	2018-10-16	11.5	11.5	11.5	11.5	0
94	2018-10-17	11.5	11.5	11.5	11.5	0
95	2018-10-18	11.5	11.5	11.5	11.5	0
96	2018-10-19	11.5	11.5	11.5	11.5	0
97	2018-10-22	11.5	11.5	11.5	11.5	0
98	2018-10-23	11.64	11.64	11.64	11.64	2243
99	2018-10-24	11.64	11.64	11.64	11.64	1000
100	2018-10-25	11.64	11.64	11.64	11.64	1400
101	2018-10-26	9.92	11.64	9.92	11.64	2100
102	2018-10-29	11.55	11.55	11.55	11.55	0
103	2018-10-30	9.87	9.87	9.87	9.87	100
104	2018-10-31	8.57	8.57	8.57	8.57	100
105	2018-11-01	8.57	8.57	8.57	8.57	100
106	2018-11-02	8.57	8.57	8.57	8.57	0
107	2018-11-05	8.57	8.57	8.57	8.57	0
108	2018-11-06	8.57	8.57	8.57	8.57	0
109	2018-11-07	7.31	7.31	7.31	7.31	100
110	2018-11-08	6.61	6.61	6.61	6.61	100
111	2018-11-09	6.61	6.61	6.61	6.61	0
112	2018-11-12	5.73	5.73	5.73	5.73	100
113	2018-11-13	5.73	5.73	5.73	5.73	0
114	2018-11-14	5.73	5.73	5.73	5.73	0
115	2018-11-15	5.73	5.73	5.73	5.73	0
116	2018-11-16	5.73	5.73	5.73	5.73	0
117	2018-11-19	5.73	5.73	5.73	5.73	0
118	2018-11-20	5.73	5.73	5.73	5.73	0
119	2018-11-21	6.57	6.57	6.57	6.57	2014
120	2018-11-22	7.54	7.54	7.54	7.54	100
121	2018-11-23	6.75	6.75	6.75	6.75	100
122	2018-11-26	6.75	6.75	6.75	6.75	0
123	2018-11-27	6.75	6.75	6.75	6.75	0
124	2018-11-28	6.33	7.73	6.33	7.73	200
125	2018-11-29	6.33	6.33	6.33	6.33	100
126	2018-11-30	6.33	6.33	6.33	6.33	0
127	2018-12-03	6.05	6.99	6.05	6.99	400
128	2018-12-04	5.77	7.73	5.77	7.73	200
129	2018-12-05	6.33	6.33	6.33	6.33	100
130	2018-12-06	6.33	6.33	6.33	6.33	0
131	2018-12-07	6.99	6.99	6.99	6.99	700
132	2018-12-10	8.01	8.01	8.01	8.01	200
133	2018-12-11	6.85	9.17	6.85	9.17	200
134	2018-12-12	7.45	9.17	7.45	9.17	200
135	2018-12-13	7.82	7.82	7.82	7.82	100
136	2018-12-14	7.03	8.99	7.03	8.99	300
137	2018-12-17	7.26	7.26	7.26	7.26	100
138	2018-12-18	7.26	7.26	7.26	7.26	0
139	2018-12-19	8.34	8.34	8.34	8.34	100
140	2018-12-20	9.08	9.08	9.08	9.08	100
141	2018-12-21	9.08	9.08	9.08	9.08	0
142	2018-12-24	9.08	9.08	9.08	9.08	0
143	2018-12-25	9.08	9.08	9.08	9.08	0
144	2018-12-26	8.43	8.43	8.43	8.43	100
145	2018-12-27	8.38	8.38	8.38	8.38	100
146	2018-12-28	8.48	8.48	8.48	8.48	100
147	2019-01-02	8.48	8.48	8.48	8.48	0
148	2019-01-03	8.48	8.48	8.48	8.48	0
149	2019-01-04	8.29	8.29	8.29	8.29	100
150	2019-01-07	8.15	8.15	8.15	8.15	100
151	2019-01-08	8.15	8.15	8.15	8.15	0
152	2019-01-09	8.15	8.15	8.15	8.15	0
153	2019-01-10	8.15	8.15	8.15	8.15	0
154	2019-01-11	8.15	8.15	8.15	8.15	0
155	2019-01-14	8.15	8.15	8.15	8.15	0
156	2019-01-15	8.15	8.15	8.15	8.15	0
157	2019-01-16	8.15	8.15	8.15	8.15	0
158	2019-01-17	8.15	8.15	8.15	8.15	0
159	2019-01-18	8.15	8.15	8.15	8.15	0
160	2019-01-21	8.15	8.15	8.15	8.15	0
161	2019-01-22	8.15	8.15	8.15	8.15	0
162	2019-01-23	8.15	8.15	8.15	8.15	0
163	2019-01-24	8.15	8.15	8.15	8.15	0
164	2019-01-25	8.15	8.15	8.15	8.15	0
165	2019-01-28	8.15	8.15	8.15	8.15	0
166	2019-01-29	8.15	8.15	8.15	8.15	0
167	2019-01-30	8.15	8.15	8.15	8.15	0
168	2019-01-31	8.15	8.15	8.15	8.15	0
169	2019-02-01	8.15	8.15	8.15	8.15	0
170	2019-02-11	8.15	8.15	8.15	8.15	0
171	2019-02-12	8.15	8.15	8.15	8.15	0
172	2019-02-13	8.15	8.15	8.15	8.15	0
173	2019-02-14	8.15	8.15	8.15	8.15	0
174	2019-02-15	8.15	8.15	8.15	8.15	0
175	2019-02-18	8.15	8.15	8.15	8.15	0
176	2019-02-19	8.15	8.15	8.15	8.15	0
177	2019-02-20	8.15	8.15	8.15	8.15	0
178	2019-02-21	8.15	8.15	8.15	8.15	0
179	2019-02-22	8.15	8.15	8.15	8.15	0
180	2019-02-25	6.19	6.19	6.05	6.05	5400
181	2019-02-26	6.19	6.19	6.19	6.05	81
182	2019-02-27	6.19	6.05	6.05	6.05	0
183	2019-02-28	6.19	6.05	6.05	6.05	0
184	2019-03-01	6.19	6.05	6.05	6.05	0
185	2019-03-04	6.19	6.05	6.05	6.05	0
186	2019-03-05	6.19	6.05	6.05	6.05	0
187	2019-03-06	6.19	6.05	6.05	6.05	0
188	2019-03-07	6.19	6.05	6.05	6.05	0
189	2019-03-08	6.19	6.05	6.05	6.05	0
190	2019-03-11	6.19	6.05	6.05	6.05	0
191	2019-03-12	6.19	6.05	6.05	6.05	0
192	2019-03-13	6.19	6.05	6.05	6.05	0
193	2019-03-14	6.19	6.05	6.05	6.05	0
194	2019-03-15	6.19	6.05	6.05	6.05	0
195	2019-03-18	6.19	6.05	6.05	6.05	0
196	2019-03-19	6.19	6.05	6.05	6.05	0
197	2019-03-20	7.08	7.08	7.08	7.08	100
198	2019-03-21	7.08	7.08	7.08	7.08	0
199	2019-03-22	7.08	7.08	7.08	7.08	0
200	2019-03-25	7.08	7.08	7.08	7.08	0
201	2019-03-26	7.08	7.08	7.08	7.08	0
202	2019-03-27	7.08	7.08	7.08	7.08	0
203	2019-03-28	7.08	7.08	7.08	7.08	0
204	2019-03-29	7.08	7.08	7.08	7.08	0
205	2019-04-01	7.08	7.08	7.08	7.08	0
206	2019-04-02	7.08	7.08	7.08	7.08	0
207	2019-04-03	7.08	7.08	7.08	7.08	0
208	2019-04-04	7.08	7.08	7.08	7.08	0
209	2019-04-05	7.08	7.08	7.08	7.08	0
210	2019-04-08	7.08	7.08	7.08	7.08	0
211	2019-04-09	7.08	7.08	7.08	7.08	0
212	2019-04-10	7.08	7.08	7.08	7.08	0
213	2019-04-11	7.08	7.08	7.08	7.08	0
214	2019-04-12	7.08	7.08	7.08	7.08	0
215	2019-04-16	7.08	7.08	7.08	7.08	0
216	2019-04-17	7.08	7.08	7.08	7.08	0
217	2019-04-18	7.08	7.08	7.08	7.08	0
218	2019-04-19	7.08	7.08	7.08	7.08	0
219	2019-04-22	7.08	7.08	7.08	7.08	0
220	2019-04-23	7.08	7.08	7.08	7.08	0
221	2019-04-24	7.08	7.08	7.08	7.08	0
222	2019-04-25	7.08	7.08	7.08	7.08	0
223	2019-04-26	7.08	7.08	7.08	7.08	0
224	2019-05-02	7.08	7.08	7.08	7.08	0
225	2019-05-03	9.83	9.83	9.83	9.83	100
226	2019-05-06	9.83	9.83	9.83	9.83	0
227	2019-05-07	9.83	9.83	9.83	9.83	0
228	2019-05-08	9.83	9.83	9.83	9.83	0
229	2019-05-09	9.83	9.83	9.83	9.83	0
230	2019-05-10	9.83	9.83	9.83	9.83	0
231	2019-05-13	9.83	9.83	9.83	9.83	0
232	2019-05-14	11.27	11.27	11.27	11.27	100
233	2019-05-15	11.27	11.27	11.27	11.27	0
234	2019-05-16	11.27	11.27	11.27	11.27	0
235	2019-05-17	11.43	12.93	11.43	12.93	1100
236	2019-05-20	12.78	12.93	12.93	12.93	0
237	2019-05-21	12.78	12.93	12.93	12.93	0
238	2019-05-22	12.78	12.93	12.93	12.93	0
239	2019-05-23	12.78	12.93	12.93	12.93	0
240	2019-05-24	12.78	12.93	12.93	12.93	0
241	2019-05-27	12.78	12.93	12.93	12.93	0
242	2019-05-28	12.78	12.93	12.93	12.93	0
243	2019-05-29	12.78	12.93	12.93	12.93	0
244	2019-05-30	12.78	12.93	12.93	12.93	0
245	2019-05-31	12.78	12.93	12.93	12.93	0
246	2019-06-03	12.78	12.93	12.93	12.93	0
247	2019-06-04	12.78	12.93	12.93	12.93	0
248	2019-06-05	12.78	12.93	12.93	12.93	0
249	2019-06-06	12.78	12.93	12.93	12.93	0
250	2019-06-07	12.78	12.93	12.93	12.93	0
251	2019-06-10	12.78	12.93	12.93	12.93	0
252	2019-06-11	12.78	12.93	12.93	12.93	0
253	2019-06-12	12.78	12.93	12.93	12.93	0
254	2019-06-13	12.78	12.93	12.93	12.93	0
255	2019-06-14	12.78	12.93	12.93	12.93	0
256	2019-06-17	12.78	12.93	12.93	12.93	0
257	2019-06-18	12.78	12.93	12.93	12.93	0
258	2019-06-19	12.78	12.93	12.93	12.93	0
259	2019-06-20	12.78	12.78	12.78	12.78	0
260	2019-06-21	12.78	12.78	12.78	12.78	0
261	2019-06-24	12.78	12.93	12.93	12.93	0
262	2019-06-25	12.78	12.93	12.93	12.93	0
263	2019-06-26	12.78	12.93	12.93	12.93	0
264	2019-06-27	12.78	12.93	12.93	12.93	0
265	2019-06-28	12.78	12.93	12.93	12.93	0
266	2019-07-01	12.78	12.93	12.93	12.93	0
267	2019-07-02	12.98	12.98	12.98	12.98	1000
268	2019-07-03	12.98	12.98	12.98	12.98	0
269	2019-07-04	12.98	12.98	12.98	12.98	0
270	2019-07-05	13.5	13.5	13.5	13.5	1000
271	2019-07-08	13.5	13.5	13.5	13.5	0
272	2019-07-09	13.5	13.5	13.5	13.5	0
273	2019-07-10	14.54	14.54	14.54	14.54	2000
274	2019-07-11	14.54	14.54	14.54	14.54	0
275	2019-07-12	14.54	14.54	14.54	14.54	0
276	2019-07-15	14.54	14.54	14.54	14.54	0
277	2019-07-16	14.54	14.54	14.54	14.54	0
278	2019-07-17	14.02	14.02	14.02	14.02	100
279	2019-07-18	13.55	13.55	13.24	13.24	1000
280	2019-07-19	13.3	13.24	13.24	13.24	0
281	2019-07-22	13.3	13.24	13.24	13.24	0
282	2019-07-23	13.3	13.24	13.24	13.24	0
283	2019-07-24	13.3	13.24	13.24	13.24	0
284	2019-07-25	13.3	13.24	13.24	13.24	0
285	2019-07-26	13.3	13.24	13.24	13.24	0
286	2019-07-29	11.43	11.43	11.32	11.32	3000
287	2019-07-30	10.13	12.98	9.71	12.98	39212
288	2019-07-31	9.5	9.5	9.5	9.5	567
289	2019-08-01	9.5	9.5	9.5	9.5	0
290	2019-08-02	10.39	10.39	10.39	10.39	945
291	2019-08-05	10.39	10.39	10.39	10.39	0
292	2019-08-06	10.39	10.39	10.39	10.39	0
293	2019-08-07	10.39	10.39	10.39	10.39	0
294	2019-08-08	10.39	10.39	10.39	10.39	0
295	2019-08-09	11.94	11.94	11.94	11.94	300
296	2019-08-12	11.94	11.94	11.94	11.94	40
297	2019-08-13	12.72	12.72	12.72	12.72	100
298	2019-08-14	12.72	12.72	12.72	12.72	0
299	2019-08-15	12.72	12.72	12.72	12.72	0
300	2019-08-16	12.72	12.72	12.72	12.72	0
301	2019-08-19	12.72	12.72	12.72	12.72	0
302	2019-08-20	12.72	12.72	12.72	12.72	0
303	2019-08-21	12.98	12.98	12.98	12.98	10000
304	2019-08-22	12.98	12.98	12.98	12.98	0
305	2019-08-23	12.98	12.98	12.98	12.98	0
306	2019-08-26	12.98	12.98	12.98	12.98	0
307	2019-08-27	12.98	12.98	12.98	12.98	0
308	2019-08-28	12.98	12.98	12.98	12.98	0
309	2019-08-29	12.98	12.98	12.98	12.98	0
310	2019-08-30	12.98	12.98	12.98	12.98	0
311	2019-09-03	12.98	12.98	12.98	12.98	0
312	2019-09-04	12.98	12.98	12.98	12.98	0
313	2019-09-05	12.98	12.98	12.98	12.98	0
314	2019-09-06	12.98	12.98	12.98	12.98	0
315	2019-09-09	12.98	12.98	12.98	12.98	0
316	2019-09-10	12.98	12.98	12.98	12.98	0
317	2019-09-11	12.98	12.98	12.98	12.98	0
318	2019-09-12	12.98	12.98	12.98	12.98	0
319	2019-09-13	12.98	12.98	12.98	12.98	0
320	2019-09-16	13.04	13.5	12.98	13.5	1800
321	2019-09-17	13.24	13.5	13.5	13.5	0
322	2019-09-18	13.24	13.5	13.5	13.5	0
323	2019-09-19	13.24	13.5	13.5	13.5	0
324	2019-09-20	13.24	13.5	13.5	13.5	0
325	2019-09-23	13.24	13.5	13.5	13.5	0
326	2019-09-24	13.24	13.5	13.5	13.5	0
327	2019-09-25	13.24	13.5	13.5	13.5	0
328	2019-09-26	13.24	13.5	13.5	13.5	0
329	2019-09-27	13.24	13.5	13.5	13.5	0
330	2019-09-30	13.24	13.5	13.5	13.5	0
331	2019-10-01	13.24	13.5	13.5	13.5	0
332	2019-10-02	11.43	11.43	11.27	11.27	4000
333	2019-10-03	11.27	11.27	11.27	11.27	0
334	2019-10-04	11.27	11.27	11.27	11.27	0
335	2019-10-07	11.27	11.27	11.27	11.27	0
336	2019-10-08	11.27	11.27	11.27	11.27	0
337	2019-10-09	11.27	11.27	11.27	11.27	0
338	2019-10-10	11.27	11.27	11.27	11.27	0
339	2019-10-11	11.27	11.27	11.27	11.27	0
340	2019-10-14	11.27	11.27	11.27	11.27	0
341	2019-10-15	11.27	11.27	11.27	11.27	0
342	2019-10-16	11.27	11.27	11.27	11.27	0
343	2019-10-17	11.27	11.27	11.27	11.27	0
344	2019-10-18	11.27	11.27	11.27	11.27	0
345	2019-10-21	11.27	11.27	11.27	11.27	0
346	2019-10-22	11.27	11.27	11.27	11.27	0
347	2019-10-23	11.27	11.27	11.27	11.27	0
348	2019-10-24	11.27	11.27	11.27	11.27	0
349	2019-10-25	11.27	11.27	11.27	11.27	0
350	2019-10-28	11.27	11.27	11.27	11.27	0
351	2019-10-29	11.27	11.27	11.27	11.27	0
352	2019-10-30	11.27	11.27	11.27	11.27	0
353	2019-10-31	11.27	11.27	11.27	11.27	0
354	2019-11-01	11.27	11.27	11.27	11.27	0
355	2019-11-04	11.27	11.27	11.27	11.27	0
356	2019-11-05	11.27	11.27	11.27	11.27	0
357	2019-11-06	11.27	11.27	11.27	11.27	0
358	2019-11-07	11.27	11.27	11.27	11.27	0
359	2019-11-08	11.27	11.27	11.27	11.27	0
360	2019-11-11	11.27	11.27	11.27	11.27	0
361	2019-11-12	11.27	11.27	11.27	11.27	0
362	2019-11-13	11.27	11.27	11.27	11.27	0
363	2019-11-14	11.27	11.27	11.27	11.27	0
364	2019-11-15	11.27	11.27	11.27	11.27	0
365	2019-11-18	11.27	11.27	11.27	11.27	0
366	2019-11-19	11.27	11.27	11.27	11.27	0
367	2019-11-20	11.27	11.27	11.27	11.27	0
368	2019-11-21	11.27	11.27	11.27	11.27	0
369	2019-11-22	11.27	11.27	11.27	11.27	0
370	2019-11-25	11.27	11.27	11.27	11.27	0
371	2019-11-26	11.27	11.27	11.27	11.27	0
372	2019-11-27	11.27	11.27	11.27	11.27	0
373	2019-11-28	11.27	11.27	11.27	11.27	0
374	2019-11-29	11.27	11.27	11.27	11.27	0
375	2019-12-02	11.27	11.27	11.27	11.27	0
376	2019-12-03	11.27	11.27	11.27	11.27	0
377	2019-12-04	11.27	11.27	11.27	11.27	0
378	2019-12-05	11.27	11.27	11.27	11.27	0
379	2019-12-06	11.27	11.27	11.27	11.27	0
380	2019-12-09	11.27	11.27	11.27	11.27	0
381	2019-12-10	11.27	11.27	11.27	11.27	0
382	2019-12-11	11.27	11.27	11.27	11.27	0
383	2019-12-12	11.27	11.27	11.27	11.27	0
384	2019-12-13	11.27	11.27	11.27	11.27	0
385	2019-12-16	11.27	11.27	11.27	11.27	0
386	2019-12-17	11.27	11.27	11.27	11.27	0
387	2019-12-18	11.27	11.27	11.27	11.27	0
388	2019-12-19	11.27	11.27	11.27	11.27	0
389	2019-12-20	11.27	11.27	11.27	11.27	0
390	2019-12-23	11.27	11.27	11.27	11.27	0
391	2019-12-24	11.27	11.27	11.27	11.27	0
392	2019-12-25	11.27	11.27	11.27	11.27	0
393	2019-12-26	11.27	11.27	11.27	11.27	0
394	2019-12-27	6.8	6.8	6.8	6.8	17100
395	2019-12-30	6.8	6.8	6.8	6.8	8
396	2019-12-31	6.8	6.8	6.8	6.8	0
397	2020-01-02	6.8	6.8	6.8	6.8	0
398	2020-01-03	6.8	6.8	6.8	6.8	0
399	2020-01-06	6.8	6.8	6.8	6.8	0
400	2020-01-07	6.8	6.8	6.8	6.8	0
401	2020-01-08	6.8	6.8	6.8	6.8	0
402	2020-01-09	6.8	6.8	6.8	6.8	0
403	2020-01-10	6.8	6.8	6.8	6.8	0
404	2020-01-13	6.8	6.8	6.8	6.8	0
405	2020-01-14	6.8	6.8	6.8	6.8	0
406	2020-01-15	6.8	6.8	6.8	6.8	0
407	2020-01-16	6.8	6.8	6.8	6.8	0
408	2020-01-17	6.8	6.8	6.8	6.8	0
409	2020-01-20	6.8	6.8	6.8	6.8	0
410	2020-01-21	6.8	6.8	6.8	6.8	0
411	2020-01-22	6.8	6.8	6.8	6.8	0
412	2020-01-30	6.8	6.8	6.8	6.8	0
413	2020-01-31	6.8	6.8	6.8	6.8	0
414	2020-02-03	6.8	6.8	6.8	6.8	0
415	2020-02-04	6.8	6.8	6.8	6.8	0
416	2020-02-05	6.8	6.8	6.8	6.8	0
417	2020-02-06	6.8	6.8	6.8	6.8	0
418	2020-02-07	6.8	6.8	6.8	6.8	0
419	2020-02-10	6.8	6.8	6.8	6.8	0
420	2020-02-11	6.8	6.8	6.8	6.8	0
421	2020-02-12	8.31	8.31	8.31	8.31	3600
422	2020-02-13	8.31	8.31	8.31	8.31	110
423	2020-02-14	8.31	8.31	8.31	8.31	0
424	2020-02-17	8.31	8.31	8.31	8.31	0
425	2020-02-18	8.31	8.31	8.31	8.31	0
426	2020-02-19	8.31	8.31	8.31	8.31	0
427	2020-02-20	8.31	8.31	8.31	8.31	0
428	2020-02-21	8.31	8.31	8.31	8.31	0
429	2020-02-24	8.31	8.31	8.31	8.31	0
430	2020-02-25	8.31	8.31	8.31	8.31	0
431	2020-02-26	8.31	8.31	8.31	8.31	0
432	2020-02-27	8.31	8.31	8.31	8.31	0
433	2020-02-28	8.31	8.31	8.31	8.31	0
434	2020-03-02	8.31	8.31	8.31	8.31	0
435	2020-03-03	8.31	8.31	8.31	8.31	0
436	2020-03-04	8.31	8.31	8.31	8.31	0
437	2020-03-05	8.31	8.31	8.31	8.31	0
438	2020-03-06	8.31	8.31	8.31	8.31	0
439	2020-03-09	8.31	8.31	8.31	8.31	0
440	2020-03-10	8.31	8.31	8.31	8.31	0
441	2020-03-11	8.31	8.31	8.31	8.31	0
442	2020-03-12	8.31	8.31	8.31	8.31	0
443	2020-03-13	8.31	8.31	8.31	8.31	0
444	2020-03-16	8.31	8.31	8.31	8.31	0
445	2020-03-17	8.31	8.31	8.31	8.31	0
446	2020-03-18	8.31	8.31	8.31	8.31	0
447	2020-03-19	8.31	8.31	8.31	8.31	0
448	2020-03-20	8.31	8.31	8.31	8.31	0
449	2020-03-23	8.31	8.31	8.31	8.31	0
450	2020-03-24	8.31	8.31	8.31	8.31	0
451	2020-03-25	8.31	8.31	8.31	8.31	0
452	2020-03-26	8.31	8.31	8.31	8.31	0
453	2020-03-27	8.31	8.31	8.31	8.31	0
454	2020-03-30	8.31	8.31	8.31	8.31	0
455	2020-03-31	8.31	8.31	8.31	8.31	0
456	2020-04-01	8.31	8.31	8.31	8.31	0
457	2020-04-03	8.31	8.31	8.31	8.31	0
458	2020-04-06	8.31	8.31	8.31	8.31	0
459	2020-04-07	8.31	8.31	8.31	8.31	0
460	2020-04-08	8.31	8.31	8.31	8.31	0
461	2020-04-09	8.31	8.31	8.31	8.31	0
462	2020-04-10	8.31	8.31	8.31	8.31	0
463	2020-04-13	8.31	8.31	8.31	8.31	0
464	2020-04-14	8.31	8.31	8.31	8.31	0
465	2020-04-15	8.31	8.31	8.31	8.31	0
466	2020-04-16	8.31	8.31	8.31	8.31	0
467	2020-04-17	8.31	8.31	8.31	8.31	0
468	2020-04-20	8.31	8.31	8.31	8.31	0
469	2020-04-21	8.31	8.31	8.31	8.31	0
470	2020-04-22	8.31	8.31	8.31	8.31	0
471	2020-04-23	8.31	8.31	8.31	8.31	0
472	2020-04-24	8.31	8.31	8.31	8.31	0
473	2020-04-27	8.31	8.31	8.31	8.31	0
474	2020-04-28	8.31	8.31	8.31	8.31	0
475	2020-04-29	8.31	8.31	8.31	8.31	0
476	2020-05-04	8.31	8.31	8.31	8.31	0
477	2020-05-05	8.31	8.31	8.31	8.31	0
478	2020-05-06	8.31	8.31	8.31	8.31	0
479	2020-05-07	8.31	8.31	8.31	8.31	0
480	2020-05-08	8.31	8.31	8.31	8.31	0
481	2020-05-11	8.31	8.31	8.31	8.31	0
482	2020-05-12	8.31	8.31	8.31	8.31	0
483	2020-05-13	8.31	8.31	8.31	8.31	0
484	2020-05-14	8.31	8.31	8.31	8.31	0
485	2020-05-15	8.31	8.31	8.31	8.31	0
486	2020-05-18	8.31	8.31	8.31	8.31	0
487	2020-05-19	8.31	8.31	8.31	8.31	0
488	2020-05-20	8.31	8.31	8.31	8.31	0
489	2020-05-21	8.31	8.31	8.31	8.31	0
490	2020-05-22	8.31	9.5	9.5	9.5	0
491	2020-05-25	8.31	9.5	9.5	9.5	0
492	2020-05-26	8.31	9.5	9.5	9.5	0
493	2020-05-27	8.31	9.5	9.5	9.5	0
494	2020-05-28	8.31	9.5	9.5	9.5	0
495	2020-05-29	8.31	9.5	9.5	9.5	0
496	2020-06-01	8.31	9.5	9.5	9.5	0
497	2020-06-02	8.31	9.5	9.5	9.5	0
498	2020-06-03	8.31	9.5	9.5	9.5	0
499	2020-06-04	8.31	9.5	9.5	9.5	0
500	2020-06-05	8.31	9.5	9.5	9.5	0
501	2020-06-08	8.31	9.5	9.5	9.5	0
502	2020-06-09	8.31	9.5	9.5	9.5	0
503	2020-06-10	8.31	9.5	9.5	9.5	0
504	2020-06-11	8.31	9.5	9.5	9.5	0
505	2020-06-12	8.31	9.5	9.5	9.5	0
506	2020-06-15	8.31	9.5	9.5	9.5	0
507	2020-06-16	8.31	9.5	9.5	9.5	0
508	2020-06-17	8.31	9.5	9.5	9.5	0
509	2020-06-18	8.31	9.5	9.5	9.5	0
510	2020-06-19	8.31	9.5	9.5	9.5	0
511	2020-06-22	8.31	9.5	9.5	9.5	0
512	2020-06-23	8.31	9.5	9.5	9.5	0
513	2020-06-24	8.31	9.5	9.5	9.5	0
514	2020-06-25	8.31	9.5	9.5	9.5	0
515	2020-06-26	8.31	9.5	9.5	9.5	0
516	2020-06-29	8.31	9.5	9.5	9.5	0
517	2020-06-30	8.31	9.5	9.5	9.5	0
518	2020-07-01	8.31	9.5	9.5	9.5	0
519	2020-07-02	8.31	9.5	9.5	9.5	0
520	2020-07-03	8.31	9.5	9.5	9.5	0
521	2020-07-06	8.31	9.5	9.5	9.5	0
522	2020-07-07	8.31	9.5	9.5	9.5	0
523	2020-07-08	8.31	9.5	9.5	9.5	0
524	2020-07-09	11.63	11.63	11.63	11.63	700
525	2020-07-10	11.63	11.63	11.63	11.63	56
526	2020-07-13	11.63	11.63	11.63	11.63	0
527	2020-07-14	11.63	11.63	11.63	11.63	0
528	2020-07-15	11.63	11.63	11.63	11.63	0
529	2020-07-16	11.63	11.63	11.63	11.63	0
530	2020-07-17	11.63	11.63	11.63	11.63	0
531	2020-07-20	11.63	11.63	11.63	11.63	0
532	2020-07-21	11.63	11.63	11.63	11.63	0
533	2020-07-22	11.63	11.63	11.63	11.63	0
534	2020-07-23	11.63	11.63	11.63	11.63	0
535	2020-07-24	11.63	11.63	11.63	11.63	0
536	2020-07-27	11.63	11.63	11.63	11.63	0
537	2020-07-28	11.63	11.63	11.63	11.63	0
538	2020-07-29	11.63	11.63	11.63	11.63	0
539	2020-07-30	11.63	11.63	11.63	11.63	0
540	2020-07-31	11.63	11.63	11.63	11.63	0
541	2020-08-03	11.63	11.63	11.63	11.63	0
542	2020-08-04	11.63	11.63	11.63	11.63	0
543	2020-08-05	11.63	11.63	11.63	11.63	0
544	2020-08-06	11.63	11.63	11.63	11.63	0
545	2020-08-07	11.63	11.63	11.63	11.63	0
546	2020-08-10	11.63	11.63	11.63	11.63	0
547	2020-08-11	11.63	11.63	11.63	11.63	0
548	2020-08-12	11.63	11.63	11.63	11.63	0
549	2020-08-13	11.63	11.63	11.63	11.63	0
550	2020-08-14	11.63	11.63	11.63	11.63	0
551	2020-08-17	11.63	11.63	11.63	11.63	0
552	2020-08-18	11.63	11.63	11.63	11.63	0
553	2020-08-19	11.63	11.63	11.63	11.63	0
554	2020-08-20	11.63	11.63	11.63	11.63	0
555	2020-08-21	11.63	11.63	11.63	11.63	0
556	2020-08-24	11.63	11.63	11.63	11.63	0
557	2020-08-25	11.63	11.63	11.63	11.63	0
558	2020-08-26	11.63	11.63	11.63	11.63	0
559	2020-08-27	11.63	11.63	11.63	11.63	0
560	2020-08-28	11.63	11.63	11.63	11.63	0
561	2020-08-31	11.63	11.63	11.63	11.63	0
562	2020-09-01	11.63	11.63	11.63	11.63	0
563	2020-09-03	11.63	11.63	11.63	11.63	0
564	2020-09-04	11.63	11.63	11.63	11.63	0
565	2020-09-07	11.63	11.63	11.63	11.63	0
566	2020-09-08	11.63	11.63	11.63	11.63	0
567	2020-09-09	11.63	11.63	11.63	11.63	0
568	2020-09-10	11.63	11.63	11.63	11.63	0
569	2020-09-11	11.63	11.63	11.63	11.63	0
570	2020-09-14	11.63	11.63	11.63	11.63	0
571	2020-09-15	11.63	11.63	11.63	11.63	0
572	2020-09-16	11.63	11.63	11.63	11.63	0
573	2020-09-17	11.63	11.63	11.63	11.63	0
574	2020-09-18	11.63	11.63	11.63	11.63	0
575	2020-09-21	11.63	11.63	11.63	11.63	0
576	2020-09-22	11.63	11.63	11.63	11.63	0
577	2020-09-23	11.63	11.63	11.63	11.63	0
578	2020-09-24	11.63	11.63	11.63	11.63	0
579	2020-09-25	11.63	11.63	11.63	11.63	0
580	2020-09-28	11.63	11.63	11.63	11.63	0
581	2020-09-29	11.63	11.63	11.63	11.63	0
582	2020-09-30	11.63	11.63	11.63	11.63	0
583	2020-10-01	11.63	11.63	11.63	11.63	0
584	2020-10-02	11.63	11.63	11.63	11.63	0
585	2020-10-05	11.63	11.63	11.63	11.63	0
586	2020-10-06	11.63	11.63	11.63	11.63	0
587	2020-10-07	11.63	11.63	11.63	11.63	0
588	2020-10-08	11.63	11.63	11.63	11.63	0
589	2020-10-09	11.63	11.63	11.63	11.63	0
590	2020-10-12	11.63	11.63	11.63	11.63	0
591	2020-10-13	11.63	11.63	11.63	11.63	0
592	2020-10-14	11.63	11.63	11.63	11.63	0
593	2020-10-15	11.63	11.63	11.63	11.63	0
594	2020-10-16	11.63	11.63	11.63	11.63	0
595	2020-10-19	11.63	11.63	11.63	11.63	0
596	2020-10-20	11.63	11.63	11.63	11.63	0
597	2020-10-21	11.63	11.63	11.63	11.63	0
598	2020-10-22	11.63	11.63	11.63	11.63	0
599	2020-10-23	11.63	11.63	11.63	11.63	0
600	2020-10-26	11.63	11.63	11.63	11.63	0
601	2020-10-27	11.63	11.63	11.63	11.63	0
602	2020-10-28	11.63	11.63	11.63	11.63	0
603	2020-10-29	11.63	11.63	11.63	11.63	0
604	2020-10-30	11.63	11.63	11.63	11.63	0
605	2020-11-02	11.63	11.63	11.63	11.63	0
606	2020-11-03	11.63	11.63	11.63	11.63	0
607	2020-11-04	11.63	11.63	11.63	11.63	0
608	2020-11-05	11.63	11.63	11.63	11.63	0
609	2020-11-06	11.63	11.63	11.63	11.63	0
610	2020-11-09	11.63	11.63	11.63	11.63	0
611	2020-11-10	11.63	11.63	11.63	11.63	0
612	2020-11-11	11.63	11.63	11.63	11.63	0
613	2020-11-12	11.63	11.63	11.63	11.63	0
614	2020-11-13	11.63	11.63	11.63	11.63	0
615	2020-11-16	11.63	11.63	11.63	11.63	0
616	2020-11-17	11.63	11.63	11.63	11.63	0
617	2020-11-18	11.63	11.63	11.63	11.63	0
618	2020-11-19	11.63	11.63	11.63	11.63	0
619	2020-11-20	11.63	11.63	11.63	11.63	0
620	2020-11-23	11.63	11.63	11.63	11.63	0
621	2020-11-24	11.63	11.63	11.63	11.63	0
622	2020-11-25	11.63	11.63	11.63	11.63	0
623	2020-11-26	11.63	11.63	11.63	11.63	0
624	2020-11-27	11.63	11.63	11.63	11.63	0
625	2020-11-30	11.63	11.63	11.63	11.63	0
626	2020-12-01	11.63	11.63	11.63	11.63	0
627	2020-12-02	11.63	11.63	11.63	11.63	0
628	2020-12-03	11.63	11.63	11.63	11.63	0
629	2020-12-04	11.63	11.63	11.63	11.63	0
630	2020-12-07	11.63	11.63	11.63	11.63	0
631	2020-12-08	11.63	11.63	11.63	11.63	0
632	2020-12-09	11.63	11.63	11.63	11.63	0
633	2020-12-10	11.63	11.63	11.63	11.63	0
634	2020-12-11	11.63	11.63	11.63	11.63	0
635	2020-12-14	11.63	11.63	11.63	11.63	0
636	2020-12-15	11.63	11.63	11.63	11.63	0
637	2020-12-16	11.63	11.63	11.63	11.63	0
638	2020-12-17	11.63	11.63	11.63	11.63	0
639	2020-12-18	11.63	11.63	11.63	11.63	0
640	2020-12-21	11.63	11.63	11.63	11.63	0
641	2020-12-22	11.63	11.63	11.63	11.63	0
642	2020-12-23	11.63	11.63	11.63	11.63	0
643	2020-12-24	11.63	11.63	11.63	11.63	0
644	2020-12-25	11.63	11.63	11.63	11.63	0
645	2020-12-28	11.63	11.63	11.63	11.63	0
646	2020-12-29	11.63	11.63	11.63	11.63	0
647	2020-12-30	11.63	11.63	11.63	11.63	0
648	2020-12-31	11.63	11.63	11.63	11.63	0
649	2021-01-04	11.63	11.63	11.63	11.63	0
650	2021-01-05	11.63	11.63	11.63	11.63	0
651	2021-01-06	11.63	11.63	11.63	11.63	0
652	2021-01-07	11.63	11.63	11.63	11.63	0
653	2021-01-08	11.63	11.63	11.63	11.63	0
654	2021-01-11	11.63	11.63	11.63	11.63	0
655	2021-01-12	11.63	11.63	11.63	11.63	0
656	2021-01-13	11.63	11.63	11.63	11.63	0
657	2021-01-14	11.63	11.63	11.63	11.63	0
658	2021-01-15	11.63	11.63	11.63	11.63	0
659	2021-01-18	11.63	11.63	11.63	11.63	0
660	2021-01-19	11.63	11.63	11.63	11.63	0
661	2021-01-20	11.63	11.63	11.63	11.63	0
662	2021-01-21	11.63	11.63	11.63	11.63	0
663	2021-01-22	11.63	11.63	11.63	11.63	0
664	2021-01-25	11.63	11.63	11.63	11.63	0
665	2021-01-26	11.63	11.63	11.63	11.63	0
666	2021-01-27	11.63	11.63	11.63	11.63	0
667	2021-01-28	11.63	11.63	11.63	11.63	0
668	2021-01-29	11.63	11.63	11.63	11.63	0
669	2021-02-01	11.63	11.63	11.63	11.63	0
670	2021-02-02	11.63	11.63	11.63	11.63	0
671	2021-02-03	11.63	11.63	11.63	11.63	0
672	2021-02-04	11.63	11.63	11.63	11.63	0
673	2021-02-05	11.63	11.63	11.63	11.63	0
674	2021-02-08	11.63	11.63	11.63	11.63	0
675	2021-02-09	11.63	11.63	11.63	11.63	0
676	2021-02-17	11.63	11.63	11.63	11.63	0
677	2021-02-18	11.63	11.63	11.63	11.63	0
678	2021-02-19	11.63	11.63	11.63	11.63	0
679	2021-02-22	11.63	11.63	11.63	11.63	0
680	2021-02-23	11.63	11.63	11.63	11.63	0
681	2021-02-24	11.63	11.63	11.63	11.63	0
682	2021-02-25	11.63	11.63	11.63	11.63	0
683	2021-02-26	11.63	11.63	11.63	11.63	0
684	2021-03-01	11.63	11.63	11.63	11.63	0
685	2021-03-02	11.63	11.63	11.63	11.63	0
686	2021-03-03	11.63	11.63	11.63	11.63	0
687	2021-03-04	11.63	11.63	11.63	11.63	0
688	2021-03-05	11.63	11.63	11.63	11.63	0
689	2021-03-08	11.63	11.63	11.63	11.63	0
690	2021-03-09	11.63	11.63	11.63	11.63	0
691	2021-03-10	11.63	11.63	11.63	11.63	0
692	2021-03-11	11.63	11.63	11.63	11.63	0
693	2021-03-12	11.63	11.63	11.63	11.63	0
694	2021-03-15	11.63	11.63	11.63	11.63	0
695	2021-03-16	11.63	11.63	11.63	11.63	0
696	2021-03-17	11.63	11.63	11.63	11.63	0
697	2021-03-18	11.63	11.63	11.63	11.63	0
698	2021-03-19	11.63	11.63	11.63	11.63	0
699	2021-03-22	11.63	11.63	11.63	11.63	0
700	2021-03-23	11.63	11.63	11.63	11.63	0
701	2021-03-24	11.63	11.63	11.63	11.63	0
702	2021-03-25	11.63	11.63	11.63	11.63	0
703	2021-03-26	11.63	11.63	11.63	11.63	0
704	2021-03-29	11.63	11.63	11.63	11.63	0
705	2021-03-30	11.63	11.63	11.63	11.63	0
706	2021-03-31	11.63	11.63	11.63	11.63	0
707	2021-04-01	11.63	11.63	11.63	11.63	0
708	2021-04-02	11.63	11.63	11.63	11.63	0
709	2021-04-05	11.63	11.63	11.63	11.63	0
710	2021-04-06	11.63	11.63	11.63	11.63	0
711	2021-04-07	11.63	11.63	11.63	11.63	0
712	2021-04-08	11.63	11.63	11.63	11.63	0
713	2021-04-09	11.63	11.63	11.63	11.63	0
714	2021-04-12	11.63	11.63	11.63	11.63	0
715	2021-04-13	11.63	11.63	11.63	11.63	0
716	2021-04-14	11.63	11.63	11.63	11.63	0
717	2021-04-15	11.63	11.63	11.63	11.63	0
718	2021-04-16	11.63	11.63	11.63	11.63	0
719	2021-04-19	11.63	11.63	11.63	11.63	0
720	2021-04-20	11.63	11.63	11.63	11.63	0
721	2021-04-22	11.63	11.63	11.63	11.63	0
722	2021-04-23	11.63	11.63	11.63	11.63	0
723	2021-04-26	11.63	11.63	11.63	11.63	0
724	2021-04-27	11.63	11.63	11.63	11.63	0
725	2021-04-28	11.63	11.63	11.63	11.63	0
726	2021-04-29	11.63	11.63	11.63	11.63	0
727	2021-05-04	11.63	11.63	11.63	11.63	0
728	2021-05-05	11.63	11.63	11.63	11.63	0
729	2021-05-06	11.63	11.63	11.63	11.63	0
730	2021-05-07	11.63	11.63	11.63	11.63	0
731	2021-05-10	11.63	11.63	11.63	11.63	0
732	2021-05-11	11.63	11.63	11.63	11.63	0
733	2021-05-12	11.63	11.63	11.63	11.63	0
734	2021-05-13	11.63	11.63	11.63	11.63	0
735	2021-05-14	11.63	11.63	11.63	11.63	0
736	2021-05-17	11.63	11.63	11.63	11.63	0
737	2021-05-18	11.63	11.63	11.63	11.63	0
738	2021-05-19	11.63	11.63	11.63	11.63	0
739	2021-05-20	11.63	11.63	11.63	11.63	0
740	2021-05-21	11.63	11.63	11.63	11.63	0
741	2021-05-24	7.06	7.06	7.06	7.06	100
742	2021-05-25	7.06	7.06	7.06	7.06	0
743	2021-05-26	8.07	8.07	8.07	8.07	945
744	2021-05-27	8.07	8.07	8.07	8.07	0
745	2021-05-28	8.07	8.85	8.85	8.85	0
746	2021-05-31	8.07	8.85	8.85	8.85	0
747	2021-06-01	8.07	8.85	8.85	8.85	0
748	2021-06-02	8.07	8.85	8.85	8.85	0
749	2021-06-03	8.07	8.85	8.85	8.85	0
750	2021-06-04	8.07	8.85	8.85	8.85	0
751	2021-06-07	8.07	8.85	8.85	8.85	0
752	2021-06-08	8.07	8.85	8.85	8.85	0
753	2021-06-09	8.07	8.85	8.85	8.85	0
754	2021-06-10	8.07	8.85	8.85	8.85	0
755	2021-06-11	8.07	8.85	8.85	8.85	0
756	2021-06-14	8.07	8.85	8.85	8.85	0
757	2021-06-15	8.07	8.85	8.85	8.85	0
758	2021-06-16	8.07	8.85	8.85	8.85	0
759	2021-06-17	8.07	8.85	8.85	8.85	0
760	2021-06-18	8.07	8.85	8.85	8.85	0
761	2021-06-21	9.24	9.24	9.24	9.24	945
762	2021-06-22	9.24	9.24	9.24	9.24	0
763	2021-06-23	9.24	9.24	9.24	9.24	0
764	2021-06-24	9.24	9.24	9.24	9.24	0
765	2021-06-25	9.24	9.24	9.24	9.24	0
766	2021-06-28	9.24	9.24	9.24	9.24	0
767	2021-06-29	9.24	9.24	9.24	9.24	0
768	2021-06-30	9.24	9.24	9.24	9.24	0
769	2021-07-01	9.24	9.24	9.24	9.24	0
770	2021-07-02	9.24	9.24	9.24	9.24	0
771	2021-07-05	9.24	9.24	9.24	9.24	0
772	2021-07-06	9.24	9.24	9.24	9.24	0
773	2021-07-07	9.24	9.24	9.24	9.24	0
774	2021-07-08	9.24	9.24	9.24	9.24	0
775	2021-07-09	9.24	9.24	9.24	9.24	0
776	2021-07-12	9.24	9.24	9.24	9.24	0
777	2021-07-13	9.24	9.24	9.24	9.24	0
778	2021-07-14	9.24	9.24	9.24	9.24	0
779	2021-07-15	9.24	9.24	9.24	9.24	0
780	2021-07-16	9.24	9.24	9.24	9.24	0
781	2021-07-19	9.24	9.24	9.24	9.24	0
782	2021-07-20	9.24	9.24	9.24	9.24	0
783	2021-07-21	9.24	9.24	9.24	9.24	0
784	2021-07-22	9.24	9.24	9.24	9.24	0
785	2021-07-23	9.24	9.24	9.24	9.24	0
786	2021-07-26	9.24	9.24	9.24	9.24	0
787	2021-07-27	9.24	9.24	9.24	9.24	0
788	2021-07-28	9.24	9.24	9.24	9.24	700
789	2021-07-29	9.24	9.24	9.24	9.24	56
790	2021-07-30	9.24	9.24	9.24	9.24	0
791	2021-08-02	9.24	9.24	9.24	9.24	0
792	2021-08-03	9.24	9.24	9.24	9.24	0
793	2021-08-04	9.24	9.24	9.24	9.24	0
794	2021-08-05	9.24	9.24	9.24	9.24	0
795	2021-08-06	9.24	9.24	9.24	9.24	0
796	2021-08-09	9.24	9.24	9.24	9.24	0
797	2021-08-10	9.24	9.24	9.24	9.24	0
798	2021-08-11	9.24	9.24	9.24	9.24	0
799	2021-08-12	9.24	9.24	9.24	9.24	0
800	2021-08-13	9.24	9.24	9.24	9.24	0
801	2021-08-16	9.24	9.24	9.24	9.24	0
802	2021-08-17	9.24	9.24	9.24	9.24	0
803	2021-08-18	9.24	9.24	9.24	9.24	0
804	2021-08-19	9.24	9.24	9.24	9.24	0
805	2021-08-20	9.24	9.24	9.24	9.24	0
806	2021-08-23	9.24	9.24	9.24	9.24	0
807	2021-08-24	9.24	9.24	9.24	9.24	0
808	2021-08-25	9.24	9.24	9.24	9.24	0
809	2021-08-26	9.24	9.24	9.24	9.24	0
810	2021-08-27	9.24	9.24	9.24	9.24	0
811	2021-08-30	9.24	9.24	9.24	9.24	0
812	2021-08-31	9.24	9.24	9.24	9.24	0
813	2021-09-01	9.24	9.24	9.24	9.24	0
814	2021-09-06	9.24	9.24	9.24	9.24	0
815	2021-09-07	9.24	9.24	9.24	9.24	0
816	2021-09-08	9.24	9.24	9.24	9.24	0
817	2021-09-09	9.24	9.24	9.24	9.24	0
818	2021-09-10	9.24	9.24	9.24	9.24	0
819	2021-09-13	9.24	9.24	9.24	9.24	0
820	2021-09-14	9.24	9.24	9.24	9.24	0
821	2021-09-15	9.24	9.24	9.24	9.24	0
822	2021-09-16	9.24	9.24	9.24	9.24	0
823	2021-09-17	9.24	9.24	9.24	9.24	0
824	2021-09-20	9.24	9.24	9.24	9.24	0
825	2021-09-21	9.24	9.24	9.24	9.24	0
826	2021-09-22	9.24	9.24	9.24	9.24	0
827	2021-09-23	9.24	9.24	9.24	9.24	0
828	2021-09-24	9.24	9.24	9.24	9.24	0
829	2021-09-27	9.24	9.24	9.24	9.24	0
830	2021-09-28	9.24	9.24	9.24	9.24	0
831	2021-09-29	9.24	9.24	9.24	9.24	0
832	2021-09-30	9.24	9.24	9.24	9.24	0
833	2021-10-01	9.24	9.24	9.24	9.24	0
834	2021-10-04	9.24	9.24	9.24	9.24	0
835	2021-10-05	9.24	9.24	9.24	9.24	0
836	2021-10-06	9.24	9.24	9.24	9.24	0
837	2021-10-07	9.24	9.24	9.24	9.24	0
838	2021-10-08	9.24	9.24	9.24	9.24	0
839	2021-10-11	9.24	9.24	9.24	9.24	0
840	2021-10-12	9.24	9.24	9.24	9.24	0
841	2021-10-13	9.24	9.24	9.24	9.24	0
842	2021-10-14	9.24	9.24	9.24	9.24	0
843	2021-10-15	9.24	9.24	9.24	9.24	0
844	2021-10-18	9.24	9.24	9.24	9.24	0
845	2021-10-19	9.24	9.24	9.24	9.24	0
846	2021-10-20	9.24	9.24	9.24	9.24	0
847	2021-10-21	9.24	9.24	9.24	9.24	0
848	2021-10-22	9.24	9.24	9.24	9.24	0
849	2021-10-25	9.24	9.24	9.24	9.24	0
850	2021-10-26	9.24	9.24	9.24	9.24	0
851	2021-10-27	9.24	9.24	9.24	9.24	0
852	2021-10-28	9.24	9.24	9.24	9.24	0
853	2021-10-29	9.24	9.24	9.24	9.24	0
854	2021-11-01	9.24	9.24	9.24	9.24	0
855	2021-11-02	9.24	9.24	9.24	9.24	0
856	2021-11-03	9.24	9.24	9.24	9.24	0
857	2021-11-04	9.24	9.24	9.24	9.24	0
858	2021-11-05	9.24	9.24	9.24	9.24	0
859	2021-11-08	9.24	9.24	9.24	9.24	0
860	2021-11-09	9.24	9.24	9.24	9.24	0
861	2021-11-10	9.24	9.24	9.24	9.24	0
862	2021-11-11	9.24	9.24	9.24	9.24	0
863	2021-11-12	9.24	9.24	9.24	9.24	0
864	2021-11-15	9.24	9.24	9.24	9.24	0
865	2021-11-16	9.24	9.24	9.24	9.24	0
866	2021-11-17	9.24	9.24	9.24	9.24	0
867	2021-11-18	9.24	9.24	9.24	9.24	0
868	2021-11-19	9.24	9.24	9.24	9.24	0
869	2021-11-22	9.24	9.24	9.24	9.24	0
870	2021-11-23	9.24	9.24	9.24	9.24	0
871	2021-11-24	9.24	9.24	9.24	9.24	0
872	2021-11-25	9.24	9.24	9.24	9.24	0
873	2021-11-26	9.24	9.24	9.24	9.24	0
874	2021-11-29	9.24	9.24	9.24	9.24	0
875	2021-11-30	9.24	9.24	9.24	9.24	0
876	2021-12-01	9.24	9.24	9.24	9.24	0
877	2021-12-02	9.24	9.24	9.24	9.24	0
878	2021-12-03	9.24	9.24	9.24	9.24	0
879	2021-12-06	9.24	9.24	9.24	9.24	0
880	2021-12-07	9.24	9.24	9.24	9.24	0
881	2021-12-08	9.24	9.24	9.24	9.24	0
882	2021-12-09	9.24	9.24	9.24	9.24	0
883	2021-12-10	9.24	9.24	9.24	9.24	0
884	2021-12-13	9.24	9.24	9.24	9.24	0
885	2021-12-14	9.24	9.24	9.24	9.24	0
886	2021-12-15	9.24	9.24	9.24	9.24	0
887	2021-12-16	9.24	9.24	9.24	9.24	0
888	2021-12-17	9.24	9.24	9.24	9.24	0
889	2021-12-20	9.24	9.24	9.24	9.24	0
890	2021-12-21	9.24	9.24	9.24	9.24	0
891	2021-12-22	9.24	9.24	9.24	9.24	0
892	2021-12-23	9.24	9.24	9.24	9.24	0
893	2021-12-24	9.24	9.24	9.24	9.24	0
894	2021-12-27	9.24	9.24	9.24	9.24	0
895	2021-12-28	9.24	9.24	9.24	9.24	0
896	2021-12-29	9.24	9.24	9.24	9.24	0
897	2021-12-30	9.24	9.24	9.24	9.24	0
898	2021-12-31	9.24	9.24	9.24	9.24	0
899	2022-01-04	9.24	9.24	9.24	9.24	0
900	2022-01-05	9.24	9.24	9.24	9.24	0
901	2022-01-06	9.24	9.24	9.24	9.24	0
902	2022-01-07	9.24	9.24	9.24	9.24	0
903	2022-01-10	9.24	9.24	9.24	9.24	0
904	2022-01-11	9.24	9.24	9.24	9.24	0
905	2022-01-12	9.24	9.24	9.24	9.24	0
906	2022-01-13	9.24	9.24	9.24	9.24	0
907	2022-01-14	9.24	9.24	9.24	9.24	0
908	2022-01-17	9.24	9.24	9.24	9.24	0
909	2022-01-18	9.24	9.24	9.24	9.24	0
910	2022-01-19	9.24	9.24	9.24	9.24	0
911	2022-01-20	9.24	9.24	9.24	9.24	0
912	2022-01-21	9.24	9.24	9.24	9.24	0
913	2022-01-24	9.24	9.24	9.24	9.24	0
914	2022-01-25	9.24	9.24	9.24	9.24	0
915	2022-01-26	9.24	9.24	9.24	9.24	0
916	2022-01-27	9.24	9.24	9.24	9.24	0
917	2022-01-28	9.24	9.24	9.24	9.24	0
918	2022-02-07	9.24	9.24	9.24	9.24	0
919	2022-02-08	9.24	9.24	9.24	9.24	0
920	2022-02-09	9.24	9.24	9.24	9.24	0
921	2022-02-10	9.24	9.24	9.24	9.24	0
922	2022-02-11	9.24	9.24	9.24	9.24	0
923	2022-02-14	9.24	9.24	9.24	9.24	0
924	2022-02-15	9.24	9.24	9.24	9.24	0
925	2022-02-16	9.24	9.24	9.24	9.24	0
926	2022-02-17	9.24	9.24	9.24	9.24	0
927	2022-02-18	9.24	9.24	9.24	9.24	0
928	2022-02-21	9.24	9.24	9.24	9.24	0
929	2022-02-22	9.24	9.24	9.24	9.24	0
930	2022-02-23	9.24	9.24	9.24	9.24	0
931	2022-02-24	9.24	9.24	9.24	9.24	0
932	2022-02-25	9.24	9.24	9.24	9.24	0
933	2022-02-28	9.24	9.24	9.24	9.24	0
934	2022-03-01	9.24	9.24	9.24	9.24	0
935	2022-03-02	9.24	9.24	9.24	9.24	0
936	2022-03-03	9.24	9.24	9.24	9.24	0
937	2022-03-04	9.24	9.24	9.24	9.24	0
938	2022-03-07	9.24	9.24	9.24	9.24	0
939	2022-03-08	9.24	9.24	9.24	9.24	0
940	2022-03-09	9.24	9.24	9.24	9.24	0
941	2022-03-10	9.24	9.24	9.24	9.24	0
942	2022-03-11	9.24	9.24	9.24	9.24	0
943	2022-03-14	9.24	9.24	9.24	9.24	0
944	2022-03-15	9.24	9.24	9.24	9.24	0
945	2022-03-16	9.24	9.24	9.24	9.24	0
946	2022-03-17	9.24	9.24	9.24	9.24	0
947	2022-03-18	9.24	9.24	9.24	9.24	0
948	2022-03-21	9.24	9.24	9.24	9.24	0
949	2022-03-22	9.24	9.24	9.24	9.24	0
950	2022-03-23	9.24	9.24	9.24	9.24	0
951	2022-03-24	9.24	9.24	9.24	9.24	0
952	2022-03-25	9.24	9.24	9.24	9.24	0
953	2022-03-28	9.24	9.24	9.24	9.24	0
954	2022-03-29	9.24	9.24	9.24	9.24	0
955	2022-03-30	9.24	9.24	9.24	9.24	0
956	2022-03-31	9.24	9.24	9.24	9.24	0
957	2022-04-01	9.24	9.24	9.24	9.24	0
958	2022-04-04	9.24	9.24	9.24	9.24	0
959	2022-04-05	9.24	9.24	9.24	9.24	0
960	2022-04-06	9.24	9.24	9.24	9.24	0
961	2022-04-07	9.24	9.24	9.24	9.24	0
962	2022-04-08	9.24	9.24	9.24	9.24	0
963	2022-04-12	9.24	9.24	9.24	9.24	0
964	2022-04-13	9.24	9.24	9.24	9.24	0
965	2022-04-14	9.24	9.24	9.24	9.24	0
966	2022-04-15	9.24	9.24	9.24	9.24	0
967	2022-04-18	9.24	9.24	9.24	9.24	0
968	2022-04-19	9.24	9.24	9.24	9.24	0
969	2022-04-20	9.24	9.24	9.24	9.24	0
970	2022-04-21	9.24	9.24	9.24	9.24	0
971	2022-04-22	9.24	9.24	9.24	9.24	0
972	2022-04-25	9.24	9.24	9.24	9.24	0
973	2022-04-26	9.24	9.24	9.24	9.24	0
974	2022-04-27	9.24	9.24	9.24	9.24	0
975	2022-04-28	9.24	9.24	9.24	9.24	0
976	2022-04-29	9.24	9.24	9.24	9.24	0
977	2022-05-04	9.24	9.24	9.24	9.24	0
978	2022-05-05	9.24	9.24	9.24	9.24	0
979	2022-05-06	9.24	9.24	9.24	9.24	0
980	2022-05-09	9.24	9.24	9.24	9.24	0
981	2022-05-10	9.24	9.24	9.24	9.24	0
982	2022-05-11	9.24	9.24	9.24	9.24	0
983	2022-05-12	9.24	9.24	9.24	9.24	0
984	2022-05-13	9.24	9.24	9.24	9.24	0
985	2022-05-16	9.24	9.24	9.24	9.24	0
986	2022-05-17	9.24	9.24	9.24	9.24	0
987	2022-05-18	9.24	9.24	9.24	9.24	0
988	2022-05-19	9.24	9.24	9.24	9.24	0
989	2022-05-20	9.24	9.24	9.24	9.24	0
990	2022-05-23	9.24	9.24	9.24	9.24	0
991	2022-05-24	9.24	9.24	9.24	9.24	0
992	2022-05-25	9.24	9.24	9.24	9.24	0
993	2022-05-26	12.89	12.89	12.89	12.89	7500
994	2022-05-27	12.89	12.89	12.89	12.89	74
995	2022-05-30	12.89	12.89	12.89	12.89	0
996	2022-05-31	12.89	12.89	12.89	12.89	0
997	2022-06-01	12.89	12.89	12.89	12.89	0
998	2022-06-02	12.89	12.89	12.89	12.89	0
999	2022-06-03	12.89	12.89	12.89	12.89	0
1000	2022-06-06	12.89	12.89	12.89	12.89	0
1001	2022-06-07	12.89	12.89	12.89	12.89	0
1002	2022-06-08	12.89	12.89	12.89	12.89	0
1003	2022-06-09	12.89	12.89	12.89	12.89	0
1004	2022-06-10	12.89	12.89	12.89	12.89	0
1005	2022-06-13	12.89	12.89	12.89	12.89	0
1006	2022-06-14	12.89	12.89	12.89	12.89	0
1007	2022-06-15	12.89	12.89	12.89	12.89	0
1008	2022-06-16	12.89	12.89	12.89	12.89	0
1009	2022-06-17	12.89	12.89	12.89	12.89	0
1010	2022-06-20	12.89	12.89	12.89	12.89	0
1011	2022-06-21	12.89	12.89	12.89	12.89	0
1012	2022-06-22	12.89	12.89	12.89	12.89	0
1013	2022-06-23	12.89	12.89	12.89	12.89	0
1014	2022-06-24	12.89	12.89	12.89	12.89	0
1015	2022-06-27	12.89	12.89	12.89	12.89	0
1016	2022-06-28	12.89	12.89	12.89	12.89	0
1017	2022-06-29	12.89	12.89	12.89	12.89	0
1018	2022-06-30	12.89	12.89	12.89	12.89	0
1019	2022-07-01	12.89	12.89	12.89	12.89	0
1020	2022-07-04	12.89	12.89	12.89	12.89	0
1021	2022-07-05	12.89	12.89	12.89	12.89	0
1022	2022-07-06	12.89	12.89	12.89	12.89	0
1023	2022-07-07	12.89	12.89	12.89	12.89	0
1024	2022-07-08	12.89	12.89	12.89	12.89	0
1025	2022-07-11	12.89	12.89	12.89	12.89	0
1026	2022-07-12	12.89	12.89	12.89	12.89	0
1027	2022-07-13	12.68	12.68	12.68	12.68	100
1028	2022-07-14	12.68	12.68	12.68	12.68	94
1029	2022-07-15	12.68	12.68	12.68	12.68	0
1030	2022-07-18	12.68	12.68	12.68	12.68	0
1031	2022-07-19	14.09	14.09	14.09	14.09	1000
1032	2022-07-20	14.09	14.09	14.09	14.09	0
1033	2022-07-21	14.09	14.09	14.09	14.09	0
1034	2022-07-22	14.09	14.09	14.09	14.09	0
1035	2022-07-25	14.09	14.09	14.09	14.09	0
1036	2022-07-26	14.09	14.09	14.09	14.09	0
1037	2022-07-27	14.09	14.09	14.09	14.09	0
1038	2022-07-28	14.09	14.09	14.09	14.09	0
1039	2022-07-29	14.09	14.09	14.09	14.09	0
1040	2022-08-01	16.2	16.2	16.2	16.2	756
1041	2022-08-02	16.2	16.2	16.2	16.2	0
1042	2022-08-03	16.2	16.2	16.2	16.2	0
1043	2022-08-04	16.2	16.2	16.2	16.2	0
1044	2022-08-05	16.2	16.2	16.2	16.2	0
1045	2022-08-08	16.2	16.2	16.2	16.2	0
1046	2022-08-09	16.2	16.2	16.2	16.2	0
1047	2022-08-10	16.2	16.2	16.2	16.2	0
1048	2022-08-11	16.2	16.2	16.2	16.2	0
1049	2022-08-12	16.2	16.2	16.2	16.2	0
1050	2022-08-15	16.2	16.2	16.2	16.2	0
1051	2022-08-16	16.2	16.2	16.2	16.2	0
1052	2022-08-17	16.2	16.2	16.2	16.2	0
1053	2022-08-18	16.2	16.2	16.2	16.2	0
1054	2022-08-19	16.2	16.2	16.2	16.2	0
1055	2022-08-22	16.2	16.2	16.2	16.2	0
1056	2022-08-23	16.2	16.2	16.2	16.2	0
1057	2022-08-24	16.2	16.2	16.2	16.2	0
1058	2022-08-25	16.2	16.2	16.2	16.2	0
1059	2022-08-26	16.2	16.2	16.2	16.2	0
1060	2022-08-29	16.2	16.2	16.2	16.2	0
1061	2022-08-30	16.2	16.2	16.2	16.2	0
1062	2022-08-31	16.2	16.2	16.2	16.2	0
1063	2022-09-05	16.2	16.2	16.2	16.2	0
1064	2022-09-06	16.2	16.2	16.2	16.2	0
1065	2022-09-07	16.2	16.2	16.2	16.2	0
1066	2022-09-08	16.2	16.2	16.2	16.2	0
1067	2022-09-09	16.2	16.2	16.2	16.2	0
1068	2022-09-12	16.2	16.2	16.2	16.2	0
1069	2022-09-13	16.2	16.2	16.2	16.2	0
1070	2022-09-14	16.2	16.2	16.2	16.2	0
1071	2022-09-15	16.2	16.2	16.2	16.2	0
1072	2022-09-16	16.2	16.2	16.2	16.2	0
1073	2022-09-19	16.2	16.2	16.2	16.2	0
1074	2022-09-20	16.2	16.2	16.2	16.2	0
1075	2022-09-21	16.2	16.2	16.2	16.2	0
1076	2022-09-22	16.2	16.2	16.2	16.2	0
1077	2022-09-23	16.2	16.2	16.2	16.2	0
1078	2022-09-26	16.2	16.2	16.2	16.2	0
1079	2022-09-27	16.2	16.2	16.2	16.2	0
1080	2022-09-28	16.2	16.2	16.2	16.2	0
1081	2022-09-29	16.2	16.2	16.2	16.2	0
1082	2022-09-30	16.2	16.2	16.2	16.2	0
1083	2022-10-03	16.2	16.2	16.2	16.2	0
1084	2022-10-04	16.2	16.2	16.2	16.2	0
1085	2022-10-05	16.2	16.2	16.2	16.2	0
1086	2022-10-06	16.2	16.2	16.2	16.2	0
1087	2022-10-07	16.2	16.2	16.2	16.2	0
1088	2022-10-10	16.2	16.2	16.2	16.2	700
1089	2022-10-11	16.2	16.2	16.2	16.2	0
1090	2022-10-12	16.2	16.2	16.2	16.2	0
1091	2022-10-13	16.2	16.2	16.2	16.2	0
1092	2022-10-14	16.2	16.2	16.2	16.2	0
1093	2022-10-17	16.2	16.2	16.2	16.2	0
1094	2022-10-18	16.2	16.2	16.2	16.2	0
1095	2022-10-19	16.2	16.2	16.2	16.2	0
1096	2022-10-20	16.2	16.2	16.2	16.2	0
1097	2022-10-21	16.2	16.2	16.2	16.2	0
1098	2022-10-24	16.2	16.2	16.2	16.2	0
1099	2022-10-25	16.2	16.2	16.2	16.2	0
1100	2022-10-26	16.2	16.2	16.2	16.2	0
1101	2022-10-27	16.2	16.2	16.2	16.2	0
1102	2022-10-28	16.2	16.2	16.2	16.2	0
1103	2022-10-31	16.2	16.2	16.2	16.2	0
1104	2022-11-01	16.2	16.2	16.2	16.2	0
1105	2022-11-02	16.2	16.2	16.2	16.2	0
1106	2022-11-03	16.2	16.2	16.2	16.2	0
1107	2022-11-04	16.2	16.2	16.2	16.2	0
1108	2022-11-07	16.2	16.2	16.2	16.2	0
1109	2022-11-08	16.2	16.2	16.2	16.2	0
1110	2022-11-09	16.2	16.2	16.2	16.2	0
1111	2022-11-10	16.2	16.2	16.2	16.2	0
1112	2022-11-11	16.2	16.2	16.2	16.2	0
1113	2022-11-14	16.2	16.2	16.2	16.2	0
1114	2022-11-15	16.2	16.2	16.2	16.2	0
1115	2022-11-16	16.2	16.2	16.2	16.2	0
1116	2022-11-17	16.2	16.2	16.2	16.2	0
1117	2022-11-18	16.2	16.2	16.2	16.2	0
1118	2022-11-21	16.2	16.2	16.2	16.2	0
1119	2022-11-22	16.2	16.2	16.2	16.2	0
1120	2022-11-23	16.2	16.2	16.2	16.2	0
1121	2022-11-24	16.2	16.2	16.2	16.2	0
1122	2022-11-25	16.2	16.2	16.2	16.2	0
1123	2022-11-28	16.2	16.2	16.2	16.2	0
1124	2022-11-29	16.2	16.2	16.2	16.2	0
1125	2022-11-30	16.2	16.2	16.2	16.2	0
1126	2022-12-01	16.2	16.2	16.2	16.2	0
1127	2022-12-02	16.2	16.2	16.2	16.2	0
1128	2022-12-05	16.2	16.2	16.2	16.2	0
1129	2022-12-06	16.2	16.2	16.2	16.2	0
1130	2022-12-07	16.2	16.2	16.2	16.2	0
1131	2022-12-08	16.2	16.2	16.2	16.2	0
1132	2022-12-09	16.2	16.2	16.2	16.2	0
1133	2022-12-12	16.2	16.2	16.2	16.2	0
1134	2022-12-13	16.2	16.2	16.2	16.2	0
1135	2022-12-14	16.2	16.2	16.2	16.2	0
1136	2022-12-15	16.2	16.2	16.2	16.2	0
1137	2022-12-16	16.2	16.2	16.2	16.2	0
1138	2022-12-19	16.2	16.2	16.2	16.2	0
1139	2022-12-20	16.2	16.2	16.2	16.2	0
1140	2022-12-21	16.2	16.2	16.2	16.2	0
1141	2022-12-22	16.2	16.2	16.2	16.2	0
1142	2022-12-23	16.2	16.2	16.2	16.2	0
1143	2022-12-26	16.2	16.2	16.2	16.2	0
1144	2022-12-27	16.2	16.2	16.2	16.2	0
1145	2022-12-28	16.2	16.2	16.2	16.2	0
1146	2022-12-29	16.2	16.2	16.2	16.2	0
1147	2022-12-30	16.2	16.2	16.2	16.2	0
1148	2023-01-03	16.2	16.2	16.2	16.2	0
1149	2023-01-04	16.2	16.2	16.2	16.2	0
1150	2023-01-05	16.2	16.2	16.2	16.2	0
1151	2023-01-06	16.2	16.2	16.2	16.2	0
1152	2023-01-09	16.2	16.2	16.2	16.2	0
1153	2023-01-10	16.2	16.2	16.2	16.2	0
1154	2023-01-11	16.2	16.2	16.2	16.2	0
1155	2023-01-12	16.2	16.2	16.2	16.2	0
1156	2023-01-13	16.2	16.2	16.2	16.2	0
1157	2023-01-16	16.2	16.2	16.2	16.2	0
1158	2023-01-17	16.2	16.2	16.2	16.2	0
1159	2023-01-18	16.2	16.2	16.2	16.2	0
1160	2023-01-19	16.2	16.2	16.2	16.2	0
1161	2023-01-27	16.2	16.2	16.2	16.2	0
1162	2023-01-30	16.2	16.2	16.2	16.2	0
1163	2023-01-31	16.2	16.2	16.2	16.2	0
1164	2023-02-01	16.2	16.2	16.2	16.2	0
1165	2023-02-02	16.2	16.2	16.2	16.2	0
1166	2023-02-03	16.2	16.2	16.2	16.2	0
1167	2023-02-06	16.2	16.2	16.2	16.2	0
1168	2023-02-07	16.2	16.2	16.2	16.2	0
1169	2023-02-08	16.2	16.2	16.2	16.2	0
1170	2023-02-09	9.72	9.79	9.72	9.79	2800
1171	2023-02-10	9.72	9.72	9.72	9.72	0
1172	2023-02-13	9.72	9.72	9.72	9.72	0
1173	2023-02-14	9.72	9.72	9.72	9.72	0
1174	2023-02-15	9.72	9.72	9.72	9.72	0
1175	2023-02-16	9.72	9.72	9.72	9.72	0
1176	2023-02-17	9.72	9.72	9.72	9.72	0
1177	2023-02-20	9.72	9.72	9.72	9.72	0
1178	2023-02-21	9.72	9.72	9.72	9.72	0
1179	2023-02-22	9.72	9.72	9.72	9.72	0
1180	2023-02-23	9.72	9.72	9.72	9.72	0
1181	2023-02-24	9.72	9.72	9.72	9.72	0
1182	2023-02-27	9.72	9.72	9.72	9.72	0
1183	2023-02-28	9.72	9.72	9.72	9.72	0
1184	2023-03-01	9.72	9.72	9.72	9.72	0
1185	2023-03-02	9.72	9.72	9.72	9.72	0
1186	2023-03-03	9.72	9.72	9.72	9.72	0
1187	2023-03-06	9.72	9.72	9.72	9.72	0
1188	2023-03-07	9.72	9.72	9.72	9.72	0
1189	2023-03-08	9.72	9.72	9.72	9.72	0
1190	2023-03-09	9.72	9.72	9.72	9.72	0
1191	2023-03-10	9.72	9.72	9.72	9.72	0
1192	2023-03-13	9.72	9.72	9.72	9.72	0
1193	2023-03-14	9.72	9.72	9.72	9.72	0
1194	2023-03-15	9.72	9.72	9.72	9.72	0
1195	2023-03-16	9.72	9.72	9.72	9.72	0
1196	2023-03-17	9.72	9.72	9.72	9.72	0
1197	2023-03-20	9.72	9.72	9.72	9.72	0
1198	2023-03-21	9.72	9.72	9.72	9.72	0
1199	2023-03-22	9.72	9.72	9.72	9.72	0
1200	2023-03-23	9.72	9.72	9.72	9.72	0
1201	2023-03-24	9.72	9.72	9.72	9.72	0
1202	2023-03-27	9.72	9.72	9.72	9.72	0
1203	2023-03-28	9.72	9.72	9.72	9.72	0
1204	2023-03-29	9.72	9.72	9.72	9.72	0
1205	2023-03-30	9.72	9.72	9.72	9.72	0
1206	2023-03-31	9.72	9.72	9.72	9.72	0
1207	2023-04-03	9.72	9.72	9.72	9.72	0
1208	2023-04-04	9.72	9.72	9.72	9.72	0
1209	2023-04-05	9.72	9.72	9.72	9.72	0
1210	2023-04-06	9.72	9.72	9.72	9.72	0
1211	2023-04-07	9.72	9.72	9.72	9.72	0
1212	2023-04-10	9.72	9.72	9.72	9.72	0
1213	2023-04-11	9.72	9.72	9.72	9.72	0
1214	2023-04-12	9.72	9.72	9.72	9.72	0
1215	2023-04-13	9.72	9.72	9.72	9.72	0
1216	2023-04-14	9.72	9.72	9.72	9.72	0
1217	2023-04-17	9.72	9.72	9.72	9.72	0
1218	2023-04-18	9.72	9.72	9.72	9.72	0
1219	2023-04-19	9.72	9.72	9.72	9.72	0
1220	2023-04-20	9.72	9.72	9.72	9.72	0
1221	2023-04-21	9.72	9.72	9.72	9.72	0
1222	2023-04-24	9.72	9.72	9.72	9.72	0
1223	2023-04-25	9.72	9.72	9.72	9.72	0
1224	2023-04-26	9.72	9.72	9.72	9.72	0
1225	2023-04-27	9.72	9.72	9.72	9.72	0
1226	2023-04-28	9.72	9.72	9.72	9.72	0
1227	2023-05-04	9.72	9.72	9.72	9.72	0
1228	2023-05-05	9.72	9.72	9.72	9.72	0
1229	2023-05-08	9.72	9.72	9.72	9.72	0
1230	2023-05-09	9.72	9.72	9.72	9.72	0
1231	2023-05-10	9.72	9.72	9.72	9.72	0
1232	2023-05-11	9.72	9.72	9.72	9.72	0
1233	2023-05-12	9.72	9.72	9.72	9.72	0
1234	2023-05-15	9.72	9.72	9.72	9.72	0
1235	2023-05-16	9.72	9.72	9.72	9.72	0
1236	2023-05-17	9.72	9.72	9.72	9.72	0
1237	2023-05-18	9.72	9.72	9.72	9.72	0
1238	2023-05-19	9.72	9.72	9.72	9.72	0
1239	2023-05-22	9.72	9.72	9.72	9.72	0
1240	2023-05-23	9.72	9.72	9.72	9.72	0
1241	2023-05-24	9.72	9.72	9.72	9.72	0
1242	2023-05-25	9.72	9.72	9.72	9.72	0
1243	2023-05-26	9.72	9.72	9.72	9.72	0
1244	2023-05-29	9.72	9.72	9.72	9.72	0
1245	2023-05-30	9.72	9.72	9.72	9.72	0
1246	2023-05-31	9.72	9.72	9.72	9.72	0
1247	2023-06-01	9.72	9.72	9.72	9.72	0
1248	2023-06-02	9.72	9.72	9.72	9.72	0
1249	2023-06-05	9.72	9.72	9.72	9.72	0
1250	2023-06-06	9.72	9.72	9.72	9.72	0
1251	2023-06-07	9.72	9.72	9.72	9.72	0
1252	2023-06-08	9.72	9.72	9.72	9.72	0
1253	2023-06-09	9.72	9.72	9.72	9.72	0
1254	2023-06-12	9.72	9.72	9.72	9.72	0
1255	2023-06-13	9.72	9.72	9.72	9.72	0
1256	2023-06-14	9.72	9.72	9.72	9.72	0
1257	2023-06-15	9.72	9.72	9.72	9.72	0
1258	2023-06-16	9.72	9.72	9.72	9.72	0
1259	2023-06-19	9.72	9.72	9.72	9.72	0
1260	2023-06-20	9.72	9.72	9.72	9.72	0
1261	2023-06-21	9.72	9.72	9.72	9.72	0
1262	2023-06-22	9.72	9.72	9.72	9.72	0
1263	2023-06-23	9.72	9.72	9.72	9.72	0
1264	2023-06-26	9.72	9.72	9.72	9.72	0
1265	2023-06-27	9.72	9.72	9.72	9.72	0
1266	2023-06-28	9.72	9.72	9.72	9.72	0
1267	2023-06-29	9.72	9.72	9.72	9.72	0
1268	2023-06-30	9.72	9.72	9.72	9.72	0
1269	2023-07-03	9.72	9.72	9.72	9.72	0
1270	2023-07-04	9.72	9.72	9.72	9.72	0
1271	2023-07-05	9.72	9.72	9.72	9.72	0
1272	2023-07-06	9.72	9.72	9.72	9.72	0
1273	2023-07-07	9.72	9.72	9.72	9.72	0
1274	2023-07-10	9.72	9.72	9.72	9.72	0
1275	2023-07-11	9.72	9.72	9.72	9.72	0
1276	2023-07-12	9.72	9.72	9.72	9.72	0
1277	2023-07-13	9.72	9.72	9.72	9.72	0
1278	2023-07-14	9.72	9.72	9.72	9.72	0
1279	2023-07-17	9.72	9.72	9.72	9.72	0
1280	2023-07-18	9.72	9.72	9.72	9.72	0
1281	2023-07-19	9.72	9.72	9.72	9.72	0
1282	2023-07-20	9.72	9.72	9.72	9.72	0
1283	2023-07-21	9.72	9.72	9.72	9.72	0
1284	2023-07-24	9.72	9.72	9.72	9.72	0
1285	2023-07-25	9.72	9.72	9.72	9.72	0
1286	2023-07-26	9.72	9.72	9.72	9.72	0
1287	2023-07-27	9.72	9.72	9.72	9.72	0
1288	2023-07-28	9.72	9.72	9.72	9.72	0
1289	2023-07-31	9.72	9.72	9.72	9.72	0
1290	2023-08-01	9.72	9.72	9.72	9.72	0
1291	2023-08-02	9.72	9.72	9.72	9.72	0
1292	2023-08-03	9.72	9.72	9.72	9.72	0
1293	2023-08-04	9.72	9.72	9.72	9.72	0
1294	2023-08-07	9.72	9.72	9.72	9.72	0
1295	2023-08-08	9.72	9.72	9.72	9.72	0
1296	2023-08-09	9.72	9.72	9.72	9.72	0
1297	2023-08-10	9.72	9.72	9.72	9.72	0
1298	2023-08-11	9.72	9.72	9.72	9.72	0
1299	2023-08-14	9.72	9.72	9.72	9.72	0
1300	2023-08-15	9.72	9.72	9.72	9.72	0
1301	2023-08-16	9.72	9.72	9.72	9.72	0
1302	2023-08-17	9.72	9.72	9.72	9.72	0
1303	2023-08-18	9.72	9.72	9.72	9.72	0
1304	2023-08-21	9.72	9.72	9.72	9.72	0
1305	2023-08-22	9.72	9.72	9.72	9.72	0
1306	2023-08-23	9.72	9.72	9.72	9.72	0
1307	2023-08-24	9.72	9.72	9.72	9.72	0
1308	2023-08-25	9.72	9.72	9.72	9.72	0
1309	2023-08-28	9.72	9.72	9.72	9.72	0
1310	2023-08-29	9.72	9.72	9.72	9.72	0
1311	2023-08-30	9.72	9.72	9.72	9.72	0
1312	2023-08-31	9.72	9.72	9.72	9.72	0
1313	2023-09-05	9.72	9.72	9.72	9.72	0
1314	2023-09-06	9.72	9.72	9.72	9.72	0
1315	2023-09-07	9.72	9.72	9.72	9.72	0
1316	2023-09-08	9.72	9.72	9.72	9.72	0
1317	2023-09-11	9.72	9.72	9.72	9.72	0
1318	2023-09-12	9.72	9.72	9.72	9.72	0
1319	2023-09-13	9.72	9.72	9.72	9.72	0
1320	2023-09-14	9.72	9.72	9.72	9.72	0
1321	2023-09-15	9.72	9.72	9.72	9.72	0
1322	2023-09-18	9.72	9.72	9.72	9.72	0
1323	2023-09-19	9.72	9.72	9.72	9.72	0
1324	2023-09-20	9.72	9.72	9.72	9.72	0
1325	2023-09-21	9.72	9.72	9.72	9.72	0
1326	2023-09-22	9.72	9.72	9.72	9.72	0
1327	2023-09-25	9.72	9.72	9.72	9.72	0
1328	2023-09-26	9.72	9.72	9.72	9.72	0
1329	2023-09-27	9.72	9.72	9.72	9.72	0
1330	2023-09-28	9.72	9.72	9.72	9.72	0
1331	2023-09-29	9.72	9.72	9.72	9.72	0
1332	2023-10-02	9.72	9.72	9.72	9.72	0
1333	2023-10-03	9.72	9.72	9.72	9.72	0
1334	2023-10-04	9.72	9.72	9.72	9.72	0
1335	2023-10-05	9.72	9.72	9.72	9.72	0
1336	2023-10-06	9.72	9.72	9.72	9.72	0
1337	2023-10-09	9.72	9.72	9.72	9.72	0
1338	2023-10-10	9.72	9.72	9.72	9.72	0
1339	2023-10-11	9.72	9.72	9.72	9.72	0
1340	2023-10-12	9.72	9.72	9.72	9.72	0
1341	2023-10-13	9.72	9.72	9.72	9.72	0
1342	2023-10-16	9.72	9.72	9.72	9.72	0
1343	2023-10-17	9.72	9.72	9.72	9.72	0
1344	2023-10-18	9.72	9.72	9.72	9.72	0
1345	2023-10-19	9.72	9.72	9.72	9.72	0
1346	2023-10-20	9.72	9.72	9.72	9.72	0
1347	2023-10-23	9.72	9.72	9.72	9.72	0
1348	2023-10-24	9.72	9.72	9.72	9.72	0
1349	2023-10-25	9.72	9.72	9.72	9.72	0
1350	2023-10-26	9.72	9.72	9.72	9.72	0
1351	2023-10-27	9.72	9.72	9.72	9.72	0
1352	2023-10-30	9.72	9.72	9.72	9.72	0
1353	2023-10-31	9.72	9.72	9.72	9.72	0
1354	2023-11-01	9.72	9.72	9.72	9.72	0
1355	2023-11-02	9.72	9.72	9.72	9.72	0
1356	2023-11-03	9.72	9.72	9.72	9.72	0
1357	2023-11-06	9.72	9.72	9.72	9.72	0
1358	2023-11-07	9.72	9.72	9.72	9.72	0
1359	2023-11-08	9.72	9.72	9.72	9.72	0
1360	2023-11-09	9.72	9.72	9.72	9.72	0
1361	2023-11-10	9.72	9.72	9.72	9.72	0
1362	2023-11-13	9.72	9.72	9.72	9.72	0
1363	2023-11-14	9.72	9.72	9.72	9.72	0
1364	2023-11-15	9.72	9.72	9.72	9.72	0
1365	2023-11-16	9.72	9.72	9.72	9.72	0
1366	2023-11-17	9.72	9.72	9.72	9.72	0
1367	2023-11-20	9.72	9.72	9.72	9.72	0
1368	2023-11-21	9.72	9.72	9.72	9.72	0
1369	2023-11-22	9.72	9.72	9.72	9.72	0
1370	2023-11-23	9.72	9.72	9.72	9.72	0
1371	2023-11-24	9.72	9.72	9.72	9.72	0
1372	2023-11-27	9.72	9.72	9.72	9.72	0
1373	2023-11-28	9.72	9.72	9.72	9.72	0
1374	2023-11-29	9.72	9.72	9.72	9.72	0
1375	2023-11-30	9.72	9.72	9.72	9.72	0
1376	2023-12-01	9.72	9.72	9.72	9.72	0
1377	2023-12-04	9.72	9.72	9.72	9.72	0
1378	2023-12-05	9.72	9.72	9.72	9.72	0
1379	2023-12-06	9.72	9.72	9.72	9.72	0
1380	2023-12-07	9.72	9.72	9.72	9.72	0
1381	2023-12-08	9.72	9.72	9.72	9.72	0
1382	2023-12-11	9.72	9.72	9.72	9.72	0
1383	2023-12-12	9.72	9.72	9.72	9.72	0
1384	2023-12-13	9.72	9.72	9.72	9.72	0
1385	2023-12-14	9.72	9.72	9.72	9.72	0
1386	2023-12-15	9.72	9.72	9.72	9.72	0
1387	2023-12-18	9.72	9.72	9.72	9.72	0
1388	2023-12-19	9.72	9.72	9.72	9.72	0
1389	2023-12-20	9.72	9.72	9.72	9.72	0
1390	2023-12-21	9.72	9.72	9.72	9.72	0
1391	2023-12-22	9.72	9.72	9.72	9.72	0
1392	2023-12-25	9.72	9.72	9.72	9.72	0
1393	2023-12-26	9.72	9.72	9.72	9.72	0
1394	2023-12-27	9.72	9.72	9.72	9.72	0
1395	2023-12-28	9.72	9.72	9.72	9.72	0
1396	2023-12-29	9.72	9.72	9.72	9.72	0
1397	2024-01-02	9.72	9.72	9.72	9.72	0
1398	2024-01-03	9.72	9.72	9.72	9.72	0
1399	2024-01-04	9.72	9.72	9.72	9.72	0
1400	2024-01-05	9.72	9.72	9.72	9.72	0
1401	2024-01-08	9.72	9.72	9.72	9.72	0
1402	2024-01-09	13.59	13.59	13.59	13.59	100
1403	2024-01-10	13.59	13.59	13.59	13.59	0
1404	2024-01-11	13.59	13.59	13.59	13.59	0
1405	2024-01-12	13.59	13.59	13.59	13.59	0
1406	2024-01-15	13.59	13.59	13.59	13.59	0
1407	2024-01-16	13.59	13.59	13.59	13.59	0
1408	2024-01-17	13.59	13.59	13.59	13.59	0
1409	2024-01-18	13.59	13.59	13.59	13.59	0
1410	2024-01-19	13.59	13.59	13.59	13.59	0
1411	2024-01-22	13.59	13.59	13.59	13.59	0
1412	2024-01-23	13.59	13.59	13.59	13.59	0
1413	2024-01-24	13.59	13.59	13.59	13.59	0
1414	2024-01-25	13.59	13.59	13.59	13.59	0
1415	2024-01-26	13.59	13.59	13.59	13.59	0
1416	2024-01-29	13.59	13.59	13.59	13.59	0
1417	2024-01-30	13.59	13.59	13.59	13.59	0
1418	2024-01-31	13.59	13.59	13.59	13.59	0
1419	2024-02-01	13.59	13.59	13.59	13.59	0
1420	2024-02-02	13.59	13.59	13.59	13.59	0
1421	2024-02-05	13.59	13.59	13.59	13.59	0
1422	2024-02-06	13.59	13.59	13.59	13.59	0
1423	2024-02-07	13.59	13.59	13.59	13.59	0
1424	2024-02-15	13.59	13.59	13.59	13.59	0
1425	2024-02-16	13.59	13.59	13.59	13.59	0
1426	2024-02-19	13.59	13.59	13.59	13.59	0
1427	2024-02-20	13.59	13.59	13.59	13.59	0
1428	2024-02-21	13.59	13.59	13.59	13.59	0
1429	2024-02-22	13.59	13.59	13.59	13.59	0
1430	2024-02-23	13.59	13.59	13.59	13.59	0
1431	2024-02-26	13.59	13.59	13.59	13.59	0
1432	2024-02-27	13.59	13.59	13.59	13.59	0
1433	2024-02-28	13.59	13.59	13.59	13.59	0
1434	2024-02-29	13.59	13.59	13.59	13.59	0
1435	2024-03-01	13.59	13.59	13.59	13.59	0
1436	2024-03-04	13.59	13.59	13.59	13.59	0
1437	2024-03-05	13.59	13.59	13.59	13.59	0
1438	2024-03-06	13.59	13.59	13.59	13.59	0
1439	2024-03-07	13.59	13.59	13.59	13.59	0
1440	2024-03-08	13.59	13.59	13.59	13.59	0
1441	2024-03-11	13.59	13.59	13.59	13.59	0
1442	2024-03-12	13.59	13.59	13.59	13.59	0
1443	2024-03-13	13.59	13.59	13.59	13.59	0
1444	2024-03-14	18.0	18.0	18.0	18.0	100
1445	2024-03-15	18.0	18.0	18.0	18.0	20
1446	2024-03-18	18.0	18.0	18.0	18.0	0
1447	2024-03-19	18.0	18.0	18.0	18.0	0
1448	2024-03-20	18.0	18.0	18.0	18.0	0
1449	2024-03-21	18.0	18.0	18.0	18.0	0
1450	2024-03-22	18.0	18.0	18.0	18.0	0
1451	2024-03-25	18.0	18.0	18.0	18.0	0
1452	2024-03-26	18.0	18.0	18.0	18.0	0
1453	2024-03-27	18.0	18.0	18.0	18.0	0
1454	2024-03-28	18.0	18.0	18.0	18.0	0
1455	2024-03-29	18.0	18.0	18.0	18.0	0
1456	2024-04-01	18.0	18.0	18.0	18.0	0
1457	2024-04-02	18.0	18.0	18.0	18.0	0
1458	2024-04-03	18.0	18.0	18.0	18.0	0
1459	2024-04-04	18.0	18.0	18.0	18.0	0
1460	2024-04-05	18.0	18.0	18.0	18.0	0
1461	2024-04-08	18.0	18.0	18.0	18.0	0
1462	2024-04-09	18.0	18.0	18.0	18.0	0
1463	2024-04-10	18.0	18.0	18.0	18.0	0
1464	2024-04-11	18.0	18.0	18.0	18.0	0
1465	2024-04-12	18.0	18.0	18.0	18.0	0
1466	2024-04-15	18.0	18.0	18.0	18.0	0
1467	2024-04-16	18.0	18.0	18.0	18.0	0
1468	2024-04-17	18.0	18.0	18.0	18.0	0
1469	2024-04-19	18.0	18.0	18.0	18.0	0
1470	2024-04-22	18.0	18.0	18.0	18.0	0
1471	2024-04-23	18.0	18.0	18.0	18.0	0
1472	2024-04-24	18.0	18.0	18.0	18.0	0
1473	2024-04-25	18.0	18.0	18.0	18.0	0
1474	2024-04-26	18.0	18.0	18.0	18.0	0
1475	2024-05-02	18.0	18.0	18.0	18.0	0
1476	2024-05-03	18.0	18.0	18.0	18.0	0
1477	2024-05-06	18.0	18.0	18.0	18.0	0
1478	2024-05-07	18.0	18.0	18.0	18.0	0
1479	2024-05-08	18.0	18.0	18.0	18.0	0
1480	2024-05-09	18.0	18.0	18.0	18.0	0
1481	2024-05-10	18.0	18.0	18.0	18.0	0
1482	2024-05-13	18.0	18.0	18.0	18.0	0
1483	2024-05-14	18.0	18.0	18.0	18.0	0
1484	2024-05-15	18.0	18.0	18.0	18.0	0
1485	2024-05-16	18.0	18.0	18.0	18.0	0
1486	2024-05-17	18.0	18.0	18.0	18.0	0
1487	2024-05-20	18.0	18.0	18.0	18.0	0
1488	2024-05-21	18.0	18.0	18.0	18.0	0
1489	2024-05-22	18.0	18.0	18.0	18.0	0
1490	2024-05-23	18.0	18.0	18.0	18.0	0
1491	2024-05-24	18.0	18.0	18.0	18.0	0
1492	2024-05-27	18.0	18.0	18.0	18.0	0
1493	2024-05-28	18.0	18.0	18.0	18.0	0
1494	2024-05-29	18.0	18.0	18.0	18.0	0
1495	2024-05-30	18.0	18.0	18.0	18.0	0
1496	2024-05-31	18.0	18.0	18.0	18.0	0
1497	2024-06-03	25.2	25.2	25.2	25.2	1600
1498	2024-06-04	25.2	25.2	25.2	25.2	0
1499	2024-06-05	25.2	25.2	25.2	25.2	0
1500	2024-06-06	25.2	25.2	25.2	25.2	0
1501	2024-06-07	25.2	25.2	25.2	25.2	0
1502	2024-06-10	25.2	25.2	25.2	25.2	0
1503	2024-06-11	25.2	25.2	25.2	25.2	0
1504	2024-06-12	25.2	25.2	25.2	25.2	0
1505	2024-06-13	25.2	25.2	25.2	25.2	0
1506	2024-06-14	25.2	25.2	25.2	25.2	0
1507	2024-06-17	25.2	25.2	25.2	25.2	0
1508	2024-06-18	25.2	25.2	25.2	25.2	0
1509	2024-06-19	25.2	25.2	25.2	25.2	0
1510	2024-06-20	25.2	25.2	25.2	25.2	0
1511	2024-06-21	25.2	25.2	25.2	25.2	0
1512	2024-06-24	25.2	25.2	25.2	25.2	0
1513	2024-06-25	25.2	25.2	25.2	25.2	0
1514	2024-06-26	25.2	25.2	25.2	25.2	0
1515	2024-06-27	25.2	25.2	25.2	25.2	0
1516	2024-06-28	25.2	25.2	25.2	25.2	0
1517	2024-07-01	25.2	25.2	25.2	25.2	0
1518	2024-07-02	25.2	25.2	25.2	25.2	0
1519	2024-07-03	25.2	25.2	25.2	25.2	0
1520	2024-07-04	25.2	25.2	25.2	25.2	0
1521	2024-07-05	25.2	25.2	25.2	25.2	0
1522	2024-07-08	25.2	25.2	25.2	25.2	0
1523	2024-07-09	25.2	25.2	25.2	25.2	0
1524	2024-07-10	25.2	25.2	25.2	25.2	0
1525	2024-07-11	20.0	20.0	20.0	20.0	200
1526	2024-07-12	20.0	20.0	20.0	20.0	47
1527	2024-07-15	20.0	20.0	20.0	20.0	0
1528	2024-07-16	20.0	20.0	20.0	20.0	0
1529	2024-07-17	20.0	20.0	20.0	20.0	0
1530	2024-07-18	20.0	20.0	20.0	20.0	0
1531	2024-07-19	20.0	20.0	20.0	20.0	0
1532	2024-07-22	20.0	20.0	20.0	20.0	0
1533	2024-07-23	20.0	20.0	20.0	20.0	0
1534	2024-07-24	20.0	20.0	20.0	20.0	0
1535	2024-07-25	20.0	20.0	20.0	20.0	0
1536	2024-09-05	21.0	21.0	21.0	21.0	100
1537	2024-09-10	20.5	20.5	20.5	20.5	2700
1538	2024-10-28	20.5	20.5	20.5	20.5	100
