	time	open	high	low	close	volume
0	2018-11-01	8.5	0.0	0.0	0.0	0
1	2018-11-02	8.5	8.5	8.5	8.5	0
2	2018-11-05	8.5	8.5	8.5	8.5	0
3	2018-11-06	11.89	11.89	11.89	11.89	100
4	2018-11-07	13.67	13.67	13.67	13.67	500
5	2018-11-08	15.71	15.71	15.71	15.71	100
6	2018-11-09	18.03	18.03	18.03	18.03	300
7	2018-11-12	20.72	20.72	20.72	20.72	100
8	2018-11-13	17.65	20.72	17.65	17.65	1600
9	2018-11-14	15.23	17.76	15.23	17.76	5100
10	2018-11-15	15.07	18.3	15.07	16.2	6700
11	2018-11-16	15.12	17.76	15.12	17.76	1400
12	2018-11-19	15.55	15.55	13.24	15.55	100
13	2018-11-20	13.24	13.24	13.24	13.24	1000
14	2018-11-21	15.18	15.18	15.18	15.18	100
15	2018-11-22	12.97	17.44	12.97	17.44	11848
16	2018-11-23	17.17	17.17	13.51	13.51	1500
17	2018-11-26	14.75	13.51	13.51	13.51	0
18	2018-11-27	12.92	12.92	12.92	12.92	100
19	2018-11-28	12.92	12.92	12.92	12.92	35
20	2018-11-29	12.92	12.92	12.92	12.92	0
21	2018-11-30	14.85	14.85	14.85	14.85	100
22	2018-12-03	17.06	17.06	17.06	17.06	2800
23	2018-12-04	14.53	19.59	14.53	19.37	8948
24	2018-12-05	16.47	16.47	16.47	16.47	100
25	2018-12-06	16.2	18.89	14.37	16.74	1400
26	2018-12-07	19.86	19.86	17.33	19.86	4200
27	2018-12-10	16.74	16.74	16.74	16.74	1010
28	2018-12-11	15.18	15.18	15.18	15.18	100
29	2018-12-12	15.18	15.18	15.18	15.18	0
30	2018-12-13	15.18	15.18	15.18	15.18	3
31	2018-12-14	16.68	17.44	14.42	14.42	2400
32	2018-12-17	16.14	14.42	14.42	14.42	0
33	2018-12-18	16.14	16.14	16.14	14.42	10
34	2018-12-19	18.57	18.57	16.41	16.41	700
35	2018-12-20	19.91	19.91	19.91	19.91	28740
36	2018-12-21	19.97	20.07	19.97	20.07	4400
37	2018-12-24	17.01	20.02	17.01	20.02	10010
38	2018-12-25	19.91	20.13	19.91	20.07	20000
39	2018-12-26	20.07	20.07	18.84	18.84	6000
40	2018-12-27	19.75	20.18	19.64	19.91	17200
41	2018-12-28	19.54	19.91	19.54	19.91	15000
42	2019-01-02	18.89	18.89	18.89	18.89	100
43	2019-01-03	16.68	16.68	16.68	16.68	100
44	2019-01-04	19.16	19.16	14.64	14.64	300
45	2019-01-07	15.07	15.07	15.07	15.07	140
46	2019-01-08	15.07	15.07	15.07	15.07	0
47	2019-01-09	15.07	15.07	15.07	15.07	0
48	2019-01-10	15.07	15.07	15.07	15.07	0
49	2019-01-11	15.07	15.07	15.07	15.07	0
50	2019-01-14	15.07	15.07	15.07	15.07	0
51	2019-01-15	15.07	15.07	15.07	15.07	0
52	2019-01-16	15.07	15.07	15.07	15.07	0
53	2019-01-17	15.07	15.07	15.07	15.07	0
54	2019-01-18	15.07	15.07	15.07	15.07	0
55	2019-01-21	15.07	15.07	15.07	15.07	100
56	2019-01-22	15.07	15.07	15.07	15.07	0
57	2019-01-23	15.07	15.07	15.07	15.07	0
58	2019-01-24	17.33	17.33	17.33	17.33	200
59	2019-01-25	19.91	19.91	19.91	19.91	1700
60	2019-01-28	19.91	19.91	19.91	19.91	0
61	2019-01-29	19.91	19.91	19.91	19.91	0
62	2019-01-30	17.22	17.22	17.22	17.22	100
63	2019-01-31	17.22	17.22	17.22	17.22	0
64	2019-02-01	17.22	17.22	17.22	17.22	0
65	2019-02-11	17.22	17.22	17.22	17.22	100
66	2019-02-12	14.91	14.91	14.91	14.91	100
67	2019-02-13	14.91	14.91	14.91	14.91	0
68	2019-02-14	14.91	14.91	14.91	14.91	0
69	2019-02-15	14.91	14.91	14.91	14.91	0
70	2019-02-18	14.91	14.91	14.91	14.91	0
71	2019-02-19	14.91	14.91	14.91	14.91	0
72	2019-02-20	14.91	14.91	14.91	14.91	0
73	2019-02-21	14.91	14.91	14.91	14.91	0
74	2019-02-22	14.91	14.91	14.91	14.91	0
75	2019-02-25	14.91	14.91	14.91	14.91	0
76	2019-02-26	14.91	14.91	14.91	14.91	48
77	2019-02-27	14.53	14.53	14.53	14.53	200
78	2019-02-28	14.53	14.53	14.53	14.53	0
79	2019-03-01	14.53	14.53	14.53	14.53	0
80	2019-03-04	14.53	14.53	14.53	14.53	0
81	2019-03-05	14.53	14.53	14.53	14.53	0
82	2019-03-06	14.53	14.53	14.53	14.53	1
83	2019-03-07	14.53	14.53	14.53	14.53	0
84	2019-03-08	14.53	14.53	14.53	14.53	0
85	2019-03-11	14.53	14.53	14.53	14.53	0
86	2019-03-12	14.53	14.53	14.53	14.53	0
87	2019-03-13	14.53	14.53	14.53	14.53	0
88	2019-03-14	14.53	14.53	14.53	14.53	0
89	2019-03-15	14.53	16.68	14.53	14.53	600
90	2019-03-18	14.91	14.53	14.53	14.53	0
91	2019-03-19	17.11	17.11	17.11	17.11	100
92	2019-03-20	14.96	14.96	14.96	14.96	500
93	2019-03-21	17.17	17.17	17.17	17.17	100
94	2019-03-22	15.18	15.18	15.18	15.18	200
95	2019-03-25	15.18	15.18	15.18	15.18	0
96	2019-03-26	15.18	15.18	15.18	15.18	0
97	2019-03-27	15.18	15.18	15.18	15.18	0
98	2019-03-28	15.18	15.18	15.18	15.18	0
99	2019-03-29	13.29	13.29	13.29	13.29	100
100	2019-04-01	15.28	15.28	15.28	15.28	100
101	2019-04-02	15.28	15.28	15.28	15.28	0
102	2019-04-03	17.54	17.54	17.54	17.54	111
103	2019-04-04	17.54	17.54	15.39	15.39	1001
104	2019-04-05	15.61	15.39	15.39	15.39	0
105	2019-04-08	14.53	14.53	14.53	14.53	107
106	2019-04-09	14.53	14.53	14.53	14.53	0
107	2019-04-10	14.53	14.53	14.53	14.53	0
108	2019-04-11	14.53	14.53	14.53	14.53	0
109	2019-04-12	14.53	14.53	14.53	14.53	0
110	2019-04-16	14.53	14.53	14.53	14.53	0
111	2019-04-17	13.08	16.68	13.08	16.68	300
112	2019-04-18	17.76	17.76	17.76	17.76	100
113	2019-04-19	17.76	17.76	17.76	17.76	0
114	2019-04-22	17.76	17.76	17.76	17.76	0
115	2019-04-23	17.76	17.76	17.76	17.76	0
116	2019-04-24	19.91	19.91	19.91	19.91	100
117	2019-04-25	19.91	19.91	19.91	19.91	0
118	2019-04-26	17.22	19.37	17.22	19.37	200
119	2019-05-02	15.88	15.88	15.88	15.88	100
120	2019-05-03	15.88	15.88	15.88	15.88	0
121	2019-05-06	15.88	15.88	15.88	15.88	0
122	2019-05-07	15.88	15.88	15.88	15.88	0
123	2019-05-08	13.99	13.99	13.99	13.99	100
124	2019-05-09	13.99	13.99	13.99	13.99	0
125	2019-05-10	13.99	13.99	13.99	13.99	0
126	2019-05-13	13.99	13.99	13.99	13.99	0
127	2019-05-14	13.99	14.38	14.38	14.38	0
128	2019-05-15	13.99	14.38	14.38	14.38	0
129	2019-05-16	13.99	14.38	14.38	14.38	0
130	2019-05-17	13.99	14.38	14.38	14.38	0
131	2019-05-20	13.99	14.38	14.38	14.38	0
132	2019-05-21	13.99	14.38	14.38	14.38	0
133	2019-05-22	13.99	14.38	14.38	14.38	0
134	2019-05-23	13.99	14.38	14.38	14.38	0
135	2019-05-24	13.99	14.38	14.38	14.38	0
136	2019-05-27	13.99	14.38	14.38	14.38	0
137	2019-05-28	13.99	14.38	14.38	14.38	0
138	2019-05-29	13.99	14.38	14.38	14.38	0
139	2019-05-30	13.99	14.38	14.38	14.38	0
140	2019-05-31	13.99	14.38	14.38	14.38	0
141	2019-06-03	13.99	13.99	13.99	14.38	1
142	2019-06-04	13.99	14.38	14.38	14.38	0
143	2019-06-05	13.99	14.38	14.38	14.38	0
144	2019-06-06	13.99	14.38	14.38	14.38	0
145	2019-06-07	13.99	14.38	14.38	14.38	0
146	2019-06-10	13.99	14.38	14.38	14.38	0
147	2019-06-11	13.83	13.83	13.83	13.83	100
148	2019-06-12	13.83	13.83	13.83	13.83	0
149	2019-06-13	14.38	14.38	14.38	14.38	100
150	2019-06-14	14.38	14.38	14.38	14.38	0
151	2019-06-17	14.38	14.38	14.38	14.38	0
152	2019-06-18	14.38	14.38	14.38	14.38	0
153	2019-06-19	14.38	14.38	14.38	14.38	0
154	2019-06-20	14.38	14.38	14.38	14.38	0
155	2019-06-21	14.38	14.38	14.38	14.38	0
156	2019-06-24	16.54	16.54	16.54	16.54	100
157	2019-06-25	16.54	16.54	16.54	16.54	0
158	2019-06-26	14.1	14.1	14.1	14.1	100
159	2019-06-27	14.1	14.1	14.1	14.1	0
160	2019-06-28	14.1	14.1	14.1	14.1	0
161	2019-07-01	14.1	14.1	14.1	14.1	0
162	2019-07-02	14.1	14.1	14.1	14.1	0
163	2019-07-03	14.1	14.1	14.1	14.1	0
164	2019-07-04	14.1	14.1	14.1	14.1	0
165	2019-07-05	14.1	14.1	14.1	14.1	0
166	2019-07-08	14.1	14.1	14.1	14.1	0
167	2019-07-09	14.1	14.1	14.1	14.1	0
168	2019-07-10	14.1	14.1	14.1	14.1	0
169	2019-07-11	14.1	14.1	14.1	14.1	0
170	2019-07-12	14.1	14.1	14.1	14.1	0
171	2019-07-15	14.1	14.1	14.1	14.1	0
172	2019-07-16	14.1	14.1	14.1	14.1	0
173	2019-07-17	14.1	14.1	14.1	14.1	0
174	2019-07-18	14.1	14.1	14.1	14.1	0
175	2019-07-19	14.1	14.1	14.1	14.1	0
176	2019-07-22	14.1	14.1	14.1	14.1	0
177	2019-07-23	12.17	15.48	12.17	15.48	300
178	2019-07-24	14.38	15.48	15.48	15.48	0
179	2019-07-25	14.38	15.48	15.48	15.48	0
180	2019-07-26	14.38	15.48	15.48	15.48	0
181	2019-07-29	14.38	15.48	15.48	15.48	0
182	2019-07-30	14.38	15.91	15.91	15.91	0
183	2019-07-31	14.38	15.91	15.91	15.91	0
184	2019-08-01	14.38	15.91	15.91	15.91	0
185	2019-08-02	14.38	15.91	15.91	15.91	0
186	2019-08-05	14.38	15.91	15.91	15.91	0
187	2019-08-06	14.38	15.91	15.91	15.91	0
188	2019-08-07	14.38	15.91	15.91	15.91	0
189	2019-08-08	14.38	15.91	15.91	15.91	0
190	2019-08-09	14.38	15.91	15.91	15.91	0
191	2019-08-12	14.38	15.91	15.91	15.91	0
192	2019-08-13	14.38	15.91	15.91	15.91	0
193	2019-08-14	14.38	15.91	15.91	15.91	0
194	2019-08-15	14.38	15.91	15.91	15.91	0
195	2019-08-16	14.38	15.91	15.91	15.91	0
196	2019-08-19	14.38	15.91	15.91	15.91	0
197	2019-08-20	14.38	15.91	15.91	15.91	0
198	2019-08-21	14.38	15.91	15.91	15.91	0
199	2019-08-22	14.38	15.91	15.91	15.91	0
200	2019-08-23	14.38	15.91	15.91	15.91	0
201	2019-08-26	14.38	15.91	15.91	15.91	0
202	2019-08-27	14.38	15.91	15.91	15.91	0
203	2019-08-28	14.38	15.91	15.91	15.91	0
204	2019-08-29	14.38	15.91	15.91	15.91	0
205	2019-08-30	14.38	15.91	15.91	15.91	0
206	2019-09-03	14.38	15.91	15.91	15.91	0
207	2019-09-04	14.38	15.91	15.91	15.91	0
208	2019-09-05	14.78	14.78	14.78	14.78	100
209	2019-09-06	14.78	14.78	14.78	14.78	0
210	2019-09-09	14.78	14.78	14.78	14.78	0
211	2019-09-10	14.78	14.78	14.78	14.78	0
212	2019-09-11	14.78	14.78	14.78	14.78	0
213	2019-09-12	14.78	14.78	14.78	14.78	0
214	2019-09-13	14.78	14.78	14.78	14.78	0
215	2019-09-16	14.78	14.78	14.78	14.78	0
216	2019-09-17	14.78	14.78	14.78	14.78	0
217	2019-09-18	14.78	14.78	14.78	14.78	0
218	2019-09-19	14.78	14.78	14.78	14.78	0
219	2019-09-20	14.78	14.78	14.78	14.78	0
220	2019-09-23	14.78	14.78	14.78	14.78	0
221	2019-09-24	14.78	14.78	14.78	14.78	0
222	2019-09-25	14.78	14.78	14.78	14.78	0
223	2019-09-26	14.78	14.78	14.78	14.78	0
224	2019-09-27	14.78	14.78	14.78	14.78	0
225	2019-09-30	14.78	14.78	14.78	14.78	0
226	2019-10-01	14.78	14.78	14.78	14.78	0
227	2019-10-02	14.78	14.78	14.78	14.78	0
228	2019-10-03	14.78	14.78	14.78	14.78	0
229	2019-10-04	14.78	14.78	14.78	14.78	0
230	2019-10-07	14.78	14.78	14.78	14.78	0
231	2019-10-08	14.78	14.78	14.78	14.78	0
232	2019-10-09	14.78	14.78	14.78	14.78	0
233	2019-10-10	14.78	14.78	14.78	14.78	0
234	2019-10-11	14.78	14.78	14.78	14.78	0
235	2019-10-14	14.49	14.49	14.49	14.49	100
236	2019-10-15	14.49	14.49	14.49	14.49	0
237	2019-10-16	14.49	14.49	14.49	14.49	0
238	2019-10-17	16.65	16.65	12.5	12.5	200
239	2019-10-18	14.61	12.5	12.5	12.5	0
240	2019-10-21	14.61	12.5	12.5	12.5	0
241	2019-10-22	14.61	12.5	12.5	12.5	0
242	2019-10-23	14.61	12.5	12.5	12.5	0
243	2019-10-24	14.61	12.5	12.5	12.5	0
244	2019-10-25	14.61	12.5	12.5	12.5	0
245	2019-10-28	14.61	12.5	12.5	12.5	0
246	2019-10-29	14.61	12.5	12.5	12.5	0
247	2019-10-30	14.61	12.5	12.5	12.5	0
248	2019-10-31	16.77	16.77	16.77	14.61	100
249	2019-11-01	14.49	14.49	14.49	14.49	100
250	2019-11-04	14.49	14.49	14.49	14.49	0
251	2019-11-05	14.49	14.49	14.49	14.49	0
252	2019-11-06	14.49	14.49	14.49	14.49	0
253	2019-11-07	14.49	14.49	14.49	14.49	0
254	2019-11-08	14.49	14.49	14.49	14.49	0
255	2019-11-11	14.49	14.49	14.49	14.49	0
256	2019-11-12	14.49	14.49	14.49	14.49	0
257	2019-11-13	14.49	14.49	14.49	14.49	0
258	2019-11-14	14.49	14.49	14.49	14.49	0
259	2019-11-15	14.49	14.49	14.49	14.49	0
260	2019-11-18	14.49	14.49	14.49	14.49	0
261	2019-11-19	14.49	14.49	14.49	14.49	0
262	2019-11-20	14.49	14.49	14.49	14.49	0
263	2019-11-21	14.49	14.49	14.49	14.49	0
264	2019-11-22	14.49	14.49	14.49	14.49	0
265	2019-11-25	14.49	14.49	14.49	14.49	0
266	2019-11-26	14.49	14.49	14.49	14.49	0
267	2019-11-27	14.49	14.49	14.49	14.49	0
268	2019-11-28	14.49	14.49	14.49	14.49	0
269	2019-11-29	14.49	14.49	14.49	14.49	0
270	2019-12-02	14.49	14.49	14.49	14.49	0
271	2019-12-03	14.49	14.49	14.49	14.49	0
272	2019-12-04	14.49	14.49	14.49	14.49	0
273	2019-12-05	14.49	14.49	14.49	14.49	0
274	2019-12-06	14.49	14.49	14.49	14.49	0
275	2019-12-09	14.49	14.49	14.49	14.49	0
276	2019-12-10	14.49	14.49	14.49	14.49	0
277	2019-12-11	14.49	14.49	14.49	14.49	0
278	2019-12-12	14.49	14.49	14.49	14.49	0
279	2019-12-13	14.49	14.49	14.49	14.49	0
280	2019-12-16	14.49	14.49	14.49	14.49	0
281	2019-12-17	14.49	14.49	14.49	14.49	0
282	2019-12-18	14.49	14.49	14.49	14.49	0
283	2019-12-19	14.49	14.49	14.49	14.49	0
284	2019-12-20	14.49	14.49	14.49	14.49	0
285	2019-12-23	14.49	14.49	14.49	14.49	0
286	2019-12-24	14.21	14.21	14.21	14.21	100
287	2019-12-25	14.21	14.21	14.21	14.21	0
288	2019-12-26	14.21	14.21	14.21	14.21	0
289	2019-12-27	14.21	14.21	14.21	14.21	0
290	2019-12-30	14.21	14.21	14.21	14.21	0
291	2019-12-31	14.21	14.21	14.21	14.21	0
292	2020-01-02	14.21	14.21	14.21	14.21	0
293	2020-01-03	14.21	14.21	14.21	14.21	0
294	2020-01-06	14.21	14.21	14.21	14.21	0
295	2020-01-07	14.21	14.21	14.21	14.21	0
296	2020-01-08	14.21	14.21	14.21	14.21	0
297	2020-01-09	14.21	14.21	14.21	14.21	0
298	2020-01-10	14.21	14.21	14.21	14.21	0
299	2020-01-13	14.21	14.21	14.21	14.21	0
300	2020-01-14	14.21	14.21	14.21	14.21	0
301	2020-01-15	14.21	14.21	14.21	14.21	0
302	2020-01-16	14.21	14.21	14.21	14.21	0
303	2020-01-17	14.21	14.21	14.21	14.21	0
304	2020-01-20	14.21	14.21	14.21	14.21	0
305	2020-01-21	14.21	14.21	14.21	14.21	0
306	2020-01-22	14.21	14.21	14.21	14.21	0
307	2020-01-30	14.21	14.21	14.21	14.21	0
308	2020-01-31	14.21	14.21	14.21	14.21	0
309	2020-02-03	14.21	14.21	14.21	14.21	0
310	2020-02-04	14.21	14.21	14.21	14.21	0
311	2020-02-05	14.21	14.21	14.21	14.21	0
312	2020-02-06	14.21	14.21	14.21	14.21	0
313	2020-02-07	14.21	14.21	14.21	14.21	0
314	2020-02-10	14.21	14.21	14.21	14.21	0
315	2020-02-11	14.21	14.21	14.21	14.21	0
316	2020-02-12	14.21	14.21	14.21	14.21	0
317	2020-02-13	14.21	14.21	14.21	14.21	0
318	2020-02-14	14.21	14.21	14.21	14.21	0
319	2020-02-17	14.21	14.21	14.21	14.21	0
320	2020-02-18	14.21	14.21	14.21	14.21	0
321	2020-02-19	14.21	14.21	14.21	14.21	0
322	2020-02-20	14.21	14.21	14.21	14.21	0
323	2020-02-21	14.21	14.21	14.21	14.21	0
324	2020-02-24	14.21	14.21	14.21	14.21	0
325	2020-02-25	14.21	14.21	14.21	14.21	0
326	2020-02-26	14.21	14.21	14.21	14.21	0
327	2020-02-27	14.21	14.21	14.21	14.21	0
328	2020-02-28	14.21	14.21	14.21	14.21	0
329	2020-03-02	14.21	14.21	14.21	14.21	0
330	2020-03-03	14.21	14.21	14.21	14.21	0
331	2020-03-04	14.21	14.21	14.21	14.21	0
332	2020-03-05	14.21	14.21	14.21	14.21	0
333	2020-03-06	14.21	14.21	14.21	14.21	0
334	2020-03-09	14.21	14.21	14.21	14.21	0
335	2020-03-10	14.21	14.21	14.21	14.21	0
336	2020-03-11	14.21	14.21	14.21	14.21	0
337	2020-03-12	14.21	14.21	14.21	14.21	0
338	2020-03-13	14.21	14.21	14.21	14.21	0
339	2020-03-16	14.21	14.21	14.21	14.21	0
340	2020-03-17	14.21	14.21	14.21	14.21	0
341	2020-03-18	14.21	14.21	14.21	14.21	0
342	2020-03-19	14.21	14.21	14.21	14.21	0
343	2020-03-20	14.21	14.21	14.21	14.21	0
344	2020-03-23	14.21	14.21	14.21	14.21	6
345	2020-03-24	14.21	14.21	14.21	14.21	0
346	2020-03-25	14.21	14.21	14.21	14.21	0
347	2020-03-26	14.21	14.21	14.21	14.21	0
348	2020-03-27	14.21	14.21	14.21	14.21	0
349	2020-03-30	14.21	14.21	14.21	14.21	0
350	2020-03-31	14.21	14.21	14.21	14.21	0
351	2020-04-01	14.21	14.21	14.21	14.21	0
352	2020-04-03	14.21	14.21	14.21	14.21	0
353	2020-04-06	14.21	14.21	14.21	14.21	0
354	2020-04-07	14.21	14.21	14.21	14.21	0
355	2020-04-08	14.21	14.21	14.21	14.21	0
356	2020-04-09	14.21	14.21	14.21	14.21	0
357	2020-04-10	14.21	14.21	14.21	14.21	0
358	2020-04-13	14.21	14.21	14.21	14.21	0
359	2020-04-14	14.21	14.21	14.21	14.21	0
360	2020-04-15	14.21	14.21	14.21	14.21	0
361	2020-04-16	14.21	14.21	14.21	14.21	0
362	2020-04-17	14.21	14.21	14.21	14.21	0
363	2020-04-20	14.21	14.21	14.21	14.21	0
364	2020-04-21	19.89	19.89	19.89	19.89	100
365	2020-04-22	19.89	19.89	19.89	19.89	0
366	2020-04-23	19.89	19.89	19.89	19.89	0
367	2020-04-24	19.89	19.89	19.89	19.89	0
368	2020-04-27	19.89	19.89	19.89	19.89	0
369	2020-04-28	19.89	19.89	19.89	19.89	0
370	2020-04-29	19.89	19.89	19.89	19.89	0
371	2020-05-04	19.89	19.89	19.89	19.89	0
372	2020-05-05	19.89	19.89	19.89	19.89	0
373	2020-05-06	17.05	19.89	17.05	19.89	2810
374	2020-05-07	17.05	19.89	17.05	19.89	8100
375	2020-05-08	17.62	17.62	17.62	17.62	100
376	2020-05-11	17.62	17.62	17.62	17.62	0
377	2020-05-12	17.62	17.62	17.62	17.62	0
378	2020-05-13	17.62	17.62	17.62	17.62	0
379	2020-05-14	17.62	17.62	17.62	17.62	0
380	2020-05-15	17.62	17.62	17.62	17.62	0
381	2020-05-18	17.62	17.62	17.62	17.62	0
382	2020-05-19	17.62	17.62	17.62	17.62	0
383	2020-05-20	17.62	17.62	17.62	17.62	0
384	2020-05-21	17.62	17.62	17.62	17.62	0
385	2020-05-22	17.62	17.62	17.62	17.62	0
386	2020-05-25	15.0	15.0	15.0	15.0	100
387	2020-05-26	15.0	15.0	15.0	15.0	0
388	2020-05-27	15.0	15.0	15.0	15.0	0
389	2020-05-28	15.0	15.0	15.0	15.0	0
390	2020-05-29	15.0	15.0	15.0	15.0	0
391	2020-06-01	15.0	15.41	15.41	15.41	0
392	2020-06-02	15.0	15.41	15.41	15.41	0
393	2020-06-03	15.0	15.41	15.41	15.41	0
394	2020-06-04	15.0	15.41	15.41	15.41	0
395	2020-06-05	15.0	15.41	15.41	15.41	0
396	2020-06-08	15.0	15.41	15.41	15.41	0
397	2020-06-09	15.0	15.41	15.41	15.41	0
398	2020-06-10	15.0	15.41	15.41	15.41	0
399	2020-06-11	15.0	15.41	15.41	15.41	0
400	2020-06-12	15.0	15.41	15.41	15.41	0
401	2020-06-15	15.0	15.41	15.41	15.41	0
402	2020-06-16	17.22	17.22	17.22	17.22	500
403	2020-06-17	18.68	18.68	18.68	18.68	700
404	2020-06-18	18.68	18.68	18.68	18.68	700
405	2020-06-19	18.68	18.68	18.68	18.68	0
406	2020-06-22	16.93	16.93	16.93	16.93	100
407	2020-06-23	16.93	16.93	16.93	16.93	0
408	2020-06-24	16.93	16.93	16.93	16.93	0
409	2020-06-25	16.93	16.93	16.93	16.93	0
410	2020-06-26	16.93	16.93	16.93	16.93	0
411	2020-06-29	16.93	16.93	16.93	16.93	0
412	2020-06-30	16.93	16.93	16.93	16.93	0
413	2020-07-01	16.93	16.93	16.93	16.93	0
414	2020-07-02	18.68	18.68	18.68	18.68	4000
415	2020-07-03	16.93	16.93	16.93	16.93	100
416	2020-07-06	16.93	16.93	16.93	16.93	0
417	2020-07-07	16.93	16.93	16.93	16.93	0
418	2020-07-08	16.93	16.93	16.93	16.93	0
419	2020-07-09	16.93	16.93	16.93	16.93	0
420	2020-07-10	16.93	16.93	16.93	16.93	0
421	2020-07-13	18.68	18.68	18.68	18.68	1000
422	2020-07-14	18.68	18.68	18.68	18.68	0
423	2020-07-15	18.68	18.68	18.68	18.68	0
424	2020-07-16	16.93	16.93	16.93	16.93	100
425	2020-07-17	16.93	16.93	16.93	16.93	0
426	2020-07-20	16.93	16.93	16.93	16.93	0
427	2020-07-21	16.93	16.93	16.93	16.93	0
428	2020-07-22	16.93	16.93	16.93	16.93	0
429	2020-07-23	18.68	18.68	18.68	18.68	4000
430	2020-07-24	18.68	18.68	18.68	18.68	0
431	2020-07-27	18.68	18.68	18.68	18.68	0
432	2020-07-28	18.68	18.68	18.68	18.68	1000
433	2020-07-29	18.68	18.68	18.68	18.68	0
434	2020-07-30	16.35	16.35	16.35	16.35	100
435	2020-07-31	16.35	16.35	16.35	16.35	0
436	2020-08-03	16.35	16.35	16.35	16.35	0
437	2020-08-04	18.68	18.68	18.68	18.68	1400
438	2020-08-05	18.68	18.68	18.68	18.68	0
439	2020-08-06	18.68	18.68	18.68	18.68	0
440	2020-08-07	18.68	18.68	18.68	18.68	0
441	2020-08-10	18.68	18.68	18.68	18.68	0
442	2020-08-11	16.35	16.35	16.35	16.35	100
443	2020-08-12	16.35	16.35	16.35	16.35	2
444	2020-08-13	16.35	16.35	16.35	16.35	0
445	2020-08-14	16.35	16.35	16.35	16.35	0
446	2020-08-17	16.35	16.35	16.35	16.35	0
447	2020-08-18	16.35	16.35	16.35	16.35	0
448	2020-08-19	16.35	16.35	16.35	16.35	0
449	2020-08-20	16.35	16.35	16.35	16.35	0
450	2020-08-21	16.35	16.35	16.35	16.35	0
451	2020-08-24	18.68	18.68	18.68	18.68	2400
452	2020-08-25	18.68	18.68	18.68	18.68	0
453	2020-08-26	16.35	16.35	16.35	16.35	101
454	2020-08-27	16.93	16.93	16.93	16.93	600
455	2020-08-28	16.93	16.93	16.93	16.93	0
456	2020-08-31	16.93	16.93	16.93	16.93	0
457	2020-09-01	16.93	16.93	16.93	16.93	0
458	2020-09-03	16.93	16.93	16.93	16.93	0
459	2020-09-04	16.93	16.93	16.93	16.93	0
460	2020-09-07	16.93	16.93	16.93	16.93	0
461	2020-09-08	16.93	16.93	16.93	16.93	1
462	2020-09-09	16.93	16.93	16.93	16.93	0
463	2020-09-10	16.93	16.93	16.93	16.93	0
464	2020-09-11	16.93	16.93	16.93	16.93	0
465	2020-09-14	16.93	16.93	16.93	16.93	5
466	2020-09-15	16.93	16.93	16.93	16.93	0
467	2020-09-16	16.93	16.93	16.93	16.93	0
468	2020-09-17	16.93	16.93	16.93	16.93	0
469	2020-09-18	16.93	16.93	16.93	16.93	0
470	2020-09-21	17.51	17.51	17.51	17.51	1069
471	2020-09-22	17.51	17.51	17.51	17.51	28
472	2020-09-23	17.51	17.51	17.51	17.51	0
473	2020-09-24	17.51	17.51	17.51	17.51	0
474	2020-09-25	17.51	17.51	17.51	17.51	0
475	2020-09-28	16.35	18.1	16.35	18.1	1112
476	2020-09-29	15.76	15.76	15.76	15.76	101
477	2020-09-30	17.51	17.51	17.51	17.51	500
478	2020-10-01	17.51	17.51	17.51	17.51	500
479	2020-10-02	17.51	17.51	17.51	17.51	500
480	2020-10-05	17.51	17.51	17.51	17.51	0
481	2020-10-06	17.51	17.51	17.51	17.51	0
482	2020-10-07	17.51	17.51	17.51	17.51	0
483	2020-10-08	17.51	17.51	17.51	17.51	0
484	2020-10-09	17.51	17.51	17.51	17.51	0
485	2020-10-12	17.51	17.51	17.51	17.51	0
486	2020-10-13	17.51	17.51	17.51	17.51	0
487	2020-10-14	17.51	17.51	17.51	17.51	0
488	2020-10-15	17.51	17.51	17.51	17.51	0
489	2020-10-16	15.47	15.47	15.47	15.47	100
490	2020-10-19	15.47	15.47	15.47	15.47	0
491	2020-10-20	15.47	15.47	15.47	15.47	0
492	2020-10-21	15.47	15.47	15.47	15.47	0
493	2020-10-22	15.47	15.47	15.47	15.47	0
494	2020-10-23	15.47	15.47	15.47	15.47	0
495	2020-10-26	15.47	15.47	15.47	15.47	0
496	2020-10-27	15.76	15.76	15.76	15.76	100
497	2020-10-28	15.76	15.76	15.76	15.76	0
498	2020-10-29	15.76	15.76	15.76	15.76	0
499	2020-10-30	15.76	15.76	15.76	15.76	0
500	2020-11-02	15.76	15.76	15.76	15.76	0
501	2020-11-03	15.76	15.76	15.76	15.76	0
502	2020-11-04	15.76	15.76	15.76	15.76	0
503	2020-11-05	15.76	15.76	15.76	15.76	0
504	2020-11-06	15.76	15.76	15.76	15.76	0
505	2020-11-09	15.76	15.76	15.76	15.76	0
506	2020-11-10	15.76	15.76	15.76	15.76	0
507	2020-11-11	15.76	15.76	15.76	15.76	0
508	2020-11-12	15.76	15.76	15.76	15.76	0
509	2020-11-13	15.76	15.76	15.76	15.76	0
510	2020-11-16	15.76	15.76	15.76	15.76	0
511	2020-11-17	15.76	15.76	15.76	15.76	0
512	2020-11-18	15.76	15.76	15.76	15.76	0
513	2020-11-19	15.76	15.76	15.76	15.76	0
514	2020-11-20	15.76	15.76	15.76	15.76	0
515	2020-11-23	15.76	15.76	15.76	15.76	0
516	2020-11-24	15.76	15.76	15.76	15.76	0
517	2020-11-25	15.76	15.76	15.76	15.76	0
518	2020-11-26	15.76	15.76	15.76	15.76	0
519	2020-11-27	15.76	15.76	15.76	15.76	0
520	2020-11-30	15.76	15.76	15.76	15.76	0
521	2020-12-01	15.76	15.76	15.76	15.76	0
522	2020-12-02	15.76	15.76	15.76	15.76	0
523	2020-12-03	15.76	15.76	15.76	15.76	0
524	2020-12-04	14.01	14.01	14.01	14.01	100
525	2020-12-07	15.76	15.76	15.76	15.76	100
526	2020-12-08	15.76	15.76	15.76	15.76	0
527	2020-12-09	15.76	15.76	15.76	15.76	0
528	2020-12-10	15.76	15.76	15.76	15.76	0
529	2020-12-11	15.76	15.76	15.76	15.76	0
530	2020-12-14	15.76	15.76	15.76	15.76	0
531	2020-12-15	15.76	15.76	15.76	15.76	0
532	2020-12-16	15.76	15.76	15.76	15.76	0
533	2020-12-17	15.76	15.76	15.76	15.76	0
534	2020-12-18	15.76	15.76	15.76	15.76	0
535	2020-12-21	18.1	18.1	18.1	18.1	200
536	2020-12-22	15.76	15.76	15.76	15.76	100
537	2020-12-23	18.1	18.1	18.1	18.1	400
538	2020-12-24	15.76	15.76	15.76	15.76	100
539	2020-12-25	15.76	15.76	15.76	15.76	0
540	2020-12-28	15.76	15.76	15.76	15.76	0
541	2020-12-29	15.76	15.76	15.76	15.76	0
542	2020-12-30	15.76	15.76	15.76	15.76	0
543	2020-12-31	15.76	15.76	15.76	15.76	0
544	2021-01-04	15.76	15.76	15.76	15.76	0
545	2021-01-05	15.76	15.76	15.76	15.76	0
546	2021-01-06	15.76	15.76	15.76	15.76	0
547	2021-01-07	15.76	15.76	15.76	15.76	0
548	2021-01-08	15.76	15.76	15.76	15.76	0
549	2021-01-11	15.76	15.76	15.76	15.76	0
550	2021-01-12	15.76	15.76	15.76	15.76	0
551	2021-01-13	15.76	15.76	15.76	15.76	0
552	2021-01-14	15.76	15.76	15.76	15.76	0
553	2021-01-15	15.76	15.76	15.76	15.76	0
554	2021-01-18	18.1	18.1	18.1	18.1	5000
555	2021-01-19	15.76	15.76	15.76	15.76	100
556	2021-01-20	15.76	15.76	15.76	15.76	0
557	2021-01-21	15.76	15.76	15.76	15.76	0
558	2021-01-22	15.76	15.76	15.76	15.76	0
559	2021-01-25	15.76	15.76	15.76	15.76	0
560	2021-01-26	15.76	15.76	15.76	15.76	0
561	2021-01-27	15.76	15.76	15.76	15.76	0
562	2021-01-28	15.76	15.76	15.76	15.76	0
563	2021-01-29	15.76	15.76	15.76	15.76	0
564	2021-02-01	15.76	15.76	15.76	15.76	0
565	2021-02-02	15.76	15.76	15.76	15.76	0
566	2021-02-03	15.76	15.76	15.76	15.76	0
567	2021-02-04	15.76	15.76	15.76	15.76	0
568	2021-02-05	15.76	15.76	15.76	15.76	0
569	2021-02-08	15.76	15.76	15.76	15.76	0
570	2021-02-09	15.76	15.76	15.76	15.76	0
571	2021-02-17	15.76	15.76	15.76	15.76	0
572	2021-02-18	15.76	15.76	15.76	15.76	0
573	2021-02-19	15.76	15.76	15.76	15.76	0
574	2021-02-22	15.76	15.76	15.76	15.76	98
575	2021-02-23	15.76	15.76	15.76	15.76	0
576	2021-02-24	15.76	15.76	15.76	15.76	0
577	2021-02-25	15.76	15.76	15.76	15.76	2
578	2021-02-26	15.76	15.76	15.76	15.76	0
579	2021-03-01	15.76	15.76	15.76	15.76	0
580	2021-03-02	15.76	15.76	15.76	15.76	0
581	2021-03-03	15.76	15.76	15.76	15.76	0
582	2021-03-04	13.43	13.43	13.43	13.43	100
583	2021-03-05	13.43	13.43	13.43	13.43	0
584	2021-03-08	13.43	13.43	13.43	13.43	0
585	2021-03-09	11.44	11.44	11.44	11.44	100
586	2021-03-10	11.44	11.44	11.44	11.44	0
587	2021-03-11	11.44	11.44	11.44	11.44	0
588	2021-03-12	11.44	11.44	11.44	11.44	0
589	2021-03-15	11.44	11.44	11.44	11.44	0
590	2021-03-16	11.44	11.44	11.44	11.44	0
591	2021-03-17	11.44	11.44	11.44	11.44	0
592	2021-03-18	11.44	11.44	11.44	11.44	0
593	2021-03-19	11.44	11.44	11.44	11.44	0
594	2021-03-22	11.44	11.44	11.44	11.44	0
595	2021-03-23	11.44	11.44	11.44	11.44	0
596	2021-03-24	11.44	11.44	11.44	11.44	0
597	2021-03-25	11.44	11.44	11.44	11.44	0
598	2021-03-26	11.44	11.44	11.44	11.44	0
599	2021-03-29	11.44	11.44	11.44	11.44	0
600	2021-03-30	11.44	11.44	11.44	11.44	0
601	2021-03-31	11.44	11.44	11.44	11.44	0
602	2021-04-01	11.44	11.44	11.44	11.44	35
603	2021-04-02	11.44	11.44	11.44	11.44	0
604	2021-04-05	11.44	11.44	11.44	11.44	0
605	2021-04-06	11.44	11.44	11.44	11.44	0
606	2021-04-07	11.44	11.44	11.44	11.44	0
607	2021-04-08	11.44	11.44	11.44	11.44	0
608	2021-04-09	11.44	11.44	11.44	11.44	0
609	2021-04-12	11.44	11.44	11.44	11.44	0
610	2021-04-13	11.44	11.44	11.44	11.44	0
611	2021-04-14	11.44	11.44	11.44	11.44	0
612	2021-04-15	11.44	11.44	11.44	11.44	0
613	2021-04-16	11.44	11.44	11.44	11.44	0
614	2021-04-19	11.44	11.44	11.44	11.44	0
615	2021-04-20	11.44	11.44	11.44	11.44	0
616	2021-04-22	13.14	13.14	13.14	13.14	100
617	2021-04-23	13.14	13.14	13.14	13.14	0
618	2021-04-26	11.21	15.06	11.21	15.06	200
619	2021-04-27	13.14	15.06	15.06	15.06	0
620	2021-04-28	13.14	15.06	15.06	15.06	0
621	2021-04-29	13.14	15.06	15.06	15.06	0
622	2021-05-04	13.14	15.06	15.06	15.06	0
623	2021-05-05	13.14	15.06	15.06	15.06	0
624	2021-05-06	13.14	15.06	15.06	15.06	0
625	2021-05-07	13.14	15.06	15.06	15.06	0
626	2021-05-10	11.21	11.21	11.21	11.21	100
627	2021-05-11	11.21	11.21	11.21	11.21	0
628	2021-05-12	11.21	11.21	11.21	11.21	0
629	2021-05-13	11.21	11.21	11.21	11.21	0
630	2021-05-14	11.21	11.21	11.21	11.21	0
631	2021-05-17	11.21	11.21	11.21	11.21	0
632	2021-05-18	11.21	11.21	11.21	11.21	0
633	2021-05-19	11.21	11.21	11.21	11.21	0
634	2021-05-20	11.21	11.21	11.21	11.21	0
635	2021-05-21	11.21	11.21	11.21	11.21	0
636	2021-05-24	11.21	11.21	11.21	11.21	0
637	2021-05-25	11.21	11.21	11.21	11.21	0
638	2021-05-26	11.21	11.21	11.21	11.21	0
639	2021-05-27	11.21	11.21	11.21	11.21	0
640	2021-05-28	11.21	11.21	11.21	11.21	0
641	2021-05-31	11.21	11.21	11.21	11.21	0
642	2021-06-01	12.84	12.84	12.84	12.84	100
643	2021-06-02	12.84	12.84	12.84	12.84	0
644	2021-06-03	12.84	12.84	12.84	12.84	0
645	2021-06-04	12.84	12.84	12.84	12.84	0
646	2021-06-07	14.77	14.77	14.77	14.77	100
647	2021-06-08	16.93	16.93	16.93	16.93	100
648	2021-06-09	19.44	19.44	19.44	19.44	10400
649	2021-06-10	16.93	16.93	16.93	16.93	200
650	2021-06-11	19.21	19.21	18.1	18.1	200
651	2021-06-14	18.68	18.1	18.1	18.1	0
652	2021-06-15	21.48	21.48	21.48	21.48	100
653	2021-06-16	18.27	18.27	18.27	18.27	200
654	2021-06-17	18.27	18.27	18.27	18.27	0
655	2021-06-18	18.27	18.27	18.27	18.27	0
656	2021-06-21	18.27	18.27	18.27	18.27	0
657	2021-06-22	18.27	18.27	18.27	18.27	0
658	2021-06-23	18.27	18.27	18.27	18.27	0
659	2021-06-24	15.59	15.59	15.59	15.59	100
660	2021-06-25	15.59	15.59	15.59	15.59	0
661	2021-06-28	15.59	15.59	15.59	15.59	0
662	2021-06-29	13.25	13.25	13.25	13.25	100
663	2021-06-30	13.25	13.25	13.25	13.25	0
664	2021-07-01	13.25	13.25	13.25	13.25	0
665	2021-07-02	13.25	13.25	13.25	13.25	0
666	2021-07-05	13.25	13.25	13.25	13.25	0
667	2021-07-06	13.25	13.25	13.25	13.25	0
668	2021-07-07	13.25	13.25	13.25	13.25	0
669	2021-07-08	13.25	13.25	13.25	13.25	0
670	2021-07-09	13.25	13.25	13.25	13.25	7
671	2021-07-12	13.25	13.25	13.25	13.25	0
672	2021-07-13	13.25	13.25	13.25	13.25	0
673	2021-07-14	11.33	11.33	11.33	11.33	100
674	2021-07-15	11.33	11.33	11.33	11.33	0
675	2021-07-16	11.33	11.33	11.33	11.33	0
676	2021-07-19	11.33	11.33	11.33	11.33	0
677	2021-07-20	11.33	11.33	11.33	11.33	3
678	2021-07-21	11.33	11.33	11.33	11.33	0
679	2021-07-22	11.33	11.33	11.33	11.33	0
680	2021-07-23	11.33	11.33	11.33	11.33	0
681	2021-07-26	11.33	11.33	11.33	11.33	0
682	2021-07-27	11.33	11.33	11.33	11.33	0
683	2021-07-28	11.33	11.33	11.33	11.33	0
684	2021-07-29	11.33	11.33	11.33	11.33	0
685	2021-07-30	11.33	11.33	11.33	11.33	0
686	2021-08-02	11.33	11.33	11.33	11.33	0
687	2021-08-03	11.33	11.33	11.33	11.33	0
688	2021-08-04	11.33	11.33	11.33	11.33	0
689	2021-08-05	11.33	11.33	11.33	11.33	0
690	2021-08-06	11.33	11.33	11.33	11.33	0
691	2021-08-09	11.33	11.33	11.33	11.33	0
692	2021-08-10	11.33	11.33	11.33	11.33	0
693	2021-08-11	11.33	11.33	11.33	11.33	0
694	2021-08-12	9.63	9.63	9.63	9.63	100
695	2021-08-13	9.63	9.63	9.63	9.63	0
696	2021-08-16	9.63	9.63	9.63	9.63	0
697	2021-08-17	9.63	9.63	9.63	9.63	0
698	2021-08-18	9.63	9.63	9.63	9.63	0
699	2021-08-19	9.63	9.63	9.63	9.63	0
700	2021-08-20	9.63	9.63	9.63	9.63	0
701	2021-08-23	9.63	9.63	9.63	9.63	0
702	2021-08-24	9.63	9.63	9.63	9.63	0
703	2021-08-25	9.63	9.63	9.63	9.63	0
704	2021-08-26	9.63	9.63	9.63	9.63	0
705	2021-08-27	9.63	9.63	9.63	9.63	0
706	2021-08-30	9.63	9.63	9.63	9.63	0
707	2021-08-31	9.63	9.63	9.63	9.63	0
708	2021-09-01	9.63	9.63	9.63	9.63	0
709	2021-09-06	9.63	10.25	10.25	10.25	0
710	2021-09-07	9.63	10.25	10.25	10.25	0
711	2021-09-08	9.63	9.63	9.63	9.63	0
712	2021-09-09	9.63	9.63	9.63	9.63	0
713	2021-09-10	9.63	9.63	9.63	9.63	0
714	2021-09-13	9.63	9.63	9.63	9.63	0
715	2021-09-14	9.63	9.63	9.63	9.63	0
716	2021-09-15	9.63	9.63	9.63	9.63	0
717	2021-09-16	9.63	9.63	9.63	9.63	0
718	2021-09-17	9.63	9.63	9.63	9.63	0
719	2021-09-20	9.63	9.63	9.63	9.63	0
720	2021-09-21	9.63	9.63	9.63	9.63	0
721	2021-09-22	9.63	9.63	9.63	9.63	0
722	2021-09-23	9.63	9.63	9.63	9.63	0
723	2021-09-24	9.63	9.63	9.63	9.63	0
724	2021-09-27	9.63	9.63	9.63	9.63	0
725	2021-09-28	9.63	9.63	9.63	9.63	0
726	2021-09-29	9.63	9.63	9.63	9.63	0
727	2021-09-30	9.63	9.63	9.63	9.63	0
728	2021-10-01	9.63	9.63	9.63	9.63	0
729	2021-10-04	9.63	9.63	9.63	9.63	0
730	2021-10-05	9.63	9.63	9.63	9.63	0
731	2021-10-06	9.63	9.63	9.63	9.63	0
732	2021-10-07	9.63	9.63	9.63	9.63	0
733	2021-10-08	9.63	9.63	9.63	9.63	0
734	2021-10-11	9.63	9.63	9.63	9.63	0
735	2021-10-12	9.63	9.63	9.63	9.63	0
736	2021-10-13	9.63	9.63	9.63	9.63	0
737	2021-10-14	9.63	9.63	9.63	9.63	0
738	2021-10-15	9.63	9.63	9.63	9.63	0
739	2021-10-18	9.63	9.63	9.63	9.63	0
740	2021-10-19	9.63	9.63	9.63	9.63	0
741	2021-10-20	9.63	9.63	9.63	9.63	0
742	2021-10-21	9.63	9.63	9.63	9.63	0
743	2021-10-22	9.63	9.63	9.63	9.63	0
744	2021-10-25	9.63	9.63	9.63	9.63	0
745	2021-10-26	9.63	9.63	9.63	9.63	0
746	2021-10-27	9.63	9.63	9.63	9.63	0
747	2021-10-28	9.63	9.63	9.63	9.63	0
748	2021-10-29	9.66	9.66	9.66	9.66	0
749	2021-11-01	9.66	9.66	9.66	9.66	0
750	2021-11-02	9.66	9.66	9.66	9.66	0
751	2021-11-03	9.66	9.66	9.66	9.66	0
752	2021-11-04	9.66	9.66	9.66	9.66	0
753	2021-11-05	9.66	9.66	9.66	9.66	0
754	2021-11-08	9.66	9.66	9.66	9.66	0
755	2021-11-09	9.66	9.66	9.66	9.66	0
756	2021-11-10	9.66	9.66	9.66	9.66	0
757	2021-11-11	9.66	9.66	9.66	9.66	0
758	2021-11-12	9.66	9.66	9.66	9.66	0
759	2021-11-15	9.66	9.66	9.66	9.66	0
760	2021-11-16	9.66	9.66	9.66	9.66	0
761	2021-11-17	13.49	13.49	13.49	13.49	100
762	2021-11-18	13.49	13.49	13.49	13.49	0
763	2021-11-19	13.49	13.49	13.49	13.49	0
764	2021-11-22	13.49	13.49	13.49	13.49	0
765	2021-11-23	13.49	13.49	13.49	13.49	0
766	2021-11-24	13.49	13.49	13.49	13.49	0
767	2021-11-25	13.49	13.49	13.49	13.49	0
768	2021-11-26	13.49	13.49	13.49	13.49	0
769	2021-11-29	13.49	13.49	13.49	13.49	1
770	2021-11-30	13.49	13.49	13.49	13.49	0
771	2021-12-01	13.49	13.49	13.49	13.49	0
772	2021-12-02	13.49	13.49	13.49	13.49	0
773	2021-12-03	13.49	13.49	13.49	13.49	0
774	2021-12-06	13.49	13.49	13.49	13.49	0
775	2021-12-07	13.49	13.49	13.49	13.49	0
776	2021-12-08	13.49	13.49	13.49	13.49	0
777	2021-12-09	13.49	13.49	13.49	13.49	0
778	2021-12-10	13.49	13.49	13.49	13.49	0
779	2021-12-13	13.49	13.49	13.49	13.49	0
780	2021-12-14	13.49	13.49	13.49	13.49	0
781	2021-12-15	13.49	13.49	13.49	13.49	0
782	2021-12-16	13.49	13.49	13.49	13.49	0
783	2021-12-17	13.49	13.49	13.49	13.49	0
784	2021-12-20	13.49	13.49	13.49	13.49	0
785	2021-12-21	13.49	13.49	13.49	13.49	0
786	2021-12-22	13.49	13.49	13.49	13.49	0
787	2021-12-23	13.49	13.49	13.49	13.49	0
788	2021-12-24	13.49	13.49	13.49	13.49	0
789	2021-12-27	13.49	13.49	13.49	13.49	0
790	2021-12-28	13.49	13.49	13.49	13.49	0
791	2021-12-29	13.49	13.49	13.49	13.49	0
792	2021-12-30	18.88	18.88	18.88	18.88	100
793	2021-12-31	18.88	18.88	18.88	18.88	0
794	2022-01-04	18.88	18.88	18.88	18.88	40
795	2022-01-05	21.66	21.66	21.66	21.66	100
796	2022-01-06	21.66	21.66	21.66	21.66	0
797	2022-01-07	21.66	21.66	21.66	21.66	0
798	2022-01-10	21.66	21.66	21.66	21.66	0
799	2022-01-11	21.66	21.66	21.66	21.66	0
800	2022-01-12	21.66	21.66	21.66	21.66	0
801	2022-01-13	21.66	21.66	21.66	21.66	0
802	2022-01-14	21.66	21.66	21.66	21.66	0
803	2022-01-17	21.66	21.66	21.66	21.66	0
804	2022-01-18	21.66	21.66	21.66	21.66	0
805	2022-01-19	24.88	24.88	24.88	24.88	100
806	2022-01-20	24.88	24.88	24.88	24.88	100
807	2022-01-21	24.88	24.88	24.88	24.88	0
808	2022-01-24	24.88	24.88	24.88	24.88	0
809	2022-01-25	24.88	24.88	24.88	24.88	0
810	2022-01-26	24.88	24.88	24.88	24.88	0
811	2022-01-27	24.88	24.88	24.88	24.88	0
812	2022-01-28	24.88	24.88	24.88	24.88	0
813	2022-02-07	24.88	24.88	24.88	24.88	0
814	2022-02-08	24.88	24.88	24.88	24.88	0
815	2022-02-09	24.88	24.88	24.88	24.88	0
816	2022-02-10	24.88	24.88	24.88	24.88	0
817	2022-02-11	24.88	24.88	24.88	24.88	0
818	2022-02-14	24.88	24.88	24.88	24.88	0
819	2022-02-15	24.88	24.88	24.88	24.88	0
820	2022-02-16	24.88	24.88	24.88	24.88	0
821	2022-02-17	24.88	24.88	24.88	24.88	0
822	2022-02-18	24.88	24.88	24.88	24.88	0
823	2022-02-21	24.88	24.88	24.88	24.88	0
824	2022-02-22	24.88	24.88	24.88	24.88	0
825	2022-02-23	24.88	24.88	24.88	24.88	0
826	2022-02-24	24.88	24.88	24.88	24.88	0
827	2022-02-25	24.88	24.88	24.88	24.88	0
828	2022-02-28	24.88	24.88	24.88	24.88	0
829	2022-03-01	24.88	24.88	24.88	24.88	0
830	2022-03-02	24.88	24.88	24.88	24.88	0
831	2022-03-03	24.88	24.88	24.88	24.88	0
832	2022-03-04	24.88	24.88	24.88	24.88	0
833	2022-03-07	34.8	34.8	34.8	34.8	100
834	2022-03-08	34.8	34.8	34.8	34.8	0
835	2022-03-09	34.8	34.8	34.8	34.8	0
836	2022-03-10	30.89	30.89	30.89	30.89	210
837	2022-03-11	29.58	29.58	29.58	29.58	300
838	2022-03-14	31.49	31.49	31.49	31.49	100
839	2022-03-15	26.8	33.06	26.8	28.71	300
840	2022-03-16	25.14	25.14	25.14	25.14	100
841	2022-03-17	25.14	25.14	25.14	25.14	0
842	2022-03-18	25.14	25.14	25.14	25.14	0
843	2022-03-21	22.62	22.62	22.62	22.62	10000
844	2022-03-22	21.84	26.01	21.84	26.01	300
845	2022-03-23	21.84	27.84	21.84	27.84	200
846	2022-03-24	21.92	28.54	21.92	28.54	3300
847	2022-03-25	23.93	23.93	23.93	23.93	200
848	2022-03-28	23.93	23.93	23.93	23.93	0
849	2022-03-29	21.84	21.84	21.84	21.84	100
850	2022-03-30	25.06	25.06	25.06	25.06	100
851	2022-03-31	25.06	25.06	25.06	25.06	0
852	2022-04-01	25.06	25.06	25.06	25.06	0
853	2022-04-04	22.79	22.79	22.79	22.79	200
854	2022-04-05	26.1	26.19	26.1	26.19	400
855	2022-04-06	24.01	24.01	24.01	24.01	100
856	2022-04-07	24.36	24.36	24.36	24.36	500
857	2022-04-08	26.1	26.1	26.1	26.1	101
858	2022-04-12	24.45	24.45	24.45	24.45	100
859	2022-04-13	24.36	24.36	21.49	21.49	400
860	2022-04-14	23.49	23.49	23.49	23.49	100
861	2022-04-15	20.01	20.01	20.01	20.01	100
862	2022-04-18	17.14	17.14	17.14	17.14	100
863	2022-04-19	17.14	17.14	17.14	17.14	0
864	2022-04-20	17.14	17.14	17.14	17.14	0
865	2022-04-21	17.14	17.14	17.14	17.14	0
866	2022-04-22	17.14	17.14	17.14	17.14	0
867	2022-04-25	17.14	17.14	17.14	17.14	0
868	2022-04-26	17.14	17.14	17.14	17.14	0
869	2022-04-27	17.14	17.14	17.14	17.14	0
870	2022-04-28	19.66	19.66	19.66	19.66	800
871	2022-04-29	22.53	22.53	19.84	19.84	405
872	2022-05-04	20.1	20.1	20.1	20.1	101
873	2022-05-05	23.06	23.06	23.06	23.06	102
874	2022-05-06	20.88	20.88	20.88	20.88	200
875	2022-05-09	23.4	23.4	23.4	23.4	100
876	2022-05-10	20.45	20.45	20.45	20.45	200
877	2022-05-11	23.4	23.4	23.4	23.4	100
878	2022-05-12	23.4	23.4	23.4	23.4	2
879	2022-05-13	20.01	20.01	20.01	20.01	100
880	2022-05-16	20.01	20.01	20.01	20.01	2
881	2022-05-17	20.01	20.01	20.01	20.01	0
882	2022-05-18	22.97	22.97	22.97	22.97	100
883	2022-05-19	20.45	20.45	20.45	20.45	200
884	2022-05-20	20.45	20.45	20.45	20.45	0
885	2022-05-23	20.45	20.45	20.45	20.45	0
886	2022-05-24	20.45	20.45	20.45	20.45	0
887	2022-05-25	23.32	23.32	23.32	23.32	100
888	2022-05-26	26.71	26.71	26.71	26.71	100
889	2022-05-27	22.71	22.71	22.71	22.71	230
890	2022-05-30	22.71	22.71	22.71	22.71	0
891	2022-05-31	22.71	22.71	22.71	22.71	0
892	2022-06-01	22.71	22.71	22.71	22.71	0
893	2022-06-02	22.71	22.71	22.71	22.71	0
894	2022-06-03	22.71	22.71	22.71	22.71	0
895	2022-06-06	22.71	22.71	22.71	22.71	0
896	2022-06-07	22.71	22.71	22.71	22.71	0
897	2022-06-08	22.71	22.71	22.71	22.71	0
898	2022-06-09	22.71	22.71	22.71	22.71	0
899	2022-06-10	22.71	22.71	22.71	22.71	0
900	2022-06-13	22.71	22.71	22.71	22.71	0
901	2022-06-14	22.71	22.71	22.71	22.71	0
902	2022-06-15	22.71	22.71	22.71	22.71	0
903	2022-06-16	22.71	22.71	22.71	22.71	0
904	2022-06-17	19.31	23.84	19.31	23.84	400
905	2022-06-20	21.32	21.32	21.32	21.32	602
906	2022-06-21	21.32	21.32	21.32	21.32	0
907	2022-06-22	21.32	21.32	21.32	21.32	0
908	2022-06-23	21.32	21.32	21.32	21.32	0
909	2022-06-24	21.32	21.32	21.32	21.32	0
910	2022-06-27	18.36	18.36	18.27	18.27	500
911	2022-06-28	20.97	20.97	20.97	20.97	100
912	2022-06-29	20.97	20.97	20.97	20.97	0
913	2022-06-30	20.88	20.88	20.88	20.88	100
914	2022-07-01	24.01	24.01	24.01	24.01	100
915	2022-07-04	25.58	25.58	25.58	25.58	100
916	2022-07-05	21.75	24.36	21.75	24.36	1000
917	2022-07-06	18.79	21.75	18.79	18.79	600
918	2022-07-07	19.31	22.19	19.31	22.19	300
919	2022-07-08	22.97	22.97	22.97	22.97	100
920	2022-07-11	22.01	26.36	21.75	21.75	1200
921	2022-07-12	21.32	21.32	21.32	21.32	900
922	2022-07-13	18.36	18.79	18.36	18.79	400
923	2022-07-14	18.27	18.71	18.27	18.71	700
924	2022-07-15	18.36	20.45	18.27	20.45	1000
925	2022-07-18	17.4	21.75	16.7	17.84	1800
926	2022-07-19	17.66	17.66	17.66	17.66	0
927	2022-07-20	20.01	20.01	20.01	20.01	100
928	2022-07-21	21.58	21.58	21.58	21.58	900
929	2022-07-22	21.58	21.58	21.58	21.58	0
930	2022-07-25	18.71	18.71	18.71	18.71	200
931	2022-07-26	16.53	18.71	16.53	16.97	500
932	2022-07-27	20.18	20.18	20.01	20.01	200
933	2022-07-28	23.06	23.06	17.4	17.4	600
934	2022-07-29	20.97	20.97	18.44	18.44	1200
935	2022-08-01	22.62	22.62	17.14	17.14	2900
936	2022-08-02	17.14	17.75	17.14	17.75	300
937	2022-08-03	15.4	17.57	15.4	17.57	1400
938	2022-08-04	16.62	19.31	16.62	16.79	2100
939	2022-08-05	18.97	18.97	16.7	17.84	700
940	2022-08-08	15.92	20.45	15.92	20.45	2600
941	2022-08-09	18.71	18.71	16.79	16.97	1301
942	2022-08-10	17.05	19.58	17.05	19.58	1700
943	2022-08-11	17.99	18.08	17.99	18.08	900
944	2022-08-12	15.84	15.84	15.84	15.84	200
945	2022-08-15	14.41	18.17	14.41	18.17	1400
946	2022-08-16	19.51	19.51	19.07	19.51	900
947	2022-08-17	20.77	20.77	20.77	20.77	100
948	2022-08-18	20.68	23.72	17.9	17.9	3400
949	2022-08-19	17.9	17.9	17.9	17.9	300
950	2022-08-22	15.4	20.59	15.4	17.1	600
951	2022-08-23	15.76	19.96	15.76	18.08	4701
952	2022-08-24	19.43	19.43	16.83	16.83	1941
953	2022-08-25	21.04	21.04	21.04	21.04	200
954	2022-08-26	22.74	24.08	18.17	18.17	1500
955	2022-08-29	17.72	23.18	17.72	18.17	5400
956	2022-08-30	17.99	20.77	17.99	20.77	600
957	2022-08-31	17.46	20.68	17.46	20.68	4300
958	2022-09-05	20.41	20.41	18.26	20.23	400
959	2022-09-06	19.87	22.38	19.87	22.38	500
960	2022-09-07	21.84	23.18	21.84	21.93	1600
961	2022-09-08	19.6	19.6	19.6	19.6	100
962	2022-09-09	18.71	22.29	18.71	20.59	2900
963	2022-09-12	21.39	21.39	17.63	20.05	3500
964	2022-09-13	21.13	21.13	20.59	20.59	1802
965	2022-09-14	19.69	19.69	18.08	18.08	1201
966	2022-09-15	16.11	20.77	16.11	16.56	5338
967	2022-09-16	18.62	18.8	18.62	18.8	300
968	2022-09-19	16.65	19.51	16.65	19.51	900
969	2022-09-20	20.5	20.5	16.74	20.5	5300
970	2022-09-21	17.63	17.63	17.63	17.63	400
971	2022-09-22	20.05	20.05	16.65	19.96	2000
972	2022-09-23	16.65	19.6	16.65	19.6	4800
973	2022-09-26	18.8	19.43	17.01	19.25	2700
974	2022-09-27	20.59	21.31	17.81	21.13	6661
975	2022-09-28	17.46	21.39	17.46	17.72	2800
976	2022-09-29	17.72	19.51	17.72	19.51	4902
977	2022-09-30	17.9	19.6	17.81	19.6	3641
978	2022-10-03	19.6	20.68	19.6	20.68	402
979	2022-10-04	23.1	23.1	21.48	21.48	8101
980	2022-10-05	19.25	19.25	19.25	19.25	900
981	2022-10-06	18.8	18.8	18.53	18.53	8002
982	2022-10-07	16.2	21.48	16.2	21.48	541
983	2022-10-10	23.1	23.1	22.74	22.74	4900
984	2022-10-11	20.59	24.98	19.69	19.69	700
985	2022-10-12	17.55	21.39	17.55	21.39	4900
986	2022-10-13	15.4	20.23	15.4	20.14	1000
987	2022-10-14	22.56	22.56	22.56	22.56	200
988	2022-10-17	22.29	22.29	22.29	22.29	6500
989	2022-10-18	21.75	21.75	18.98	18.98	2100
990	2022-10-19	17.19	22.92	17.19	22.92	7001
991	2022-10-20	17.28	19.96	17.28	19.78	1300
992	2022-10-21	19.6	22.29	19.6	22.29	700
993	2022-10-24	20.95	20.95	20.95	20.95	7400
994	2022-10-25	20.95	20.95	20.95	20.95	0
995	2022-10-26	17.81	21.66	17.81	21.66	7600
996	2022-10-27	16.2	20.5	16.2	20.5	700
997	2022-10-28	22.29	22.29	22.29	22.29	300
998	2022-10-31	18.98	24.98	18.98	22.29	9000
999	2022-11-01	20.86	20.86	20.86	20.86	101
1000	2022-11-02	20.5	20.5	20.5	20.5	7500
1001	2022-11-03	20.5	20.5	20.5	20.5	0
1002	2022-11-04	22.29	22.29	22.29	22.29	200
1003	2022-11-07	19.25	24.08	19.25	24.08	6200
1004	2022-11-08	23.9	23.9	23.9	23.9	0
1005	2022-11-09	20.68	23.18	20.32	23.18	7800
1006	2022-11-10	23.1	23.1	18.62	20.41	1300
1007	2022-11-11	23.18	23.18	19.07	22.74	4400
1008	2022-11-14	23.27	24.98	23.27	24.08	2100
1009	2022-11-15	24.62	24.62	22.38	23.81	6300
1010	2022-11-16	19.78	23.1	19.78	23.1	2200
1011	2022-11-17	17.9	22.38	17.46	22.02	2300
1012	2022-11-18	18.26	22.02	18.26	22.02	1800
1013	2022-11-21	18.98	25.06	18.98	23.54	6000
1014	2022-11-22	24.17	24.17	24.17	24.17	0
1015	2022-11-23	24.08	27.75	21.48	24.89	6800
1016	2022-11-24	24.98	24.98	24.98	24.98	500
1017	2022-11-25	24.98	27.66	24.98	26.32	1200
1018	2022-11-28	26.68	26.68	22.83	25.87	6810
1019	2022-11-29	26.32	26.32	26.32	26.32	0
1020	2022-11-30	22.38	25.42	22.38	25.42	7500
1021	2022-12-01	25.87	25.87	25.87	25.87	500
1022	2022-12-02	22.02	29.72	22.02	29.72	510
1023	2022-12-05	28.11	28.11	28.11	28.11	7000
1024	2022-12-06	25.96	25.96	25.96	25.96	1031
1025	2022-12-07	22.83	25.42	22.83	25.42	7100
1026	2022-12-08	20.14	22.29	20.14	22.29	1300
1027	2022-12-09	24.44	24.44	24.44	24.44	300
1028	2022-12-12	24.44	24.44	24.44	24.44	0
1029	2022-12-13	24.44	24.44	24.44	24.44	0
1030	2022-12-14	28.02	28.02	25.96	26.77	1500
1031	2022-12-15	22.92	30.17	22.92	30.17	3400
1032	2022-12-16	26.32	26.32	26.32	26.32	0
1033	2022-12-19	22.38	30.26	22.38	29.45	6500
1034	2022-12-20	25.51	30.35	25.51	29.27	1500
1035	2022-12-21	24.17	29.27	23.9	27.75	6300
1036	2022-12-22	27.75	27.75	27.75	27.75	400
1037	2022-12-23	31.87	31.87	23.81	29.9	2202
1038	2022-12-26	29.36	29.36	23.36	28.11	6400
1039	2022-12-27	24.71	28.47	24.53	28.38	1300
1040	2022-12-28	22.29	25.51	22.29	24.89	5400
1041	2022-12-29	26.68	26.68	21.22	24.71	1300
1042	2022-12-30	20.23	24.26	20.23	24.17	2800
1043	2023-01-03	24.44	24.44	24.44	24.44	500
1044	2023-01-04	24.08	24.08	23.54	23.54	2000
1045	2023-01-05	22.38	24.89	22.38	24.89	1400
1046	2023-01-06	24.71	24.71	24.71	24.71	0
1047	2023-01-09	24.71	24.71	24.71	24.71	0
1048	2023-01-10	26.23	26.23	25.96	25.96	6100
1049	2023-01-11	26.14	26.14	26.14	26.14	0
1050	2023-01-12	22.38	25.69	22.38	25.69	5300
1051	2023-01-13	23.27	25.33	23.27	25.33	1100
1052	2023-01-16	24.89	24.89	24.89	24.89	100
1053	2023-01-17	26.23	26.23	26.23	26.23	100
1054	2023-01-18	23.27	29.36	23.27	29.36	600
1055	2023-01-19	24.26	24.26	24.26	24.26	0
1056	2023-01-27	26.68	26.68	26.41	26.41	200
1057	2023-01-30	26.23	26.23	25.96	25.96	4700
1058	2023-01-31	26.23	26.23	26.23	26.23	10
1059	2023-02-01	26.23	26.23	26.23	26.23	0
1060	2023-02-02	22.38	25.78	22.38	25.78	4100
1061	2023-02-03	20.68	24.08	20.68	24.08	1100
1062	2023-02-06	23.99	23.99	23.99	23.99	100
1063	2023-02-07	24.35	24.35	23.27	23.27	4100
1064	2023-02-08	21.04	23.9	21.04	23.9	200
1065	2023-02-09	20.68	24.89	20.68	24.89	4200
1066	2023-02-10	23.54	23.54	23.54	23.54	100
1067	2023-02-13	26.14	26.14	26.14	26.14	4200
1068	2023-02-14	22.29	29.81	22.29	29.81	300
1069	2023-02-15	26.68	26.68	26.68	26.68	100
1070	2023-02-16	22.74	26.5	22.74	26.5	4300
1071	2023-02-17	25.33	25.33	25.33	25.33	100
1072	2023-02-20	24.89	24.89	24.89	24.89	4500
1073	2023-02-21	22.38	22.38	22.38	22.38	100
1074	2023-02-22	21.48	24.89	20.68	24.89	4720
1075	2023-02-23	23.54	23.54	23.54	23.54	100
1076	2023-02-24	24.89	24.89	24.89	24.89	103
1077	2023-02-27	27.57	28.56	27.57	28.56	5600
1078	2023-02-28	28.65	28.65	28.65	28.65	108
1079	2023-03-01	26.86	26.86	26.86	26.86	100
1080	2023-03-02	23.01	30.88	23.01	28.56	4700
1081	2023-03-03	27.48	27.48	27.48	27.48	100
1082	2023-03-06	27.48	27.48	27.48	27.48	0
1083	2023-03-07	30.44	30.44	26.86	26.86	5812
1084	2023-03-08	26.77	26.77	26.77	26.77	100
1085	2023-03-09	26.41	26.41	22.83	26.32	5601
1086	2023-03-10	26.41	26.41	26.41	26.41	102
1087	2023-03-13	25.96	29.63	25.96	29.0	4200
1088	2023-03-14	25.15	29.18	24.89	29.18	1700
1089	2023-03-15	25.96	26.05	25.96	26.05	200
1090	2023-03-16	22.65	28.56	22.65	27.48	5500
1091	2023-03-17	23.1	26.5	21.66	25.87	400
1092	2023-03-20	24.26	27.12	24.26	26.94	5500
1093	2023-03-21	25.51	25.51	25.51	25.51	100
1094	2023-03-22	22.38	25.69	22.38	25.69	5600
1095	2023-03-23	25.96	25.96	25.96	25.96	100
1096	2023-03-24	27.21	27.21	27.21	27.21	100
1097	2023-03-27	29.27	29.27	28.65	28.65	5600
1098	2023-03-28	25.96	25.96	25.96	25.96	103
1099	2023-03-29	23.27	27.57	23.27	27.57	5600
1100	2023-03-30	26.86	26.86	26.86	26.86	100
1101	2023-03-31	28.02	28.02	28.02	28.02	100
1102	2023-04-03	29.09	29.09	28.11	28.56	5600
1103	2023-04-04	24.53	25.87	24.53	25.87	200
1104	2023-04-05	24.17	26.14	22.2	23.27	6100
1105	2023-04-06	25.78	25.78	25.06	25.06	300
1106	2023-04-07	29.09	29.09	22.83	28.11	306
1107	2023-04-10	29.0	29.45	28.56	29.45	5500
1108	2023-04-11	24.62	26.86	24.62	26.86	200
1109	2023-04-12	26.86	26.86	22.38	26.77	5900
1110	2023-04-13	26.59	26.59	26.59	26.59	100
1111	2023-04-14	30.53	30.53	22.83	30.35	1000
1112	2023-04-17	29.45	29.45	29.45	29.45	101
1113	2023-04-18	29.45	29.45	29.45	29.45	0
1114	2023-04-19	25.06	27.75	25.06	27.3	4100
1115	2023-04-20	26.86	26.86	23.63	26.68	300
1116	2023-04-21	23.27	28.56	23.27	28.56	4003
1117	2023-04-24	26.68	26.68	26.68	26.68	200
1118	2023-04-25	24.26	28.11	24.26	28.11	5310
1119	2023-04-26	27.3	27.3	27.3	27.3	5
1120	2023-04-27	27.58	27.58	23.98	27.3	4500
1121	2023-04-28	27.03	27.03	27.03	27.03	107
1122	2023-05-04	26.93	26.93	26.84	26.84	300
1123	2023-05-05	26.84	26.84	26.66	26.66	300
1124	2023-05-08	26.2	30.72	26.2	28.5	4600
1125	2023-05-09	25.73	29.98	25.73	29.98	1202
1126	2023-05-10	25.0	29.42	23.24	29.42	4200
1127	2023-05-11	26.93	26.93	24.07	26.93	1900
1128	2023-05-12	27.67	27.67	27.67	27.67	103
1129	2023-05-15	30.44	30.44	30.44	30.44	4001
1130	2023-05-16	25.92	34.13	25.92	34.13	300
1131	2023-05-17	24.9	28.59	24.9	28.59	3900
1132	2023-05-18	28.69	28.69	28.69	28.69	101
1133	2023-05-19	28.69	28.69	28.69	28.69	0
1134	2023-05-22	24.44	30.9	24.44	30.9	3804
1135	2023-05-23	26.29	30.25	26.29	30.25	200
1136	2023-05-24	25.18	28.22	25.18	28.22	3800
1137	2023-05-25	27.12	27.12	27.12	27.12	100
1138	2023-05-26	27.58	27.58	27.49	27.49	202
1139	2023-05-29	29.06	29.06	27.67	27.67	3900
1140	2023-05-30	27.12	27.12	27.12	27.12	100
1141	2023-05-31	24.07	29.33	23.34	29.33	3704
1142	2023-06-01	27.03	27.03	27.03	27.03	100
1143	2023-06-02	27.03	27.03	27.03	27.03	0
1144	2023-06-05	27.03	27.03	27.03	27.03	0
1145	2023-06-06	26.66	29.24	26.66	29.24	3805
1146	2023-06-07	29.24	29.24	27.49	27.49	300
1147	2023-06-08	29.33	29.33	24.26	28.04	3800
1148	2023-06-09	28.13	28.13	28.13	28.13	101
1149	2023-06-12	28.13	28.13	28.13	28.13	0
1150	2023-06-13	28.78	28.78	28.78	28.78	3300
1151	2023-06-14	28.78	28.78	28.78	28.78	0
1152	2023-06-15	25.0	27.49	24.72	27.49	3400
1153	2023-06-16	24.9	27.49	24.9	24.9	300
1154	2023-06-19	24.9	28.41	24.9	28.41	2200
1155	2023-06-20	24.54	27.03	24.54	27.03	200
1156	2023-06-21	26.84	26.84	22.23	26.29	2400
1157	2023-06-22	23.89	23.89	23.89	23.89	7
1158	2023-06-23	22.6	25.09	22.6	25.09	900
1159	2023-06-26	24.72	24.81	24.72	24.81	600
1160	2023-06-27	26.1	26.1	26.1	26.1	100
1161	2023-06-28	23.98	25.18	23.98	25.18	1000
1162	2023-06-29	24.81	24.81	24.72	24.72	200
1163	2023-06-30	24.81	24.81	24.63	24.63	500
1164	2023-07-03	24.72	24.72	24.72	24.72	0
1165	2023-07-04	24.72	24.72	24.72	24.72	0
1166	2023-07-05	24.72	24.72	24.72	24.72	0
1167	2023-07-06	24.72	24.72	24.72	24.72	0
1168	2023-07-07	24.72	24.72	24.72	24.72	0
1169	2023-07-10	24.72	24.72	24.72	24.72	0
1170	2023-07-11	24.72	24.72	24.72	24.72	0
1171	2023-07-12	24.72	24.72	24.72	24.72	0
1172	2023-07-13	24.72	24.72	24.72	24.72	0
1173	2023-07-14	24.72	24.72	24.72	24.72	0
1174	2023-07-17	24.9	24.9	24.72	24.72	600
1175	2023-07-18	24.63	24.63	24.63	24.63	100
1176	2023-07-19	22.23	22.23	22.23	22.23	100
1177	2023-07-20	22.23	22.23	22.23	22.23	0
1178	2023-07-21	22.23	22.23	22.23	22.23	0
1179	2023-07-24	22.23	22.23	22.23	22.23	0
1180	2023-07-25	24.35	24.35	24.35	24.35	400
1181	2023-07-26	24.35	24.35	24.35	24.35	100
1182	2023-07-27	24.35	24.35	24.35	24.35	0
1183	2023-07-28	24.35	24.35	24.35	24.35	100
1184	2023-07-31	24.35	24.35	24.35	24.35	1
1185	2023-08-01	24.35	24.35	24.35	24.35	0
1186	2023-08-02	22.14	22.14	22.14	22.14	400
1187	2023-08-03	22.14	22.14	22.14	22.14	0
1188	2023-08-04	22.14	22.14	22.14	22.14	0
1189	2023-08-07	22.14	22.14	22.14	22.14	0
1190	2023-08-08	24.63	24.72	24.63	24.72	900
1191	2023-08-09	24.72	24.72	24.72	24.72	100
1192	2023-08-10	22.74	22.74	22.74	22.74	100
1193	2023-08-11	22.74	22.74	22.74	22.74	0
1194	2023-08-14	23.49	23.49	23.49	23.49	100
1195	2023-08-15	23.49	23.49	23.49	23.49	0
1196	2023-08-16	23.49	23.49	23.49	23.49	0
1197	2023-08-17	23.49	23.49	23.49	23.49	0
1198	2023-08-18	23.49	23.49	23.49	23.49	0
1199	2023-08-21	23.49	23.49	23.49	23.49	0
1200	2023-08-22	23.49	23.49	23.49	23.49	0
1201	2023-08-23	23.49	23.49	23.49	23.49	0
1202	2023-08-24	23.49	23.49	23.49	23.49	0
1203	2023-08-25	23.49	23.49	23.49	23.49	0
1204	2023-08-28	24.53	24.53	24.53	24.53	100
1205	2023-08-29	24.53	24.53	24.53	24.53	0
1206	2023-08-30	24.53	24.53	24.53	24.53	0
1207	2023-08-31	23.59	23.59	23.12	23.12	1000
1208	2023-09-05	23.59	23.59	23.59	23.59	0
1209	2023-09-06	25.0	25.0	25.0	25.0	100
1210	2023-09-07	25.0	25.0	25.0	25.0	0
1211	2023-09-08	25.0	25.0	25.0	25.0	0
1212	2023-09-11	25.0	25.0	25.0	25.0	0
1213	2023-09-12	25.0	25.0	25.0	25.0	0
1214	2023-09-13	23.59	23.59	23.59	23.59	100
1215	2023-09-14	22.83	22.93	20.29	20.29	900
1216	2023-09-15	23.49	23.49	23.49	23.49	500
1217	2023-09-18	23.49	23.49	23.49	23.49	1
1218	2023-09-19	23.49	23.49	23.49	23.49	0
1219	2023-09-20	23.49	23.49	23.49	23.49	0
1220	2023-09-21	23.49	23.49	23.49	23.49	0
1221	2023-09-22	23.49	23.49	23.49	23.49	400
1222	2023-09-25	23.49	23.49	23.49	23.49	1
1223	2023-09-26	23.49	23.49	23.49	23.49	501
1224	2023-09-27	23.49	23.49	23.49	23.49	0
1225	2023-09-28	23.49	23.49	23.49	23.49	0
1226	2023-09-29	23.49	23.49	23.49	23.49	0
1227	2023-10-02	20.0	20.0	20.0	20.0	100
1228	2023-10-03	20.0	20.0	20.0	20.0	0
1229	2023-10-04	22.55	22.93	22.55	22.93	1200
1230	2023-10-05	22.74	22.74	22.74	22.74	0
1231	2023-10-06	22.74	22.74	22.74	22.74	0
1232	2023-10-09	22.74	22.74	22.74	22.74	0
1233	2023-10-10	22.74	22.74	22.74	22.74	0
1234	2023-10-11	22.74	22.74	22.74	22.74	0
1235	2023-10-12	22.74	22.74	22.74	22.74	0
1236	2023-10-13	22.74	22.74	22.74	22.74	0
1237	2023-10-16	22.74	22.74	22.74	22.74	1
1238	2023-10-17	22.74	22.74	22.74	22.74	0
1239	2023-10-18	20.95	20.95	20.95	20.95	100
1240	2023-10-19	20.95	20.95	20.95	20.95	0
1241	2023-10-20	20.95	20.95	20.95	20.95	1
1242	2023-10-23	20.95	20.95	20.95	20.95	0
1243	2023-10-24	20.95	20.95	20.95	20.95	0
1244	2023-10-25	20.95	20.95	20.95	20.95	0
1245	2023-10-26	22.08	22.08	20.95	20.95	400
1246	2023-10-27	21.23	21.23	21.23	21.23	0
1247	2023-10-30	21.23	21.23	21.23	21.23	0
1248	2023-10-31	23.97	23.97	23.97	23.97	100
1249	2023-11-01	23.97	23.97	23.97	23.97	0
1250	2023-11-02	23.59	25.29	23.59	25.29	200
1251	2023-11-03	26.32	26.32	24.44	25.29	400
1252	2023-11-06	25.1	25.1	25.1	25.1	0
1253	2023-11-07	25.1	25.1	25.1	25.1	0
1254	2023-11-08	24.44	24.44	24.44	24.44	200
1255	2023-11-09	24.44	24.44	24.44	24.44	0
1256	2023-11-10	24.44	24.44	24.44	24.44	1
1257	2023-11-13	20.85	20.85	20.85	20.85	100
1258	2023-11-14	20.85	20.85	20.85	20.85	0
1259	2023-11-15	20.85	20.85	20.85	20.85	0
1260	2023-11-16	20.85	20.85	20.85	20.85	0
1261	2023-11-17	20.85	20.85	20.85	20.85	0
1262	2023-11-20	20.85	20.85	20.85	20.85	0
1263	2023-11-21	20.85	20.85	20.85	20.85	0
1264	2023-11-22	20.85	20.85	20.85	20.85	0
1265	2023-11-23	20.85	20.85	20.85	20.85	0
1266	2023-11-24	23.97	23.97	23.97	23.97	200
1267	2023-11-27	23.97	23.97	23.97	23.97	0
1268	2023-11-28	23.97	23.97	23.97	23.97	0
1269	2023-11-29	23.97	23.97	23.97	23.97	0
1270	2023-11-30	23.97	23.97	23.97	23.97	0
1271	2023-12-01	23.97	23.97	23.97	23.97	0
1272	2023-12-04	23.97	23.97	23.97	23.97	0
1273	2023-12-05	23.97	23.97	23.97	23.97	0
1274	2023-12-06	23.97	23.97	23.97	23.97	1
1275	2023-12-07	23.97	23.97	23.97	23.97	1000
1276	2023-12-08	23.97	23.97	23.97	23.97	0
1277	2023-12-11	23.97	23.97	23.97	23.97	0
1278	2023-12-12	23.97	23.97	23.97	23.97	0
1279	2023-12-13	23.97	23.97	23.97	23.97	1
1280	2023-12-14	23.97	23.97	23.97	23.97	0
1281	2023-12-15	23.97	23.97	23.97	23.97	0
1282	2023-12-18	23.97	23.97	23.97	23.97	100
1283	2023-12-19	23.97	23.97	23.97	23.97	0
1284	2023-12-20	23.97	23.97	23.97	23.97	0
1285	2023-12-21	23.59	23.59	23.12	23.12	900
1286	2023-12-22	23.4	23.4	23.4	23.4	0
1287	2023-12-25	23.4	23.4	23.4	23.4	0
1288	2023-12-26	23.4	23.4	23.4	23.4	0
1289	2023-12-27	23.4	23.4	23.4	23.4	0
1290	2023-12-28	23.4	23.4	23.4	23.4	0
1291	2023-12-29	23.4	23.4	23.4	23.4	0
1292	2024-01-02	23.4	23.4	23.4	23.4	500
1293	2024-01-03	23.4	23.4	23.4	23.4	0
1294	2024-01-04	23.4	23.4	23.4	23.4	0
1295	2024-01-05	23.4	23.4	23.4	23.4	0
1296	2024-01-08	23.4	23.4	23.4	23.4	400
1297	2024-01-09	23.4	23.4	23.4	23.4	0
1298	2024-01-10	23.4	23.4	23.4	23.4	0
1299	2024-01-11	23.4	23.4	23.4	23.4	0
1300	2024-01-12	23.4	23.4	23.4	23.4	0
1301	2024-01-15	23.4	23.4	23.4	23.4	0
1302	2024-01-16	23.4	23.4	23.4	23.4	0
1303	2024-01-17	21.61	21.61	21.51	21.51	200
1304	2024-01-18	21.61	21.61	21.61	21.61	200
1305	2024-01-19	21.61	21.61	21.61	21.61	0
1306	2024-01-22	21.61	21.61	21.61	21.61	1
1307	2024-01-23	21.61	21.61	21.61	21.61	4
1308	2024-01-24	24.53	24.53	24.53	24.53	100
1309	2024-01-25	24.53	24.53	24.53	24.53	0
1310	2024-01-26	24.53	24.53	24.53	24.53	0
1311	2024-01-29	24.53	24.53	24.53	24.53	1
1312	2024-01-30	24.53	24.53	24.53	24.53	0
1313	2024-01-31	24.06	24.06	23.97	23.97	1200
1314	2024-02-01	24.63	25.47	24.63	25.47	3600
1315	2024-02-02	25.47	25.57	25.47	25.57	1100
1316	2024-02-05	25.57	25.57	25.57	25.57	0
1317	2024-02-06	25.57	25.57	25.57	25.57	200
1318	2024-02-07	25.57	25.57	25.57	25.57	400
1319	2024-02-15	25.57	25.57	25.57	25.57	0
1320	2024-02-16	25.57	25.57	25.57	25.57	200
1321	2024-02-19	25.57	25.57	25.57	25.57	0
1322	2024-02-20	26.42	26.42	26.42	26.42	200
1323	2024-02-21	26.42	26.42	26.42	26.42	0
1324	2024-02-22	26.42	26.42	26.42	26.42	0
1325	2024-02-23	26.42	26.42	26.42	26.42	1000
1326	2024-02-26	28.78	28.78	28.78	28.78	100
1327	2024-02-27	28.31	28.31	27.83	27.83	250
1328	2024-02-28	27.93	28.68	27.93	28.68	300
1329	2024-02-29	28.21	28.21	28.21	28.21	300
1330	2024-03-01	28.21	28.21	28.21	28.21	0
1331	2024-03-04	28.21	28.21	28.21	28.21	0
1332	2024-03-05	28.31	28.31	28.31	28.31	100
1333	2024-03-06	28.31	28.31	28.31	28.31	0
1334	2024-03-07	28.31	28.31	28.31	28.31	0
1335	2024-03-08	28.31	28.31	28.31	28.31	0
1336	2024-03-11	28.31	28.31	28.31	28.31	300
1337	2024-03-12	28.31	28.31	28.31	28.31	0
1338	2024-03-13	28.78	28.97	28.49	28.97	2703
1339	2024-03-14	28.68	28.68	28.68	28.68	0
1340	2024-03-15	28.68	28.68	28.68	28.68	0
1341	2024-03-18	28.68	28.68	28.68	28.68	0
1342	2024-03-19	28.68	28.68	28.68	28.68	0
1343	2024-03-20	28.68	28.68	28.68	28.68	0
1344	2024-03-21	28.68	28.68	28.68	28.68	0
1345	2024-03-22	28.68	28.68	28.68	28.68	0
1346	2024-03-25	28.68	28.68	28.68	28.68	10
1347	2024-03-26	28.68	28.68	28.68	28.68	0
1348	2024-03-27	28.68	28.68	28.68	28.68	700
1349	2024-03-28	28.68	28.68	28.68	28.68	0
1350	2024-03-29	28.68	28.68	28.68	28.68	0
1351	2024-04-01	25.19	28.31	25.19	28.31	1200
1352	2024-04-02	26.98	26.98	26.98	26.98	0
1353	2024-04-03	28.68	28.68	28.68	28.68	100
1354	2024-04-04	28.68	28.68	28.68	28.68	99
1355	2024-04-05	28.68	28.68	28.68	28.68	0
1356	2024-04-08	32.83	32.83	32.83	32.83	102
1357	2024-04-09	28.78	28.78	28.78	28.78	100
1358	2024-04-10	28.78	28.78	28.78	28.78	57
1359	2024-04-11	25.57	25.76	25.57	25.76	400
1360	2024-04-12	28.21	28.21	28.21	28.21	100
1361	2024-04-15	28.21	28.21	28.21	28.21	601
1362	2024-04-16	28.21	28.21	28.21	28.21	52
1363	2024-04-17	28.21	28.21	28.21	28.21	104
1364	2024-04-19	26.04	28.31	26.04	26.51	7700
1365	2024-04-22	27.55	27.55	27.55	27.55	0
1366	2024-04-23	27.55	27.55	27.55	27.55	0
1367	2024-04-24	25.57	25.57	25.57	25.57	200
1368	2024-04-25	29.25	29.25	29.25	29.25	2901
1369	2024-04-26	26.99	26.99	26.99	26.99	100
1370	2024-05-02	30.43	30.43	30.43	30.43	1000
1371	2024-05-03	30.43	30.43	30.43	30.43	0
1372	2024-05-06	30.43	30.43	30.43	30.43	0
1373	2024-05-07	30.43	30.43	30.43	30.43	0
1374	2024-05-08	26.6	26.6	26.6	26.6	100
1375	2024-05-09	26.6	26.6	26.6	26.6	1
1376	2024-05-10	26.89	26.89	26.89	26.89	100
1377	2024-05-13	26.89	26.89	26.89	26.89	0
1378	2024-05-14	26.89	26.89	26.89	26.89	0
1379	2024-05-15	22.87	22.87	22.87	22.87	100
1380	2024-05-16	26.21	26.21	26.21	26.21	2000
1381	2024-05-17	30.13	30.13	29.44	29.44	800
1382	2024-05-20	29.44	29.44	29.44	29.44	101
1383	2024-05-21	29.44	29.44	27.58	27.58	600
1384	2024-05-22	32.1	32.1	28.46	28.46	500
1385	2024-05-23	28.46	28.46	28.46	28.46	1200
1386	2024-05-24	28.46	28.46	28.46	28.46	200
1387	2024-05-27	28.46	28.46	28.46	28.46	600
1388	2024-05-28	28.46	28.46	28.46	28.46	200
1389	2024-05-29	28.46	28.46	28.46	28.46	200
1390	2024-05-30	28.46	28.46	28.46	28.46	0
1391	2024-05-31	28.46	28.46	28.46	28.46	200
1392	2024-06-03	28.46	28.46	28.46	28.46	500
1393	2024-06-04	28.46	28.46	28.46	28.46	100
1394	2024-06-05	28.46	28.46	28.46	28.46	700
1395	2024-06-06	28.46	28.46	28.46	28.46	0
1396	2024-06-07	28.46	28.46	28.46	28.46	0
1397	2024-06-10	26.7	26.7	26.7	26.7	100
1398	2024-06-11	26.7	26.7	26.7	26.7	0
1399	2024-06-12	26.7	26.7	26.7	26.7	0
1400	2024-06-13	23.07	23.07	23.07	23.07	100
1401	2024-06-14	23.07	23.07	23.07	23.07	0
1402	2024-06-17	23.07	23.07	23.07	23.07	0
1403	2024-06-18	23.07	23.07	23.07	23.07	0
1404	2024-06-19	23.07	23.07	23.07	23.07	0
1405	2024-06-20	23.07	23.07	23.07	23.07	0
1406	2024-06-21	23.07	23.07	23.07	23.07	0
1407	2024-06-24	26.5	26.5	26.5	26.5	100
1408	2024-06-25	30.43	30.43	30.43	30.43	1589
1409	2024-06-26	30.43	30.43	30.43	30.43	0
1410	2024-06-27	30.43	30.43	30.43	30.43	0
1411	2024-06-28	30.43	30.43	30.43	30.43	9
1412	2024-07-01	30.43	34.35	30.43	34.35	1600
1413	2024-07-02	35.24	35.24	30.43	30.43	1210
1414	2024-07-03	30.92	30.92	30.92	30.92	0
1415	2024-07-04	31.41	31.41	31.41	31.41	1210
1416	2024-07-05	31.41	31.41	31.41	31.41	100
1417	2024-07-08	31.41	31.41	31.41	31.41	0
1418	2024-07-09	31.41	31.41	31.41	31.41	10
1419	2024-07-10	31.41	31.41	31.41	31.41	0
1420	2024-07-11	31.41	31.41	31.41	31.41	0
1421	2024-07-12	31.41	32.39	31.41	32.39	200
1422	2024-07-15	31.9	31.9	31.9	31.9	0
1423	2024-07-16	31.9	31.9	31.9	31.9	409
1424	2024-07-17	31.9	31.9	31.9	31.9	0
1425	2024-07-18	31.9	31.9	31.9	31.9	200
1426	2024-07-19	31.9	31.9	31.9	31.9	9
1427	2024-07-22	31.9	31.9	31.9	31.9	0
1428	2024-07-23	31.9	31.9	31.9	31.9	0
1429	2024-07-24	31.41	31.41	31.41	31.41	4300
1430	2024-07-25	31.51	31.51	31.41	31.41	2304
1431	2024-07-26	31.41	31.41	31.41	31.41	100
1432	2024-07-29	31.41	31.41	31.41	31.41	10
1433	2024-07-30	31.41	31.41	31.41	31.41	1
1434	2024-07-31	31.41	31.41	31.41	31.41	8
1435	2024-08-01	31.41	31.41	31.41	31.41	0
1436	2024-08-02	27.58	27.58	27.58	27.58	100
1437	2024-08-05	27.58	27.58	27.58	27.58	0
1438	2024-08-06	31.41	31.41	31.41	31.41	111
1439	2024-08-07	31.41	31.41	31.41	31.41	0
1440	2024-08-08	31.41	31.41	31.41	31.41	0
1441	2024-08-09	30.43	30.43	30.43	30.43	102
1442	2024-08-12	30.43	30.43	30.43	30.43	0
1443	2024-08-13	30.43	30.43	30.43	30.43	5
1444	2024-08-14	30.43	30.43	30.43	30.43	1
1445	2024-08-15	30.43	30.43	30.43	30.43	1
1446	2024-08-16	31.41	31.41	31.41	31.41	320
1447	2024-08-19	31.41	31.41	31.41	31.41	1003
1448	2024-08-20	31.41	31.41	31.41	31.41	2
1449	2024-08-21	31.41	31.41	31.41	31.41	100
1450	2024-08-22	31.41	31.41	31.41	31.41	0
1451	2024-08-23	31.41	31.41	31.41	31.41	0
1452	2024-08-26	31.41	31.41	31.41	31.41	0
1453	2024-08-27	31.9	31.9	31.9	31.9	200
1454	2024-08-28	31.9	31.9	31.9	31.9	15
1455	2024-08-29	31.9	31.9	31.9	31.9	0
1456	2024-08-30	31.9	31.9	31.9	31.9	2
1457	2024-09-04	31.9	31.9	31.9	31.9	0
1458	2024-09-05	31.9	31.9	31.9	31.9	0
1459	2024-09-06	31.9	31.9	31.9	31.9	0
1460	2024-09-09	31.9	31.9	31.9	31.9	0
1461	2024-09-10	31.9	31.9	31.9	31.9	0
1462	2024-09-11	31.9	31.9	31.9	31.9	0
1463	2024-09-12	31.9	31.9	31.9	31.9	0
1464	2024-09-13	31.9	31.9	31.9	31.9	0
1465	2024-09-16	31.9	31.9	31.9	31.9	0
1466	2024-09-17	31.9	31.9	31.9	31.9	1
1467	2024-09-25	31.0	31.0	31.0	31.0	4000
1468	2024-10-02	31.5	31.5	31.5	31.5	2000
1469	2024-10-03	31.5	33.0	31.5	33.0	1100
1470	2024-10-10	37.8	37.8	37.8	37.8	1300
1471	2024-10-15	34.0	34.0	34.0	34.0	1000
1472	2024-10-23	31.0	31.2	31.0	31.2	400
1473	2024-10-24	31.1	31.1	31.1	31.1	100
1474	2024-10-25	31.2	31.2	31.2	31.2	1200
1475	2024-11-20	33.0	33.0	33.0	33.0	100
1476	2024-12-10	31.0	31.0	31.0	31.0	100
1477	2024-12-16	34.0	34.0	34.0	34.0	1000
1478	2024-12-17	34.0	34.0	34.0	34.0	1000
1479	2024-12-24	34.0	34.0	34.0	34.0	500
1480	2024-12-30	34.0	34.0	34.0	34.0	600
1481	2025-01-08	34.0	34.0	34.0	34.0	2000
1482	2025-01-14	34.0	34.0	34.0	34.0	800
1483	2025-01-21	29.0	29.0	29.0	29.0	100
1484	2025-01-24	33.3	33.3	33.3	33.3	1000
1485	2025-02-03	33.3	33.3	33.3	33.3	700
1486	2025-02-04	33.3	33.3	33.3	33.3	400
1487	2025-02-05	33.3	38.0	33.3	38.0	200
1488	2025-02-11	36.0	36.0	36.0	36.0	5700
1489	2025-02-17	36.0	36.0	36.0	36.0	600
1490	2025-02-19	36.0	36.0	36.0	36.0	100
1491	2025-02-21	36.0	36.0	36.0	36.0	2100
1492	2025-02-24	36.0	40.8	36.0	40.8	600
1493	2025-02-28	36.8	36.8	36.8	36.8	2000
