	time	open	high	low	close	volume
0	2017-01-13	15.21	15.21	15.21	15.21	600
1	2017-01-16	17.49	17.49	17.49	17.49	10400
2	2017-01-17	20.1	20.1	19.92	20.1	64517
3	2017-01-18	23.06	23.06	20.12	21.93	10387
4	2017-01-19	21.53	21.53	20.12	20.93	36126
5	2017-01-20	19.92	20.53	19.92	20.53	53302
6	2017-01-23	20.12	20.16	20.12	20.12	11545
7	2017-01-24	20.12	20.32	20.12	20.18	15410
8	2017-01-25	20.12	20.18	20.12	20.12	19900
9	2017-02-02	20.14	20.42	20.12	20.32	10466
10	2017-02-03	19.32	20.28	19.32	20.12	3125
11	2017-02-06	19.22	19.22	18.11	19.12	10365
12	2017-02-07	20.06	20.06	18.92	18.92	21674
13	2017-02-08	18.51	18.92	18.51	18.92	6764
14	2017-02-09	18.61	19.32	18.61	19.26	14400
15	2017-02-10	19.32	19.36	19.16	19.22	12750
16	2017-02-13	19.22	19.3	19.22	19.26	15245
17	2017-02-14	19.22	19.42	19.18	19.4	29368
18	2017-02-15	19.12	19.22	19.12	19.22	13410
19	2017-02-16	19.32	19.72	19.22	19.72	21900
20	2017-02-17	19.82	19.92	19.72	19.82	17060
21	2017-02-20	20.16	20.65	19.72	20.08	11571
22	2017-02-21	20.12	20.22	20.08	20.14	23431
23	2017-02-22	20.12	20.12	20.08	20.1	8270
24	2017-02-23	20.02	20.1	19.92	19.92	16150
25	2017-02-24	19.52	19.92	19.52	19.92	8054
26	2017-02-27	19.54	19.58	19.54	19.54	2121
27	2017-02-28	19.42	19.92	19.12	19.92	8986
28	2017-03-01	19.74	19.74	19.72	19.72	2294
29	2017-03-02	19.58	19.58	19.54	19.54	1120
30	2017-03-03	19.72	19.74	19.72	19.72	6212
31	2017-03-06	19.72	19.88	19.72	19.88	12106
32	2017-03-07	19.84	19.84	19.52	19.52	5462
33	2017-03-08	19.72	19.92	19.72	19.84	9875
34	2017-03-09	19.84	19.84	19.84	19.84	708
35	2017-03-10	19.72	19.72	19.32	19.32	12265
36	2017-03-13	19.72	19.72	19.34	19.34	800
37	2017-03-14	19.46	19.72	19.46	19.72	7274
38	2017-03-15	19.72	19.74	19.72	19.72	3907
39	2017-03-16	19.72	19.72	19.72	19.72	3741
40	2017-03-17	19.42	19.42	19.42	19.42	575
41	2017-03-20	19.52	19.72	19.42	19.42	2598
42	2017-03-21	19.62	19.62	19.62	19.62	1732
43	2017-03-22	19.62	19.62	19.62	19.62	945
44	2017-03-23	19.62	19.62	19.62	19.62	0
45	2017-03-24	19.42	19.42	19.32	19.42	1399
46	2017-03-27	19.62	22.26	19.42	19.42	899
47	2017-03-28	19.62	19.62	19.62	19.62	350
48	2017-03-29	19.62	19.62	19.62	19.62	10
49	2017-03-30	19.32	19.32	17.25	19.32	1199
50	2017-03-31	19.12	19.12	18.92	19.12	12030
51	2017-04-03	19.12	19.12	19.12	19.12	10
52	2017-04-04	18.11	18.92	18.11	18.11	12100
53	2017-04-05	18.92	18.92	18.92	18.92	100
54	2017-04-07	18.71	18.92	16.1	18.92	1200
55	2017-04-10	18.71	18.71	18.41	18.41	1910
56	2017-04-11	18.15	18.15	18.11	18.15	2950
57	2017-04-12	18.11	18.21	18.11	18.21	4640
58	2017-04-13	18.11	18.11	18.11	18.11	600
59	2017-04-14	18.71	18.71	18.71	18.71	167
60	2017-04-17	18.11	18.29	18.11	18.11	1134
61	2017-04-18	18.11	18.11	18.11	18.11	500
62	2017-04-19	18.11	18.11	18.11	18.11	1381
63	2017-04-20	18.11	18.11	18.11	18.11	2010
64	2017-04-21	18.11	18.21	18.11	18.21	1702
65	2017-04-24	17.91	18.11	17.91	17.91	1100
66	2017-04-25	17.91	17.91	17.91	17.91	100
67	2017-04-26	18.01	18.01	18.01	18.01	100
68	2017-04-27	17.91	18.11	17.91	18.11	900
69	2017-04-28	17.1	17.31	17.1	17.31	1800
70	2017-05-03	17.29	17.29	17.29	17.29	0
71	2017-05-04	17.1	17.16	17.1	17.14	1910
72	2017-05-05	17.1	17.1	17.1	17.1	2013
73	2017-05-08	16.9	16.9	16.7	16.7	2673
74	2017-05-09	16.7	17.1	16.7	17.1	4403
75	2017-05-10	17.91	17.91	17.91	17.91	1009
76	2017-05-11	17.91	17.91	17.91	17.91	0
77	2017-05-12	18.11	18.11	18.11	18.11	24
78	2017-05-15	17.81	17.81	17.5	17.5	7000
79	2017-05-16	17.5	17.6	17.5	17.5	12500
80	2017-05-17	17.5	17.71	17.46	17.5	28500
81	2017-05-18	17.5	17.5	17.5	17.5	100
82	2017-05-19	17.54	17.91	17.54	17.91	10600
83	2017-05-22	17.91	17.91	17.71	17.87	4017
84	2017-05-23	17.91	17.91	17.52	17.52	4300
85	2017-05-24	18.11	17.54	17.54	17.54	0
86	2017-05-25	17.93	17.93	17.93	17.93	0
87	2017-05-26	18.11	18.11	17.91	17.91	5211
88	2017-05-29	17.81	17.91	17.81	17.91	3600
89	2017-05-30	17.54	17.71	17.54	17.71	4300
90	2017-05-31	17.62	17.62	17.6	17.6	3200
91	2017-06-01	17.62	17.62	17.62	17.62	4400
92	2017-06-02	18.13	18.13	17.35	17.35	3310
93	2017-06-05	17.35	17.48	17.35	17.46	2610
94	2017-06-06	17.37	17.37	17.01	17.01	8655
95	2017-06-07	16.86	16.86	16.83	16.83	5016
96	2017-06-08	16.83	16.83	15.67	16.01	13200
97	2017-06-09	15.67	15.83	15.67	15.69	18100
98	2017-06-12	15.67	15.67	15.67	15.67	9200
99	2017-06-13	15.67	16.12	15.45	15.45	18700
100	2017-06-14	15.67	15.71	15.67	15.69	19569
101	2017-06-15	15.67	15.67	15.67	15.67	0
102	2017-06-16	15.67	16.01	15.67	16.01	2600
103	2017-06-19	15.74	15.74	14.77	15.67	8000
104	2017-06-20	16.12	16.68	16.12	16.68	5517
105	2017-06-21	16.68	16.68	16.68	16.68	50
106	2017-06-22	15.94	15.98	15.94	15.98	426
107	2017-06-23	15.89	16.1	15.89	15.94	2700
108	2017-06-26	16.57	16.57	16.45	16.57	5700
109	2017-06-27	16.54	16.54	16.54	16.54	0
110	2017-06-28	16.54	16.54	16.54	16.57	33
111	2017-06-29	16.23	16.23	16.23	16.23	110
112	2017-06-30	16.45	16.45	16.45	16.45	1072
113	2017-07-03	16.9	16.9	16.54	16.54	1300
114	2017-07-04	16.36	16.61	16.36	16.61	2230
115	2017-07-05	16.57	16.57	16.57	16.57	400
116	2017-07-06	17.01	17.01	16.57	16.57	6505
117	2017-07-07	16.79	18.13	16.79	17.66	30430
118	2017-07-10	17.46	17.57	17.42	17.42	8300
119	2017-07-11	17.64	17.64	17.64	17.64	1200
120	2017-07-12	17.68	17.8	17.68	17.8	7830
121	2017-07-13	17.91	18.13	17.68	17.68	8800
122	2017-07-14	17.68	17.68	17.46	17.51	6700
123	2017-07-17	17.24	17.46	17.24	17.46	665
124	2017-07-18	17.42	17.42	17.24	17.24	3000
125	2017-07-19	17.35	17.35	17.24	17.24	724
126	2017-07-20	17.24	17.24	17.1	17.1	6300
127	2017-07-21	16.9	17.13	16.9	17.13	1030
128	2017-07-24	16.9	17.01	16.9	16.9	420
129	2017-07-25	16.83	16.97	16.83	16.86	3106
130	2017-07-26	17.21	17.91	17.19	17.68	18002
131	2017-07-27	17.6	17.6	17.6	17.68	8
132	2017-07-28	17.6	17.6	17.57	17.57	7301
133	2017-07-31	17.68	17.68	16.12	16.79	1682
134	2017-08-01	17.28	17.28	17.28	17.28	450
135	2017-08-02	17.04	17.04	17.01	17.01	5900
136	2017-08-03	17.01	17.01	16.9	17.01	6450
137	2017-08-04	16.99	16.99	16.99	16.99	0
138	2017-08-07	16.9	16.9	16.9	16.9	900
139	2017-08-08	16.79	17.01	16.79	17.01	8900
140	2017-08-09	16.97	16.97	16.97	16.97	0
141	2017-08-10	16.97	16.97	16.97	16.97	0
142	2017-08-11	16.97	16.97	16.97	16.97	200
143	2017-08-14	16.97	16.97	16.79	16.79	7205
144	2017-08-15	16.81	17.01	16.57	16.79	17100
145	2017-08-16	16.57	16.57	16.57	16.57	6000
146	2017-08-17	16.61	17.24	16.57	17.24	15905
147	2017-08-18	16.9	17.24	16.9	17.24	5000
148	2017-08-21	16.79	16.79	16.79	16.79	2500
149	2017-08-22	16.79	16.79	16.79	16.79	11
150	2017-08-23	16.36	16.36	16.34	16.34	15010
151	2017-08-24	16.34	16.34	16.34	16.34	8300
152	2017-08-25	16.34	16.34	16.34	16.34	4300
153	2017-08-28	16.34	16.34	16.34	16.34	4570
154	2017-08-29	16.34	16.34	16.34	16.34	6100
155	2017-08-30	16.34	16.34	16.34	16.34	8
156	2017-08-31	15.69	16.68	15.67	16.12	11032
157	2017-09-01	16.12	16.12	15.67	16.12	19980
158	2017-09-05	15.76	15.76	15.76	15.76	0
159	2017-09-06	15.89	16.12	15.78	16.12	5000
160	2017-09-07	16.23	16.23	15.89	15.89	450
161	2017-09-08	15.67	16.34	15.67	16.34	1800
162	2017-09-11	16.68	16.68	15.67	15.74	9400
163	2017-09-12	16.39	16.39	15.89	15.89	2153
164	2017-09-13	16.57	16.57	15.89	15.89	16000
165	2017-09-14	15.92	15.92	15.92	15.92	100
166	2017-09-15	16.12	16.34	15.8	15.8	3433
167	2017-09-18	16.12	16.12	15.89	15.89	1900
168	2017-09-19	16.23	16.23	16.03	16.03	2600
169	2017-09-20	15.89	16.07	15.89	16.07	3402
170	2017-09-21	15.89	16.07	15.89	16.07	9800
171	2017-09-22	16.14	16.58	16.14	16.14	14171
172	2017-09-25	16.58	16.58	16.58	16.58	6002
173	2017-09-26	16.12	16.33	16.12	16.33	14370
174	2017-09-27	16.14	16.19	16.14	16.19	1500
175	2017-09-28	16.19	16.23	16.19	16.23	1201
176	2017-09-29	16.35	16.35	16.35	16.35	100
177	2017-10-02	16.35	16.89	16.26	16.26	4640
178	2017-10-03	16.23	16.23	16.12	16.12	4400
179	2017-10-04	16.03	16.35	16.03	16.35	1100
180	2017-10-05	15.89	15.89	15.89	15.89	1000
181	2017-10-06	16.55	16.58	16.21	16.33	13001
182	2017-10-09	16.35	16.35	16.23	16.23	16700
183	2017-10-10	16.33	16.55	16.3	16.55	3300
184	2017-10-11	16.35	16.35	16.3	16.3	12601
185	2017-10-12	16.35	16.35	16.35	16.35	23902
186	2017-10-13	16.37	16.37	16.37	16.37	1015
187	2017-10-16	16.35	16.46	16.35	16.46	1200
188	2017-10-17	16.58	16.58	16.42	16.42	2976
189	2017-10-18	16.46	16.46	16.35	16.35	8900
190	2017-10-19	16.35	16.69	16.35	16.69	300
191	2017-10-20	16.58	16.58	16.35	16.35	5403
192	2017-10-23	16.12	16.46	16.12	16.35	809
193	2017-10-24	16.33	16.33	16.33	16.35	21
194	2017-10-25	16.12	16.23	16.12	16.23	7250
195	2017-10-26	16.03	16.03	16.03	16.03	600
196	2017-10-27	16.03	16.03	16.03	16.03	1450
197	2017-10-30	16.03	16.03	16.03	16.03	520
198	2017-10-31	16.12	16.12	16.12	16.12	3209
199	2017-11-01	16.12	16.12	15.89	15.89	4200
200	2017-11-02	16.03	16.21	16.01	16.01	2682
201	2017-11-03	16.01	16.58	16.01	16.01	20060
202	2017-11-06	16.01	16.01	15.89	15.89	20000
203	2017-11-07	15.92	16.03	15.92	16.01	2900
204	2017-11-08	16.01	16.23	16.01	16.14	1500
205	2017-11-09	16.14	16.14	16.12	16.12	1872
206	2017-11-10	16.12	16.12	16.12	16.12	1550
207	2017-11-13	16.12	16.23	15.92	16.23	1240
208	2017-11-14	16.08	16.26	16.08	16.12	1700
209	2017-11-15	16.21	16.21	16.19	16.19	1114
210	2017-11-16	16.33	16.58	16.19	16.58	13300
211	2017-11-17	16.33	16.58	16.23	16.58	8000
212	2017-11-20	16.69	17.26	16.58	17.26	23819
213	2017-11-21	17.03	17.48	16.78	16.85	13510
214	2017-11-22	16.89	19.32	16.87	17.67	29000
215	2017-11-23	17.39	17.48	17.17	17.48	10220
216	2017-11-24	17.48	17.71	17.37	17.71	27203
217	2017-11-27	18.16	18.39	17.73	18.14	24701
218	2017-11-28	18.14	18.14	17.73	17.73	3164
219	2017-11-29	17.82	18.16	17.69	18.16	23500
220	2017-11-30	18.16	18.39	18.16	18.16	16850
221	2017-12-01	17.51	17.51	17.51	17.51	208
222	2017-12-04	17.94	17.94	17.71	17.71	5964
223	2017-12-05	15.46	17.73	15.46	17.05	4408
224	2017-12-06	17.48	17.48	17.28	17.3	2067
225	2017-12-07	18.16	17.48	17.91	17.91	1000
226	2017-12-08	17.96	17.96	17.03	17.76	1300
227	2017-12-11	15.92	17.71	15.92	16.58	16510
228	2017-12-12	17.69	17.71	17.03	17.48	13800
229	2017-12-13	16.37	17.37	16.37	17.37	800
230	2017-12-14	17.69	17.69	17.48	17.48	1027
231	2017-12-15	17.03	17.03	16.58	16.58	4116
232	2017-12-18	17.71	17.71	16.6	16.8	7400
233	2017-12-19	17.57	17.57	17.57	17.57	120
234	2017-12-20	15.46	17.03	15.46	17.03	7617
235	2017-12-21	17.48	17.48	16.69	16.69	940
236	2017-12-22	17.03	17.03	16.92	16.96	8800
237	2017-12-25	16.58	17.14	16.58	17.03	710
238	2017-12-26	16.19	17.03	16.19	17.03	2910
239	2017-12-27	17.03	17.03	17.03	17.03	3460
240	2017-12-28	17.26	17.47	17.26	17.47	1440
241	2017-12-29	17.38	17.45	17.38	17.38	2100
242	2018-01-02	17.26	17.26	17.26	17.26	711
243	2018-01-03	17.26	17.5	17.26	17.26	10928
244	2018-01-04	17.47	17.5	17.45	17.45	20702
245	2018-01-05	17.54	17.73	17.03	17.03	1800
246	2018-01-08	17.43	17.5	17.43	17.47	3357
247	2018-01-09	17.5	17.5	17.03	17.03	10202
248	2018-01-10	14.51	17.61	14.51	17.61	10120
249	2018-01-11	16.94	17.5	16.94	17.5	410
250	2018-01-12	17.22	17.22	17.22	17.22	0
251	2018-01-15	17.22	17.22	17.22	17.22	0
252	2018-01-16	17.5	17.5	17.5	17.5	500
253	2018-01-17	17.5	17.66	17.5	17.66	1552
254	2018-01-18	17.03	17.03	16.82	17.03	41600
255	2018-01-19	17.03	17.5	17.03	17.03	86030
256	2018-01-22	16.91	17.45	16.8	17.03	2400
257	2018-01-23	17.03	17.47	17.03	17.47	4400
258	2018-01-24	18.64	18.64	17.38	17.5	12910
259	2018-01-25	18.17	18.17	17.61	17.61	802
260	2018-01-26	17.38	17.38	17.38	17.38	100
261	2018-01-29	17.26	17.26	17.15	17.15	10370
262	2018-01-30	18.59	18.59	17.15	17.26	1620
263	2018-01-31	17.94	17.94	17.94	17.94	101
264	2018-02-01	17.73	17.73	17.26	17.26	1300
265	2018-02-02	17.26	17.5	16.91	17.03	13300
266	2018-02-05	16.8	17.03	16.45	16.45	27321
267	2018-02-06	16.45	16.45	16.1	16.1	4515
268	2018-02-07	17.47	17.47	16.49	16.49	1150
269	2018-02-08	16.59	16.59	16.59	16.59	800
270	2018-02-09	16.33	16.8	16.33	16.8	24110
271	2018-02-12	16.38	16.56	16.38	16.56	700
272	2018-02-13	16.56	16.8	16.56	16.8	800
273	2018-02-21	16.66	16.66	16.45	16.45	9819
274	2018-02-22	17.5	17.73	17.5	17.73	2050
275	2018-02-23	17.5	17.5	16.54	16.54	4457
276	2018-02-26	16.61	16.68	16.61	16.66	2200
277	2018-02-27	16.68	16.68	16.45	16.68	3300
278	2018-02-28	16.56	16.66	16.45	16.45	3400
279	2018-03-01	16.4	16.4	16.4	16.4	120
280	2018-03-02	16.4	17.03	16.4	17.03	400
281	2018-03-05	16.56	16.8	16.56	16.56	7700
282	2018-03-06	16.49	16.68	16.49	16.56	603
283	2018-03-07	17.15	17.19	17.15	17.19	1058
284	2018-03-08	16.68	16.68	16.68	16.68	3600
285	2018-03-09	16.68	16.68	16.68	16.68	3100
286	2018-03-12	16.68	16.68	16.68	16.68	57
287	2018-03-13	16.54	16.54	16.52	16.52	5400
288	2018-03-14	16.52	16.52	16.52	16.52	0
289	2018-03-15	16.52	16.8	16.52	16.8	2100
290	2018-03-16	16.68	16.91	16.56	16.91	12245
291	2018-03-19	17.03	17.73	16.84	17.73	22965
292	2018-03-20	18.43	18.43	17.68	17.92	20400
293	2018-03-21	17.75	17.96	17.75	17.96	3609
294	2018-03-22	17.73	17.96	17.73	17.94	23425
295	2018-03-23	17.82	17.96	17.5	17.73	18615
296	2018-03-26	17.85	19.81	17.85	18.08	13000
297	2018-03-27	17.73	17.96	17.73	17.96	22320
298	2018-03-28	17.96	18.06	17.96	17.96	4900
299	2018-03-29	17.96	18.08	17.96	18.08	1315
300	2018-03-30	19.25	19.25	17.96	18.17	7800
301	2018-04-02	18.2	18.22	17.92	17.92	5710
302	2018-04-03	17.61	17.61	17.5	17.5	4400
303	2018-04-04	18.9	18.9	18.2	18.64	16586
304	2018-04-05	18.9	20.76	18.48	18.55	7500
305	2018-04-06	18.73	18.85	18.66	18.85	5400
306	2018-04-09	18.71	18.71	18.31	18.64	18790
307	2018-04-10	19.13	20.76	19.13	19.83	13596
308	2018-04-11	19.85	19.85	19.81	19.83	6000
309	2018-04-12	20.3	21.0	20.3	21.0	11740
310	2018-04-13	21.0	21.04	20.53	21.0	10017
311	2018-04-16	21.23	21.58	21.23	21.58	7200
312	2018-04-17	21.44	21.44	20.76	20.76	4308
313	2018-04-18	21.7	21.7	19.83	20.3	16000
314	2018-04-19	22.39	22.39	20.78	20.99	14000
315	2018-04-20	20.99	20.99	20.3	20.3	3600
316	2018-04-23	19.95	19.95	19.25	19.25	12400
317	2018-04-24	17.5	18.58	17.5	18.58	2100
318	2018-04-26	18.48	19.25	18.48	18.58	8100
319	2018-04-27	19.21	19.21	19.21	19.21	200
320	2018-05-02	19.25	19.25	18.37	18.37	900
321	2018-05-03	18.72	19.35	18.72	19.35	1100
322	2018-05-04	19.04	19.04	19.04	19.04	200
323	2018-05-07	19.04	19.04	19.04	19.04	0
324	2018-05-08	19.07	19.6	19.07	19.6	2800
325	2018-05-09	19.28	19.28	19.25	19.25	1400
326	2018-05-10	19.28	19.6	19.25	19.25	5500
327	2018-05-11	19.77	19.77	19.6	19.6	3500
328	2018-05-14	19.6	19.6	19.6	19.6	162
329	2018-05-15	19.6	19.6	19.6	19.6	1038
330	2018-05-16	19.42	19.42	19.25	19.25	1500
331	2018-05-17	19.6	19.6	19.25	19.25	2400
332	2018-05-18	18.58	18.9	18.58	18.62	1500
333	2018-05-21	18.9	18.9	18.55	18.55	10800
334	2018-05-22	18.58	18.58	18.55	18.55	4600
335	2018-05-23	18.55	18.55	18.55	18.55	3500
336	2018-05-24	18.2	18.2	18.2	18.2	500
337	2018-05-25	15.47	18.9	15.47	17.85	1200
338	2018-05-28	17.74	17.74	17.74	17.74	709
339	2018-05-29	17.74	17.85	17.5	17.85	2900
340	2018-05-30	17.5	17.53	17.5	17.53	3900
341	2018-05-31	17.53	17.85	17.53	17.85	6000
342	2018-06-01	18.2	18.2	16.73	16.73	95839
343	2018-06-04	18.16	18.51	18.16	18.2	6205
344	2018-06-05	20.92	20.92	19.21	19.21	2100
345	2018-06-06	18.9	18.9	18.55	18.9	1357
346	2018-06-07	19.25	19.91	19.25	19.91	330
347	2018-06-08	17.5	18.9	17.5	18.9	307
348	2018-06-11	18.55	18.9	18.55	18.9	4230
349	2018-06-12	19.07	19.07	19.0	19.0	680
350	2018-06-13	19.0	19.0	18.9	18.9	2111
351	2018-06-14	19.25	19.25	18.9	18.9	6910
352	2018-06-15	18.9	18.9	17.67	17.67	23755
353	2018-06-18	17.5	17.85	17.5	17.85	900
354	2018-06-19	17.5	17.53	17.5	17.5	3525
355	2018-06-20	18.2	18.2	18.02	18.02	7625
356	2018-06-21	18.13	18.13	18.13	18.13	0
357	2018-06-22	18.13	18.13	18.13	18.13	100
358	2018-06-25	17.5	18.2	17.5	18.02	2800
359	2018-06-26	17.85	18.02	17.85	18.02	5400
360	2018-06-27	18.13	18.9	18.13	18.9	2026
361	2018-06-28	17.85	18.2	17.85	17.85	3700
362	2018-06-29	18.02	18.02	18.02	17.85	28
363	2018-07-02	16.97	16.97	16.8	16.8	1100
364	2018-07-03	16.87	16.87	16.87	16.87	505
365	2018-07-04	17.85	17.85	17.67	17.67	2110
366	2018-07-05	17.15	17.43	16.8	17.43	2726
367	2018-07-06	17.43	17.46	17.15	17.15	1421
368	2018-07-09	17.67	17.85	17.67	17.85	250
369	2018-07-10	17.46	17.85	17.46	17.85	9950
370	2018-07-11	17.85	17.85	17.85	17.85	2400
371	2018-07-12	17.5	17.85	17.5	17.85	5230
372	2018-07-13	17.92	18.13	17.85	18.13	15651
373	2018-07-16	18.51	19.25	18.51	19.25	1548
374	2018-07-17	18.69	18.69	18.69	19.25	80
375	2018-07-18	18.69	18.69	18.69	18.69	0
376	2018-07-19	17.85	19.6	17.85	19.6	1750
377	2018-07-20	18.51	18.51	18.51	18.51	0
378	2018-07-23	18.2	18.55	18.2	18.55	1775
379	2018-07-24	18.2	18.55	18.2	18.55	200
380	2018-07-25	18.72	18.72	18.2	18.2	14800
381	2018-07-26	18.2	18.2	18.2	18.2	66
382	2018-07-27	19.6	19.6	17.85	17.85	784
383	2018-07-30	17.85	17.85	17.57	17.85	8700
384	2018-07-31	17.85	18.2	17.5	17.5	2400
385	2018-08-01	17.85	19.56	17.78	17.78	6610
386	2018-08-02	18.02	18.02	18.02	18.02	0
387	2018-08-03	17.88	18.02	17.88	18.02	2200
388	2018-08-06	19.21	19.21	19.21	19.21	100
389	2018-08-07	19.21	19.21	19.21	19.21	0
390	2018-08-08	18.02	18.02	17.85	18.02	4612
391	2018-08-09	18.02	18.02	18.02	18.02	2003
392	2018-08-10	17.85	18.02	17.5	17.5	5366
393	2018-08-13	17.95	18.02	17.95	17.99	4974
394	2018-08-14	17.71	17.99	17.67	17.85	7100
395	2018-08-15	17.85	17.85	17.85	17.85	250
396	2018-08-16	17.88	17.88	17.85	17.85	310
397	2018-08-17	17.85	17.85	17.85	17.85	45
398	2018-08-20	17.85	17.85	17.67	17.85	2300
399	2018-08-21	18.2	18.2	18.2	18.2	300
400	2018-08-22	18.2	18.2	18.2	18.2	200
401	2018-08-23	18.2	18.2	18.2	18.2	545
402	2018-08-24	18.2	18.2	17.85	17.85	500
403	2018-08-27	17.67	18.02	17.67	18.02	2640
404	2018-08-28	17.67	17.67	17.67	17.67	200
405	2018-08-29	17.67	17.67	17.67	17.67	10
406	2018-08-30	17.85	17.88	17.85	17.88	973
407	2018-08-31	17.88	17.88	17.88	17.88	0
408	2018-09-04	17.85	17.85	17.85	17.85	1523
409	2018-09-05	17.85	17.85	17.85	17.85	200
410	2018-09-06	17.71	17.71	17.71	17.71	205
411	2018-09-07	17.85	17.85	17.85	17.85	100
412	2018-09-10	17.85	17.85	17.85	17.85	1033
413	2018-09-11	17.85	17.85	17.85	17.85	1000
414	2018-09-12	17.85	17.85	17.85	17.85	89
415	2018-09-13	17.71	17.71	17.71	17.71	500
416	2018-09-14	17.81	17.81	17.81	17.81	300
417	2018-09-17	17.6	17.6	17.6	17.6	100
418	2018-09-18	17.85	17.85	17.85	17.85	1040
419	2018-09-19	17.88	18.09	17.88	17.92	7860
420	2018-09-20	17.88	17.92	17.88	17.92	6157
421	2018-09-21	17.92	17.92	17.92	17.92	15048
422	2018-09-24	17.85	17.85	17.85	17.85	630
423	2018-09-25	18.2	18.2	18.2	18.2	1500
424	2018-09-26	18.2	18.2	18.2	18.2	11060
425	2018-09-27	18.3	18.37	18.3	18.37	2400
426	2018-09-28	17.85	18.2	17.85	18.2	9240
427	2018-10-01	18.2	18.9	18.2	18.9	9605
428	2018-10-02	18.68	18.68	18.68	19.26	30
429	2018-10-03	19.18	19.26	18.54	18.54	5526
430	2018-10-04	18.54	18.54	18.54	18.54	749
431	2018-10-05	18.54	18.54	18.54	18.54	7300
432	2018-10-08	18.54	18.54	18.54	18.54	1720
433	2018-10-09	18.54	18.54	18.54	18.54	3000
434	2018-10-10	18.54	18.54	18.54	18.54	2515
435	2018-10-11	18.36	18.36	18.08	18.22	8700
436	2018-10-12	18.22	18.22	18.22	18.22	49
437	2018-10-15	18.22	18.22	18.22	18.22	0
438	2018-10-16	18.54	18.54	18.54	18.54	1310
439	2018-10-17	18.54	19.43	18.54	18.72	5650
440	2018-10-18	18.79	18.79	18.79	18.79	0
441	2018-10-19	18.76	18.76	18.54	18.54	2200
442	2018-10-22	18.54	18.68	18.54	18.54	2910
443	2018-10-23	18.54	18.54	18.26	18.36	6910
444	2018-10-24	18.54	18.54	18.54	18.54	3200
445	2018-10-25	17.83	18.19	17.83	18.19	8000
446	2018-10-26	18.19	18.72	18.19	18.72	4900
447	2018-10-29	18.68	18.72	18.65	18.72	1000
448	2018-10-30	18.36	18.36	18.36	18.36	1000
449	2018-10-31	18.19	18.19	18.19	18.19	100
450	2018-11-01	18.33	18.54	18.33	18.54	800
451	2018-11-02	17.83	17.83	17.83	17.83	500
452	2018-11-05	17.83	17.83	17.83	17.83	0
453	2018-11-06	17.83	17.83	17.83	17.83	0
454	2018-11-07	18.19	18.19	18.19	18.19	800
455	2018-11-08	18.19	18.19	18.19	18.19	0
456	2018-11-09	18.36	18.36	18.36	18.36	500
457	2018-11-12	18.36	18.36	18.36	18.36	42
458	2018-11-13	18.36	18.36	18.36	18.36	0
459	2018-11-14	18.19	18.19	18.19	18.19	200
460	2018-11-15	18.19	18.19	18.19	18.19	50
461	2018-11-16	18.19	18.19	18.19	18.19	55
462	2018-11-19	18.19	18.19	18.19	18.19	200
463	2018-11-20	18.36	18.36	18.36	18.36	250
464	2018-11-21	18.36	18.36	18.36	18.36	2
465	2018-11-22	18.36	18.36	18.36	18.36	200
466	2018-11-23	18.36	18.36	18.36	18.36	0
467	2018-11-26	18.36	18.36	18.36	18.36	0
468	2018-11-27	18.36	18.36	18.36	18.36	0
469	2018-11-28	17.83	17.83	17.83	17.83	100
470	2018-11-29	17.83	17.83	17.83	17.83	2020
471	2018-11-30	17.83	17.83	17.83	17.83	0
472	2018-12-03	17.83	17.83	17.83	17.83	0
473	2018-12-04	17.83	17.83	17.83	17.83	2040
474	2018-12-05	17.83	18.01	17.83	18.01	3941
475	2018-12-06	17.83	18.19	17.83	18.01	15950
476	2018-12-07	17.86	18.44	17.83	18.44	4300
477	2018-12-10	17.86	18.44	18.44	18.44	0
478	2018-12-11	17.86	18.44	18.44	18.44	0
479	2018-12-12	17.86	18.44	18.44	18.44	0
480	2018-12-13	17.86	17.86	17.86	18.44	24
481	2018-12-14	17.83	17.83	17.83	17.83	8011
482	2018-12-17	17.83	17.83	17.83	17.83	17530
483	2018-12-18	17.83	17.83	17.83	17.83	95
484	2018-12-19	17.83	17.83	17.83	17.83	0
485	2018-12-20	17.83	17.83	17.83	17.83	20600
486	2018-12-21	17.83	17.83	17.83	17.83	0
487	2018-12-24	17.83	17.83	17.83	17.83	100
488	2018-12-25	17.83	17.83	17.83	17.83	0
489	2018-12-26	18.01	18.01	18.01	18.01	100
490	2018-12-27	17.58	17.58	17.33	17.58	4750
491	2018-12-28	17.51	18.15	17.51	18.15	9500
492	2019-01-02	18.15	18.15	18.15	18.15	100
493	2019-01-03	18.01	18.01	18.01	18.01	159
494	2019-01-04	18.01	18.01	18.01	18.01	0
495	2019-01-07	18.01	18.01	18.01	18.01	0
496	2019-01-08	17.19	17.19	17.15	17.15	300
497	2019-01-09	17.12	17.12	17.12	17.12	2010
498	2019-01-10	17.12	17.47	17.12	17.47	9150
499	2019-01-11	17.12	17.12	17.12	17.47	10
500	2019-01-14	17.12	17.12	17.12	17.12	2590
501	2019-01-15	17.12	17.29	17.12	17.12	5507
502	2019-01-16	17.12	17.12	17.12	17.12	77
503	2019-01-17	17.15	17.65	17.12	17.12	8886
504	2019-01-18	17.15	17.15	17.15	17.15	100
505	2019-01-21	17.19	17.29	17.15	17.15	3100
506	2019-01-22	17.15	17.15	17.15	17.15	0
507	2019-01-23	17.29	17.29	17.29	17.29	200
508	2019-01-24	17.29	17.47	17.29	17.47	1010
509	2019-01-25	17.47	17.47	17.37	17.37	1900
510	2019-01-28	17.44	17.44	17.44	17.37	2
511	2019-01-29	17.44	17.37	17.37	17.37	0
512	2019-01-30	17.47	17.47	17.47	17.47	900
513	2019-01-31	18.36	18.36	18.36	18.36	100
514	2019-02-01	18.36	18.36	18.36	18.36	0
515	2019-02-11	18.36	18.36	18.36	18.36	0
516	2019-02-12	17.83	17.83	17.83	17.83	900
517	2019-02-13	18.01	18.01	17.69	18.01	10400
518	2019-02-14	17.83	17.86	17.83	17.83	11700
519	2019-02-15	17.86	17.83	17.83	17.83	0
520	2019-02-18	17.83	18.54	17.83	17.94	4600
521	2019-02-19	18.19	18.19	18.19	18.19	250
522	2019-02-20	17.86	17.86	17.86	17.86	1700
523	2019-02-21	17.86	17.86	17.86	17.86	10
524	2019-02-22	18.19	18.19	17.86	18.19	1520
525	2019-02-25	17.9	18.19	17.9	18.19	23217
526	2019-02-26	17.9	18.19	17.9	18.19	600
527	2019-02-27	18.54	18.54	18.54	18.54	800
528	2019-02-28	17.9	17.9	17.9	17.9	305
529	2019-03-01	18.54	18.54	18.54	18.54	300
530	2019-03-04	18.54	18.54	18.54	18.54	200
531	2019-03-05	18.54	18.54	18.54	18.54	0
532	2019-03-06	18.54	18.54	18.54	18.54	0
533	2019-03-07	17.29	17.29	17.29	17.29	500
534	2019-03-08	18.01	18.01	18.01	18.01	1200
535	2019-03-11	18.01	18.01	18.01	18.01	400
536	2019-03-12	17.83	17.83	17.83	17.83	200
537	2019-03-13	17.83	17.83	17.83	17.83	47
538	2019-03-14	17.83	17.83	17.83	17.83	0
539	2019-03-15	17.83	17.83	17.83	17.83	300
540	2019-03-18	17.83	17.83	17.83	17.83	110
541	2019-03-19	17.83	17.83	17.83	17.83	200
542	2019-03-20	17.83	17.83	17.83	17.83	8000
543	2019-03-21	17.83	17.83	17.83	17.83	0
544	2019-03-22	17.65	17.65	17.65	17.65	500
545	2019-03-25	17.47	17.47	17.29	17.29	4865
546	2019-03-26	17.65	17.65	17.65	17.65	1600
547	2019-03-27	17.65	17.65	17.65	17.65	500
548	2019-03-28	17.29	17.29	17.12	17.12	1500
549	2019-03-29	17.12	17.12	17.12	17.12	3600
550	2019-04-01	17.12	17.29	16.8	17.29	3230
551	2019-04-02	17.12	17.12	17.12	17.12	100
552	2019-04-03	17.12	17.29	17.12	17.29	2800
553	2019-04-04	17.29	17.29	17.29	17.29	11100
554	2019-04-05	17.47	17.47	17.29	17.29	650
555	2019-04-08	17.33	17.33	17.33	17.33	735
556	2019-04-09	17.47	17.47	17.29	17.29	503
557	2019-04-10	17.47	17.62	17.33	17.33	8500
558	2019-04-11	17.54	17.58	17.19	17.19	9000
559	2019-04-12	17.47	17.19	17.19	17.19	0
560	2019-04-16	17.29	17.29	17.26	17.29	947
561	2019-04-17	17.29	17.29	17.29	17.29	100
562	2019-04-18	16.94	17.29	15.19	17.29	2500
563	2019-04-19	16.37	16.37	16.37	17.29	10
564	2019-04-22	17.12	17.12	17.12	17.12	300
565	2019-04-23	17.12	17.12	17.12	17.12	100
566	2019-04-24	17.12	17.12	17.12	17.12	100
567	2019-04-25	17.12	17.12	17.12	17.12	100
568	2019-04-26	17.26	17.29	17.12	17.29	6700
569	2019-05-02	17.12	17.29	16.05	17.29	31862
570	2019-05-03	17.12	17.12	17.12	17.12	1300
571	2019-05-06	16.94	16.94	16.22	16.22	11100
572	2019-05-07	16.55	16.55	16.4	16.4	4300
573	2019-05-08	16.72	16.72	16.72	16.72	110
574	2019-05-09	16.72	16.72	16.72	16.72	0
575	2019-05-10	18.68	18.68	16.4	17.37	800
576	2019-05-13	17.26	17.47	17.12	17.12	9000
577	2019-05-14	17.19	17.19	17.19	17.19	2000
578	2019-05-15	17.22	17.22	16.76	16.76	5510
579	2019-05-16	17.08	17.08	17.08	17.08	100
580	2019-05-17	17.12	17.12	17.12	17.12	700
581	2019-05-20	16.94	16.94	16.76	16.76	3000
582	2019-05-21	16.76	16.76	16.76	16.76	300
583	2019-05-22	16.76	16.76	16.76	16.76	2700
584	2019-05-23	16.76	16.76	16.76	16.76	10
585	2019-05-24	17.12	17.29	17.12	17.12	6240
586	2019-05-27	17.12	17.12	17.12	17.12	1905
587	2019-05-28	17.12	17.12	17.12	17.12	210
588	2019-05-29	16.76	16.76	16.76	16.76	652
589	2019-05-30	17.89	17.89	16.75	16.75	1150
590	2019-05-31	16.94	16.94	16.94	16.75	4
591	2019-06-03	16.94	16.75	16.75	16.75	0
592	2019-06-04	16.94	16.75	16.75	16.75	0
593	2019-06-05	16.98	16.98	16.98	16.98	300
594	2019-06-06	16.94	16.94	16.94	16.94	100
595	2019-06-07	16.94	16.94	16.94	16.94	0
596	2019-06-10	16.94	16.94	16.94	16.94	0
597	2019-06-11	16.98	16.98	16.98	16.98	2000
598	2019-06-12	16.87	16.87	16.87	16.87	152
599	2019-06-13	16.87	17.27	17.27	17.27	0
600	2019-06-14	16.87	16.87	16.87	16.87	200
601	2019-06-17	16.87	16.87	16.87	16.87	200
602	2019-06-18	16.87	16.87	16.87	16.87	1500
603	2019-06-19	16.06	16.67	16.06	16.67	1500
604	2019-06-20	16.67	16.67	16.06	16.06	4300
605	2019-06-21	16.47	16.47	16.06	16.06	1100
606	2019-06-24	16.14	16.47	16.14	16.18	600
607	2019-06-25	15.86	15.86	15.86	15.86	100
608	2019-06-26	15.9	15.9	15.9	15.9	200
609	2019-06-27	16.26	16.26	16.26	16.26	100
610	2019-06-28	15.9	15.94	15.86	15.86	1120
611	2019-07-01	15.9	15.86	15.86	15.86	0
612	2019-07-02	16.06	16.06	16.06	16.06	400
613	2019-07-03	16.06	16.06	16.06	16.06	300
614	2019-07-04	16.06	16.06	16.02	16.06	8000
615	2019-07-05	16.06	16.06	16.06	16.06	3800
616	2019-07-08	16.06	16.06	16.06	16.06	7420
617	2019-07-09	15.86	15.86	15.86	15.86	350
618	2019-07-10	16.26	16.26	16.26	16.26	100
619	2019-07-11	16.06	16.06	15.9	15.9	1350
620	2019-07-12	16.06	16.06	16.02	16.02	7900
621	2019-07-15	16.26	16.47	16.26	16.47	7000
622	2019-07-16	16.43	16.43	16.22	16.22	1209
623	2019-07-17	16.39	16.22	16.22	16.22	0
624	2019-07-18	16.06	16.06	15.98	16.06	400
625	2019-07-19	15.66	15.7	15.66	15.7	5200
626	2019-07-22	16.3	16.3	16.06	16.06	600
627	2019-07-23	16.39	16.47	15.94	15.94	5200
628	2019-07-24	16.06	16.1	15.86	16.1	1100
629	2019-07-25	16.06	16.87	16.06	16.06	5100
630	2019-07-26	16.47	18.47	16.47	16.87	400
631	2019-07-29	16.47	16.87	16.47	16.87	3020
632	2019-07-30	16.26	16.79	16.06	16.55	1800
633	2019-07-31	16.34	16.87	15.26	16.06	2700
634	2019-08-01	16.18	16.18	16.18	16.18	100
635	2019-08-02	16.1	16.1	16.06	16.06	2137
636	2019-08-05	16.06	16.67	16.06	16.06	2100
637	2019-08-06	16.06	16.47	16.06	16.1	17400
638	2019-08-07	16.1	16.55	16.1	16.47	3893
639	2019-08-08	16.14	17.07	16.14	17.07	18800
640	2019-08-09	17.27	18.07	17.27	17.59	20933
641	2019-08-12	17.67	17.67	17.11	17.11	1300
642	2019-08-13	16.87	16.87	16.87	16.87	100
643	2019-08-14	16.87	17.27	16.87	17.27	1133
644	2019-08-15	17.15	18.43	17.15	17.67	1742
645	2019-08-16	17.67	18.15	17.67	17.67	25525
646	2019-08-19	18.27	18.27	17.87	17.87	1105
647	2019-08-20	18.35	18.87	18.07	18.87	27927
648	2019-08-21	19.28	19.28	18.47	18.87	4070
649	2019-08-22	18.31	18.67	18.31	18.67	3330
650	2019-08-23	18.19	18.35	18.19	18.35	15150
651	2019-08-26	18.07	18.27	18.07	18.19	2044
652	2019-08-27	18.27	18.27	18.19	18.27	3200
653	2019-08-28	18.27	18.27	18.07	18.07	3340
654	2019-08-29	18.27	18.27	18.27	18.27	1105
655	2019-08-30	18.27	18.27	17.87	17.87	5514
656	2019-09-03	17.71	17.71	17.67	17.67	602
657	2019-09-04	18.07	18.47	18.07	18.07	458
658	2019-09-05	18.07	18.47	18.07	18.47	3200
659	2019-09-06	18.43	18.47	18.47	18.47	0
660	2019-09-09	18.07	18.07	18.07	18.07	1200
661	2019-09-10	18.07	18.07	18.07	18.07	215
662	2019-09-11	18.07	18.15	17.99	18.15	2500
663	2019-09-12	17.43	18.35	17.43	18.35	2100
664	2019-09-13	18.27	18.27	18.27	18.27	2120
665	2019-09-16	18.27	18.47	18.27	18.47	2100
666	2019-09-17	18.47	18.47	18.47	18.47	0
667	2019-09-18	18.27	18.27	18.27	18.27	904
668	2019-09-19	18.27	18.27	18.27	18.27	162
669	2019-09-20	18.31	18.47	18.31	18.47	3433
670	2019-09-23	18.43	18.87	18.27	18.59	10800
671	2019-09-24	18.59	18.59	18.47	18.47	7200
672	2019-09-25	18.79	18.87	18.47	18.51	11400
673	2019-09-26	18.55	18.55	18.47	18.47	35040
674	2019-09-27	18.27	18.47	18.07	18.07	15503
675	2019-09-30	18.07	18.07	18.07	18.07	4900
676	2019-10-01	18.47	18.47	18.47	18.47	6850
677	2019-10-02	18.19	18.47	18.19	18.47	8400
678	2019-10-03	18.47	18.47	18.47	18.47	2000
679	2019-10-04	18.47	18.47	18.47	18.47	0
680	2019-10-07	18.07	18.07	18.07	18.07	950
681	2019-10-08	18.07	18.07	18.07	18.07	600
682	2019-10-09	17.67	17.67	17.67	17.67	500
683	2019-10-10	17.67	17.67	17.67	17.67	0
684	2019-10-11	17.67	17.67	17.67	17.67	0
685	2019-10-14	18.07	18.07	18.07	18.07	1800
686	2019-10-15	18.47	18.47	17.87	17.87	3300
687	2019-10-16	17.87	17.87	17.87	17.87	0
688	2019-10-17	17.87	17.87	17.87	17.87	0
689	2019-10-18	18.07	18.07	18.07	18.07	300
690	2019-10-21	18.07	18.07	18.07	18.07	2700
691	2019-10-22	18.07	18.07	18.07	18.07	300
692	2019-10-23	18.07	18.07	18.07	18.07	6000
693	2019-10-24	18.07	18.07	18.07	18.07	1000
694	2019-10-25	18.07	18.07	18.07	18.07	1500
695	2019-10-28	18.07	18.07	18.07	18.07	1700
696	2019-10-29	18.07	18.07	18.07	18.07	1000
697	2019-10-30	18.07	18.07	18.07	18.07	2800
698	2019-10-31	18.07	18.07	18.07	18.07	3400
699	2019-11-01	18.07	18.07	18.07	18.07	0
700	2019-11-04	18.07	18.47	18.07	18.47	12335
701	2019-11-05	18.47	18.47	18.47	18.47	5543
702	2019-11-06	18.47	18.47	18.47	18.47	7500
703	2019-11-07	18.47	18.47	18.47	18.47	3000
704	2019-11-08	18.47	18.47	18.47	18.47	430
705	2019-11-11	18.47	18.47	18.47	18.47	313
706	2019-11-12	19.08	19.08	19.08	19.08	1710
707	2019-11-13	18.47	18.47	18.47	18.47	855
708	2019-11-14	18.47	18.47	18.47	18.47	3
709	2019-11-15	18.47	18.47	18.47	18.47	0
710	2019-11-18	18.07	18.07	18.07	18.07	380
711	2019-11-19	18.07	18.07	18.07	18.07	700
712	2019-11-20	18.07	18.07	18.07	18.07	1000
713	2019-11-21	18.07	18.07	18.07	18.07	1100
714	2019-11-22	18.07	18.07	18.07	18.07	0
715	2019-11-25	18.07	18.07	18.07	18.07	6800
716	2019-11-26	18.07	18.47	18.07	18.47	3175
717	2019-11-27	18.07	18.07	18.07	18.07	2000
718	2019-11-28	18.07	18.07	18.07	18.07	200
719	2019-11-29	18.07	18.07	18.07	18.07	0
720	2019-12-02	18.07	18.07	18.07	18.07	0
721	2019-12-03	17.67	18.07	17.27	18.07	9201
722	2019-12-04	17.67	18.43	16.87	18.43	6300
723	2019-12-05	18.47	18.47	18.47	18.47	213
724	2019-12-06	18.47	18.47	18.47	18.47	0
725	2019-12-09	18.47	18.47	18.47	18.47	0
726	2019-12-10	18.67	18.67	18.67	18.67	10000
727	2019-12-11	18.67	18.67	18.67	18.67	55
728	2019-12-12	18.67	18.67	18.67	18.67	0
729	2019-12-13	18.67	18.67	18.67	18.67	0
730	2019-12-16	17.43	17.43	17.39	17.39	500
731	2019-12-17	17.39	17.39	17.39	17.39	0
732	2019-12-18	17.51	17.51	17.51	17.51	126
733	2019-12-19	17.51	17.51	17.39	17.39	7050
734	2019-12-20	17.51	17.51	17.27	17.35	20350
735	2019-12-23	17.35	17.35	17.35	17.35	0
736	2019-12-24	17.35	17.35	17.35	17.35	0
737	2019-12-25	18.07	18.07	18.07	18.07	100
738	2019-12-26	18.07	18.07	18.07	18.07	0
739	2019-12-27	18.07	18.07	18.07	18.07	0
740	2019-12-30	17.51	18.11	17.47	18.11	3200
741	2019-12-31	17.55	17.55	17.55	18.11	10
742	2020-01-02	17.55	18.11	18.11	18.11	0
743	2020-01-03	18.08	18.08	18.08	18.08	500
744	2020-01-06	18.08	18.08	18.08	18.08	1710
745	2020-01-07	17.26	17.26	17.26	17.26	1100
746	2020-01-08	17.26	17.26	17.26	17.26	100
747	2020-01-09	17.26	17.26	17.26	17.26	0
748	2020-01-10	17.26	17.26	17.26	17.26	0
749	2020-01-13	17.26	17.26	17.26	17.26	0
750	2020-01-14	17.26	17.26	17.26	17.26	0
751	2020-01-15	17.26	17.26	17.26	17.26	0
752	2020-01-16	17.26	17.26	17.26	17.26	1
753	2020-01-17	17.26	17.26	17.26	17.26	0
754	2020-01-20	17.26	17.26	17.26	17.26	0
755	2020-01-21	18.08	18.08	18.08	18.08	1700
756	2020-01-22	16.69	16.69	16.69	16.69	320
757	2020-01-30	16.69	16.69	16.69	16.69	49
758	2020-01-31	16.69	18.5	16.11	18.5	33342
759	2020-02-03	15.62	16.44	15.62	16.44	1240
760	2020-02-04	16.44	16.52	16.4	16.48	14344
761	2020-02-05	16.85	16.89	16.85	16.89	5620
762	2020-02-06	17.06	17.06	16.93	16.93	9253
763	2020-02-07	17.06	17.47	17.02	17.47	21200
764	2020-02-10	17.22	18.41	16.85	16.93	63500
765	2020-02-11	17.26	17.26	17.26	17.26	1100
766	2020-02-12	17.67	18.37	17.67	18.37	6304
767	2020-02-13	17.88	18.45	17.88	18.45	2800
768	2020-02-14	18.5	18.5	18.08	18.17	2600
769	2020-02-17	18.99	18.99	18.7	18.7	916
770	2020-02-18	18.58	18.58	18.58	18.58	200
771	2020-02-19	18.87	18.87	18.87	18.87	100
772	2020-02-20	18.87	21.58	18.58	19.32	64005
773	2020-02-21	19.28	19.48	18.91	19.48	47710
774	2020-02-24	19.32	19.32	19.32	19.32	47070
775	2020-02-25	19.32	19.32	19.32	19.32	2316
776	2020-02-26	19.32	19.61	19.32	19.61	67010
777	2020-02-27	19.85	20.51	19.52	19.73	3740
778	2020-02-28	20.47	20.47	20.47	20.47	101
779	2020-03-02	20.47	20.47	19.32	19.32	6000
780	2020-03-03	18.5	18.7	18.5	18.7	225
781	2020-03-04	18.91	18.91	18.91	18.91	2130
782	2020-03-05	20.55	20.55	19.73	19.73	214
783	2020-03-06	19.81	19.81	18.99	19.32	13500
784	2020-03-09	19.32	19.32	19.19	19.19	900
785	2020-03-10	19.15	19.15	19.15	19.15	100
786	2020-03-11	19.15	19.15	19.07	19.07	1600
787	2020-03-12	18.7	18.7	18.04	18.08	16730
788	2020-03-13	18.08	18.17	17.67	18.17	12018
789	2020-03-16	18.04	18.04	17.88	17.88	4000
790	2020-03-17	17.84	18.5	17.84	18.5	9000
791	2020-03-18	18.13	18.13	18.08	18.08	1710
792	2020-03-19	17.3	17.3	17.3	17.3	100
793	2020-03-20	17.3	17.3	17.3	17.3	0
794	2020-03-23	15.21	18.29	15.21	18.29	300
795	2020-03-24	15.29	18.5	15.25	17.67	21401
796	2020-03-25	17.67	17.67	16.07	16.07	4200
797	2020-03-26	17.63	16.07	16.07	16.07	0
798	2020-03-27	16.44	16.89	16.44	16.85	6101
799	2020-03-30	16.85	16.85	16.85	16.85	1000
800	2020-03-31	16.85	17.26	16.85	16.85	3100
801	2020-04-01	16.56	16.56	16.44	16.44	12050
802	2020-04-03	16.52	17.06	16.44	17.06	18000
803	2020-04-06	18.08	18.08	17.47	17.88	10200
804	2020-04-07	17.47	17.47	17.26	17.47	8400
805	2020-04-08	17.47	17.47	17.47	17.47	6500
806	2020-04-09	17.47	17.47	17.47	17.47	1
807	2020-04-10	17.47	17.47	17.47	17.47	0
808	2020-04-13	18.08	18.5	17.26	17.47	21300
809	2020-04-14	17.51	18.08	17.43	17.88	8128
810	2020-04-15	18.5	18.54	18.04	18.08	21823
811	2020-04-16	18.5	18.5	18.13	18.17	4100
812	2020-04-17	18.5	19.52	18.45	18.91	29626
813	2020-04-20	18.74	19.36	18.74	19.36	4051
814	2020-04-21	19.32	19.36	18.5	18.91	19395
815	2020-04-22	18.54	18.91	18.21	18.91	18700
816	2020-04-23	18.91	19.28	18.74	18.95	8300
817	2020-04-24	18.95	18.95	18.5	18.95	16641
818	2020-04-27	18.95	19.32	18.91	19.32	24900
819	2020-04-28	19.28	19.28	18.95	19.24	10119
820	2020-04-29	19.4	19.4	19.28	19.32	17000
821	2020-05-04	19.44	20.14	19.44	19.93	25550
822	2020-05-05	19.73	20.14	19.56	20.1	14450
823	2020-05-06	19.73	20.18	19.73	19.93	4840
824	2020-05-07	19.93	19.93	19.52	19.81	13300
825	2020-05-08	19.73	20.14	19.73	19.81	10920
826	2020-05-11	19.93	20.1	19.85	19.93	2800
827	2020-05-12	19.85	19.93	19.32	19.32	16540
828	2020-05-13	19.52	19.93	19.48	19.93	31650
829	2020-05-14	19.52	19.73	19.52	19.73	11300
830	2020-05-15	19.93	20.96	19.93	20.67	53791
831	2020-05-18	20.39	20.76	20.39	20.71	5425
832	2020-05-19	20.96	21.17	20.76	20.96	6028
833	2020-05-20	20.55	20.88	20.39	20.43	9810
834	2020-05-21	21.04	21.04	20.39	20.39	19600
835	2020-05-22	20.47	20.47	20.14	20.39	25407
836	2020-05-25	20.96	20.96	20.43	20.43	9530
837	2020-05-26	20.55	20.71	20.43	20.71	30564
838	2020-05-27	20.76	20.84	20.76	20.76	7566
839	2020-05-28	20.76	20.76	20.06	20.55	15203
840	2020-05-29	20.22	20.55	20.22	20.39	3950
841	2020-06-01	20.39	20.55	20.34	20.51	4200
842	2020-06-02	20.55	20.55	20.14	20.18	8786
843	2020-06-03	20.34	20.59	20.22	20.47	11200
844	2020-06-04	20.47	20.76	20.47	20.63	11420
845	2020-06-05	20.96	21.5	20.96	21.5	56175
846	2020-06-08	21.54	22.52	21.54	22.15	56747
847	2020-06-09	22.15	22.19	21.78	21.78	36545
848	2020-06-10	21.82	21.95	21.74	21.78	30690
849	2020-06-11	21.78	22.19	21.62	21.62	51120
850	2020-06-12	21.58	21.58	21.21	21.37	28860
851	2020-06-15	21.37	21.5	21.33	21.33	9210
852	2020-06-16	22.11	22.11	21.37	21.37	7405
853	2020-06-17	22.11	22.11	21.45	21.45	3114
854	2020-06-18	21.5	22.56	21.5	22.4	86203
855	2020-06-19	22.56	23.43	22.56	23.43	112118
856	2020-06-22	23.84	23.84	23.59	23.67	15247
857	2020-06-23	23.67	23.67	23.1	23.14	22845
858	2020-06-24	23.14	23.14	22.81	22.81	29620
859	2020-06-25	22.81	23.14	22.81	23.14	7600
860	2020-06-26	23.14	23.14	22.81	22.85	21868
861	2020-06-29	24.86	24.86	24.21	24.21	930
862	2020-06-30	21.04	23.02	21.04	22.7	6200
863	2020-07-01	22.83	22.93	22.65	22.93	46826
864	2020-07-02	22.88	22.93	22.65	22.7	12641
865	2020-07-03	22.56	22.79	22.56	22.79	10120
866	2020-07-06	22.7	22.93	22.65	22.93	6420
867	2020-07-07	22.88	23.02	22.88	22.88	10610
868	2020-07-08	22.93	22.93	22.93	22.93	510
869	2020-07-09	22.79	23.02	22.79	23.02	14100
870	2020-07-10	22.97	22.97	22.97	23.02	10
871	2020-07-13	22.7	22.7	22.7	22.7	1260
872	2020-07-14	21.64	22.56	21.64	22.1	4220
873	2020-07-15	21.68	22.56	21.68	22.19	12642
874	2020-07-16	22.47	22.51	22.47	22.47	11770
875	2020-07-17	22.51	22.56	22.51	22.56	1690
876	2020-07-20	22.51	22.56	22.1	22.28	10110
877	2020-07-21	22.1	22.1	22.1	22.1	385
878	2020-07-22	22.24	22.28	22.19	22.19	5121
879	2020-07-23	22.24	22.24	22.24	22.24	5600
880	2020-07-24	22.14	22.14	21.64	21.77	14000
881	2020-07-27	21.41	21.64	21.41	21.41	19826
882	2020-07-28	21.22	21.5	21.18	21.41	46300
883	2020-07-29	21.18	21.18	20.53	20.67	29350
884	2020-07-30	21.18	21.36	21.18	21.36	2900
885	2020-07-31	20.99	20.99	20.99	20.99	300
886	2020-08-03	21.31	21.41	21.27	21.27	16050
887	2020-08-04	21.64	21.82	21.64	21.82	8100
888	2020-08-05	21.68	21.87	21.68	21.82	4165
889	2020-08-06	21.82	21.82	21.73	21.77	3342
890	2020-08-07	21.87	21.87	21.31	21.31	15225
891	2020-08-10	21.31	21.87	21.31	21.87	4030
892	2020-08-11	21.77	21.77	21.64	21.64	2647
893	2020-08-12	21.64	21.64	21.64	21.64	4030
894	2020-08-13	21.64	21.87	21.64	21.87	2006
895	2020-08-14	21.82	21.82	21.82	21.82	230
896	2020-08-17	21.64	21.77	21.54	21.54	14640
897	2020-08-18	21.73	21.87	21.73	21.82	13645
898	2020-08-19	21.77	21.87	21.77	21.87	9006
899	2020-08-20	21.87	21.87	21.68	21.87	5895
900	2020-08-21	21.87	21.87	21.68	21.87	11739
901	2020-08-24	21.87	22.65	21.87	22.42	32220
902	2020-08-25	22.37	22.56	22.37	22.47	2905
903	2020-08-26	23.43	23.43	22.51	22.51	3351
904	2020-08-27	22.37	22.65	22.37	22.65	26035
905	2020-08-28	23.5	23.5	22.89	22.89	6830
906	2020-08-31	23.26	23.36	22.93	22.93	2165
907	2020-09-01	22.84	23.17	22.7	23.07	7991
908	2020-09-03	23.12	23.12	22.89	22.89	11491
909	2020-09-04	22.79	22.79	22.56	22.79	5650
910	2020-09-07	22.79	22.89	22.65	22.65	7647
911	2020-09-08	22.75	22.75	22.6	22.65	1069
912	2020-09-09	22.56	22.79	22.56	22.79	2280
913	2020-09-10	23.03	23.03	22.65	22.84	10055
914	2020-09-11	22.89	23.22	22.79	23.22	9425
915	2020-09-14	22.93	22.93	22.84	22.89	13797
916	2020-09-15	22.89	22.89	22.65	22.79	7800
917	2020-09-16	22.79	23.03	22.79	22.84	5017
918	2020-09-17	22.79	23.03	22.65	23.03	5410
919	2020-09-18	22.84	23.45	22.84	23.36	2740
920	2020-09-21	23.73	23.87	23.45	23.5	1606
921	2020-09-22	23.5	23.5	22.84	22.84	4055
922	2020-09-23	23.07	23.07	23.03	23.03	1130
923	2020-09-24	23.12	23.12	23.03	23.03	4120
924	2020-09-25	22.79	23.5	22.79	23.45	15400
925	2020-09-28	23.26	23.26	23.26	23.26	410
926	2020-09-29	23.26	23.26	23.03	23.03	2846
927	2020-09-30	23.17	23.17	22.79	22.84	1420
928	2020-10-01	23.03	23.03	22.93	22.93	1292
929	2020-10-02	22.93	22.93	22.84	22.84	6310
930	2020-10-05	23.03	23.03	22.84	22.89	8000
931	2020-10-06	22.84	22.84	22.84	22.84	1300
932	2020-10-07	22.89	22.89	22.09	22.84	8400
933	2020-10-08	22.75	23.5	22.7	23.5	10800
934	2020-10-09	23.22	23.92	23.22	23.31	40000
935	2020-10-12	23.5	23.5	23.12	23.17	11700
936	2020-10-13	23.4	23.4	23.4	23.4	10400
937	2020-10-14	23.36	23.5	23.36	23.4	20500
938	2020-10-15	23.5	23.5	23.07	23.5	26900
939	2020-10-16	23.5	24.39	23.26	24.2	49800
940	2020-10-19	24.44	24.48	24.2	24.3	28700
941	2020-10-20	24.3	24.39	24.3	24.3	2200
942	2020-10-21	24.3	24.3	23.97	23.97	3300
943	2020-10-22	23.73	24.16	23.64	24.11	24800
944	2020-10-23	23.97	23.97	23.97	23.97	9500
945	2020-10-26	24.01	24.2	23.97	23.97	16800
946	2020-10-27	24.01	24.44	24.01	24.01	3900
947	2020-10-28	24.01	24.06	23.73	23.73	7500
948	2020-10-29	23.92	24.01	23.92	24.01	13900
949	2020-10-30	24.01	24.01	23.97	23.97	1100
950	2020-11-02	23.97	24.2	23.03	23.4	13600
951	2020-11-03	23.5	23.5	23.5	23.5	100
952	2020-11-04	23.5	23.59	23.5	23.54	4100
953	2020-11-05	23.26	23.64	23.26	23.59	8800
954	2020-11-06	23.92	23.92	23.87	23.87	200
955	2020-11-09	23.92	23.92	23.78	23.92	5400
956	2020-11-10	23.97	24.2	23.97	24.2	7900
957	2020-11-11	24.06	24.2	23.97	24.01	10700
958	2020-11-12	23.97	24.2	23.97	24.2	27100
959	2020-11-13	24.11	24.16	24.06	24.16	2000
960	2020-11-16	24.11	24.2	24.11	24.11	10200
961	2020-11-17	23.97	24.44	23.97	24.44	2500
962	2020-11-18	24.11	24.39	24.11	24.39	2800
963	2020-11-19	24.06	24.39	24.06	24.25	3700
964	2020-11-20	24.67	24.67	24.44	24.44	3300
965	2020-11-23	24.25	24.91	24.2	24.91	8900
966	2020-11-24	24.67	24.91	24.67	24.67	24600
967	2020-11-25	24.91	25.0	24.77	24.91	8600
968	2020-11-26	24.91	25.14	24.91	25.14	19200
969	2020-11-27	25.38	25.61	25.38	25.61	14900
970	2020-11-30	25.56	25.71	25.38	25.56	1900
971	2020-12-01	25.61	25.85	25.38	25.85	6000
972	2020-12-02	25.8	26.55	25.8	26.36	43500
973	2020-12-03	26.08	26.55	26.08	26.41	31900
974	2020-12-04	26.55	26.79	26.36	26.74	29800
975	2020-12-07	26.74	27.21	26.55	27.21	23400
976	2020-12-08	27.21	27.59	27.02	27.4	14300
977	2020-12-09	27.63	27.73	27.44	27.59	12400
978	2020-12-10	28.2	28.2	27.59	27.68	4400
979	2020-12-11	27.54	27.54	27.02	27.26	8531
980	2020-12-14	27.02	27.35	26.79	27.26	15950
981	2020-12-15	27.21	27.63	27.16	27.59	3527
982	2020-12-16	27.26	27.4	27.26	27.26	22590
983	2020-12-17	27.26	27.26	27.16	27.16	16800
984	2020-12-18	27.26	27.3	27.26	27.26	60291
985	2020-12-21	27.3	27.54	27.26	27.4	15032
986	2020-12-22	27.4	27.59	27.4	27.59	6526
987	2020-12-23	27.54	27.64	27.54	27.54	21362
988	2020-12-24	27.54	27.73	27.25	27.73	15900
989	2020-12-25	27.54	27.54	27.25	27.54	2463
990	2020-12-28	27.25	27.39	27.15	27.34	17102
991	2020-12-29	27.25	27.73	26.76	27.49	25361
992	2020-12-30	27.25	27.34	27.25	27.29	4186
993	2020-12-31	27.29	27.44	27.29	27.29	3698
994	2021-01-04	27.44	27.59	27.34	27.59	9259
995	2021-01-05	27.73	28.8	27.54	28.8	31639
996	2021-01-06	28.46	29.68	28.46	29.58	36510
997	2021-01-07	29.68	29.68	29.14	29.19	11430
998	2021-01-08	29.92	29.92	28.8	29.19	13026
999	2021-01-11	29.19	29.39	29.14	29.39	27515
1000	2021-01-12	29.19	30.17	29.19	29.73	16090
1001	2021-01-13	29.92	30.17	29.58	29.58	9641
1002	2021-01-14	30.07	30.17	29.58	30.17	19407
1003	2021-01-15	30.17	30.65	30.12	30.12	2540
1004	2021-01-18	30.12	30.12	29.48	29.92	12783
1005	2021-01-19	29.78	29.78	27.29	28.22	20507
1006	2021-01-20	28.27	29.14	28.22	29.14	5300
1007	2021-01-21	29.14	30.26	29.14	30.17	7210
1008	2021-01-22	30.21	30.21	29.68	29.68	3915
1009	2021-01-25	29.92	29.92	29.44	29.44	12406
1010	2021-01-26	30.17	30.17	28.32	29.19	9530
1011	2021-01-27	28.95	29.19	28.71	28.9	6514
1012	2021-01-28	29.19	29.19	24.62	27.64	31310
1013	2021-01-29	27.25	29.19	27.25	28.75	8500
1014	2021-02-01	28.27	29.14	27.73	29.14	11600
1015	2021-02-02	28.12	28.95	28.12	28.71	7380
1016	2021-02-03	29.19	29.68	28.51	29.68	16201
1017	2021-02-04	29.68	30.17	29.68	30.02	42503
1018	2021-02-05	30.07	30.17	29.92	29.92	8168
1019	2021-02-08	30.17	30.17	29.19	29.68	3800
1020	2021-02-09	29.63	29.68	29.24	29.68	24610
1021	2021-02-17	28.95	31.38	28.95	31.33	72317
1022	2021-02-18	30.17	32.06	30.17	31.67	58128
1023	2021-02-19	31.87	32.06	31.14	31.62	26500
1024	2021-02-22	31.62	31.82	31.48	31.48	7549
1025	2021-02-23	31.58	31.58	31.04	31.04	9162
1026	2021-02-24	31.33	31.43	30.31	31.24	16913
1027	2021-02-25	31.38	31.62	31.14	31.43	26000
1028	2021-02-26	31.38	31.58	31.24	31.33	13688
1029	2021-03-01	31.62	31.72	31.43	31.62	13014
1030	2021-03-02	31.67	31.87	31.38	31.48	6339
1031	2021-03-03	31.67	32.5	31.62	32.11	19552
1032	2021-03-04	31.72	31.92	31.67	31.92	7200
1033	2021-03-05	32.26	32.26	31.67	32.26	21535
1034	2021-03-08	32.21	32.5	32.21	32.35	12150
1035	2021-03-09	32.35	32.35	32.21	32.31	18410
1036	2021-03-10	32.11	32.55	32.11	32.31	4900
1037	2021-03-11	32.16	32.6	32.16	32.6	11430
1038	2021-03-12	32.6	33.04	32.6	33.04	26500
1039	2021-03-15	33.04	37.76	32.84	37.46	63186
1040	2021-03-16	37.46	38.44	37.41	37.71	60131
1041	2021-03-17	37.76	39.41	37.76	38.92	21637
1042	2021-03-18	39.12	39.9	38.0	38.63	26029
1043	2021-03-19	38.63	38.63	37.46	37.95	23134
1044	2021-03-22	38.0	38.1	37.46	37.85	20430
1045	2021-03-23	37.95	38.92	37.9	38.58	46586
1046	2021-03-24	38.44	38.44	36.59	38.44	117332
1047	2021-03-25	37.8	37.8	37.46	37.76	17100
1048	2021-03-26	37.76	37.95	36.49	37.32	48920
1049	2021-03-29	37.32	38.19	36.54	37.9	5612
1050	2021-03-30	37.9	37.9	37.32	37.37	6278
1051	2021-03-31	38.19	38.19	37.32	37.32	5484
1052	2021-04-01	37.61	37.61	37.37	37.46	17754
1053	2021-04-02	37.56	37.8	37.27	37.61	22436
1054	2021-04-05	37.46	39.41	37.46	38.92	37086
1055	2021-04-06	38.19	38.92	37.46	37.46	67211
1056	2021-04-07	37.37	37.71	37.32	37.46	25700
1057	2021-04-08	37.41	37.56	36.98	36.98	54812
1058	2021-04-09	36.98	38.63	36.98	37.95	68086
1059	2021-04-12	38.24	38.24	37.46	37.71	16000
1060	2021-04-13	38.19	38.19	36.73	36.73	11956
1061	2021-04-14	36.73	37.46	36.73	37.17	12300
1062	2021-04-15	37.17	37.85	36.78	37.22	54741
1063	2021-04-16	37.22	37.46	36.98	37.46	16909
1064	2021-04-19	37.22	37.41	36.73	37.41	3404
1065	2021-04-20	37.41	39.12	37.41	37.95	96310
1066	2021-04-22	38.48	38.48	37.46	37.46	11010
1067	2021-04-23	37.85	37.9	37.51	37.9	16000
1068	2021-04-26	37.9	38.0	37.8	37.8	7700
1069	2021-04-27	37.56	38.14	37.51	37.9	17408
1070	2021-04-28	37.9	38.14	37.46	37.46	37778
1071	2021-04-29	37.66	37.66	37.32	37.51	20328
1072	2021-05-04	36.98	37.51	36.78	37.46	14640
1073	2021-05-05	37.37	37.61	37.37	37.37	23507
1074	2021-05-06	37.41	37.9	37.37	37.46	19400
1075	2021-05-07	37.12	37.46	37.12	37.41	8540
1076	2021-05-10	37.46	38.19	36.73	37.95	34673
1077	2021-05-11	37.61	37.71	37.46	37.61	34200
1078	2021-05-12	37.61	37.66	37.61	37.66	3100
1079	2021-05-13	37.46	37.61	37.12	37.27	12431
1080	2021-05-14	37.27	37.37	36.93	37.32	32103
1081	2021-05-17	37.03	37.03	36.98	36.98	9115
1082	2021-05-18	37.22	37.22	37.03	37.22	9393
1083	2021-05-19	37.03	37.12	36.64	37.12	17600
1084	2021-05-20	37.22	37.46	36.88	37.22	15922
1085	2021-05-21	36.98	38.92	36.98	38.92	68620
1086	2021-05-24	38.92	39.36	37.95	38.44	44652
1087	2021-05-25	37.95	44.27	37.9	41.36	137091
1088	2021-05-26	41.79	41.79	40.53	41.16	13040
1089	2021-05-27	40.87	41.26	39.9	40.19	24125
1090	2021-05-28	39.94	40.38	39.8	39.9	71335
1091	2021-05-31	40.38	40.87	39.8	40.38	34082
1092	2021-06-01	40.38	40.58	39.46	39.8	43759
1093	2021-06-02	39.51	39.8	39.41	39.8	16114
1094	2021-06-03	39.9	40.63	39.56	40.63	26798
1095	2021-06-04	40.67	40.67	39.8	39.99	8878
1096	2021-06-07	39.9	41.16	39.9	41.16	33535
1097	2021-06-08	40.87	40.87	39.65	39.65	22663
1098	2021-06-09	39.7	40.14	39.41	39.99	15552
1099	2021-06-10	40.33	40.33	39.46	39.7	33589
1100	2021-06-11	40.14	41.84	39.41	41.4	43820
1101	2021-06-14	41.4	41.55	40.38	40.92	28538
1102	2021-06-15	40.92	41.65	40.87	41.36	47600
1103	2021-06-16	40.92	42.33	40.92	42.09	30429
1104	2021-06-17	42.13	43.79	42.13	43.74	23938
1105	2021-06-18	43.74	43.79	42.09	43.25	34059
1106	2021-06-21	43.3	46.71	43.3	45.59	54567
1107	2021-06-22	45.59	45.98	45.25	45.98	18709
1108	2021-06-23	46.07	46.12	45.39	45.93	10617
1109	2021-06-24	45.73	45.73	43.64	45.69	17257
1110	2021-06-25	44.96	45.64	44.03	45.64	12211
1111	2021-06-28	45.64	46.22	45.25	46.17	36754
1112	2021-06-29	46.22	46.71	45.73	45.73	48060
1113	2021-06-30	52.84	52.84	46.13	46.36	50890
1114	2021-07-01	46.42	46.48	46.07	46.13	119880
1115	2021-07-02	46.13	46.59	44.96	46.18	18710
1116	2021-07-05	46.71	46.71	45.72	46.71	46259
1117	2021-07-06	46.18	46.71	46.18	46.18	13250
1118	2021-07-07	44.37	46.01	44.37	46.01	8874
1119	2021-07-08	46.42	46.42	45.37	45.37	11200
1120	2021-07-09	45.54	46.13	45.54	45.66	13940
1121	2021-07-12	45.95	46.36	43.03	44.02	49565
1122	2021-07-13	44.96	44.96	43.85	44.37	10854
1123	2021-07-14	45.19	45.19	43.97	44.43	8025
1124	2021-07-15	44.43	44.49	44.08	44.37	5206
1125	2021-07-16	44.37	44.67	44.32	44.37	17900
1126	2021-07-19	44.37	44.61	43.97	44.37	33986
1127	2021-07-20	44.37	44.37	43.79	44.37	14069
1128	2021-07-21	44.96	44.96	44.14	44.37	23025
1129	2021-07-22	44.37	45.02	44.37	44.55	18724
1130	2021-07-23	44.96	45.54	44.67	45.48	68280
1131	2021-07-26	45.31	47.0	45.31	46.65	72800
1132	2021-07-27	47.0	48.99	46.94	48.4	71443
1133	2021-07-28	48.11	48.11	46.71	47.29	13096
1134	2021-07-29	47.41	47.88	46.77	47.53	24403
1135	2021-07-30	47.58	48.34	47.58	47.82	44806
1136	2021-08-02	48.05	48.4	47.88	47.88	23631
1137	2021-08-03	48.11	48.11	47.0	47.35	28448
1138	2021-08-04	47.0	47.7	46.71	47.58	28130
1139	2021-08-05	47.06	47.88	47.06	47.88	20400
1140	2021-08-06	47.41	47.88	47.29	47.88	18105
1141	2021-08-09	47.88	51.38	47.82	49.92	57150
1142	2021-08-10	50.21	51.09	50.21	50.5	26123
1143	2021-08-11	50.56	50.68	49.98	49.98	15649
1144	2021-08-12	50.21	50.33	49.63	49.69	24897
1145	2021-08-13	49.86	49.86	48.17	49.34	11700
1146	2021-08-16	49.34	50.21	49.34	49.57	28529
1147	2021-08-17	49.86	49.86	49.34	49.34	22105
1148	2021-08-18	49.63	49.63	49.34	49.34	7220
1149	2021-08-19	49.34	49.51	49.28	49.34	16430
1150	2021-08-20	49.34	49.57	49.04	49.04	10800
1151	2021-08-23	49.04	49.28	47.88	47.88	24603
1152	2021-08-24	48.17	48.4	47.58	48.23	12632
1153	2021-08-25	47.99	48.23	47.88	47.94	3200
1154	2021-08-26	47.99	49.57	47.88	48.75	11072
1155	2021-08-27	48.29	50.5	48.29	50.21	51260
1156	2021-08-30	50.33	50.97	49.92	50.97	59166
1157	2021-08-31	50.97	51.61	50.5	50.56	55920
1158	2021-09-01	50.8	50.8	49.92	50.21	26800
1159	2021-09-06	50.21	50.39	49.69	49.92	25020
1160	2021-09-07	49.98	49.98	49.57	49.69	25212
1161	2021-09-08	49.63	49.69	49.39	49.63	6501
1162	2021-09-09	49.51	49.69	49.45	49.63	10001
1163	2021-09-10	49.63	49.92	49.51	49.75	14070
1164	2021-09-13	49.63	49.86	49.04	49.63	14107
1165	2021-09-14	49.63	49.8	49.51	49.8	15131
1166	2021-09-15	49.63	49.92	49.16	49.92	20855
1167	2021-09-16	49.86	49.92	49.28	49.63	18366
1168	2021-09-17	49.63	49.98	49.63	49.69	27741
1169	2021-09-20	49.8	49.92	49.39	49.39	35729
1170	2021-09-21	49.28	49.51	48.75	49.28	18277
1171	2021-09-22	49.1	49.39	48.93	49.39	14161
1172	2021-09-23	49.39	49.63	49.39	49.51	12823
1173	2021-09-24	49.92	49.92	49.34	49.45	5334
1174	2021-09-27	49.45	49.57	48.81	49.34	7943
1175	2021-09-28	48.17	49.22	48.17	48.75	21833
1176	2021-09-29	49.05	49.05	48.75	48.75	13470
1177	2021-09-30	48.75	48.99	48.58	48.64	5578
1178	2021-10-01	48.58	48.75	48.46	48.75	13169
1179	2021-10-04	48.75	48.75	48.16	48.4	24386
1180	2021-10-05	48.1	48.4	48.1	48.4	15148
1181	2021-10-06	48.34	48.46	48.16	48.34	14210
1182	2021-10-07	48.34	48.34	48.04	48.04	18040
1183	2021-10-08	48.1	49.11	47.99	49.11	52152
1184	2021-10-11	49.11	49.11	48.52	48.52	16839
1185	2021-10-12	48.99	48.99	48.16	48.34	5131
1186	2021-10-13	48.52	48.69	48.4	48.46	21450
1187	2021-10-14	48.46	48.46	48.16	48.46	7440
1188	2021-10-15	48.28	48.46	48.22	48.34	8470
1189	2021-10-18	48.34	48.4	47.28	48.04	41166
1190	2021-10-19	47.99	47.99	47.39	47.81	8020
1191	2021-10-20	47.57	47.75	46.8	47.28	33837
1192	2021-10-21	47.22	48.22	47.22	48.04	26830
1193	2021-10-22	48.04	48.04	47.34	47.93	8265
1194	2021-10-25	47.87	47.87	47.16	47.28	14330
1195	2021-10-26	47.28	47.28	46.69	46.98	18610
1196	2021-10-27	46.69	47.57	46.69	47.28	13221
1197	2021-10-28	47.28	47.45	46.98	47.22	9540
1198	2021-10-29	47.28	47.34	46.98	46.98	32640
1199	2021-11-01	47.1	47.16	46.74	46.92	20179
1200	2021-11-02	46.98	47.16	46.63	46.98	33521
1201	2021-11-03	46.98	47.16	46.8	46.98	24329
1202	2021-11-04	46.98	48.81	46.98	47.1	31798
1203	2021-11-05	48.16	48.99	47.28	47.87	29368
1204	2021-11-08	47.28	48.46	46.98	47.81	12666
1205	2021-11-09	47.28	47.51	47.1	47.1	21112
1206	2021-11-10	47.39	47.39	47.1	47.16	6620
1207	2021-11-11	47.22	47.28	46.8	46.86	8940
1208	2021-11-12	46.92	47.16	46.8	46.92	9206
1209	2021-11-15	46.92	47.04	46.69	46.8	14900
1210	2021-11-16	46.69	46.8	46.69	46.8	7707
1211	2021-11-17	46.74	46.98	46.69	46.98	8910
1212	2021-11-18	46.8	46.8	46.57	46.74	13716
1213	2021-11-19	46.57	46.57	46.09	46.27	26624
1214	2021-11-22	46.09	46.27	46.09	46.15	22201
1215	2021-11-23	45.8	46.57	45.5	46.51	8139
1216	2021-11-24	46.09	46.63	46.04	46.09	6783
1217	2021-11-25	46.39	46.69	46.33	46.51	12868
1218	2021-11-26	46.45	46.45	46.09	46.27	7165
1219	2021-11-29	45.86	46.39	45.62	46.09	12122
1220	2021-11-30	46.09	46.39	45.98	46.09	15366
1221	2021-12-01	46.09	46.09	45.74	45.92	2535
1222	2021-12-02	45.86	46.09	45.8	46.04	7140
1223	2021-12-03	45.86	46.09	45.8	45.86	9810
1224	2021-12-06	44.38	45.8	44.09	44.56	9060
1225	2021-12-07	44.97	44.97	44.56	44.62	8855
1226	2021-12-08	44.79	44.79	44.14	44.14	8631
1227	2021-12-09	44.32	44.32	43.67	43.73	29346
1228	2021-12-10	43.91	43.91	43.67	43.73	5037
1229	2021-12-13	43.67	43.73	42.96	43.73	23978
1230	2021-12-14	43.2	44.32	43.2	43.73	12070
1231	2021-12-15	43.73	44.62	43.73	44.09	13923
1232	2021-12-16	44.2	44.2	43.73	43.73	8620
1233	2021-12-17	43.73	44.03	43.49	44.03	3611
1234	2021-12-20	43.61	44.32	43.61	43.61	8862
1235	2021-12-21	43.73	43.73	43.26	43.73	10732
1236	2021-12-22	43.44	43.67	43.14	43.32	9500
1237	2021-12-23	43.32	43.73	43.02	43.02	15433
1238	2021-12-24	43.73	44.03	43.73	44.03	3400
1239	2021-12-27	44.03	44.26	43.14	43.14	6720
1240	2021-12-28	43.44	43.44	43.26	43.38	5028
1241	2021-12-29	43.49	43.49	43.08	43.08	21111
1242	2021-12-30	43.32	43.44	43.14	43.44	5506
1243	2021-12-31	43.44	43.61	43.26	43.61	5233
1244	2022-01-04	43.61	43.73	42.96	42.96	36098
1245	2022-01-05	43.08	43.08	42.37	42.37	44758
1246	2022-01-06	42.55	42.55	41.96	41.96	111342
1247	2022-01-07	41.96	41.96	41.31	41.31	66343
1248	2022-01-10	41.54	41.96	41.07	41.37	51523
1249	2022-01-11	41.49	44.32	41.49	41.96	17056
1250	2022-01-12	42.02	43.14	41.96	42.02	40904
1251	2022-01-13	41.96	43.14	41.96	42.25	14836
1252	2022-01-14	41.96	42.84	41.96	41.96	10461
1253	2022-01-17	42.08	42.08	41.07	41.13	13944
1254	2022-01-18	41.37	41.37	40.78	41.07	7510
1255	2022-01-19	41.07	41.07	40.19	40.48	4611
1256	2022-01-20	40.54	41.07	40.54	41.07	5357
1257	2022-01-21	42.84	42.84	40.95	41.07	4473
1258	2022-01-24	40.78	41.37	40.78	41.37	16463
1259	2022-01-25	40.78	41.25	40.78	41.25	6220
1260	2022-01-26	41.01	41.66	41.01	41.37	6449
1261	2022-01-27	40.78	41.31	40.78	41.31	7562
1262	2022-01-28	42.25	42.84	41.96	42.55	13643
1263	2022-02-07	42.84	43.02	42.73	42.73	4632
1264	2022-02-08	42.9	43.14	41.96	41.96	3306
1265	2022-02-09	42.84	43.14	42.55	42.55	11173
1266	2022-02-10	42.96	43.08	42.43	42.84	14214
1267	2022-02-11	42.84	43.14	42.84	43.14	8556
1268	2022-02-14	43.14	43.14	42.84	43.14	22930
1269	2022-02-15	43.32	43.32	42.84	43.02	6246
1270	2022-02-16	43.44	43.44	43.02	43.44	8949
1271	2022-02-17	43.14	43.44	43.14	43.44	23610
1272	2022-02-18	43.44	43.49	43.14	43.14	5235
1273	2022-02-21	43.2	43.26	42.84	43.02	8162
1274	2022-02-22	42.84	43.61	42.79	42.79	12742
1275	2022-02-23	43.02	43.02	42.43	42.43	24071
1276	2022-02-24	42.43	42.43	41.49	41.66	44430
1277	2022-02-25	42.61	42.61	41.84	41.84	4512
1278	2022-02-28	42.02	42.02	41.66	42.02	22342
1279	2022-03-01	41.84	43.08	41.84	42.08	5543
1280	2022-03-02	42.02	42.19	42.02	42.19	4500
1281	2022-03-03	42.14	42.49	41.96	42.02	28314
1282	2022-03-04	42.55	43.44	42.55	43.08	32551
1283	2022-03-07	43.14	43.14	43.02	43.08	8402
1284	2022-03-08	42.96	43.2	42.96	43.02	9545
1285	2022-03-09	42.79	43.08	42.67	42.9	2000
1286	2022-03-10	42.9	43.14	42.9	42.96	6234
1287	2022-03-11	42.96	43.08	42.55	42.55	7767
1288	2022-03-14	42.55	42.73	42.14	42.25	12400
1289	2022-03-15	42.55	42.96	42.37	42.55	9250
1290	2022-03-16	43.08	43.08	42.84	42.84	919
1291	2022-03-17	42.31	43.32	42.31	43.14	9136
1292	2022-03-18	43.14	43.73	43.14	43.44	18667
1293	2022-03-21	43.14	44.32	42.9	43.73	33800
1294	2022-03-22	43.73	44.03	43.73	43.97	14492
1295	2022-03-23	43.73	46.69	43.73	44.91	25804
1296	2022-03-24	44.91	46.74	44.91	45.98	17650
1297	2022-03-25	46.04	46.04	45.5	45.5	23281
1298	2022-03-28	42.84	45.5	42.84	44.91	8000
1299	2022-03-29	45.8	46.69	45.8	46.45	10729
1300	2022-03-30	45.56	49.99	45.56	48.46	204987
1301	2022-03-31	51.3	51.3	48.52	48.75	18219
1302	2022-04-01	48.46	49.58	47.87	48.4	13640
1303	2022-04-04	48.64	48.64	47.57	47.93	32004
1304	2022-04-05	47.87	49.29	47.28	48.99	58016
1305	2022-04-06	48.46	51.41	48.46	51.41	74403
1306	2022-04-07	50.47	51.3	50.47	50.88	27306
1307	2022-04-08	50.76	50.88	50.23	50.82	12300
1308	2022-04-12	48.75	49.88	48.75	49.88	11511
1309	2022-04-13	49.05	49.17	47.87	49.17	17496
1310	2022-04-14	48.34	51.41	48.22	50.23	41220
1311	2022-04-15	49.64	50.59	49.34	50.59	21200
1312	2022-04-18	51.77	52.18	49.34	49.82	11140
1313	2022-04-19	49.64	49.7	48.75	48.75	38417
1314	2022-04-20	48.46	49.11	48.46	49.11	11704
1315	2022-04-21	48.46	48.52	47.87	48.46	14210
1316	2022-04-22	48.52	48.52	47.99	48.4	8214
1317	2022-04-25	48.75	48.75	45.5	46.69	14880
1318	2022-04-26	46.63	46.69	46.57	46.69	5173
1319	2022-04-27	46.69	46.98	46.51	46.69	5000
1320	2022-04-28	46.69	46.74	46.09	46.74	14230
1321	2022-04-29	46.69	46.92	46.69	46.92	2413
1322	2022-05-04	47.28	47.39	46.69	47.39	5305
1323	2022-05-05	47.45	47.45	46.92	46.98	6513
1324	2022-05-06	46.98	46.98	46.74	46.74	1701
1325	2022-05-09	45.5	46.09	43.73	43.73	18220
1326	2022-05-10	43.73	44.44	41.37	41.49	9231
1327	2022-05-11	44.26	44.26	43.14	43.44	2401
1328	2022-05-12	43.38	43.38	41.96	43.32	7800
1329	2022-05-13	41.66	42.31	41.19	41.66	8939
1330	2022-05-16	42.55	42.55	41.37	41.6	10300
1331	2022-05-17	41.37	43.02	41.37	43.02	19100
1332	2022-05-18	43.02	43.02	41.96	41.96	10780
1333	2022-05-19	41.49	42.55	41.49	42.55	8226
1334	2022-05-20	42.14	42.25	41.96	41.96	10600
1335	2022-05-23	42.61	42.61	42.07	42.07	14184
1336	2022-05-24	42.07	42.31	42.07	42.25	2811
1337	2022-05-25	42.19	43.45	42.19	43.39	3100
1338	2022-05-26	42.97	42.97	42.61	42.61	3900
1339	2022-05-27	43.15	43.45	43.09	43.45	3400
1340	2022-05-30	43.21	43.21	43.21	43.21	2570
1341	2022-05-31	43.15	43.21	42.85	43.21	6800
1342	2022-06-01	43.03	43.03	42.55	43.03	3700
1343	2022-06-02	43.45	43.45	43.39	43.39	1800
1344	2022-06-03	43.75	43.75	43.75	43.75	100
1345	2022-06-06	43.75	43.75	42.19	43.57	21500
1346	2022-06-07	42.61	42.61	41.95	42.55	5500
1347	2022-06-08	43.15	43.15	41.95	42.55	28220
1348	2022-06-09	42.07	42.49	41.95	42.49	6864
1349	2022-06-10	42.07	42.49	41.95	41.95	6300
1350	2022-06-13	41.95	41.95	40.76	41.35	15300
1351	2022-06-14	41.35	41.35	41.35	41.35	3100
1352	2022-06-15	41.35	41.35	41.35	41.35	2900
1353	2022-06-16	41.24	41.35	40.76	41.12	1258
1354	2022-06-17	40.16	41.18	40.16	41.18	3300
1355	2022-06-20	40.94	41.18	40.94	41.18	2400
1356	2022-06-21	41.35	41.35	39.86	40.76	4662
1357	2022-06-22	39.8	40.7	36.62	40.58	25600
1358	2022-06-23	38.96	40.46	38.36	40.46	3628
1359	2022-06-24	40.7	40.76	40.22	40.76	1817
1360	2022-06-27	40.46	40.94	39.62	40.94	2624
1361	2022-06-28	40.46	40.76	40.46	40.76	1600
1362	2022-06-29	41.24	41.35	41.24	41.35	600
1363	2022-06-30	41.89	41.95	41.89	41.95	842
1364	2022-07-01	41.95	41.95	41.95	41.95	316
1365	2022-07-04	41.89	41.89	39.86	39.86	600
1366	2022-07-05	41.65	41.95	40.64	40.64	2200
1367	2022-07-06	41.24	41.24	41.24	41.24	5315
1368	2022-07-07	41.18	41.18	41.18	41.18	100
1369	2022-07-08	40.52	40.52	40.46	40.46	4402
1370	2022-07-11	38.42	39.86	37.52	39.86	3900
1371	2022-07-12	41.35	41.35	40.46	40.46	2203
1372	2022-07-13	40.46	40.46	40.16	40.46	1900
1373	2022-07-14	40.34	41.12	40.34	41.12	3802
1374	2022-07-15	40.34	40.46	40.34	40.46	3339
1375	2022-07-18	41.24	41.35	41.06	41.12	2300
1376	2022-07-19	40.76	40.76	40.46	40.46	2400
1377	2022-07-20	41.59	41.77	40.82	41.77	2622
1378	2022-07-21	41.06	41.35	40.76	41.06	2600
1379	2022-07-22	40.82	41.95	40.76	41.95	3410
1380	2022-07-25	39.92	42.25	39.56	41.06	3532
1381	2022-07-26	41.06	41.89	40.7	41.89	2001
1382	2022-07-27	41.89	41.89	41.89	41.89	140
1383	2022-07-28	41.95	42.55	41.95	42.55	12850
1384	2022-07-29	42.79	43.15	42.55	43.03	3400
1385	2022-08-01	42.73	43.45	42.73	43.27	1500
1386	2022-08-02	42.55	43.33	42.55	43.09	5000
1387	2022-08-03	43.15	43.15	42.79	43.15	8900
1388	2022-08-04	43.09	43.15	42.91	43.15	1400
1389	2022-08-05	42.67	42.67	42.55	42.55	1630
1390	2022-08-08	42.55	42.85	42.25	42.49	6102
1391	2022-08-09	42.49	42.55	42.49	42.49	11649
1392	2022-08-10	42.25	42.55	42.25	42.37	3230
1393	2022-08-11	42.49	42.49	42.25	42.25	3160
1394	2022-08-12	41.95	42.97	41.95	42.79	2300
1395	2022-08-15	42.55	43.21	42.25	42.31	97938
1396	2022-08-16	42.43	42.85	42.13	42.49	27300
1397	2022-08-17	43.15	43.15	42.37	42.55	25300
1398	2022-08-18	42.55	42.73	42.37	42.55	3062
1399	2022-08-19	42.55	42.85	42.25	42.55	23500
1400	2022-08-22	41.95	42.55	41.41	41.41	42014
1401	2022-08-23	42.67	42.67	42.67	42.67	101
1402	2022-08-24	42.67	42.67	41.89	42.43	2215
1403	2022-08-25	41.83	42.49	41.83	42.49	400
1404	2022-08-26	42.25	42.25	42.19	42.25	4200
1405	2022-08-29	42.25	42.25	41.65	42.19	9300
1406	2022-08-30	42.01	42.01	41.35	41.35	13102
1407	2022-08-31	41.77	42.07	41.77	42.07	3214
1408	2022-09-05	41.95	42.13	41.35	41.95	7400
1409	2022-09-06	41.95	41.95	41.65	41.65	310
1410	2022-09-07	41.95	41.95	41.41	41.95	1800
1411	2022-09-08	41.59	41.65	41.41	41.59	2600
1412	2022-09-09	41.95	41.95	41.53	41.53	820
1413	2022-09-12	41.95	41.95	38.96	41.53	13855
1414	2022-09-13	41.83	41.89	40.16	40.76	11226
1415	2022-09-14	41.35	41.35	40.76	41.06	10494
1416	2022-09-15	41.0	41.12	40.1	41.0	8399
1417	2022-09-16	40.76	40.76	40.16	40.22	2438
1418	2022-09-19	40.34	40.34	39.56	39.56	4165
1419	2022-09-20	40.76	40.76	39.98	39.98	2114
1420	2022-09-21	40.76	40.76	40.64	40.64	620
1421	2022-09-22	40.64	40.64	40.64	40.64	148
1422	2022-09-23	40.16	40.28	40.16	40.22	2610
1423	2022-09-26	39.56	40.04	38.96	38.96	2905
1424	2022-09-27	39.56	40.04	39.56	39.98	6648
1425	2022-09-28	39.62	39.92	39.26	39.32	2640
1426	2022-09-29	39.5	39.5	38.96	38.96	1402
1427	2022-09-30	38.66	39.2	38.66	39.2	8436
1428	2022-10-03	38.36	38.96	37.76	38.36	4304
1429	2022-10-04	38.3	38.3	38.3	38.3	2500
1430	2022-10-05	38.24	38.36	38.24	38.36	3405
1431	2022-10-06	38.48	38.48	37.76	38.3	11205
1432	2022-10-07	37.16	38.06	36.86	36.86	2610
1433	2022-10-10	37.46	37.46	37.4	37.46	10605
1434	2022-10-11	37.16	37.16	36.8	37.16	2900
1435	2022-10-12	37.34	37.88	37.34	37.88	2803
1436	2022-10-13	37.64	37.7	37.16	37.7	1810
1437	2022-10-14	38.06	38.12	37.76	38.0	4020
1438	2022-10-17	37.16	37.16	36.86	36.86	6700
1439	2022-10-18	37.16	37.16	36.56	36.56	13863
1440	2022-10-19	36.98	37.1	36.56	37.1	4800
1441	2022-10-20	36.74	36.74	36.74	36.74	5000
1442	2022-10-21	36.56	36.62	35.9	35.96	6500
1443	2022-10-24	35.96	36.8	35.36	35.96	15100
1444	2022-10-25	36.56	36.56	35.24	36.2	3513
1445	2022-10-26	37.58	37.58	36.08	36.68	2757
1446	2022-10-27	36.26	36.68	35.96	36.68	4110
1447	2022-10-28	36.2	36.86	36.08	36.86	4800
1448	2022-10-31	36.86	36.86	36.44	36.44	3083
1449	2022-11-01	36.62	36.68	36.56	36.56	4400
1450	2022-11-02	35.96	36.68	35.96	35.96	12800
1451	2022-11-03	35.96	36.56	35.42	35.96	11716
1452	2022-11-04	35.9	35.9	34.52	34.52	27409
1453	2022-11-07	34.76	34.76	31.77	32.07	36786
1454	2022-11-08	32.96	34.04	31.83	32.96	31125
1455	2022-11-09	33.56	33.98	31.77	31.77	6048
1456	2022-11-10	32.96	32.96	30.81	30.81	35400
1457	2022-11-11	32.6	32.6	32.6	32.6	100
1458	2022-11-14	33.26	33.26	28.77	29.61	48807
1459	2022-11-15	31.17	31.17	26.91	27.09	80100
1460	2022-11-16	31.17	31.17	26.97	29.67	16538
1461	2022-11-17	29.67	29.67	29.37	29.37	4400
1462	2022-11-18	29.43	29.91	29.37	29.91	12100
1463	2022-11-21	29.97	29.97	29.07	29.37	10602
1464	2022-11-22	29.31	29.91	29.07	29.07	10330
1465	2022-11-23	28.83	29.67	28.17	28.17	123036
1466	2022-11-24	29.19	29.19	28.89	29.07	400
1467	2022-11-25	29.37	29.97	28.41	29.07	4904
1468	2022-11-28	29.07	30.57	28.77	30.39	49328
1469	2022-11-29	29.97	31.17	29.97	30.45	9515
1470	2022-11-30	30.51	30.51	28.77	29.97	50011
1471	2022-12-01	29.97	30.57	29.37	29.73	40308
1472	2022-12-02	29.73	30.57	29.07	30.57	54964
1473	2022-12-05	29.97	30.57	29.97	30.57	6808
1474	2022-12-06	30.57	30.57	29.73	29.97	29640
1475	2022-12-07	30.33	30.33	29.37	29.37	24000
1476	2022-12-08	29.97	30.21	29.67	29.79	9400
1477	2022-12-09	29.97	30.15	29.91	30.15	7400
1478	2022-12-12	30.27	30.57	30.27	30.57	5100
1479	2022-12-13	30.57	30.57	29.97	30.39	14206
1480	2022-12-14	30.51	30.87	29.97	30.57	22130
1481	2022-12-15	30.57	30.75	30.57	30.75	11905
1482	2022-12-16	30.69	30.87	30.57	30.57	14600
1483	2022-12-19	30.57	31.11	30.03	30.69	30800
1484	2022-12-20	30.75	30.87	30.57	30.57	16260
1485	2022-12-21	30.63	31.17	30.57	30.69	11350
1486	2022-12-22	30.69	31.11	30.69	31.11	3500
1487	2022-12-23	30.87	31.11	30.87	31.11	1900
1488	2022-12-26	30.69	30.69	28.77	29.37	50500
1489	2022-12-27	29.55	31.11	29.37	31.11	17700
1490	2022-12-28	31.11	31.11	29.97	30.51	12300
1491	2022-12-29	30.03	30.57	30.03	30.27	9700
1492	2022-12-30	30.57	30.63	30.33	30.45	3410
1493	2023-01-03	30.87	31.17	30.69	31.17	4301
1494	2023-01-04	30.63	31.77	30.63	31.77	15539
1495	2023-01-05	31.77	32.38	31.77	32.38	3201
1496	2023-01-06	32.14	32.38	31.77	32.38	8631
1497	2023-01-09	32.38	32.99	32.38	32.99	3600
1498	2023-01-10	32.56	33.6	32.56	32.56	2210
1499	2023-01-11	32.99	33.97	32.99	33.97	8100
1500	2023-01-12	33.91	33.91	33.6	33.6	11901
1501	2023-01-13	34.21	34.4	34.21	34.21	5900
1502	2023-01-16	34.4	34.46	34.21	34.46	1542
1503	2023-01-17	35.07	35.13	34.52	34.7	5110
1504	2023-01-18	34.82	36.05	34.82	36.05	12422
1505	2023-01-19	35.56	35.56	35.07	35.44	300
1506	2023-01-27	35.44	36.35	35.37	36.35	6600
1507	2023-01-30	36.29	36.29	35.44	35.44	10310
1508	2023-01-31	36.11	36.11	35.44	35.44	5100
1509	2023-02-01	35.44	35.5	35.31	35.44	9323
1510	2023-02-02	35.44	35.44	35.19	35.19	2615
1511	2023-02-03	35.25	35.31	35.19	35.31	5200
1512	2023-02-06	35.31	35.31	34.46	35.07	3917
1513	2023-02-07	34.95	34.95	33.6	33.91	3600
1514	2023-02-08	33.91	34.76	33.91	34.76	13740
1515	2023-02-09	34.15	34.7	34.15	34.7	1600
1516	2023-02-10	34.7	34.7	33.91	33.91	3301
1517	2023-02-13	34.21	34.21	33.91	33.91	7730
1518	2023-02-14	34.09	34.09	33.91	33.91	1592
1519	2023-02-15	34.21	35.13	34.21	34.4	5106
1520	2023-02-16	34.58	34.58	34.58	34.58	58
1521	2023-02-17	35.13	35.44	35.13	35.44	12247
1522	2023-02-20	35.44	35.74	35.44	35.44	5656
1523	2023-02-21	35.56	36.05	35.56	35.92	20640
1524	2023-02-22	35.74	35.74	35.44	35.44	7810
1525	2023-02-23	35.62	35.62	35.13	35.13	4600
1526	2023-02-24	35.25	35.25	35.25	35.25	22
1527	2023-02-27	34.82	34.82	34.58	34.58	2100
1528	2023-02-28	34.76	35.13	34.7	35.13	2900
1529	2023-03-01	34.64	34.89	34.64	34.82	2404
1530	2023-03-02	34.64	34.64	34.21	34.21	6000
1531	2023-03-03	34.27	34.52	34.15	34.21	4801
1532	2023-03-06	34.21	34.7	34.21	34.7	2947
1533	2023-03-07	34.34	34.52	34.34	34.52	1121
1534	2023-03-08	34.52	34.58	34.52	34.58	1029
1535	2023-03-09	34.09	34.52	34.09	34.46	15604
1536	2023-03-10	34.27	34.27	34.09	34.09	2022
1537	2023-03-13	33.97	34.21	33.97	34.21	804
1538	2023-03-14	34.4	34.82	33.91	34.76	5453
1539	2023-03-15	34.76	34.82	34.76	34.82	2500
1540	2023-03-16	34.76	34.76	34.03	34.03	722
1541	2023-03-17	34.34	34.7	34.34	34.7	7106
1542	2023-03-20	34.58	34.58	34.09	34.09	3216
1543	2023-03-21	34.03	34.21	34.03	34.21	1636
1544	2023-03-22	34.27	34.27	34.21	34.27	1925
1545	2023-03-23	34.27	34.52	34.27	34.52	1404
1546	2023-03-24	34.34	34.82	34.34	34.82	14836
1547	2023-03-27	34.52	34.82	34.21	34.21	23310
1548	2023-03-28	34.21	34.4	34.21	34.4	11202
1549	2023-03-29	34.21	34.21	34.09	34.21	2408
1550	2023-03-30	34.21	34.21	34.21	34.21	3044
1551	2023-03-31	34.7	34.7	34.21	34.46	6300
1552	2023-04-03	35.37	35.37	34.52	34.58	11612
1553	2023-04-04	34.76	34.76	34.46	34.46	12107
1554	2023-04-05	34.52	35.13	34.52	35.07	26302
1555	2023-04-06	34.82	35.44	34.82	34.82	16418
1556	2023-04-07	34.82	35.92	34.82	35.25	11906
1557	2023-04-10	37.27	37.88	37.27	37.51	4045
1558	2023-04-11	36.05	37.45	36.05	37.45	1355
1559	2023-04-12	38.49	38.49	37.27	37.27	2110
1560	2023-04-13	37.76	37.82	36.47	36.66	2918
1561	2023-04-14	36.66	36.66	35.86	36.05	9221
1562	2023-04-17	36.29	36.29	36.29	36.29	14
1563	2023-04-18	35.56	36.05	35.56	36.05	4703
1564	2023-04-19	36.05	36.35	36.05	36.05	5210
1565	2023-04-20	36.23	36.6	36.23	36.35	13700
1566	2023-04-21	36.47	36.47	36.05	36.05	12203
1567	2023-04-24	36.23	36.23	35.99	36.05	7232
1568	2023-04-25	36.05	36.11	35.5	36.11	15706
1569	2023-04-26	36.05	36.05	35.8	35.8	7241
1570	2023-04-27	35.92	36.54	35.92	36.54	4908
1571	2023-04-28	36.29	36.35	35.86	36.05	2800
1572	2023-05-04	36.41	36.54	36.17	36.23	4220
1573	2023-05-05	36.23	36.35	36.23	36.35	4261
1574	2023-05-08	36.35	36.54	36.05	36.35	9119
1575	2023-05-09	36.05	36.35	36.05	36.29	1300
1576	2023-05-10	36.05	36.29	36.05	36.05	8838
1577	2023-05-11	36.05	36.17	35.86	35.86	22109
1578	2023-05-12	35.62	35.99	35.62	35.62	4105
1579	2023-05-15	35.74	36.05	35.44	35.44	22560
1580	2023-05-16	35.5	35.8	34.82	35.44	16025
1581	2023-05-17	35.68	35.68	35.44	35.44	3601
1582	2023-05-18	35.62	35.62	35.13	35.13	5426
1583	2023-05-19	35.31	35.44	35.31	35.31	3718
1584	2023-05-22	35.62	35.74	35.44	35.74	9807
1585	2023-05-23	35.44	35.92	35.44	35.74	8000
1586	2023-05-24	35.56	35.56	35.44	35.44	5901
1587	2023-05-25	35.86	35.86	35.8	35.8	500
1588	2023-05-26	35.86	35.86	35.86	35.86	100
1589	2023-05-29	36.05	36.11	35.86	35.99	19403
1590	2023-05-30	36.35	36.35	36.05	36.11	7740
1591	2023-05-31	36.17	36.47	36.17	36.23	24080
1592	2023-06-01	36.35	36.47	36.23	36.47	9100
1593	2023-06-02	36.47	36.66	36.35	36.41	23810
1594	2023-06-05	36.66	36.96	36.54	36.66	15403
1595	2023-06-06	36.66	36.84	36.54	36.84	2946
1596	2023-06-07	36.78	36.84	36.6	36.72	17593
1597	2023-06-08	36.78	36.78	36.02	36.34	6707
1598	2023-06-09	36.02	36.34	36.02	36.34	8100
1599	2023-06-12	36.34	36.53	36.34	36.53	4069
1600	2023-06-13	36.85	36.85	36.53	36.53	3530
1601	2023-06-14	36.59	36.78	36.59	36.59	6010
1602	2023-06-15	36.66	36.66	36.66	36.66	2452
1603	2023-06-16	36.66	36.66	36.66	36.66	4916
1604	2023-06-19	36.97	36.97	36.34	36.66	10300
1605	2023-06-20	36.47	36.47	36.47	36.47	300
1606	2023-06-21	36.72	36.97	36.66	36.97	6309
1607	2023-06-22	37.22	37.22	36.66	36.91	10106
1608	2023-06-23	36.85	37.22	36.78	36.97	3906
1609	2023-06-26	36.97	36.97	36.66	36.66	12661
1610	2023-06-27	36.66	37.29	36.66	37.29	8348
1611	2023-06-28	37.16	37.92	37.1	37.92	6306
1612	2023-06-29	37.35	37.41	37.29	37.41	2228
1613	2023-06-30	37.79	37.79	37.67	37.67	531
1614	2023-07-03	37.67	37.73	37.67	37.73	1806
1615	2023-07-04	37.6	37.67	37.29	37.54	1709
1616	2023-07-05	37.29	37.29	37.29	37.29	9000
1617	2023-07-06	37.29	37.29	36.66	36.66	18253
1618	2023-07-07	36.78	36.78	36.66	36.66	23521
1619	2023-07-10	36.78	37.67	36.72	37.67	7345
1620	2023-07-11	37.29	37.29	36.91	37.22	12914
1621	2023-07-12	37.16	37.16	36.66	36.66	24318
1622	2023-07-13	36.72	36.72	36.66	36.66	5262
1623	2023-07-14	36.72	36.91	36.66	36.85	6738
1624	2023-07-17	36.97	36.97	36.66	36.66	10157
1625	2023-07-18	36.66	36.78	36.4	36.72	7900
1626	2023-07-19	36.78	36.78	36.66	36.66	6501
1627	2023-07-20	36.66	37.54	36.66	36.91	26045
1628	2023-07-21	37.41	38.49	37.29	38.49	31756
1629	2023-07-24	37.92	38.74	37.92	38.49	22565
1630	2023-07-25	38.3	38.8	37.92	37.92	11830
1631	2023-07-26	38.17	38.24	37.92	38.24	12209
1632	2023-07-27	38.05	38.74	37.92	38.68	37052
1633	2023-07-28	38.43	41.08	38.43	41.08	25995
1634	2023-07-31	42.34	42.34	40.32	40.32	32224
1635	2023-08-01	40.38	40.45	40.13	40.45	14829
1636	2023-08-02	39.94	41.71	38.11	41.71	12721
1637	2023-08-03	41.08	41.08	40.13	40.13	2576
1638	2023-08-04	41.08	41.08	40.45	40.95	9727
1639	2023-08-07	40.7	41.02	40.57	41.02	4024
1640	2023-08-08	41.08	41.08	40.83	41.08	14132
1641	2023-08-09	41.08	42.28	40.45	42.15	6601
1642	2023-08-10	41.21	41.71	40.64	41.4	21770
1643	2023-08-11	39.82	41.46	39.75	41.46	7100
1644	2023-08-14	41.65	41.71	41.08	41.71	10623
1645	2023-08-15	41.52	41.59	40.51	41.59	10109
1646	2023-08-16	41.59	41.59	41.08	41.4	19541
1647	2023-08-17	41.33	41.4	41.21	41.21	2945
1648	2023-08-18	40.51	40.7	39.44	40.38	21705
1649	2023-08-21	39.94	40.2	39.18	40.01	8200
1650	2023-08-22	39.75	40.07	39.18	40.07	17204
1651	2023-08-23	39.56	39.69	39.18	39.56	13708
1652	2023-08-24	39.75	40.45	39.5	40.45	7300
1653	2023-08-25	40.45	40.45	39.82	40.45	25600
1654	2023-08-28	40.45	41.46	40.26	41.46	33249
1655	2023-08-29	41.46	41.46	40.7	41.4	13801
1656	2023-08-30	41.4	41.96	41.27	41.4	27009
1657	2023-08-31	41.46	42.6	41.27	42.6	11306
1658	2023-09-05	42.34	48.28	42.34	45.5	145660
1659	2023-09-06	45.38	46.45	45.19	45.69	18724
1660	2023-09-07	46.14	46.14	44.56	45.76	32150
1661	2023-09-08	45.44	45.5	44.87	45.5	34750
1662	2023-09-11	46.14	46.14	45.0	45.0	45754
1663	2023-09-12	45.0	47.4	45.0	45.63	15012
1664	2023-09-13	45.57	45.63	45.06	45.5	11900
1665	2023-09-14	45.5	45.57	45.38	45.5	9909
1666	2023-09-15	45.57	45.57	45.12	45.5	12340
1667	2023-09-18	47.97	47.97	45.5	46.14	6900
1668	2023-09-19	46.14	46.14	45.19	45.31	9200
1669	2023-09-20	45.63	45.63	45.63	45.63	5200
1670	2023-09-21	45.38	45.63	45.19	45.63	16239
1671	2023-09-22	45.06	45.25	44.24	44.75	43700
1672	2023-09-25	44.87	44.87	43.61	44.68	23672
1673	2023-09-26	44.11	44.11	43.17	43.29	20705
1674	2023-09-27	43.42	43.42	41.71	42.98	52270
1675	2023-09-28	42.98	42.98	42.85	42.98	14100
1676	2023-09-29	42.98	42.98	42.66	42.91	20719
1677	2023-10-02	44.24	44.24	42.98	42.98	7600
1678	2023-10-03	42.98	43.17	42.6	42.72	8604
1679	2023-10-04	42.47	42.98	42.34	42.98	10100
1680	2023-10-05	42.47	43.29	42.47	43.29	8511
1681	2023-10-06	43.29	43.61	42.98	43.29	19760
1682	2023-10-09	43.61	43.73	43.36	43.73	9109
1683	2023-10-10	43.92	44.75	43.92	44.62	16202
1684	2023-10-11	44.62	44.68	44.24	44.24	5334
1685	2023-10-12	45.44	45.44	44.24	45.25	17970
1686	2023-10-13	45.38	46.64	45.38	46.58	88586
1687	2023-10-16	46.77	50.24	46.77	49.93	261259
1688	2023-10-17	49.99	53.09	49.93	51.7	334092
1689	2023-10-18	52.46	52.77	48.66	50.88	141544
1690	2023-10-19	52.61	53.09	48.25	50.43	75412
1691	2023-10-20	50.43	50.43	45.88	46.45	91104
1692	2023-10-23	47.4	49.29	45.5	46.17	56026
1693	2023-10-24	46.45	46.92	45.03	46.45	17819
1694	2023-10-25	47.21	47.21	45.03	47.11	71592
1695	2023-10-26	47.21	47.21	43.42	43.61	132542
1696	2023-10-27	45.5	45.5	43.51	43.61	22605
1697	2023-10-30	43.61	44.08	43.13	43.61	16903
1698	2023-10-31	43.61	43.99	41.52	43.99	75395
1699	2023-11-01	43.23	43.61	42.66	43.61	20288
1700	2023-11-02	43.61	44.36	43.61	43.99	16738
1701	2023-11-03	44.08	45.79	43.7	45.79	55776
1702	2023-11-06	45.98	46.07	44.74	45.79	18276
1703	2023-11-07	45.22	45.79	45.03	45.41	36082
1704	2023-11-08	45.22	46.17	45.12	45.6	33110
1705	2023-11-09	45.88	48.35	45.88	47.4	80861
1706	2023-11-10	47.4	51.0	47.4	48.44	79302
1707	2023-11-13	48.91	49.86	47.4	48.72	88478
1708	2023-11-14	49.58	49.67	47.87	48.44	28367
1709	2023-11-15	48.06	49.58	47.97	48.35	83609
1710	2023-11-16	48.54	48.91	48.35	48.35	13705
1711	2023-11-17	48.54	48.54	47.49	48.25	46637
1712	2023-11-20	48.35	48.63	46.92	48.35	23820
1713	2023-11-21	46.73	49.1	46.73	49.1	63566
1714	2023-11-22	48.06	54.03	48.06	50.05	108795
1715	2023-11-23	50.53	50.53	49.01	50.24	22869
1716	2023-11-24	50.15	50.15	46.54	49.01	38690
1717	2023-11-27	50.05	50.05	47.68	48.82	67036
1718	2023-11-28	48.54	49.2	48.06	49.2	17566
1719	2023-11-29	48.63	49.67	48.63	48.82	5553
1720	2023-11-30	49.01	49.58	48.82	49.29	28369
1721	2023-12-01	49.39	49.39	49.1	49.1	3044
1722	2023-12-04	49.29	49.86	48.91	48.91	40509
1723	2023-12-05	42.18	51.19	42.18	48.35	56953
1724	2023-12-06	48.35	48.82	48.16	48.82	12760
1725	2023-12-07	48.35	48.44	48.06	48.16	23926
1726	2023-12-08	48.16	49.2	48.16	48.35	8867
1727	2023-12-11	48.35	48.35	47.87	48.16	17237
1728	2023-12-12	48.25	48.82	48.06	48.25	12500
1729	2023-12-13	48.06	49.1	48.06	48.06	5513
1730	2023-12-14	48.35	48.63	48.16	48.54	7312
1731	2023-12-15	48.72	48.91	47.97	48.35	5890
1732	2023-12-18	48.54	48.54	48.06	48.44	4361
1733	2023-12-19	48.25	49.29	48.25	49.1	10300
1734	2023-12-20	49.1	49.1	48.25	49.1	6935
1735	2023-12-21	48.72	49.1	48.63	49.1	10914
1736	2023-12-22	49.58	49.58	49.1	49.39	30339
1737	2023-12-25	49.67	49.67	49.01	49.67	19349
1738	2023-12-26	49.86	50.05	49.1	49.29	14836
1739	2023-12-27	49.29	49.48	47.87	49.29	106345
1740	2023-12-28	49.1	50.24	47.87	49.29	146171
1741	2023-12-29	49.77	49.77	48.44	49.48	33632
1742	2024-01-02	49.1	49.48	48.63	48.72	32010
1743	2024-01-03	48.44	49.01	48.44	49.01	42249
1744	2024-01-04	48.82	49.58	48.72	49.58	57243
1745	2024-01-05	49.2	50.81	49.2	50.62	82189
1746	2024-01-08	51.09	52.33	50.81	51.76	121271
1747	2024-01-09	51.47	51.66	50.34	51.66	17769
1748	2024-01-10	50.81	51.66	50.81	51.0	17439
1749	2024-01-11	51.19	53.37	51.19	52.33	43008
1750	2024-01-12	51.66	52.52	51.19	51.76	51475
1751	2024-01-15	52.61	52.61	51.76	51.85	18424
1752	2024-01-16	52.23	53.09	51.66	52.99	42193
1753	2024-01-17	52.61	52.8	51.66	52.33	18557
1754	2024-01-18	52.23	52.8	52.14	52.8	17731
1755	2024-01-19	52.52	53.09	52.42	52.71	58107
1756	2024-01-22	52.9	53.09	52.04	52.9	68054
1757	2024-01-23	52.99	52.99	51.66	52.99	34058
1758	2024-01-24	52.71	52.9	52.42	52.52	3059
1759	2024-01-25	52.99	52.99	52.71	52.99	5732
1760	2024-01-26	52.99	54.98	52.8	54.03	33740
1761	2024-01-29	54.98	56.88	54.98	56.78	125925
1762	2024-01-30	56.88	58.77	49.29	56.88	214619
1763	2024-01-31	56.88	57.83	46.92	56.78	645261
1764	2024-02-01	55.46	56.97	54.98	56.78	144038
1765	2024-02-02	56.21	60.29	56.21	58.2	89127
1766	2024-02-05	59.44	59.44	58.11	58.3	53103
1767	2024-02-06	58.68	59.25	58.2	58.77	91505
1768	2024-02-07	58.96	59.25	57.45	57.83	107691
1769	2024-02-15	58.11	58.3	57.35	57.54	74812
1770	2024-02-16	57.64	58.11	57.16	57.83	57930
1771	2024-02-19	58.11	59.34	57.83	57.92	117192
1772	2024-02-20	58.58	58.77	57.64	58.11	117970
1773	2024-02-21	58.2	58.77	57.54	58.68	139109
1774	2024-02-22	58.11	58.3	57.35	58.3	68958
1775	2024-02-23	57.83	58.77	57.83	57.83	120767
1776	2024-02-26	58.3	58.68	57.73	58.2	117024
1777	2024-02-27	59.25	59.25	57.83	58.11	83629
1778	2024-02-28	58.11	58.8	57.62	58.41	105188
1779	2024-02-29	58.8	58.8	57.62	58.11	74590
1780	2024-03-01	58.11	58.11	56.74	57.43	246394
1781	2024-03-04	57.43	57.53	56.35	56.55	147008
1782	2024-03-05	56.55	56.55	55.86	55.96	143856
1783	2024-03-06	55.86	56.25	54.78	55.47	188374
1784	2024-03-07	55.47	56.35	55.47	55.86	100443
1785	2024-03-08	56.35	56.45	54.78	54.78	105966
1786	2024-03-11	54.78	56.25	54.78	55.57	161544
1787	2024-03-12	55.47	55.66	54.68	55.27	194122
1788	2024-03-13	54.98	57.23	54.88	57.04	193414
1789	2024-03-14	57.82	57.92	56.84	57.23	86604
1790	2024-03-15	57.33	57.33	56.35	56.45	52739
1791	2024-03-18	56.64	56.64	54.88	56.45	93231
1792	2024-03-19	55.66	56.64	55.66	56.06	25788
1793	2024-03-20	55.86	56.55	55.57	56.45	39384
1794	2024-03-21	56.35	57.72	56.06	57.33	71332
1795	2024-03-22	57.62	58.02	56.84	57.04	46698
1796	2024-03-25	57.82	58.11	56.64	56.84	31821
1797	2024-03-26	57.04	57.43	56.64	57.43	61231
1798	2024-03-27	57.53	57.53	56.84	57.23	22483
1799	2024-03-28	57.43	57.43	57.13	57.43	51971
1800	2024-03-29	57.43	57.43	56.84	57.23	40405
1801	2024-04-01	56.94	57.33	56.74	56.84	53184
1802	2024-04-02	56.94	56.94	56.06	56.64	43007
1803	2024-04-03	56.25	56.84	56.25	56.35	52248
1804	2024-04-04	56.64	56.64	56.06	56.35	52949
1805	2024-04-05	56.25	56.35	55.47	56.06	71675
1806	2024-04-08	57.82	57.82	47.73	54.88	128732
1807	2024-04-09	54.88	55.47	54.68	55.27	63220
1808	2024-04-10	55.17	55.47	54.88	55.27	38343
1809	2024-04-11	54.0	55.37	54.0	54.98	20542
1810	2024-04-12	54.68	56.06	54.68	55.37	14176
1811	2024-04-15	55.27	55.37	54.39	55.17	80320
1812	2024-04-16	54.88	55.17	53.9	54.59	37439
1813	2024-04-17	54.68	55.37	54.68	54.68	34025
1814	2024-04-19	54.68	54.88	53.51	53.9	33146
1815	2024-04-22	53.8	54.78	53.8	54.68	36673
1816	2024-04-23	54.19	56.84	53.8	56.84	70060
1817	2024-04-24	56.74	56.74	55.08	56.25	41390
1818	2024-04-25	56.25	61.64	56.25	60.66	516457
1819	2024-04-26	60.76	61.84	60.27	61.15	172093
1820	2024-05-02	62.03	65.27	61.25	64.78	466204
1821	2024-05-03	64.78	73.21	64.68	71.05	567888
1822	2024-05-06	71.05	75.17	71.05	71.44	364852
1823	2024-05-07	72.52	76.44	71.44	73.21	361116
1824	2024-05-08	73.11	73.99	71.64	72.42	212046
1825	2024-05-09	72.52	80.36	72.52	76.44	308747
1826	2024-05-10	76.64	79.58	74.97	76.54	251026
1827	2024-05-13	76.64	77.42	73.99	75.17	289534
1828	2024-05-14	75.17	77.42	74.87	75.46	218578
1829	2024-05-15	75.85	78.4	75.85	76.73	355758
1830	2024-05-16	77.42	81.24	77.42	79.77	282824
1831	2024-05-17	79.77	83.3	77.13	80.26	293689
1832	2024-05-20	80.36	80.85	77.81	78.01	255679
1833	2024-05-21	76.44	78.4	68.21	76.44	367634
1834	2024-05-22	77.22	78.89	75.46	76.64	202275
1835	2024-05-23	77.13	77.52	75.36	76.64	174852
1836	2024-05-24	76.24	80.36	76.15	77.81	453339
1837	2024-05-27	78.01	78.3	75.46	76.34	154784
1838	2024-05-28	77.42	78.4	76.34	77.91	217436
1839	2024-05-29	78.4	79.48	76.93	77.91	193663
1840	2024-05-30	78.01	78.01	75.46	77.13	250687
1841	2024-05-31	76.93	80.36	76.83	78.79	265601
1842	2024-06-03	78.79	90.65	78.79	90.65	675809
1843	2024-06-04	90.65	99.18	88.49	99.18	422141
1844	2024-06-05	99.47	110.74	99.18	102.9	808364
1845	2024-06-06	104.86	107.6	100.74	101.43	493255
1846	2024-06-07	101.43	108.78	101.43	104.76	333014
1847	2024-06-10	104.86	107.31	102.7	103.19	283060
1848	2024-06-11	103.88	103.88	99.96	100.65	367739
1849	2024-06-12	100.65	106.82	98.0	103.29	397608
1850	2024-06-13	103.39	105.25	102.51	102.9	230647
1851	2024-06-14	103.59	112.7	102.21	106.72	725402
1852	2024-06-17	109.76	115.64	107.6	111.72	471951
1853	2024-06-18	111.72	115.64	106.82	107.31	587219
1854	2024-06-19	106.82	109.27	104.17	107.31	344150
1855	2024-06-20	107.8	109.76	105.64	106.62	315145
1856	2024-06-21	106.82	110.35	105.84	108.09	308074
1857	2024-06-24	108.29	110.74	104.86	105.25	535069
1858	2024-06-25	106.33	106.92	100.94	102.7	330920
1859	2024-06-26	103.68	106.33	102.9	105.35	188198
1860	2024-06-27	104.86	109.76	103.98	106.82	230799
1861	2024-06-28	104.37	109.66	104.37	106.04	321154
1862	2024-07-01	104.86	106.04	91.34	96.33	594905
1863	2024-07-02	96.73	98.0	93.39	96.04	321444
1864	2024-07-03	96.04	97.12	95.06	96.92	221299
1865	2024-07-04	97.12	98.0	96.04	97.41	210414
1866	2024-07-05	97.02	102.12	96.43	100.06	207556
1867	2024-07-08	100.74	102.02	99.47	99.96	206436
1868	2024-07-09	99.96	100.94	96.73	99.57	283885
1869	2024-07-10	98.2	100.16	97.41	100.06	194353
1870	2024-07-11	99.96	103.39	99.76	100.65	120610
1871	2024-07-12	100.84	100.84	98.98	99.08	89606
1872	2024-07-15	99.47	99.47	98.0	98.0	97044
1873	2024-07-16	98.0	98.78	93.59	94.08	286893
1874	2024-07-17	95.16	95.16	87.22	90.55	331750
1875	2024-07-18	89.67	89.96	84.28	89.67	193410
1876	2024-07-19	89.18	89.18	86.24	86.24	61065
1877	2024-07-22	86.34	88.89	83.3	88.89	140419
1878	2024-07-23	87.22	90.16	86.24	86.93	107455
1879	2024-07-24	86.93	88.69	83.3	87.32	102601
1880	2024-07-25	85.75	88.2	84.28	88.2	82184
1881	2024-07-26	88.69	90.85	86.53	90.65	119763
1882	2024-07-29	91.04	95.06	90.55	94.96	181841
1883	2024-07-30	96.53	96.53	92.32	92.51	58407
1884	2024-07-31	93.69	93.69	91.34	93.39	88027
1885	2024-08-01	92.12	94.47	88.2	92.9	209400
1886	2024-08-02	92.9	93.1	89.77	93.1	62484
1887	2024-08-05	89.87	89.96	84.38	84.38	123056
1888	2024-08-06	84.38	89.18	84.28	87.22	125975
1889	2024-08-07	87.22	87.22	85.75	86.44	15605
1890	2024-08-08	85.75	86.24	83.3	84.77	52471
1891	2024-08-09	85.75	88.1	85.55	87.91	56053
1892	2024-08-12	87.32	89.87	87.32	89.77	85346
1893	2024-08-13	89.18	91.24	89.18	89.96	62400
1894	2024-08-14	90.16	91.53	90.06	90.06	54911
1895	2024-08-15	88.69	89.38	87.02	88.59	57125
1896	2024-08-16	88.49	92.22	88.49	92.22	122770
1897	2024-08-19	92.12	93.59	92.12	93.1	87587
1898	2024-08-20	93.1	93.1	92.12	92.41	61556
1899	2024-08-21	92.61	93.59	92.32	93.0	81949
1900	2024-08-22	93.0	93.0	92.02	92.02	68755
1901	2024-08-23	92.12	92.12	89.77	92.12	137482
1902	2024-08-26	92.12	92.12	90.16	90.16	39590
1903	2024-08-27	90.26	90.26	89.67	89.87	68518
1904	2024-08-28	89.87	90.16	89.28	89.96	43494
1905	2024-08-29	89.18	89.77	89.18	89.77	16643
1906	2024-08-30	90.06	91.63	89.47	91.34	96878
1907	2024-09-04	91.53	91.53	89.57	90.36	40684
1908	2024-09-05	90.06	90.06	86.24	89.38	110024
1909	2024-09-06	88.3	93.1	87.02	93.1	111347
1910	2024-09-09	91.83	92.41	89.18	89.18	55024
1911	2024-09-10	89.57	89.96	87.81	87.81	47015
1912	2024-09-11	87.22	88.79	86.44	88.79	36942
1913	2024-09-12	88.69	89.08	88.2	88.69	20555
1914	2024-09-13	88.49	88.59	88.2	88.49	17715
1915	2024-09-16	88.49	88.49	86.73	87.02	35757
1916	2024-09-17	87.22	87.42	86.63	87.42	47785
1917	2024-09-18	87.02	89.47	87.02	88.69	73132
1918	2024-09-19	88.79	90.16	88.79	89.18	55807
1919	2024-09-20	90.16	90.85	89.18	89.38	42318
1920	2024-09-23	89.18	89.28	88.59	88.89	24399
1921	2024-09-24	88.2	89.18	87.22	88.79	23856
1922	2024-09-25	88.79	88.98	88.3	88.59	31011
1923	2024-09-26	88.69	88.69	87.71	87.81	39713
1924	2024-09-27	88.2	88.3	86.93	87.22	98018
1925	2024-09-30	87.12	87.12	86.24	86.24	34214
1926	2024-10-01	86.73	87.42	86.63	87.02	56874
1927	2024-10-02	86.83	87.02	85.65	85.85	57564
1928	2024-10-03	86.14	86.73	85.55	85.55	25693
1929	2024-10-04	86.04	86.04	84.77	85.46	27112
1930	2024-10-07	86.24	86.24	84.87	85.26	10201
1931	2024-10-08	85.26	85.36	84.28	85.16	33020
1932	2024-10-09	85.75	85.85	84.48	85.65	43871
1933	2024-10-10	85.46	90.65	85.46	89.18	165374
1934	2024-10-11	89.18	90.16	88.59	88.98	51384
1935	2024-10-14	88.49	90.16	88.49	89.28	82826
1936	2024-10-15	88.98	90.36	88.2	88.4	65670
1937	2024-10-16	87.91	88.3	87.42	87.71	34801
1938	2024-10-17	88.2	88.2	87.22	87.71	17006
1939	2024-10-18	88.2	88.3	87.91	87.91	37954
1940	2024-10-21	88.2	88.2	87.22	87.32	32420
1941	2024-10-22	88.79	88.79	86.24	87.51	32754
1942	2024-10-23	86.83	87.12	86.14	87.12	7055
1943	2024-10-24	87.22	88.2	86.24	87.02	37486
1944	2024-10-25	87.32	87.71	86.73	87.51	33262
1945	2024-10-28	88.0	88.1	87.22	88.0	37199
1946	2024-10-29	88.2	89.67	88.2	89.67	106757
1947	2024-10-30	89.67	91.63	89.38	89.67	110836
1948	2024-10-31	90.06	90.06	88.3	88.59	42079
1949	2024-11-01	88.89	88.89	86.73	87.02	67420
1950	2024-11-04	88.0	88.0	86.24	86.44	47332
1951	2024-11-05	87.42	87.61	86.63	87.42	11138
1952	2024-11-06	87.32	88.2	87.12	88.0	29335
1953	2024-11-07	88.1	91.92	87.81	91.14	305975
1954	2024-11-08	90.94	95.55	90.94	95.16	230480
1955	2024-11-11	95.35	98.49	94.08	95.26	272145
1956	2024-11-12	96.04	96.04	92.9	93.1	145203
1957	2024-11-13	93.49	95.06	92.02	94.86	138170
1958	2024-11-14	94.86	100.94	94.86	96.53	454393
1959	2024-11-15	97.22	98.59	94.28	94.47	193191
1960	2024-11-18	95.45	95.45	90.45	92.12	169208
1961	2024-11-19	92.12	92.12	87.12	87.12	301825
1962	2024-11-20	87.22	89.87	86.24	89.18	101714
1963	2024-11-21	88.89	90.45	88.69	90.26	55123
1964	2024-11-22	89.28	91.14	89.28	89.67	65201
1965	2024-11-25	89.96	90.16	89.28	89.67	31325
1966	2024-11-26	89.67	90.45	89.28	89.77	67888
1967	2024-11-27	89.77	94.08	89.67	92.51	141632
1968	2024-11-28	92.61	93.79	91.43	93.0	84221
1969	2024-11-29	92.81	96.53	92.81	96.04	290836
1970	2024-12-02	96.04	98.98	95.26	95.75	124807
1971	2024-12-03	96.63	98.39	94.86	96.04	210752
1972	2024-12-04	96.53	97.8	94.47	94.47	177091
1973	2024-12-05	95.06	96.73	92.71	96.53	191481
1974	2024-12-06	96.53	100.74	95.75	96.14	155480
1975	2024-12-09	97.51	97.51	95.06	95.55	70919
1976	2024-12-10	95.35	96.33	94.37	95.45	48507
1977	2024-12-11	95.45	97.9	95.45	96.04	161105
1978	2024-12-12	96.63	97.31	94.86	94.96	57214
1979	2024-12-13	94.18	95.06	93.39	93.59	126886
1980	2024-12-16	93.3	94.47	92.61	93.1	86155
1981	2024-12-17	93.3	94.57	93.1	94.18	45015
1982	2024-12-18	92.61	94.37	92.61	93.88	31389
1983	2024-12-19	93.88	93.88	92.12	92.12	106757
1984	2024-12-20	92.12	94.77	92.12	94.57	107994
1985	2024-12-23	96.14	97.02	94.86	95.55	97500
1986	2024-12-24	95.55	95.65	94.77	95.16	77326
1987	2024-12-25	95.06	97.12	95.06	95.75	153589
1988	2024-12-26	96.24	96.24	94.86	94.96	78840
1989	2024-12-27	96.04	96.63	93.49	93.59	94074
1990	2024-12-30	94.08	94.08	92.9	93.1	69905
1991	2024-12-31	93.2	95.06	93.2	95.06	173399
1992	2025-01-02	94.96	95.06	94.28	94.96	26477
1993	2025-01-03	94.86	95.65	94.37	94.67	103023
1994	2025-01-06	94.57	95.84	93.79	93.98	114643
1995	2025-01-07	94.77	99.57	94.37	97.22	396795
1996	2025-01-08	97.51	97.9	94.08	96.33	87342
1997	2025-01-09	96.24	96.53	94.37	94.86	84713
1998	2025-01-10	94.96	94.96	93.0	93.0	133715
1999	2025-01-13	93.0	93.98	92.12	93.98	50586
2000	2025-01-14	94.37	94.37	91.92	93.49	44014
2001	2025-01-15	93.1	94.08	92.12	92.81	23222
2002	2025-01-16	92.51	93.88	92.51	93.69	50327
2003	2025-01-17	93.79	97.22	93.59	97.22	212563
2004	2025-01-20	97.41	98.0	95.94	97.02	86200
2005	2025-01-21	97.02	108.98	97.02	106.82	677353
2006	2025-01-22	106.82	112.7	106.82	106.82	288987
2007	2025-01-23	108.78	110.54	105.64	106.92	231931
2008	2025-01-24	107.51	107.6	104.66	105.35	236005
2009	2025-02-03	102.9	102.9	95.35	96.43	451750
2010	2025-02-04	97.02	98.1	96.33	97.9	160218
2011	2025-02-05	98.0	99.96	97.51	97.9	71597
2012	2025-02-06	98.98	98.98	96.53	97.02	122112
2013	2025-02-07	97.02	97.12	96.43	96.53	82837
2014	2025-02-10	96.53	96.63	92.61	93.59	236112
2015	2025-02-11	93.98	95.94	92.71	95.65	107749
2016	2025-02-12	95.65	95.65	94.28	94.57	55140
2017	2025-02-13	94.86	94.86	93.39	94.08	152789
2018	2025-02-14	94.08	95.75	93.69	95.06	83627
2019	2025-02-17	95.16	96.24	93.69	93.79	79894
2020	2025-02-18	93.69	94.47	93.59	94.18	42602
2021	2025-02-19	95.06	95.35	93.79	94.18	55320
2022	2025-02-20	94.18	95.06	93.88	94.08	40832
2023	2025-02-21	94.08	95.06	94.08	94.77	56940
2024	2025-02-24	94.57	94.86	93.69	94.47	105694
2025	2025-02-25	94.28	97.02	94.08	97.02	195870
2026	2025-02-26	96.04	104.66	96.04	103.88	496428
2027	2025-02-27	103.88	103.98	99.86	100.94	145626
2028	2025-02-28	101.14	101.14	97.02	97.31	154365
2029	2025-03-03	98.2	102.9	97.61	101.43	139640
2030	2025-03-04	100.65	100.65	98.98	99.96	45557
2031	2025-03-05	99.57	100.74	98.98	98.98	59805
2032	2025-03-06	99.27	100.65	99.27	100.65	93721
2033	2025-03-07	100.65	103.88	100.65	100.65	212471
2034	2025-03-10	102.12	103.68	99.86	99.96	138768
2035	2025-03-11	99.47	99.47	98.0	98.29	112785
2036	2025-03-12	98.98	99.18	97.8	98.1	90370
2037	2025-03-13	100.84	100.84	96.82	98.0	133405
2038	2025-03-14	98.1	100.0	95.0	95.3	142287
2039	2025-03-17	95.3	96.4	93.8	94.2	114783
2040	2025-03-18	94.8	95.0	93.0	93.6	122348
2041	2025-03-19	93.8	93.8	85.8	86.0	260569
2042	2025-03-20	85.0	91.7	85.0	90.3	178499
2043	2025-03-21	95.0	95.0	92.0	93.3	257018
2044	2025-03-24	95.0	95.4	93.5	94.0	200091
2045	2025-03-25	94.4	94.6	91.2	92.1	106427
2046	2025-03-26	92.5	92.9	91.0	92.7	91338
2047	2025-03-27	93.0	93.0	92.0	92.7	58000
2048	2025-03-28	92.6	92.6	91.9	92.0	50100
2049	2025-03-31	92.1	92.1	91.1	91.2	63300
2050	2025-04-01	91.4	92.0	90.8	91.3	55700
