	time	open	high	low	close	volume
0	2019-12-18	14.24	14.24	14.24	14.24	600
1	2019-12-19	14.24	14.24	14.24	14.24	0
2	2019-12-20	14.24	14.24	14.24	14.24	0
3	2019-12-23	14.24	14.24	14.24	14.24	0
4	2019-12-24	14.24	14.83	14.83	14.83	0
5	2019-12-25	14.24	14.83	14.83	14.83	0
6	2019-12-26	14.24	14.83	14.83	14.83	0
7	2019-12-27	14.24	14.83	14.83	14.83	0
8	2019-12-30	14.24	14.83	14.83	14.83	0
9	2019-12-31	14.24	14.83	14.83	14.83	0
10	2020-01-02	14.24	14.83	14.83	14.83	0
11	2020-01-03	13.59	13.59	13.59	13.59	100
12	2020-01-06	13.59	13.59	13.59	13.59	0
13	2020-01-07	13.59	13.59	13.59	13.59	0
14	2020-01-08	13.59	13.59	13.59	13.59	0
15	2020-01-09	13.59	13.59	13.59	13.59	0
16	2020-01-10	11.75	11.75	11.75	11.75	2600
17	2020-01-13	11.75	11.75	11.75	11.75	0
18	2020-01-14	11.87	11.87	11.87	11.87	400
19	2020-01-15	11.87	11.87	11.87	11.87	0
20	2020-01-16	11.87	11.87	11.87	11.87	0
21	2020-01-17	11.87	11.87	11.87	11.87	0
22	2020-01-20	11.87	11.87	11.87	11.87	0
23	2020-01-21	10.98	10.98	10.98	10.98	300
24	2020-01-22	11.27	11.87	11.27	11.87	1700
25	2020-01-30	11.27	11.87	11.27	11.27	3600
26	2020-01-31	11.27	11.27	11.27	11.27	2000
27	2020-02-03	10.68	10.68	10.68	10.68	500
28	2020-02-04	10.68	10.68	10.68	10.68	0
29	2020-02-05	10.68	10.68	10.68	10.68	0
30	2020-02-06	10.68	10.68	10.68	10.68	100
31	2020-02-07	10.68	10.68	10.68	10.68	0
32	2020-02-10	10.68	10.68	10.68	10.68	0
33	2020-02-11	10.68	10.68	10.68	10.68	0
34	2020-02-12	12.28	12.28	12.28	12.28	100
35	2020-02-13	12.46	12.46	12.46	12.46	1500
36	2020-02-14	13.65	13.65	13.05	13.05	5000
37	2020-02-17	13.65	13.65	13.65	13.65	1000
38	2020-02-18	13.65	13.65	13.65	13.65	0
39	2020-02-19	14.24	14.24	14.24	14.24	100
40	2020-02-20	14.24	14.24	14.24	14.24	0
41	2020-02-21	14.24	14.24	14.24	14.24	0
42	2020-02-24	14.24	14.24	14.24	14.24	300
43	2020-02-25	14.24	14.24	14.24	14.24	0
44	2020-02-26	14.24	14.24	14.24	14.24	0
45	2020-02-27	14.24	14.24	14.24	14.24	0
46	2020-02-28	14.24	14.24	14.24	14.24	0
47	2020-03-02	14.24	14.24	14.24	14.24	0
48	2020-03-03	13.94	13.94	13.94	13.94	150
49	2020-03-04	13.94	13.94	13.94	13.94	0
50	2020-03-05	13.94	13.94	13.94	13.94	0
51	2020-03-06	12.76	12.76	11.87	12.46	1500
52	2020-03-09	13.81	13.81	13.81	13.81	100
53	2020-03-10	13.81	13.81	13.81	13.81	0
54	2020-03-11	13.81	13.81	13.81	13.81	0
55	2020-03-12	13.81	13.81	13.81	13.81	0
56	2020-03-13	15.79	15.79	15.79	15.79	200
57	2020-03-16	15.79	15.79	15.79	15.79	0
58	2020-03-17	15.79	15.79	15.79	15.79	0
59	2020-03-18	15.79	15.79	15.79	15.79	0
60	2020-03-19	15.79	15.79	15.79	15.79	0
61	2020-03-20	15.79	15.79	15.79	15.79	0
62	2020-03-23	15.79	15.79	15.79	15.79	0
63	2020-03-24	15.79	15.79	15.79	15.79	0
64	2020-03-25	15.79	15.79	15.79	15.79	0
65	2020-03-26	15.79	15.79	15.79	15.79	0
66	2020-03-27	15.79	15.79	15.79	15.79	0
67	2020-03-30	15.79	15.79	15.79	15.79	0
68	2020-03-31	15.79	15.79	15.79	15.79	0
69	2020-04-01	15.79	15.79	15.79	15.79	0
70	2020-04-03	15.79	15.79	15.79	15.79	0
71	2020-04-06	15.79	15.79	15.79	15.79	0
72	2020-04-07	15.79	15.79	15.79	15.79	0
73	2020-04-08	13.42	13.42	13.42	13.42	200
74	2020-04-09	13.42	13.42	13.42	13.42	0
75	2020-04-10	13.42	13.42	13.42	13.42	0
76	2020-04-13	13.42	13.42	13.42	13.42	0
77	2020-04-14	13.42	13.42	13.42	13.42	0
78	2020-04-15	13.42	13.42	13.42	13.42	0
79	2020-04-16	13.42	13.42	13.42	13.42	0
80	2020-04-17	15.13	15.13	15.13	15.13	100
81	2020-04-20	15.13	15.13	15.13	15.13	0
82	2020-04-21	15.13	15.13	15.13	15.13	0
83	2020-04-22	15.13	15.13	15.13	15.13	0
84	2020-04-23	15.13	15.13	15.13	15.13	0
85	2020-04-24	15.13	15.13	15.13	15.13	0
86	2020-04-27	15.13	15.13	15.13	15.13	0
87	2020-04-28	15.13	15.13	15.13	15.13	0
88	2020-04-29	15.13	15.13	15.13	15.13	0
89	2020-05-04	15.13	15.13	15.13	15.13	0
90	2020-05-05	15.13	15.13	15.13	15.13	0
91	2020-05-06	15.13	15.13	15.13	15.13	0
92	2020-05-07	15.13	15.13	15.13	15.13	0
93	2020-05-08	15.13	15.13	15.13	15.13	0
94	2020-05-11	15.13	15.13	15.13	15.13	0
95	2020-05-12	15.13	15.13	15.13	15.13	0
96	2020-05-13	15.13	15.13	15.13	15.13	0
97	2020-05-14	15.13	15.13	15.13	15.13	0
98	2020-05-15	15.13	15.13	15.13	15.13	0
99	2020-05-18	15.13	15.13	15.13	15.13	0
100	2020-05-19	15.13	15.13	15.13	15.13	0
101	2020-05-20	15.13	15.13	15.13	15.13	0
102	2020-05-21	15.13	15.13	15.13	15.13	0
103	2020-05-22	15.13	15.13	15.13	15.13	0
104	2020-05-25	15.13	15.13	15.13	15.13	0
105	2020-05-26	15.13	15.13	15.13	15.13	0
106	2020-05-27	15.13	15.13	15.13	15.13	0
107	2020-05-28	15.13	15.13	15.13	15.13	0
108	2020-05-29	15.13	15.13	15.13	15.13	0
109	2020-06-01	15.13	15.13	15.13	15.13	200
110	2020-06-02	15.13	15.13	15.13	15.13	0
111	2020-06-03	15.13	15.13	15.13	15.13	0
112	2020-06-04	15.13	15.13	15.13	15.13	0
113	2020-06-05	15.13	15.13	15.13	15.13	0
114	2020-06-08	15.13	15.13	15.13	15.13	0
115	2020-06-09	15.13	15.13	15.13	15.13	0
116	2020-06-10	15.13	15.13	15.13	15.13	0
117	2020-06-11	17.36	17.36	17.36	17.36	1206
118	2020-06-12	14.8	14.8	14.8	14.8	100
119	2020-06-15	14.8	14.8	14.8	14.8	30
120	2020-06-16	14.8	14.8	14.8	14.8	0
121	2020-06-17	14.8	14.8	14.8	14.8	0
122	2020-06-18	14.8	14.8	14.8	14.8	0
123	2020-06-19	14.47	14.47	13.48	13.48	2000
124	2020-06-22	13.88	13.48	13.48	13.48	0
125	2020-06-23	13.88	13.48	13.48	13.48	0
126	2020-06-24	13.88	13.48	13.48	13.48	0
127	2020-06-25	13.88	13.48	13.48	13.48	0
128	2020-06-26	13.88	13.48	13.48	13.48	0
129	2020-06-29	13.88	13.48	13.48	13.48	0
130	2020-06-30	13.88	13.88	13.88	13.48	10
131	2020-07-01	11.9	11.9	11.9	11.9	4600
132	2020-07-02	13.48	13.48	13.48	13.48	100
133	2020-07-03	11.84	11.84	11.84	11.84	3100
134	2020-07-06	13.42	13.42	11.84	11.84	306
135	2020-07-07	12.37	11.84	11.84	11.84	0
136	2020-07-08	12.37	11.84	11.84	11.84	0
137	2020-07-09	10.66	10.66	10.66	10.66	100
138	2020-07-10	10.92	10.92	10.92	10.92	200
139	2020-07-13	10.92	10.92	10.92	10.92	0
140	2020-07-14	10.92	10.92	10.92	10.92	0
141	2020-07-15	10.92	10.92	10.92	10.92	0
142	2020-07-16	10.92	10.92	10.92	10.92	20
143	2020-07-17	10.92	10.92	10.92	10.92	0
144	2020-07-20	9.6	10.92	9.6	10.92	1500
145	2020-07-21	11.18	12.37	11.18	12.37	500
146	2020-07-22	13.68	13.68	13.68	13.68	100
147	2020-07-23	11.64	11.64	11.64	11.64	1600
148	2020-07-24	12.96	12.96	12.96	12.96	100
149	2020-07-27	12.96	12.96	12.96	12.96	0
150	2020-07-28	12.96	12.96	12.96	12.96	0
151	2020-07-29	12.96	12.96	12.96	12.96	0
152	2020-07-30	12.96	12.96	12.96	12.96	0
153	2020-07-31	12.96	12.96	12.96	12.96	0
154	2020-08-03	11.05	11.05	11.05	11.05	500
155	2020-08-04	12.63	12.63	12.63	12.63	100
156	2020-08-05	13.55	13.55	13.55	13.55	100
157	2020-08-06	13.55	13.55	13.55	13.55	0
158	2020-08-07	14.4	14.4	14.4	14.4	100
159	2020-08-10	14.4	14.4	14.4	14.4	0
160	2020-08-11	14.4	14.4	14.4	14.4	0
161	2020-08-12	14.4	14.4	14.4	14.4	0
162	2020-08-13	14.4	14.4	14.4	14.4	0
163	2020-08-14	14.4	14.4	14.4	14.4	0
164	2020-08-17	14.4	14.4	14.4	14.4	0
165	2020-08-18	14.4	14.4	14.4	14.4	0
166	2020-08-19	14.4	14.4	14.4	14.4	0
167	2020-08-20	14.4	14.4	14.4	14.4	0
168	2020-08-21	14.4	14.4	14.4	14.4	0
169	2020-08-24	14.4	14.4	14.4	14.4	0
170	2020-08-25	14.4	14.4	14.4	14.4	1
171	2020-08-26	14.4	14.4	14.4	14.4	2
172	2020-08-27	14.4	14.4	14.4	14.4	0
173	2020-08-28	14.4	14.4	14.4	14.4	0
174	2020-08-31	14.4	14.4	14.4	14.4	0
175	2020-09-01	14.4	14.4	14.4	14.4	0
176	2020-09-03	14.4	14.4	14.4	14.4	0
177	2020-09-04	14.4	14.4	14.4	14.4	0
178	2020-09-07	14.4	14.4	14.4	14.4	0
179	2020-09-08	14.4	14.4	14.4	14.4	0
180	2020-09-09	14.4	14.4	14.4	14.4	0
181	2020-09-10	14.4	14.4	14.4	14.4	0
182	2020-09-11	12.3	12.3	12.3	12.3	1647
183	2020-09-14	10.52	10.52	10.52	10.52	700
184	2020-09-15	10.52	10.52	10.52	10.52	0
185	2020-09-16	10.52	10.52	10.52	10.52	0
186	2020-09-17	12.04	12.04	12.04	12.04	100
187	2020-09-18	13.09	13.09	13.09	13.09	100
188	2020-09-21	13.09	13.09	13.09	13.09	0
189	2020-09-22	13.09	13.09	13.09	13.09	0
190	2020-09-23	13.09	13.09	13.09	13.09	0
191	2020-09-24	13.09	13.09	13.09	13.09	0
192	2020-09-25	13.09	13.09	13.09	13.09	0
193	2020-09-28	13.09	13.09	13.09	13.09	0
194	2020-09-29	11.18	11.18	11.18	11.18	400
195	2020-09-30	11.18	12.37	11.18	12.37	347
196	2020-10-01	11.97	12.37	12.37	12.37	0
197	2020-10-02	11.97	12.37	12.37	12.37	0
198	2020-10-05	11.97	12.37	12.37	12.37	0
199	2020-10-06	11.97	12.37	12.37	12.37	0
200	2020-10-07	12.56	12.56	12.56	12.56	100
201	2020-10-08	12.56	12.56	12.56	12.56	0
202	2020-10-09	12.56	12.56	12.56	12.56	0
203	2020-10-12	13.02	13.02	13.02	13.02	100
204	2020-10-13	13.02	13.02	13.02	13.02	0
205	2020-10-14	13.02	13.02	13.02	13.02	0
206	2020-10-15	13.02	13.02	13.02	13.02	0
207	2020-10-16	13.02	13.02	13.02	13.02	0
208	2020-10-19	13.02	13.02	13.02	13.02	0
209	2020-10-20	13.02	13.02	13.02	13.02	0
210	2020-10-21	13.02	13.02	13.02	13.02	0
211	2020-10-22	11.84	11.84	11.84	11.84	100
212	2020-10-23	11.84	11.84	11.84	11.84	0
213	2020-10-26	11.84	11.84	11.84	11.84	0
214	2020-10-27	11.84	11.84	11.84	11.84	0
215	2020-10-28	12.76	12.76	12.76	12.76	100
216	2020-10-29	12.76	12.76	12.76	12.76	0
217	2020-10-30	12.76	12.76	12.76	12.76	0
218	2020-11-02	12.76	12.76	12.76	12.76	0
219	2020-11-03	12.76	12.76	12.76	12.76	0
220	2020-11-04	12.76	12.76	12.76	12.76	0
221	2020-11-05	12.76	12.76	12.76	12.76	0
222	2020-11-06	12.76	12.76	12.76	12.76	0
223	2020-11-09	11.44	12.37	11.44	12.37	300
224	2020-11-10	12.04	12.37	12.37	12.37	0
225	2020-11-11	12.04	12.37	12.37	12.37	0
226	2020-11-12	12.04	12.37	12.37	12.37	0
227	2020-11-13	12.04	12.37	12.37	12.37	0
228	2020-11-16	12.04	12.37	12.37	12.37	0
229	2020-11-17	12.04	12.37	12.37	12.37	0
230	2020-11-18	12.04	12.37	12.37	12.37	0
231	2020-11-19	12.04	12.37	12.37	12.37	0
232	2020-11-20	11.97	12.04	11.97	12.04	300
233	2020-11-23	11.97	12.04	12.04	12.04	0
234	2020-11-24	11.97	12.04	12.04	12.04	0
235	2020-11-25	12.63	12.63	12.63	12.63	100
236	2020-11-26	12.63	12.63	12.63	12.63	0
237	2020-11-27	11.18	11.18	11.12	11.12	2300
238	2020-11-30	11.18	11.12	11.12	11.12	0
239	2020-12-01	11.18	11.18	11.18	11.18	1400
240	2020-12-02	11.18	11.18	11.18	11.18	100
241	2020-12-03	11.18	11.18	11.18	11.18	0
242	2020-12-04	11.18	11.18	11.18	11.18	0
243	2020-12-07	11.18	11.18	11.18	11.18	0
244	2020-12-08	10.85	10.85	10.85	10.85	1000
245	2020-12-09	10.85	10.85	10.85	10.85	0
246	2020-12-10	10.85	10.85	10.85	10.85	0
247	2020-12-11	10.85	10.85	10.85	10.85	0
248	2020-12-14	9.67	9.67	9.67	9.67	100
249	2020-12-15	9.67	9.67	9.67	9.67	0
250	2020-12-16	9.67	9.67	9.67	9.67	0
251	2020-12-17	9.67	9.67	9.67	9.67	0
252	2020-12-18	9.67	9.67	9.67	9.67	0
253	2020-12-21	9.67	9.67	9.67	9.67	0
254	2020-12-22	8.48	8.48	8.48	8.48	100
255	2020-12-23	8.48	8.48	8.48	8.48	0
256	2020-12-24	8.48	8.48	8.48	8.48	0
257	2020-12-25	8.48	8.48	8.48	8.48	0
258	2020-12-28	8.48	8.48	8.48	8.48	0
259	2020-12-29	8.48	8.48	8.48	8.48	0
260	2020-12-30	8.48	8.48	8.48	8.48	0
261	2020-12-31	8.48	8.48	8.48	8.48	0
262	2021-01-04	8.48	8.48	8.48	8.48	0
263	2021-01-05	8.48	8.48	8.48	8.48	0
264	2021-01-06	8.48	8.48	8.48	8.48	0
265	2021-01-07	8.48	8.48	8.48	8.48	0
266	2021-01-08	8.48	8.48	8.48	8.48	0
267	2021-01-11	8.48	8.48	8.48	8.48	0
268	2021-01-12	8.48	8.48	8.48	8.48	0
269	2021-01-13	9.73	9.73	9.73	9.73	149
270	2021-01-14	11.18	11.18	11.18	11.18	300
271	2021-01-15	11.18	11.18	11.18	11.18	0
272	2021-01-18	11.18	11.18	11.18	11.18	0
273	2021-01-19	10.85	10.85	10.85	10.85	200
274	2021-01-20	10.66	10.66	10.66	10.66	300
275	2021-01-21	10.52	10.52	10.52	10.52	100
276	2021-01-22	10.52	10.52	10.52	10.52	0
277	2021-01-25	10.52	10.52	10.52	10.52	0
278	2021-01-26	11.97	11.97	11.97	11.97	1500
279	2021-01-27	11.05	11.05	11.05	11.05	100
280	2021-01-28	11.05	11.05	11.05	11.05	0
281	2021-01-29	11.05	11.05	11.05	11.05	1000
282	2021-02-01	11.05	11.05	11.05	11.05	0
283	2021-02-02	12.43	12.43	12.43	12.43	100
284	2021-02-03	11.84	12.17	11.64	12.17	1200
285	2021-02-04	11.97	11.97	11.97	11.97	100
286	2021-02-05	11.97	11.97	11.97	11.97	0
287	2021-02-08	10.59	10.59	10.59	10.59	100
288	2021-02-09	10.59	10.59	10.59	10.59	0
289	2021-02-17	11.97	11.97	11.44	11.44	300
290	2021-02-18	11.77	12.17	11.71	12.17	1100
291	2021-02-19	11.9	11.9	11.9	11.9	100
292	2021-02-22	11.9	12.17	11.9	12.17	500
293	2021-02-23	12.1	12.17	12.17	12.17	0
294	2021-02-24	12.1	12.1	12.1	12.17	49
295	2021-02-25	12.1	12.17	12.17	12.17	0
296	2021-02-26	12.1	12.17	12.17	12.17	0
297	2021-03-01	12.1	12.17	12.17	12.17	0
298	2021-03-02	12.1	12.17	12.17	12.17	0
299	2021-03-03	12.1	12.1	12.1	12.17	49
300	2021-03-04	12.1	12.17	12.17	12.17	0
301	2021-03-05	12.1	12.17	12.17	12.17	0
302	2021-03-08	12.1	12.17	12.17	12.17	0
303	2021-03-09	12.17	13.15	12.17	13.15	1100
304	2021-03-10	13.09	13.15	13.15	13.15	0
305	2021-03-11	13.09	13.15	13.15	13.15	0
306	2021-03-12	13.09	13.15	13.15	13.15	0
307	2021-03-15	13.09	13.15	13.15	13.15	0
308	2021-03-16	13.09	13.15	13.15	13.15	0
309	2021-03-17	13.09	13.15	13.15	13.15	0
310	2021-03-18	13.09	13.09	13.09	13.15	49
311	2021-03-19	13.09	13.15	13.15	13.15	0
312	2021-03-22	11.84	11.84	11.58	11.58	2000
313	2021-03-23	12.1	12.1	12.1	12.1	1049
314	2021-03-24	12.1	12.1	12.1	12.1	0
315	2021-03-25	12.17	12.17	12.17	12.17	200
316	2021-03-26	10.85	10.85	10.85	10.85	500
317	2021-03-29	11.38	11.38	11.38	11.38	100
318	2021-03-30	11.38	11.38	11.38	11.38	0
319	2021-03-31	11.84	11.97	11.84	11.97	1000
320	2021-04-01	11.97	11.97	11.97	11.97	0
321	2021-04-02	11.97	11.97	11.97	11.97	0
322	2021-04-05	12.17	12.3	12.17	12.3	1500
323	2021-04-06	13.15	13.15	12.3	12.3	300
324	2021-04-07	12.89	12.3	12.3	12.3	0
325	2021-04-08	13.81	13.81	13.81	13.81	2500
326	2021-04-09	13.81	13.81	13.81	13.81	0
327	2021-04-12	13.81	13.81	13.81	13.81	0
328	2021-04-13	11.84	11.84	11.84	11.84	2500
329	2021-04-14	10.26	13.15	10.26	13.15	700
330	2021-04-15	11.97	11.97	11.97	11.97	1100
331	2021-04-16	11.97	11.97	11.97	11.97	0
332	2021-04-19	11.97	11.97	11.97	11.97	200
333	2021-04-20	11.97	11.97	11.97	11.97	0
334	2021-04-22	11.97	11.97	11.97	11.97	0
335	2021-04-23	11.97	11.97	11.97	11.97	0
336	2021-04-26	11.97	11.97	11.97	11.97	0
337	2021-04-27	11.97	11.97	11.97	11.97	0
338	2021-04-28	11.97	11.97	11.97	11.97	0
339	2021-04-29	11.97	11.97	11.97	11.97	0
340	2021-05-04	11.97	11.97	11.97	11.97	0
341	2021-05-05	11.97	11.97	11.97	11.97	0
342	2021-05-06	11.84	11.84	11.84	11.84	100
343	2021-05-07	11.84	11.84	11.84	11.84	0
344	2021-05-10	11.84	11.84	11.84	11.84	0
345	2021-05-11	11.84	11.84	11.84	11.84	0
346	2021-05-12	12.5	12.63	12.5	12.63	3000
347	2021-05-13	12.63	12.63	12.63	12.63	0
348	2021-05-14	12.63	12.63	12.63	12.63	0
349	2021-05-17	11.44	11.44	11.44	11.44	2600
350	2021-05-18	11.44	12.17	11.18	12.17	500
351	2021-05-19	11.51	12.17	12.17	12.17	0
352	2021-05-20	11.51	12.17	12.17	12.17	0
353	2021-05-21	11.51	12.17	12.17	12.17	0
354	2021-05-24	10.26	11.84	10.26	11.84	300
355	2021-05-25	10.79	11.84	11.84	11.84	0
356	2021-05-26	10.79	11.84	11.84	11.84	0
357	2021-05-27	10.79	11.84	11.84	11.84	0
358	2021-05-28	10.79	11.84	11.84	11.84	0
359	2021-05-31	10.79	11.84	11.84	11.84	0
360	2021-06-01	10.79	11.84	11.84	11.84	0
361	2021-06-02	11.84	11.84	11.84	11.84	500
362	2021-06-03	11.84	11.84	11.84	11.84	0
363	2021-06-04	11.84	11.84	11.84	11.84	100
364	2021-06-07	12.54	12.54	12.54	12.54	700
365	2021-06-08	14.42	14.42	14.42	14.42	100
366	2021-06-09	14.42	14.42	14.42	14.42	0
367	2021-06-10	14.42	14.42	14.42	14.42	0
368	2021-06-11	14.42	14.42	14.42	14.42	0
369	2021-06-14	14.42	14.42	14.42	14.42	0
370	2021-06-15	12.33	12.33	12.33	12.33	100
371	2021-06-16	11.84	11.84	10.52	10.52	600
372	2021-06-17	10.8	10.8	10.52	10.52	200
373	2021-06-18	10.66	10.52	10.52	10.52	0
374	2021-06-21	10.66	10.52	10.52	10.52	0
375	2021-06-22	11.84	11.84	11.77	11.77	200
376	2021-06-23	11.77	11.77	11.14	11.14	200
377	2021-06-24	11.49	11.14	11.14	11.14	0
378	2021-06-25	11.49	11.14	11.14	11.14	0
379	2021-06-28	11.49	11.14	11.14	11.14	0
380	2021-06-29	11.49	11.14	11.14	11.14	0
381	2021-06-30	11.49	11.14	11.14	11.14	0
382	2021-07-01	12.88	12.88	12.88	12.88	100
383	2021-07-02	12.88	12.88	12.88	12.88	0
384	2021-07-05	12.88	12.88	12.88	12.88	0
385	2021-07-06	12.88	12.88	12.88	12.88	0
386	2021-07-07	12.88	12.88	12.88	12.88	0
387	2021-07-08	12.88	12.88	12.88	12.88	0
388	2021-07-09	12.88	12.88	12.88	12.88	0
389	2021-07-12	12.88	12.88	12.88	12.88	0
390	2021-07-13	12.88	12.88	12.88	12.88	0
391	2021-07-14	13.23	13.23	13.23	13.23	100
392	2021-07-15	13.23	13.23	13.23	13.23	0
393	2021-07-16	13.23	13.23	13.23	13.23	0
394	2021-07-19	13.23	13.23	13.23	13.23	0
395	2021-07-20	13.23	13.23	13.23	13.23	0
396	2021-07-21	13.23	13.23	13.23	13.23	0
397	2021-07-22	13.23	13.23	13.23	13.23	0
398	2021-07-23	13.23	13.23	13.23	13.23	0
399	2021-07-26	13.23	13.23	13.23	13.23	0
400	2021-07-27	13.23	13.23	13.23	13.23	0
401	2021-07-28	13.23	13.23	13.23	13.23	0
402	2021-07-29	13.23	13.23	13.23	13.23	0
403	2021-07-30	13.23	13.23	13.23	13.23	0
404	2021-08-02	13.23	13.23	13.23	13.23	0
405	2021-08-03	13.23	13.23	13.23	13.23	0
406	2021-08-04	13.23	13.23	13.23	13.23	0
407	2021-08-05	12.19	12.19	12.19	12.19	100
408	2021-08-06	12.19	12.19	12.19	12.19	0
409	2021-08-09	12.19	12.19	12.19	12.19	0
410	2021-08-10	12.4	12.4	12.4	12.4	100
411	2021-08-11	12.4	12.4	12.4	12.4	0
412	2021-08-12	12.4	12.4	12.4	12.4	200
413	2021-08-13	12.19	12.19	12.19	12.19	100
414	2021-08-16	12.19	12.19	12.19	12.19	0
415	2021-08-17	12.19	12.19	12.19	12.19	0
416	2021-08-18	12.19	12.19	12.19	12.19	0
417	2021-08-19	12.19	12.19	12.19	12.19	0
418	2021-08-20	12.19	12.19	12.19	12.19	0
419	2021-08-23	11.84	11.84	11.84	11.84	600
420	2021-08-24	11.84	11.84	11.84	11.84	0
421	2021-08-25	11.84	11.84	11.84	11.84	0
422	2021-08-26	11.84	11.84	11.84	11.84	0
423	2021-08-27	10.1	10.1	10.1	10.1	100
424	2021-08-30	10.52	10.52	10.52	10.52	200
425	2021-08-31	10.52	10.52	10.52	10.52	0
426	2021-09-01	11.84	11.84	11.84	11.84	100
427	2021-09-06	10.52	11.77	10.52	11.77	500
428	2021-09-07	9.89	9.89	9.89	9.89	100
429	2021-09-08	11.28	11.28	11.28	11.28	100
430	2021-09-09	9.61	9.61	9.61	9.61	100
431	2021-09-10	9.96	11.0	9.96	11.0	200
432	2021-09-13	10.52	10.52	10.52	10.52	0
433	2021-09-14	9.05	12.05	9.05	12.05	200
434	2021-09-15	10.59	10.59	10.59	10.59	0
435	2021-09-16	11.98	11.98	11.98	11.98	100
436	2021-09-17	10.24	10.24	10.24	10.24	100
437	2021-09-20	11.77	11.77	11.77	11.77	200
438	2021-09-21	11.77	11.77	11.77	11.77	0
439	2021-09-22	11.77	11.77	11.77	11.77	0
440	2021-09-23	11.77	11.77	11.77	11.77	0
441	2021-09-24	11.77	11.77	11.77	11.77	0
442	2021-09-27	11.77	11.77	11.77	11.77	0
443	2021-09-28	11.77	11.77	11.77	11.77	0
444	2021-09-29	11.77	11.77	11.77	11.77	0
445	2021-09-30	11.77	11.77	11.77	11.77	100
446	2021-10-01	11.77	11.77	11.77	11.77	0
447	2021-10-04	11.77	11.77	11.77	11.77	0
448	2021-10-05	11.84	11.84	11.84	11.84	1000
449	2021-10-06	11.84	11.84	11.84	11.84	0
450	2021-10-07	11.84	11.84	11.84	11.84	0
451	2021-10-08	11.84	11.84	11.84	11.84	100
452	2021-10-11	11.84	11.84	11.84	11.84	0
453	2021-10-12	11.84	11.84	11.84	11.84	0
454	2021-10-13	11.84	11.84	11.84	11.84	0
455	2021-10-14	11.84	11.84	11.84	11.84	0
456	2021-10-15	12.19	12.19	12.19	12.19	100
457	2021-10-18	12.19	12.19	12.19	12.19	0
458	2021-10-19	12.19	12.19	12.19	12.19	0
459	2021-10-20	12.19	12.19	12.19	12.19	0
460	2021-10-21	10.38	10.38	10.38	10.38	100
461	2021-10-22	10.38	10.38	10.38	10.38	0
462	2021-10-25	11.91	11.91	11.91	11.91	2200
463	2021-10-26	12.19	12.47	12.19	12.47	5100
464	2021-10-27	12.47	12.47	12.47	12.47	300
465	2021-10-28	12.47	12.47	12.47	12.47	1000
466	2021-10-29	12.47	12.47	12.47	12.47	1100
467	2021-11-01	12.47	12.47	12.47	12.47	1800
468	2021-11-02	11.49	11.49	11.49	11.49	100
469	2021-11-03	11.56	11.56	10.45	10.45	200
470	2021-11-04	10.45	10.45	10.45	10.45	800
471	2021-11-05	11.98	11.98	11.98	11.98	400
472	2021-11-08	12.54	12.54	12.54	12.54	100
473	2021-11-09	12.33	13.93	12.26	13.16	2300
474	2021-11-10	12.81	12.81	12.81	12.81	0
475	2021-11-11	12.81	12.81	12.81	12.81	0
476	2021-11-12	11.84	11.84	11.84	11.84	600
477	2021-11-15	11.84	11.84	11.84	11.84	0
478	2021-11-16	11.84	12.54	11.84	12.54	600
479	2021-11-17	12.4	12.4	12.4	12.4	0
480	2021-11-18	12.19	12.19	12.19	12.19	100
481	2021-11-19	11.84	11.84	11.84	11.84	600
482	2021-11-22	11.84	11.84	11.84	11.84	0
483	2021-11-23	11.84	11.84	11.84	11.84	0
484	2021-11-24	11.84	11.84	11.84	11.84	0
485	2021-11-25	11.84	11.84	11.84	11.84	0
486	2021-11-26	11.84	11.84	11.84	11.84	0
487	2021-11-29	12.54	12.54	12.54	12.54	500
488	2021-11-30	12.54	12.54	12.54	12.54	100
489	2021-12-01	12.54	12.54	12.54	12.54	0
490	2021-12-02	11.14	12.47	11.14	12.47	400
491	2021-12-03	12.12	12.12	12.12	12.12	0
492	2021-12-06	12.12	12.12	12.12	12.12	0
493	2021-12-07	12.33	12.88	12.33	12.88	3600
494	2021-12-08	12.61	12.61	12.61	12.61	0
495	2021-12-09	12.61	12.68	12.61	12.68	2000
496	2021-12-10	12.88	12.88	12.88	12.88	1200
497	2021-12-13	13.93	14.76	13.93	14.76	5000
498	2021-12-14	13.58	13.58	13.23	13.23	1800
499	2021-12-15	13.37	13.37	13.37	13.37	0
500	2021-12-16	13.37	13.37	13.23	13.23	2000
501	2021-12-17	13.58	13.65	13.58	13.58	1600
502	2021-12-20	13.65	13.65	13.65	13.65	0
503	2021-12-21	13.58	13.58	13.58	13.58	100
504	2021-12-22	13.23	13.23	13.23	13.23	1000
505	2021-12-23	12.88	14.63	12.88	14.63	1500
506	2021-12-24	13.58	13.58	13.58	13.58	2000
507	2021-12-27	13.23	15.46	13.23	15.46	800
508	2021-12-28	14.07	14.07	14.07	14.07	0
509	2021-12-29	14.07	14.07	14.07	14.07	0
510	2021-12-30	11.98	11.98	11.98	11.98	500
511	2021-12-31	13.58	13.58	13.58	13.58	100
512	2022-01-04	13.58	13.58	12.88	13.58	2500
513	2022-01-05	12.88	12.88	12.88	12.88	500
514	2022-01-06	13.51	13.51	13.23	13.23	2100
515	2022-01-07	13.51	13.51	13.51	13.51	100
516	2022-01-10	13.51	13.51	13.51	13.51	0
517	2022-01-11	13.51	13.51	13.23	13.23	1100
518	2022-01-12	13.58	13.58	13.23	13.23	1200
519	2022-01-13	13.44	13.44	13.44	13.44	0
520	2022-01-14	13.44	13.44	13.44	13.44	0
521	2022-01-17	13.44	13.58	13.44	13.58	1500
522	2022-01-18	13.51	13.51	13.51	13.51	0
523	2022-01-19	13.51	13.51	13.23	13.23	2500
524	2022-01-20	13.51	13.51	13.51	13.51	1300
525	2022-01-21	13.51	13.51	13.51	13.51	0
526	2022-01-24	12.88	12.88	12.88	12.88	1000
527	2022-01-25	12.19	12.19	12.19	12.19	1000
528	2022-01-26	12.19	12.54	11.84	11.84	400
529	2022-01-27	12.12	12.12	12.12	12.12	0
530	2022-01-28	12.12	12.12	12.12	12.12	0
531	2022-02-07	12.12	12.12	12.12	12.12	0
532	2022-02-08	12.12	12.12	12.12	12.12	0
533	2022-02-09	13.44	13.44	13.44	13.44	100
534	2022-02-10	13.44	13.44	13.44	13.44	0
535	2022-02-11	13.37	13.44	13.23	13.23	4700
536	2022-02-14	13.3	13.3	13.3	13.3	2500
537	2022-02-15	13.3	13.3	13.3	13.3	0
538	2022-02-16	12.88	13.51	12.88	13.51	700
539	2022-02-17	12.95	12.95	12.95	12.95	0
540	2022-02-18	13.23	13.23	13.23	13.23	200
541	2022-02-21	13.23	13.23	13.23	13.23	0
542	2022-02-22	13.23	13.23	13.23	13.23	200
543	2022-02-23	12.88	12.88	12.54	12.54	1600
544	2022-02-24	12.19	12.19	12.19	12.19	1600
545	2022-02-25	12.19	12.19	12.19	12.19	0
546	2022-02-28	12.19	12.19	12.19	12.19	25
547	2022-03-01	12.19	12.19	12.19	12.19	0
548	2022-03-02	13.58	13.58	13.58	13.58	100
549	2022-03-03	13.58	13.58	13.58	13.58	0
550	2022-03-04	13.58	13.58	12.54	12.54	900
551	2022-03-07	13.58	13.93	13.58	13.93	1200
552	2022-03-08	13.72	13.72	13.72	13.72	0
553	2022-03-09	13.72	13.72	13.72	13.72	0
554	2022-03-10	13.58	13.58	13.23	13.23	1300
555	2022-03-11	13.44	13.44	13.44	13.44	700
556	2022-03-14	13.44	13.44	13.44	13.44	0
557	2022-03-15	13.44	13.44	13.44	13.44	0
558	2022-03-16	13.44	13.44	13.44	13.44	100
559	2022-03-17	13.23	13.23	13.23	13.23	100
560	2022-03-18	14.0	14.0	13.44	13.44	1500
561	2022-03-21	13.79	13.79	13.79	13.79	0
562	2022-03-22	13.79	13.79	13.79	13.79	0
563	2022-03-23	13.79	13.79	13.79	13.79	0
564	2022-03-24	13.79	13.79	13.79	13.79	0
565	2022-03-25	13.79	13.79	13.79	13.79	0
566	2022-03-28	13.79	13.79	13.79	13.79	0
567	2022-03-29	13.79	13.79	13.79	13.79	0
568	2022-03-30	13.79	13.79	13.79	13.79	0
569	2022-03-31	13.79	13.79	13.79	13.79	0
570	2022-04-01	13.79	13.79	13.79	13.79	0
571	2022-04-04	13.79	13.79	13.79	13.79	0
572	2022-04-05	13.79	13.79	13.79	13.79	0
573	2022-04-06	13.79	13.79	13.79	13.79	0
574	2022-04-07	13.79	13.79	13.79	13.79	0
575	2022-04-08	13.79	13.79	13.79	13.79	0
576	2022-04-12	13.79	13.79	13.79	13.79	0
577	2022-04-13	13.79	13.79	13.79	13.79	0
578	2022-04-14	13.79	13.79	13.79	13.79	0
579	2022-04-15	13.79	13.79	13.79	13.79	0
580	2022-04-18	13.79	13.79	13.79	13.79	0
581	2022-04-19	13.79	13.79	13.79	13.79	0
582	2022-04-20	13.79	13.79	13.79	13.79	0
583	2022-04-21	13.79	13.79	13.79	13.79	0
584	2022-04-22	13.79	13.79	13.79	13.79	0
585	2022-04-25	13.79	13.79	13.79	13.79	0
586	2022-04-26	13.79	13.79	13.79	13.79	0
587	2022-04-27	13.79	13.79	13.79	13.79	0
588	2022-04-28	13.79	13.79	13.79	13.79	0
589	2022-04-29	13.79	13.79	13.79	13.79	0
590	2022-05-04	13.79	13.79	13.79	13.79	0
591	2022-05-05	13.79	13.79	13.79	13.79	0
592	2022-05-06	13.79	13.79	13.79	13.79	0
593	2022-05-09	13.79	13.79	13.79	13.79	300
594	2022-05-10	13.79	13.79	13.79	13.79	0
595	2022-05-11	13.79	13.79	13.79	13.79	0
596	2022-05-12	13.79	13.79	13.79	13.79	0
597	2022-05-13	13.79	13.79	13.79	13.79	0
598	2022-05-16	14.92	14.92	14.92	14.92	200
599	2022-05-17	14.92	14.92	14.92	14.92	0
600	2022-05-18	15.07	15.07	15.07	15.07	100
601	2022-05-19	15.07	15.07	15.07	15.07	0
602	2022-05-20	15.07	15.07	15.07	15.07	600
603	2022-05-23	14.69	14.69	14.69	14.69	200
604	2022-05-24	14.69	14.69	14.69	14.69	0
605	2022-05-25	14.69	14.69	14.69	14.69	300
606	2022-05-26	14.69	14.69	14.69	14.69	0
607	2022-05-27	14.69	14.69	14.69	14.69	0
608	2022-05-30	14.85	14.85	14.69	14.69	800
609	2022-05-31	14.69	14.69	14.69	14.69	200
610	2022-06-01	14.69	14.69	14.69	14.69	0
611	2022-06-02	14.69	14.69	14.69	14.69	0
612	2022-06-03	14.69	14.69	14.69	14.69	0
613	2022-06-06	14.69	14.69	14.69	14.69	0
614	2022-06-07	14.69	14.69	14.69	14.69	0
615	2022-06-08	14.69	14.69	14.69	14.69	25
616	2022-06-09	14.69	14.69	14.69	14.69	0
617	2022-06-10	14.69	14.69	14.69	14.69	0
618	2022-06-13	14.69	14.69	14.69	14.69	2000
619	2022-06-14	14.69	14.69	14.69	14.69	0
620	2022-06-15	14.69	14.69	14.69	14.69	4900
621	2022-06-16	14.69	14.69	14.69	14.69	0
622	2022-06-17	14.69	14.69	14.69	14.69	0
623	2022-06-20	14.62	14.62	14.62	14.62	2100
624	2022-06-21	14.62	14.62	14.62	14.62	0
625	2022-06-22	14.62	14.62	14.62	14.62	0
626	2022-06-23	14.62	14.62	14.62	14.62	0
627	2022-06-24	14.62	14.62	14.62	14.62	1
628	2022-06-27	14.62	14.62	14.62	14.62	0
629	2022-06-28	14.62	14.62	14.62	14.62	0
630	2022-06-29	14.62	14.62	14.62	14.62	0
631	2022-06-30	14.62	14.62	14.62	14.62	0
632	2022-07-01	14.62	14.62	14.62	14.62	0
633	2022-07-04	14.62	14.62	14.62	14.62	0
634	2022-07-05	14.62	14.62	14.62	14.62	0
635	2022-07-06	14.62	14.62	14.62	14.62	0
636	2022-07-07	14.62	14.62	14.62	14.62	0
637	2022-07-08	14.62	14.62	14.62	14.62	0
638	2022-07-11	14.62	14.62	14.62	14.62	0
639	2022-07-12	14.62	14.62	14.62	14.62	0
640	2022-07-13	14.62	14.62	14.62	14.62	0
641	2022-07-14	14.62	14.62	14.62	14.62	0
642	2022-07-15	14.62	14.62	14.62	14.62	0
643	2022-07-18	14.62	14.62	14.62	14.62	0
644	2022-07-19	14.62	14.62	14.62	14.62	0
645	2022-07-20	14.62	14.62	14.62	14.62	0
646	2022-07-21	14.62	14.62	14.62	14.62	0
647	2022-07-22	14.62	14.62	14.62	14.62	0
648	2022-07-25	14.62	14.62	14.62	14.62	0
649	2022-07-26	14.62	14.62	14.62	14.62	0
650	2022-07-27	14.62	14.62	14.62	14.62	0
651	2022-07-28	14.62	14.62	14.62	14.62	0
652	2022-07-29	14.62	14.62	14.62	14.62	0
653	2022-08-01	14.62	14.62	14.62	14.62	0
654	2022-08-02	14.62	14.62	14.62	14.62	0
655	2022-08-03	16.8	16.8	16.8	16.8	900
656	2022-08-04	16.8	16.8	16.8	16.8	0
657	2022-08-05	16.8	16.8	16.8	16.8	0
658	2022-08-08	16.8	16.8	16.8	16.8	0
659	2022-08-09	16.8	16.8	16.8	16.8	0
660	2022-08-10	16.8	16.8	16.8	16.8	0
661	2022-08-11	16.8	16.8	16.8	16.8	0
662	2022-08-12	16.8	16.8	16.8	16.8	0
663	2022-08-15	16.8	16.8	16.8	16.8	0
664	2022-08-16	16.8	16.8	16.8	16.8	0
665	2022-08-17	16.8	16.8	16.8	16.8	0
666	2022-08-18	16.8	16.8	16.8	16.8	0
667	2022-08-19	16.8	16.8	16.8	16.8	0
668	2022-08-22	16.8	16.8	16.8	16.8	0
669	2022-08-23	16.8	16.8	16.8	16.8	0
670	2022-08-24	16.8	16.8	16.8	16.8	0
671	2022-08-25	16.8	16.8	16.8	16.8	0
672	2022-08-26	16.8	16.8	16.8	16.8	0
673	2022-08-29	16.8	16.8	16.8	16.8	0
674	2022-08-30	16.8	16.8	16.8	16.8	0
675	2022-08-31	16.8	16.8	16.8	16.8	0
676	2022-09-05	14.32	14.32	14.32	14.32	4900
677	2022-09-06	14.32	14.32	14.32	14.32	0
678	2022-09-07	14.32	14.32	14.32	14.32	0
679	2022-09-08	14.32	14.32	14.32	14.32	0
680	2022-09-09	14.32	14.32	14.32	14.32	0
681	2022-09-12	14.32	14.32	14.32	14.32	0
682	2022-09-13	14.32	14.32	14.32	14.32	0
683	2022-09-14	14.32	14.32	14.32	14.32	0
684	2022-09-15	14.32	14.32	14.32	14.32	0
685	2022-09-16	14.32	14.32	14.32	14.32	0
686	2022-09-19	14.32	14.32	14.32	14.32	0
687	2022-09-20	14.32	14.32	14.32	14.32	0
688	2022-09-21	14.32	14.32	14.32	14.32	0
689	2022-09-22	14.32	14.32	14.32	14.32	0
690	2022-09-23	14.32	14.32	14.32	14.32	0
691	2022-09-26	14.32	14.32	14.32	14.32	0
692	2022-09-27	14.32	14.32	14.32	14.32	0
693	2022-09-28	14.32	14.32	14.32	14.32	0
694	2022-09-29	12.21	12.21	12.21	12.21	20000
695	2022-09-30	12.21	12.21	12.21	12.21	0
696	2022-10-03	12.21	12.21	12.21	12.21	0
697	2022-10-04	12.21	12.21	12.21	12.21	0
698	2022-10-05	12.21	12.21	12.21	12.21	0
699	2022-10-06	12.21	12.21	12.21	12.21	0
700	2022-10-07	12.21	12.21	12.21	12.21	0
701	2022-10-10	12.21	12.21	12.21	12.21	0
702	2022-10-11	12.21	12.21	12.21	12.21	0
703	2022-10-12	12.21	12.21	12.21	12.21	0
704	2022-10-13	12.21	12.21	12.21	12.21	0
705	2022-10-14	12.21	12.21	12.21	12.21	0
706	2022-10-17	12.21	12.21	12.21	12.21	0
707	2022-10-18	12.21	12.21	12.21	12.21	0
708	2022-10-19	12.21	12.21	12.21	12.21	0
709	2022-10-20	13.56	13.56	13.56	13.56	3800
710	2022-10-21	13.56	13.56	13.56	13.56	0
711	2022-10-24	13.56	13.56	13.56	13.56	0
712	2022-10-25	13.56	13.56	13.56	13.56	0
713	2022-10-26	13.56	13.56	13.56	13.56	0
714	2022-10-27	13.56	13.56	13.56	13.56	0
715	2022-10-28	13.56	13.56	13.56	13.56	0
716	2022-10-31	13.56	13.56	13.56	13.56	0
717	2022-11-01	13.56	13.56	13.56	13.56	0
718	2022-11-02	13.56	13.56	13.56	13.56	0
719	2022-11-03	13.56	13.56	13.56	13.56	0
720	2022-11-04	13.56	13.56	13.56	13.56	0
721	2022-11-07	13.56	13.56	13.56	13.56	0
722	2022-11-08	13.56	13.56	13.56	13.56	0
723	2022-11-09	15.07	15.07	15.07	15.07	8400
724	2022-11-10	15.07	15.07	15.07	15.07	2000
725	2022-11-11	15.07	15.07	15.07	15.07	0
726	2022-11-14	14.69	14.69	14.32	14.32	2800
727	2022-11-15	14.62	14.62	14.62	14.62	0
728	2022-11-16	14.62	14.62	14.62	14.62	0
729	2022-11-17	14.62	14.62	14.62	14.62	0
730	2022-11-18	14.62	14.62	14.62	14.62	0
731	2022-11-21	14.62	14.62	14.62	14.62	0
732	2022-11-22	14.62	14.62	14.62	14.62	0
733	2022-11-23	14.62	14.62	14.62	14.62	0
734	2022-11-24	14.62	14.62	14.62	14.62	1
735	2022-11-25	14.62	14.62	14.62	14.62	0
736	2022-11-28	14.62	14.62	14.62	14.62	0
737	2022-11-29	14.62	14.62	14.62	14.62	0
738	2022-11-30	14.62	14.62	14.62	14.62	0
739	2022-12-01	14.62	14.62	14.62	14.62	0
740	2022-12-02	14.62	14.62	14.62	14.62	0
741	2022-12-05	14.62	14.62	14.62	14.62	0
742	2022-12-06	14.62	14.62	14.62	14.62	0
743	2022-12-07	14.62	14.62	14.62	14.62	0
744	2022-12-08	14.62	14.62	14.62	14.62	0
745	2022-12-09	14.62	14.62	14.62	14.62	0
746	2022-12-12	14.62	14.62	14.62	14.62	0
747	2022-12-13	14.62	14.62	14.62	14.62	0
748	2022-12-14	14.62	14.62	14.62	14.62	0
749	2022-12-15	14.62	14.62	14.62	14.62	0
750	2022-12-16	14.62	14.62	14.62	14.62	0
751	2022-12-19	14.62	14.62	14.62	14.62	0
752	2022-12-20	14.62	14.62	14.62	14.62	0
753	2022-12-21	14.62	14.62	14.62	14.62	0
754	2022-12-22	14.62	14.62	14.62	14.62	0
755	2022-12-23	14.62	14.62	14.62	14.62	0
756	2022-12-26	14.62	14.62	14.62	14.62	0
757	2022-12-27	14.62	14.62	14.62	14.62	0
758	2022-12-28	14.62	14.62	14.62	14.62	0
759	2022-12-29	14.62	14.62	14.62	14.62	0
760	2022-12-30	14.62	14.62	14.62	14.62	0
761	2023-01-03	14.62	14.62	14.62	14.62	0
762	2023-01-04	14.62	14.62	14.62	14.62	0
763	2023-01-05	14.62	14.62	14.62	14.62	0
764	2023-01-06	14.62	14.62	14.62	14.62	0
765	2023-01-09	14.62	14.62	14.62	14.62	0
766	2023-01-10	14.62	14.62	14.62	14.62	0
767	2023-01-11	14.62	14.62	14.62	14.62	0
768	2023-01-12	14.62	14.62	14.62	14.62	0
769	2023-01-13	14.62	14.62	14.62	14.62	0
770	2023-01-16	14.62	14.62	14.62	14.62	0
771	2023-01-17	14.62	14.62	14.62	14.62	0
772	2023-01-18	14.62	14.62	14.62	14.62	0
773	2023-01-19	14.62	14.62	14.62	14.62	0
774	2023-01-27	14.62	14.62	14.62	14.62	0
775	2023-01-30	14.62	14.62	14.62	14.62	0
776	2023-01-31	14.62	14.62	14.62	14.62	0
777	2023-02-01	14.62	14.62	14.62	14.62	0
778	2023-02-02	14.62	14.62	14.62	14.62	0
779	2023-02-03	14.62	14.62	14.62	14.62	0
780	2023-02-06	14.62	14.62	14.62	14.62	0
781	2023-02-07	14.62	14.62	14.62	14.62	0
782	2023-02-08	14.62	14.62	14.62	14.62	0
783	2023-02-09	14.62	14.62	14.62	14.62	0
784	2023-02-10	14.62	14.62	14.62	14.62	0
785	2023-02-13	14.62	14.62	14.62	14.62	0
786	2023-02-14	14.62	14.62	14.62	14.62	0
787	2023-02-15	14.62	14.62	14.62	14.62	0
788	2023-02-16	14.62	14.62	14.62	14.62	0
789	2023-02-17	14.62	14.62	14.62	14.62	0
790	2023-02-20	14.62	14.62	14.62	14.62	0
791	2023-02-21	14.62	14.62	14.62	14.62	0
792	2023-02-22	14.62	14.62	14.62	14.62	0
793	2023-02-23	14.62	14.62	14.62	14.62	0
794	2023-02-24	14.62	14.62	14.62	14.62	0
795	2023-02-27	14.62	14.62	14.62	14.62	0
796	2023-02-28	14.62	14.62	14.62	14.62	0
797	2023-03-01	14.62	14.62	14.62	14.62	0
798	2023-03-02	14.62	14.62	14.62	14.62	0
799	2023-03-03	14.62	14.62	14.62	14.62	0
800	2023-03-06	14.62	14.62	14.62	14.62	0
801	2023-03-07	14.62	14.62	14.62	14.62	0
802	2023-03-08	14.62	14.62	14.62	14.62	0
803	2023-03-09	14.62	14.62	14.62	14.62	0
804	2023-03-10	14.62	14.62	14.62	14.62	0
805	2023-03-13	14.62	14.62	14.62	14.62	0
806	2023-03-14	14.62	14.62	14.62	14.62	0
807	2023-03-15	14.62	14.62	14.62	14.62	0
808	2023-03-16	14.62	14.62	14.62	14.62	0
809	2023-03-17	14.62	14.62	14.62	14.62	0
810	2023-03-20	14.62	14.62	14.62	14.62	0
811	2023-03-21	14.62	14.62	14.62	14.62	0
812	2023-03-22	14.62	14.62	14.62	14.62	0
813	2023-03-23	14.62	14.62	14.62	14.62	0
814	2023-03-24	14.62	14.62	14.62	14.62	0
815	2023-03-27	14.62	14.62	14.62	14.62	0
816	2023-03-28	14.62	14.62	14.62	14.62	100
817	2023-03-29	14.62	14.62	14.62	14.62	0
818	2023-03-30	14.62	14.62	14.62	14.62	0
819	2023-03-31	14.62	14.62	14.62	14.62	1
820	2023-04-03	14.62	14.62	14.62	14.62	0
821	2023-04-04	14.62	14.62	14.62	14.62	0
822	2023-04-05	14.62	14.62	14.62	14.62	0
823	2023-04-06	14.62	14.62	14.62	14.62	0
824	2023-04-07	14.62	14.62	14.62	14.62	0
825	2023-04-10	14.62	14.62	14.62	14.62	0
826	2023-04-11	14.62	14.62	14.62	14.62	0
827	2023-04-12	14.62	14.62	14.62	14.62	0
828	2023-04-13	14.62	14.62	14.62	14.62	0
829	2023-04-14	14.62	14.62	14.62	14.62	0
830	2023-04-17	14.62	14.62	14.62	14.62	0
831	2023-04-18	14.62	14.62	14.62	14.62	0
832	2023-04-19	14.62	14.62	14.62	14.62	0
833	2023-04-20	14.62	14.62	14.62	14.62	0
834	2023-04-21	14.62	14.62	14.62	14.62	0
835	2023-04-24	14.62	14.62	14.62	14.62	0
836	2023-04-25	14.62	14.62	14.62	14.62	0
837	2023-04-26	14.62	14.62	14.62	14.62	0
838	2023-04-27	14.62	14.62	14.62	14.62	0
839	2023-04-28	14.62	14.62	14.62	14.62	0
840	2023-05-04	14.62	14.62	14.62	14.62	0
841	2023-05-05	14.62	14.62	14.62	14.62	0
842	2023-05-08	14.62	14.62	14.62	14.62	0
843	2023-05-09	14.62	14.62	14.62	14.62	0
844	2023-05-10	14.62	14.62	14.62	14.62	0
845	2023-05-11	14.62	14.62	14.62	14.62	0
846	2023-05-12	14.62	14.62	14.62	14.62	0
847	2023-05-15	14.62	14.62	14.62	14.62	0
848	2023-05-16	14.62	14.62	14.62	14.62	0
849	2023-05-17	14.62	14.62	14.62	14.62	0
850	2023-05-18	14.62	14.62	14.62	14.62	0
851	2023-05-19	14.62	14.62	14.62	14.62	0
852	2023-05-22	14.62	14.62	14.62	14.62	0
853	2023-05-23	14.62	14.62	14.62	14.62	0
854	2023-05-24	14.62	14.62	14.62	14.62	0
855	2023-05-25	14.62	14.62	14.62	14.62	0
856	2023-05-26	14.62	14.62	14.62	14.62	0
857	2023-05-29	14.62	14.62	14.62	14.62	0
858	2023-05-30	14.62	14.62	14.62	14.62	0
859	2023-05-31	14.62	14.62	14.62	14.62	0
860	2023-06-01	14.62	14.62	14.62	14.62	0
861	2023-06-02	14.62	14.62	14.62	14.62	0
862	2023-06-05	14.62	14.62	14.62	14.62	0
863	2023-06-06	14.62	14.62	14.62	14.62	0
864	2023-06-07	14.62	14.62	14.62	14.62	0
865	2023-06-08	14.62	14.62	14.62	14.62	0
866	2023-06-09	14.62	14.62	14.62	14.62	0
867	2023-06-12	14.62	14.62	14.62	14.62	0
868	2023-06-13	14.62	14.62	14.62	14.62	0
869	2023-06-14	14.62	14.62	14.62	14.62	0
870	2023-06-15	14.62	14.62	14.62	14.62	0
871	2023-06-16	14.62	14.62	14.62	14.62	0
872	2023-06-19	14.62	14.62	14.62	14.62	0
873	2023-06-20	14.62	14.62	14.62	14.62	0
874	2023-06-21	14.62	14.62	14.62	14.62	0
875	2023-06-22	14.62	14.62	14.62	14.62	0
876	2023-06-23	14.62	14.62	14.62	14.62	0
877	2023-06-26	14.62	14.62	14.62	14.62	0
878	2023-06-27	14.62	14.62	14.62	14.62	0
879	2023-06-28	14.62	14.62	14.62	14.62	0
880	2023-06-29	14.62	14.62	14.62	14.62	0
881	2023-06-30	14.62	14.62	14.62	14.62	0
882	2023-07-03	14.62	14.62	14.62	14.62	0
883	2023-07-04	14.62	14.62	14.62	14.62	0
884	2023-07-05	14.62	14.62	14.62	14.62	0
885	2023-07-06	14.62	14.62	14.62	14.62	0
886	2023-07-07	14.62	14.62	14.62	14.62	0
887	2023-07-10	14.62	14.62	14.62	14.62	0
888	2023-07-11	14.62	14.62	14.62	14.62	0
889	2023-07-12	14.62	14.62	14.62	14.62	0
890	2023-07-13	14.62	14.62	14.62	14.62	0
891	2023-07-14	14.62	14.62	14.62	14.62	0
892	2023-07-17	14.62	14.62	14.62	14.62	0
893	2023-07-18	14.62	14.62	14.62	14.62	0
894	2023-07-19	14.62	14.62	14.62	14.62	0
895	2023-07-20	14.62	14.62	14.62	14.62	0
896	2023-07-21	14.62	14.62	14.62	14.62	0
897	2023-07-24	14.62	14.62	14.62	14.62	0
898	2023-07-25	14.62	14.62	14.62	14.62	0
899	2023-07-26	14.62	14.62	14.62	14.62	0
900	2023-07-27	14.62	14.62	14.62	14.62	0
901	2023-07-28	14.62	14.62	14.62	14.62	0
902	2023-07-31	14.62	14.62	14.62	14.62	0
903	2023-08-01	14.62	14.62	14.62	14.62	0
904	2023-08-02	14.62	14.62	14.62	14.62	0
905	2023-08-03	14.62	14.62	14.62	14.62	0
906	2023-08-04	14.62	14.62	14.62	14.62	0
907	2023-08-07	14.62	14.62	14.62	14.62	0
908	2023-08-08	14.62	14.62	14.62	14.62	0
909	2023-08-09	14.62	14.62	14.62	14.62	0
910	2023-08-10	14.62	14.62	14.62	14.62	0
911	2023-08-11	14.62	14.62	14.62	14.62	0
912	2023-08-14	14.62	14.62	14.62	14.62	0
913	2023-08-15	14.62	14.62	14.62	14.62	0
914	2023-08-16	14.62	14.62	14.62	14.62	0
915	2023-08-17	14.62	14.62	14.62	14.62	0
916	2023-08-18	14.62	14.62	14.62	14.62	0
917	2023-08-21	14.62	14.62	14.62	14.62	0
918	2023-08-22	14.62	14.62	14.62	14.62	0
919	2023-08-23	14.62	14.62	14.62	14.62	0
920	2023-08-24	14.62	14.62	14.62	14.62	0
921	2023-08-25	14.62	14.62	14.62	14.62	0
922	2023-08-28	14.62	14.62	14.62	14.62	0
923	2023-08-29	14.62	14.62	14.62	14.62	0
924	2023-08-30	14.62	14.62	14.62	14.62	0
925	2023-08-31	14.62	14.62	14.62	14.62	0
926	2023-09-05	14.62	14.62	14.62	14.62	0
927	2023-09-06	14.62	14.62	14.62	14.62	0
928	2023-09-07	14.62	14.62	14.62	14.62	0
929	2023-09-08	14.62	14.62	14.62	14.62	0
930	2023-09-11	14.62	14.62	14.62	14.62	0
931	2023-09-12	14.62	14.62	14.62	14.62	0
932	2023-09-13	14.62	14.62	14.62	14.62	0
933	2023-09-14	14.62	14.62	14.62	14.62	0
934	2023-09-15	14.62	14.62	14.62	14.62	0
935	2023-09-18	14.62	14.62	14.62	14.62	0
936	2023-09-19	14.62	14.62	14.62	14.62	0
937	2023-09-20	14.62	14.62	14.62	14.62	0
938	2023-09-21	14.62	14.62	14.62	14.62	0
939	2023-09-22	14.62	14.62	14.62	14.62	0
940	2023-09-25	14.62	14.62	14.62	14.62	0
941	2023-09-26	14.62	14.62	14.62	14.62	0
942	2023-09-27	14.62	14.62	14.62	14.62	0
943	2023-09-28	16.8	16.8	16.8	16.8	2000
944	2023-09-29	16.8	16.8	16.8	16.8	0
945	2023-10-02	16.8	16.8	16.8	16.8	0
946	2023-10-03	16.8	16.8	16.8	16.8	0
947	2023-10-04	16.8	16.8	16.8	16.8	0
948	2023-10-05	16.8	16.8	16.8	16.8	0
949	2023-10-06	16.8	16.8	16.8	16.8	1
950	2023-10-09	16.8	16.8	16.8	16.8	0
951	2023-10-10	16.8	16.8	16.8	16.8	0
952	2023-10-11	16.8	16.8	16.8	16.8	0
953	2023-10-12	16.8	16.8	16.8	16.8	1
954	2023-10-13	16.8	16.8	16.8	16.8	0
955	2023-10-16	16.8	16.8	16.8	16.8	0
956	2023-10-17	16.8	16.8	16.8	16.8	0
957	2023-10-18	16.8	16.8	16.8	16.8	0
958	2023-10-19	16.8	16.8	16.8	16.8	0
959	2023-10-20	16.8	16.8	16.8	16.8	1
960	2023-10-23	16.8	16.8	16.8	16.8	0
961	2023-10-24	16.8	16.8	16.8	16.8	0
962	2023-10-25	16.8	16.8	16.8	16.8	0
963	2023-10-26	16.8	16.8	16.8	16.8	0
964	2023-10-27	16.8	16.8	16.8	16.8	0
965	2023-10-30	16.8	16.8	16.8	16.8	13
966	2023-10-31	16.8	16.8	16.8	16.8	0
967	2023-11-01	16.8	16.8	16.8	16.8	1
968	2023-11-02	19.32	19.32	19.32	19.32	100
969	2023-11-03	19.32	19.32	19.32	19.32	0
970	2023-11-06	19.32	19.32	19.32	19.32	0
971	2023-11-07	19.32	19.32	19.32	19.32	0
972	2023-11-08	19.32	19.32	19.32	19.32	0
973	2023-11-09	19.32	19.32	19.32	19.32	0
974	2023-11-10	19.32	19.32	19.32	19.32	1
975	2023-11-13	19.32	19.32	19.32	19.32	0
976	2023-11-14	19.32	19.32	19.32	19.32	0
977	2023-11-15	19.32	19.32	19.32	19.32	0
978	2023-11-16	19.32	19.32	19.32	19.32	0
979	2023-11-17	19.32	19.32	19.32	19.32	0
980	2023-11-20	19.32	19.32	19.32	19.32	0
981	2023-11-21	19.32	19.32	19.32	19.32	1
982	2023-11-22	19.32	19.32	19.32	19.32	0
983	2023-11-23	19.32	19.32	19.32	19.32	0
984	2023-11-24	19.32	19.32	19.32	19.32	0
985	2023-11-27	19.32	19.32	19.32	19.32	0
986	2023-11-28	19.32	19.32	19.32	19.32	0
987	2023-11-29	19.32	19.32	19.32	19.32	0
988	2023-11-30	19.32	19.32	19.32	19.32	0
989	2023-12-01	19.32	19.32	19.32	19.32	0
990	2023-12-04	19.32	19.32	19.32	19.32	0
991	2023-12-05	19.32	19.32	19.32	19.32	0
992	2023-12-06	19.32	19.32	19.32	19.32	0
993	2023-12-07	19.32	19.32	19.32	19.32	0
994	2023-12-08	19.32	19.32	19.32	19.32	0
995	2023-12-11	19.32	19.32	19.32	19.32	0
996	2023-12-12	19.32	19.32	19.32	19.32	0
997	2023-12-13	19.32	19.32	19.32	19.32	0
998	2023-12-14	19.32	19.32	19.32	19.32	0
999	2023-12-15	19.32	19.32	19.32	19.32	0
1000	2023-12-18	19.32	19.32	19.32	19.32	0
1001	2023-12-19	19.32	19.32	19.32	19.32	0
1002	2023-12-20	19.32	19.32	19.32	19.32	0
1003	2023-12-21	19.32	19.32	19.32	19.32	0
1004	2023-12-22	19.32	19.32	19.32	19.32	0
1005	2023-12-25	19.32	19.32	19.32	19.32	0
1006	2023-12-26	19.32	19.32	19.32	19.32	0
1007	2023-12-27	19.32	19.32	19.32	19.32	0
1008	2023-12-28	17.64	17.64	17.64	17.64	1000
1009	2023-12-29	17.64	17.64	17.64	17.64	0
1010	2024-01-02	17.64	17.64	17.64	17.64	600
1011	2024-01-03	17.64	17.64	17.64	17.64	0
1012	2024-01-04	17.64	17.64	17.64	17.64	0
1013	2024-01-05	17.64	17.64	17.64	17.64	0
1014	2024-01-08	17.64	17.64	17.64	17.64	0
1015	2024-01-09	17.64	17.64	17.64	17.64	0
1016	2024-01-10	17.64	17.64	17.64	17.64	0
1017	2024-01-11	17.64	17.64	17.64	17.64	0
1018	2024-01-12	17.64	17.64	17.64	17.64	0
1019	2024-01-15	17.64	17.64	17.64	17.64	0
1020	2024-01-16	17.64	17.64	17.64	17.64	0
1021	2024-01-17	17.64	17.64	17.64	17.64	0
1022	2024-01-18	17.64	17.64	17.64	17.64	0
1023	2024-01-19	17.64	17.64	17.64	17.64	0
1024	2024-01-22	17.64	17.64	17.64	17.64	0
1025	2024-01-23	17.64	17.64	17.64	17.64	0
1026	2024-01-24	17.64	17.64	17.64	17.64	0
1027	2024-01-25	17.64	17.64	17.64	17.64	0
1028	2024-01-26	17.64	17.64	17.64	17.64	0
1029	2024-01-29	17.64	17.64	17.64	17.64	0
1030	2024-01-30	17.64	17.64	17.64	17.64	0
1031	2024-01-31	17.64	17.64	17.64	17.64	0
1032	2024-02-01	17.64	17.64	17.64	17.64	0
1033	2024-02-02	17.64	17.64	17.64	17.64	0
1034	2024-02-05	17.64	17.64	17.64	17.64	0
1035	2024-02-06	17.64	17.64	17.64	17.64	0
1036	2024-02-07	17.64	17.64	17.64	17.64	0
1037	2024-02-15	17.64	17.64	17.64	17.64	0
1038	2024-02-16	17.64	17.64	17.64	17.64	0
1039	2024-02-19	17.64	17.64	17.64	17.64	0
1040	2024-02-20	17.64	17.64	17.64	17.64	0
1041	2024-02-21	17.64	17.64	17.64	17.64	0
1042	2024-02-22	17.64	17.64	17.64	17.64	0
1043	2024-02-23	17.64	17.64	17.64	17.64	0
1044	2024-02-26	17.64	17.64	17.64	17.64	0
1045	2024-02-27	17.64	17.64	17.64	17.64	80
1046	2024-02-28	17.64	17.64	17.64	17.64	0
1047	2024-02-29	17.64	17.64	17.64	17.64	1
1048	2024-03-01	17.64	17.64	17.64	17.64	3
1049	2024-03-04	17.64	17.64	17.64	17.64	0
1050	2024-03-05	17.64	17.64	17.64	17.64	0
1051	2024-03-06	17.64	17.64	17.64	17.64	0
1052	2024-03-07	17.64	17.64	17.64	17.64	0
1053	2024-03-08	17.64	17.64	17.64	17.64	0
1054	2024-03-11	17.64	17.64	17.64	17.64	0
1055	2024-03-12	17.64	17.64	17.64	17.64	0
1056	2024-03-13	17.64	17.64	17.64	17.64	0
1057	2024-03-14	17.64	17.64	17.64	17.64	0
1058	2024-03-15	17.64	17.64	17.64	17.64	0
1059	2024-03-18	17.64	17.64	17.64	17.64	0
1060	2024-03-19	17.64	17.64	17.64	17.64	0
1061	2024-03-20	17.64	17.64	17.64	17.64	0
1062	2024-03-21	17.64	17.64	17.64	17.64	100
1063	2024-03-22	17.64	17.64	17.64	17.64	81
1064	2024-03-25	17.64	17.64	17.64	17.64	0
1065	2024-03-26	17.64	17.64	17.64	17.64	0
1066	2024-03-27	17.64	17.64	17.64	17.64	0
1067	2024-03-28	17.64	17.64	17.64	17.64	0
1068	2024-03-29	17.64	17.64	17.64	17.64	0
1069	2024-04-01	17.64	17.64	17.64	17.64	0
1070	2024-04-02	17.64	17.64	17.64	17.64	0
1071	2024-04-03	17.64	17.64	17.64	17.64	0
1072	2024-04-04	17.64	17.64	17.64	17.64	0
1073	2024-04-05	17.64	17.64	17.64	17.64	0
1074	2024-04-08	17.64	17.64	17.64	17.64	0
1075	2024-04-09	15.41	15.41	15.41	15.41	1450
1076	2024-04-10	15.41	15.41	15.41	15.41	0
1077	2024-04-11	15.41	15.41	15.41	15.41	0
1078	2024-04-12	15.41	15.41	15.41	15.41	0
1079	2024-04-15	15.41	15.41	15.41	15.41	0
1080	2024-04-16	15.41	15.41	15.41	15.41	0
1081	2024-04-17	15.41	15.41	15.41	15.41	0
1082	2024-04-19	15.41	15.41	15.41	15.41	0
1083	2024-04-22	15.41	15.41	15.41	15.41	7
1084	2024-04-23	15.41	15.41	15.41	15.41	0
1085	2024-04-24	17.64	17.64	17.64	17.64	1000
1086	2024-04-25	20.24	20.24	20.24	20.24	501
1087	2024-04-26	20.24	20.24	20.24	20.24	2
1088	2024-05-02	20.24	20.24	20.24	20.24	0
1089	2024-05-03	20.24	20.24	20.24	20.24	0
1090	2024-05-06	20.24	20.24	20.24	20.24	0
1091	2024-05-07	20.24	20.24	20.24	20.24	0
1092	2024-05-08	20.24	20.24	20.24	20.24	0
1093	2024-05-09	20.24	20.24	20.24	20.24	0
1094	2024-05-10	20.24	20.24	20.24	20.24	0
1095	2024-05-13	20.24	20.24	20.24	20.24	0
1096	2024-05-14	20.24	20.24	20.24	20.24	1
1097	2024-05-15	20.24	20.24	20.24	20.24	0
1098	2024-05-16	20.24	20.24	20.24	20.24	0
1099	2024-05-17	20.24	20.24	20.24	20.24	0
1100	2024-05-20	20.24	20.24	20.24	20.24	0
1101	2024-05-21	20.24	20.24	20.24	20.24	0
1102	2024-05-22	20.24	20.24	20.24	20.24	0
1103	2024-05-23	20.24	20.24	20.24	20.24	0
1104	2024-05-24	20.24	20.24	20.24	20.24	0
1105	2024-05-27	20.24	20.24	20.24	20.24	0
1106	2024-05-28	20.24	20.24	20.24	20.24	0
1107	2024-05-29	20.24	20.24	20.24	20.24	0
1108	2024-05-30	20.24	20.24	20.24	20.24	0
1109	2024-05-31	20.24	20.24	20.24	20.24	0
1110	2024-06-03	20.24	20.24	20.24	20.24	0
1111	2024-06-04	20.24	20.24	20.24	20.24	0
1112	2024-06-05	20.24	20.24	20.24	20.24	0
1113	2024-06-06	20.24	20.24	20.24	20.24	0
1114	2024-06-07	23.22	23.22	23.22	23.22	402
1115	2024-06-10	23.22	23.22	23.22	23.22	0
1116	2024-06-11	23.22	23.22	23.22	23.22	0
1117	2024-06-12	23.22	23.22	23.22	23.22	0
1118	2024-06-13	23.22	23.22	23.22	23.22	0
1119	2024-06-14	23.22	23.22	23.22	23.22	0
1120	2024-06-17	23.22	23.22	23.22	23.22	0
1121	2024-06-18	23.22	23.22	23.22	23.22	0
1122	2024-06-19	23.22	23.22	23.22	23.22	0
1123	2024-06-20	23.22	23.22	23.22	23.22	0
1124	2024-06-21	23.22	23.22	23.22	23.22	0
1125	2024-06-24	21.36	23.68	21.36	23.68	304
1126	2024-06-25	22.94	22.94	22.94	22.94	0
1127	2024-06-26	22.94	22.94	22.94	22.94	0
1128	2024-06-27	23.22	23.22	23.22	23.22	200
1129	2024-06-28	23.22	23.22	23.22	23.22	1
1130	2024-07-01	23.22	23.22	23.22	23.22	0
1131	2024-07-02	23.22	23.22	23.22	23.22	0
1132	2024-07-03	23.22	23.22	23.22	23.22	0
1133	2024-07-04	23.22	23.22	23.22	23.22	0
1134	2024-07-05	23.22	23.22	23.22	23.22	0
1135	2024-07-08	23.22	23.22	23.22	23.22	0
1136	2024-07-09	23.22	23.22	23.22	23.22	0
1137	2024-07-10	23.22	23.22	23.22	23.22	0
1138	2024-07-11	23.22	23.22	23.22	23.22	0
1139	2024-07-12	23.22	23.22	23.22	23.22	0
1140	2024-07-15	23.22	23.22	23.22	23.22	0
1141	2024-07-16	23.22	23.22	23.22	23.22	0
1142	2024-07-17	23.22	23.22	23.22	23.22	0
1143	2024-07-18	26.0	26.0	26.0	26.0	200
1144	2024-07-19	26.0	26.0	26.0	26.0	0
1145	2024-07-22	29.9	29.9	29.9	29.9	100
1146	2024-07-23	29.9	29.9	29.9	29.9	0
1147	2024-07-24	29.9	29.9	29.9	29.9	0
1148	2024-07-25	29.9	29.9	29.9	29.9	0
1149	2024-07-26	29.9	29.9	29.9	29.9	0
1150	2024-07-29	29.9	29.9	29.9	29.9	0
1151	2024-07-30	27.86	27.86	27.86	27.86	200
1152	2024-07-31	27.86	27.86	27.86	27.86	0
1153	2024-08-01	27.86	27.86	27.86	27.86	0
1154	2024-08-02	27.86	27.86	27.86	27.86	0
1155	2024-08-05	27.86	27.86	27.86	27.86	0
1156	2024-08-06	27.86	27.86	27.86	27.86	0
1157	2024-08-07	27.86	27.86	27.86	27.86	0
1158	2024-08-08	27.86	27.86	27.86	27.86	0
1159	2024-08-09	27.86	27.86	27.86	27.86	0
1160	2024-08-12	27.86	27.86	27.86	27.86	0
1161	2024-08-13	27.86	27.86	27.86	27.86	0
1162	2024-08-14	27.86	27.86	27.86	27.86	0
1163	2024-08-15	27.86	27.86	27.86	27.86	0
1164	2024-08-16	27.86	27.86	27.86	27.86	0
1165	2024-08-19	27.86	27.86	27.86	27.86	0
1166	2024-08-20	27.86	27.86	27.86	27.86	0
1167	2024-08-21	27.86	27.86	27.86	27.86	3
1168	2024-08-22	27.86	27.86	27.86	27.86	0
1169	2024-08-23	27.86	27.86	27.86	27.86	0
1170	2024-08-26	27.86	27.86	27.86	27.86	0
1171	2024-08-27	27.86	27.86	27.86	27.86	0
1172	2024-08-28	27.86	27.86	27.86	27.86	0
1173	2024-08-29	27.86	27.86	27.86	27.86	0
1174	2024-08-30	27.86	27.86	27.86	27.86	0
1175	2024-09-04	27.86	27.86	27.86	27.86	0
1176	2024-09-05	27.86	27.86	27.86	27.86	3
1177	2024-09-06	27.86	27.86	27.86	27.86	0
1178	2024-09-09	27.86	27.86	27.86	27.86	0
1179	2024-09-10	27.86	27.86	27.86	27.86	0
1180	2024-09-11	27.86	27.86	27.86	27.86	0
1181	2024-09-12	27.86	27.86	27.86	27.86	0
1182	2024-09-13	27.86	27.86	27.86	27.86	0
1183	2024-09-16	27.86	27.86	27.86	27.86	0
1184	2024-09-17	27.86	27.86	27.86	27.86	0
1185	2024-09-18	27.86	27.86	27.86	27.86	0
1186	2024-09-19	27.86	27.86	27.86	27.86	0
1187	2024-09-20	27.86	27.86	27.86	27.86	0
1188	2024-09-23	27.86	27.86	27.86	27.86	0
1189	2024-09-24	27.86	27.86	27.86	27.86	0
1190	2024-09-25	27.86	27.86	27.86	27.86	0
1191	2024-09-26	27.86	27.86	27.86	27.86	0
1192	2024-09-27	27.86	27.86	27.86	27.86	0
1193	2024-09-30	27.86	27.86	27.86	27.86	0
1194	2024-10-01	27.86	27.86	27.86	27.86	0
1195	2024-10-02	27.86	27.86	27.86	27.86	0
1196	2024-10-03	27.86	27.86	27.86	27.86	0
1197	2024-10-04	27.86	27.86	27.86	27.86	0
1198	2024-10-07	18.57	18.57	18.57	18.57	1700
1199	2024-10-08	18.57	18.57	18.57	18.57	0
1200	2024-10-09	21.36	21.36	21.36	21.36	540
1201	2024-10-10	24.52	24.52	24.52	24.52	710
1202	2024-10-11	24.52	24.52	24.52	24.52	0
1203	2024-10-14	24.52	24.52	24.52	24.52	0
1204	2024-10-15	24.52	24.52	24.52	24.52	0
1205	2024-10-16	24.52	24.52	24.52	24.52	0
1206	2024-10-17	24.52	24.52	24.52	24.52	0
1207	2024-10-18	24.52	24.52	24.52	24.52	0
1208	2024-10-21	24.52	24.52	24.52	24.52	1
1209	2024-10-22	24.52	24.52	24.52	24.52	0
1210	2024-10-23	26.0	26.0	26.0	26.0	1000
1211	2024-10-24	26.0	26.0	26.0	26.0	0
1212	2024-10-25	26.0	26.0	26.0	26.0	0
1213	2024-10-28	26.0	26.0	26.0	26.0	0
1214	2024-10-29	26.0	26.0	26.0	26.0	0
1215	2024-10-30	26.0	26.0	26.0	26.0	0
1216	2024-10-31	26.0	26.0	26.0	26.0	0
1217	2024-11-01	26.0	26.0	26.0	26.0	0
1218	2024-11-04	26.0	26.0	26.0	26.0	0
1219	2024-11-05	26.0	26.0	26.0	26.0	0
1220	2024-11-06	26.0	26.0	26.0	26.0	0
1221	2024-11-07	26.0	26.0	26.0	26.0	0
1222	2024-11-08	26.0	26.0	26.0	26.0	0
1223	2024-11-11	26.0	26.0	26.0	26.0	0
1224	2024-11-12	26.0	26.0	26.0	26.0	0
1225	2024-11-13	26.0	26.0	26.0	26.0	0
1226	2024-11-14	26.0	26.0	26.0	26.0	0
1227	2024-11-15	26.0	26.0	26.0	26.0	0
1228	2024-11-18	26.0	26.0	26.0	26.0	0
1229	2024-11-19	26.0	26.0	26.0	26.0	0
1230	2024-11-20	26.0	26.0	26.0	26.0	0
1231	2024-11-21	26.0	26.0	26.0	26.0	0
1232	2024-11-22	26.0	26.0	26.0	26.0	0
1233	2024-11-25	26.0	26.0	26.0	26.0	0
1234	2024-11-26	26.0	26.0	26.0	26.0	0
1235	2024-11-27	26.0	26.0	26.0	26.0	0
1236	2024-11-28	26.0	26.0	26.0	26.0	0
1237	2024-11-29	26.0	26.0	26.0	26.0	0
1238	2024-12-02	26.0	26.0	26.0	26.0	0
1239	2024-12-03	22.29	22.29	22.29	22.29	5000
1240	2024-12-04	19.5	19.5	19.5	19.5	3200
1241	2024-12-05	19.5	19.5	19.5	19.5	10
1242	2024-12-06	19.5	19.5	19.5	19.5	0
1243	2024-12-09	19.5	19.5	19.5	19.5	0
1244	2024-12-10	19.5	19.5	19.5	19.5	0
1245	2024-12-11	19.5	19.5	19.5	19.5	0
1246	2024-12-12	19.5	19.5	19.5	19.5	0
1247	2024-12-13	19.5	19.5	19.5	19.5	0
1248	2024-12-16	19.5	19.5	19.5	19.5	0
1249	2024-12-17	19.5	19.5	19.5	19.5	0
1250	2024-12-18	19.5	19.5	19.5	19.5	0
1251	2024-12-19	19.5	19.5	19.5	19.5	0
1252	2024-12-20	19.5	19.5	19.5	19.5	50
1253	2024-12-23	19.5	19.5	19.5	19.5	0
1254	2024-12-24	19.5	19.5	19.5	19.5	0
1255	2024-12-25	19.5	19.5	19.5	19.5	0
1256	2024-12-26	19.5	19.5	19.5	19.5	0
1257	2024-12-27	19.5	19.5	19.5	19.5	0
1258	2024-12-30	19.5	19.5	19.5	19.5	0
1259	2024-12-31	19.5	19.5	19.5	19.5	0
1260	2025-01-02	19.5	19.5	19.5	19.5	0
1261	2025-01-03	19.5	19.5	19.5	19.5	0
1262	2025-01-06	19.5	19.5	19.5	19.5	0
1263	2025-01-07	19.5	19.5	19.5	19.5	0
1264	2025-01-08	19.5	19.5	19.5	19.5	0
1265	2025-01-09	19.5	19.5	19.5	19.5	0
1266	2025-01-10	19.5	19.5	19.5	19.5	0
1267	2025-02-14	19.0	19.0	19.0	19.0	4900
1268	2025-02-17	19.2	19.2	19.2	19.2	4900
1269	2025-02-18	19.2	19.2	19.2	19.2	4900
1270	2025-02-19	19.5	19.5	19.5	19.5	4300
1271	2025-02-21	19.5	19.5	19.5	19.5	25000
1272	2025-03-03	19.6	19.6	19.6	19.6	4000
1273	2025-03-04	19.7	19.7	19.7	19.7	2000
