	time	open	high	low	close	volume
0	2017-03-16	15.44	15.44	11.03	11.58	49400
1	2017-03-17	13.78	13.78	11.74	11.74	2300
2	2017-03-20	12.68	15.16	12.68	15.16	570
3	2017-03-21	12.13	12.13	12.07	12.07	3200
4	2017-03-22	11.58	11.58	10.47	10.47	2800
5	2017-03-23	11.03	12.02	9.1	11.25	6800
6	2017-03-24	11.25	11.25	10.92	10.92	1350
7	2017-03-27	11.25	11.58	11.25	11.58	900
8	2017-03-28	9.92	11.25	9.7	9.92	800
9	2017-03-29	11.25	11.47	9.92	9.92	2350
10	2017-03-30	10.97	10.97	10.97	10.97	210
11	2017-03-31	10.97	10.97	9.87	9.87	4200
12	2017-04-03	10.75	10.75	10.47	10.47	200
13	2017-04-04	10.09	10.09	9.65	9.65	800
14	2017-04-05	9.81	9.81	9.1	9.1	6580
15	2017-04-07	9.76	9.92	9.76	9.92	400
16	2017-04-10	10.47	10.47	10.47	10.47	400
17	2017-04-11	10.42	10.42	10.42	10.42	200
18	2017-04-12	10.2	10.2	9.92	9.92	800
19	2017-04-13	10.09	10.09	10.09	10.09	0
20	2017-04-14	9.92	9.92	9.92	9.92	200
21	2017-04-17	9.92	9.92	9.92	9.92	0
22	2017-04-18	8.44	8.49	8.44	8.44	2500
23	2017-04-19	9.37	9.37	7.22	9.37	800
24	2017-04-20	9.37	9.37	7.55	9.32	800
25	2017-04-21	8.49	8.49	8.49	8.49	0
26	2017-04-24	9.26	9.26	8.49	8.49	300
27	2017-04-25	9.21	9.21	9.21	9.21	300
28	2017-04-26	9.1	9.32	7.83	7.83	2800
29	2017-04-27	8.77	8.77	8.77	8.77	200
30	2017-04-28	9.15	9.15	9.15	9.15	200
31	2017-05-03	8.77	8.77	7.83	7.83	400
32	2017-05-04	8.77	8.77	8.71	8.77	800
33	2017-05-05	8.77	8.77	8.77	8.77	0
34	2017-05-08	8.77	8.77	8.77	8.77	0
35	2017-05-09	8.77	8.77	8.49	8.49	300
36	2017-05-10	8.66	8.99	8.66	8.99	200
37	2017-05-11	8.82	8.93	8.27	8.27	700
38	2017-05-12	8.6	8.6	8.6	8.6	0
39	2017-05-15	8.6	8.6	8.6	8.6	0
40	2017-05-16	8.55	8.55	8.55	8.55	200
41	2017-05-17	8.77	8.77	8.77	8.77	200
42	2017-05-18	8.82	8.82	8.82	8.82	200
43	2017-05-19	8.82	8.82	8.82	8.82	20
44	2017-05-22	8.82	8.82	8.82	8.82	200
45	2017-05-23	7.61	8.82	7.5	8.82	1000
46	2017-05-24	8.71	8.77	7.72	7.72	1700
47	2017-05-25	8.71	8.71	7.22	8.49	1700
48	2017-05-26	8.55	8.66	7.22	7.22	300
49	2017-05-29	8.27	8.27	8.27	8.27	400
50	2017-05-30	8.27	8.27	7.06	7.72	400
51	2017-05-31	8.27	8.27	8.27	8.27	7200
52	2017-06-01	8.38	8.38	7.99	7.99	3700
53	2017-06-02	8.55	8.55	7.72	7.72	620
54	2017-06-05	8.49	8.55	8.49	8.55	200
55	2017-06-06	8.55	8.55	7.77	7.77	300
56	2017-06-07	8.55	8.55	8.55	8.55	200
57	2017-06-08	8.49	8.55	8.49	8.55	200
58	2017-06-09	8.55	8.55	8.55	8.55	1200
59	2017-06-12	8.66	8.66	8.55	8.55	1200
60	2017-06-13	8.55	8.6	8.55	8.6	300
61	2017-06-14	8.6	8.66	8.6	8.66	200
62	2017-06-15	8.77	8.77	7.77	7.77	1000
63	2017-06-16	8.55	8.55	8.55	8.55	200
64	2017-06-19	8.55	8.6	8.55	8.55	600
65	2017-06-20	8.55	8.6	7.72	7.94	2100
66	2017-06-21	8.55	8.71	8.05	8.05	400
67	2017-06-22	8.71	8.71	8.71	8.71	200
68	2017-06-23	8.66	8.71	8.66	8.71	200
69	2017-06-26	8.82	8.82	8.55	8.55	500
70	2017-06-27	8.66	8.66	8.66	8.66	200
71	2017-06-28	8.66	8.66	8.66	8.66	200
72	2017-06-29	8.66	8.66	8.66	8.66	0
73	2017-06-30	7.99	8.55	7.99	8.55	340
74	2017-07-03	8.55	8.55	8.55	8.55	200
75	2017-07-04	8.55	8.55	8.55	8.55	200
76	2017-07-05	8.55	8.55	8.05	8.16	700
77	2017-07-06	8.27	8.27	7.44	7.44	500
78	2017-07-07	7.99	7.99	7.99	7.99	800
79	2017-07-10	7.99	7.99	7.99	7.99	700
80	2017-07-11	8.27	8.27	7.99	7.99	300
81	2017-07-12	8.16	8.16	8.16	8.16	0
82	2017-07-13	8.27	8.27	7.99	7.99	300
83	2017-07-14	8.16	8.16	8.16	8.16	0
84	2017-07-17	8.16	8.16	8.16	8.16	0
85	2017-07-18	8.27	8.27	8.27	8.27	210
86	2017-07-19	8.27	8.27	7.99	7.99	3200
87	2017-07-20	8.27	8.27	7.88	7.88	4800
88	2017-07-21	8.05	8.05	8.05	8.05	500
89	2017-07-24	8.16	8.16	7.72	7.72	1400
90	2017-07-25	7.72	7.72	7.72	7.72	900
91	2017-07-26	8.32	8.32	7.72	7.72	4700
92	2017-07-27	9.1	9.1	9.1	9.1	200
93	2017-07-28	8.27	9.92	8.21	8.21	600
94	2017-07-31	8.93	8.93	8.93	8.93	0
95	2017-08-01	7.99	7.99	7.99	7.99	1700
96	2017-08-02	7.99	7.99	7.99	7.99	0
97	2017-08-03	7.99	7.99	7.99	7.99	0
98	2017-08-04	7.99	7.99	7.99	7.99	0
99	2017-08-07	7.99	7.99	7.99	7.99	0
100	2017-08-08	6.84	6.84	6.84	6.84	100
101	2017-08-09	7.83	7.83	7.83	7.83	3500
102	2017-08-10	8.82	8.82	7.72	7.72	3300
103	2017-08-11	8.21	8.21	8.21	8.21	200
104	2017-08-14	8.21	8.21	8.21	8.21	0
105	2017-08-15	9.26	9.43	7.83	7.83	500
106	2017-08-16	7.72	8.16	7.72	8.16	4400
107	2017-08-17	8.55	8.55	8.21	8.21	310
108	2017-08-18	8.44	8.44	8.44	8.44	0
109	2017-08-21	8.16	8.16	8.16	8.16	100
110	2017-08-22	8.55	8.55	8.55	8.55	300
111	2017-08-23	9.37	9.65	9.37	9.65	600
112	2017-08-24	9.54	9.54	9.54	9.54	0
113	2017-08-25	8.16	8.16	8.16	8.16	200
114	2017-08-28	7.94	7.94	7.94	7.94	2000
115	2017-08-29	7.72	7.99	7.72	7.99	900
116	2017-08-30	7.94	7.94	7.94	7.94	1000
117	2017-08-31	7.88	7.94	7.88	7.94	1600
118	2017-09-01	7.72	7.72	7.72	7.72	400
119	2017-09-05	8.05	8.05	6.67	8.05	600
120	2017-09-06	8.05	8.05	8.05	8.05	200
121	2017-09-07	8.05	8.05	7.83	7.83	2700
122	2017-09-08	8.21	8.21	8.21	8.21	200
123	2017-09-11	8.21	8.21	8.21	8.21	0
124	2017-09-12	7.77	7.77	7.77	7.77	1000
125	2017-09-13	8.27	8.27	8.27	8.27	200
126	2017-09-14	8.27	8.27	8.27	8.27	0
127	2017-09-15	8.16	8.27	8.16	8.27	2000
128	2017-09-18	7.72	7.72	7.72	7.72	110
129	2017-09-19	7.72	7.99	6.89	7.83	1300
130	2017-09-20	7.83	7.99	7.72	7.72	1100
131	2017-09-21	7.72	7.72	7.72	7.72	400
132	2017-09-22	7.72	7.72	7.72	7.72	10
133	2017-09-25	7.72	7.72	7.72	7.72	200
134	2017-09-26	7.72	7.83	7.72	7.83	450
135	2017-09-27	7.72	7.72	7.72	7.72	1100
136	2017-09-28	7.61	8.27	7.44	8.27	4300
137	2017-09-29	7.72	7.99	7.72	7.99	1900
138	2017-10-02	7.72	7.72	7.72	7.72	1000
139	2017-10-03	7.44	7.72	7.44	7.72	3300
140	2017-10-04	7.39	7.88	7.39	7.88	2625
141	2017-10-05	7.72	7.72	7.72	7.72	1000
142	2017-10-06	7.72	7.77	7.72	7.77	1400
143	2017-10-09	7.61	7.77	7.61	7.72	1300
144	2017-10-10	7.72	7.72	7.72	7.72	1600
145	2017-10-11	7.44	7.44	7.44	7.44	2000
146	2017-10-12	7.44	7.72	7.44	7.72	1600
147	2017-10-13	7.72	7.83	7.72	7.83	3510
148	2017-10-16	7.72	7.83	7.72	7.72	2820
149	2017-10-17	7.72	7.77	7.72	7.72	5800
150	2017-10-18	7.72	7.83	7.72	7.83	2300
151	2017-10-19	7.77	7.77	7.77	7.77	2000
152	2017-10-20	7.94	7.94	7.94	7.94	100
153	2017-10-23	7.72	7.72	7.72	7.72	500
154	2017-10-24	7.99	7.99	7.99	7.99	200
155	2017-10-25	7.99	7.99	7.72	7.77	2000
156	2017-10-26	7.99	7.99	7.99	7.99	200
157	2017-10-27	7.99	7.99	7.99	7.99	200
158	2017-10-30	7.99	7.99	7.44	7.44	800
159	2017-10-31	7.99	7.99	7.99	7.99	300
160	2017-11-01	7.99	7.99	7.99	7.99	2200
161	2017-11-02	7.99	7.99	7.99	7.99	1200
162	2017-11-03	8.27	9.15	8.27	9.15	460
163	2017-11-06	7.99	7.99	7.44	7.44	2500
164	2017-11-07	7.99	7.99	7.99	7.99	3300
165	2017-11-08	7.99	7.99	7.99	7.99	200
166	2017-11-09	7.72	7.72	7.72	7.72	1000
167	2017-11-10	8.27	8.27	8.27	8.27	100
168	2017-11-13	8.27	8.27	8.27	8.27	0
169	2017-11-14	7.99	7.99	7.99	7.99	1000
170	2017-11-15	7.99	7.99	7.99	7.99	0
171	2017-11-16	7.99	7.99	7.99	7.99	0
172	2017-11-17	7.99	8.27	7.99	8.27	800
173	2017-11-20	8.16	8.16	8.1	8.1	1200
174	2017-11-21	8.16	8.16	8.1	8.1	1800
175	2017-11-22	8.16	8.16	6.95	8.16	4500
176	2017-11-23	8.16	8.32	8.16	8.32	3200
177	2017-11-24	8.27	8.27	8.27	8.27	4000
178	2017-11-27	8.27	8.27	8.27	8.27	0
179	2017-11-28	8.27	8.55	8.27	8.44	3100
180	2017-11-29	7.72	8.21	7.72	8.21	800
181	2017-11-30	7.88	7.88	7.88	7.88	0
182	2017-12-01	7.72	7.72	7.72	7.72	500
183	2017-12-04	7.72	7.72	7.72	7.72	0
184	2017-12-05	7.99	7.99	7.72	7.72	500
185	2017-12-06	8.27	8.27	8.27	8.27	100
186	2017-12-07	7.99	8.27	7.99	8.55	2800
187	2017-12-08	8.49	8.49	8.49	8.49	0
188	2017-12-11	8.49	8.49	8.49	8.49	0
189	2017-12-12	8.49	8.49	8.49	8.49	0
190	2017-12-13	8.49	8.49	8.49	8.49	0
191	2017-12-14	8.49	8.49	8.49	8.49	0
192	2017-12-15	8.49	8.49	8.49	8.49	0
193	2017-12-18	8.71	8.77	8.71	8.77	300
194	2017-12-19	8.71	8.71	8.71	8.71	0
195	2017-12-20	8.71	8.71	8.71	8.71	0
196	2017-12-21	8.05	8.05	8.05	8.05	3700
197	2017-12-22	8.05	8.05	8.05	8.05	60
198	2017-12-25	8.05	8.05	8.05	8.05	0
199	2017-12-26	8.05	8.05	8.05	8.05	0
200	2017-12-27	8.71	8.71	8.71	8.71	200
201	2017-12-28	8.71	8.71	8.71	8.71	0
202	2017-12-29	8.71	8.71	8.71	8.71	0
203	2018-01-02	8.71	8.71	8.71	8.71	0
204	2018-01-03	8.71	8.71	8.71	8.71	0
205	2018-01-04	8.71	8.71	8.71	8.71	0
206	2018-01-05	8.71	8.71	8.71	8.71	0
207	2018-01-08	8.71	8.71	8.71	8.71	0
208	2018-01-09	8.71	8.71	8.71	8.71	0
209	2018-01-10	8.71	8.71	8.71	8.71	0
210	2018-01-11	8.71	8.71	8.71	8.71	0
211	2018-01-12	7.44	7.44	7.44	7.44	1000
212	2018-01-15	7.44	7.44	7.44	7.44	0
213	2018-01-16	7.44	7.44	7.44	7.44	0
214	2018-01-17	7.44	7.44	7.44	7.44	0
215	2018-01-18	7.44	7.44	7.44	7.44	0
216	2018-01-19	7.44	7.44	7.44	7.44	0
217	2018-01-22	7.44	7.44	7.44	7.44	0
218	2018-01-23	7.72	7.72	7.61	7.72	7300
219	2018-01-24	8.55	8.55	7.88	7.88	1200
220	2018-01-25	8.27	8.27	8.27	8.27	200
221	2018-01-26	8.27	8.27	8.27	8.27	200
222	2018-01-29	8.27	8.27	7.44	7.44	500
223	2018-01-30	8.27	8.27	8.27	8.27	200
224	2018-01-31	8.27	8.27	8.27	8.27	200
225	2018-02-01	8.27	8.27	8.27	8.27	0
226	2018-02-02	8.27	8.27	8.27	8.27	0
227	2018-02-05	8.27	8.27	8.27	8.27	0
228	2018-02-06	7.44	8.27	7.44	8.27	3700
229	2018-02-07	8.55	8.55	8.55	8.55	100
230	2018-02-08	8.55	8.55	8.55	8.55	0
231	2018-02-09	8.55	8.55	8.55	8.55	0
232	2018-02-12	8.55	8.55	8.55	8.55	200
233	2018-02-13	8.55	8.55	8.55	8.55	0
234	2018-02-21	9.81	9.81	9.81	9.81	200
235	2018-02-22	9.81	9.81	9.81	9.81	0
236	2018-02-23	9.81	9.81	9.81	9.81	0
237	2018-02-26	9.37	9.37	9.37	9.37	200
238	2018-02-27	8.05	8.05	8.05	8.05	100
239	2018-02-28	9.15	9.21	9.1	9.21	5400
240	2018-03-01	9.15	9.15	9.15	9.15	0
241	2018-03-02	9.15	9.15	9.15	9.15	0
242	2018-03-05	9.15	9.15	9.15	9.15	0
243	2018-03-06	9.37	9.37	9.37	9.37	13700
244	2018-03-07	9.92	9.92	9.92	9.92	10000
245	2018-03-08	9.92	9.92	9.92	9.92	0
246	2018-03-09	9.92	9.92	9.92	9.92	0
247	2018-03-12	9.92	9.92	9.92	9.92	0
248	2018-03-13	9.92	9.92	9.92	9.92	0
249	2018-03-14	8.82	8.82	8.82	8.82	700
250	2018-03-15	8.71	8.71	8.71	8.71	13000
251	2018-03-16	9.65	9.65	9.65	9.65	2500
252	2018-03-19	9.65	9.65	9.65	9.65	0
253	2018-03-20	9.65	9.65	9.65	9.65	0
254	2018-03-21	9.65	9.65	8.6	9.65	3000
255	2018-03-22	9.59	9.59	9.59	9.59	0
256	2018-03-23	9.59	9.59	9.48	9.48	13300
257	2018-03-26	9.54	9.54	9.54	9.54	0
258	2018-03-27	9.54	9.54	9.54	9.54	0
259	2018-03-28	9.54	9.54	9.54	9.48	40
260	2018-03-29	9.52	9.52	9.52	9.52	0
261	2018-03-30	9.4	9.4	9.4	9.4	3000
262	2018-04-02	9.4	9.4	9.4	9.4	0
263	2018-04-03	9.4	9.4	9.4	9.4	0
264	2018-04-04	8.55	8.55	8.55	8.55	500
265	2018-04-05	8.49	8.49	8.49	8.49	200
266	2018-04-06	8.49	8.49	8.49	8.49	0
267	2018-04-09	8.49	8.49	8.37	8.37	1000
268	2018-04-10	8.43	8.43	8.43	8.43	0
269	2018-04-11	8.43	8.43	8.43	8.43	0
270	2018-04-12	8.43	8.43	8.43	8.43	0
271	2018-04-13	8.43	8.43	8.43	8.43	0
272	2018-04-16	8.43	8.43	8.43	8.43	0
273	2018-04-17	9.1	9.1	8.43	8.43	1600
274	2018-04-18	9.7	9.7	8.49	8.49	200
275	2018-04-19	10.31	10.31	10.31	10.31	200
276	2018-04-20	11.83	11.83	11.83	11.83	100
277	2018-04-23	11.83	11.83	11.83	11.83	0
278	2018-04-24	13.04	13.04	13.04	13.04	200
279	2018-04-26	13.04	13.04	13.04	13.04	0
280	2018-04-27	13.04	13.04	13.04	13.04	0
281	2018-05-02	13.04	13.04	13.04	13.04	0
282	2018-05-03	13.04	13.04	13.04	13.04	0
283	2018-05-04	13.04	13.04	13.04	13.04	0
284	2018-05-07	13.04	13.04	13.04	13.04	0
285	2018-05-08	13.04	13.04	13.04	13.04	0
286	2018-05-09	13.04	13.04	13.04	13.04	0
287	2018-05-10	13.04	13.04	13.04	13.04	0
288	2018-05-11	13.04	13.04	13.04	13.04	0
289	2018-05-14	13.04	13.04	13.04	13.04	0
290	2018-05-15	13.04	13.04	13.04	13.04	0
291	2018-05-16	11.1	11.1	11.1	11.1	100
292	2018-05-17	11.1	11.1	11.1	11.1	0
293	2018-05-18	11.1	11.1	11.1	11.1	0
294	2018-05-21	9.46	9.46	9.46	9.46	100
295	2018-05-22	9.46	9.46	9.46	9.46	0
296	2018-05-23	9.46	9.46	9.46	9.46	0
297	2018-05-24	9.46	9.46	9.46	9.46	0
298	2018-05-25	9.46	9.46	9.46	9.46	0
299	2018-05-28	9.46	9.46	9.46	9.46	0
300	2018-05-29	8.49	8.49	8.49	8.49	100
301	2018-05-30	8.49	8.49	8.49	8.49	0
302	2018-05-31	8.49	8.49	8.49	8.49	0
303	2018-06-01	8.49	8.49	8.49	8.49	0
304	2018-06-04	8.49	8.49	8.49	8.49	0
305	2018-06-05	8.49	8.49	8.49	8.49	0
306	2018-06-06	8.49	8.49	8.49	8.49	0
307	2018-06-07	8.49	8.49	8.49	8.49	0
308	2018-06-08	8.49	8.49	8.49	8.49	0
309	2018-06-11	8.49	8.49	8.49	8.49	0
310	2018-06-12	8.49	8.49	8.49	8.49	0
311	2018-06-13	8.49	8.49	8.49	8.49	0
312	2018-06-14	8.49	8.49	8.49	8.49	0
313	2018-06-15	8.49	8.49	8.49	8.49	0
314	2018-06-18	8.49	8.49	8.49	8.49	0
315	2018-06-19	8.49	8.49	8.49	8.49	0
316	2018-06-20	8.49	8.49	8.49	8.49	0
317	2018-06-21	8.49	8.49	8.49	8.49	0
318	2018-06-22	7.58	7.58	7.58	7.58	1300
319	2018-06-25	7.28	7.28	7.28	7.28	1500
320	2018-06-26	7.28	7.28	7.28	7.28	500
321	2018-06-27	7.28	7.28	7.28	7.28	5000
322	2018-06-28	7.28	7.28	7.28	7.28	8000
323	2018-06-29	7.28	7.28	7.28	7.28	44400
324	2018-07-02	7.28	7.58	7.28	7.58	6000
325	2018-07-03	7.52	7.52	7.52	7.52	0
326	2018-07-04	7.52	7.52	7.52	7.52	0
327	2018-07-05	7.52	7.52	7.52	7.58	64
328	2018-07-06	7.28	7.28	7.28	7.28	1000
329	2018-07-09	7.28	7.28	7.28	7.28	0
330	2018-07-10	7.28	7.28	7.28	7.28	1000
331	2018-07-11	7.28	7.28	7.28	7.28	2000
332	2018-07-12	6.97	6.97	6.97	6.97	100
333	2018-07-13	7.28	7.28	7.28	7.28	3000
334	2018-07-16	7.28	7.28	7.28	7.28	0
335	2018-07-17	7.28	7.28	7.28	7.28	600
336	2018-07-18	7.28	7.28	7.28	7.28	0
337	2018-07-19	7.28	7.28	7.28	7.28	0
338	2018-07-20	7.28	7.28	7.28	7.28	0
339	2018-07-23	7.28	7.28	7.28	7.28	0
340	2018-07-24	7.28	7.28	7.28	7.28	0
341	2018-07-25	7.28	7.28	7.28	7.28	100
342	2018-07-26	7.28	7.28	7.28	7.28	0
343	2018-07-27	7.28	7.28	7.28	7.28	0
344	2018-07-30	7.28	7.28	7.28	7.28	0
345	2018-07-31	7.28	7.28	7.28	7.28	0
346	2018-08-01	7.28	7.28	7.28	7.28	0
347	2018-08-02	7.28	7.28	7.28	7.28	0
348	2018-08-03	7.28	7.28	7.28	7.28	3000
349	2018-08-06	7.28	7.28	7.28	7.28	0
350	2018-08-07	7.28	7.28	7.28	7.28	0
351	2018-08-08	7.28	7.28	7.28	7.28	0
352	2018-08-09	7.28	7.28	7.28	7.28	0
353	2018-08-10	7.28	7.28	7.28	7.28	0
354	2018-08-13	7.28	7.28	7.28	7.28	0
355	2018-08-14	7.28	7.28	7.28	7.28	0
356	2018-08-15	7.28	7.28	7.28	7.28	0
357	2018-08-16	7.28	7.28	7.28	7.28	0
358	2018-08-17	7.28	7.28	7.28	7.28	0
359	2018-08-20	7.28	7.28	7.28	7.28	0
360	2018-08-21	7.28	7.28	7.28	7.28	0
361	2018-08-22	7.28	7.28	7.28	7.28	0
362	2018-08-23	6.67	6.67	6.67	6.67	800
363	2018-08-24	6.67	6.67	6.67	6.67	0
364	2018-08-27	6.67	6.67	6.67	6.67	0
365	2018-08-28	6.37	6.67	6.37	6.67	15700
366	2018-08-29	6.67	6.67	6.67	6.67	1000
367	2018-08-30	5.88	6.06	5.88	6.06	1800
368	2018-08-31	6.67	6.67	6.67	6.67	5000
369	2018-09-04	6.67	6.67	6.67	6.67	2000
370	2018-09-05	6.67	6.67	6.67	6.67	700
371	2018-09-06	6.67	6.79	6.67	6.79	5150
372	2018-09-07	6.67	6.67	6.67	6.67	200
373	2018-09-10	6.67	6.67	6.67	6.67	1800
374	2018-09-11	6.67	6.67	6.67	6.67	0
375	2018-09-12	6.67	6.67	6.67	6.67	0
376	2018-09-13	6.67	6.67	6.67	6.67	0
377	2018-09-14	6.67	6.67	6.67	6.67	14
378	2018-09-17	6.67	6.67	6.67	6.67	0
379	2018-09-18	6.67	6.67	6.67	6.67	0
380	2018-09-19	6.67	6.67	6.67	6.67	0
381	2018-09-20	6.67	6.67	6.67	6.67	15000
382	2018-09-21	6.67	6.67	6.67	6.67	0
383	2018-09-24	6.37	6.37	6.37	6.37	2000
384	2018-09-25	6.37	6.37	6.37	6.37	0
385	2018-09-26	6.37	6.37	6.37	6.37	2400
386	2018-09-27	6.37	6.37	6.37	6.37	14
387	2018-09-28	6.67	6.79	6.67	6.79	10086
388	2018-10-01	6.67	6.67	6.67	6.67	5000
389	2018-10-02	6.67	6.67	6.67	6.67	0
390	2018-10-03	6.67	6.67	6.67	6.67	0
391	2018-10-04	6.67	6.67	6.67	6.67	0
392	2018-10-05	6.67	6.67	6.67	6.67	0
393	2018-10-08	6.67	6.67	6.67	6.67	0
394	2018-10-09	6.67	6.67	6.67	6.67	0
395	2018-10-10	6.67	6.67	6.67	6.67	0
396	2018-10-11	6.67	6.67	6.67	6.67	0
397	2018-10-12	6.67	6.67	6.67	6.67	0
398	2018-10-15	6.67	6.67	6.67	6.67	0
399	2018-10-16	6.67	6.67	6.67	6.67	0
400	2018-10-17	7.22	7.22	7.22	7.22	100
401	2018-10-18	7.22	7.22	7.22	7.22	0
402	2018-10-19	6.67	6.67	6.67	6.67	1900
403	2018-10-22	6.67	6.67	6.67	6.67	0
404	2018-10-23	6.67	6.67	6.67	6.67	0
405	2018-10-24	6.67	6.67	6.67	6.67	0
406	2018-10-25	6.67	6.67	6.67	6.67	0
407	2018-10-26	6.67	6.67	6.67	6.67	0
408	2018-10-29	6.67	6.67	6.67	6.67	0
409	2018-10-30	6.67	6.67	6.67	6.67	0
410	2018-10-31	6.67	6.67	6.67	6.67	0
411	2018-11-01	6.67	6.67	6.67	6.67	0
412	2018-11-02	6.67	6.67	6.67	6.67	0
413	2018-11-05	7.64	7.64	7.64	7.64	100
414	2018-11-06	7.64	7.64	7.64	7.64	0
415	2018-11-07	7.64	7.64	7.64	7.64	0
416	2018-11-08	7.64	7.64	7.64	7.64	0
417	2018-11-09	7.64	7.64	7.64	7.64	0
418	2018-11-12	7.64	7.64	7.64	7.64	0
419	2018-11-13	8.73	8.73	8.73	8.73	100
420	2018-11-14	8.73	8.73	8.73	8.73	0
421	2018-11-15	8.73	8.73	8.73	8.73	0
422	2018-11-16	8.73	8.73	8.73	8.73	0
423	2018-11-19	8.73	8.73	8.73	8.73	0
424	2018-11-20	8.73	8.73	8.73	8.73	0
425	2018-11-21	8.73	8.73	8.73	8.73	0
426	2018-11-22	7.46	7.46	7.46	7.46	100
427	2018-11-23	7.46	7.46	7.46	7.46	0
428	2018-11-26	6.37	6.37	6.37	6.37	100
429	2018-11-27	6.37	6.37	6.37	6.37	0
430	2018-11-28	6.37	6.37	6.37	6.37	0
431	2018-11-29	6.37	6.37	6.37	6.37	0
432	2018-11-30	6.37	6.37	6.37	6.37	0
433	2018-12-03	6.37	6.37	6.37	6.37	0
434	2018-12-04	6.37	6.37	6.37	6.37	0
435	2018-12-05	6.37	6.37	6.37	6.37	0
436	2018-12-06	6.37	6.37	6.37	6.37	0
437	2018-12-07	6.37	6.37	6.37	6.37	0
438	2018-12-10	6.06	6.06	6.06	6.06	3350
439	2018-12-11	6.06	6.06	6.06	6.06	2200
440	2018-12-12	6.06	6.06	6.06	6.06	0
441	2018-12-13	6.06	6.06	6.06	6.06	200
442	2018-12-14	6.06	6.06	6.06	6.06	0
443	2018-12-17	6.06	6.06	6.06	6.06	0
444	2018-12-18	6.06	6.06	6.06	6.06	0
445	2018-12-19	6.06	6.06	6.06	6.06	0
446	2018-12-20	6.06	6.06	6.06	6.06	0
447	2018-12-21	6.06	6.06	6.06	6.06	0
448	2018-12-24	6.06	6.06	6.06	6.06	0
449	2018-12-25	6.06	6.06	6.06	6.06	0
450	2018-12-26	6.06	6.06	6.06	6.06	0
451	2018-12-27	6.97	6.97	6.97	6.97	100
452	2018-12-28	6.97	6.97	6.97	6.97	0
453	2019-01-02	6.97	6.97	6.97	6.97	0
454	2019-01-03	6.97	6.97	6.97	6.97	0
455	2019-01-04	6.97	6.97	6.97	6.97	0
456	2019-01-07	6.97	6.97	6.97	6.97	0
457	2019-01-08	7.28	7.28	7.28	7.28	100
458	2019-01-09	6.19	6.19	6.19	6.19	100
459	2019-01-10	7.1	7.1	7.1	7.1	100
460	2019-01-11	8.13	8.13	8.13	8.13	100
461	2019-01-14	8.13	8.13	8.13	8.13	0
462	2019-01-15	8.13	8.13	8.13	8.13	0
463	2019-01-16	8.13	8.13	8.13	8.13	0
464	2019-01-17	6.91	6.91	6.91	6.91	100
465	2019-01-18	6.06	6.06	6.06	6.06	3000
466	2019-01-21	6.97	6.97	6.97	6.97	100
467	2019-01-22	6.97	6.97	6.97	6.97	0
468	2019-01-23	7.88	7.88	7.88	7.88	100
469	2019-01-24	7.88	7.88	7.88	7.88	0
470	2019-01-25	7.88	7.88	7.88	7.88	0
471	2019-01-28	7.88	7.88	7.88	7.88	0
472	2019-01-29	7.88	7.88	7.88	7.88	0
473	2019-01-30	7.88	7.88	7.88	7.88	0
474	2019-01-31	7.88	7.88	7.88	7.88	0
475	2019-02-01	7.88	7.88	7.88	7.88	0
476	2019-02-11	7.88	7.88	7.88	7.88	0
477	2019-02-12	7.88	7.88	7.88	7.88	0
478	2019-02-13	8.79	8.79	8.79	8.79	100
479	2019-02-14	8.79	8.79	8.79	8.79	0
480	2019-02-15	8.79	8.79	8.79	8.79	0
481	2019-02-18	8.79	8.79	8.79	8.79	0
482	2019-02-19	8.79	8.79	8.79	8.79	0
483	2019-02-20	8.79	8.79	8.79	8.79	0
484	2019-02-21	8.79	8.79	8.79	8.79	0
485	2019-02-22	8.79	8.79	8.79	8.79	0
486	2019-02-25	8.79	8.79	8.79	8.79	0
487	2019-02-26	8.79	8.79	8.79	8.79	0
488	2019-02-27	8.79	8.79	8.79	8.79	0
489	2019-02-28	8.79	8.79	8.79	8.79	0
490	2019-03-01	8.79	8.79	8.79	8.79	0
491	2019-03-04	8.79	8.79	8.79	8.79	0
492	2019-03-05	8.79	8.79	8.79	8.79	0
493	2019-03-06	8.79	8.79	8.79	8.79	0
494	2019-03-07	7.52	7.52	7.52	7.52	200
495	2019-03-08	7.52	7.52	7.52	7.52	0
496	2019-03-11	6.97	6.97	6.97	6.97	200
497	2019-03-12	6.97	6.97	6.97	6.97	0
498	2019-03-13	6.67	6.67	6.67	6.67	500
499	2019-03-14	6.67	6.67	6.06	6.06	400
500	2019-03-15	6.06	6.06	6.06	6.06	150
501	2019-03-18	6.06	6.06	6.06	6.06	0
502	2019-03-19	6.06	6.55	6.06	6.55	12400
503	2019-03-20	6.06	6.06	6.06	6.06	4200
504	2019-03-21	5.7	6.67	5.7	6.67	200
505	2019-03-22	6.19	6.67	6.67	6.67	0
506	2019-03-25	6.19	6.67	6.67	6.67	0
507	2019-03-26	5.64	5.64	5.64	5.64	100
508	2019-03-27	5.64	5.64	5.64	5.64	0
509	2019-03-28	5.64	5.64	5.64	5.64	0
510	2019-03-29	6.31	6.31	6.31	6.31	100
511	2019-04-01	6.31	6.31	6.31	6.31	0
512	2019-04-02	6.31	6.31	6.31	6.31	0
513	2019-04-03	6.31	6.31	6.31	6.31	0
514	2019-04-04	6.31	6.31	6.31	6.31	0
515	2019-04-05	6.67	6.67	6.67	6.67	100
516	2019-04-08	6.67	6.67	6.67	6.67	0
517	2019-04-09	6.67	6.67	6.67	6.67	0
518	2019-04-10	6.67	6.67	6.67	6.67	0
519	2019-04-11	6.67	6.67	6.67	6.67	0
520	2019-04-12	6.43	7.64	6.43	7.64	200
521	2019-04-16	7.03	7.64	7.64	7.64	0
522	2019-04-17	7.03	7.64	7.64	7.64	0
523	2019-04-18	7.0	8.41	8.41	8.41	0
524	2019-04-19	7.0	8.41	8.41	8.41	0
525	2019-04-22	6.67	6.67	6.67	6.67	100
526	2019-04-23	6.67	6.67	6.67	6.67	0
527	2019-04-24	6.67	6.67	6.67	6.67	0
528	2019-04-25	6.67	6.67	6.67	6.67	0
529	2019-04-26	6.67	6.67	6.67	6.67	0
530	2019-05-02	6.67	6.67	6.67	6.67	0
531	2019-05-03	6.67	6.67	6.67	6.67	0
532	2019-05-06	6.67	6.67	6.67	6.67	0
533	2019-05-07	6.67	6.67	6.67	6.67	0
534	2019-05-08	6.67	6.67	6.67	6.67	0
535	2019-05-09	6.67	6.67	6.67	6.67	0
536	2019-05-10	6.67	6.67	6.67	6.67	0
537	2019-05-13	6.67	6.67	6.67	6.67	0
538	2019-05-14	6.6	6.6	6.6	6.6	100
539	2019-05-15	6.6	6.6	6.6	6.6	0
540	2019-05-16	5.87	5.87	5.87	5.87	100
541	2019-05-17	6.47	6.47	6.47	6.47	2000
542	2019-05-20	7.34	7.34	6.4	6.4	200
543	2019-05-21	6.87	6.4	6.4	6.4	0
544	2019-05-22	5.87	6.47	5.87	6.47	600
545	2019-05-23	5.6	6.0	5.6	5.74	4900
546	2019-05-24	5.74	6.0	5.74	6.0	1600
547	2019-05-27	5.94	5.94	5.94	5.94	1000
548	2019-05-28	5.94	5.94	5.94	5.94	0
549	2019-05-29	6.14	6.54	6.07	6.07	2800
550	2019-05-30	7.34	7.34	7.34	7.34	500
551	2019-05-31	6.27	6.27	6.27	6.27	2200
552	2019-06-03	6.27	6.27	6.27	6.27	0
553	2019-06-04	6.27	6.27	6.27	6.27	0
554	2019-06-05	6.27	6.27	6.27	6.27	0
555	2019-06-06	6.27	6.27	6.27	6.27	0
556	2019-06-07	6.27	6.27	6.27	6.27	0
557	2019-06-10	6.27	6.27	6.27	6.27	0
558	2019-06-11	6.27	6.27	6.27	6.27	0
559	2019-06-12	6.0	6.0	6.0	6.0	1700
560	2019-06-13	5.54	6.0	5.54	6.0	1200
561	2019-06-14	5.94	6.0	6.0	6.0	0
562	2019-06-17	5.34	5.34	5.34	5.34	400
563	2019-06-18	5.34	5.34	5.34	5.34	0
564	2019-06-19	5.34	5.34	5.34	5.34	0
565	2019-06-20	5.34	5.34	5.34	5.34	0
566	2019-06-21	5.34	5.34	5.34	5.34	0
567	2019-06-24	5.67	5.87	5.54	5.6	4000
568	2019-06-25	5.54	5.54	5.54	5.54	1000
569	2019-06-26	5.54	5.54	5.54	5.54	2000
570	2019-06-27	5.54	5.54	5.54	5.54	0
571	2019-06-28	5.07	5.47	5.07	5.47	13255
572	2019-07-01	5.74	5.74	5.47	5.47	2400
573	2019-07-02	5.54	5.47	5.47	5.47	0
574	2019-07-03	5.47	5.47	5.47	5.47	1000
575	2019-07-04	5.54	5.54	5.54	5.47	710
576	2019-07-05	5.47	5.54	5.54	5.54	0
577	2019-07-08	5.47	5.54	5.54	5.54	0
578	2019-07-09	5.14	5.14	5.07	5.07	1210
579	2019-07-10	5.07	5.07	5.07	5.07	0
580	2019-07-11	5.67	5.74	5.67	5.74	1700
581	2019-07-12	5.67	5.67	5.67	5.74	30
582	2019-07-15	5.67	5.74	5.74	5.74	0
583	2019-07-16	5.67	5.74	5.74	5.74	0
584	2019-07-17	5.67	5.74	5.74	5.74	0
585	2019-07-18	5.67	5.74	5.74	5.74	0
586	2019-07-19	5.67	5.74	5.74	5.74	0
587	2019-07-22	5.67	5.74	5.74	5.74	0
588	2019-07-23	5.67	5.74	5.74	5.74	0
589	2019-07-24	5.67	5.74	5.74	5.74	0
590	2019-07-25	5.67	5.74	5.74	5.74	0
591	2019-07-26	5.67	5.74	5.74	5.74	0
592	2019-07-29	5.67	5.74	5.74	5.74	0
593	2019-07-30	6.0	6.0	6.0	6.0	21544
594	2019-07-31	6.0	6.0	6.0	6.0	0
595	2019-08-01	6.0	6.0	6.0	6.0	6500
596	2019-08-02	6.0	6.0	6.0	6.0	0
597	2019-08-05	5.67	5.67	5.67	5.67	12500
598	2019-08-06	5.67	5.67	5.67	5.67	1100
599	2019-08-07	5.67	5.67	5.34	5.34	2500
600	2019-08-08	5.6	5.34	5.34	5.34	0
601	2019-08-09	5.6	5.34	5.34	5.34	0
602	2019-08-12	5.6	5.34	5.34	5.34	0
603	2019-08-13	5.6	5.6	5.6	5.34	10
604	2019-08-14	5.6	5.34	5.34	5.34	0
605	2019-08-15	5.6	5.34	5.34	5.34	0
606	2019-08-16	5.6	5.34	5.34	5.34	0
607	2019-08-19	5.6	5.6	5.6	5.6	1400
608	2019-08-20	5.6	5.6	5.6	5.6	0
609	2019-08-21	5.6	5.6	5.6	5.6	0
610	2019-08-22	5.8	5.8	5.8	5.8	23000
611	2019-08-23	5.8	5.8	5.8	5.8	7000
612	2019-08-26	5.8	5.8	5.8	5.8	200
613	2019-08-27	5.8	5.8	5.8	5.8	0
614	2019-08-28	5.8	5.8	5.8	5.8	0
615	2019-08-29	5.8	5.8	5.8	5.8	0
616	2019-08-30	5.8	5.8	5.8	5.8	0
617	2019-09-03	5.8	5.8	5.8	5.8	0
618	2019-09-04	5.8	5.8	5.8	5.8	0
619	2019-09-05	5.8	5.8	5.8	5.8	0
620	2019-09-06	5.8	5.8	5.8	5.8	0
621	2019-09-09	5.8	5.8	5.8	5.8	0
622	2019-09-10	5.8	5.8	5.8	5.8	0
623	2019-09-11	5.8	5.8	5.8	5.8	0
624	2019-09-12	5.8	5.8	5.8	5.8	0
625	2019-09-13	5.8	5.8	5.8	5.8	0
626	2019-09-16	5.8	5.8	5.8	5.8	0
627	2019-09-17	5.8	5.8	5.8	5.8	0
628	2019-09-18	6.0	6.0	6.0	6.0	2000
629	2019-09-19	6.0	6.0	6.0	6.0	2000
630	2019-09-20	6.0	6.0	6.0	6.0	1300
631	2019-09-23	6.0	6.0	6.0	6.0	500
632	2019-09-24	6.0	6.0	6.0	6.0	0
633	2019-09-25	6.0	6.0	6.0	6.0	0
634	2019-09-26	6.0	6.0	6.0	6.0	0
635	2019-09-27	6.0	6.0	6.0	6.0	0
636	2019-09-30	6.0	6.0	6.0	6.0	0
637	2019-10-01	6.0	6.0	6.0	6.0	0
638	2019-10-02	6.0	6.0	6.0	6.0	0
639	2019-10-03	6.0	6.0	6.0	6.0	0
640	2019-10-04	6.0	6.0	6.0	6.0	0
641	2019-10-07	6.0	6.0	6.0	6.0	0
642	2019-10-08	6.0	6.0	6.0	6.0	0
643	2019-10-09	6.87	6.87	6.87	6.87	100
644	2019-10-10	6.87	6.87	6.87	6.87	0
645	2019-10-11	6.87	6.87	6.87	6.87	0
646	2019-10-14	6.87	6.87	6.87	6.87	0
647	2019-10-15	6.87	6.87	6.87	6.87	0
648	2019-10-16	6.87	6.87	6.87	6.87	0
649	2019-10-17	6.87	6.87	6.87	6.87	0
650	2019-10-18	6.87	6.87	6.87	6.87	0
651	2019-10-21	6.87	6.87	6.87	6.87	0
652	2019-10-22	6.87	6.87	6.87	6.87	1000
653	2019-10-23	7.87	7.87	7.87	7.87	5910
654	2019-10-24	7.87	7.87	7.87	7.87	0
655	2019-10-25	7.87	7.87	7.87	7.87	0
656	2019-10-28	6.74	6.74	6.74	6.74	10000
657	2019-10-29	6.74	6.74	6.74	6.74	0
658	2019-10-30	6.54	6.54	6.54	6.54	2500
659	2019-10-31	6.4	6.4	6.27	6.54	11490
660	2019-11-01	6.34	6.34	6.34	6.34	3000
661	2019-11-04	6.4	6.4	6.34	6.34	5000
662	2019-11-05	6.34	6.34	6.34	6.34	2100
663	2019-11-06	6.34	6.34	6.34	6.34	0
664	2019-11-07	6.34	6.34	6.34	6.34	1000
665	2019-11-08	6.34	6.34	6.34	6.34	0
666	2019-11-11	6.34	6.34	6.34	6.34	0
667	2019-11-12	6.27	6.27	6.2	6.2	6100
668	2019-11-13	6.27	6.27	6.27	6.2	30
669	2019-11-14	6.27	6.27	6.27	6.2	11
670	2019-11-15	6.34	6.34	6.34	6.34	10000
671	2019-11-18	6.27	6.34	6.27	6.34	3600
672	2019-11-19	6.34	6.34	6.34	6.34	0
673	2019-11-20	6.34	6.34	6.34	6.34	1274
674	2019-11-21	6.34	6.34	6.34	6.34	1400
675	2019-11-22	6.34	6.34	6.34	6.34	2000
676	2019-11-25	6.34	6.34	6.34	6.34	0
677	2019-11-26	6.34	6.34	6.34	6.34	0
678	2019-11-27	6.34	6.34	6.34	6.34	2000
679	2019-11-28	6.34	6.34	6.34	6.34	0
680	2019-11-29	6.34	6.34	6.34	6.34	1210
681	2019-12-02	6.34	6.34	6.34	6.34	0
682	2019-12-03	6.34	6.34	6.34	6.34	0
683	2019-12-04	6.34	6.34	6.34	6.34	0
684	2019-12-05	6.34	6.34	6.34	6.34	0
685	2019-12-06	6.34	6.34	6.34	6.34	0
686	2019-12-09	6.34	6.34	6.34	6.34	0
687	2019-12-10	6.34	6.34	6.34	6.34	4263
688	2019-12-11	6.34	6.34	6.34	6.34	2500
689	2019-12-12	6.34	6.34	6.34	6.34	0
690	2019-12-13	6.34	7.0	6.34	7.0	2200
691	2019-12-16	6.4	6.4	6.4	7.0	30
692	2019-12-17	6.4	7.0	7.0	7.0	0
693	2019-12-18	5.6	5.6	5.6	5.6	1000
694	2019-12-19	6.4	6.4	6.4	6.4	150
695	2019-12-20	6.4	6.4	6.4	6.4	0
696	2019-12-23	6.4	6.4	6.4	6.4	0
697	2019-12-24	6.27	6.4	6.27	6.4	1100
698	2019-12-25	6.34	6.4	6.4	6.4	0
699	2019-12-26	6.34	6.4	6.4	6.4	0
700	2019-12-27	6.34	6.4	6.4	6.4	0
701	2019-12-30	6.34	6.4	6.4	6.4	0
702	2019-12-31	6.34	6.34	6.34	6.34	1100
703	2020-01-02	6.34	6.34	6.34	6.34	0
704	2020-01-03	6.34	6.34	6.34	6.34	0
705	2020-01-06	6.34	6.34	6.34	6.34	0
706	2020-01-07	6.34	6.34	6.34	6.34	1524
707	2020-01-08	6.34	6.34	6.34	6.34	0
708	2020-01-09	6.34	6.34	6.34	6.34	0
709	2020-01-10	6.34	6.34	6.34	6.34	0
710	2020-01-13	6.34	6.34	6.34	6.34	0
711	2020-01-14	6.34	6.34	6.34	6.34	0
712	2020-01-15	6.34	6.34	6.34	6.34	0
713	2020-01-16	6.34	6.34	6.34	6.34	0
714	2020-01-17	6.34	6.34	6.34	6.34	5
715	2020-01-20	6.34	6.34	6.34	6.34	0
716	2020-01-21	7.27	7.27	7.27	7.27	100
717	2020-01-22	8.34	8.34	8.34	8.34	100
718	2020-01-30	9.54	9.54	9.54	9.54	100
719	2020-01-31	9.74	9.74	9.54	9.54	4500
720	2020-02-03	9.74	9.74	8.34	8.34	3700
721	2020-02-04	9.01	8.34	8.34	8.34	0
722	2020-02-05	9.01	9.01	9.01	9.01	100
723	2020-02-06	9.01	9.01	9.01	9.01	0
724	2020-02-07	9.01	9.01	9.01	9.01	0
725	2020-02-10	9.01	9.01	9.01	9.01	0
726	2020-02-11	9.01	9.01	9.01	9.01	0
727	2020-02-12	10.21	10.21	10.21	10.21	100
728	2020-02-13	10.21	10.21	10.21	10.21	0
729	2020-02-14	10.21	10.21	10.21	10.21	0
730	2020-02-17	10.21	10.21	10.21	10.21	0
731	2020-02-18	10.21	10.21	10.21	10.21	0
732	2020-02-19	10.21	10.21	10.21	10.21	0
733	2020-02-20	10.21	10.21	10.21	10.21	0
734	2020-02-21	10.21	10.21	10.21	10.21	0
735	2020-02-24	10.21	10.21	10.21	10.21	0
736	2020-02-25	10.21	10.21	10.21	10.21	0
737	2020-02-26	10.21	10.21	10.21	10.21	0
738	2020-02-27	10.21	10.21	10.21	10.21	0
739	2020-02-28	10.21	10.21	10.21	10.21	0
740	2020-03-02	10.21	10.21	10.21	10.21	0
741	2020-03-03	10.21	10.21	10.21	10.21	0
742	2020-03-04	10.21	10.21	10.21	10.21	0
743	2020-03-05	10.21	10.21	10.21	10.21	0
744	2020-03-06	10.21	10.21	10.21	10.21	0
745	2020-03-09	10.21	10.21	10.21	10.21	0
746	2020-03-10	10.21	10.21	10.21	10.21	0
747	2020-03-11	10.21	10.21	10.21	10.21	0
748	2020-03-12	10.21	10.21	10.21	10.21	0
749	2020-03-13	10.21	10.21	10.21	10.21	0
750	2020-03-16	10.21	10.21	10.21	10.21	0
751	2020-03-17	10.21	10.21	10.21	10.21	0
752	2020-03-18	10.21	10.21	10.21	10.21	0
753	2020-03-19	8.74	8.74	8.74	8.74	9900
754	2020-03-20	7.47	7.47	7.47	7.47	500
755	2020-03-23	6.67	6.67	6.67	6.67	6800
756	2020-03-24	6.67	6.67	6.67	6.67	100
757	2020-03-25	6.67	6.67	6.67	6.67	0
758	2020-03-26	6.67	6.67	6.67	6.67	0
759	2020-03-27	6.67	6.67	6.67	6.67	0
760	2020-03-30	6.67	6.67	6.67	6.67	0
761	2020-03-31	6.67	6.67	6.67	6.67	0
762	2020-04-01	6.67	6.67	6.67	6.67	0
763	2020-04-03	6.67	6.67	6.67	6.67	0
764	2020-04-06	6.67	6.67	6.67	6.67	0
765	2020-04-07	6.68	7.34	7.34	7.34	0
766	2020-04-08	6.68	7.34	7.34	7.34	0
767	2020-04-09	6.68	6.68	6.68	6.68	700
768	2020-04-10	6.68	6.68	6.68	6.68	0
769	2020-04-13	6.68	6.68	6.68	6.68	0
770	2020-04-14	6.68	6.68	6.68	6.68	0
771	2020-04-15	6.68	6.68	6.68	6.68	0
772	2020-04-16	6.68	6.68	6.68	6.68	0
773	2020-04-17	6.68	6.68	6.68	6.68	0
774	2020-04-20	6.68	6.68	6.68	6.68	0
775	2020-04-21	6.68	6.68	6.68	6.68	6050
776	2020-04-22	6.68	6.68	6.68	6.68	0
777	2020-04-23	6.68	6.68	6.68	6.68	0
778	2020-04-24	6.68	6.68	6.68	6.68	0
779	2020-04-27	6.68	6.68	6.68	6.68	0
780	2020-04-28	6.68	6.68	6.68	6.68	0
781	2020-04-29	6.68	6.68	6.68	6.68	1300
782	2020-05-04	6.68	6.68	6.68	6.68	0
783	2020-05-05	6.68	6.68	6.68	6.68	0
784	2020-05-06	6.68	6.68	6.68	6.68	0
785	2020-05-07	6.68	6.68	6.68	6.68	0
786	2020-05-08	6.68	6.68	6.68	6.68	0
787	2020-05-11	7.34	7.34	7.34	7.34	2420
788	2020-05-12	7.34	7.34	7.34	7.34	0
789	2020-05-13	7.34	7.34	7.34	7.34	0
790	2020-05-14	7.34	7.34	7.34	7.34	0
791	2020-05-15	7.34	7.34	7.34	7.34	0
792	2020-05-18	6.97	6.97	6.97	6.97	600
793	2020-05-19	6.97	6.97	6.97	6.97	0
794	2020-05-20	6.97	6.97	6.97	6.97	0
795	2020-05-21	6.97	6.97	6.97	6.97	100
796	2020-05-22	8.0	8.0	8.0	8.0	1000
797	2020-05-25	8.0	8.0	8.0	8.0	0
798	2020-05-26	7.34	7.34	7.34	7.34	3757
799	2020-05-27	7.34	7.34	7.34	7.34	0
800	2020-05-28	7.34	7.34	7.34	7.34	0
801	2020-05-29	8.22	8.22	8.22	8.22	200
802	2020-06-01	8.22	8.22	8.22	8.22	0
803	2020-06-02	8.22	8.22	8.22	8.22	0
804	2020-06-03	8.81	8.81	8.81	8.81	500
805	2020-06-04	8.81	8.81	8.81	8.81	0
806	2020-06-05	8.81	8.81	8.81	8.81	0
807	2020-06-08	8.81	8.81	8.81	8.81	0
808	2020-06-09	8.81	8.81	8.81	8.81	0
809	2020-06-10	8.81	8.81	8.81	8.81	0
810	2020-06-11	8.81	8.81	8.81	8.81	0
811	2020-06-12	8.81	8.81	8.81	8.81	0
812	2020-06-15	8.81	8.81	8.81	8.81	0
813	2020-06-16	8.81	8.81	8.81	8.81	0
814	2020-06-17	8.81	8.81	8.81	8.81	0
815	2020-06-18	7.7	7.7	7.7	7.7	500
816	2020-06-19	6.68	7.7	6.68	7.7	2500
817	2020-06-22	7.48	7.7	7.7	7.7	0
818	2020-06-23	7.48	7.48	7.34	7.34	3000
819	2020-06-24	7.34	7.34	7.34	7.34	13310
820	2020-06-25	7.34	7.34	7.34	7.34	0
821	2020-06-26	7.34	7.34	7.34	7.34	0
822	2020-06-29	7.34	7.34	7.34	7.34	0
823	2020-06-30	7.34	7.34	7.34	7.34	0
824	2020-07-01	7.34	7.34	7.34	7.34	0
825	2020-07-02	7.34	7.34	7.34	7.34	0
826	2020-07-03	6.97	6.97	6.97	6.97	800
827	2020-07-06	6.97	7.34	6.97	7.34	1200
828	2020-07-07	7.19	7.34	7.34	7.34	0
829	2020-07-08	7.26	7.26	7.26	7.26	242
830	2020-07-09	7.12	7.12	7.12	7.12	7000
831	2020-07-10	7.12	7.12	6.97	6.97	6337
832	2020-07-13	7.7	7.7	7.7	7.7	100
833	2020-07-14	7.7	7.7	7.7	7.7	0
834	2020-07-15	7.34	7.34	7.34	7.34	4400
835	2020-07-16	7.34	7.34	7.34	7.34	26656
836	2020-07-17	7.34	7.34	7.34	7.34	5
837	2020-07-20	7.34	7.34	7.34	7.34	10000
838	2020-07-21	7.12	7.34	7.12	7.34	5110
839	2020-07-22	7.34	7.34	7.34	7.34	0
840	2020-07-23	7.34	7.34	7.34	7.34	0
841	2020-07-24	7.34	7.34	7.34	7.34	0
842	2020-07-27	7.34	7.34	7.34	7.34	0
843	2020-07-28	7.34	7.34	7.34	7.34	0
844	2020-07-29	7.34	7.34	7.34	7.34	0
845	2020-07-30	7.34	7.34	7.34	7.34	0
846	2020-07-31	7.34	7.34	7.34	7.34	0
847	2020-08-03	7.34	7.34	7.34	7.34	0
848	2020-08-04	7.34	7.34	7.34	7.34	11005
849	2020-08-05	7.34	7.34	7.34	7.34	0
850	2020-08-06	7.34	7.34	7.34	7.34	16900
851	2020-08-07	7.34	7.34	7.34	7.34	0
852	2020-08-10	7.34	7.34	7.34	7.34	0
853	2020-08-11	7.34	7.34	7.34	7.34	0
854	2020-08-12	7.34	7.34	7.34	7.34	0
855	2020-08-13	7.34	7.34	7.34	7.34	0
856	2020-08-14	7.34	7.34	7.34	7.34	0
857	2020-08-17	7.34	7.34	7.34	7.34	0
858	2020-08-18	7.12	7.19	7.12	7.19	1400
859	2020-08-19	7.19	7.19	7.12	7.12	1500
860	2020-08-20	7.19	7.12	7.12	7.12	0
861	2020-08-21	7.19	7.12	7.12	7.12	0
862	2020-08-24	7.19	7.19	7.19	7.19	100
863	2020-08-25	7.19	7.19	7.19	7.19	0
864	2020-08-26	7.19	7.19	7.19	7.19	1
865	2020-08-27	7.19	7.19	7.19	7.19	0
866	2020-08-28	7.19	7.19	7.19	7.19	0
867	2020-08-31	7.19	7.19	7.19	7.19	0
868	2020-09-01	7.19	7.19	7.19	7.19	600
869	2020-09-03	7.26	7.26	7.26	7.26	150
870	2020-09-04	7.26	7.26	7.19	7.19	8593
871	2020-09-07	7.19	7.19	7.19	7.19	0
872	2020-09-08	7.19	7.19	7.19	7.19	20
873	2020-09-09	8.07	8.07	8.07	8.07	100
874	2020-09-10	8.07	8.07	8.07	8.07	0
875	2020-09-11	7.26	7.26	7.19	7.19	1000
876	2020-09-14	7.34	7.34	7.34	7.34	5000
877	2020-09-15	7.34	7.34	7.34	7.34	0
878	2020-09-16	7.34	7.34	7.34	7.34	9510
879	2020-09-17	7.34	7.34	7.34	7.34	0
880	2020-09-18	7.34	7.34	7.34	7.34	0
881	2020-09-21	7.34	7.34	7.34	7.34	0
882	2020-09-22	7.48	7.48	7.48	7.48	100
883	2020-09-23	7.48	7.48	7.48	7.48	0
884	2020-09-24	7.12	7.12	7.12	7.12	18038
885	2020-09-25	7.12	7.12	7.12	7.12	1000
886	2020-09-28	7.12	7.12	7.12	7.12	0
887	2020-09-29	7.12	7.12	7.12	7.12	0
888	2020-09-30	7.12	7.12	7.12	7.12	0
889	2020-10-01	7.12	7.12	7.12	7.12	0
890	2020-10-02	7.12	7.12	7.12	7.12	0
891	2020-10-05	7.12	7.12	7.12	7.12	0
892	2020-10-06	7.12	7.12	7.12	7.12	0
893	2020-10-07	7.12	7.12	7.12	7.12	0
894	2020-10-08	7.12	7.12	7.12	7.12	0
895	2020-10-09	7.12	7.12	7.12	7.12	0
896	2020-10-12	7.12	7.12	7.12	7.12	0
897	2020-10-13	7.12	7.12	7.12	7.12	4000
898	2020-10-14	7.12	7.12	7.12	7.12	0
899	2020-10-15	7.12	7.12	7.12	7.12	0
900	2020-10-16	7.12	7.12	7.12	7.12	0
901	2020-10-19	7.12	7.12	7.12	7.12	0
902	2020-10-20	7.12	7.12	7.12	7.12	0
903	2020-10-21	7.12	7.12	7.12	7.12	0
904	2020-10-22	7.12	7.12	7.12	7.12	0
905	2020-10-23	7.12	7.12	7.12	7.12	0
906	2020-10-26	7.12	7.12	7.12	7.12	0
907	2020-10-27	7.12	7.12	7.12	7.12	0
908	2020-10-28	6.6	6.6	6.6	6.6	500
909	2020-10-29	6.6	6.6	6.6	6.6	0
910	2020-10-30	6.6	6.6	6.6	6.6	0
911	2020-11-02	6.68	6.68	6.68	6.68	1000
912	2020-11-03	6.68	6.68	6.68	6.68	0
913	2020-11-04	7.56	7.56	7.56	7.56	100
914	2020-11-05	6.82	7.34	6.82	7.34	200
915	2020-11-06	7.12	7.34	7.34	7.34	0
916	2020-11-09	6.31	6.31	6.31	6.31	100
917	2020-11-10	6.31	6.31	6.31	6.31	0
918	2020-11-11	7.12	7.12	7.12	7.12	100
919	2020-11-12	7.12	7.12	7.12	7.12	0
920	2020-11-13	6.09	7.78	6.09	7.78	200
921	2020-11-16	6.97	7.78	7.78	7.78	0
922	2020-11-17	6.97	7.78	7.78	7.78	0
923	2020-11-18	6.97	7.78	7.78	7.78	0
924	2020-11-19	6.09	6.09	6.09	6.09	100
925	2020-11-20	6.97	6.97	6.97	6.97	100
926	2020-11-23	6.97	6.97	6.97	6.97	0
927	2020-11-24	6.97	6.97	6.97	6.97	0
928	2020-11-25	5.94	5.94	5.94	5.94	100
929	2020-11-26	6.82	6.82	6.82	6.82	100
930	2020-11-27	6.82	6.82	6.82	6.82	0
931	2020-11-30	7.12	7.34	7.12	7.26	2700
932	2020-12-01	7.26	7.26	7.26	7.26	0
933	2020-12-02	7.26	7.26	7.26	7.26	0
934	2020-12-03	7.26	7.26	7.26	7.26	0
935	2020-12-04	7.34	7.34	7.34	7.34	100
936	2020-12-07	7.34	7.34	7.34	7.34	0
937	2020-12-08	7.34	7.34	7.34	7.34	6000
938	2020-12-09	7.34	7.34	7.26	7.34	6800
939	2020-12-10	6.82	7.26	6.82	7.26	5400
940	2020-12-11	6.82	7.12	6.82	7.12	1900
941	2020-12-14	7.12	7.12	7.12	7.12	0
942	2020-12-15	6.82	6.97	6.82	6.97	1100
943	2020-12-16	6.97	7.19	6.82	6.82	29100
944	2020-12-17	6.75	6.82	6.75	6.82	32300
945	2020-12-18	6.75	6.82	6.82	6.82	0
946	2020-12-21	6.82	6.82	6.82	6.82	210
947	2020-12-22	6.82	6.9	6.82	6.9	1360
948	2020-12-23	6.82	6.9	6.82	6.9	6100
949	2020-12-24	6.9	6.9	6.9	6.9	11000
950	2020-12-25	6.9	6.9	6.9	6.9	0
951	2020-12-28	6.97	6.97	6.97	6.97	200
952	2020-12-29	6.97	6.97	6.97	6.97	0
953	2020-12-30	6.97	6.97	6.97	6.97	0
954	2020-12-31	5.94	5.94	5.94	5.94	100
955	2021-01-04	5.94	5.94	5.94	5.94	0
956	2021-01-05	6.82	6.82	6.82	6.82	113
957	2021-01-06	7.12	7.12	7.12	7.12	4591
958	2021-01-07	7.12	7.12	7.12	7.12	0
959	2021-01-08	7.34	7.34	7.34	7.34	100
960	2021-01-11	7.34	7.34	7.34	7.34	0
961	2021-01-12	7.34	7.34	7.34	7.34	0
962	2021-01-13	7.26	7.34	7.26	7.34	200
963	2021-01-14	7.34	7.34	7.34	7.34	0
964	2021-01-15	7.34	7.34	7.34	7.34	1000
965	2021-01-18	7.34	7.7	7.34	7.7	400
966	2021-01-19	7.34	7.34	7.34	7.34	1000
967	2021-01-20	7.04	7.04	7.04	7.04	2000
968	2021-01-21	7.04	7.04	7.04	7.04	2081
969	2021-01-22	6.97	6.97	6.97	6.97	3500
970	2021-01-25	6.97	6.97	6.97	6.97	0
971	2021-01-26	6.97	6.97	6.97	6.97	0
972	2021-01-27	7.34	7.34	7.34	7.34	210
973	2021-01-28	7.34	7.34	7.26	7.26	600
974	2021-01-29	7.34	7.26	7.26	7.26	0
975	2021-02-01	7.34	7.26	7.26	7.26	0
976	2021-02-02	7.34	7.26	7.26	7.26	0
977	2021-02-03	7.34	7.26	7.26	7.26	0
978	2021-02-04	7.34	7.26	7.26	7.26	0
979	2021-02-05	7.34	7.26	7.26	7.26	0
980	2021-02-08	7.34	7.26	7.26	7.26	0
981	2021-02-09	7.34	7.26	7.26	7.26	0
982	2021-02-17	7.34	7.34	7.34	7.34	0
983	2021-02-18	7.34	7.26	7.26	7.26	0
984	2021-02-19	7.34	7.26	7.26	7.26	0
985	2021-02-22	7.34	7.26	7.26	7.26	0
986	2021-02-23	7.34	7.26	7.26	7.26	0
987	2021-02-24	7.34	7.26	7.26	7.26	0
988	2021-02-25	7.7	7.7	7.7	7.7	300
989	2021-02-26	7.7	7.7	7.7	7.7	500
990	2021-03-01	7.7	7.7	7.7	7.7	200
991	2021-03-02	7.7	7.7	7.34	7.34	1100
992	2021-03-03	7.34	7.34	7.34	7.34	0
993	2021-03-04	7.34	7.34	7.34	7.34	0
994	2021-03-05	7.34	7.34	7.34	7.34	100
995	2021-03-08	7.34	7.34	7.34	7.34	0
996	2021-03-09	7.34	7.34	7.34	7.34	0
997	2021-03-10	8.0	8.0	8.0	8.0	100
998	2021-03-11	8.0	8.0	8.0	8.0	0
999	2021-03-12	8.0	8.0	8.0	8.0	0
1000	2021-03-15	8.0	8.0	8.0	8.0	0
1001	2021-03-16	8.0	8.0	8.0	8.0	0
1002	2021-03-17	8.0	8.0	8.0	8.0	0
1003	2021-03-18	8.0	8.0	8.0	8.0	300
1004	2021-03-19	8.0	8.0	8.0	8.0	0
1005	2021-03-22	8.44	8.44	8.44	8.44	100
1006	2021-03-23	7.7	7.7	7.7	7.7	1000
1007	2021-03-24	7.7	7.7	7.7	7.7	0
1008	2021-03-25	8.36	8.36	8.36	8.36	100
1009	2021-03-26	8.36	8.36	8.36	8.36	0
1010	2021-03-29	8.36	8.36	8.36	8.36	0
1011	2021-03-30	7.7	7.7	7.7	7.7	1000
1012	2021-03-31	7.7	7.7	7.7	7.7	0
1013	2021-04-01	7.7	7.7	7.7	7.7	0
1014	2021-04-02	7.56	7.56	7.56	7.56	2000
1015	2021-04-05	7.56	7.56	7.56	7.56	0
1016	2021-04-06	7.56	7.56	7.56	7.56	0
1017	2021-04-07	7.56	7.56	7.56	7.56	0
1018	2021-04-08	7.56	7.56	7.56	7.56	200
1019	2021-04-09	8.07	8.66	7.78	8.44	1800
1020	2021-04-12	8.36	9.03	8.07	9.03	3900
1021	2021-04-13	8.36	8.81	8.36	8.81	1100
1022	2021-04-14	8.66	8.73	8.44	8.44	2400
1023	2021-04-15	8.29	8.73	8.22	8.22	7700
1024	2021-04-16	8.29	8.29	8.29	8.29	200
1025	2021-04-19	8.29	8.29	8.29	8.29	2486
1026	2021-04-20	8.29	8.29	8.29	8.29	3100
1027	2021-04-22	8.51	8.51	8.29	8.29	1200
1028	2021-04-23	7.7	8.66	7.7	8.66	455
1029	2021-04-26	8.44	8.81	8.44	8.81	1700
1030	2021-04-27	8.59	8.73	8.59	8.73	1900
1031	2021-04-28	8.59	8.59	8.59	8.59	300
1032	2021-04-29	8.29	8.29	8.29	8.29	5591
1033	2021-05-04	8.29	8.29	8.29	8.29	0
1034	2021-05-05	8.22	8.29	8.22	8.29	700
1035	2021-05-06	8.36	8.36	8.36	8.36	100
1036	2021-05-07	8.73	8.73	8.73	8.73	111
1037	2021-05-10	8.14	9.98	8.14	9.98	4000
1038	2021-05-11	7.85	9.17	7.85	9.17	8854
1039	2021-05-12	8.81	8.81	8.0	8.0	2100
1040	2021-05-13	8.66	8.66	8.66	8.66	100
1041	2021-05-14	8.66	8.66	8.66	8.66	0
1042	2021-05-17	8.07	8.07	8.07	8.07	3800
1043	2021-05-18	8.07	8.07	8.07	8.07	800
1044	2021-05-19	8.07	8.07	8.07	8.07	100
1045	2021-05-20	8.81	8.81	8.81	8.81	100
1046	2021-05-21	8.81	8.81	8.81	8.81	0
1047	2021-05-24	8.81	8.81	8.81	8.81	0
1048	2021-05-25	8.22	8.22	8.22	8.22	4100
1049	2021-05-26	8.22	8.22	8.22	8.22	0
1050	2021-05-27	8.44	8.44	8.44	8.44	100
1051	2021-05-28	8.44	8.81	8.44	8.81	300
1052	2021-05-31	8.51	8.51	8.51	8.51	1100
1053	2021-06-01	8.51	8.51	8.51	8.51	200
1054	2021-06-02	8.51	8.51	8.51	8.51	1000
1055	2021-06-03	8.51	8.51	8.29	8.29	6000
1056	2021-06-04	8.22	8.59	8.22	8.59	11500
1057	2021-06-07	8.59	9.17	8.59	9.03	24200
1058	2021-06-08	9.03	9.03	8.95	9.03	7700
1059	2021-06-09	8.81	8.81	8.66	8.66	2500
1060	2021-06-10	8.59	8.73	8.44	8.44	7700
1061	2021-06-11	8.99	8.99	8.99	8.99	2000
1062	2021-06-14	9.14	9.14	9.14	9.14	9400
1063	2021-06-15	8.91	8.91	8.91	8.91	2000
1064	2021-06-16	8.67	8.91	8.67	8.91	5600
1065	2021-06-17	8.75	8.91	8.91	8.91	0
1066	2021-06-18	8.75	8.75	8.75	8.75	200
1067	2021-06-21	8.75	8.75	8.75	8.75	0
1068	2021-06-22	8.75	8.91	8.28	8.28	3700
1069	2021-06-23	8.36	8.91	8.28	8.91	4100
1070	2021-06-24	8.28	8.91	8.91	8.91	0
1071	2021-06-25	8.91	9.38	8.91	9.38	200
1072	2021-06-28	9.14	9.14	8.28	8.28	500
1073	2021-06-29	8.51	8.51	8.51	8.51	100
1074	2021-06-30	8.36	8.36	8.2	8.36	7700
1075	2021-07-01	8.2	8.2	8.2	8.2	500
1076	2021-07-02	8.28	8.28	8.28	8.28	1100
1077	2021-07-05	8.28	8.28	8.28	8.28	1500
1078	2021-07-06	8.59	8.59	8.59	8.59	100
1079	2021-07-07	8.59	8.59	8.59	8.59	0
1080	2021-07-08	8.2	8.2	8.2	8.2	2000
1081	2021-07-09	8.2	8.2	8.2	8.2	0
1082	2021-07-12	8.2	8.2	8.2	8.2	3000
1083	2021-07-13	8.2	8.2	8.2	8.2	100
1084	2021-07-14	8.2	8.2	8.2	8.2	0
1085	2021-07-15	8.2	8.2	8.2	8.2	0
1086	2021-07-16	8.2	8.2	8.2	8.2	0
1087	2021-07-19	8.2	8.2	8.2	8.2	100
1088	2021-07-20	9.14	9.14	9.14	9.14	100
1089	2021-07-21	9.14	9.14	9.14	9.14	0
1090	2021-07-22	9.14	9.14	9.14	9.14	0
1091	2021-07-23	9.14	9.14	9.14	9.14	0
1092	2021-07-26	9.14	9.14	9.14	9.14	0
1093	2021-07-27	8.51	8.51	8.51	8.51	500
1094	2021-07-28	8.51	8.51	8.51	8.51	500
1095	2021-07-29	8.51	8.51	8.51	8.51	0
1096	2021-07-30	8.51	9.3	8.51	9.3	800
1097	2021-08-02	9.38	9.38	9.38	9.38	100
1098	2021-08-03	9.38	9.38	9.38	9.38	0
1099	2021-08-04	8.2	9.46	8.2	9.46	200
1100	2021-08-05	8.99	8.99	8.83	8.83	16500
1101	2021-08-06	8.99	8.99	8.99	8.99	1200
1102	2021-08-09	8.99	8.99	8.99	8.99	0
1103	2021-08-10	8.99	8.99	8.99	8.99	0
1104	2021-08-11	8.99	8.99	8.99	8.99	1200
1105	2021-08-12	8.99	8.99	8.99	8.99	0
1106	2021-08-13	9.14	9.14	9.14	9.14	900
1107	2021-08-16	9.22	9.22	8.36	8.99	101000
1108	2021-08-17	8.51	9.54	8.51	9.54	120210
1109	2021-08-18	9.93	9.93	9.93	9.93	31400
1110	2021-08-19	10.09	10.17	10.09	10.09	1200
1111	2021-08-20	8.59	9.85	8.59	8.99	3500
1112	2021-08-23	8.91	9.46	8.67	9.46	16300
1113	2021-08-24	10.01	10.17	8.91	8.91	75000
1114	2021-08-25	9.38	9.85	9.38	9.85	1100
1115	2021-08-26	9.22	9.22	9.14	9.22	1500
1116	2021-08-27	9.22	10.48	9.22	10.48	108800
1117	2021-08-30	10.4	11.9	10.25	11.9	357522
1118	2021-08-31	12.61	13.4	12.61	13.4	66410
1119	2021-09-01	14.98	15.29	13.64	15.29	166350
1120	2021-09-06	17.03	17.03	14.82	14.9	208779
1121	2021-09-07	14.82	14.98	13.79	13.79	83360
1122	2021-09-08	14.03	14.03	12.61	13.08	111410
1123	2021-09-09	13.08	13.4	12.61	13.01	53600
1124	2021-09-10	12.06	13.32	12.06	13.32	37860
1125	2021-09-13	13.08	14.03	13.08	13.79	44810
1126	2021-09-14	13.64	13.64	12.93	13.08	45100
1127	2021-09-15	12.85	14.35	12.77	13.4	61725
1128	2021-09-16	14.5	14.5	13.08	13.56	23450
1129	2021-09-17	13.01	13.56	12.93	13.24	44480
1130	2021-09-20	13.87	13.87	13.16	13.32	43007
1131	2021-09-21	13.32	13.32	12.69	13.01	52500
1132	2021-09-22	12.85	13.56	12.69	13.08	33405
1133	2021-09-23	12.93	13.56	12.93	13.01	44381
1134	2021-09-24	13.32	13.32	13.01	13.16	15000
1135	2021-09-27	12.77	12.93	12.22	12.93	15407
1136	2021-09-28	12.85	13.4	12.61	13.01	13771
1137	2021-09-29	13.01	13.01	12.61	12.85	14700
1138	2021-09-30	12.61	13.01	12.61	13.01	10400
1139	2021-10-01	11.9	12.93	11.9	12.61	6600
1140	2021-10-04	12.61	12.77	11.82	12.45	20900
1141	2021-10-05	12.53	12.53	11.82	12.14	28500
1142	2021-10-06	12.06	12.38	11.9	11.9	15320
1143	2021-10-07	12.14	12.3	12.06	12.22	12000
1144	2021-10-08	12.14	12.45	12.14	12.38	15025
1145	2021-10-11	12.45	13.79	12.45	13.32	87658
1146	2021-10-12	13.24	13.24	13.24	13.24	3200
1147	2021-10-13	12.3	13.24	12.3	13.01	30750
1148	2021-10-14	12.69	13.08	12.61	12.85	21100
1149	2021-10-15	12.45	13.01	12.45	12.77	19600
1150	2021-10-18	12.61	12.85	12.61	12.61	17975
1151	2021-10-19	12.61	13.01	12.45	12.93	23500
1152	2021-10-20	12.3	12.77	12.3	12.69	5505
1153	2021-10-21	12.61	12.61	12.61	12.61	17000
1154	2021-10-22	12.61	14.42	12.61	13.64	191127
1155	2021-10-25	13.48	13.95	13.32	13.48	78000
1156	2021-10-26	13.64	13.79	13.4	13.48	19500
1157	2021-10-27	13.4	13.64	13.32	13.4	82600
1158	2021-10-28	13.32	13.56	13.32	13.56	36600
1159	2021-10-29	13.4	13.64	13.4	13.56	36600
1160	2021-11-01	13.64	14.11	13.64	13.64	74777
1161	2021-11-02	14.11	14.11	13.79	13.87	35388
1162	2021-11-03	14.03	14.11	13.48	13.48	34504
1163	2021-11-04	13.08	13.4	13.01	13.08	11300
1164	2021-11-05	13.4	13.56	13.01	13.32	70651
1165	2021-11-08	13.4	14.19	13.4	14.11	117870
1166	2021-11-09	13.87	14.11	13.79	13.79	42100
1167	2021-11-10	13.87	13.95	13.72	13.95	39500
1168	2021-11-11	13.79	14.82	13.64	14.03	90300
1169	2021-11-12	13.87	14.11	13.79	14.11	42500
1170	2021-11-15	14.11	15.37	13.95	14.66	111962
1171	2021-11-16	14.58	14.58	13.95	14.19	45200
1172	2021-11-17	14.11	14.11	13.48	14.03	12000
1173	2021-11-18	13.72	14.03	13.48	13.87	79149
1174	2021-11-19	13.72	13.79	13.4	13.48	62100
1175	2021-11-22	13.4	13.4	13.08	13.08	34508
1176	2021-11-23	12.61	13.24	12.53	13.01	25940
1177	2021-11-24	13.01	13.08	12.69	12.93	47400
1178	2021-11-25	12.93	12.93	12.69	12.69	17555
1179	2021-11-26	12.69	12.93	12.45	12.85	16200
1180	2021-11-29	12.45	14.03	12.45	13.64	39700
1181	2021-11-30	13.79	14.11	13.4	13.4	14340
1182	2021-12-01	13.32	13.32	13.01	13.01	5300
1183	2021-12-02	12.77	13.16	12.77	13.08	22400
1184	2021-12-03	13.01	13.01	12.77	12.93	39300
1185	2021-12-06	12.77	12.85	12.77	12.77	20000
1186	2021-12-07	12.77	13.16	12.69	12.69	17500
1187	2021-12-08	12.69	12.77	12.61	12.69	29400
1188	2021-12-09	12.53	12.85	11.43	12.85	5000
1189	2021-12-10	12.69	12.77	12.61	12.69	9300
1190	2021-12-13	12.61	13.16	12.61	13.16	4180
1191	2021-12-14	12.69	12.77	12.69	12.77	9900
1192	2021-12-15	12.61	13.08	10.88	10.88	29337
1193	2021-12-16	12.53	12.85	11.59	12.22	12000
1194	2021-12-17	12.38	12.38	11.98	12.14	14200
1195	2021-12-20	12.14	12.53	11.98	12.06	21536
1196	2021-12-21	12.22	12.22	11.82	12.22	20100
1197	2021-12-22	12.38	12.38	12.06	12.06	10600
1198	2021-12-23	12.14	12.22	11.82	12.06	8040
1199	2021-12-24	11.82	12.14	11.82	12.06	3600
1200	2021-12-27	12.38	12.38	11.98	12.06	8300
1201	2021-12-28	11.9	12.06	11.82	11.98	23940
1202	2021-12-29	11.98	12.22	11.82	11.82	9500
1203	2021-12-30	12.06	12.06	10.25	11.98	20000
1204	2021-12-31	12.14	12.22	12.14	12.22	5800
1205	2022-01-04	12.14	12.38	12.14	12.3	15600
1206	2022-01-05	12.3	12.3	12.3	12.3	57
1207	2022-01-06	11.98	12.14	11.98	12.06	4600
1208	2022-01-07	11.98	12.22	11.82	11.9	14427
1209	2022-01-10	11.74	11.82	11.11	11.67	5400
1210	2022-01-11	11.67	11.67	11.67	11.67	3100
1211	2022-01-12	11.51	11.59	11.51	11.59	200
1212	2022-01-13	11.59	11.59	11.04	11.59	13214
1213	2022-01-14	11.27	11.27	11.11	11.11	5700
1214	2022-01-17	11.19	11.19	10.25	10.25	8000
1215	2022-01-18	9.06	10.88	8.99	9.62	13700
1216	2022-01-19	9.06	10.64	9.06	10.48	5300
1217	2022-01-20	10.64	10.64	10.56	10.56	4800
1218	2022-01-21	10.56	11.43	10.56	10.56	800
1219	2022-01-24	10.72	10.72	10.56	10.56	9100
1220	2022-01-25	10.56	10.64	10.56	10.56	2300
1221	2022-01-26	10.56	10.56	10.4	10.4	2700
1222	2022-01-27	10.4	10.48	10.4	10.48	300
1223	2022-01-28	10.4	10.4	10.4	10.4	1100
1224	2022-02-07	10.4	11.11	10.4	11.11	200
1225	2022-02-08	10.56	10.56	10.4	10.4	2500
1226	2022-02-09	11.35	11.35	10.4	10.4	1900
1227	2022-02-10	10.64	10.64	10.64	10.64	300
1228	2022-02-11	10.56	10.56	10.4	10.56	3400
1229	2022-02-14	10.56	10.56	10.48	10.48	5130
1230	2022-02-15	10.4	11.04	10.4	11.04	2700
1231	2022-02-16	10.48	10.56	10.4	10.4	19900
1232	2022-02-17	10.4	10.64	10.4	10.64	16123
1233	2022-02-18	10.96	10.96	10.88	10.88	3400
1234	2022-02-21	10.96	11.19	10.96	11.19	4700
1235	2022-02-22	11.19	11.59	11.19	11.19	1200
1236	2022-02-23	10.88	11.11	10.88	11.11	3500
1237	2022-02-24	11.04	11.11	10.96	10.96	30700
1238	2022-02-25	10.96	11.59	10.88	11.59	14723
1239	2022-02-28	11.59	11.59	11.04	11.04	13300
1240	2022-03-01	11.11	12.77	11.11	12.61	36400
1241	2022-03-02	11.98	13.01	11.82	12.45	34914
1242	2022-03-03	11.98	12.45	11.9	12.22	3040
1243	2022-03-04	12.45	12.45	12.06	12.45	30700
1244	2022-03-07	12.93	12.93	12.38	12.38	5500
1245	2022-03-08	12.3	12.53	11.98	12.06	13300
1246	2022-03-09	12.14	12.14	11.9	12.14	18200
1247	2022-03-10	12.77	12.77	12.14	12.14	4900
1248	2022-03-11	12.06	12.61	12.06	12.61	3300
1249	2022-03-14	12.22	12.45	12.06	12.3	5772
1250	2022-03-15	12.45	12.45	12.45	12.45	100
1251	2022-03-16	12.45	12.45	12.3	12.3	800
1252	2022-03-17	12.3	12.3	12.22	12.3	5300
1253	2022-03-18	12.53	12.53	12.14	12.14	3600
1254	2022-03-21	12.45	12.45	12.22	12.38	800
1255	2022-03-22	12.22	12.22	12.14	12.14	3100
1256	2022-03-23	12.14	12.14	11.98	12.14	5414
1257	2022-03-24	12.45	12.45	11.9	11.9	9700
1258	2022-03-25	12.53	12.53	11.98	11.98	9507
1259	2022-03-28	11.9	11.9	11.67	11.67	25900
1260	2022-03-29	11.74	11.74	11.67	11.67	7600
1261	2022-03-30	11.74	11.74	11.74	11.74	9300
1262	2022-03-31	11.74	11.74	11.74	11.74	100
1263	2022-04-01	11.74	11.74	11.74	11.74	2840
1264	2022-04-04	11.98	12.06	11.9	11.9	11432
1265	2022-04-05	12.06	12.06	12.06	12.06	5800
1266	2022-04-06	12.06	12.3	12.06	12.06	11100
1267	2022-04-07	12.14	12.14	12.06	12.06	12600
1268	2022-04-08	12.06	12.14	11.98	11.98	11000
1269	2022-04-12	12.06	12.22	12.06	12.06	11300
1270	2022-04-13	12.06	12.14	12.06	12.06	2200
1271	2022-04-14	12.06	12.06	12.06	12.06	3700
1272	2022-04-15	12.06	12.14	12.06	12.14	3600
1273	2022-04-18	12.14	12.14	12.06	12.14	24300
1274	2022-04-19	12.06	12.14	11.82	11.82	26100
1275	2022-04-20	11.98	11.98	11.67	11.67	26700
1276	2022-04-21	11.59	11.59	10.09	11.43	28800
1277	2022-04-22	11.82	11.82	11.43	11.51	6800
1278	2022-04-25	11.51	11.74	11.51	11.74	19100
1279	2022-04-26	11.43	11.74	11.43	11.74	12900
1280	2022-04-27	11.51	11.74	11.51	11.74	700
1281	2022-04-28	11.74	11.74	11.67	11.67	1500
1282	2022-04-29	11.74	12.06	11.74	12.06	2930
1283	2022-05-04	12.06	12.06	12.06	12.06	5000
1284	2022-05-05	12.06	12.22	11.9	11.9	20400
1285	2022-05-06	11.9	11.9	11.9	11.9	100
1286	2022-05-09	11.98	11.98	11.74	11.74	36000
1287	2022-05-10	11.9	11.9	11.9	11.9	500
1288	2022-05-11	11.98	11.98	11.82	11.82	1100
1289	2022-05-12	11.9	11.9	11.74	11.74	12100
1290	2022-05-13	11.9	11.9	11.67	11.67	13123
1291	2022-05-16	11.67	11.74	11.67	11.74	4500
1292	2022-05-17	11.67	11.9	11.67	11.9	2400
1293	2022-05-18	11.82	11.82	11.82	11.82	0
1294	2022-05-19	11.82	11.82	11.82	11.82	3200
1295	2022-05-20	11.9	11.9	11.82	11.82	3013
1296	2022-05-23	11.9	11.9	11.82	11.82	3300
1297	2022-05-24	11.9	11.9	11.9	11.9	0
1298	2022-05-25	11.9	11.9	11.9	11.9	100
1299	2022-05-26	12.75	12.75	12.75	12.75	100
1300	2022-05-27	12.75	12.75	12.75	12.75	100
1301	2022-05-30	12.66	12.66	12.41	12.41	5900
1302	2022-05-31	12.58	12.58	12.58	12.58	300
1303	2022-06-01	12.58	12.58	12.58	12.58	1800
1304	2022-06-02	11.82	11.82	11.82	11.82	500
1305	2022-06-03	11.82	11.82	11.82	11.82	0
1306	2022-06-06	12.24	12.24	12.24	12.24	1000
1307	2022-06-07	12.24	12.24	12.24	12.24	0
1308	2022-06-08	12.24	12.24	12.24	12.24	0
1309	2022-06-09	12.24	12.24	12.24	12.24	0
1310	2022-06-10	12.24	12.24	12.24	12.24	0
1311	2022-06-13	12.24	12.24	12.24	12.24	0
1312	2022-06-14	11.82	11.82	11.82	11.82	100
1313	2022-06-15	12.66	12.66	12.66	12.66	100
1314	2022-06-16	12.66	12.66	12.66	12.66	100
1315	2022-06-17	12.66	12.66	12.66	12.66	0
1316	2022-06-20	12.24	12.24	12.24	12.24	200
1317	2022-06-21	12.66	12.66	12.66	12.66	100
1318	2022-06-22	12.66	12.66	12.66	12.66	100
1319	2022-06-23	12.66	12.66	12.66	12.66	0
1320	2022-06-24	12.66	12.66	12.66	12.66	0
1321	2022-06-27	12.24	12.66	12.24	12.66	5500
1322	2022-06-28	12.58	12.58	12.24	12.24	1231
1323	2022-06-29	11.82	11.82	11.82	11.82	3200
1324	2022-06-30	12.49	12.49	12.32	12.32	21410
1325	2022-07-01	12.24	12.24	12.16	12.16	18200
1326	2022-07-04	11.82	11.82	11.82	11.82	2000
1327	2022-07-05	11.82	11.82	11.82	11.82	0
1328	2022-07-06	11.82	11.82	11.82	11.82	0
1329	2022-07-07	11.82	11.82	11.82	11.82	0
1330	2022-07-08	11.65	11.65	11.65	11.65	100
1331	2022-07-11	11.14	11.4	10.97	11.4	5500
1332	2022-07-12	10.55	10.8	10.55	10.8	15500
1333	2022-07-13	10.72	10.72	10.72	10.72	2200
1334	2022-07-14	10.97	10.97	10.97	10.97	1300
1335	2022-07-15	11.82	11.82	11.82	11.82	100
1336	2022-07-18	11.82	11.82	11.82	11.82	0
1337	2022-07-19	11.4	11.82	11.4	11.82	3800
1338	2022-07-20	9.79	11.4	9.79	11.4	2381
1339	2022-07-21	10.97	10.97	10.97	10.97	193
1340	2022-07-22	11.14	11.14	11.14	11.14	2510
1341	2022-07-25	10.97	10.97	10.8	10.8	8200
1342	2022-07-26	10.64	10.64	10.64	10.64	250
1343	2022-07-27	10.64	10.64	10.55	10.55	4010
1344	2022-07-28	10.72	10.72	10.72	10.72	4000
1345	2022-07-29	10.72	10.72	10.72	10.72	0
1346	2022-08-01	11.23	11.31	10.72	10.97	23300
1347	2022-08-02	10.97	10.97	10.97	10.97	100
1348	2022-08-03	10.97	10.97	10.97	10.97	0
1349	2022-08-04	10.97	10.97	10.97	10.97	0
1350	2022-08-05	12.32	12.32	12.32	12.32	100
1351	2022-08-08	11.4	11.4	11.4	11.4	100
1352	2022-08-09	11.14	11.14	10.97	10.97	1331
1353	2022-08-10	10.97	10.97	10.8	10.8	3800
1354	2022-08-11	10.8	10.8	10.8	10.8	2000
1355	2022-08-12	10.8	10.8	10.8	10.8	0
1356	2022-08-15	10.8	10.8	10.8	10.8	0
1357	2022-08-16	10.8	10.8	10.8	10.8	0
1358	2022-08-17	10.97	10.97	10.97	10.97	1200
1359	2022-08-18	10.97	10.97	10.97	10.97	0
1360	2022-08-19	10.97	10.97	10.97	10.97	700
1361	2022-08-22	10.97	10.97	10.97	10.97	0
1362	2022-08-23	10.97	10.97	10.97	10.97	400
1363	2022-08-24	10.97	10.97	10.97	10.97	0
1364	2022-08-25	10.97	10.97	10.97	10.97	0
1365	2022-08-26	10.97	10.97	10.97	10.97	200
1366	2022-08-29	11.4	11.4	11.4	11.4	100
1367	2022-08-30	11.4	11.4	11.4	11.4	0
1368	2022-08-31	11.4	11.4	11.4	11.4	0
1369	2022-09-05	11.4	11.4	11.4	11.4	0
1370	2022-09-06	11.4	11.4	11.4	11.4	1110
1371	2022-09-07	11.4	11.4	11.4	11.4	0
1372	2022-09-08	11.4	11.4	11.4	11.4	2700
1373	2022-09-09	11.4	11.4	11.4	11.4	0
1374	2022-09-12	11.4	11.4	11.4	11.4	1274
1375	2022-09-13	11.4	11.4	11.4	11.4	400
1376	2022-09-14	11.4	11.4	11.4	11.4	0
1377	2022-09-15	11.48	11.48	11.48	11.48	500
1378	2022-09-16	11.48	11.48	11.48	11.48	0
1379	2022-09-19	11.56	11.56	11.56	11.56	100
1380	2022-09-20	11.56	11.56	11.56	11.56	300
1381	2022-09-21	11.56	11.56	11.56	11.56	0
1382	2022-09-22	11.65	11.65	11.65	11.65	600
1383	2022-09-23	11.65	11.65	11.65	11.65	1993
1384	2022-09-26	11.73	11.73	11.73	11.73	390
1385	2022-09-27	11.73	11.82	11.73	11.82	2200
1386	2022-09-28	11.73	11.82	11.73	11.82	800
1387	2022-09-29	11.82	11.82	11.82	11.82	3700
1388	2022-09-30	11.82	11.82	11.82	11.82	0
1389	2022-10-03	11.82	11.82	11.82	11.82	0
1390	2022-10-04	11.82	11.82	11.82	11.82	100
1391	2022-10-05	11.82	11.82	11.82	11.82	2000
1392	2022-10-06	11.82	11.82	11.65	11.65	6200
1393	2022-10-07	11.65	11.65	11.65	11.65	1000
1394	2022-10-10	11.65	11.65	11.65	11.65	0
1395	2022-10-11	11.65	11.65	11.56	11.65	4500
1396	2022-10-12	11.56	11.56	11.56	11.56	300
1397	2022-10-13	11.56	11.56	11.56	11.56	0
1398	2022-10-14	11.82	11.82	11.82	11.82	500
1399	2022-10-17	11.82	11.82	11.65	11.65	6010
1400	2022-10-18	11.73	11.73	11.65	11.65	6800
1401	2022-10-19	11.73	11.73	11.65	11.65	4300
1402	2022-10-20	11.65	11.65	11.65	11.65	3600
1403	2022-10-21	11.65	11.65	11.65	11.65	5500
1404	2022-10-24	11.65	11.65	11.56	11.56	5300
1405	2022-10-25	11.65	11.65	11.65	11.65	8
1406	2022-10-26	11.65	11.65	11.65	11.65	0
1407	2022-10-27	11.56	11.56	11.56	11.56	2000
1408	2022-10-28	11.56	11.56	11.56	11.56	2000
1409	2022-10-31	11.56	11.56	11.56	11.56	0
1410	2022-11-01	11.56	11.56	11.56	11.56	0
1411	2022-11-02	11.56	11.56	11.56	11.56	0
1412	2022-11-03	11.56	11.56	11.56	11.56	200
1413	2022-11-04	11.56	11.56	11.56	11.56	0
1414	2022-11-07	11.65	11.65	11.65	11.65	100
1415	2022-11-08	11.65	11.65	11.56	11.56	11300
1416	2022-11-09	11.65	11.65	11.65	11.65	500
1417	2022-11-10	11.82	11.82	11.65	11.65	5200
1418	2022-11-11	11.56	11.82	11.56	11.82	3000
1419	2022-11-14	11.82	11.82	11.65	11.82	4500
1420	2022-11-15	11.65	11.65	11.56	11.65	10600
1421	2022-11-16	11.56	11.56	11.56	11.56	5000
1422	2022-11-17	11.65	11.65	11.56	11.56	11000
1423	2022-11-18	11.56	11.56	11.56	11.56	200
1424	2022-11-21	11.56	11.56	11.56	11.56	0
1425	2022-11-22	11.82	11.82	11.48	11.56	9100
1426	2022-11-23	11.56	11.65	11.56	11.56	5300
1427	2022-11-24	11.65	11.65	11.65	11.65	4000
1428	2022-11-25	11.65	11.65	11.56	11.65	3800
1429	2022-11-28	11.65	11.65	11.65	11.65	0
1430	2022-11-29	11.65	11.65	11.65	11.65	200
1431	2022-11-30	11.65	11.65	11.65	11.65	5100
1432	2022-12-01	11.65	11.73	11.65	11.65	9900
1433	2022-12-02	11.65	11.73	11.65	11.73	700
1434	2022-12-05	11.73	11.73	11.73	11.73	0
1435	2022-12-06	10.04	11.65	10.04	11.65	5800
1436	2022-12-07	11.65	11.65	11.65	11.65	0
1437	2022-12-08	11.65	11.65	11.65	11.65	3600
1438	2022-12-09	11.65	11.65	11.65	11.65	4700
1439	2022-12-12	11.65	11.73	11.65	11.65	2100
1440	2022-12-13	11.65	11.65	11.65	11.65	0
1441	2022-12-14	11.65	11.65	11.65	11.65	0
1442	2022-12-15	10.04	11.65	10.04	11.65	600
1443	2022-12-16	11.82	11.82	11.82	11.82	300
1444	2022-12-19	11.65	11.65	11.56	11.56	5000
1445	2022-12-20	11.65	11.65	11.56	11.56	8400
1446	2022-12-21	11.65	11.65	11.65	11.65	0
1447	2022-12-22	11.65	11.65	11.56	11.65	11092
1448	2022-12-23	11.65	11.73	11.65	11.65	4000
1449	2022-12-26	11.56	11.56	11.56	11.56	300
1450	2022-12-27	11.73	11.73	11.65	11.65	4700
1451	2022-12-28	11.73	11.73	11.65	11.65	4000
1452	2022-12-29	11.65	11.65	11.65	11.65	5800
1453	2022-12-30	11.65	11.65	11.65	11.65	1600
1454	2023-01-03	11.65	11.65	11.65	11.65	0
1455	2023-01-04	11.65	11.65	11.65	11.65	2200
1456	2023-01-05	11.73	11.73	11.73	11.73	100
1457	2023-01-06	11.73	11.73	11.73	11.73	0
1458	2023-01-09	11.56	11.56	10.97	10.97	1000
1459	2023-01-10	11.06	11.06	11.06	11.06	0
1460	2023-01-11	11.4	11.4	11.4	11.4	300
1461	2023-01-12	11.4	11.4	11.4	11.4	0
1462	2023-01-13	11.4	11.4	11.4	11.4	0
1463	2023-01-16	11.73	11.73	11.73	11.73	100
1464	2023-01-17	11.65	11.65	11.65	11.65	1100
1465	2023-01-18	11.65	11.65	11.65	11.65	0
1466	2023-01-19	11.65	11.65	11.65	11.65	0
1467	2023-01-27	11.73	11.73	11.65	11.65	600
1468	2023-01-30	11.82	11.82	11.65	11.65	10100
1469	2023-01-31	11.65	11.65	11.65	11.65	10000
1470	2023-02-01	11.65	11.65	11.65	11.65	11500
1471	2023-02-02	11.65	11.65	11.65	11.65	7500
1472	2023-02-03	11.56	11.65	11.56	11.65	7800
1473	2023-02-06	11.65	11.65	11.65	11.65	4000
1474	2023-02-07	11.73	11.73	11.73	11.73	100
1475	2023-02-08	11.73	11.73	11.73	11.73	0
1476	2023-02-09	11.65	11.73	11.65	11.65	25400
1477	2023-02-10	11.73	11.73	11.65	11.65	12877
1478	2023-02-13	11.65	11.73	11.65	11.73	5700
1479	2023-02-14	11.73	11.73	11.65	11.65	2000
1480	2023-02-15	11.65	11.65	11.65	11.65	0
1481	2023-02-16	11.65	11.65	11.65	11.65	0
1482	2023-02-17	11.65	11.65	11.65	11.65	0
1483	2023-02-20	11.82	11.82	11.82	11.82	300
1484	2023-02-21	11.82	11.82	11.82	11.82	100
1485	2023-02-22	11.82	12.49	11.82	12.49	20500
1486	2023-02-23	12.49	12.49	12.49	12.49	0
1487	2023-02-24	11.65	11.65	11.65	11.65	100
1488	2023-02-27	11.65	11.65	11.65	11.65	0
1489	2023-02-28	11.65	11.65	11.65	11.65	0
1490	2023-03-01	11.65	11.65	11.65	11.65	0
1491	2023-03-02	11.65	11.65	11.65	11.65	0
1492	2023-03-03	11.65	11.65	11.65	11.65	0
1493	2023-03-06	11.65	11.65	11.65	11.65	0
1494	2023-03-07	11.65	11.65	11.65	11.65	0
1495	2023-03-08	11.82	11.82	11.82	11.82	400
1496	2023-03-09	11.99	11.99	11.99	11.99	300
1497	2023-03-10	11.99	11.99	11.99	11.99	0
1498	2023-03-13	11.99	11.99	11.99	11.99	800
1499	2023-03-14	12.24	12.24	12.24	12.24	500
1500	2023-03-15	12.24	12.24	12.24	12.24	0
1501	2023-03-16	12.49	12.49	11.99	11.99	600
1502	2023-03-17	12.07	12.07	12.07	12.07	1000
1503	2023-03-20	12.07	12.07	11.9	11.9	8000
1504	2023-03-21	11.99	11.99	11.99	11.99	0
1505	2023-03-22	11.99	11.99	11.99	11.99	0
1506	2023-03-23	12.49	13.08	12.49	12.49	19000
1507	2023-03-24	13.0	13.0	13.0	13.0	0
1508	2023-03-27	13.0	13.0	13.0	13.0	0
1509	2023-03-28	12.92	12.92	12.92	12.92	200
1510	2023-03-29	12.92	12.92	12.92	12.92	0
1511	2023-03-30	12.92	12.92	12.66	12.66	800
1512	2023-03-31	11.99	11.99	11.99	11.99	200
1513	2023-04-03	13.08	13.08	13.08	13.08	100
1514	2023-04-04	11.99	11.99	11.99	11.99	200
1515	2023-04-05	11.99	11.99	11.99	11.99	0
1516	2023-04-06	13.0	13.0	12.24	12.24	1700
1517	2023-04-07	11.99	11.99	11.99	11.99	262
1518	2023-04-10	13.51	13.51	12.16	12.16	1700
1519	2023-04-11	12.32	12.32	12.32	12.32	0
1520	2023-04-12	12.16	12.66	12.16	12.66	1440
1521	2023-04-13	12.16	12.16	12.16	12.16	259
1522	2023-04-14	12.16	12.32	12.16	12.32	600
1523	2023-04-17	13.08	13.08	13.08	13.08	10424
1524	2023-04-18	12.32	13.08	12.32	13.08	600
1525	2023-04-19	12.66	12.66	12.66	12.66	500
1526	2023-04-20	12.49	12.49	12.49	12.49	200
1527	2023-04-21	12.58	13.08	12.58	13.08	4700
1528	2023-04-24	12.66	12.66	12.66	12.66	4759
1529	2023-04-25	12.66	12.66	12.66	12.66	8
1530	2023-04-26	13.17	13.17	13.17	13.17	3100
1531	2023-04-27	13.51	15.11	12.66	12.66	5800
1532	2023-04-28	12.66	12.66	12.66	12.66	10300
1533	2023-05-04	12.66	12.66	12.66	12.66	18
1534	2023-05-05	12.66	13.08	12.66	13.08	300
1535	2023-05-08	12.92	12.92	12.92	12.92	300
1536	2023-05-09	12.92	12.92	12.92	12.92	23
1537	2023-05-10	14.77	14.77	14.52	14.52	1657
1538	2023-05-11	14.35	14.35	14.18	14.27	1200
1539	2023-05-12	14.35	14.35	14.35	14.35	866
1540	2023-05-15	14.35	14.35	14.35	14.35	3827
1541	2023-05-16	14.35	14.35	14.35	14.35	509
1542	2023-05-17	14.54	16.03	14.54	15.84	5380
1543	2023-05-18	15.84	15.84	15.84	15.84	220
1544	2023-05-19	15.84	15.84	15.84	15.84	100
1545	2023-05-22	15.84	15.84	15.84	15.84	0
1546	2023-05-23	14.91	14.91	14.91	14.91	300
1547	2023-05-24	15.28	15.28	15.28	15.28	200
1548	2023-05-25	15.28	15.28	15.28	15.28	0
1549	2023-05-26	15.28	15.28	15.28	15.28	0
1550	2023-05-29	15.65	15.65	15.65	15.65	100
1551	2023-05-30	14.54	15.65	14.54	15.65	300
1552	2023-05-31	14.91	14.91	14.91	14.91	500
1553	2023-06-01	14.91	14.91	14.91	14.91	359
1554	2023-06-02	14.91	14.91	14.91	14.91	0
1555	2023-06-05	14.91	14.91	14.91	14.91	1000
1556	2023-06-06	14.91	14.91	14.91	14.91	2200
1557	2023-06-07	14.91	14.91	14.91	14.91	0
1558	2023-06-08	14.91	14.91	14.91	14.91	100
1559	2023-06-09	14.91	14.91	14.91	14.91	0
1560	2023-06-12	14.91	14.91	14.91	14.91	400
1561	2023-06-13	14.91	14.91	14.91	14.91	1000
1562	2023-06-14	14.91	14.91	14.91	14.91	0
1563	2023-06-15	14.91	14.91	14.82	14.82	5100
1564	2023-06-16	14.82	14.91	14.82	14.82	14510
1565	2023-06-19	14.82	14.82	14.82	14.82	0
1566	2023-06-20	14.82	14.82	14.82	14.82	100
1567	2023-06-21	14.82	14.82	14.82	14.82	0
1568	2023-06-22	13.98	14.82	13.98	14.82	2648
1569	2023-06-23	14.16	14.16	14.16	14.16	368
1570	2023-06-26	13.05	13.05	13.05	13.05	502
1571	2023-06-27	14.91	14.91	14.91	14.91	2200
1572	2023-06-28	14.91	15.56	14.91	15.56	2200
1573	2023-06-29	15.0	15.0	15.0	15.0	0
1574	2023-06-30	14.91	14.91	14.91	14.91	100
1575	2023-07-03	14.91	14.91	14.91	14.91	0
1576	2023-07-04	16.77	16.77	14.54	14.54	200
1577	2023-07-05	15.65	15.65	13.98	13.98	300
1578	2023-07-06	13.14	13.14	13.14	13.14	200
1579	2023-07-07	13.23	13.23	13.23	13.23	300
1580	2023-07-10	13.98	13.98	13.32	13.32	200
1581	2023-07-11	12.86	14.82	12.86	14.82	200
1582	2023-07-12	13.88	13.88	13.88	13.88	0
1583	2023-07-13	14.72	14.72	14.72	14.72	1300
1584	2023-07-14	14.72	14.72	14.72	14.72	200
1585	2023-07-17	14.91	14.91	14.91	14.91	2700
1586	2023-07-18	14.72	14.72	14.63	14.63	2030
1587	2023-07-19	14.72	14.72	14.72	14.72	0
1588	2023-07-20	14.72	14.72	14.72	14.72	0
1589	2023-07-21	14.72	14.72	14.72	14.72	0
1590	2023-07-24	14.72	14.72	14.44	14.54	6100
1591	2023-07-25	14.54	14.72	14.54	14.72	2400
1592	2023-07-26	14.54	14.54	14.54	14.54	500
1593	2023-07-27	14.54	14.54	14.54	14.54	0
1594	2023-07-28	14.44	14.44	14.44	14.44	300
1595	2023-07-31	14.44	14.44	14.35	14.35	1500
1596	2023-08-01	14.35	14.35	14.35	14.35	0
1597	2023-08-02	14.35	14.35	14.35	14.35	1400
1598	2023-08-03	14.35	14.35	14.35	14.35	0
1599	2023-08-04	14.35	14.35	14.35	14.35	0
1600	2023-08-07	14.35	14.35	14.35	14.35	1
1601	2023-08-08	14.54	14.54	14.54	14.54	400
1602	2023-08-09	14.54	14.54	14.54	14.54	0
1603	2023-08-10	14.54	14.54	14.54	14.54	0
1604	2023-08-11	14.54	14.54	14.54	14.54	0
1605	2023-08-14	15.37	15.75	15.37	15.75	1500
1606	2023-08-15	15.47	15.47	15.47	15.47	0
1607	2023-08-16	15.47	15.47	15.47	15.47	0
1608	2023-08-17	15.37	15.37	15.37	15.37	100
1609	2023-08-18	13.98	13.98	13.98	13.98	1800
1610	2023-08-21	14.16	14.16	13.98	13.98	1800
1611	2023-08-22	14.07	14.07	14.07	14.07	0
1612	2023-08-23	14.16	14.82	14.16	14.82	1200
1613	2023-08-24	13.88	14.72	13.88	14.72	6100
1614	2023-08-25	14.35	14.35	13.98	14.16	11016
1615	2023-08-28	14.26	14.26	14.26	14.26	0
1616	2023-08-29	13.98	13.98	13.98	13.98	300
1617	2023-08-30	13.98	13.98	13.98	13.98	0
1618	2023-08-31	13.98	13.98	13.98	13.98	0
1619	2023-09-05	13.98	14.91	13.98	14.91	1200
1620	2023-09-06	14.72	14.72	14.72	14.72	0
1621	2023-09-07	14.72	14.72	14.72	14.72	0
1622	2023-09-08	14.26	14.26	14.26	14.26	100
1623	2023-09-11	14.82	14.82	13.98	13.98	1002
1624	2023-09-12	14.07	14.07	14.07	14.07	0
1625	2023-09-13	14.07	14.07	14.07	14.07	1000
1626	2023-09-14	14.07	14.07	14.07	14.07	0
1627	2023-09-15	14.07	14.16	14.07	14.16	300
1628	2023-09-18	14.26	14.26	14.26	14.26	1000
1629	2023-09-19	14.26	14.26	14.26	14.26	0
1630	2023-09-20	14.26	14.26	14.26	14.26	0
1631	2023-09-21	14.26	14.26	14.26	14.26	0
1632	2023-09-22	14.26	14.26	14.26	14.26	0
1633	2023-09-25	14.26	14.26	14.26	14.26	0
1634	2023-09-26	14.26	14.26	14.26	14.26	328
1635	2023-09-27	14.26	14.26	14.26	14.26	0
1636	2023-09-28	14.26	14.26	14.26	14.26	0
1637	2023-09-29	14.26	14.26	14.26	14.26	0
1638	2023-10-02	14.26	14.26	14.26	14.26	20
1639	2023-10-03	14.26	14.26	14.26	14.26	0
1640	2023-10-04	14.26	14.26	14.26	14.26	0
1641	2023-10-05	14.26	14.26	14.26	14.26	0
1642	2023-10-06	14.35	14.35	14.35	14.35	24000
1643	2023-10-09	14.35	14.35	14.35	14.35	100
1644	2023-10-10	14.35	14.35	14.35	14.35	0
1645	2023-10-11	14.35	14.35	14.35	14.35	0
1646	2023-10-12	14.35	14.35	14.35	14.35	0
1647	2023-10-13	14.35	14.35	14.35	14.35	0
1648	2023-10-16	14.35	14.35	14.35	14.35	0
1649	2023-10-17	14.35	14.35	14.35	14.35	0
1650	2023-10-18	14.35	14.35	14.35	14.35	0
1651	2023-10-19	14.35	14.35	14.35	14.35	0
1652	2023-10-20	14.35	14.35	14.35	14.35	0
1653	2023-10-23	14.35	14.35	14.35	14.35	0
1654	2023-10-24	14.35	14.35	14.35	14.35	0
1655	2023-10-25	14.35	14.35	14.35	14.35	0
1656	2023-10-26	14.35	14.35	14.35	14.35	0
1657	2023-10-27	14.35	14.35	14.35	14.35	0
1658	2023-10-30	14.35	14.35	14.35	14.35	0
1659	2023-10-31	14.35	14.35	14.35	14.35	0
1660	2023-11-01	14.35	14.35	14.35	14.35	0
1661	2023-11-02	14.35	14.35	14.35	14.35	0
1662	2023-11-03	14.35	14.35	14.35	14.35	0
1663	2023-11-06	14.35	14.35	14.35	14.35	200
1664	2023-11-07	14.35	14.35	14.35	14.35	200
1665	2023-11-08	14.35	14.35	14.35	14.35	0
1666	2023-11-09	14.35	14.35	14.35	14.35	0
1667	2023-11-10	14.35	14.35	14.35	14.35	500
1668	2023-11-13	13.98	13.98	13.98	13.98	100
1669	2023-11-14	13.98	13.98	13.98	13.98	0
1670	2023-11-15	13.98	13.98	13.98	13.98	0
1671	2023-11-16	13.98	13.98	13.98	13.98	0
1672	2023-11-17	11.93	11.93	11.93	11.93	500
1673	2023-11-20	11.93	11.93	11.93	11.93	0
1674	2023-11-21	13.7	13.7	13.7	13.7	500
1675	2023-11-22	13.7	13.7	13.7	13.7	0
1676	2023-11-23	14.35	14.35	14.35	14.35	100
1677	2023-11-24	13.98	13.98	13.98	13.98	200
1678	2023-11-27	13.98	13.98	13.98	13.98	0
1679	2023-11-28	13.98	13.98	13.98	13.98	0
1680	2023-11-29	13.98	13.98	13.98	13.98	0
1681	2023-11-30	13.98	13.98	13.98	13.98	0
1682	2023-12-01	13.98	13.98	13.98	13.98	0
1683	2023-12-04	13.98	13.98	13.98	13.98	8
1684	2023-12-05	13.98	13.98	13.98	13.98	0
1685	2023-12-06	14.16	14.16	13.98	13.98	1000
1686	2023-12-07	13.98	13.98	13.98	13.98	1208
1687	2023-12-08	13.98	13.98	13.98	13.98	24
1688	2023-12-11	13.98	13.98	13.98	13.98	0
1689	2023-12-12	14.44	14.44	14.44	14.44	1000
1690	2023-12-13	14.44	14.44	14.44	14.44	0
1691	2023-12-14	14.44	14.44	14.44	14.44	500
1692	2023-12-15	14.44	14.44	14.44	14.44	1000
1693	2023-12-18	14.44	14.44	14.44	14.44	0
1694	2023-12-19	14.44	14.44	14.44	14.44	200
1695	2023-12-20	14.44	14.44	14.44	14.44	0
1696	2023-12-21	14.44	14.44	14.44	14.44	1500
1697	2023-12-22	14.44	14.44	14.07	14.07	6321
1698	2023-12-25	14.26	14.26	14.26	14.26	0
1699	2023-12-26	14.26	14.26	14.26	14.26	0
1700	2023-12-27	14.26	14.26	14.26	14.26	1
1701	2023-12-28	15.84	15.84	15.84	15.84	100
1702	2023-12-29	15.84	15.84	15.84	15.84	0
1703	2024-01-02	15.84	15.84	15.84	15.84	0
1704	2024-01-03	14.54	14.91	14.54	14.91	1163
1705	2024-01-04	14.54	14.54	14.54	14.54	1000
1706	2024-01-05	14.54	14.54	14.54	14.54	18
1707	2024-01-08	14.91	14.91	14.91	14.91	3100
1708	2024-01-09	14.44	14.44	14.44	14.44	1700
1709	2024-01-10	14.44	14.44	14.44	14.44	0
1710	2024-01-11	14.44	14.44	14.44	14.44	2400
1711	2024-01-12	13.98	14.44	13.98	14.44	2900
1712	2024-01-15	14.35	14.44	14.26	14.26	4000
1713	2024-01-16	14.54	14.54	14.54	14.54	100
1714	2024-01-17	14.54	14.54	14.54	14.54	0
1715	2024-01-18	14.54	14.54	14.54	14.54	600
1716	2024-01-19	14.54	14.54	14.54	14.54	0
1717	2024-01-22	14.54	14.54	14.54	14.54	0
1718	2024-01-23	14.54	14.54	14.54	14.54	100
1719	2024-01-24	14.54	14.54	14.54	14.54	0
1720	2024-01-25	14.91	14.91	14.91	14.91	2700
1721	2024-01-26	14.91	14.91	14.91	14.91	9000
1722	2024-01-29	14.63	14.63	14.63	14.63	100
1723	2024-01-30	14.91	14.91	14.91	14.91	1200
1724	2024-01-31	14.72	14.72	14.72	14.72	1000
1725	2024-02-01	14.72	14.72	14.72	14.72	0
1726	2024-02-02	14.54	14.54	14.54	14.54	300
1727	2024-02-05	14.63	15.0	14.63	14.91	21501
1728	2024-02-06	14.72	14.72	14.72	14.72	0
1729	2024-02-07	15.37	15.37	15.37	15.37	100
1730	2024-02-15	15.37	15.37	15.37	15.37	5001
1731	2024-02-16	15.37	15.47	15.37	15.47	2655
1732	2024-02-19	15.0	15.1	15.0	15.1	3700
1733	2024-02-20	15.1	15.1	15.1	15.1	0
1734	2024-02-21	15.1	15.1	15.1	15.1	0
1735	2024-02-22	15.1	15.1	15.1	15.1	100
1736	2024-02-23	15.1	15.19	15.1	15.19	29500
1737	2024-02-26	15.19	15.19	15.19	15.19	0
1738	2024-02-27	15.37	15.56	15.37	15.56	7200
1739	2024-02-28	15.47	15.75	15.47	15.75	4400
1740	2024-02-29	15.75	15.75	15.75	15.75	0
1741	2024-03-01	15.75	15.75	15.75	15.75	0
1742	2024-03-04	16.03	16.03	16.03	16.03	100
1743	2024-03-05	16.03	16.03	16.03	16.03	0
1744	2024-03-06	16.03	16.77	16.03	16.77	600
1745	2024-03-07	16.12	16.12	16.12	16.12	1500
1746	2024-03-08	16.12	16.12	16.12	16.12	0
1747	2024-03-11	16.12	16.12	16.12	16.12	1000
1748	2024-03-12	16.12	16.12	16.12	16.12	0
1749	2024-03-13	16.77	16.77	16.77	16.77	100
1750	2024-03-14	16.77	16.77	16.77	16.77	0
1751	2024-03-15	16.77	16.77	16.77	16.77	0
1752	2024-03-18	15.56	16.68	15.56	16.68	300
1753	2024-03-19	15.65	16.59	15.65	16.59	2600
1754	2024-03-20	15.93	16.68	15.93	16.68	200
1755	2024-03-21	15.93	15.93	15.93	15.93	600
1756	2024-03-22	15.93	15.93	15.93	15.93	100
1757	2024-03-25	15.93	15.93	15.93	15.93	0
1758	2024-03-26	15.93	15.93	15.93	15.93	600
1759	2024-03-27	16.4	16.4	16.4	16.4	700
1760	2024-03-28	16.49	16.77	15.93	16.77	14400
1761	2024-03-29	16.12	16.31	16.12	16.31	200
1762	2024-04-01	16.21	16.21	16.21	16.21	0
1763	2024-04-02	16.12	16.21	16.12	16.21	1000
1764	2024-04-03	16.21	16.21	16.21	16.21	0
1765	2024-04-04	16.68	17.7	16.68	17.7	7631
1766	2024-04-05	16.12	16.12	16.12	16.12	200
1767	2024-04-08	16.59	16.59	16.59	16.59	900
1768	2024-04-09	16.12	16.12	16.12	16.12	1011
1769	2024-04-10	16.12	16.12	16.12	16.12	0
1770	2024-04-11	17.7	17.7	16.77	16.77	300
1771	2024-04-12	16.12	16.12	16.12	16.12	100
1772	2024-04-15	16.12	16.12	16.12	16.12	0
1773	2024-04-16	16.12	16.12	16.12	16.12	0
1774	2024-04-17	16.77	16.77	16.77	16.77	6600
1775	2024-04-19	16.77	16.77	16.77	16.77	0
1776	2024-04-22	16.77	16.77	16.77	16.77	0
1777	2024-04-23	16.77	16.77	16.77	16.77	0
1778	2024-04-24	16.77	16.77	16.77	16.77	0
1779	2024-04-25	16.77	16.77	16.77	16.77	700
1780	2024-04-26	16.77	16.77	16.77	16.77	2600
1781	2024-05-02	16.31	16.31	16.31	16.31	100
1782	2024-05-03	16.31	16.31	16.31	16.31	0
1783	2024-05-06	16.31	16.31	16.31	16.31	0
1784	2024-05-07	16.31	16.31	16.31	16.31	0
1785	2024-05-08	16.31	16.31	16.31	16.31	10
1786	2024-05-09	16.4	16.4	16.4	16.4	3891
1787	2024-05-10	16.4	16.4	16.4	16.4	1
1788	2024-05-13	16.4	16.4	16.4	16.4	0
1789	2024-05-14	16.4	16.4	16.4	16.4	500
1790	2024-05-15	16.4	16.4	16.4	16.4	0
1791	2024-05-16	16.4	16.4	16.4	16.4	1
1792	2024-05-17	16.4	16.4	16.4	16.4	0
1793	2024-05-20	16.4	16.4	16.4	16.4	0
1794	2024-05-21	16.4	16.4	16.4	16.4	0
1795	2024-05-22	16.4	16.4	16.4	16.4	0
1796	2024-05-23	16.4	16.4	16.4	16.4	0
1797	2024-05-24	16.4	16.4	16.4	16.4	0
1798	2024-05-27	16.6	16.6	16.6	16.6	400
1799	2024-05-28	16.6	16.6	16.6	16.6	1
1800	2024-05-29	16.6	16.6	16.6	16.6	0
1801	2024-05-30	16.6	16.6	16.6	16.6	8600
1802	2024-05-31	16.6	16.6	16.6	16.6	0
1803	2024-06-03	17.7	17.7	17.7	17.7	500
1804	2024-06-04	17.7	17.7	17.7	17.7	0
1805	2024-06-05	16.7	16.7	16.6	16.6	4040
1806	2024-06-06	17.7	17.7	16.7	16.7	701
1807	2024-06-07	17.0	17.0	17.0	17.0	0
1808	2024-06-10	17.0	17.0	17.0	17.0	40
1809	2024-06-11	17.0	17.0	17.0	17.0	0
1810	2024-06-12	17.7	17.7	17.7	17.7	100
1811	2024-06-13	17.7	17.7	17.7	17.7	0
1812	2024-06-14	17.7	17.7	17.7	17.7	12
1813	2024-06-17	17.7	17.7	17.7	17.7	20
1814	2024-06-18	17.0	17.0	17.0	17.0	100
1815	2024-06-19	17.0	17.0	17.0	17.0	21
1816	2024-06-20	17.7	17.8	17.7	17.8	1438
1817	2024-06-21	17.7	17.7	17.7	17.7	55
1818	2024-06-24	17.7	17.7	17.7	17.7	0
1819	2024-06-25	17.7	17.7	17.7	17.7	0
1820	2024-06-26	17.7	17.7	17.7	17.7	55
1821	2024-06-27	17.7	17.7	16.6	16.6	401
1822	2024-06-28	17.4	17.4	17.4	17.4	152
1823	2024-07-01	17.4	17.4	17.4	17.4	0
1824	2024-07-02	17.4	17.4	17.4	17.4	0
1825	2024-07-03	17.4	17.4	17.4	17.4	0
1826	2024-07-04	17.4	17.4	17.4	17.4	0
1827	2024-07-05	17.4	17.4	17.4	17.4	0
1828	2024-07-08	17.7	17.7	17.7	17.7	850
1829	2024-07-09	17.7	17.7	17.7	17.7	0
1830	2024-07-10	17.7	17.7	17.7	17.7	0
1831	2024-07-11	17.7	17.7	17.7	17.7	1
1832	2024-07-12	17.7	17.7	17.7	17.7	0
1833	2024-07-15	17.7	17.7	17.7	17.7	0
1834	2024-07-16	17.7	17.7	17.7	17.7	611
1835	2024-07-17	17.7	17.7	17.7	17.7	0
1836	2024-07-18	17.2	17.2	17.1	17.2	1000
1837	2024-07-19	17.2	17.2	17.2	17.2	1000
1838	2024-07-22	17.2	17.2	17.2	17.2	1005
1839	2024-07-23	17.2	17.2	17.2	17.2	900
1840	2024-07-24	17.2	17.2	17.2	17.2	56
1841	2024-07-25	17.2	17.2	17.2	17.2	0
1842	2024-07-31	17.3	17.3	17.3	17.3	100
1843	2024-08-02	17.3	17.3	17.3	17.3	200
1844	2024-08-13	17.3	17.3	17.3	17.3	1300
1845	2024-08-14	17.5	17.5	17.3	17.3	700
1846	2024-08-15	17.4	17.4	17.4	17.4	3000
1847	2024-09-04	17.5	17.5	17.5	17.5	100
1848	2024-09-05	17.5	17.5	17.5	17.5	200
1849	2024-09-12	17.5	17.5	17.4	17.4	3900
1850	2024-09-16	17.5	17.5	17.5	17.5	600
1851	2024-09-30	17.5	17.5	17.5	17.5	200
1852	2024-10-03	17.5	17.5	17.5	17.5	300
1853	2024-10-10	18.0	18.0	18.0	18.0	1000
1854	2024-10-14	18.0	18.0	18.0	18.0	200
1855	2024-10-15	17.5	17.5	17.5	17.5	100
1856	2024-10-23	18.1	18.1	18.1	18.1	800
1857	2024-10-24	17.7	17.7	17.7	17.7	100
1858	2024-11-07	18.5	18.5	18.5	18.5	400
1859	2024-11-08	17.8	17.8	17.8	17.8	100
1860	2024-11-11	19.0	19.0	19.0	19.0	1000
1861	2024-11-12	18.7	18.7	18.4	18.4	7600
1862	2024-11-14	17.8	17.8	17.8	17.8	100
1863	2024-11-15	19.9	20.3	18.7	18.7	12200
1864	2024-11-18	17.9	17.9	17.9	17.9	200
1865	2024-11-25	18.2	18.2	18.2	18.2	2600
1866	2024-11-27	18.6	18.6	18.6	18.6	100
1867	2024-11-29	19.0	19.2	19.0	19.2	1500
1868	2024-12-03	19.1	19.1	18.0	18.0	300
1869	2024-12-04	18.2	18.2	18.2	18.2	100
1870	2024-12-05	19.2	20.0	19.0	19.0	500
1871	2024-12-09	18.0	18.0	18.0	18.0	100
1872	2024-12-10	20.0	20.0	20.0	20.0	2400
1873	2024-12-11	20.5	20.5	19.9	19.9	26500
1874	2024-12-12	19.1	20.0	19.1	20.0	200
1875	2024-12-13	19.6	19.6	19.5	19.5	1500
1876	2024-12-16	19.5	19.9	19.5	19.5	2000
1877	2024-12-17	19.5	19.5	19.5	19.5	1000
1878	2024-12-18	19.5	19.5	19.5	19.5	1600
1879	2024-12-20	20.0	20.0	20.0	20.0	500
1880	2024-12-23	23.0	23.0	19.8	19.8	400
1881	2024-12-24	20.0	20.0	20.0	20.0	1500
1882	2024-12-25	20.0	20.0	20.0	20.0	500
1883	2024-12-30	20.0	20.0	20.0	20.0	1000
1884	2025-01-06	20.2	20.2	20.2	20.2	1000
1885	2025-01-08	22.3	22.3	20.6	20.6	200
1886	2025-01-09	20.0	20.0	20.0	20.0	400
1887	2025-01-10	20.9	20.9	20.9	20.9	100
1888	2025-01-13	21.0	21.0	21.0	21.0	3900
1889	2025-01-16	21.1	21.2	21.1	21.2	1100
1890	2025-02-07	21.3	21.3	21.3	21.3	200
1891	2025-02-11	22.5	22.5	22.5	22.5	100
1892	2025-02-13	22.5	22.5	22.5	22.5	100
1893	2025-02-14	25.5	25.5	25.5	25.5	100
1894	2025-02-17	21.8	21.8	21.8	21.8	100
1895	2025-02-18	21.8	21.8	21.8	21.8	100
1896	2025-02-28	23.0	23.0	23.0	23.0	300
1897	2025-03-03	23.0	23.0	23.0	23.0	200
1898	2025-03-04	23.0	23.0	23.0	23.0	500
1899	2025-03-05	24.5	24.5	24.5	24.5	100
1900	2025-03-10	24.5	24.5	24.5	24.5	400
1901	2025-03-20	23.2	24.5	23.2	24.5	300
1902	2025-03-21	23.2	25.0	23.2	25.0	800
1903	2025-03-24	23.2	23.2	23.2	23.2	100
1904	2025-03-25	24.5	24.5	24.5	24.5	400
1905	2025-03-27	24.5	24.5	24.5	24.5	400
1906	2025-04-01	25.0	25.0	24.5	24.5	1000
