	time	open	high	low	close	volume
0	2016-12-21	15.82	15.82	15.82	15.82	200
1	2016-12-22	18.16	18.16	18.16	18.16	300
2	2016-12-23	18.16	18.16	18.16	18.16	100
3	2016-12-26	15.77	15.77	15.77	15.77	3000
4	2016-12-27	15.77	15.77	15.77	15.77	1000
5	2016-12-28	15.82	15.82	15.82	15.82	100
6	2016-12-29	15.82	15.82	15.82	15.82	0
7	2016-12-30	15.77	15.77	15.77	15.77	2000
8	2017-01-03	18.11	18.11	16.31	16.31	200
9	2017-01-04	19.74	19.74	19.74	19.74	100
10	2017-01-05	21.75	21.75	21.75	21.75	100
11	2017-01-06	21.75	21.75	21.75	21.75	0
12	2017-01-09	18.49	18.49	18.49	18.49	100
13	2017-01-10	18.49	18.49	18.49	18.49	0
14	2017-01-11	18.49	18.49	18.49	18.49	0
15	2017-01-12	18.49	18.49	18.49	18.49	0
16	2017-01-13	15.71	15.71	15.71	15.71	2100
17	2017-01-16	15.71	15.71	15.71	15.71	0
18	2017-01-17	15.71	15.71	15.71	15.71	0
19	2017-01-18	15.71	15.71	15.71	15.71	0
20	2017-01-19	15.71	15.71	15.71	15.71	0
21	2017-01-20	15.71	15.71	15.71	15.71	0
22	2017-01-23	15.71	15.71	15.71	15.71	0
23	2017-01-24	15.71	15.71	15.71	15.71	0
24	2017-01-25	15.71	15.71	15.71	15.71	0
25	2017-02-02	15.71	15.71	15.71	15.71	0
26	2017-02-03	15.55	15.55	15.55	15.55	2200
27	2017-02-06	15.39	15.39	15.39	15.39	2200
28	2017-02-07	15.39	15.39	15.39	15.39	0
29	2017-02-08	15.22	15.22	15.22	15.22	2200
30	2017-02-09	15.22	15.22	15.22	15.22	0
31	2017-02-10	15.22	15.22	15.22	15.22	0
32	2017-02-13	15.22	15.22	15.22	15.22	0
33	2017-02-14	15.22	15.22	15.22	15.22	0
34	2017-02-15	15.22	15.22	15.22	15.22	0
35	2017-02-16	15.22	15.22	15.22	15.22	0
36	2017-02-17	15.22	15.22	15.22	15.22	0
37	2017-02-20	15.22	15.22	15.22	15.22	0
38	2017-02-21	15.22	15.22	15.22	15.22	0
39	2017-02-22	15.22	15.22	15.22	15.22	0
40	2017-02-23	15.22	15.22	15.22	15.22	0
41	2017-02-24	15.22	15.22	15.22	15.22	0
42	2017-02-27	15.22	15.22	15.22	15.22	0
43	2017-02-28	15.06	15.06	15.06	15.06	200
44	2017-03-01	15.06	15.06	15.06	15.06	0
45	2017-03-02	15.06	15.06	15.06	15.06	0
46	2017-03-03	15.06	15.06	15.06	15.06	0
47	2017-03-06	15.06	15.06	15.06	15.06	0
48	2017-03-07	15.06	15.06	15.06	15.06	0
49	2017-03-08	15.06	15.06	15.06	15.06	0
50	2017-03-09	15.06	15.06	15.06	15.06	0
51	2017-03-10	15.06	15.06	15.06	15.06	0
52	2017-03-13	15.06	15.06	15.06	15.06	0
53	2017-03-14	15.06	15.06	15.06	15.06	0
54	2017-03-15	15.06	15.06	15.06	15.06	0
55	2017-03-16	15.06	15.06	15.06	15.06	0
56	2017-03-17	15.06	15.06	15.06	15.06	0
57	2017-03-20	15.06	15.06	15.06	15.06	0
58	2017-03-21	15.06	15.06	15.06	15.06	0
59	2017-03-22	15.06	15.06	15.06	15.06	0
60	2017-03-23	15.06	15.06	15.06	15.06	0
61	2017-03-24	15.06	15.06	15.06	15.06	0
62	2017-03-27	15.06	15.06	15.06	15.06	0
63	2017-03-28	15.06	15.06	15.06	15.06	0
64	2017-03-29	15.06	15.06	15.06	15.06	0
65	2017-03-30	15.06	15.06	15.06	15.06	400
66	2017-03-31	15.06	15.06	15.06	15.06	0
67	2017-04-03	15.06	15.06	15.06	15.06	1200
68	2017-04-04	15.06	15.06	15.06	15.06	0
69	2017-04-05	15.06	15.06	15.06	15.06	0
70	2017-04-07	15.06	15.06	15.06	15.06	0
71	2017-04-10	15.06	15.06	15.06	15.06	0
72	2017-04-11	15.06	15.06	15.06	15.06	0
73	2017-04-12	15.06	15.06	15.06	15.06	0
74	2017-04-13	15.06	15.06	15.06	15.06	0
75	2017-04-14	15.06	15.06	15.06	15.06	0
76	2017-04-17	15.06	15.06	15.06	15.06	0
77	2017-04-18	15.06	15.06	15.06	15.06	0
78	2017-04-19	15.06	15.06	15.06	15.06	0
79	2017-04-20	15.06	15.06	15.06	15.06	0
80	2017-04-21	15.06	15.06	15.06	15.06	0
81	2017-04-24	15.06	15.06	15.06	15.06	0
82	2017-04-25	15.06	15.06	15.06	15.06	0
83	2017-04-26	15.06	15.06	15.06	15.06	0
84	2017-04-27	15.06	15.06	15.06	15.06	0
85	2017-04-28	15.06	15.06	15.06	15.06	0
86	2017-05-03	15.06	15.06	15.06	15.06	0
87	2017-05-04	15.06	15.06	15.06	15.06	0
88	2017-05-05	15.06	15.06	15.06	15.06	0
89	2017-05-08	15.06	15.06	15.06	15.06	0
90	2017-05-09	15.06	15.06	15.06	15.06	0
91	2017-05-10	15.06	15.06	15.06	15.06	0
92	2017-05-11	15.06	15.06	15.06	15.06	0
93	2017-05-12	15.06	15.06	15.06	15.06	0
94	2017-05-15	15.06	15.06	15.06	15.06	0
95	2017-05-16	15.06	15.06	15.06	15.06	0
96	2017-05-17	9.08	16.31	9.08	16.31	4600
97	2017-05-18	9.24	9.24	9.24	9.24	0
98	2017-05-19	9.24	9.24	9.24	9.24	0
99	2017-05-22	9.24	9.24	9.24	9.24	0
100	2017-05-23	9.24	9.24	9.24	9.24	0
101	2017-05-24	9.24	9.24	9.24	9.24	0
102	2017-05-25	9.24	9.24	9.24	9.24	0
103	2017-05-26	9.24	9.24	9.24	9.24	0
104	2017-05-29	9.24	9.24	9.24	9.24	0
105	2017-05-30	9.24	9.24	9.24	9.24	0
106	2017-05-31	9.24	9.24	9.24	9.24	0
107	2017-06-01	9.24	9.24	9.24	9.24	0
108	2017-06-02	9.24	9.24	9.24	9.24	0
109	2017-06-05	9.24	9.24	9.24	9.24	0
110	2017-06-06	9.24	9.24	9.24	9.24	0
111	2017-06-07	9.24	9.24	9.24	9.24	0
112	2017-06-08	9.24	9.24	9.24	9.24	0
113	2017-06-09	9.24	9.24	9.24	9.24	0
114	2017-06-12	9.24	9.24	9.24	9.24	0
115	2017-06-13	9.24	9.24	9.24	9.24	0
116	2017-06-14	9.24	9.24	9.24	9.24	0
117	2017-06-15	9.24	9.24	9.24	9.24	0
118	2017-06-16	9.24	9.24	9.24	9.24	0
119	2017-06-19	9.24	9.24	9.24	9.24	0
120	2017-06-20	9.24	9.24	9.24	9.24	0
121	2017-06-21	9.24	9.24	9.24	9.24	0
122	2017-06-22	9.24	9.24	9.24	9.24	0
123	2017-06-23	9.24	9.24	9.24	9.24	0
124	2017-06-26	9.24	9.24	9.24	9.24	0
125	2017-06-27	9.24	9.24	9.24	9.24	0
126	2017-06-28	9.79	9.79	9.79	9.79	3100
127	2017-06-29	9.79	9.79	9.79	9.79	0
128	2017-06-30	9.79	9.79	9.79	9.79	0
129	2017-07-03	9.79	9.79	9.79	9.79	0
130	2017-07-04	9.79	9.79	9.79	9.79	0
131	2017-07-05	9.79	9.79	9.79	9.79	0
132	2017-07-06	9.79	9.79	9.79	9.79	0
133	2017-07-07	9.79	9.79	9.79	9.79	0
134	2017-07-10	9.79	9.79	9.79	9.79	0
135	2017-07-11	9.79	9.79	9.79	9.79	0
136	2017-07-12	9.79	9.79	9.79	9.79	0
137	2017-07-13	9.79	9.79	9.79	9.79	0
138	2017-07-14	9.79	9.79	9.79	9.79	0
139	2017-07-17	9.79	9.79	9.79	9.79	0
140	2017-07-18	9.79	9.79	9.79	9.79	0
141	2017-07-19	9.79	9.79	9.79	9.79	0
142	2017-07-20	9.79	9.79	9.79	9.79	0
143	2017-07-21	9.79	9.79	9.79	9.79	0
144	2017-07-24	9.79	9.79	9.79	9.79	0
145	2017-07-25	9.79	9.79	9.79	9.79	0
146	2017-07-26	9.79	9.79	9.79	9.79	0
147	2017-07-27	9.79	9.79	9.79	9.79	0
148	2017-07-28	9.79	9.79	9.79	9.79	0
149	2017-07-31	9.79	9.79	9.79	9.79	0
150	2017-08-01	9.79	9.79	9.79	9.79	0
151	2017-08-02	9.79	9.79	9.79	9.79	0
152	2017-08-03	9.79	9.79	9.79	9.79	0
153	2017-08-04	9.79	9.79	9.79	9.79	0
154	2017-08-07	9.79	9.79	9.79	9.79	0
155	2017-08-08	9.79	9.79	9.79	9.79	0
156	2017-08-09	9.79	9.79	9.79	9.79	0
157	2017-08-10	9.79	9.79	9.79	9.79	0
158	2017-08-11	9.79	9.79	9.79	9.79	0
159	2017-08-14	9.79	9.79	9.79	9.79	0
160	2017-08-15	9.79	9.79	9.79	9.79	0
161	2017-08-16	9.79	9.79	9.79	9.79	0
162	2017-08-17	9.79	9.79	9.79	9.79	0
163	2017-08-18	9.79	9.79	9.79	9.79	1900
164	2017-08-21	9.79	9.79	9.79	9.79	1900
165	2017-08-22	9.79	9.79	9.79	9.79	0
166	2017-08-23	8.32	8.32	8.32	8.32	100
167	2017-08-24	8.32	8.32	8.32	8.32	0
168	2017-08-25	8.32	8.32	8.32	8.32	0
169	2017-08-28	9.52	9.52	9.52	9.52	1500
170	2017-08-29	10.93	10.93	10.93	10.93	1000
171	2017-08-30	12.56	12.56	12.56	12.56	2500
172	2017-08-31	12.61	12.61	12.61	12.61	1000
173	2017-09-01	10.77	10.77	10.77	10.77	100
174	2017-09-05	10.77	10.77	10.77	10.77	0
175	2017-09-06	11.15	11.15	11.15	11.15	700
176	2017-09-07	10.77	10.77	10.77	10.77	0
177	2017-09-08	10.77	10.77	10.77	10.77	0
178	2017-09-11	10.77	10.77	10.77	10.77	0
179	2017-09-12	10.77	10.77	10.77	10.77	0
180	2017-09-13	10.77	10.77	10.77	10.77	0
181	2017-09-14	10.77	10.77	10.77	10.77	0
182	2017-09-15	10.77	10.77	10.77	10.77	0
183	2017-09-18	10.77	10.77	10.77	10.77	0
184	2017-09-19	9.68	9.68	9.68	9.68	100
185	2017-09-20	9.68	9.68	9.68	9.68	0
186	2017-09-21	9.68	9.68	9.68	9.68	0
187	2017-09-22	9.68	9.68	9.68	9.68	0
188	2017-09-25	9.68	9.68	9.68	9.68	0
189	2017-09-26	9.68	9.68	9.68	9.68	0
190	2017-09-27	9.68	9.68	9.68	9.68	0
191	2017-09-28	9.68	9.68	9.68	9.68	0
192	2017-09-29	9.68	9.68	9.68	9.68	0
193	2017-10-02	9.68	9.68	9.68	9.68	0
194	2017-10-03	9.68	9.68	9.68	9.68	0
195	2017-10-04	9.68	9.68	9.68	9.68	0
196	2017-10-05	9.68	9.68	9.68	9.68	0
197	2017-10-06	9.68	9.68	9.68	9.68	0
198	2017-10-09	9.68	9.68	9.68	9.68	0
199	2017-10-10	9.68	9.68	9.68	9.68	0
200	2017-10-11	9.68	9.68	9.68	9.68	0
201	2017-10-12	9.68	9.68	9.68	9.68	0
202	2017-10-13	9.68	9.68	9.68	9.68	0
203	2017-10-16	9.68	9.68	9.68	9.68	0
204	2017-10-17	9.68	9.68	9.68	9.68	0
205	2017-10-18	9.68	9.68	9.68	9.68	0
206	2017-10-19	9.68	9.68	9.68	9.68	0
207	2017-10-20	9.68	9.68	9.68	9.68	0
208	2017-10-23	9.68	9.68	9.68	9.68	0
209	2017-10-24	9.68	9.68	9.68	9.68	0
210	2017-10-25	9.68	9.68	9.68	9.68	0
211	2017-10-26	9.68	9.68	9.68	9.68	0
212	2017-10-27	9.68	9.68	9.68	9.68	0
213	2017-10-30	9.68	9.68	9.68	9.68	100
214	2017-10-31	9.68	9.68	9.68	9.68	0
215	2017-11-01	9.68	9.68	9.68	9.68	0
216	2017-11-02	9.68	9.68	9.68	9.68	0
217	2017-11-03	9.68	9.68	9.68	9.68	100
218	2017-11-06	9.68	9.68	9.68	9.68	0
219	2017-11-07	9.68	9.68	9.68	9.68	0
220	2017-11-08	9.68	9.68	9.68	9.68	0
221	2017-11-09	9.68	9.68	9.68	9.68	0
222	2017-11-10	9.68	9.68	9.68	9.68	0
223	2017-11-13	9.68	9.68	9.68	9.68	0
224	2017-11-14	9.68	9.68	9.68	9.68	0
225	2017-11-15	9.68	9.68	9.68	9.68	0
226	2017-11-16	9.68	9.68	9.68	9.68	0
227	2017-11-17	9.68	9.68	9.68	9.68	0
228	2017-11-20	9.68	9.68	9.68	9.68	0
229	2017-11-21	9.68	9.68	9.68	9.68	0
230	2017-11-22	9.68	9.68	9.68	9.68	0
231	2017-11-23	9.68	9.68	9.68	9.68	0
232	2017-11-24	9.68	9.68	9.68	9.68	0
233	2017-11-27	9.68	9.68	9.68	9.68	0
234	2017-11-28	9.68	9.68	9.68	9.68	0
235	2017-11-29	9.68	9.68	9.68	9.68	0
236	2017-11-30	9.68	9.68	9.68	9.68	0
237	2017-12-01	9.68	9.68	9.68	9.68	0
238	2017-12-04	9.68	9.68	9.68	9.68	0
239	2017-12-05	9.68	9.68	9.68	9.68	0
240	2017-12-06	9.68	11.09	9.68	11.09	2000
241	2017-12-07	9.74	9.74	9.74	9.74	0
242	2017-12-08	11.15	11.15	11.15	11.15	100
243	2017-12-11	12.8	12.8	12.8	12.8	600
244	2017-12-12	14.7	14.7	14.7	14.7	100
245	2017-12-13	12.5	12.5	12.5	12.5	1000
246	2017-12-14	12.5	12.5	12.5	12.5	0
247	2017-12-15	12.5	12.5	12.5	12.5	0
248	2017-12-18	12.5	12.5	12.5	12.5	0
249	2017-12-19	12.56	12.74	12.56	12.74	3200
250	2017-12-20	12.68	12.68	12.68	12.68	0
251	2017-12-21	14.52	14.52	13.17	13.17	2100
252	2017-12-22	13.23	13.23	13.23	13.23	0
253	2017-12-25	15.01	15.01	15.01	15.01	100
254	2017-12-26	15.01	15.01	15.01	15.01	0
255	2017-12-27	13.17	13.17	13.17	13.17	2000
256	2017-12-28	13.17	13.17	13.17	13.17	0
257	2017-12-29	12.31	12.31	12.31	12.31	100
258	2018-01-02	12.31	12.31	12.31	12.31	0
259	2018-01-03	10.48	10.48	10.48	10.48	100
260	2018-01-04	10.48	10.48	10.48	10.48	0
261	2018-01-05	12.01	12.01	12.01	12.01	100
262	2018-01-08	13.72	13.72	13.72	13.72	100
263	2018-01-09	13.17	13.23	13.17	13.23	1900
264	2018-01-10	13.23	13.23	13.23	13.23	0
265	2018-01-11	13.78	13.78	13.78	13.78	200
266	2018-01-12	13.78	13.78	13.78	13.78	0
267	2018-01-15	12.25	12.25	12.13	12.13	3000
268	2018-01-16	12.19	12.19	12.19	12.19	0
269	2018-01-17	12.25	12.25	12.25	12.25	4100
270	2018-01-18	12.31	12.31	12.31	12.31	2200
271	2018-01-19	12.31	12.31	12.31	12.31	0
272	2018-01-22	12.31	12.31	12.31	12.31	0
273	2018-01-23	12.31	12.31	12.31	12.31	0
274	2018-01-24	12.31	12.31	12.31	12.31	0
275	2018-01-25	12.31	12.31	12.31	12.31	0
276	2018-01-26	10.48	12.56	10.48	12.56	3500
277	2018-01-29	12.5	12.5	12.5	12.5	0
278	2018-01-30	10.66	14.33	10.66	14.33	300
279	2018-01-31	10.66	10.66	10.66	10.66	100
280	2018-02-01	10.66	10.66	10.66	10.66	0
281	2018-02-02	10.66	10.66	10.66	10.66	0
282	2018-02-05	10.66	10.66	10.66	10.66	0
283	2018-02-06	9.07	12.25	9.07	12.25	600
284	2018-02-07	9.62	9.62	9.62	9.62	0
285	2018-02-08	9.62	9.62	9.62	9.62	0
286	2018-02-09	8.27	11.03	8.27	11.03	200
287	2018-02-12	11.09	11.09	9.68	9.68	200
288	2018-02-13	10.41	10.41	10.41	10.41	0
289	2018-02-21	10.41	10.41	10.41	10.41	0
290	2018-02-22	9.86	9.86	9.86	9.86	600
291	2018-02-23	9.86	9.86	9.86	9.86	0
292	2018-02-26	8.39	8.39	8.39	8.39	100
293	2018-02-27	8.39	8.39	8.39	8.39	0
294	2018-02-28	9.62	9.62	9.62	9.62	100
295	2018-03-01	8.33	11.03	8.33	11.03	500
296	2018-03-02	8.88	8.88	8.88	8.88	0
297	2018-03-05	8.88	8.88	8.88	8.88	0
298	2018-03-06	8.88	8.88	8.88	8.88	0
299	2018-03-07	8.88	8.88	8.88	8.88	0
300	2018-03-08	8.88	8.88	8.88	8.88	0
301	2018-03-09	8.88	8.88	8.88	8.88	0
302	2018-03-12	8.88	8.88	8.88	8.88	0
303	2018-03-13	7.6	7.6	7.6	7.6	100
304	2018-03-14	7.6	7.6	7.6	7.6	0
305	2018-03-15	7.6	7.6	7.6	7.6	0
306	2018-03-16	8.7	8.7	8.7	8.7	100
307	2018-03-19	9.99	9.99	9.99	9.99	200
308	2018-03-20	11.46	11.46	11.46	11.46	100
309	2018-03-21	13.17	13.17	13.17	13.17	200
310	2018-03-22	13.17	13.17	13.17	13.17	0
311	2018-03-23	13.17	13.17	13.17	13.17	0
312	2018-03-26	15.13	15.13	15.13	15.13	2600
313	2018-03-27	13.48	15.31	13.48	15.31	2100
314	2018-03-28	15.31	15.31	15.31	15.31	1000
315	2018-03-29	15.31	15.31	15.31	15.31	0
316	2018-03-30	15.31	15.31	15.31	15.31	0
317	2018-04-02	15.31	15.31	15.31	15.31	0
318	2018-04-03	15.31	15.31	15.31	15.31	0
319	2018-04-04	15.31	15.31	15.31	15.31	0
320	2018-04-05	15.38	15.38	15.38	15.38	100
321	2018-04-06	15.38	15.38	15.38	15.38	0
322	2018-04-09	15.38	15.38	15.38	15.38	0
323	2018-04-10	13.11	13.11	13.11	13.11	100
324	2018-04-11	13.11	13.11	13.11	13.11	0
325	2018-04-12	13.11	13.11	13.11	13.11	0
326	2018-04-13	13.11	13.11	13.11	13.11	0
327	2018-04-16	13.11	13.11	13.11	13.11	0
328	2018-04-17	13.11	13.11	13.11	13.11	0
329	2018-04-18	13.11	13.11	13.11	13.11	0
330	2018-04-19	13.11	13.11	13.11	13.11	0
331	2018-04-20	15.07	15.07	15.07	15.07	100
332	2018-04-23	15.07	15.07	15.07	15.07	0
333	2018-04-24	12.86	12.86	12.86	12.86	100
334	2018-04-26	10.97	10.97	10.97	10.97	100
335	2018-04-27	10.97	10.97	10.97	10.97	0
336	2018-05-02	10.97	10.97	10.97	10.97	0
337	2018-05-03	10.97	10.97	10.97	10.97	0
338	2018-05-04	10.97	10.97	10.97	10.97	0
339	2018-05-07	10.97	10.97	10.97	10.97	0
340	2018-05-08	9.43	9.43	9.43	9.43	100
341	2018-05-09	9.43	9.43	9.43	9.43	0
342	2018-05-10	9.43	9.43	9.43	9.43	0
343	2018-05-11	9.43	9.43	9.43	9.43	0
344	2018-05-14	9.43	9.43	9.43	9.43	0
345	2018-05-15	9.43	9.43	9.43	9.43	0
346	2018-05-16	10.84	10.84	10.84	10.84	100
347	2018-05-17	9.5	12.44	9.5	12.44	200
348	2018-05-18	10.97	10.97	10.97	10.97	0
349	2018-05-21	10.97	10.97	10.97	10.97	0
350	2018-05-22	12.56	12.56	12.56	12.56	100
351	2018-05-23	12.56	12.56	12.56	12.56	0
352	2018-05-24	12.56	12.56	12.56	12.56	0
353	2018-05-25	12.56	12.56	12.56	12.56	0
354	2018-05-28	12.56	12.56	12.56	12.56	0
355	2018-05-29	12.56	12.56	12.56	12.56	0
356	2018-05-30	12.56	12.56	12.56	12.56	0
357	2018-05-31	12.56	12.56	12.56	12.56	0
358	2018-06-01	12.56	12.56	12.56	12.56	0
359	2018-06-04	14.4	14.4	14.4	14.4	100
360	2018-06-05	15.31	15.31	15.31	15.31	200
361	2018-06-06	16.65	16.98	16.65	16.65	500
362	2018-06-07	16.78	16.78	16.78	16.78	0
363	2018-06-08	16.78	16.78	16.78	16.78	0
364	2018-06-11	14.32	14.32	14.32	14.32	100
365	2018-06-12	16.45	16.45	16.45	16.45	100
366	2018-06-13	13.98	13.98	13.98	13.98	100
367	2018-06-14	11.99	11.99	11.99	11.99	100
368	2018-06-15	11.99	11.99	11.99	11.99	0
369	2018-06-18	11.99	11.99	11.99	11.99	0
370	2018-06-19	11.99	11.99	11.99	11.99	0
371	2018-06-20	11.99	11.99	11.99	11.99	0
372	2018-06-21	11.99	11.99	11.99	11.99	0
373	2018-06-22	11.99	11.99	11.99	11.99	0
374	2018-06-25	13.78	13.78	13.78	13.78	500
375	2018-06-26	14.98	15.85	14.98	15.85	1600
376	2018-06-27	16.65	17.98	16.65	17.98	2500
377	2018-06-28	17.98	18.31	17.98	18.31	700
378	2018-06-29	17.98	18.31	17.98	18.31	1600
379	2018-07-02	18.04	18.04	18.04	18.04	0
380	2018-07-03	17.65	17.65	17.65	17.65	900
381	2018-07-04	17.65	17.65	17.65	17.65	300
382	2018-07-05	17.65	17.65	17.65	17.65	300
383	2018-07-06	17.65	17.98	17.65	17.98	600
384	2018-07-09	17.78	17.78	17.78	17.78	300
385	2018-07-10	17.78	17.78	17.78	17.78	1800
386	2018-07-11	17.78	17.78	17.78	17.78	1700
387	2018-07-12	17.78	18.31	17.78	18.31	2800
388	2018-07-13	17.98	17.98	17.98	17.98	0
389	2018-07-16	17.98	17.98	17.98	17.98	0
390	2018-07-17	17.98	17.98	17.98	17.98	0
391	2018-07-18	17.98	17.98	17.98	17.98	0
392	2018-07-19	17.98	17.98	17.98	17.98	1000
393	2018-07-20	17.98	17.98	17.98	17.98	1300
394	2018-07-23	17.98	17.98	17.98	17.98	1000
395	2018-07-24	17.98	17.98	17.98	17.98	0
396	2018-07-25	17.98	17.98	17.98	17.98	0
397	2018-07-26	17.98	17.98	17.98	17.98	0
398	2018-07-27	17.98	17.98	17.98	17.98	2000
399	2018-07-30	17.98	17.98	17.98	17.98	2500
400	2018-07-31	17.98	17.98	17.98	17.98	3000
401	2018-08-01	17.98	17.98	17.98	17.98	0
402	2018-08-02	17.98	17.98	17.98	17.98	0
403	2018-08-03	17.98	17.98	17.98	17.98	0
404	2018-08-06	17.98	17.98	17.98	17.98	500
405	2018-08-07	17.98	17.98	17.98	17.98	0
406	2018-08-08	17.98	17.98	17.98	17.98	4000
407	2018-08-09	16.31	17.98	16.31	17.98	5000
408	2018-08-10	17.31	17.31	17.31	17.31	500
409	2018-08-13	17.31	17.31	17.31	17.31	3000
410	2018-08-14	17.31	17.31	17.31	17.31	900
411	2018-08-15	17.31	17.31	17.31	17.31	2500
412	2018-08-16	17.31	17.31	17.31	17.31	4500
413	2018-08-17	17.98	17.98	17.98	17.98	300
414	2018-08-20	17.98	17.98	17.98	17.98	0
415	2018-08-21	16.71	16.71	16.71	16.71	100
416	2018-08-22	16.71	16.71	16.71	16.71	0
417	2018-08-23	16.71	16.71	16.71	16.71	0
418	2018-08-24	16.98	17.25	16.98	17.25	200
419	2018-08-27	17.11	17.11	17.11	17.11	0
420	2018-08-28	17.11	17.11	17.11	17.11	0
421	2018-08-29	17.11	17.11	17.11	17.11	0
422	2018-08-30	17.11	17.11	17.11	17.11	0
423	2018-08-31	16.65	16.65	16.65	16.65	400
424	2018-09-04	16.65	16.65	16.65	16.65	1000
425	2018-09-05	16.65	16.65	16.65	16.65	0
426	2018-09-06	16.65	16.65	16.65	16.65	0
427	2018-09-07	17.31	17.65	17.31	17.31	500
428	2018-09-10	17.98	17.98	17.98	17.98	300
429	2018-09-11	17.98	17.98	17.98	17.98	0
430	2018-09-12	17.98	17.98	17.98	17.98	100
431	2018-09-13	17.98	17.98	17.98	17.98	0
432	2018-09-14	18.31	18.31	18.31	18.31	100
433	2018-09-17	18.31	18.31	18.31	18.31	0
434	2018-09-18	17.98	17.98	17.98	17.98	1000
435	2018-09-19	18.31	18.64	18.31	18.64	6100
436	2018-09-20	17.98	17.98	17.98	17.98	3000
437	2018-09-21	17.98	17.98	17.98	17.98	4300
438	2018-09-24	18.31	18.64	18.31	18.64	300
439	2018-09-25	18.64	18.64	18.64	18.64	100
440	2018-09-26	18.64	18.64	18.64	18.64	0
441	2018-09-27	18.64	18.64	18.64	18.64	0
442	2018-09-28	18.64	18.64	18.64	18.64	0
443	2018-10-01	18.64	18.64	18.64	18.64	0
444	2018-10-02	18.64	18.64	18.64	18.64	0
445	2018-10-03	18.64	18.64	18.64	18.64	0
446	2018-10-04	18.64	18.64	18.64	18.64	0
447	2018-10-05	18.64	18.64	18.64	18.64	0
448	2018-10-08	18.64	18.64	18.64	18.64	0
449	2018-10-09	18.64	18.64	18.64	18.64	0
450	2018-10-10	18.64	18.64	18.64	18.64	0
451	2018-10-11	18.98	18.98	18.98	18.98	2000
452	2018-10-12	18.98	18.98	18.98	18.98	0
453	2018-10-15	18.98	18.98	18.98	18.98	0
454	2018-10-16	18.98	18.98	18.98	18.98	0
455	2018-10-17	18.98	18.98	18.98	18.98	0
456	2018-10-18	18.98	18.98	18.98	18.98	0
457	2018-10-19	18.98	18.98	18.98	18.98	0
458	2018-10-22	18.98	18.98	18.98	18.98	0
459	2018-10-23	18.98	18.98	18.98	18.98	0
460	2018-10-24	18.98	18.98	18.98	18.98	0
461	2018-10-25	18.98	18.98	18.98	18.98	0
462	2018-10-26	18.98	18.98	18.98	18.98	0
463	2018-10-29	18.98	18.98	18.98	18.98	0
464	2018-10-30	18.98	18.98	18.98	18.98	0
465	2018-10-31	18.98	18.98	18.98	18.98	0
466	2018-11-01	18.98	18.98	18.98	18.98	500
467	2018-11-02	18.98	18.98	18.98	18.98	0
468	2018-11-05	18.98	18.98	18.98	18.98	0
469	2018-11-06	18.98	18.98	18.98	18.98	0
470	2018-11-07	18.98	18.98	18.98	18.98	0
471	2018-11-08	18.98	18.98	18.98	18.98	0
472	2018-11-09	18.98	18.98	18.98	18.98	0
473	2018-11-12	18.98	18.98	18.98	18.98	0
474	2018-11-13	18.98	18.98	18.98	18.98	0
475	2018-11-14	18.98	18.98	18.98	18.98	0
476	2018-11-15	18.98	18.98	18.98	18.98	0
477	2018-11-16	18.98	18.98	18.98	18.98	0
478	2018-11-19	18.98	18.98	18.98	18.98	0
479	2018-11-20	18.98	18.98	18.98	18.98	0
480	2018-11-21	18.98	18.98	18.98	18.98	0
481	2018-11-22	18.98	18.98	18.98	18.98	0
482	2018-11-23	18.98	18.98	18.98	18.98	0
483	2018-11-26	18.98	18.98	18.98	18.98	0
484	2018-11-27	18.98	18.98	18.98	18.98	0
485	2018-11-28	18.98	18.98	18.98	18.98	0
486	2018-11-29	18.98	18.98	18.98	18.98	0
487	2018-11-30	18.98	18.98	18.98	18.98	0
488	2018-12-03	18.98	18.98	18.98	18.98	0
489	2018-12-04	18.98	18.98	18.98	18.98	0
490	2018-12-05	18.98	18.98	18.98	18.98	0
491	2018-12-06	18.98	18.98	18.98	18.98	0
492	2018-12-07	18.98	18.98	18.98	18.98	0
493	2018-12-10	18.98	18.98	18.98	18.98	0
494	2018-12-11	18.98	18.98	18.98	18.98	0
495	2018-12-12	18.98	18.98	18.98	18.98	0
496	2018-12-13	18.98	18.98	18.98	18.98	0
497	2018-12-14	19.31	19.31	19.31	19.31	100
498	2018-12-17	19.31	19.31	19.31	19.31	0
499	2018-12-18	19.31	19.31	19.31	19.31	0
500	2018-12-19	19.31	19.31	19.31	19.31	0
501	2018-12-20	16.45	16.45	16.45	16.45	100
502	2018-12-21	16.45	16.45	16.45	16.45	0
503	2018-12-24	18.91	18.91	18.91	18.91	200
504	2018-12-25	18.91	18.91	18.91	18.91	0
505	2018-12-26	18.91	18.91	18.91	18.91	0
506	2018-12-27	19.64	19.64	19.64	19.64	200
507	2018-12-28	19.64	19.64	19.64	19.64	0
508	2019-01-02	19.64	19.64	19.64	19.64	0
509	2019-01-03	19.64	19.64	19.64	19.64	0
510	2019-01-04	19.64	19.64	19.64	19.64	0
511	2019-01-07	19.64	19.64	19.64	19.64	0
512	2019-01-08	19.64	19.64	19.64	19.64	0
513	2019-01-09	19.64	19.64	19.64	19.64	0
514	2019-01-10	19.64	19.64	19.64	19.64	0
515	2019-01-11	19.64	19.64	19.64	19.64	0
516	2019-01-14	19.64	19.64	19.64	19.64	0
517	2019-01-15	19.64	19.64	19.64	19.64	0
518	2019-01-16	19.64	19.64	19.64	19.64	0
519	2019-01-17	19.64	19.64	19.64	19.64	0
520	2019-01-18	19.64	19.64	19.64	19.64	0
521	2019-01-21	19.64	19.64	19.64	19.64	0
522	2019-01-22	19.64	19.64	19.64	19.64	0
523	2019-01-23	19.64	19.64	19.64	19.64	0
524	2019-01-24	19.64	19.64	19.64	19.64	0
525	2019-01-25	19.64	19.64	19.64	19.64	0
526	2019-01-28	19.64	19.64	19.64	19.64	0
527	2019-01-29	19.64	19.64	19.64	19.64	0
528	2019-01-30	19.64	19.64	19.64	19.64	0
529	2019-01-31	19.64	19.64	19.64	19.64	0
530	2019-02-01	19.64	19.64	19.64	19.64	0
531	2019-02-11	19.64	19.64	19.64	19.64	0
532	2019-02-12	19.64	19.64	19.64	19.64	0
533	2019-02-13	19.64	19.64	19.64	19.64	0
534	2019-02-14	19.64	19.64	19.64	19.64	0
535	2019-02-15	19.64	19.64	19.64	19.64	0
536	2019-02-18	19.64	19.64	19.64	19.64	0
537	2019-02-19	19.64	19.64	19.64	19.64	0
538	2019-02-20	19.64	19.64	19.64	19.64	0
539	2019-02-21	19.64	19.64	19.64	19.64	0
540	2019-02-22	19.64	19.64	19.64	19.64	0
541	2019-02-25	19.64	19.64	19.64	19.64	0
542	2019-02-26	19.64	19.64	19.64	19.64	0
543	2019-02-27	19.64	19.64	19.64	19.64	0
544	2019-02-28	19.64	19.64	19.64	19.64	0
545	2019-03-01	19.64	19.64	19.64	19.64	0
546	2019-03-04	20.64	20.64	20.64	20.64	100
547	2019-03-05	20.31	20.64	20.31	20.64	600
548	2019-03-06	20.57	20.64	20.64	20.64	0
549	2019-03-07	20.57	20.64	20.64	20.64	0
550	2019-03-08	20.57	20.64	20.64	20.64	0
551	2019-03-11	20.57	20.64	20.64	20.64	0
552	2019-03-12	20.57	20.64	20.64	20.64	0
553	2019-03-13	20.57	20.64	20.64	20.64	0
554	2019-03-14	20.57	20.64	20.64	20.64	0
555	2019-03-15	20.57	20.64	20.64	20.64	0
556	2019-03-18	19.98	19.98	19.98	19.98	800
557	2019-03-19	19.98	19.98	19.98	19.98	200
558	2019-03-20	19.98	19.98	19.98	19.98	0
559	2019-03-21	19.98	19.98	19.98	19.98	0
560	2019-03-22	19.98	19.98	19.98	19.98	0
561	2019-03-25	19.98	19.98	19.98	19.98	0
562	2019-03-26	19.98	19.98	19.98	19.98	0
563	2019-03-27	19.98	19.98	19.98	19.98	0
564	2019-03-28	19.98	19.98	19.98	19.98	0
565	2019-03-29	19.98	19.98	19.98	19.98	0
566	2019-04-01	19.98	19.98	19.98	19.98	0
567	2019-04-02	19.98	19.98	19.98	19.98	0
568	2019-04-03	19.98	19.98	19.98	19.98	0
569	2019-04-04	19.98	19.98	19.98	19.98	0
570	2019-04-05	19.98	19.98	19.98	19.98	0
571	2019-04-08	19.98	19.98	19.98	19.98	200
572	2019-04-09	19.98	19.98	19.98	19.98	0
573	2019-04-10	19.98	19.98	19.98	19.98	0
574	2019-04-11	19.98	19.98	19.98	19.98	0
575	2019-04-12	19.98	19.98	19.98	19.98	0
576	2019-04-16	19.98	19.98	19.98	19.98	0
577	2019-04-17	19.98	19.98	19.98	19.98	0
578	2019-04-18	19.98	19.98	19.98	19.98	500
579	2019-04-19	22.97	22.97	22.97	22.97	100
580	2019-04-22	22.97	22.97	22.97	22.97	0
581	2019-04-23	22.97	22.97	22.97	22.97	0
582	2019-04-24	22.97	22.97	22.97	22.97	0
583	2019-04-25	22.97	22.97	22.97	22.97	0
584	2019-04-26	22.97	22.97	22.97	22.97	0
585	2019-05-02	22.97	22.97	22.97	22.97	0
586	2019-05-03	22.97	22.97	22.97	22.97	0
587	2019-05-06	22.97	22.97	22.97	22.97	0
588	2019-05-07	22.97	22.97	22.97	22.97	0
589	2019-05-08	22.97	22.97	22.97	22.97	0
590	2019-05-09	22.97	22.97	22.97	22.97	0
591	2019-05-10	20.04	20.04	20.04	20.04	200
592	2019-05-13	20.04	20.04	20.04	20.04	0
593	2019-05-14	20.04	20.04	20.04	20.04	0
594	2019-05-15	17.05	17.05	17.05	17.05	200
595	2019-05-16	17.05	17.05	17.05	17.05	0
596	2019-05-17	19.58	19.58	19.58	19.58	500
597	2019-05-20	19.58	19.58	19.58	19.58	300
598	2019-05-21	19.98	19.98	19.98	19.98	1500
599	2019-05-22	20.11	20.18	19.98	20.18	2200
600	2019-05-23	20.11	20.18	20.11	20.18	600
601	2019-05-24	20.24	20.24	20.24	20.24	3400
602	2019-05-27	20.68	22.13	20.68	22.13	900
603	2019-05-28	21.69	22.13	21.69	21.76	3400
604	2019-05-29	21.84	21.84	21.84	21.84	600
605	2019-05-30	21.76	21.76	21.76	21.76	100
606	2019-05-31	21.76	21.76	21.76	21.76	0
607	2019-06-03	21.76	21.76	21.76	21.76	0
608	2019-06-04	21.76	21.76	21.76	21.76	7700
609	2019-06-05	21.76	21.76	21.76	21.76	700
610	2019-06-06	21.76	21.76	21.76	21.76	3000
611	2019-06-07	21.76	21.76	21.76	21.76	0
612	2019-06-10	21.76	21.76	21.76	21.76	100
613	2019-06-11	21.04	21.04	21.04	21.04	300
614	2019-06-12	21.76	21.76	21.76	21.76	2600
615	2019-06-13	21.76	21.76	21.76	21.76	300
616	2019-06-14	21.76	21.76	21.76	21.76	500
617	2019-06-17	21.76	21.76	21.76	21.76	0
618	2019-06-18	21.76	21.76	21.76	21.76	0
619	2019-06-19	21.76	21.76	21.76	21.76	0
620	2019-06-20	21.76	21.76	21.76	21.76	0
621	2019-06-21	21.76	21.76	21.76	21.76	500
622	2019-06-24	22.13	22.13	22.13	22.13	100
623	2019-06-25	22.13	22.13	22.13	22.13	0
624	2019-06-26	22.13	22.13	22.13	22.13	0
625	2019-06-27	22.13	22.13	22.13	22.13	100
626	2019-06-28	22.13	22.13	22.13	22.13	400
627	2019-07-01	22.13	22.13	22.13	22.13	200
628	2019-07-02	22.13	22.13	22.13	22.13	400
629	2019-07-03	22.13	22.13	22.13	22.13	200
630	2019-07-04	22.13	22.13	22.13	22.13	200
631	2019-07-05	22.13	22.13	22.13	22.13	0
632	2019-07-08	22.13	22.13	22.13	22.13	200
633	2019-07-09	22.13	22.13	22.13	22.13	100
634	2019-07-10	22.13	22.13	22.13	22.13	0
635	2019-07-11	22.13	22.13	22.13	22.13	0
636	2019-07-12	21.76	21.76	21.76	21.76	100
637	2019-07-15	21.76	21.76	21.76	21.76	0
638	2019-07-16	21.76	21.76	21.76	21.76	0
639	2019-07-17	21.76	21.76	21.76	21.76	0
640	2019-07-18	21.76	21.76	21.76	21.76	200
641	2019-07-19	22.13	22.13	22.13	22.13	200
642	2019-07-22	22.13	22.13	22.13	22.13	100
643	2019-07-23	22.13	22.13	22.13	22.13	200
644	2019-07-24	22.13	22.13	22.13	22.13	0
645	2019-07-25	21.76	21.76	21.76	21.76	300
646	2019-07-26	21.76	21.76	21.76	21.76	0
647	2019-07-29	21.76	21.76	21.76	21.76	0
648	2019-07-30	21.76	21.76	21.76	21.76	0
649	2019-07-31	22.13	22.13	22.13	22.13	100
650	2019-08-01	22.13	22.13	22.13	22.13	0
651	2019-08-02	22.13	22.13	22.13	22.13	700
652	2019-08-05	22.13	22.13	22.13	22.13	0
653	2019-08-06	22.13	22.13	22.13	22.13	0
654	2019-08-07	25.39	25.39	25.39	25.39	400
655	2019-08-08	25.39	25.39	25.39	25.39	0
656	2019-08-09	25.39	25.39	25.39	25.39	0
657	2019-08-12	25.39	25.39	25.39	25.39	0
658	2019-08-13	25.39	25.39	25.39	25.39	0
659	2019-08-14	25.39	25.39	25.39	25.39	0
660	2019-08-15	25.39	25.39	25.39	25.39	0
661	2019-08-16	25.39	25.39	25.39	25.39	0
662	2019-08-19	22.13	22.13	22.13	22.13	500
663	2019-08-20	22.13	22.13	22.13	22.13	0
664	2019-08-21	22.13	22.13	22.13	22.13	0
665	2019-08-22	22.13	22.13	22.13	22.13	0
666	2019-08-23	22.13	22.13	22.13	22.13	6
667	2019-08-26	22.13	22.13	22.13	22.13	0
668	2019-08-27	22.13	22.13	22.13	22.13	0
669	2019-08-28	22.49	22.49	22.49	22.49	300
670	2019-08-29	22.49	22.49	22.49	22.49	0
671	2019-08-30	22.49	22.49	22.49	22.49	100
672	2019-09-03	22.49	22.49	22.49	22.49	0
673	2019-09-04	22.49	22.49	22.49	22.49	0
674	2019-09-05	22.49	22.49	22.49	22.49	0
675	2019-09-06	22.49	22.49	22.49	22.49	0
676	2019-09-09	22.49	22.49	22.49	22.49	0
677	2019-09-10	21.76	21.76	21.76	21.76	300
678	2019-09-11	21.76	21.76	21.76	21.76	0
679	2019-09-12	21.76	21.76	21.76	21.76	0
680	2019-09-13	21.76	21.76	21.76	21.76	0
681	2019-09-16	21.76	21.76	21.76	21.76	300
682	2019-09-17	21.76	21.76	21.76	21.76	0
683	2019-09-18	21.76	21.76	21.76	21.76	0
684	2019-09-19	21.76	21.76	21.76	21.76	0
685	2019-09-20	21.76	21.76	21.76	21.76	100
686	2019-09-23	21.76	21.76	21.76	21.76	0
687	2019-09-24	21.76	21.76	21.76	21.76	0
688	2019-09-25	21.76	21.76	21.76	21.76	0
689	2019-09-26	21.76	21.76	21.76	21.76	0
690	2019-09-27	21.76	21.76	21.76	21.76	0
691	2019-09-30	21.76	21.76	21.76	21.76	0
692	2019-10-01	21.76	21.76	21.76	21.76	0
693	2019-10-02	21.76	21.76	21.76	21.76	0
694	2019-10-03	21.76	21.76	21.76	21.76	0
695	2019-10-04	21.76	21.76	21.76	21.76	0
696	2019-10-07	21.76	21.76	21.76	21.76	0
697	2019-10-08	21.76	21.76	21.76	21.76	0
698	2019-10-09	21.76	21.76	21.76	21.76	0
699	2019-10-10	21.76	21.76	21.76	21.76	0
700	2019-10-11	21.76	21.76	21.76	21.76	0
701	2019-10-14	21.76	21.76	21.76	21.76	0
702	2019-10-15	21.76	21.76	21.76	21.76	0
703	2019-10-16	21.76	21.76	21.76	21.76	0
704	2019-10-17	21.76	21.76	21.76	21.76	0
705	2019-10-18	21.76	21.76	21.76	21.76	0
706	2019-10-21	21.76	21.76	21.76	21.76	0
707	2019-10-22	21.76	21.76	21.76	21.76	0
708	2019-10-23	21.76	21.76	21.76	21.76	0
709	2019-10-24	21.76	21.76	21.76	21.76	0
710	2019-10-25	21.76	21.76	21.76	21.76	0
711	2019-10-28	21.76	21.76	21.76	21.76	0
712	2019-10-29	21.76	21.76	21.76	21.76	0
713	2019-10-30	21.76	21.76	21.76	21.76	0
714	2019-10-31	21.76	21.76	21.76	21.76	0
715	2019-11-01	21.76	21.76	21.76	21.76	0
716	2019-11-04	21.76	21.76	21.76	21.76	0
717	2019-11-05	21.76	21.76	21.76	21.76	0
718	2019-11-06	21.4	21.4	21.4	21.4	500
719	2019-11-07	21.4	21.4	21.4	21.4	300
720	2019-11-08	21.4	21.4	21.4	21.4	0
721	2019-11-11	21.4	21.4	21.4	21.4	0
722	2019-11-12	21.4	21.4	21.4	21.4	0
723	2019-11-13	21.4	21.4	21.4	21.4	0
724	2019-11-14	21.4	21.4	21.4	21.4	0
725	2019-11-15	21.4	21.4	21.4	21.4	0
726	2019-11-18	21.4	21.4	21.4	21.4	0
727	2019-11-19	21.4	21.4	21.4	21.4	0
728	2019-11-20	21.4	21.4	21.4	21.4	0
729	2019-11-21	21.4	21.4	21.4	21.4	0
730	2019-11-22	21.4	21.4	21.4	21.4	0
731	2019-11-25	21.4	21.4	21.4	21.4	0
732	2019-11-26	21.76	21.76	21.76	21.76	100
733	2019-11-27	21.76	21.76	21.76	21.76	0
734	2019-11-28	21.76	21.76	21.76	21.76	200
735	2019-11-29	21.76	21.76	21.76	21.76	0
736	2019-12-02	21.76	21.76	21.76	21.76	0
737	2019-12-03	21.76	21.76	21.76	21.76	0
738	2019-12-04	21.76	21.76	21.76	21.76	400
739	2019-12-05	21.76	21.76	21.76	21.76	100
740	2019-12-06	21.76	21.76	21.76	21.76	200
741	2019-12-09	21.76	21.76	21.76	21.76	0
742	2019-12-10	21.76	21.76	21.76	21.76	0
743	2019-12-11	21.76	21.76	21.76	21.76	0
744	2019-12-12	21.76	21.76	21.76	21.76	200
745	2019-12-13	21.76	21.76	21.76	21.76	0
746	2019-12-16	21.76	21.76	21.76	21.76	0
747	2019-12-17	21.76	21.76	21.76	21.76	200
748	2019-12-18	21.76	21.76	21.76	21.76	0
749	2019-12-19	21.76	21.76	21.76	21.76	200
750	2019-12-20	21.76	21.76	21.76	21.76	0
751	2019-12-23	21.76	21.76	21.76	21.76	200
752	2019-12-24	21.76	21.76	21.76	21.76	0
753	2019-12-25	21.76	21.76	21.76	21.76	0
754	2019-12-26	21.76	21.76	21.76	21.76	200
755	2019-12-27	21.76	21.76	21.76	21.76	0
756	2019-12-30	21.76	21.76	21.76	21.76	200
757	2019-12-31	21.76	21.76	21.76	21.76	200
758	2020-01-02	21.76	21.76	21.76	21.76	0
759	2020-01-03	21.76	21.76	21.76	21.76	0
760	2020-01-06	21.76	21.76	21.76	21.76	0
761	2020-01-07	21.76	21.76	21.76	21.76	0
762	2020-01-08	21.76	21.76	21.76	21.76	0
763	2020-01-09	21.76	21.76	21.76	21.76	0
764	2020-01-10	21.76	21.76	21.76	21.76	0
765	2020-01-13	21.76	21.76	21.76	21.76	0
766	2020-01-14	21.76	21.76	21.76	21.76	0
767	2020-01-15	21.76	21.76	21.76	21.76	0
768	2020-01-16	21.76	21.76	21.76	21.76	0
769	2020-01-17	21.76	21.76	21.76	21.76	0
770	2020-01-20	21.76	21.76	21.76	21.76	0
771	2020-01-21	21.76	21.76	21.76	21.76	0
772	2020-01-22	21.76	21.76	21.76	21.76	0
773	2020-01-30	21.76	21.76	21.76	21.76	0
774	2020-01-31	21.76	21.76	21.76	21.76	0
775	2020-02-03	21.76	21.76	21.76	21.76	0
776	2020-02-04	21.76	21.76	21.76	21.76	0
777	2020-02-05	22.13	22.13	22.13	22.13	200
778	2020-02-06	22.13	22.13	22.13	22.13	0
779	2020-02-07	22.13	22.13	22.13	22.13	200
780	2020-02-10	22.13	22.13	22.13	22.13	0
781	2020-02-11	22.13	22.13	22.13	22.13	0
782	2020-02-12	22.13	22.13	22.13	22.13	0
783	2020-02-13	22.13	22.13	22.13	22.13	0
784	2020-02-14	22.13	22.13	22.13	22.13	0
785	2020-02-17	22.13	22.13	22.13	22.13	0
786	2020-02-18	22.13	22.13	22.13	22.13	0
787	2020-02-19	22.13	22.13	22.13	22.13	0
788	2020-02-20	22.13	22.13	22.13	22.13	0
789	2020-02-21	22.13	22.13	22.13	22.13	0
790	2020-02-24	22.13	22.13	22.13	22.13	0
791	2020-02-25	22.13	22.13	22.13	22.13	0
792	2020-02-26	22.13	22.13	22.13	22.13	200
793	2020-02-27	22.13	22.13	22.13	22.13	0
794	2020-02-28	22.13	22.13	22.13	22.13	200
795	2020-03-02	22.13	22.13	22.13	22.13	1000
796	2020-03-03	22.13	22.49	22.13	22.49	1500
797	2020-03-04	22.35	22.49	22.49	22.49	0
798	2020-03-05	22.35	22.49	22.49	22.49	0
799	2020-03-06	22.35	22.49	22.49	22.49	0
800	2020-03-09	22.35	22.49	22.49	22.49	0
801	2020-03-10	22.35	22.49	22.49	22.49	0
802	2020-03-11	22.35	22.49	22.49	22.49	0
803	2020-03-12	22.35	22.49	22.49	22.49	0
804	2020-03-13	22.35	22.49	22.49	22.49	0
805	2020-03-16	22.35	22.49	22.49	22.49	0
806	2020-03-17	22.35	22.49	22.49	22.49	0
807	2020-03-18	22.35	22.49	22.49	22.49	0
808	2020-03-19	22.35	22.49	22.49	22.49	0
809	2020-03-20	22.35	22.49	22.49	22.49	0
810	2020-03-23	22.35	22.49	22.49	22.49	0
811	2020-03-24	22.35	22.49	22.49	22.49	0
812	2020-03-25	22.35	22.49	22.49	22.49	0
813	2020-03-26	22.49	22.49	22.49	22.49	200
814	2020-03-27	22.85	22.85	22.85	22.85	500
815	2020-03-30	22.85	22.85	22.85	22.85	0
816	2020-03-31	22.85	22.85	22.85	22.85	5500
817	2020-04-01	22.85	22.85	22.85	22.85	3000
818	2020-04-03	22.85	22.85	22.85	22.85	3600
819	2020-04-06	22.85	22.85	22.85	22.85	3600
820	2020-04-07	22.85	22.85	22.85	22.85	0
821	2020-04-08	22.85	22.85	22.85	22.85	0
822	2020-04-09	22.85	22.85	22.85	22.85	0
823	2020-04-10	22.85	22.85	22.85	22.85	0
824	2020-04-13	22.85	22.85	22.85	22.85	0
825	2020-04-14	22.85	22.85	22.85	22.85	0
826	2020-04-15	22.85	22.85	22.85	22.85	0
827	2020-04-16	22.85	22.85	22.85	22.85	0
828	2020-04-17	22.85	22.85	22.85	22.85	0
829	2020-04-20	22.85	22.85	22.85	22.85	0
830	2020-04-21	22.85	22.85	22.85	22.85	0
831	2020-04-22	22.85	22.85	22.85	22.85	0
832	2020-04-23	22.85	22.85	22.85	22.85	0
833	2020-04-24	22.85	22.85	22.85	22.85	0
834	2020-04-27	22.85	22.85	22.85	22.85	0
835	2020-04-28	22.85	22.85	22.85	22.85	0
836	2020-04-29	22.85	22.85	22.85	22.85	0
837	2020-05-04	23.58	23.94	23.58	23.94	9000
838	2020-05-05	23.94	24.3	23.94	24.3	7200
839	2020-05-06	24.09	24.3	24.3	24.3	0
840	2020-05-07	24.67	25.03	24.67	25.03	4300
841	2020-05-08	24.81	25.03	25.03	25.03	0
842	2020-05-11	24.81	25.03	25.03	25.03	0
843	2020-05-12	24.81	25.03	25.03	25.03	0
844	2020-05-13	24.81	25.03	25.03	25.03	0
845	2020-05-14	24.67	24.67	24.67	24.67	1000
846	2020-05-15	24.67	24.67	24.67	24.67	0
847	2020-05-18	24.67	24.67	24.67	24.67	0
848	2020-05-19	22.85	22.85	22.85	22.85	100
849	2020-05-20	24.3	26.26	24.3	26.26	20200
850	2020-05-21	27.21	29.24	27.21	27.21	4700
851	2020-05-22	29.02	29.02	29.02	29.02	200
852	2020-05-25	29.02	31.56	29.02	31.56	3000
853	2020-05-26	30.83	30.83	29.75	30.47	2700
854	2020-05-27	31.56	31.92	31.41	31.92	3100
855	2020-05-28	32.65	33.37	32.65	33.37	3800
856	2020-05-29	33.37	34.03	33.37	34.03	800
857	2020-06-01	34.1	35.91	34.1	35.91	6300
858	2020-06-02	36.27	39.9	36.27	37.73	1400
859	2020-06-03	36.27	36.27	35.55	35.55	3600
860	2020-06-04	35.55	35.69	35.55	35.55	4600
861	2020-06-05	35.55	35.55	34.82	34.82	1200
862	2020-06-08	34.82	39.18	34.82	35.4	3900
863	2020-06-09	29.82	34.82	29.82	34.1	900
864	2020-06-10	34.1	34.1	34.1	34.1	2700
865	2020-06-11	34.1	34.1	34.1	34.1	24100
866	2020-06-12	34.1	34.1	34.1	34.1	300
867	2020-06-15	30.11	33.37	30.11	33.37	300
868	2020-06-16	27.5	32.65	27.5	31.92	700
869	2020-06-17	28.44	34.68	28.44	34.68	200
870	2020-06-18	26.84	31.56	26.84	31.56	200
871	2020-06-19	32.65	33.59	32.65	33.59	500
872	2020-06-22	36.13	36.27	36.13	36.27	200
873	2020-06-23	33.45	36.27	33.37	33.81	1400
874	2020-06-24	34.1	34.1	34.1	34.1	100
875	2020-06-25	34.1	34.1	34.1	34.1	1300
876	2020-06-26	29.75	29.75	29.75	29.75	100
877	2020-06-29	31.92	31.92	31.92	31.92	200
878	2020-06-30	32.65	32.65	32.65	32.65	300
879	2020-07-01	32.79	32.79	32.79	32.79	100
880	2020-07-02	33.37	33.37	33.37	33.37	100
881	2020-07-03	33.37	33.37	33.37	33.37	0
882	2020-07-06	33.37	33.37	33.37	33.37	0
883	2020-07-07	34.52	35.29	34.52	35.29	800
884	2020-07-08	34.75	35.29	35.29	35.29	0
885	2020-07-09	34.52	34.52	34.14	34.14	2000
886	2020-07-10	34.21	34.21	34.14	34.14	1200
887	2020-07-13	30.15	30.15	30.15	30.15	100
888	2020-07-14	30.15	30.15	30.15	30.15	0
889	2020-07-15	30.15	30.15	30.15	30.15	0
890	2020-07-16	32.3	32.3	32.3	32.3	100
891	2020-07-17	27.46	32.3	27.46	32.3	200
892	2020-07-20	29.0	29.0	29.0	29.0	100
893	2020-07-21	29.0	29.0	29.0	29.0	0
894	2020-07-22	29.0	29.0	29.0	29.0	0
895	2020-07-23	32.3	32.45	32.3	32.45	200
896	2020-07-24	31.61	32.37	31.61	32.37	400
897	2020-07-27	29.61	32.22	29.61	32.22	200
898	2020-07-28	29.92	32.22	29.92	32.22	200
899	2020-07-29	32.22	32.22	32.22	32.22	100
900	2020-07-30	30.0	30.0	30.0	30.0	100
901	2020-07-31	30.0	30.0	30.0	30.0	0
902	2020-08-03	30.0	30.0	30.0	30.0	0
903	2020-08-04	32.6	32.6	32.6	32.6	100
904	2020-08-05	30.69	32.22	30.69	32.22	200
905	2020-08-06	26.77	32.22	26.77	32.22	200
906	2020-08-07	29.54	32.22	32.22	32.22	0
907	2020-08-10	29.54	32.22	32.22	32.22	0
908	2020-08-11	29.54	32.22	32.22	32.22	0
909	2020-08-12	31.45	31.45	31.45	31.45	100
910	2020-08-13	26.77	26.77	26.77	26.77	100
911	2020-08-14	26.77	26.77	26.77	26.77	0
912	2020-08-17	30.76	30.76	30.76	30.76	100
913	2020-08-18	32.3	32.3	32.3	32.3	100
914	2020-08-19	29.61	35.29	29.61	35.29	1800
915	2020-08-20	34.52	34.52	34.52	34.52	1800
916	2020-08-21	30.0	34.91	30.0	34.91	200
917	2020-08-24	32.99	34.91	32.99	34.91	200
918	2020-08-25	30.3	34.52	30.3	34.52	3600
919	2020-08-26	34.52	34.52	34.52	34.52	6800
920	2020-08-27	34.52	34.52	33.75	34.52	5800
921	2020-08-28	34.52	34.52	33.75	33.75	3900
922	2020-08-31	33.75	33.75	33.75	33.75	2300
923	2020-09-01	33.75	33.83	33.75	33.75	2500
924	2020-09-03	33.75	33.75	33.75	33.75	0
925	2020-09-04	33.75	33.75	33.75	33.75	0
926	2020-09-07	33.75	33.75	33.75	33.75	100
927	2020-09-08	33.75	33.75	33.75	33.75	1000
928	2020-09-09	33.75	33.75	33.75	33.75	0
929	2020-09-10	33.75	33.75	33.75	33.75	400
930	2020-09-11	33.75	33.75	33.75	33.75	0
931	2020-09-14	33.75	33.75	33.75	33.75	0
932	2020-09-15	35.06	35.06	35.06	35.06	100
933	2020-09-16	35.06	35.06	35.06	35.06	100
934	2020-09-17	35.29	35.29	35.29	35.29	100
935	2020-09-18	40.58	40.58	36.06	36.06	400
936	2020-09-21	37.59	37.59	37.59	37.59	100
937	2020-09-22	37.59	37.59	37.59	37.59	0
938	2020-09-23	37.59	37.59	37.59	37.59	0
939	2020-09-24	37.59	37.59	37.59	37.59	0
940	2020-09-25	37.59	37.59	37.59	37.59	0
941	2020-09-28	37.59	37.59	37.59	37.59	0
942	2020-09-29	35.67	35.67	35.29	35.29	500
943	2020-09-30	35.52	35.29	35.29	35.29	0
944	2020-10-01	35.52	35.29	35.29	35.29	0
945	2020-10-02	35.14	35.14	34.98	35.14	400
946	2020-10-05	35.14	35.14	35.14	35.14	0
947	2020-10-06	35.29	35.67	35.29	35.67	300
948	2020-10-07	35.29	35.75	35.29	35.75	200
949	2020-10-08	35.67	35.67	35.67	35.67	300
950	2020-10-09	35.67	35.67	35.67	35.67	0
951	2020-10-12	35.67	35.67	35.67	35.67	0
952	2020-10-13	35.67	35.67	35.67	35.67	0
953	2020-10-14	35.67	35.67	35.67	35.67	0
954	2020-10-15	35.67	35.67	35.67	35.67	0
955	2020-10-16	40.97	40.97	40.97	40.97	100
956	2020-10-19	40.97	40.97	40.97	40.97	0
957	2020-10-20	40.97	40.97	40.97	40.97	0
958	2020-10-21	35.75	35.75	34.83	34.83	700
959	2020-10-22	35.14	34.83	34.83	34.83	0
960	2020-10-23	40.28	40.28	36.82	36.82	200
961	2020-10-26	34.52	34.52	34.52	34.52	100
962	2020-10-27	34.52	34.52	34.52	34.52	0
963	2020-10-28	39.66	39.66	34.52	34.52	2300
964	2020-10-29	34.52	34.52	34.52	34.52	2300
965	2020-10-30	34.52	34.52	34.14	34.14	1800
966	2020-11-02	34.37	34.14	34.14	34.14	0
967	2020-11-03	39.51	39.51	34.52	34.52	300
968	2020-11-04	36.44	34.52	34.52	34.52	0
969	2020-11-05	41.66	41.66	36.06	36.06	200
970	2020-11-06	38.89	36.06	36.06	36.06	0
971	2020-11-09	38.89	36.06	36.06	36.06	0
972	2020-11-10	38.89	36.06	36.06	36.06	0
973	2020-11-11	38.89	36.06	36.06	36.06	0
974	2020-11-12	38.89	36.06	36.06	36.06	0
975	2020-11-13	36.06	38.13	36.06	36.06	300
976	2020-11-16	41.43	41.43	36.82	36.82	200
977	2020-11-17	34.52	36.06	34.52	36.06	600
978	2020-11-18	35.21	35.21	35.21	35.21	100
979	2020-11-19	35.21	35.21	35.21	35.21	0
980	2020-11-20	35.21	35.21	35.21	35.21	0
981	2020-11-23	35.21	35.21	35.21	35.21	0
982	2020-11-24	35.14	35.14	35.14	35.14	100
983	2020-11-25	35.14	35.14	35.14	35.14	0
984	2020-11-26	35.44	35.44	35.44	35.44	200
985	2020-11-27	35.44	35.44	35.44	35.44	0
986	2020-11-30	34.91	34.91	34.91	34.91	200
987	2020-12-01	34.91	34.91	34.52	34.52	300
988	2020-12-02	33.45	33.75	33.45	33.75	200
989	2020-12-03	38.36	38.36	38.36	38.36	100
990	2020-12-04	38.36	38.36	38.36	38.36	2000
991	2020-12-07	44.11	44.11	44.11	44.11	100
992	2020-12-08	44.11	44.11	44.11	44.11	0
993	2020-12-09	37.51	37.51	37.51	37.51	600
994	2020-12-10	42.19	42.19	36.82	36.82	1100
995	2020-12-11	37.28	36.82	36.82	36.82	0
996	2020-12-14	41.43	41.43	38.51	38.51	200
997	2020-12-15	45.26	45.26	35.29	35.29	200
998	2020-12-16	43.73	43.73	43.73	43.73	100
999	2020-12-17	37.28	37.28	37.28	37.28	100
1000	2020-12-18	41.43	41.43	41.43	41.43	100
1001	2020-12-21	41.43	41.43	41.43	41.43	0
1002	2020-12-22	41.43	41.43	41.43	41.43	0
1003	2020-12-23	43.73	43.73	43.73	43.73	100
1004	2020-12-24	43.73	43.73	43.73	43.73	0
1005	2020-12-25	43.73	43.73	43.73	43.73	0
1006	2020-12-28	45.26	45.26	45.26	45.26	100
1007	2020-12-29	45.26	45.26	45.26	45.26	0
1008	2020-12-30	45.26	45.26	45.26	45.26	0
1009	2020-12-31	45.26	45.26	45.26	45.26	0
1010	2021-01-04	45.26	45.26	45.26	45.26	0
1011	2021-01-05	45.26	45.26	45.26	45.26	0
1012	2021-01-06	45.26	45.26	45.26	45.26	0
1013	2021-01-07	45.26	45.26	45.26	45.26	0
1014	2021-01-08	45.26	45.26	45.26	45.26	0
1015	2021-01-11	45.26	45.26	45.26	45.26	0
1016	2021-01-12	45.26	45.26	45.26	45.26	0
1017	2021-01-13	45.26	45.26	45.26	45.26	0
1018	2021-01-14	45.26	45.26	45.26	45.26	0
1019	2021-01-15	45.26	45.26	45.26	45.26	0
1020	2021-01-18	38.51	38.51	38.51	38.51	200
1021	2021-01-19	38.51	38.51	38.51	38.51	0
1022	2021-01-20	38.51	38.51	38.51	38.51	0
1023	2021-01-21	38.51	38.51	38.51	38.51	0
1024	2021-01-22	38.51	38.51	38.51	38.51	0
1025	2021-01-25	38.36	38.36	38.36	38.36	1100
1026	2021-01-26	38.36	38.36	38.36	38.36	800
1027	2021-01-27	38.36	38.36	38.36	38.36	1000
1028	2021-01-28	36.06	38.36	36.06	38.36	2800
1029	2021-01-29	38.36	42.19	38.36	42.19	500
1030	2021-02-01	40.04	42.19	42.19	42.19	0
1031	2021-02-02	34.52	38.36	34.52	36.82	400
1032	2021-02-03	31.68	31.68	31.68	31.68	100
1033	2021-02-04	31.68	31.68	31.68	31.68	0
1034	2021-02-05	31.68	31.68	31.68	31.68	0
1035	2021-02-08	31.68	31.68	31.68	31.68	0
1036	2021-02-09	36.36	36.36	36.36	36.36	100
1037	2021-02-17	36.36	36.36	36.36	36.36	0
1038	2021-02-18	41.81	41.81	41.81	41.81	100
1039	2021-02-19	36.44	36.44	36.44	36.44	100
1040	2021-02-22	36.44	36.44	36.44	36.44	0
1041	2021-02-23	36.44	36.44	36.44	36.44	0
1042	2021-02-24	36.44	36.44	36.44	36.44	1
1043	2021-02-25	36.44	36.44	36.44	36.44	0
1044	2021-02-26	36.44	36.44	36.44	36.44	0
1045	2021-03-01	41.81	41.81	38.36	38.36	300
1046	2021-03-02	34.6	34.6	34.6	34.6	100
1047	2021-03-03	34.6	34.6	34.6	34.6	0
1048	2021-03-04	34.6	34.6	34.6	34.6	0
1049	2021-03-05	39.74	39.74	39.74	39.74	100
1050	2021-03-08	33.83	33.83	33.83	33.83	100
1051	2021-03-09	33.83	33.83	33.83	33.83	0
1052	2021-03-10	33.83	33.83	33.83	33.83	0
1053	2021-03-11	33.83	33.83	33.83	33.83	0
1054	2021-03-12	33.83	33.83	33.83	33.83	0
1055	2021-03-15	33.83	33.83	33.83	33.83	0
1056	2021-03-16	38.89	38.89	38.89	38.89	300
1057	2021-03-17	38.89	38.89	38.89	38.89	0
1058	2021-03-18	38.89	38.89	38.89	38.89	0
1059	2021-03-19	38.89	38.89	38.89	38.89	0
1060	2021-03-22	41.04	41.43	41.04	41.43	1100
1061	2021-03-23	41.43	41.43	41.43	41.43	0
1062	2021-03-24	42.96	42.96	42.96	42.96	100
1063	2021-03-25	42.96	42.96	42.96	42.96	0
1064	2021-03-26	41.81	41.81	41.81	41.81	100
1065	2021-03-29	41.81	41.81	41.81	41.81	0
1066	2021-03-30	47.56	47.56	47.56	47.56	100
1067	2021-03-31	46.03	46.03	46.03	46.03	600
1068	2021-04-01	40.66	40.66	40.66	40.66	100
1069	2021-04-02	34.6	34.6	34.6	34.6	100
1070	2021-04-05	34.6	34.6	34.6	34.6	0
1071	2021-04-06	39.74	39.74	39.74	39.74	100
1072	2021-04-07	33.91	33.91	33.91	33.91	100
1073	2021-04-08	33.91	33.91	33.91	33.91	0
1074	2021-04-09	38.97	38.97	38.97	38.97	100
1075	2021-04-12	44.8	44.8	44.8	44.8	300
1076	2021-04-13	51.4	51.4	51.4	51.4	100
1077	2021-04-14	57.54	57.54	43.73	43.73	1200
1078	2021-04-15	51.02	51.02	47.56	47.56	200
1079	2021-04-16	53.7	53.7	53.7	53.7	100
1080	2021-04-19	46.03	46.03	45.65	45.65	600
1081	2021-04-20	45.72	45.65	45.65	45.65	0
1082	2021-04-22	43.96	43.96	43.96	43.96	600
1083	2021-04-23	43.96	44.11	43.96	44.11	7400
1084	2021-04-26	50.63	50.63	50.63	50.63	100
1085	2021-04-27	58.23	58.23	58.23	58.23	100
1086	2021-04-28	58.23	58.23	58.23	58.23	0
1087	2021-04-29	58.23	58.23	58.23	58.23	0
1088	2021-05-04	58.23	58.23	58.23	58.23	200
1089	2021-05-05	58.23	58.23	58.23	58.23	0
1090	2021-05-06	58.23	58.23	58.23	58.23	0
1091	2021-05-07	58.23	58.23	58.23	58.23	0
1092	2021-05-10	66.9	66.9	66.9	66.9	100
1093	2021-05-11	66.9	66.9	66.9	66.9	0
1094	2021-05-12	66.9	66.9	66.9	66.9	0
1095	2021-05-13	66.9	66.9	66.9	66.9	0
1096	2021-05-14	56.92	56.92	56.92	56.92	100
1097	2021-05-17	48.41	48.41	48.41	48.41	100
1098	2021-05-18	55.62	55.62	55.62	55.62	100
1099	2021-05-19	47.33	47.33	47.33	47.33	600
1100	2021-05-20	43.73	47.33	43.73	47.33	2000
1101	2021-05-21	54.08	54.08	54.08	54.08	100
1102	2021-05-24	54.08	54.08	54.08	54.08	0
1103	2021-05-25	54.08	54.08	54.08	54.08	0
1104	2021-05-26	46.8	47.56	46.8	47.56	500
1105	2021-05-27	54.24	54.24	47.72	47.72	200
1106	2021-05-28	51.02	47.72	47.72	47.72	0
1107	2021-05-31	51.02	53.85	51.02	53.7	700
1108	2021-06-01	53.62	53.7	53.62	53.7	1200
1109	2021-06-02	53.7	57.54	53.32	57.54	2300
1110	2021-06-03	57.54	57.54	57.46	57.54	3100
1111	2021-06-04	59.96	59.96	59.96	59.96	100
1112	2021-06-07	61.99	61.99	61.99	61.99	100
1113	2021-06-08	53.48	53.48	53.48	53.48	500
1114	2021-06-09	61.18	61.18	48.7	48.7	601
1115	2021-06-10	58.26	58.26	58.26	58.26	199
1116	2021-06-11	58.26	58.26	58.26	58.26	0
1117	2021-06-14	58.26	58.26	58.26	58.26	0
1118	2021-06-15	58.26	58.26	58.26	58.26	0
1119	2021-06-16	58.26	58.26	58.26	58.26	0
1120	2021-06-17	58.26	58.26	58.26	58.26	0
1121	2021-06-18	58.26	58.26	58.26	58.26	0
1122	2021-06-21	49.59	49.59	49.59	49.59	1500
1123	2021-06-22	55.83	55.83	55.83	55.83	200
1124	2021-06-23	55.83	55.83	55.83	55.83	0
1125	2021-06-24	55.83	55.83	55.83	55.83	2
1126	2021-06-25	55.83	55.83	55.83	55.83	0
1127	2021-06-28	55.83	55.83	55.83	55.83	0
1128	2021-06-29	48.62	48.7	48.62	48.62	1000
1129	2021-06-30	54.94	54.94	54.94	54.94	100
1130	2021-07-01	54.94	54.94	54.94	54.94	0
1131	2021-07-02	54.94	54.94	54.94	54.94	0
1132	2021-07-05	54.94	54.94	54.94	54.94	0
1133	2021-07-06	48.62	48.62	48.62	48.62	100
1134	2021-07-07	55.43	55.43	55.43	55.43	100
1135	2021-07-08	55.43	55.43	55.43	55.43	0
1136	2021-07-09	55.43	55.43	55.43	55.43	0
1137	2021-07-12	55.43	55.43	55.43	55.43	0
1138	2021-07-13	55.43	55.43	55.43	55.43	0
1139	2021-07-14	49.43	49.43	49.43	49.43	800
1140	2021-07-15	49.43	49.43	49.43	49.43	0
1141	2021-07-16	45.38	45.38	45.38	45.38	3100
1142	2021-07-19	45.38	45.38	45.38	45.38	0
1143	2021-07-20	51.38	51.38	51.38	51.38	100
1144	2021-07-21	51.38	51.38	51.38	51.38	0
1145	2021-07-22	49.43	49.43	49.43	49.43	500
1146	2021-07-23	49.43	49.43	49.43	49.43	300
1147	2021-07-26	49.43	49.43	49.43	49.43	0
1148	2021-07-27	49.43	49.43	49.43	49.43	500
1149	2021-07-28	49.43	49.43	49.43	49.43	0
1150	2021-07-29	49.43	49.43	49.43	49.43	0
1151	2021-07-30	49.43	49.43	49.43	49.43	0
1152	2021-08-02	49.43	49.43	49.43	49.43	500
1153	2021-08-03	49.43	49.43	49.43	49.43	0
1154	2021-08-04	49.43	49.43	49.43	49.43	0
1155	2021-08-05	49.43	49.43	49.43	49.43	0
1156	2021-08-06	49.43	49.43	49.43	49.43	0
1157	2021-08-09	49.43	49.43	49.43	49.43	500
1158	2021-08-10	49.43	49.43	49.43	49.43	0
1159	2021-08-11	49.43	49.43	49.43	49.43	0
1160	2021-08-12	49.43	49.43	49.43	49.43	0
1161	2021-08-13	44.65	47.0	44.65	47.0	2500
1162	2021-08-16	47.0	47.0	47.0	47.0	300
1163	2021-08-17	47.0	47.0	47.0	47.0	0
1164	2021-08-18	47.0	47.0	47.0	47.0	0
1165	2021-08-19	47.0	47.0	47.0	47.0	0
1166	2021-08-20	47.0	47.0	47.0	47.0	0
1167	2021-08-23	47.0	47.0	47.0	47.0	0
1168	2021-08-24	47.0	47.0	47.0	47.0	0
1169	2021-08-25	47.0	47.0	47.0	47.0	400
1170	2021-08-26	46.19	46.19	46.19	46.19	200
1171	2021-08-27	46.19	46.19	46.19	46.19	500
1172	2021-08-30	46.19	46.19	46.19	46.19	0
1173	2021-08-31	46.19	46.19	46.19	46.19	0
1174	2021-09-01	49.43	49.43	49.43	49.43	700
1175	2021-09-06	47.0	47.0	47.0	47.0	300
1176	2021-09-07	47.0	47.0	47.0	47.0	0
1177	2021-09-08	47.0	47.0	47.0	47.0	0
1178	2021-09-09	47.0	47.0	47.0	47.0	0
1179	2021-09-10	47.0	47.0	47.0	47.0	0
1180	2021-09-13	47.0	47.0	47.0	47.0	0
1181	2021-09-14	47.0	47.0	47.0	47.0	0
1182	2021-09-15	47.0	47.0	47.0	47.0	0
1183	2021-09-16	47.0	47.0	47.0	47.0	0
1184	2021-09-17	47.0	47.0	47.0	47.0	0
1185	2021-09-20	49.84	49.84	49.84	49.84	1400
1186	2021-09-21	49.84	49.84	49.84	49.84	900
1187	2021-09-22	45.38	45.38	45.38	45.38	300
1188	2021-09-23	45.38	45.38	45.38	45.38	0
1189	2021-09-24	46.19	46.19	46.19	46.19	300
1190	2021-09-27	46.19	46.19	46.19	46.19	203
1191	2021-09-28	46.19	46.19	46.19	46.19	2400
1192	2021-09-29	44.57	44.65	44.57	44.65	1000
1193	2021-09-30	44.65	44.65	44.65	44.65	0
1194	2021-10-01	44.65	44.65	44.65	44.65	0
1195	2021-10-04	44.65	44.65	44.65	44.65	0
1196	2021-10-05	44.65	44.65	44.65	44.65	0
1197	2021-10-06	44.65	44.65	44.65	44.65	0
1198	2021-10-07	44.65	44.65	44.65	44.65	0
1199	2021-10-08	46.27	46.27	46.27	46.27	100
1200	2021-10-11	46.27	46.27	46.27	46.27	0
1201	2021-10-12	46.27	46.27	46.27	46.27	0
1202	2021-10-13	46.27	46.27	46.27	46.27	0
1203	2021-10-14	47.0	47.0	47.0	47.0	100
1204	2021-10-15	47.0	47.0	47.0	47.0	0
1205	2021-10-18	47.0	47.0	47.0	47.0	0
1206	2021-10-19	47.0	47.0	47.0	47.0	0
1207	2021-10-20	47.0	47.0	47.0	47.0	0
1208	2021-10-21	47.0	47.0	47.0	47.0	0
1209	2021-10-22	47.0	47.0	47.0	47.0	0
1210	2021-10-25	47.0	47.0	47.0	47.0	0
1211	2021-10-26	47.0	47.0	47.0	47.0	0
1212	2021-10-27	47.0	47.0	47.0	47.0	0
1213	2021-10-28	47.0	47.0	47.0	47.0	0
1214	2021-10-29	47.0	47.0	47.0	47.0	0
1215	2021-11-01	47.0	47.0	47.0	47.0	0
1216	2021-11-02	47.0	47.0	47.0	47.0	0
1217	2021-11-03	50.89	50.89	40.52	40.52	200
1218	2021-11-04	45.7	45.7	45.7	45.7	0
1219	2021-11-05	50.89	50.97	50.89	50.97	600
1220	2021-11-08	50.97	50.97	50.97	50.97	0
1221	2021-11-09	50.97	50.97	50.97	50.97	0
1222	2021-11-10	50.97	50.97	50.97	50.97	0
1223	2021-11-11	50.97	50.97	50.97	50.97	0
1224	2021-11-12	50.97	50.97	50.97	50.97	0
1225	2021-11-15	50.97	50.97	50.97	50.97	0
1226	2021-11-16	50.97	50.97	50.97	50.97	0
1227	2021-11-17	50.97	50.97	50.97	50.97	100
1228	2021-11-18	50.97	50.97	50.97	50.97	0
1229	2021-11-19	50.97	50.97	50.97	50.97	200
1230	2021-11-22	50.97	50.97	50.97	50.97	500
1231	2021-11-23	50.97	50.97	50.97	50.97	0
1232	2021-11-24	50.97	52.67	50.97	52.67	300
1233	2021-11-25	52.67	52.67	52.67	52.67	100
1234	2021-11-26	52.67	52.67	52.67	52.67	0
1235	2021-11-29	51.86	51.86	51.86	51.86	100
1236	2021-11-30	51.86	51.86	51.86	51.86	0
1237	2021-12-01	51.86	51.86	51.86	51.86	0
1238	2021-12-02	51.05	51.05	51.05	51.05	400
1239	2021-12-03	51.05	51.05	51.05	51.05	100
1240	2021-12-06	51.05	51.05	51.05	51.05	0
1241	2021-12-07	51.05	51.05	51.05	51.05	0
1242	2021-12-08	51.05	51.05	51.05	51.05	0
1243	2021-12-09	51.05	51.05	51.05	51.05	0
1244	2021-12-10	51.05	51.05	51.05	51.05	0
1245	2021-12-13	51.05	51.05	51.05	51.05	0
1246	2021-12-14	51.05	51.05	51.05	51.05	0
1247	2021-12-15	51.05	51.05	51.05	51.05	0
1248	2021-12-16	51.05	51.05	51.05	51.05	0
1249	2021-12-17	51.05	51.05	51.05	51.05	0
1250	2021-12-20	51.05	51.05	51.05	51.05	0
1251	2021-12-21	51.05	51.05	51.05	51.05	0
1252	2021-12-22	51.05	51.05	51.05	51.05	0
1253	2021-12-23	51.05	51.05	51.05	51.05	0
1254	2021-12-24	51.05	51.05	51.05	51.05	0
1255	2021-12-27	51.05	51.05	51.05	51.05	0
1256	2021-12-28	51.05	51.05	51.05	51.05	0
1257	2021-12-29	51.05	51.05	51.05	51.05	0
1258	2021-12-30	51.05	51.05	51.05	51.05	0
1259	2021-12-31	51.05	51.05	51.05	51.05	0
1260	2022-01-04	51.05	51.05	51.05	51.05	0
1261	2022-01-05	51.05	51.05	51.05	51.05	0
1262	2022-01-06	51.05	51.05	51.05	51.05	0
1263	2022-01-07	51.05	51.05	51.05	51.05	0
1264	2022-01-10	51.05	51.05	51.05	51.05	0
1265	2022-01-11	51.05	51.05	51.05	51.05	0
1266	2022-01-12	51.05	51.05	51.05	51.05	0
1267	2022-01-13	51.05	51.05	51.05	51.05	0
1268	2022-01-14	51.05	51.05	51.05	51.05	0
1269	2022-01-17	71.47	71.47	71.47	71.47	100
1270	2022-01-18	60.78	60.78	60.78	60.78	200
1271	2022-01-19	60.78	60.78	60.78	60.78	0
1272	2022-01-20	60.78	60.78	60.78	60.78	0
1273	2022-01-21	60.78	60.78	60.78	60.78	0
1274	2022-01-24	68.88	68.88	51.7	51.7	200
1275	2022-01-25	53.56	53.56	52.67	52.67	1600
1276	2022-01-26	53.0	53.0	53.0	53.0	0
1277	2022-01-27	60.94	60.94	60.94	60.94	100
1278	2022-01-28	60.94	60.94	60.94	60.94	0
1279	2022-02-07	70.01	70.01	70.01	70.01	100
1280	2022-02-08	70.01	70.01	70.01	70.01	0
1281	2022-02-09	64.83	64.83	64.83	64.83	1000
1282	2022-02-10	64.83	64.83	64.83	64.83	0
1283	2022-02-11	64.83	64.83	64.83	64.83	1400
1284	2022-02-14	64.5	64.5	64.5	64.5	100
1285	2022-02-15	64.5	64.5	64.5	64.5	0
1286	2022-02-16	56.48	56.48	56.48	56.48	100
1287	2022-02-17	56.48	56.48	56.48	56.48	0
1288	2022-02-18	56.72	56.72	56.72	56.72	100
1289	2022-02-21	56.72	56.72	56.72	56.72	0
1290	2022-02-22	56.72	56.72	56.72	56.72	1000
1291	2022-02-23	60.78	61.18	60.78	61.18	1600
1292	2022-02-24	60.94	60.94	60.94	60.94	0
1293	2022-02-25	60.94	60.94	60.94	60.94	0
1294	2022-02-28	56.72	56.72	56.72	56.72	1600
1295	2022-03-01	56.72	56.72	56.72	56.72	0
1296	2022-03-02	56.72	56.72	56.72	56.72	0
1297	2022-03-03	56.72	56.72	56.72	56.72	0
1298	2022-03-04	52.67	52.67	52.67	52.67	800
1299	2022-03-07	54.29	54.29	54.29	54.29	500
1300	2022-03-08	62.4	62.4	54.29	54.29	600
1301	2022-03-09	55.67	55.67	55.67	55.67	10
1302	2022-03-10	55.67	55.67	55.67	55.67	0
1303	2022-03-11	55.67	55.67	55.67	55.67	0
1304	2022-03-14	52.67	52.67	52.67	52.67	800
1305	2022-03-15	50.24	50.24	50.24	50.24	501
1306	2022-03-16	57.78	57.78	57.78	57.78	100
1307	2022-03-17	49.27	54.29	49.27	54.29	300
1308	2022-03-18	58.51	58.51	54.29	54.29	1100
1309	2022-03-21	50.32	51.94	50.32	51.94	401
1310	2022-03-22	55.02	55.02	54.29	54.29	200
1311	2022-03-23	54.7	54.7	54.7	54.7	0
1312	2022-03-24	54.7	54.7	54.7	54.7	1
1313	2022-03-25	54.7	54.7	54.7	54.7	0
1314	2022-03-28	54.7	54.7	54.7	54.7	0
1315	2022-03-29	54.7	54.7	54.7	54.7	0
1316	2022-03-30	47.08	51.94	47.08	51.94	300
1317	2022-03-31	50.32	50.32	50.32	50.32	0
1318	2022-04-01	52.67	52.67	52.67	52.67	100
1319	2022-04-04	52.59	52.59	52.59	52.59	100
1320	2022-04-05	60.45	60.45	60.45	60.45	100
1321	2022-04-06	60.45	60.45	60.45	60.45	0
1322	2022-04-07	65.15	65.15	65.15	65.15	100
1323	2022-04-08	65.15	65.15	65.15	65.15	0
1324	2022-04-12	65.15	65.15	65.15	65.15	0
1325	2022-04-13	65.15	65.15	65.15	65.15	0
1326	2022-04-14	65.15	65.15	65.15	65.15	0
1327	2022-04-15	55.43	55.43	55.43	55.43	100
1328	2022-04-18	55.43	55.43	55.43	55.43	0
1329	2022-04-19	55.43	55.43	55.43	55.43	0
1330	2022-04-20	63.69	63.69	63.69	63.69	100
1331	2022-04-21	63.69	63.69	63.69	63.69	0
1332	2022-04-22	63.69	63.69	63.69	63.69	0
1333	2022-04-25	56.72	56.72	56.72	56.72	500
1334	2022-04-26	56.72	56.72	56.72	56.72	0
1335	2022-04-27	48.62	52.67	48.62	52.67	300
1336	2022-04-28	51.29	51.29	51.29	51.29	0
1337	2022-04-29	56.72	56.72	48.62	52.67	1200
1338	2022-05-04	56.72	56.72	56.72	56.72	100
1339	2022-05-05	56.72	56.72	56.72	56.72	0
1340	2022-05-06	56.72	56.72	56.72	56.72	0
1341	2022-05-09	48.78	48.78	48.62	48.62	1400
1342	2022-05-10	55.1	55.1	55.1	55.1	100
1343	2022-05-11	55.1	55.1	55.1	55.1	0
1344	2022-05-12	55.1	55.1	55.1	55.1	0
1345	2022-05-13	47.0	47.0	47.0	47.0	1300
1346	2022-05-16	51.05	51.05	48.62	48.62	500
1347	2022-05-17	49.11	49.11	49.11	49.11	0
1348	2022-05-18	56.4	56.4	56.4	56.4	100
1349	2022-05-19	56.4	56.4	56.4	56.4	0
1350	2022-05-20	52.27	52.27	52.27	52.27	100
1351	2022-05-23	52.27	52.27	52.27	52.27	0
1352	2022-05-24	52.27	52.27	52.27	52.27	0
1353	2022-05-25	52.27	52.27	52.27	52.27	0
1354	2022-05-26	52.27	52.27	52.27	52.27	0
1355	2022-05-27	52.27	52.27	52.27	52.27	0
1356	2022-05-30	50.24	50.24	50.24	50.24	1000
1357	2022-05-31	50.24	50.24	50.24	50.24	0
1358	2022-06-01	50.24	50.24	50.24	50.24	0
1359	2022-06-02	55.1	55.1	55.1	55.1	100
1360	2022-06-03	48.62	48.62	48.62	48.62	100
1361	2022-06-06	55.91	55.91	55.91	55.91	100
1362	2022-06-07	55.91	55.91	55.91	55.91	0
1363	2022-06-08	55.91	55.91	55.91	55.91	0
1364	2022-06-09	55.91	55.91	55.91	55.91	0
1365	2022-06-10	52.67	52.67	51.86	51.86	300
1366	2022-06-13	52.1	52.1	52.1	52.1	0
1367	2022-06-14	52.1	52.1	52.1	52.1	0
1368	2022-06-15	52.1	52.1	52.1	52.1	0
1369	2022-06-16	52.1	52.1	52.1	52.1	0
1370	2022-06-17	55.1	55.1	55.1	55.1	100
1371	2022-06-20	55.1	55.1	55.1	55.1	0
1372	2022-06-21	55.1	55.1	55.1	55.1	0
1373	2022-06-22	47.0	47.0	47.0	47.0	100
1374	2022-06-23	47.0	47.0	47.0	47.0	0
1375	2022-06-24	47.0	47.0	47.0	47.0	0
1376	2022-06-27	47.4	47.4	47.4	47.4	700
1377	2022-06-28	47.4	47.4	47.4	47.4	0
1378	2022-06-29	47.4	47.4	47.4	47.4	0
1379	2022-06-30	47.4	47.4	47.4	47.4	0
1380	2022-07-01	47.4	47.4	47.4	47.4	0
1381	2022-07-04	47.4	47.4	47.4	47.4	0
1382	2022-07-05	47.4	47.4	47.4	47.4	0
1383	2022-07-06	47.4	47.4	47.4	47.4	0
1384	2022-07-07	47.4	47.4	47.4	47.4	600
1385	2022-07-08	47.41	47.41	47.41	47.41	0
1386	2022-07-11	46.97	46.97	46.97	46.97	200
1387	2022-07-12	46.97	46.97	46.97	46.97	100
1388	2022-07-13	46.97	46.97	46.97	46.97	0
1389	2022-07-14	46.97	46.97	46.97	46.97	0
1390	2022-07-15	46.97	46.97	46.97	46.97	0
1391	2022-07-18	46.97	46.97	46.97	46.97	0
1392	2022-07-19	46.97	46.97	46.97	46.97	0
1393	2022-07-20	46.97	46.97	46.97	46.97	0
1394	2022-07-21	46.97	46.97	46.97	46.97	0
1395	2022-07-22	46.97	46.97	46.97	46.97	0
1396	2022-07-25	47.14	47.14	47.14	47.14	1800
1397	2022-07-26	47.84	50.45	47.84	50.45	5200
1398	2022-07-27	48.97	48.97	48.97	48.97	0
1399	2022-07-28	48.97	48.97	48.97	48.97	0
1400	2022-07-29	48.97	48.97	48.97	48.97	0
1401	2022-08-01	45.23	47.84	43.49	47.84	13700
1402	2022-08-02	47.84	48.71	47.84	48.71	300
1403	2022-08-03	48.45	48.45	48.45	48.45	0
1404	2022-08-04	47.84	47.84	47.84	47.84	100
1405	2022-08-05	47.84	47.84	47.84	47.84	0
1406	2022-08-08	47.84	47.84	47.84	47.84	0
1407	2022-08-09	47.84	47.84	47.84	47.84	0
1408	2022-08-10	52.19	52.19	48.71	48.71	400
1409	2022-08-11	49.58	49.58	49.58	49.58	0
1410	2022-08-12	45.32	45.32	45.32	45.32	100
1411	2022-08-15	45.32	45.32	45.32	45.32	0
1412	2022-08-16	47.41	47.41	47.41	47.41	500
1413	2022-08-17	46.54	46.54	46.1	46.1	500
1414	2022-08-18	46.19	46.19	46.19	46.19	0
1415	2022-08-19	46.19	46.19	46.19	46.19	0
1416	2022-08-22	46.19	46.19	46.19	46.19	0
1417	2022-08-23	46.19	46.19	46.19	46.19	0
1418	2022-08-24	46.19	46.19	46.19	46.19	0
1419	2022-08-25	46.19	46.19	46.19	46.19	0
1420	2022-08-26	46.19	46.19	46.19	46.19	0
1421	2022-08-29	46.19	46.19	46.19	46.19	0
1422	2022-08-30	46.19	46.19	46.19	46.19	0
1423	2022-08-31	46.19	46.19	46.19	46.19	0
1424	2022-09-05	46.19	46.19	46.19	46.19	0
1425	2022-09-06	46.97	46.97	46.8	46.8	2600
1426	2022-09-07	46.8	46.8	46.8	46.8	0
1427	2022-09-08	46.8	46.8	46.8	46.8	0
1428	2022-09-09	46.8	46.8	46.8	46.8	0
1429	2022-09-12	45.75	45.75	45.75	45.75	200
1430	2022-09-13	45.75	45.75	45.75	45.75	0
1431	2022-09-14	47.41	47.41	47.41	47.41	100
1432	2022-09-15	47.41	47.41	47.41	47.41	0
1433	2022-09-16	47.41	47.41	47.41	47.41	0
1434	2022-09-19	47.41	47.41	47.41	47.41	1000
1435	2022-09-20	47.41	47.41	47.41	47.41	0
1436	2022-09-21	47.41	47.41	47.41	47.41	0
1437	2022-09-22	47.41	47.41	47.41	47.41	0
1438	2022-09-23	47.41	47.41	47.41	47.41	0
1439	2022-09-26	47.41	47.41	47.41	47.41	0
1440	2022-09-27	46.97	47.41	46.97	47.41	2800
1441	2022-09-28	47.84	47.84	47.84	47.84	5800
1442	2022-09-29	45.23	45.23	45.23	45.23	100
1443	2022-09-30	45.23	46.62	45.23	46.62	200
1444	2022-10-03	45.93	45.93	45.93	45.93	0
1445	2022-10-04	47.84	47.84	47.84	47.84	2100
1446	2022-10-05	47.84	47.84	47.84	47.84	0
1447	2022-10-06	47.84	47.84	47.84	47.84	0
1448	2022-10-07	47.84	47.84	47.84	47.84	0
1449	2022-10-10	47.84	47.84	47.84	47.84	0
1450	2022-10-11	47.84	47.84	47.84	47.84	0
1451	2022-10-12	47.84	47.84	47.84	47.84	0
1452	2022-10-13	47.84	47.84	47.84	47.84	0
1453	2022-10-14	47.84	47.84	47.84	47.84	0
1454	2022-10-17	47.84	47.84	47.84	47.84	0
1455	2022-10-18	44.36	47.84	44.36	47.84	3000
1456	2022-10-19	47.49	47.49	47.49	47.49	0
1457	2022-10-20	46.97	46.97	46.97	46.97	2000
1458	2022-10-21	46.97	46.97	46.97	46.97	0
1459	2022-10-24	46.97	47.84	46.97	47.84	3100
1460	2022-10-25	46.1	46.1	46.1	46.1	2100
1461	2022-10-26	46.1	46.1	46.1	46.1	0
1462	2022-10-27	46.1	46.1	46.1	46.1	0
1463	2022-10-28	46.97	46.97	46.97	46.97	500
1464	2022-10-31	46.97	46.97	46.97	46.97	0
1465	2022-11-01	46.97	46.97	46.97	46.97	0
1466	2022-11-02	46.97	46.97	46.97	46.97	0
1467	2022-11-03	46.97	46.97	46.97	46.97	3500
1468	2022-11-04	46.1	46.1	46.1	46.1	800
1469	2022-11-07	46.97	46.97	46.97	46.97	100
1470	2022-11-08	46.97	46.97	46.97	46.97	0
1471	2022-11-09	46.1	46.1	46.1	46.1	300
1472	2022-11-10	46.1	46.1	46.1	46.1	1900
1473	2022-11-11	46.1	46.1	46.1	46.1	0
1474	2022-11-14	46.1	46.1	46.1	46.1	0
1475	2022-11-15	46.1	46.1	46.1	46.1	0
1476	2022-11-16	46.1	46.1	46.1	46.1	0
1477	2022-11-17	46.1	46.1	46.1	46.1	0
1478	2022-11-18	46.1	46.1	46.1	46.1	0
1479	2022-11-21	46.1	46.1	46.1	46.1	0
1480	2022-11-22	46.1	46.1	46.1	46.1	0
1481	2022-11-23	46.1	46.1	46.1	46.1	0
1482	2022-11-24	46.1	46.1	46.1	46.1	0
1483	2022-11-25	46.1	46.1	46.1	46.1	0
1484	2022-11-28	46.1	46.1	46.1	46.1	0
1485	2022-11-29	44.8	45.23	44.8	45.23	4000
1486	2022-11-30	45.14	45.14	45.14	45.14	0
1487	2022-12-01	45.14	45.14	45.14	45.14	0
1488	2022-12-02	45.14	45.14	45.14	45.14	0
1489	2022-12-05	45.14	45.14	45.14	45.14	0
1490	2022-12-06	45.14	45.14	45.14	45.14	0
1491	2022-12-07	45.14	45.14	45.14	45.14	0
1492	2022-12-08	47.84	47.84	47.84	47.84	100
1493	2022-12-09	47.84	47.84	47.84	47.84	0
1494	2022-12-12	47.84	47.84	47.84	47.84	0
1495	2022-12-13	47.84	47.84	47.84	47.84	0
1496	2022-12-14	47.84	47.84	47.84	47.84	0
1497	2022-12-15	47.84	47.84	47.84	47.84	0
1498	2022-12-16	45.23	45.23	45.23	45.23	600
1499	2022-12-19	45.14	45.14	45.14	45.14	100
1500	2022-12-20	45.14	45.14	45.14	45.14	0
1501	2022-12-21	44.8	44.8	44.8	44.8	3200
1502	2022-12-22	44.8	44.8	44.8	44.8	0
1503	2022-12-23	46.1	46.1	46.1	46.1	1000
1504	2022-12-26	40.01	45.67	40.01	45.67	1300
1505	2022-12-27	43.93	43.93	43.93	43.93	200
1506	2022-12-28	43.93	43.93	43.93	43.93	0
1507	2022-12-29	43.49	43.49	43.49	43.49	100
1508	2022-12-30	43.4	43.4	43.4	43.4	100
1509	2023-01-03	43.4	43.4	43.4	43.4	0
1510	2023-01-04	43.4	43.4	43.4	43.4	0
1511	2023-01-05	43.49	43.49	43.49	43.49	100
1512	2023-01-06	43.49	43.49	43.49	43.49	0
1513	2023-01-09	43.49	43.49	43.49	43.49	100
1514	2023-01-10	43.49	43.49	43.49	43.49	0
1515	2023-01-11	44.36	44.36	44.36	44.36	200
1516	2023-01-12	44.36	44.36	44.36	44.36	0
1517	2023-01-13	43.93	43.93	43.49	43.49	500
1518	2023-01-16	43.49	43.49	43.49	43.49	400
1519	2023-01-17	43.49	43.49	43.49	43.49	500
1520	2023-01-18	43.49	43.49	43.49	43.49	400
1521	2023-01-19	43.49	43.49	43.49	43.49	1000
1522	2023-01-27	43.49	43.49	43.49	43.49	0
1523	2023-01-30	43.49	43.49	43.49	43.49	100
1524	2023-01-31	43.49	43.49	43.49	43.49	1100
1525	2023-02-01	43.49	43.49	43.49	43.49	0
1526	2023-02-02	43.49	43.49	43.49	43.49	300
1527	2023-02-03	43.49	43.49	43.49	43.49	0
1528	2023-02-06	43.49	43.49	43.49	43.49	1000
1529	2023-02-07	43.49	43.49	43.49	43.49	0
1530	2023-02-08	43.49	43.49	43.49	43.49	0
1531	2023-02-09	43.49	43.49	43.49	43.49	0
1532	2023-02-10	43.49	43.49	43.49	43.49	0
1533	2023-02-13	43.49	43.49	43.49	43.49	0
1534	2023-02-14	43.49	43.49	43.49	43.49	0
1535	2023-02-15	43.49	43.49	43.49	43.49	0
1536	2023-02-16	43.49	43.49	43.49	43.49	0
1537	2023-02-17	43.49	43.49	43.49	43.49	0
1538	2023-02-20	43.49	43.49	43.49	43.49	23
1539	2023-02-21	43.49	43.49	43.49	43.49	0
1540	2023-02-22	43.49	43.49	43.49	43.49	0
1541	2023-02-23	43.49	43.49	43.49	43.49	0
1542	2023-02-24	43.49	43.49	43.49	43.49	0
1543	2023-02-27	43.49	43.49	43.49	43.49	0
1544	2023-02-28	44.36	44.36	44.36	44.36	900
1545	2023-03-01	44.36	44.36	44.36	44.36	0
1546	2023-03-02	44.36	44.36	44.36	44.36	0
1547	2023-03-03	44.36	44.36	44.36	44.36	0
1548	2023-03-06	44.36	44.36	44.36	44.36	0
1549	2023-03-07	44.36	44.36	44.36	44.36	0
1550	2023-03-08	44.36	44.36	44.36	44.36	0
1551	2023-03-09	44.36	44.36	44.36	44.36	0
1552	2023-03-10	44.36	44.36	44.36	44.36	0
1553	2023-03-13	44.36	44.36	44.36	44.36	200
1554	2023-03-14	44.36	44.36	44.36	44.36	0
1555	2023-03-15	44.36	44.36	44.36	44.36	0
1556	2023-03-16	44.36	44.36	44.36	44.36	0
1557	2023-03-17	44.36	44.36	44.36	44.36	200
1558	2023-03-20	44.36	44.36	44.36	44.36	0
1559	2023-03-21	44.36	44.36	44.36	44.36	0
1560	2023-03-22	44.36	44.36	44.36	44.36	0
1561	2023-03-23	44.36	44.36	44.36	44.36	0
1562	2023-03-24	44.36	44.36	44.36	44.36	0
1563	2023-03-27	44.36	44.36	44.36	44.36	0
1564	2023-03-28	44.36	44.36	44.36	44.36	0
1565	2023-03-29	44.36	44.36	44.36	44.36	100
1566	2023-03-30	44.36	44.36	44.36	44.36	0
1567	2023-03-31	44.36	44.36	44.36	44.36	0
1568	2023-04-03	44.36	44.36	44.36	44.36	0
1569	2023-04-04	44.36	44.36	44.36	44.36	0
1570	2023-04-05	44.36	44.36	44.36	44.36	0
1571	2023-04-06	44.36	44.36	44.36	44.36	0
1572	2023-04-07	44.36	44.36	44.36	44.36	0
1573	2023-04-10	44.36	44.36	44.36	44.36	0
1574	2023-04-11	44.36	44.36	44.36	44.36	0
1575	2023-04-12	44.36	44.36	44.36	44.36	0
1576	2023-04-13	44.36	44.36	44.36	44.36	0
1577	2023-04-14	44.36	44.36	44.36	44.36	0
1578	2023-04-17	44.36	44.36	44.36	44.36	0
1579	2023-04-18	44.36	44.36	44.36	44.36	0
1580	2023-04-19	44.36	44.36	44.36	44.36	0
1581	2023-04-20	44.36	44.36	44.36	44.36	0
1582	2023-04-21	44.36	44.36	44.36	44.36	600
1583	2023-04-24	44.36	44.36	44.36	44.36	0
1584	2023-04-25	44.36	45.14	44.36	45.14	1000
1585	2023-04-26	44.8	44.8	44.8	44.8	0
1586	2023-04-27	44.8	44.8	44.8	44.8	0
1587	2023-04-28	44.8	44.8	44.8	44.8	0
1588	2023-05-04	44.8	44.8	44.8	44.8	400
1589	2023-05-05	44.8	44.8	44.8	44.8	0
1590	2023-05-08	44.8	46.97	44.8	46.1	1700
1591	2023-05-09	46.1	46.1	45.93	45.93	1500
1592	2023-05-10	50.1	50.1	50.1	50.1	100
1593	2023-05-11	50.1	50.1	50.1	50.1	0
1594	2023-05-12	50.1	50.1	50.1	50.1	0
1595	2023-05-15	48.51	48.51	42.62	42.62	500
1596	2023-05-16	44.77	44.77	44.77	44.77	0
1597	2023-05-17	44.77	46.36	44.77	45.8	300
1598	2023-05-18	45.61	45.61	45.61	45.61	0
1599	2023-05-19	43.84	43.84	43.84	43.84	100
1600	2023-05-22	43.84	43.84	43.84	43.84	0
1601	2023-05-23	43.84	43.84	43.84	43.84	500
1602	2023-05-24	43.84	43.84	43.84	43.84	0
1603	2023-05-25	43.84	43.84	43.84	43.84	0
1604	2023-05-26	43.84	43.84	43.84	43.84	0
1605	2023-05-29	43.84	43.84	43.84	43.84	0
1606	2023-05-30	44.77	45.43	44.77	45.43	200
1607	2023-05-31	45.8	45.8	45.8	45.8	500
1608	2023-06-01	45.8	45.8	45.8	45.8	0
1609	2023-06-02	45.8	45.8	45.8	45.8	0
1610	2023-06-05	45.8	45.8	45.8	45.8	0
1611	2023-06-06	47.67	47.67	47.67	47.67	100
1612	2023-06-07	47.67	47.67	47.67	47.67	0
1613	2023-06-08	47.67	47.67	47.67	47.67	0
1614	2023-06-09	47.67	47.67	47.67	47.67	0
1615	2023-06-12	47.67	47.67	47.67	47.67	0
1616	2023-06-13	47.67	47.67	47.67	47.67	0
1617	2023-06-14	47.67	47.67	47.67	47.67	0
1618	2023-06-15	47.67	47.67	47.67	47.67	0
1619	2023-06-16	47.58	47.67	47.58	47.67	300
1620	2023-06-19	47.67	47.67	47.67	47.67	0
1621	2023-06-20	47.67	47.67	47.67	47.67	0
1622	2023-06-21	47.67	47.67	47.67	47.67	0
1623	2023-06-22	47.67	47.67	47.67	47.67	0
1624	2023-06-23	47.67	47.67	47.67	47.67	0
1625	2023-06-26	47.67	47.67	47.67	47.67	200
1626	2023-06-27	47.67	47.67	47.67	47.67	0
1627	2023-06-28	47.67	47.67	47.67	47.67	0
1628	2023-06-29	47.67	47.67	47.67	47.67	0
1629	2023-06-30	47.58	47.67	47.58	47.67	200
1630	2023-07-03	47.67	47.67	47.67	47.67	200
1631	2023-07-04	47.67	47.67	47.67	47.67	200
1632	2023-07-05	47.67	47.67	47.67	47.67	0
1633	2023-07-06	47.67	47.67	47.67	47.67	0
1634	2023-07-07	47.67	47.67	47.67	47.67	0
1635	2023-07-10	47.67	47.67	47.67	47.67	0
1636	2023-07-11	47.67	47.67	47.67	47.67	0
1637	2023-07-12	47.67	47.67	47.67	47.67	0
1638	2023-07-13	47.67	47.67	47.67	47.67	0
1639	2023-07-14	47.67	47.67	47.67	47.67	0
1640	2023-07-17	47.67	47.67	47.67	47.67	0
1641	2023-07-18	47.67	47.67	47.67	47.67	0
1642	2023-07-19	47.67	47.67	47.67	47.67	0
1643	2023-07-20	47.67	47.67	47.67	47.67	100
1644	2023-07-21	47.67	47.67	47.67	47.67	0
1645	2023-07-24	47.67	47.67	47.67	47.67	0
1646	2023-07-25	47.67	47.67	47.67	47.67	0
1647	2023-07-26	47.67	47.67	47.67	47.67	0
1648	2023-07-27	47.67	47.67	47.67	47.67	0
1649	2023-07-28	47.67	47.67	47.67	47.67	0
1650	2023-07-31	46.74	46.74	46.74	46.74	900
1651	2023-08-01	46.74	46.74	46.74	46.74	0
1652	2023-08-02	46.74	46.74	46.74	46.74	0
1653	2023-08-03	46.74	46.74	46.74	46.74	0
1654	2023-08-04	46.74	46.74	46.74	46.74	0
1655	2023-08-07	46.74	46.74	46.74	46.74	0
1656	2023-08-08	46.74	46.74	46.74	46.74	0
1657	2023-08-09	46.74	46.74	46.74	46.74	0
1658	2023-08-10	46.74	46.74	46.74	46.74	0
1659	2023-08-11	46.74	46.74	46.74	46.74	0
1660	2023-08-14	46.74	46.74	46.74	46.74	0
1661	2023-08-15	46.74	46.74	46.74	46.74	0
1662	2023-08-16	46.74	46.74	46.74	46.74	0
1663	2023-08-17	46.74	46.74	46.74	46.74	0
1664	2023-08-18	46.74	46.74	46.74	46.74	0
1665	2023-08-21	46.74	46.74	46.74	46.74	0
1666	2023-08-22	46.74	46.74	46.74	46.74	100
1667	2023-08-23	46.74	46.74	46.74	46.74	0
1668	2023-08-24	46.74	46.74	46.74	46.74	0
1669	2023-08-25	46.74	46.74	46.74	46.74	0
1670	2023-08-28	46.74	46.74	46.74	46.74	0
1671	2023-08-29	46.74	46.74	46.74	46.74	0
1672	2023-08-30	46.74	46.74	46.74	46.74	0
1673	2023-08-31	46.74	46.74	46.74	46.74	0
1674	2023-09-05	46.74	46.74	46.74	46.74	0
1675	2023-09-06	46.74	46.74	46.74	46.74	0
1676	2023-09-07	47.67	47.67	46.74	46.74	1100
1677	2023-09-08	47.58	47.58	47.58	47.58	0
1678	2023-09-11	47.58	47.58	47.58	47.58	0
1679	2023-09-12	47.67	47.67	47.67	47.67	500
1680	2023-09-13	49.07	49.07	49.07	49.07	100
1681	2023-09-14	49.07	49.07	49.07	49.07	0
1682	2023-09-15	49.07	49.07	49.07	49.07	0
1683	2023-09-18	49.07	49.54	49.07	49.54	200
1684	2023-09-19	49.35	49.35	49.35	49.35	0
1685	2023-09-20	49.35	49.35	49.35	49.35	0
1686	2023-09-21	49.35	49.35	49.35	49.35	0
1687	2023-09-22	46.74	48.6	46.74	46.74	1800
1688	2023-09-25	46.83	46.83	46.83	46.83	0
1689	2023-09-26	46.83	46.83	46.83	46.83	0
1690	2023-09-27	46.83	46.83	46.83	46.83	0
1691	2023-09-28	46.83	46.83	46.83	46.83	0
1692	2023-09-29	46.83	46.83	46.83	46.83	0
1693	2023-10-02	47.67	47.67	46.74	46.74	200
1694	2023-10-03	46.74	46.74	46.74	46.74	124
1695	2023-10-04	46.74	46.74	46.74	46.74	0
1696	2023-10-05	46.74	46.74	46.74	46.74	0
1697	2023-10-06	46.74	46.74	46.74	46.74	400
1698	2023-10-09	46.74	46.74	46.74	46.74	0
1699	2023-10-10	47.67	47.67	47.67	47.67	100
1700	2023-10-11	46.74	46.74	46.74	46.74	200
1701	2023-10-12	46.74	46.74	46.74	46.74	0
1702	2023-10-13	47.67	47.67	47.67	47.67	200
1703	2023-10-16	47.67	47.67	47.67	47.67	0
1704	2023-10-17	47.67	47.67	47.67	47.67	0
1705	2023-10-18	47.67	47.67	47.67	47.67	0
1706	2023-10-19	46.74	46.74	46.74	46.74	400
1707	2023-10-20	46.74	46.74	46.74	46.74	0
1708	2023-10-23	46.74	46.74	46.74	46.74	0
1709	2023-10-24	46.74	46.74	46.74	46.74	0
1710	2023-10-25	46.74	46.74	46.74	46.74	0
1711	2023-10-26	46.74	46.74	46.74	46.74	0
1712	2023-10-27	46.74	46.74	46.74	46.74	0
1713	2023-10-30	46.74	46.74	46.74	46.74	0
1714	2023-10-31	46.74	46.74	46.74	46.74	0
1715	2023-11-01	46.74	46.74	46.74	46.74	0
1716	2023-11-02	46.74	46.74	46.74	46.74	0
1717	2023-11-03	46.74	46.74	46.74	46.74	0
1718	2023-11-06	46.74	46.74	46.74	46.74	0
1719	2023-11-07	46.74	46.74	46.74	46.74	0
1720	2023-11-08	46.74	46.74	46.74	46.74	0
1721	2023-11-09	46.74	46.74	46.74	46.74	0
1722	2023-11-10	46.74	46.74	46.74	46.74	0
1723	2023-11-13	47.58	47.67	47.58	47.67	700
1724	2023-11-14	47.67	47.67	47.67	47.67	0
1725	2023-11-15	47.67	47.67	47.67	47.67	0
1726	2023-11-16	47.67	47.67	47.67	47.67	0
1727	2023-11-17	47.67	47.67	47.67	47.67	0
1728	2023-11-20	47.67	47.67	47.67	47.67	0
1729	2023-11-21	46.74	47.67	46.74	47.67	1400
1730	2023-11-22	46.74	46.74	46.74	46.74	100
1731	2023-11-23	46.74	46.74	46.74	46.74	0
1732	2023-11-24	47.67	47.67	47.67	47.67	100
1733	2023-11-27	47.67	47.67	47.67	47.67	100
1734	2023-11-28	47.67	47.67	47.67	47.67	0
1735	2023-11-29	47.67	47.67	47.67	47.67	0
1736	2023-11-30	47.67	47.67	47.67	47.67	100
1737	2023-12-01	47.67	47.67	47.67	47.67	0
1738	2023-12-04	47.67	47.67	47.67	47.67	0
1739	2023-12-05	47.67	47.67	47.67	47.67	0
1740	2023-12-06	47.67	47.67	47.67	47.67	0
1741	2023-12-07	47.67	47.67	47.67	47.67	0
1742	2023-12-08	47.67	47.67	47.67	47.67	0
1743	2023-12-11	47.67	47.67	47.67	47.67	0
1744	2023-12-12	47.67	47.67	47.67	47.67	0
1745	2023-12-13	47.67	47.67	47.67	47.67	0
1746	2023-12-14	47.67	47.67	47.67	47.67	0
1747	2023-12-15	47.67	47.67	47.67	47.67	0
1748	2023-12-18	46.74	46.74	46.74	46.74	800
1749	2023-12-19	46.74	46.74	46.74	46.74	0
1750	2023-12-20	46.74	46.74	46.74	46.74	0
1751	2023-12-21	46.74	46.74	46.74	46.74	0
1752	2023-12-22	46.74	46.74	46.74	46.74	0
1753	2023-12-25	46.74	46.74	46.74	46.74	0
1754	2023-12-26	46.74	46.74	46.74	46.74	0
1755	2023-12-27	46.74	46.74	46.74	46.74	0
1756	2023-12-28	46.74	46.74	46.74	46.74	0
1757	2023-12-29	48.6	48.6	48.6	48.6	200
1758	2024-01-02	48.6	48.6	48.6	48.6	0
1759	2024-01-03	48.6	48.6	48.6	48.6	0
1760	2024-01-04	48.6	48.6	48.6	48.6	0
1761	2024-01-05	48.6	48.6	48.6	48.6	0
1762	2024-01-08	48.6	48.6	48.6	48.6	0
1763	2024-01-09	48.6	48.6	48.6	48.6	0
1764	2024-01-10	48.6	48.6	48.6	48.6	2200
1765	2024-01-11	48.6	48.6	48.6	48.6	0
1766	2024-01-12	48.6	48.6	48.6	48.6	0
1767	2024-01-15	48.6	48.6	48.6	48.6	0
1768	2024-01-16	48.6	48.6	48.6	48.6	0
1769	2024-01-17	48.6	48.6	48.6	48.6	0
1770	2024-01-18	48.6	48.6	48.6	48.6	0
1771	2024-01-19	48.6	48.6	48.6	48.6	0
1772	2024-01-22	48.6	48.6	48.6	48.6	0
1773	2024-01-23	48.6	48.6	48.6	48.6	0
1774	2024-01-24	48.6	48.6	48.6	48.6	50
1775	2024-01-25	48.6	48.6	48.6	48.6	0
1776	2024-01-26	48.6	48.6	48.6	48.6	0
1777	2024-01-29	48.6	48.6	48.6	48.6	0
1778	2024-01-30	48.6	48.6	48.6	48.6	0
1779	2024-01-31	50.29	50.29	50.29	50.29	100
1780	2024-02-01	50.29	50.29	50.29	50.29	0
1781	2024-02-02	50.29	50.29	50.29	50.29	0
1782	2024-02-05	50.29	50.29	50.29	50.29	0
1783	2024-02-06	50.29	50.29	50.29	50.29	0
1784	2024-02-07	50.29	50.29	50.29	50.29	0
1785	2024-02-15	50.29	50.29	50.29	50.29	0
1786	2024-02-16	50.29	50.29	50.29	50.29	0
1787	2024-02-19	50.29	50.29	50.29	50.29	0
1788	2024-02-20	50.47	50.47	50.47	50.47	100
1789	2024-02-21	50.47	50.47	50.47	50.47	0
1790	2024-02-22	50.47	50.47	50.47	50.47	100
1791	2024-02-23	50.47	50.47	50.47	50.47	0
1792	2024-02-26	50.47	50.47	50.47	50.47	100
1793	2024-02-27	50.47	50.47	50.47	50.47	0
1794	2024-02-28	50.47	50.47	50.47	50.47	0
1795	2024-02-29	50.47	50.47	50.47	50.47	0
1796	2024-03-01	50.47	50.47	50.47	50.47	0
1797	2024-03-04	50.47	50.47	50.47	50.47	0
1798	2024-03-05	50.47	50.47	50.47	50.47	0
1799	2024-03-06	50.47	53.18	50.47	53.18	200
1800	2024-03-07	51.88	51.88	51.88	51.88	0
1801	2024-03-08	51.88	51.88	51.88	51.88	0
1802	2024-03-11	51.88	51.88	51.88	51.88	0
1803	2024-03-12	51.88	51.88	51.88	51.88	0
1804	2024-03-13	51.88	51.88	51.88	51.88	0
1805	2024-03-14	51.88	51.88	51.88	51.88	0
1806	2024-03-15	51.88	51.88	51.88	51.88	0
1807	2024-03-18	51.88	51.88	51.88	51.88	800
1808	2024-03-19	51.88	52.06	51.88	51.97	800
1809	2024-03-20	51.97	51.97	51.97	51.97	0
1810	2024-03-21	51.97	51.97	51.97	51.97	0
1811	2024-03-22	51.97	51.97	51.97	51.97	0
1812	2024-03-25	51.97	51.97	51.97	51.97	0
1813	2024-03-26	51.97	51.97	51.97	51.97	0
1814	2024-03-27	51.97	51.97	51.97	51.97	0
1815	2024-03-28	51.97	51.97	51.97	51.97	0
1816	2024-03-29	50.94	50.94	50.94	50.94	1000
1817	2024-04-01	50.94	50.94	50.94	50.94	0
1818	2024-04-02	50.94	50.94	50.94	50.94	0
1819	2024-04-03	50.94	50.94	50.94	50.94	0
1820	2024-04-04	52.9	52.9	52.9	52.9	100
1821	2024-04-05	52.9	52.9	52.9	52.9	0
1822	2024-04-08	51.41	51.41	51.41	51.41	200
1823	2024-04-09	51.41	51.41	51.41	51.41	0
1824	2024-04-10	51.41	51.41	51.41	51.41	0
1825	2024-04-11	51.41	51.41	51.41	51.41	0
1826	2024-04-12	51.41	51.41	51.41	51.41	0
1827	2024-04-15	52.34	52.34	52.34	52.34	200
1828	2024-04-16	51.41	53.75	51.41	53.75	400
1829	2024-04-17	52.34	52.34	52.34	52.34	0
1830	2024-04-19	52.34	52.34	52.34	52.34	0
1831	2024-04-22	52.34	52.34	52.34	52.34	0
1832	2024-04-23	52.34	52.34	52.34	52.34	0
1833	2024-04-24	52.34	52.34	52.34	52.34	0
1834	2024-04-25	52.34	52.34	52.34	52.34	0
1835	2024-04-26	54.21	54.21	54.21	54.21	1200
1836	2024-05-02	54.21	54.21	54.21	54.21	0
1837	2024-05-03	54.21	54.21	54.21	54.21	0
1838	2024-05-06	54.21	54.21	54.21	54.21	0
1839	2024-05-07	54.21	54.21	54.21	54.21	0
1840	2024-05-08	54.21	54.21	54.21	54.21	0
1841	2024-05-09	54.21	54.21	54.21	54.21	0
1842	2024-05-10	54.21	54.21	54.21	54.21	0
1843	2024-05-13	54.21	54.21	54.21	54.21	0
1844	2024-05-14	54.21	54.21	54.21	54.21	0
1845	2024-05-15	54.21	54.21	54.21	54.21	0
1846	2024-05-16	54.68	54.68	54.68	54.68	200
1847	2024-05-17	54.68	54.68	54.68	54.68	0
1848	2024-05-20	54.68	54.68	54.68	54.68	0
1849	2024-05-21	54.68	54.68	54.68	54.68	0
1850	2024-05-22	54.68	54.68	54.68	54.68	0
1851	2024-05-23	54.68	54.68	54.68	54.68	0
1852	2024-05-24	54.68	54.68	54.68	54.68	0
1853	2024-05-27	54.68	54.68	54.68	54.68	0
1854	2024-05-28	54.68	54.68	54.68	54.68	0
1855	2024-05-29	54.68	54.68	54.68	54.68	0
1856	2024-05-30	54.68	54.68	54.68	54.68	0
1857	2024-05-31	54.68	54.68	54.68	54.68	0
1858	2024-06-03	54.68	54.68	54.68	54.68	0
1859	2024-06-04	54.68	54.68	54.68	54.68	0
1860	2024-06-05	54.68	54.68	54.68	54.68	0
1861	2024-06-06	54.68	54.68	54.68	54.68	0
1862	2024-06-07	54.68	54.68	54.68	54.68	0
1863	2024-06-10	55.99	61.69	55.99	61.5	4526
1864	2024-06-11	61.32	65.43	61.32	65.43	4800
1865	2024-06-12	63.56	64.4	63.56	63.56	5800
1866	2024-06-13	63.93	63.93	62.62	63.47	1600
1867	2024-06-14	63.56	63.84	61.69	61.69	3636
1868	2024-06-17	63.56	65.8	63.56	64.59	4525
1869	2024-06-18	64.59	64.59	64.03	64.31	4900
1870	2024-06-19	64.6	65.5	64.4	64.4	3200
1871	2024-06-20	64.5	64.5	64.5	64.5	800
1872	2024-06-21	64.5	64.5	63.5	63.5	2000
1873	2024-06-24	63.5	64.0	61.1	61.2	4411
1874	2024-06-25	63.0	63.0	63.0	63.0	210
1875	2024-06-26	59.0	59.9	59.0	59.8	900
1876	2024-06-27	60.0	60.0	60.0	60.0	2000
1877	2024-06-28	62.5	62.5	62.5	62.5	102
1878	2024-07-01	62.5	62.5	62.5	62.5	0
1879	2024-07-02	60.1	60.2	60.0	60.2	402
1880	2024-07-03	57.0	58.5	57.0	58.5	200
1881	2024-07-04	57.8	57.8	57.8	57.8	0
1882	2024-07-05	57.8	57.8	57.8	57.8	0
1883	2024-07-08	63.1	63.2	63.1	63.2	500
1884	2024-07-09	62.9	63.0	62.9	63.0	700
1885	2024-07-10	61.0	61.0	61.0	61.0	200
1886	2024-07-11	61.0	61.0	61.0	61.0	0
1887	2024-07-12	61.0	61.0	61.0	61.0	0
1888	2024-07-15	61.0	61.0	61.0	61.0	100
1889	2024-07-16	62.0	62.0	62.0	62.0	200
1890	2024-07-17	62.0	62.0	62.0	62.0	0
1891	2024-07-18	62.0	62.0	62.0	62.0	0
1892	2024-07-19	62.0	62.0	62.0	62.0	0
1893	2024-07-22	62.9	63.0	62.9	63.0	700
1894	2024-07-23	62.8	62.8	62.8	62.8	1900
1895	2024-07-24	60.0	60.0	60.0	60.0	1501
1896	2024-07-25	60.0	60.0	60.0	60.0	0
1897	2024-07-26	61.9	61.9	61.9	61.9	100
1898	2024-07-29	61.9	61.9	61.9	61.9	200
1899	2024-08-01	60.0	60.0	60.0	60.0	200
1900	2024-08-05	60.0	60.0	60.0	60.0	200
1901	2024-08-09	60.0	60.0	60.0	60.0	500
1902	2024-08-26	63.0	63.0	63.0	63.0	700
1903	2024-09-20	60.5	61.5	60.5	61.0	500
1904	2024-09-25	62.2	62.2	60.5	60.5	400
1905	2024-09-27	61.3	61.3	61.3	61.3	100
1906	2024-09-30	61.3	61.3	59.0	59.0	400
1907	2024-10-01	60.1	60.1	60.1	60.1	100
1908	2024-10-02	60.1	62.1	51.1	62.1	700
1909	2024-10-10	58.0	58.0	58.0	58.0	1000
1910	2024-10-23	59.0	59.0	58.0	58.2	14300
1911	2024-10-25	58.0	58.0	57.9	57.9	2700
1912	2024-10-28	58.0	58.0	58.0	58.0	400
1913	2024-10-30	57.9	58.0	57.9	58.0	200
1914	2024-11-07	58.0	58.0	58.0	58.0	100
1915	2024-11-14	57.9	57.9	57.9	57.9	100
1916	2024-12-23	62.9	62.9	62.9	62.9	300
1917	2024-12-31	62.9	62.9	62.9	62.9	300
1918	2025-01-02	60.0	60.0	60.0	60.0	1000
1919	2025-01-07	59.0	59.0	59.0	59.0	1000
1920	2025-01-17	60.0	60.0	60.0	60.0	300
1921	2025-01-21	63.0	63.0	63.0	63.0	700
1922	2025-02-13	62.9	63.0	62.9	63.0	1600
1923	2025-02-17	63.0	65.0	63.0	65.0	2000
1924	2025-02-21	64.2	64.2	64.2	64.2	200
1925	2025-02-24	65.0	65.0	65.0	65.0	500
1926	2025-02-25	66.0	66.0	66.0	66.0	100
1927	2025-02-27	66.0	66.0	66.0	66.0	1600
1928	2025-03-05	67.0	67.0	67.0	67.0	300
1929	2025-03-06	62.9	62.9	62.9	62.9	100
1930	2025-03-07	64.0	66.0	64.0	66.0	600
1931	2025-03-10	67.9	67.9	67.9	67.9	100
1932	2025-03-11	67.9	67.9	67.9	67.9	100
1933	2025-03-12	67.9	67.9	65.0	65.0	200
1934	2025-03-13	60.3	60.3	60.3	60.3	100
1935	2025-03-14	63.0	64.0	63.0	64.0	1500
1936	2025-03-17	65.0	68.0	65.0	68.0	300
1937	2025-03-18	66.0	66.0	66.0	66.0	100
1938	2025-03-19	65.0	65.0	63.1	64.0	4100
1939	2025-03-26	60.2	64.0	60.2	64.0	5600
1940	2025-03-27	62.0	62.0	62.0	62.0	700
1941	2025-03-31	62.0	62.0	62.0	62.0	800
1942	2025-04-01	63.0	63.0	62.9	62.9	1900
