	time	open	high	low	close	volume
0	2016-11-21	6.55	0.0	0.0	0.0	0
1	2016-11-22	6.55	0.0	0.0	0.0	0
2	2016-11-23	6.55	0.0	0.0	0.0	0
3	2016-11-24	6.55	0.0	0.0	0.0	0
4	2016-11-25	6.55	0.0	0.0	0.0	0
5	2016-11-28	6.55	0.0	0.0	0.0	0
6	2016-11-29	6.55	0.0	0.0	0.0	0
7	2016-11-30	6.55	0.0	0.0	0.0	0
8	2016-12-01	6.55	0.0	0.0	0.0	0
9	2016-12-02	6.55	0.0	0.0	0.0	0
10	2016-12-05	6.55	0.0	0.0	0.0	0
11	2016-12-06	6.55	0.0	0.0	0.0	0
12	2016-12-07	4.11	4.11	4.11	4.11	5800
13	2016-12-08	4.11	4.11	4.11	4.11	0
14	2016-12-09	4.05	4.05	4.05	4.05	2200
15	2016-12-12	4.05	4.05	4.05	4.05	0
16	2016-12-13	4.11	4.11	4.11	4.11	7200
17	2016-12-14	4.11	4.11	4.11	4.11	0
18	2016-12-15	4.11	4.11	4.11	4.11	0
19	2016-12-16	4.11	4.11	4.11	4.11	0
20	2016-12-19	4.11	4.11	4.11	4.11	0
21	2016-12-20	4.11	4.11	4.11	4.11	0
22	2016-12-21	4.11	4.11	4.11	4.11	0
23	2016-12-22	4.11	4.11	4.11	4.11	0
24	2016-12-23	4.11	4.11	4.11	4.11	0
25	2016-12-26	4.11	4.11	4.11	4.11	0
26	2016-12-27	4.11	4.11	4.11	4.11	0
27	2016-12-28	4.11	4.11	4.11	4.11	0
28	2016-12-29	4.11	4.11	4.11	4.11	0
29	2016-12-30	4.11	4.11	4.11	4.11	0
30	2017-01-03	4.11	4.11	4.11	4.11	0
31	2017-01-04	4.11	4.11	4.11	4.11	0
32	2017-01-05	4.11	4.11	4.11	4.11	0
33	2017-01-06	4.11	4.11	4.11	4.11	0
34	2017-01-09	4.11	4.11	4.11	4.11	0
35	2017-01-10	4.11	4.11	4.11	4.11	0
36	2017-01-11	4.11	4.11	4.11	4.11	0
37	2017-01-12	4.11	4.11	4.11	4.11	0
38	2017-01-13	4.11	4.11	4.11	4.11	0
39	2017-01-16	4.11	4.11	4.11	4.11	0
40	2017-01-17	4.11	4.11	4.11	4.11	0
41	2017-01-18	4.11	4.11	4.11	4.11	0
42	2017-01-19	4.11	4.11	4.11	4.11	0
43	2017-01-20	4.11	4.11	4.11	4.11	0
44	2017-01-23	4.11	4.11	4.11	4.11	0
45	2017-01-24	4.11	4.11	4.11	4.11	0
46	2017-01-25	4.11	4.11	4.11	4.11	0
47	2017-02-02	4.11	4.11	4.11	4.11	0
48	2017-02-03	4.11	4.11	4.11	4.11	0
49	2017-02-06	4.11	4.11	4.11	4.11	0
50	2017-02-07	4.11	4.11	4.11	4.11	0
51	2017-02-08	4.11	4.11	4.11	4.11	0
52	2017-02-09	4.11	4.11	4.11	4.11	0
53	2017-02-10	4.11	4.11	4.11	4.11	0
54	2017-02-13	4.11	4.11	4.11	4.11	0
55	2017-02-14	4.11	4.11	4.11	4.11	0
56	2017-02-15	4.11	4.11	4.11	4.11	0
57	2017-02-16	4.11	4.11	4.11	4.11	0
58	2017-02-17	4.11	4.11	4.11	4.11	0
59	2017-02-20	4.99	4.99	4.99	4.99	100
60	2017-02-21	5.11	5.11	5.11	5.11	4900
61	2017-02-22	5.11	5.11	5.11	5.11	0
62	2017-02-23	5.11	5.11	5.11	5.11	0
63	2017-02-24	4.86	4.86	4.86	4.86	100
64	2017-02-27	4.86	4.86	4.86	4.86	0
65	2017-02-28	4.86	4.86	4.86	4.86	0
66	2017-03-01	4.86	4.86	4.86	4.86	0
67	2017-03-02	4.86	4.86	4.86	4.86	0
68	2017-03-03	4.86	4.86	4.86	4.86	0
69	2017-03-06	4.86	4.86	4.86	4.86	0
70	2017-03-07	4.86	4.86	4.86	4.86	0
71	2017-03-08	4.86	4.86	4.86	4.86	0
72	2017-03-09	4.86	4.86	4.86	4.86	0
73	2017-03-10	4.86	4.86	4.86	4.86	0
74	2017-03-13	4.86	4.86	4.86	4.86	0
75	2017-03-14	4.86	4.86	4.86	4.86	0
76	2017-03-15	4.86	4.86	4.86	4.86	0
77	2017-03-16	5.11	5.11	5.11	5.11	3400
78	2017-03-17	5.11	5.11	5.11	5.11	0
79	2017-03-20	5.11	5.11	5.11	5.11	0
80	2017-03-21	5.11	5.11	5.11	5.11	0
81	2017-03-22	5.11	5.11	5.11	5.11	0
82	2017-03-23	5.11	5.11	5.11	5.11	0
83	2017-03-24	5.11	5.11	5.11	5.11	0
84	2017-03-27	5.11	5.11	5.11	5.11	0
85	2017-03-28	5.11	5.11	5.11	5.11	0
86	2017-03-29	5.11	5.11	5.11	5.11	0
87	2017-03-30	5.11	5.11	5.11	5.11	0
88	2017-03-31	5.11	5.11	5.11	5.11	0
89	2017-04-03	5.11	5.11	5.11	5.11	0
90	2017-04-04	5.11	5.11	5.11	5.11	0
91	2017-04-05	5.11	5.11	5.11	5.11	0
92	2017-04-07	4.74	4.74	4.74	4.74	100
93	2017-04-10	4.74	4.74	4.74	4.74	0
94	2017-04-11	4.74	4.74	4.74	4.74	0
95	2017-04-12	4.74	4.74	4.74	4.74	0
96	2017-04-13	4.74	4.74	4.74	4.74	0
97	2017-04-14	4.74	4.74	4.74	4.74	0
98	2017-04-17	4.74	4.74	4.74	4.74	0
99	2017-04-18	4.99	4.99	4.99	4.99	8000
100	2017-04-19	4.99	4.99	4.99	4.99	0
101	2017-04-20	4.99	4.99	4.99	4.99	0
102	2017-04-21	4.99	4.99	4.99	4.99	0
103	2017-04-24	4.99	4.99	4.99	4.99	0
104	2017-04-25	4.99	4.99	4.99	4.99	0
105	2017-04-26	4.99	4.99	4.99	4.99	0
106	2017-04-27	4.99	4.99	4.99	4.99	0
107	2017-04-28	4.99	4.99	4.99	4.99	0
108	2017-05-03	4.99	4.99	4.99	4.99	0
109	2017-05-04	4.99	4.99	4.99	4.99	0
110	2017-05-05	4.99	4.99	4.99	4.99	0
111	2017-05-08	4.99	4.99	4.99	4.99	0
112	2017-05-09	4.99	4.99	4.99	4.99	0
113	2017-05-10	4.99	4.99	4.99	4.99	0
114	2017-05-11	4.99	4.99	4.99	4.99	0
115	2017-05-12	4.99	4.99	4.99	4.99	0
116	2017-05-15	4.99	4.99	4.99	4.99	0
117	2017-05-16	4.99	4.99	4.99	4.99	0
118	2017-05-17	4.99	4.99	4.99	4.99	0
119	2017-05-18	4.99	4.99	4.99	4.99	0
120	2017-05-19	4.99	4.99	4.99	4.99	0
121	2017-05-22	4.99	4.99	4.99	4.99	0
122	2017-05-23	4.99	4.99	4.99	4.99	0
123	2017-05-24	4.99	4.99	4.99	4.99	0
124	2017-05-25	4.99	4.99	4.99	4.99	0
125	2017-05-26	4.99	4.99	4.99	4.99	0
126	2017-05-29	4.99	4.99	4.99	4.99	0
127	2017-05-30	4.99	4.99	4.99	4.99	0
128	2017-05-31	4.99	4.99	4.99	4.99	0
129	2017-06-01	4.99	4.99	4.99	4.99	0
130	2017-06-02	4.99	4.99	4.99	4.99	0
131	2017-06-05	4.99	4.99	4.99	4.99	0
132	2017-06-06	5.19	5.19	5.19	5.19	100
133	2017-06-07	5.19	5.19	5.19	5.19	0
134	2017-06-08	5.19	5.19	5.19	5.19	500
135	2017-06-09	5.19	5.19	5.19	5.19	0
136	2017-06-12	5.26	5.26	5.26	5.26	8100
137	2017-06-13	5.26	5.26	5.26	5.26	0
138	2017-06-14	5.26	5.26	5.26	5.26	0
139	2017-06-15	5.26	5.26	5.26	5.26	0
140	2017-06-16	5.26	5.26	5.26	5.26	0
141	2017-06-19	5.26	5.26	5.26	5.26	0
142	2017-06-20	5.26	5.26	5.26	5.26	0
143	2017-06-21	5.26	5.26	5.26	5.26	0
144	2017-06-22	5.26	5.26	5.26	5.26	0
145	2017-06-23	5.26	5.26	5.26	5.26	0
146	2017-06-26	5.26	5.26	5.26	5.26	0
147	2017-06-27	5.53	5.53	5.53	5.53	100
148	2017-06-28	5.53	5.53	5.53	5.53	0
149	2017-06-29	5.53	5.53	5.53	5.53	0
150	2017-06-30	5.19	5.19	5.19	5.19	100
151	2017-07-03	5.19	5.19	5.19	5.19	0
152	2017-07-04	5.19	5.19	5.19	5.19	0
153	2017-07-05	5.19	5.19	5.19	5.19	0
154	2017-07-06	5.19	5.19	5.19	5.19	0
155	2017-07-07	5.19	5.19	5.19	5.19	0
156	2017-07-10	5.19	5.19	5.19	5.19	0
157	2017-07-11	5.19	5.19	5.19	5.19	0
158	2017-07-12	5.19	5.19	5.19	5.19	0
159	2017-07-13	5.19	5.19	5.19	5.19	0
160	2017-07-14	5.19	5.19	5.19	5.19	0
161	2017-07-17	5.19	5.19	5.19	5.19	0
162	2017-07-18	5.19	5.19	5.19	5.19	0
163	2017-07-19	5.19	5.19	5.19	5.19	0
164	2017-07-20	5.19	5.19	5.19	5.19	0
165	2017-07-21	5.19	5.19	5.19	5.19	0
166	2017-07-24	5.19	5.19	5.19	5.19	0
167	2017-07-25	5.19	5.19	5.19	5.19	0
168	2017-07-26	5.19	5.19	5.19	5.19	0
169	2017-07-27	5.19	5.19	5.19	5.19	0
170	2017-07-28	5.19	5.19	5.19	5.19	0
171	2017-07-31	5.19	5.19	5.19	5.19	0
172	2017-08-01	5.19	5.19	5.19	5.19	0
173	2017-08-02	5.19	5.19	5.19	5.19	0
174	2017-08-03	5.19	5.19	5.19	5.19	0
175	2017-08-04	5.19	5.19	5.19	5.19	0
176	2017-08-07	5.19	5.19	5.19	5.19	0
177	2017-08-08	5.19	5.19	5.19	5.19	0
178	2017-08-09	5.19	5.19	5.19	5.19	0
179	2017-08-10	5.19	5.19	5.19	5.19	0
180	2017-08-11	5.19	5.19	5.19	5.19	0
181	2017-08-14	5.19	5.19	5.19	5.19	0
182	2017-08-15	5.19	5.19	5.19	5.19	0
183	2017-08-16	5.19	5.19	5.19	5.19	0
184	2017-08-17	5.19	5.19	5.19	5.19	0
185	2017-08-18	5.19	5.19	5.19	5.19	100
186	2017-08-21	5.19	5.19	5.19	5.19	100
187	2017-08-22	5.19	5.19	5.19	5.19	0
188	2017-08-23	5.19	5.19	5.19	5.19	0
189	2017-08-24	5.19	5.19	5.19	5.19	0
190	2017-08-25	5.19	5.19	5.19	5.19	0
191	2017-08-28	5.19	5.19	5.19	5.19	0
192	2017-08-29	5.19	5.19	5.19	5.19	0
193	2017-08-30	5.19	5.19	5.19	5.19	0
194	2017-08-31	5.19	5.19	5.19	5.19	0
195	2017-09-01	5.19	5.19	5.19	5.19	0
196	2017-09-05	5.19	5.19	5.19	5.19	0
197	2017-09-06	5.19	5.19	5.19	5.19	0
198	2017-09-07	5.19	5.19	5.19	5.19	0
199	2017-09-08	5.19	5.19	5.19	5.19	0
200	2017-09-11	5.19	5.19	5.19	5.19	0
201	2017-09-12	5.19	5.19	5.19	5.19	0
202	2017-09-13	5.19	5.19	5.19	5.19	0
203	2017-09-14	5.19	5.19	5.19	5.19	0
204	2017-09-15	5.19	5.19	5.19	5.19	0
205	2017-09-18	5.19	5.19	5.19	5.19	0
206	2017-09-19	5.19	5.19	5.19	5.19	0
207	2017-09-20	5.19	5.19	5.19	5.19	0
208	2017-09-21	5.19	5.19	5.19	5.19	0
209	2017-09-22	5.33	5.33	5.33	5.33	2100
210	2017-09-25	5.33	5.33	5.33	5.33	0
211	2017-09-26	5.33	5.33	5.33	5.33	0
212	2017-09-27	5.33	5.33	5.33	5.33	0
213	2017-09-28	5.33	5.33	5.33	5.33	0
214	2017-09-29	5.33	5.33	5.33	5.33	0
215	2017-10-02	5.33	5.33	5.33	5.33	0
216	2017-10-03	5.33	5.33	5.33	5.33	0
217	2017-10-04	5.33	5.33	5.33	5.33	0
218	2017-10-05	5.33	5.33	5.33	5.33	0
219	2017-10-06	5.33	5.33	5.33	5.33	0
220	2017-10-09	5.33	5.33	5.33	5.33	0
221	2017-10-10	5.33	5.33	5.33	5.33	0
222	2017-10-11	5.33	5.33	5.33	5.33	0
223	2017-10-12	5.33	5.33	5.33	5.33	0
224	2017-10-13	5.33	5.33	5.33	5.33	0
225	2017-10-16	5.33	5.33	5.33	5.33	0
226	2017-10-17	5.33	5.33	5.33	5.33	0
227	2017-10-18	5.33	5.33	5.33	5.33	0
228	2017-10-19	5.33	5.33	5.33	5.33	0
229	2017-10-20	5.33	5.33	5.33	5.33	0
230	2017-10-23	5.33	5.33	5.33	5.33	0
231	2017-10-24	5.33	5.33	5.33	5.33	0
232	2017-10-25	5.26	5.26	5.26	5.26	3000
233	2017-10-26	5.26	5.26	5.26	5.26	0
234	2017-10-27	5.26	5.26	5.26	5.26	0
235	2017-10-30	5.26	5.26	5.26	5.26	0
236	2017-10-31	5.26	5.26	5.26	5.26	0
237	2017-11-01	5.26	5.26	5.26	5.26	0
238	2017-11-02	5.26	5.26	5.26	5.26	0
239	2017-11-03	5.26	5.26	5.26	5.26	0
240	2017-11-06	5.26	5.26	5.26	5.26	0
241	2017-11-07	5.26	5.26	5.26	5.26	0
242	2017-11-08	5.26	5.26	5.26	5.26	0
243	2017-11-09	5.26	5.26	5.26	5.26	0
244	2017-11-10	5.26	5.26	5.26	5.26	0
245	2017-11-13	5.26	5.26	5.26	5.26	0
246	2017-11-14	5.26	5.26	5.26	5.26	0
247	2017-11-15	5.26	5.26	5.26	5.26	0
248	2017-11-16	5.26	5.26	5.26	5.26	0
249	2017-11-17	5.26	5.26	5.26	5.26	0
250	2017-11-20	5.26	5.26	5.26	5.26	0
251	2017-11-21	5.26	5.26	5.26	5.26	0
252	2017-11-22	5.26	5.26	5.26	5.26	0
253	2017-11-23	5.26	5.26	5.26	5.26	0
254	2017-11-24	5.26	5.26	5.26	5.26	0
255	2017-11-27	5.26	5.26	5.26	5.26	0
256	2017-11-28	5.26	5.26	5.26	5.26	0
257	2017-11-29	5.26	5.26	5.26	5.26	0
258	2017-11-30	5.26	5.26	5.26	5.26	0
259	2017-12-01	5.26	5.26	5.26	5.26	0
260	2017-12-04	5.26	5.26	5.26	5.26	0
261	2017-12-05	5.26	5.26	5.26	5.26	0
262	2017-12-06	5.26	5.26	5.26	5.26	0
263	2017-12-07	5.26	5.26	5.26	5.26	0
264	2017-12-08	5.26	5.26	5.26	5.26	0
265	2017-12-11	5.26	5.26	5.26	5.26	0
266	2017-12-12	5.26	5.26	5.26	5.26	0
267	2017-12-13	7.31	7.31	7.31	7.31	1000
268	2017-12-14	6.35	6.35	6.35	6.35	100
269	2017-12-15	7.24	7.24	7.24	7.24	1000
270	2017-12-18	8.27	8.27	8.27	8.27	3000
271	2017-12-19	7.04	7.04	7.04	7.04	100
272	2017-12-20	8.06	8.06	6.29	7.04	3200
273	2017-12-21	7.99	7.99	7.99	7.99	0
274	2017-12-22	6.9	7.99	6.9	7.99	300
275	2017-12-25	8.75	8.75	6.76	8.75	15400
276	2017-12-26	7.24	7.24	7.24	7.24	0
277	2017-12-27	6.97	6.97	6.97	6.97	5000
278	2017-12-28	6.97	6.97	6.97	6.97	0
279	2017-12-29	7.04	7.99	7.04	7.99	5200
280	2018-01-02	7.99	7.99	7.99	7.99	200
281	2018-01-03	7.99	7.99	7.99	7.99	0
282	2018-01-04	6.97	6.97	6.97	6.97	100
283	2018-01-05	7.99	7.99	7.99	7.99	500
284	2018-01-08	6.9	6.9	6.9	6.9	500
285	2018-01-09	6.9	6.9	6.9	6.9	0
286	2018-01-10	6.9	6.9	6.9	6.9	0
287	2018-01-11	6.9	6.9	6.9	6.9	0
288	2018-01-12	6.9	6.9	6.9	6.9	0
289	2018-01-15	6.9	6.9	6.9	6.9	0
290	2018-01-16	6.9	6.9	6.9	6.9	0
291	2018-01-17	7.93	7.93	7.93	7.93	100
292	2018-01-18	8.95	8.95	7.72	7.72	14000
293	2018-01-19	7.86	7.86	7.86	7.86	400
294	2018-01-22	7.86	7.86	7.86	7.86	0
295	2018-01-23	7.86	7.86	7.86	7.86	0
296	2018-01-24	7.86	7.86	7.86	7.86	0
297	2018-01-25	7.86	7.86	7.86	7.86	0
298	2018-01-26	7.86	7.86	7.86	7.86	0
299	2018-01-29	8.81	8.81	7.04	7.04	400
300	2018-01-30	7.45	7.45	7.45	7.45	500
301	2018-01-31	7.45	7.45	7.45	7.45	0
302	2018-02-01	7.45	7.45	7.45	7.45	0
303	2018-02-02	7.45	7.45	7.45	7.45	0
304	2018-02-05	7.45	7.45	7.45	7.45	0
305	2018-02-06	7.45	7.45	7.45	7.45	0
306	2018-02-07	8.54	8.54	7.17	7.17	1100
307	2018-02-08	8.4	8.4	8.4	8.4	0
308	2018-02-09	8.4	8.4	8.4	8.4	0
309	2018-02-12	8.4	8.4	8.4	8.4	0
310	2018-02-13	8.4	8.4	8.4	8.4	0
311	2018-02-21	8.2	8.2	8.2	8.2	100
312	2018-02-22	7.24	7.24	7.24	7.24	500
313	2018-02-23	8.27	8.27	8.27	8.27	1000
314	2018-02-26	7.04	7.04	7.04	7.04	500
315	2018-02-27	8.06	8.06	8.06	8.06	1000
316	2018-02-28	9.22	9.22	9.22	9.22	9000
317	2018-03-01	7.93	7.93	7.93	7.93	500
318	2018-03-02	7.17	7.17	7.17	7.17	100
319	2018-03-05	8.2	8.2	8.2	8.2	100
320	2018-03-06	8.2	8.2	8.2	8.2	0
321	2018-03-07	8.2	8.2	8.2	8.2	0
322	2018-03-08	8.2	8.2	8.2	8.2	0
323	2018-03-09	8.2	8.2	8.2	8.2	0
324	2018-03-12	8.2	8.2	8.2	8.2	0
325	2018-03-13	8.2	8.2	8.2	8.2	0
326	2018-03-14	9.43	9.43	7.24	7.24	700
327	2018-03-15	10.38	10.38	10.38	10.38	500
328	2018-03-16	8.95	8.95	8.95	8.95	300
329	2018-03-19	7.79	7.79	7.79	7.79	200
330	2018-03-20	7.79	7.79	7.79	7.79	0
331	2018-03-21	7.79	7.79	7.79	7.79	0
332	2018-03-22	7.79	7.79	7.79	7.79	0
333	2018-03-23	7.79	7.79	7.79	7.79	0
334	2018-03-26	7.52	7.52	7.52	7.52	4700
335	2018-03-27	7.52	7.52	7.52	7.52	0
336	2018-03-28	7.52	7.52	7.52	7.52	0
337	2018-03-29	8.54	8.61	8.54	8.61	1100
338	2018-03-30	7.52	7.52	7.52	7.52	300
339	2018-04-02	7.52	7.52	7.52	7.52	0
340	2018-04-03	7.52	7.52	7.52	7.52	0
341	2018-04-04	8.61	8.61	8.61	8.61	100
342	2018-04-05	8.61	8.61	8.61	8.61	0
343	2018-04-06	8.61	8.61	8.61	8.61	0
344	2018-04-09	8.61	8.61	8.61	8.61	0
345	2018-04-10	8.61	8.61	8.61	8.61	0
346	2018-04-11	8.61	8.61	8.61	8.61	0
347	2018-04-12	8.61	8.61	8.61	8.61	0
348	2018-04-13	8.61	8.61	8.61	8.61	0
349	2018-04-16	8.61	8.61	8.61	8.61	0
350	2018-04-17	7.52	7.52	7.52	7.52	200
351	2018-04-18	8.27	8.27	6.49	6.49	1500
352	2018-04-19	8.75	8.75	6.83	6.83	600
353	2018-04-20	8.4	8.4	8.4	8.4	0
354	2018-04-23	7.52	7.52	7.52	7.52	500
355	2018-04-24	7.52	7.52	7.52	7.52	0
356	2018-04-26	7.52	7.52	7.52	7.52	0
357	2018-04-27	7.52	7.52	7.52	7.52	0
358	2018-05-02	7.58	7.58	7.58	7.58	10000
359	2018-05-03	7.58	7.58	7.58	7.58	0
360	2018-05-04	8.68	8.68	8.68	8.68	100
361	2018-05-07	7.52	7.52	7.52	7.52	200
362	2018-05-08	8.61	8.61	8.61	8.61	1000
363	2018-05-09	9.84	9.84	9.84	9.84	1200
364	2018-05-10	8.4	8.4	8.4	8.4	500
365	2018-05-11	8.4	8.4	8.4	8.4	0
366	2018-05-14	9.65	9.65	9.65	9.65	400
367	2018-05-15	8.4	8.4	8.4	8.4	500
368	2018-05-16	8.4	8.4	8.4	8.4	0
369	2018-05-17	8.4	8.4	8.4	8.4	0
370	2018-05-18	8.4	8.4	8.4	8.4	0
371	2018-05-21	8.4	8.4	8.4	8.4	0
372	2018-05-22	7.67	7.67	7.67	7.67	200
373	2018-05-23	7.67	7.67	7.67	7.67	0
374	2018-05-24	7.67	7.67	7.67	7.67	0
375	2018-05-25	7.67	7.67	7.67	7.67	0
376	2018-05-28	7.67	7.67	7.67	7.67	0
377	2018-05-29	7.67	7.67	7.67	7.67	0
378	2018-05-30	8.04	8.04	8.04	8.04	3000
379	2018-05-31	8.04	8.04	8.04	8.04	0
380	2018-06-01	8.04	8.04	8.04	8.04	0
381	2018-06-04	8.04	8.04	8.04	8.04	0
382	2018-06-05	8.04	8.04	8.04	8.04	0
383	2018-06-06	7.31	7.31	7.31	7.31	500
384	2018-06-07	7.31	7.31	7.31	7.31	0
385	2018-06-08	7.31	7.31	7.31	7.31	0
386	2018-06-11	7.31	7.31	7.31	7.31	0
387	2018-06-12	7.31	7.31	7.31	7.31	0
388	2018-06-13	7.31	7.31	7.31	7.31	0
389	2018-06-14	7.31	7.31	7.31	7.31	0
390	2018-06-15	7.31	7.31	7.31	7.31	0
391	2018-06-18	7.31	7.31	7.31	7.31	0
392	2018-06-19	7.31	7.31	7.31	7.31	0
393	2018-06-20	7.31	7.31	7.31	7.31	0
394	2018-06-21	6.36	6.36	6.36	6.36	10000
395	2018-06-22	6.36	6.36	6.36	6.36	0
396	2018-06-25	6.36	6.36	6.36	6.36	0
397	2018-06-26	6.36	6.36	6.36	6.36	0
398	2018-06-27	6.36	6.36	6.36	6.36	0
399	2018-06-28	6.36	6.36	6.36	6.36	0
400	2018-06-29	6.36	6.36	6.36	6.36	0
401	2018-07-02	6.36	6.36	6.36	6.36	0
402	2018-07-03	6.36	6.36	6.36	6.36	0
403	2018-07-04	6.36	6.36	6.36	6.36	0
404	2018-07-05	6.36	6.36	6.36	6.36	0
405	2018-07-06	6.36	6.36	6.36	6.36	0
406	2018-07-09	6.36	6.36	6.36	6.36	0
407	2018-07-10	6.36	6.36	6.36	6.36	0
408	2018-07-11	6.36	6.36	6.36	6.36	0
409	2018-07-12	6.36	6.36	6.36	6.36	0
410	2018-07-13	6.36	6.36	6.36	6.36	0
411	2018-07-16	6.36	6.36	6.36	6.36	0
412	2018-07-17	6.36	6.36	6.36	6.36	0
413	2018-07-18	6.36	6.36	6.36	6.36	0
414	2018-07-19	6.36	6.36	6.36	6.36	0
415	2018-07-20	6.36	6.36	6.36	6.36	0
416	2018-07-23	7.31	7.31	7.31	7.31	100
417	2018-07-24	8.4	8.4	8.4	8.4	100
418	2018-07-25	8.4	8.4	8.4	8.4	0
419	2018-07-26	9.13	9.13	9.13	9.13	800
420	2018-07-27	7.89	7.89	7.89	7.89	500
421	2018-07-30	7.89	7.89	7.89	7.89	0
422	2018-07-31	7.89	7.89	7.89	7.89	0
423	2018-08-01	7.89	7.89	7.89	7.89	0
424	2018-08-02	7.89	7.89	7.89	7.89	0
425	2018-08-03	7.89	7.89	7.89	7.89	0
426	2018-08-06	7.89	7.89	7.89	7.89	0
427	2018-08-07	7.38	7.38	7.38	7.38	2000
428	2018-08-08	7.38	7.38	7.38	7.38	0
429	2018-08-09	7.38	7.38	7.38	7.38	0
430	2018-08-10	7.38	7.38	7.38	7.38	0
431	2018-08-13	7.38	7.38	7.38	7.38	0
432	2018-08-14	7.38	7.38	7.38	7.38	0
433	2018-08-15	7.38	7.38	7.38	7.38	0
434	2018-08-16	8.48	8.48	7.75	7.75	1100
435	2018-08-17	7.82	7.82	7.82	7.82	0
436	2018-08-20	7.96	7.96	7.96	7.96	100
437	2018-08-21	7.96	7.96	7.96	7.96	0
438	2018-08-22	7.96	7.96	7.96	7.96	0
439	2018-08-23	7.96	7.96	7.96	7.96	0
440	2018-08-24	7.96	7.96	7.96	7.96	0
441	2018-08-27	7.96	7.96	7.96	7.96	0
442	2018-08-28	7.96	7.96	7.96	7.96	0
443	2018-08-29	7.96	7.96	7.96	7.96	0
444	2018-08-30	7.96	7.96	7.96	7.96	0
445	2018-08-31	7.96	7.96	7.96	7.96	0
446	2018-09-04	7.96	7.96	7.96	7.96	0
447	2018-09-05	7.96	7.96	7.96	7.96	0
448	2018-09-06	7.96	7.96	7.96	7.96	0
449	2018-09-07	7.96	7.96	7.96	7.96	0
450	2018-09-10	7.96	7.96	7.96	7.96	0
451	2018-09-11	7.96	7.96	7.96	7.96	0
452	2018-09-12	7.96	7.96	7.96	7.96	0
453	2018-09-13	7.96	7.96	7.96	7.96	0
454	2018-09-14	7.96	7.96	7.96	7.96	0
455	2018-09-17	7.96	7.96	7.96	7.96	0
456	2018-09-18	7.96	7.96	7.96	7.96	0
457	2018-09-19	7.96	7.96	7.96	7.96	0
458	2018-09-20	7.96	7.96	7.96	7.96	0
459	2018-09-21	7.96	7.96	7.96	7.96	0
460	2018-09-24	7.96	7.96	7.96	7.96	0
461	2018-09-25	7.96	7.96	7.96	7.96	0
462	2018-09-26	7.96	7.96	7.96	7.96	0
463	2018-09-27	7.96	7.96	7.96	7.96	0
464	2018-09-28	7.96	7.96	7.96	7.96	0
465	2018-10-01	7.96	7.96	7.96	7.96	0
466	2018-10-02	7.96	7.96	7.96	7.96	0
467	2018-10-03	7.96	7.96	7.96	7.96	0
468	2018-10-04	7.96	7.96	7.96	7.96	0
469	2018-10-05	7.96	7.96	7.96	7.96	0
470	2018-10-08	7.96	7.96	7.96	7.96	0
471	2018-10-09	7.96	7.96	7.96	7.96	0
472	2018-10-10	7.96	7.96	7.96	7.96	0
473	2018-10-11	5.92	7.67	5.92	7.67	5600
474	2018-10-12	7.38	7.38	7.38	7.38	0
475	2018-10-15	7.38	7.38	7.38	7.38	0
476	2018-10-16	7.38	7.38	7.38	7.38	0
477	2018-10-17	7.38	7.38	7.38	7.38	0
478	2018-10-18	7.38	7.38	7.38	7.38	0
479	2018-10-19	7.38	7.38	7.38	7.38	0
480	2018-10-22	7.75	7.75	7.75	7.75	300
481	2018-10-23	7.75	7.75	7.75	7.75	0
482	2018-10-24	7.75	7.75	7.75	7.75	0
483	2018-10-25	8.84	8.84	8.04	8.04	1300
484	2018-10-26	8.26	8.26	8.26	8.26	0
485	2018-10-29	8.26	8.26	8.26	8.26	0
486	2018-10-30	8.26	8.26	8.26	8.26	0
487	2018-10-31	8.26	8.26	8.26	8.26	0
488	2018-11-01	8.26	8.26	8.26	8.26	0
489	2018-11-02	7.67	7.67	7.67	7.67	500
490	2018-11-05	7.67	7.67	7.67	7.67	0
491	2018-11-06	7.67	7.67	7.67	7.67	0
492	2018-11-07	7.67	7.67	7.67	7.67	0
493	2018-11-08	7.67	7.67	7.67	7.67	0
494	2018-11-09	7.45	7.45	7.45	7.45	700
495	2018-11-12	7.45	7.45	7.45	7.45	0
496	2018-11-13	7.45	7.45	7.45	7.45	0
497	2018-11-14	7.45	7.45	7.45	7.45	0
498	2018-11-15	7.45	7.45	7.45	7.45	0
499	2018-11-16	7.45	7.45	7.45	7.45	0
500	2018-11-19	7.45	7.45	7.45	7.45	0
501	2018-11-20	7.45	7.45	7.45	7.45	0
502	2018-11-21	7.45	7.45	7.45	7.45	0
503	2018-11-22	7.45	7.45	7.45	7.45	0
504	2018-11-23	7.89	7.89	7.89	7.89	300
505	2018-11-26	7.89	7.89	7.89	7.89	0
506	2018-11-27	7.75	7.75	7.75	7.75	700
507	2018-11-28	7.75	7.75	7.75	7.75	0
508	2018-11-29	7.75	7.75	7.75	7.75	0
509	2018-11-30	7.75	7.75	7.75	7.75	0
510	2018-12-03	7.75	7.75	7.75	7.75	0
511	2018-12-04	7.75	7.75	7.75	7.75	0
512	2018-12-05	7.75	7.75	7.75	7.75	0
513	2018-12-06	7.75	7.75	7.75	7.75	0
514	2018-12-07	7.75	7.75	7.75	7.75	0
515	2018-12-10	7.75	7.75	7.75	7.75	0
516	2018-12-11	7.75	7.75	7.75	7.75	0
517	2018-12-12	7.75	7.75	7.75	7.75	0
518	2018-12-13	7.75	7.75	7.75	7.75	0
519	2018-12-14	7.75	7.75	7.75	7.75	0
520	2018-12-17	7.75	7.75	7.75	7.75	0
521	2018-12-18	7.75	7.75	7.75	7.75	0
522	2018-12-19	7.75	7.75	7.75	7.75	0
523	2018-12-20	7.75	7.75	7.75	7.75	0
524	2018-12-21	7.75	7.75	7.75	7.75	0
525	2018-12-24	7.75	7.75	7.75	7.75	0
526	2018-12-25	8.04	8.04	8.04	8.04	1500
527	2018-12-26	7.67	7.67	7.67	7.67	5000
528	2018-12-27	7.67	7.67	7.67	7.67	5000
529	2018-12-28	7.67	7.67	7.67	7.67	3000
530	2019-01-02	7.67	7.67	7.67	7.67	0
531	2019-01-03	7.67	7.67	7.67	7.67	0
532	2019-01-04	7.67	7.67	7.67	7.67	0
533	2019-01-07	8.04	8.04	8.04	8.04	1000
534	2019-01-08	8.04	8.04	8.04	8.04	0
535	2019-01-09	8.04	8.04	8.04	8.04	0
536	2019-01-10	7.75	7.75	7.75	7.75	500
537	2019-01-11	8.84	8.84	8.84	8.84	1000
538	2019-01-14	8.11	8.11	8.11	8.11	500
539	2019-01-15	8.11	8.11	8.11	8.11	0
540	2019-01-16	8.11	8.11	8.11	8.11	0
541	2019-01-17	8.11	8.11	8.11	8.11	0
542	2019-01-18	8.11	8.11	8.11	8.11	0
543	2019-01-21	8.11	8.11	8.11	8.11	0
544	2019-01-22	8.11	8.11	8.11	8.11	0
545	2019-01-23	8.11	8.11	8.11	8.11	0
546	2019-01-24	8.11	8.11	8.11	8.11	0
547	2019-01-25	8.11	8.11	8.11	8.11	0
548	2019-01-28	8.11	8.11	8.11	8.11	0
549	2019-01-29	8.11	8.11	8.11	8.11	0
550	2019-01-30	8.11	8.11	8.11	8.11	0
551	2019-01-31	8.11	8.11	8.11	8.11	0
552	2019-02-01	8.11	8.11	8.11	8.11	0
553	2019-02-11	8.11	8.11	8.11	8.11	0
554	2019-02-12	8.11	8.11	8.11	8.11	0
555	2019-02-13	8.11	8.11	8.11	8.11	1000
556	2019-02-14	8.11	8.11	7.67	7.67	600
557	2019-02-15	7.82	7.67	7.67	7.67	0
558	2019-02-18	7.82	7.67	7.67	7.67	0
559	2019-02-19	7.82	7.67	7.67	7.67	0
560	2019-02-20	7.82	7.67	7.67	7.67	0
561	2019-02-21	7.82	7.67	7.67	7.67	0
562	2019-02-22	7.82	7.67	7.67	7.67	0
563	2019-02-25	7.96	7.96	7.96	7.96	2000
564	2019-02-26	7.96	7.96	7.96	7.96	0
565	2019-02-27	7.96	7.96	7.96	7.96	0
566	2019-02-28	7.96	7.96	7.96	7.96	0
567	2019-03-01	7.96	7.96	7.96	7.96	0
568	2019-03-04	7.96	7.96	7.96	7.96	0
569	2019-03-05	7.96	7.96	7.96	7.96	0
570	2019-03-06	7.96	7.96	7.96	7.96	0
571	2019-03-07	7.96	7.96	7.96	7.96	0
572	2019-03-08	7.96	7.96	7.96	7.96	0
573	2019-03-11	7.96	7.96	7.96	7.96	0
574	2019-03-12	8.04	8.04	8.04	8.04	100
575	2019-03-13	9.21	9.21	9.21	9.21	200
576	2019-03-14	8.48	8.48	8.11	8.11	300
577	2019-03-15	8.33	8.11	8.11	8.11	0
578	2019-03-18	8.33	8.11	8.11	8.11	0
579	2019-03-19	8.11	8.11	8.11	8.11	2000
580	2019-03-20	8.11	8.11	8.11	8.11	0
581	2019-03-21	8.11	8.11	8.11	8.11	0
582	2019-03-22	8.11	8.11	8.11	8.11	0
583	2019-03-25	8.11	8.11	8.11	8.11	0
584	2019-03-26	8.11	8.11	8.11	8.11	0
585	2019-03-27	8.11	8.11	8.11	8.11	0
586	2019-03-28	8.11	8.11	8.11	8.11	0
587	2019-03-29	8.11	8.11	8.11	8.11	0
588	2019-04-01	8.11	8.11	8.11	8.11	0
589	2019-04-02	8.11	8.11	8.11	8.11	0
590	2019-04-03	8.11	8.11	8.11	8.11	0
591	2019-04-04	8.11	8.11	8.11	8.11	0
592	2019-04-05	8.11	8.11	8.11	8.11	0
593	2019-04-08	8.11	8.11	8.11	8.11	0
594	2019-04-09	8.11	8.11	8.11	8.11	0
595	2019-04-10	8.11	8.11	8.11	8.11	0
596	2019-04-11	8.11	8.11	8.11	8.11	0
597	2019-04-12	8.11	8.11	8.11	8.11	0
598	2019-04-16	8.11	8.11	8.11	8.11	0
599	2019-04-17	8.11	8.11	8.11	8.11	0
600	2019-04-18	8.11	8.11	8.11	8.11	0
601	2019-04-19	8.11	8.11	8.11	8.11	0
602	2019-04-22	8.11	8.11	8.11	8.11	0
603	2019-04-23	8.11	8.11	8.11	8.11	0
604	2019-04-24	8.11	9.28	7.67	9.28	600
605	2019-04-25	8.04	9.28	9.28	9.28	0
606	2019-04-26	8.04	9.28	9.28	9.28	0
607	2019-05-02	8.04	9.28	9.28	9.28	0
608	2019-05-03	8.04	9.28	9.28	9.28	0
609	2019-05-06	8.04	9.28	9.28	9.28	0
610	2019-05-07	8.04	9.28	9.28	9.28	0
611	2019-05-08	8.04	9.28	9.28	9.28	0
612	2019-05-09	8.04	10.01	10.01	10.01	0
613	2019-05-10	8.04	10.01	10.01	10.01	0
614	2019-05-13	8.04	10.01	10.01	10.01	0
615	2019-05-14	8.04	8.04	8.04	8.04	600
616	2019-05-15	8.04	8.04	8.04	8.04	0
617	2019-05-16	9.22	9.22	9.22	9.22	100
618	2019-05-17	8.75	8.75	8.75	8.75	500
619	2019-05-20	9.38	9.38	9.38	9.38	100
620	2019-05-21	9.46	9.46	9.46	9.46	500
621	2019-05-22	9.46	9.46	9.46	9.46	0
622	2019-05-23	9.46	9.46	9.46	9.46	0
623	2019-05-24	9.46	9.46	9.46	9.46	0
624	2019-05-27	9.46	9.46	9.46	9.46	0
625	2019-05-28	9.38	9.38	9.38	9.38	100
626	2019-05-29	9.38	9.38	9.38	9.38	0
627	2019-05-30	9.38	9.38	9.38	9.38	0
628	2019-05-31	9.38	9.38	9.38	9.38	0
629	2019-06-03	9.38	9.38	9.38	9.38	2000
630	2019-06-04	9.38	9.38	9.38	9.38	0
631	2019-06-05	9.38	9.38	9.38	9.38	0
632	2019-06-06	9.38	9.38	9.38	9.38	0
633	2019-06-07	9.38	9.38	9.38	9.38	0
634	2019-06-10	9.38	9.38	9.38	9.38	0
635	2019-06-11	9.38	9.38	9.38	9.38	0
636	2019-06-12	9.38	9.38	9.38	9.38	0
637	2019-06-13	9.38	9.38	9.38	9.38	0
638	2019-06-14	9.38	9.38	9.38	9.38	0
639	2019-06-17	9.38	9.38	9.38	9.38	0
640	2019-06-18	9.38	9.38	9.38	9.38	0
641	2019-06-19	9.38	9.38	9.38	9.38	0
642	2019-06-20	9.38	9.38	9.38	9.38	0
643	2019-06-21	9.38	9.38	9.38	9.38	0
644	2019-06-24	9.38	9.38	9.38	9.38	0
645	2019-06-25	9.38	9.38	9.38	9.38	0
646	2019-06-26	9.38	9.38	9.38	9.38	0
647	2019-06-27	9.38	9.38	9.38	9.38	0
648	2019-06-28	9.38	9.38	9.38	9.38	0
649	2019-07-01	9.46	9.46	9.3	9.3	3100
650	2019-07-02	9.38	9.3	9.3	9.3	0
651	2019-07-03	9.38	9.3	9.3	9.3	0
652	2019-07-04	9.38	9.38	9.38	9.38	0
653	2019-07-05	9.38	9.3	9.3	9.3	0
654	2019-07-08	10.64	10.72	9.38	9.38	3200
655	2019-07-09	9.46	9.46	9.46	9.46	500
656	2019-07-10	9.46	9.46	9.46	9.46	0
657	2019-07-11	9.46	9.46	9.46	9.46	0
658	2019-07-12	10.09	10.09	10.09	10.09	5000
659	2019-07-15	9.53	9.53	9.53	9.53	500
660	2019-07-16	9.53	9.53	9.53	9.53	0
661	2019-07-17	9.53	9.53	9.53	9.53	0
662	2019-07-18	9.53	9.53	9.53	9.53	0
663	2019-07-19	9.53	9.53	9.53	9.53	0
664	2019-07-22	9.53	9.53	9.53	9.53	0
665	2019-07-23	9.53	9.53	9.53	9.53	0
666	2019-07-24	9.53	9.53	9.53	9.53	0
667	2019-07-25	9.53	9.53	9.53	9.53	0
668	2019-07-26	9.53	9.53	9.53	9.53	0
669	2019-07-29	9.53	9.53	9.53	9.53	0
670	2019-07-30	9.53	9.53	9.53	9.53	0
671	2019-07-31	9.53	9.53	9.53	9.53	0
672	2019-08-01	9.53	9.53	9.53	9.53	0
673	2019-08-02	9.53	9.53	9.53	9.53	100
674	2019-08-05	9.53	9.53	9.53	9.53	0
675	2019-08-06	9.53	9.53	9.53	9.53	0
676	2019-08-07	9.53	9.53	9.53	9.53	0
677	2019-08-08	9.53	9.53	9.53	9.53	0
678	2019-08-09	9.53	9.53	9.53	9.53	0
679	2019-08-12	9.53	9.53	9.53	9.53	0
680	2019-08-13	9.53	9.53	9.53	9.53	0
681	2019-08-14	9.53	9.53	9.53	9.53	0
682	2019-08-15	9.53	9.53	9.53	9.53	0
683	2019-08-16	9.53	9.53	9.53	9.53	0
684	2019-08-19	9.53	9.53	9.53	9.53	0
685	2019-08-20	9.53	9.53	9.53	9.53	0
686	2019-08-21	9.53	9.53	9.53	9.53	0
687	2019-08-22	9.53	9.53	9.53	9.53	0
688	2019-08-23	9.53	9.53	9.53	9.53	0
689	2019-08-26	9.53	9.53	9.53	9.53	0
690	2019-08-27	9.53	9.53	9.53	9.53	0
691	2019-08-28	9.53	9.53	9.53	9.53	0
692	2019-08-29	9.53	9.53	9.53	9.53	0
693	2019-08-30	9.53	9.53	9.53	9.53	0
694	2019-09-03	9.61	9.61	9.61	9.61	5000
695	2019-09-04	9.53	11.03	8.2	11.03	1200
696	2019-09-05	8.51	11.03	11.03	11.03	0
697	2019-09-06	8.51	11.03	11.03	11.03	0
698	2019-09-09	8.51	11.03	11.03	11.03	0
699	2019-09-10	8.51	11.03	11.03	11.03	0
700	2019-09-11	8.51	11.03	11.03	11.03	0
701	2019-09-12	8.51	11.03	11.03	11.03	0
702	2019-09-13	8.51	11.03	11.03	11.03	0
703	2019-09-16	8.51	11.03	11.03	11.03	0
704	2019-09-17	8.51	11.03	11.03	11.03	0
705	2019-09-18	8.51	11.03	11.03	11.03	0
706	2019-09-19	8.51	11.03	11.03	11.03	0
707	2019-09-20	8.51	11.03	11.03	11.03	0
708	2019-09-23	8.51	11.03	11.03	11.03	0
709	2019-09-24	8.51	11.03	11.03	11.03	0
710	2019-09-25	8.51	11.03	11.03	11.03	0
711	2019-09-26	8.51	11.03	11.03	11.03	0
712	2019-09-27	8.51	11.03	11.03	11.03	0
713	2019-09-30	8.51	11.03	11.03	11.03	0
714	2019-10-01	8.51	11.03	11.03	11.03	0
715	2019-10-02	8.51	11.03	11.03	11.03	0
716	2019-10-03	8.51	11.03	11.03	11.03	0
717	2019-10-04	8.51	11.03	11.03	11.03	0
718	2019-10-07	9.77	9.77	9.77	9.77	100
719	2019-10-08	9.69	9.69	9.69	9.69	500
720	2019-10-09	8.75	8.75	8.75	8.75	100
721	2019-10-10	8.75	8.75	8.75	8.75	0
722	2019-10-11	8.75	8.75	8.75	8.75	0
723	2019-10-14	10.01	10.01	10.01	10.01	100
724	2019-10-15	9.53	9.53	9.53	9.53	100
725	2019-10-16	9.53	9.53	9.53	9.53	0
726	2019-10-17	9.53	9.53	9.53	9.53	0
727	2019-10-18	10.95	10.95	10.95	10.95	100
728	2019-10-21	9.93	9.93	9.93	9.93	100
729	2019-10-22	9.93	9.93	9.93	9.93	0
730	2019-10-23	9.93	9.93	9.93	9.93	0
731	2019-10-24	9.93	9.93	9.93	9.93	0
732	2019-10-25	9.69	9.69	9.69	9.69	100
733	2019-10-28	9.69	9.69	9.69	9.69	0
734	2019-10-29	9.69	9.69	9.69	9.69	0
735	2019-10-30	9.69	9.69	9.69	9.69	0
736	2019-10-31	9.69	9.69	9.69	9.69	0
737	2019-11-01	9.69	9.69	9.69	9.69	0
738	2019-11-04	9.69	9.69	9.69	9.69	0
739	2019-11-05	9.69	9.69	9.69	9.69	0
740	2019-11-06	9.69	9.69	9.69	9.69	0
741	2019-11-07	9.69	9.69	9.69	9.69	0
742	2019-11-08	9.69	9.69	9.69	9.69	0
743	2019-11-11	9.69	9.69	9.69	9.69	0
744	2019-11-12	9.69	9.69	9.69	9.69	0
745	2019-11-13	9.69	9.69	9.69	9.69	0
746	2019-11-14	9.69	9.69	9.69	9.69	0
747	2019-11-15	9.77	9.77	8.35	8.35	600
748	2019-11-18	8.59	8.35	8.35	8.35	0
749	2019-11-19	8.59	8.35	8.35	8.35	0
750	2019-11-20	8.59	8.35	8.35	8.35	0
751	2019-11-21	8.59	8.35	8.35	8.35	0
752	2019-11-22	8.59	8.59	8.59	8.59	0
753	2019-11-25	8.59	8.35	8.35	8.35	0
754	2019-11-26	8.59	8.35	8.35	8.35	0
755	2019-11-27	8.59	8.35	8.35	8.35	0
756	2019-11-28	8.59	8.35	8.35	8.35	0
757	2019-11-29	8.59	8.35	8.35	8.35	0
758	2019-12-02	8.59	8.59	8.59	8.59	0
759	2019-12-03	8.59	8.35	8.35	8.35	0
760	2019-12-04	8.59	8.35	8.35	8.35	0
761	2019-12-05	8.59	8.35	8.35	8.35	0
762	2019-12-06	9.61	9.61	8.67	9.3	400
763	2019-12-09	9.06	9.3	9.3	9.3	0
764	2019-12-10	9.06	9.3	9.3	9.3	0
765	2019-12-11	9.06	9.3	9.3	9.3	0
766	2019-12-12	9.06	9.3	9.3	9.3	0
767	2019-12-13	9.06	9.3	9.3	9.3	0
768	2019-12-16	9.06	9.3	9.3	9.3	0
769	2019-12-17	9.06	9.3	9.3	9.3	0
770	2019-12-18	9.06	9.3	9.3	9.3	0
771	2019-12-19	9.14	9.14	9.14	9.14	100
772	2019-12-20	9.14	9.14	9.14	9.14	0
773	2019-12-23	9.14	9.14	9.14	9.14	0
774	2019-12-24	9.14	9.14	9.14	9.14	0
775	2019-12-25	9.14	9.14	9.14	9.14	0
776	2019-12-26	10.48	10.48	9.38	9.38	400
777	2019-12-27	9.69	9.38	9.38	9.38	0
778	2019-12-30	9.69	9.38	9.38	9.38	0
779	2019-12-31	9.69	9.38	9.38	9.38	0
780	2020-01-02	9.69	9.38	9.38	9.38	0
781	2020-01-03	9.69	9.38	9.38	9.38	0
782	2020-01-06	9.69	9.38	9.38	9.38	0
783	2020-01-07	9.69	9.38	9.38	9.38	0
784	2020-01-08	9.69	9.38	9.38	9.38	0
785	2020-01-09	9.69	9.38	9.38	9.38	0
786	2020-01-10	9.69	9.38	9.38	9.38	0
787	2020-01-13	9.69	9.38	9.38	9.38	0
788	2020-01-14	9.69	9.38	9.38	9.38	0
789	2020-01-15	9.69	9.38	9.38	9.38	0
790	2020-01-16	9.69	9.38	9.38	9.38	0
791	2020-01-17	9.69	9.38	9.38	9.38	0
792	2020-01-20	9.69	9.38	9.38	9.38	0
793	2020-01-21	9.69	9.38	9.38	9.38	0
794	2020-01-22	9.69	9.38	9.38	9.38	0
795	2020-01-30	9.69	9.38	9.38	9.38	0
796	2020-01-31	9.69	9.38	9.38	9.38	0
797	2020-02-03	9.69	9.38	9.38	9.38	0
798	2020-02-04	9.69	9.38	9.38	9.38	0
799	2020-02-05	9.77	9.77	9.77	9.77	200
800	2020-02-06	9.77	9.77	9.77	9.77	0
801	2020-02-07	9.77	9.77	9.77	9.77	0
802	2020-02-10	9.77	9.77	9.77	9.77	0
803	2020-02-11	9.77	9.77	9.77	9.77	0
804	2020-02-12	9.77	9.77	9.77	9.77	100
805	2020-02-13	9.77	9.77	9.77	9.77	0
806	2020-02-14	9.77	9.77	9.77	9.77	0
807	2020-02-17	9.77	9.77	9.77	9.77	0
808	2020-02-18	9.77	9.77	9.77	9.77	0
809	2020-02-19	9.77	9.77	9.77	9.77	0
810	2020-02-20	9.77	9.77	9.77	9.77	0
811	2020-02-21	9.77	9.77	9.77	9.77	0
812	2020-02-24	9.77	9.77	9.77	9.77	0
813	2020-02-25	9.77	9.77	9.77	9.77	0
814	2020-02-26	9.77	9.77	9.77	9.77	0
815	2020-02-27	9.77	9.77	9.77	9.77	0
816	2020-02-28	9.77	9.77	9.77	9.77	0
817	2020-03-02	9.77	9.77	9.77	9.77	0
818	2020-03-03	9.77	9.77	9.77	9.77	0
819	2020-03-04	9.77	9.77	9.77	9.77	0
820	2020-03-05	9.77	9.77	9.77	9.77	0
821	2020-03-06	9.77	9.77	9.77	9.77	0
822	2020-03-09	9.77	9.77	9.77	9.77	0
823	2020-03-10	9.77	9.77	9.77	9.77	0
824	2020-03-11	9.85	9.85	8.35	8.35	500
825	2020-03-12	8.67	8.35	8.35	8.35	0
826	2020-03-13	8.67	8.35	8.35	8.35	0
827	2020-03-16	8.67	8.35	8.35	8.35	0
828	2020-03-17	8.67	8.35	8.35	8.35	0
829	2020-03-18	8.67	8.35	8.35	8.35	0
830	2020-03-19	8.67	8.35	8.35	8.35	0
831	2020-03-20	8.67	8.35	8.35	8.35	0
832	2020-03-23	8.67	8.35	8.35	8.35	0
833	2020-03-24	8.67	8.35	8.35	8.35	0
834	2020-03-25	8.67	8.35	8.35	8.35	0
835	2020-03-26	8.67	8.35	8.35	8.35	0
836	2020-03-27	8.67	8.35	8.35	8.35	0
837	2020-03-30	8.67	8.35	8.35	8.35	0
838	2020-03-31	8.67	8.35	8.35	8.35	0
839	2020-04-01	8.67	8.35	8.35	8.35	0
840	2020-04-03	8.67	8.35	8.35	8.35	0
841	2020-04-06	8.67	8.35	8.35	8.35	0
842	2020-04-07	8.67	8.35	8.35	8.35	0
843	2020-04-08	8.67	8.35	8.35	8.35	0
844	2020-04-09	8.67	8.35	8.35	8.35	0
845	2020-04-10	8.67	8.35	8.35	8.35	0
846	2020-04-13	8.67	8.35	8.35	8.35	0
847	2020-04-14	8.67	8.35	8.35	8.35	0
848	2020-04-15	8.67	8.35	8.35	8.35	0
849	2020-04-16	8.67	8.35	8.35	8.35	0
850	2020-04-17	9.85	9.85	9.85	9.85	8400
851	2020-04-20	9.38	9.38	9.38	9.38	100
852	2020-04-21	9.38	9.38	9.38	9.38	0
853	2020-04-22	9.46	9.46	9.46	9.46	8600
854	2020-04-23	9.46	9.46	9.46	9.46	0
855	2020-04-24	9.46	9.46	9.46	9.46	0
856	2020-04-27	8.67	8.67	8.67	8.67	100
857	2020-04-28	8.67	8.67	8.67	8.67	0
858	2020-04-29	8.67	8.67	8.67	8.67	0
859	2020-05-04	8.67	8.67	8.67	8.67	0
860	2020-05-05	8.67	8.67	8.67	8.67	0
861	2020-05-06	8.67	8.67	8.67	8.67	0
862	2020-05-07	8.67	8.67	8.67	8.67	0
863	2020-05-08	8.67	8.67	8.67	8.67	0
864	2020-05-11	8.67	8.67	8.67	8.67	0
865	2020-05-12	9.93	9.93	9.93	9.93	100
866	2020-05-13	9.93	9.93	9.93	9.93	0
867	2020-05-14	8.75	8.75	8.75	8.75	100
868	2020-05-15	8.75	8.75	8.75	8.75	0
869	2020-05-18	8.75	8.75	8.75	8.75	0
870	2020-05-19	8.75	8.75	8.75	8.75	0
871	2020-05-20	8.75	8.75	8.75	8.75	0
872	2020-05-21	8.75	8.75	8.75	8.75	0
873	2020-05-22	8.75	8.75	8.75	8.75	0
874	2020-05-25	8.75	8.75	8.75	8.75	0
875	2020-05-26	8.75	8.75	8.75	8.75	0
876	2020-05-27	10.01	10.01	10.01	10.01	100
877	2020-05-28	9.53	9.53	9.53	9.53	100
878	2020-05-29	10.64	10.95	9.69	9.69	5700
879	2020-06-01	9.69	9.69	9.69	9.69	100
880	2020-06-02	9.69	9.69	9.69	9.69	0
881	2020-06-03	9.69	9.69	9.69	9.69	0
882	2020-06-04	9.69	9.69	9.69	9.69	0
883	2020-06-05	9.61	9.61	8.67	8.67	200
884	2020-06-08	10.48	10.48	10.48	10.48	4000
885	2020-06-09	9.53	9.53	9.53	9.53	100
886	2020-06-10	10.4	10.4	10.4	10.4	3000
887	2020-06-11	9.53	9.53	9.53	9.53	100
888	2020-06-12	9.53	9.53	9.53	9.53	0
889	2020-06-15	10.48	10.95	10.48	10.48	8100
890	2020-06-16	11.63	11.63	9.71	9.71	500
891	2020-06-17	10.13	10.13	10.13	10.13	100
892	2020-06-18	10.46	10.46	10.46	10.46	100
893	2020-06-19	10.46	10.46	10.46	10.46	0
894	2020-06-22	10.46	10.46	10.46	10.46	0
895	2020-06-23	10.46	10.46	10.46	10.46	0
896	2020-06-24	10.13	10.13	10.13	10.13	100
897	2020-06-25	10.04	10.04	9.21	9.21	2500
898	2020-06-26	9.21	9.21	9.21	9.21	0
899	2020-06-29	9.21	9.21	9.21	9.21	0
900	2020-06-30	9.21	9.21	9.21	9.21	0
901	2020-07-01	10.46	10.46	10.46	10.46	1000
902	2020-07-02	10.46	10.46	10.46	10.46	1000
903	2020-07-03	10.46	10.46	10.46	10.46	0
904	2020-07-06	10.46	10.46	10.46	10.46	0
905	2020-07-07	10.04	10.04	10.04	10.04	400
906	2020-07-08	10.04	10.04	10.04	10.04	0
907	2020-07-09	10.04	10.04	10.04	10.04	0
908	2020-07-10	10.04	10.04	10.04	10.04	0
909	2020-07-13	10.04	10.04	10.04	10.04	0
910	2020-07-14	9.71	9.71	9.71	9.71	100
911	2020-07-15	11.13	11.13	10.55	10.55	1100
912	2020-07-16	10.13	10.13	10.13	10.13	100
913	2020-07-17	10.13	10.13	10.13	10.13	0
914	2020-07-20	10.13	10.13	10.13	10.13	0
915	2020-07-21	10.13	10.13	10.13	10.13	0
916	2020-07-22	10.13	10.13	10.13	10.13	0
917	2020-07-23	10.13	10.13	10.13	10.13	0
918	2020-07-24	10.13	10.13	10.13	10.13	0
919	2020-07-27	10.8	10.8	10.8	10.8	100
920	2020-07-28	10.8	10.8	10.8	10.8	0
921	2020-07-29	10.13	10.13	10.13	10.13	100
922	2020-07-30	11.05	11.3	11.05	11.3	3700
923	2020-07-31	11.3	11.3	11.3	11.3	2700
924	2020-08-03	11.3	11.3	10.46	10.46	5600
925	2020-08-04	10.13	10.13	10.13	10.13	100
926	2020-08-05	10.13	10.13	10.13	10.13	0
927	2020-08-06	10.13	10.13	10.13	10.13	0
928	2020-08-07	10.13	10.13	10.13	10.13	0
929	2020-08-10	10.13	10.13	10.13	10.13	0
930	2020-08-11	10.13	10.13	10.13	10.13	0
931	2020-08-12	10.13	10.13	10.13	10.13	0
932	2020-08-13	10.13	10.13	10.13	10.13	0
933	2020-08-14	10.46	10.46	10.46	10.46	21000
934	2020-08-17	10.46	10.46	10.46	10.46	0
935	2020-08-18	10.46	10.46	10.46	10.46	0
936	2020-08-19	10.46	10.46	10.46	10.46	0
937	2020-08-20	10.46	10.46	10.46	10.46	0
938	2020-08-21	10.46	10.46	10.46	10.46	0
939	2020-08-24	10.46	10.46	10.46	10.46	0
940	2020-08-25	10.46	10.46	10.46	10.46	0
941	2020-08-26	10.46	10.46	10.46	10.46	0
942	2020-08-27	10.46	10.46	10.46	10.46	0
943	2020-08-28	10.46	10.46	10.46	10.46	0
944	2020-08-31	10.46	10.46	10.46	10.46	0
945	2020-09-01	10.46	10.46	10.46	10.46	0
946	2020-09-03	10.46	10.46	10.46	10.46	0
947	2020-09-04	9.21	9.21	9.21	9.21	200
948	2020-09-07	9.21	9.21	9.21	9.21	0
949	2020-09-08	9.21	9.21	9.21	9.21	0
950	2020-09-09	9.21	9.21	9.21	9.21	0
951	2020-09-10	9.21	9.21	9.21	9.21	0
952	2020-09-11	9.21	9.21	9.21	9.21	0
953	2020-09-14	9.21	9.21	9.21	9.21	0
954	2020-09-15	9.21	9.21	9.21	9.21	0
955	2020-09-16	9.21	9.21	9.21	9.21	0
956	2020-09-17	9.21	9.21	9.21	9.21	0
957	2020-09-18	9.21	9.21	9.21	9.21	0
958	2020-09-21	9.21	9.21	9.21	9.21	0
959	2020-09-22	9.21	9.21	9.21	9.21	0
960	2020-09-23	9.21	9.21	9.21	9.21	0
961	2020-09-24	10.55	10.55	10.55	10.55	3000
962	2020-09-25	10.55	10.55	10.55	10.55	0
963	2020-09-28	10.55	10.55	10.55	10.55	0
964	2020-09-29	10.55	10.55	10.55	10.55	0
965	2020-09-30	12.05	12.05	11.3	12.05	300
966	2020-10-01	13.56	13.56	10.88	11.3	2900
967	2020-10-02	12.64	12.64	11.13	11.13	2100
968	2020-10-05	12.89	12.89	11.63	11.72	3100
969	2020-10-06	10.71	13.48	10.71	11.72	2300
970	2020-10-07	13.56	13.56	13.56	13.56	100
971	2020-10-08	11.88	11.88	11.88	11.88	15800
972	2020-10-09	10.55	10.55	10.55	10.55	100
973	2020-10-12	10.55	10.55	10.55	10.55	0
974	2020-10-13	10.55	10.55	10.55	10.55	0
975	2020-10-14	12.05	12.05	11.3	11.3	1100
976	2020-10-15	12.05	12.05	10.29	10.29	700
977	2020-10-16	12.3	12.3	12.3	12.3	21300
978	2020-10-19	11.72	11.72	11.3	11.3	500
979	2020-10-20	10.04	10.04	10.04	10.04	100
980	2020-10-21	10.04	10.04	10.04	10.04	0
981	2020-10-22	10.04	10.04	10.04	10.04	0
982	2020-10-23	10.04	10.04	10.04	10.04	0
983	2020-10-26	10.04	10.04	10.04	10.04	0
984	2020-10-27	10.04	10.04	10.04	10.04	0
985	2020-10-28	11.55	11.55	11.55	11.55	100
986	2020-10-29	10.04	10.04	10.04	10.04	100
987	2020-10-30	10.04	10.04	10.04	10.04	0
988	2020-11-02	10.04	10.04	10.04	10.04	0
989	2020-11-03	10.04	10.04	10.04	10.04	0
990	2020-11-04	8.79	8.79	8.79	8.79	100
991	2020-11-05	8.79	8.79	8.79	8.79	0
992	2020-11-06	8.79	8.79	8.79	8.79	0
993	2020-11-09	8.79	8.79	8.79	8.79	0
994	2020-11-10	8.79	8.79	8.79	8.79	0
995	2020-11-11	8.79	8.79	8.79	8.79	0
996	2020-11-12	8.79	8.79	8.79	8.79	0
997	2020-11-13	8.79	8.79	8.79	8.79	0
998	2020-11-16	8.79	8.79	8.79	8.79	0
999	2020-11-17	8.79	8.79	8.79	8.79	0
1000	2020-11-18	8.79	8.79	8.79	8.79	0
1001	2020-11-19	8.79	8.79	8.79	8.79	0
1002	2020-11-20	8.79	8.79	8.79	8.79	0
1003	2020-11-23	8.79	8.79	8.79	8.79	0
1004	2020-11-24	8.79	8.79	8.79	8.79	0
1005	2020-11-25	8.79	8.79	8.79	8.79	0
1006	2020-11-26	8.79	8.79	8.79	8.79	0
1007	2020-11-27	8.79	8.79	8.79	8.79	0
1008	2020-11-30	8.79	8.79	8.79	8.79	0
1009	2020-12-01	8.79	8.79	8.79	8.79	0
1010	2020-12-02	8.79	8.79	8.79	8.79	0
1011	2020-12-03	10.04	10.04	10.04	10.04	100
1012	2020-12-04	10.04	10.04	10.04	10.04	0
1013	2020-12-07	10.04	10.04	10.04	10.04	0
1014	2020-12-08	10.04	10.04	10.04	10.04	0
1015	2020-12-09	10.04	10.04	10.04	10.04	0
1016	2020-12-10	11.55	11.55	11.55	11.55	100
1017	2020-12-11	12.3	12.3	12.3	12.3	12600
1018	2020-12-14	12.3	12.3	12.3	12.3	200
1019	2020-12-15	12.3	12.3	12.3	12.3	0
1020	2020-12-16	12.3	12.3	12.3	12.3	0
1021	2020-12-17	12.3	12.3	12.3	12.3	0
1022	2020-12-18	11.05	11.05	11.05	11.05	100
1023	2020-12-21	11.05	11.05	11.05	11.05	0
1024	2020-12-22	11.05	11.05	11.05	11.05	0
1025	2020-12-23	11.05	11.05	11.05	11.05	0
1026	2020-12-24	11.05	11.05	11.05	11.05	0
1027	2020-12-25	11.05	11.05	11.05	11.05	0
1028	2020-12-28	11.05	11.05	11.05	11.05	0
1029	2020-12-29	11.05	11.05	11.05	11.05	0
1030	2020-12-30	11.05	11.05	11.05	11.05	0
1031	2020-12-31	11.05	11.05	11.05	11.05	0
1032	2021-01-04	11.05	11.05	11.05	11.05	0
1033	2021-01-05	11.05	11.05	11.05	11.05	0
1034	2021-01-06	10.13	10.13	10.13	10.13	100
1035	2021-01-07	10.13	10.13	10.13	10.13	0
1036	2021-01-08	10.13	10.13	10.13	10.13	0
1037	2021-01-11	10.13	10.13	10.13	10.13	0
1038	2021-01-12	10.13	10.13	10.13	10.13	0
1039	2021-01-13	10.13	10.13	10.13	10.13	0
1040	2021-01-14	10.13	10.13	10.13	10.13	0
1041	2021-01-15	10.13	10.13	10.13	10.13	0
1042	2021-01-18	10.13	10.13	10.13	10.13	0
1043	2021-01-19	10.13	10.13	10.13	10.13	0
1044	2021-01-20	10.13	10.13	10.13	10.13	0
1045	2021-01-21	10.13	10.13	10.13	10.13	0
1046	2021-01-22	10.13	10.13	10.13	10.13	0
1047	2021-01-25	10.13	10.13	10.13	10.13	0
1048	2021-01-26	10.13	10.13	10.13	10.13	0
1049	2021-01-27	10.13	10.13	10.13	10.13	0
1050	2021-01-28	10.13	10.13	10.13	10.13	0
1051	2021-01-29	10.13	10.13	10.13	10.13	0
1052	2021-02-01	10.13	10.13	10.13	10.13	0
1053	2021-02-02	10.13	10.13	10.13	10.13	0
1054	2021-02-03	10.13	10.13	10.13	10.13	0
1055	2021-02-04	10.13	10.13	10.13	10.13	0
1056	2021-02-05	10.13	10.13	10.13	10.13	0
1057	2021-02-08	10.13	10.13	10.13	10.13	0
1058	2021-02-09	10.13	10.13	10.13	10.13	0
1059	2021-02-17	11.63	11.63	11.63	11.63	100
1060	2021-02-18	13.31	13.31	13.31	13.31	100
1061	2021-02-19	12.55	12.55	12.55	12.55	20000
1062	2021-02-22	11.8	11.8	11.8	11.8	100
1063	2021-02-23	11.8	11.8	11.8	11.8	0
1064	2021-02-24	11.8	11.8	11.8	11.8	0
1065	2021-02-25	11.8	11.8	11.8	11.8	0
1066	2021-02-26	11.8	11.8	11.8	11.8	0
1067	2021-03-01	11.8	11.8	11.8	11.8	0
1068	2021-03-02	11.8	11.8	11.8	11.8	0
1069	2021-03-03	11.8	11.8	11.8	11.8	0
1070	2021-03-04	11.8	11.8	11.8	11.8	0
1071	2021-03-05	13.56	13.56	13.56	13.56	100
1072	2021-03-08	12.22	12.22	12.22	12.22	100
1073	2021-03-09	12.22	12.22	12.22	12.22	0
1074	2021-03-10	12.22	12.22	12.22	12.22	0
1075	2021-03-11	12.55	12.55	10.46	10.46	1600
1076	2021-03-12	10.88	10.46	10.46	10.46	0
1077	2021-03-15	10.88	10.46	10.46	10.46	0
1078	2021-03-16	10.88	10.46	10.46	10.46	0
1079	2021-03-17	10.88	10.46	10.46	10.46	0
1080	2021-03-18	10.88	10.46	10.46	10.46	0
1081	2021-03-19	10.88	10.46	10.46	10.46	0
1082	2021-03-22	10.88	10.46	10.46	10.46	0
1083	2021-03-23	10.88	10.46	10.46	10.46	0
1084	2021-03-24	10.88	10.46	10.46	10.46	0
1085	2021-03-25	10.88	10.46	10.46	10.46	0
1086	2021-03-26	10.88	10.46	10.46	10.46	0
1087	2021-03-29	10.88	10.46	10.46	10.46	0
1088	2021-03-30	10.88	10.46	10.46	10.46	0
1089	2021-03-31	10.88	10.46	10.46	10.46	0
1090	2021-04-01	10.88	10.46	10.46	10.46	0
1091	2021-04-02	10.88	10.46	10.46	10.46	0
1092	2021-04-05	10.88	10.46	10.46	10.46	0
1093	2021-04-06	12.47	12.47	12.47	12.47	200
1094	2021-04-07	12.47	12.47	12.47	12.47	0
1095	2021-04-08	10.71	10.71	10.71	10.71	100
1096	2021-04-09	10.71	10.71	10.71	10.71	0
1097	2021-04-12	10.71	10.71	10.71	10.71	0
1098	2021-04-13	10.71	10.71	10.71	10.71	0
1099	2021-04-14	10.71	10.71	10.71	10.71	0
1100	2021-04-15	10.71	10.71	10.71	10.71	0
1101	2021-04-16	10.71	10.71	10.71	10.71	0
1102	2021-04-19	10.71	10.71	10.71	10.71	0
1103	2021-04-20	10.71	10.71	10.71	10.71	0
1104	2021-04-22	10.71	10.71	10.71	10.71	0
1105	2021-04-23	10.71	10.71	10.71	10.71	0
1106	2021-04-26	10.71	10.71	10.71	10.71	0
1107	2021-04-27	10.71	10.71	10.71	10.71	0
1108	2021-04-28	10.71	10.71	10.71	10.71	0
1109	2021-04-29	10.71	10.71	10.71	10.71	0
1110	2021-05-04	10.71	10.71	10.71	10.71	0
1111	2021-05-05	12.3	12.3	12.3	12.3	100
1112	2021-05-06	12.3	12.3	12.3	12.3	0
1113	2021-05-07	12.55	12.64	12.55	12.64	6100
1114	2021-05-10	14.4	14.4	14.4	14.4	400
1115	2021-05-11	14.4	14.4	14.4	14.4	0
1116	2021-05-12	15.8	15.8	14.92	14.92	8500
1117	2021-05-13	13.43	13.43	13.43	13.43	100
1118	2021-05-14	13.43	13.43	13.43	13.43	0
1119	2021-05-17	11.67	13.25	11.67	13.25	600
1120	2021-05-18	11.32	14.92	11.32	14.92	2000
1121	2021-05-19	11.5	14.92	14.92	14.92	0
1122	2021-05-20	13.17	13.17	13.17	13.17	500
1123	2021-05-21	13.17	13.17	13.17	13.17	20000
1124	2021-05-24	13.17	13.17	13.17	13.17	0
1125	2021-05-25	13.17	13.17	13.17	13.17	0
1126	2021-05-26	13.17	13.17	13.17	13.17	0
1127	2021-05-27	13.61	13.61	13.61	13.61	100
1128	2021-05-28	13.61	13.61	13.61	13.61	0
1129	2021-05-31	14.48	14.48	14.48	14.48	400
1130	2021-06-01	14.48	14.48	14.48	14.48	0
1131	2021-06-02	14.48	14.48	14.48	14.48	0
1132	2021-06-03	13.25	13.25	13.25	13.25	100
1133	2021-06-04	13.25	13.25	13.25	13.25	100
1134	2021-06-07	13.25	13.25	13.25	13.25	0
1135	2021-06-08	13.25	13.25	13.25	13.25	200
1136	2021-06-09	13.17	13.17	13.17	13.17	9000
1137	2021-06-10	13.17	13.17	13.17	13.17	0
1138	2021-06-11	13.17	13.17	13.17	13.17	0
1139	2021-06-14	15.01	15.01	15.01	15.01	500
1140	2021-06-15	17.12	17.12	15.27	15.27	2000
1141	2021-06-16	17.99	17.99	13.52	17.56	2900
1142	2021-06-17	14.13	17.47	14.04	16.59	5000
1143	2021-06-18	17.03	17.03	17.03	17.03	500
1144	2021-06-21	14.48	17.03	14.48	14.48	4400
1145	2021-06-22	16.5	16.5	14.66	14.66	800
1146	2021-06-23	16.33	16.33	14.92	14.92	1200
1147	2021-06-24	13.25	13.25	13.25	13.25	100
1148	2021-06-25	13.25	13.34	13.25	13.34	1000
1149	2021-06-28	13.34	13.34	13.34	13.34	100
1150	2021-06-29	14.31	14.31	14.31	14.31	100
1151	2021-06-30	14.31	14.31	14.31	14.31	0
1152	2021-07-01	14.04	14.04	13.96	14.04	1000
1153	2021-07-02	14.4	14.4	13.78	13.87	5500
1154	2021-07-05	13.87	13.87	13.25	13.25	4100
1155	2021-07-06	13.17	13.17	13.17	13.17	500
1156	2021-07-07	13.17	13.17	13.17	13.17	0
1157	2021-07-08	14.48	14.48	14.04	14.04	400
1158	2021-07-09	14.31	14.04	14.04	14.04	0
1159	2021-07-12	12.29	12.29	12.29	12.29	100
1160	2021-07-13	10.62	13.87	10.62	13.87	8100
1161	2021-07-14	11.94	11.94	11.94	11.94	100
1162	2021-07-15	13.61	13.69	13.61	13.69	10500
1163	2021-07-16	13.69	13.69	13.69	13.69	0
1164	2021-07-19	13.69	13.69	13.69	13.69	0
1165	2021-07-20	13.69	13.69	13.69	13.69	0
1166	2021-07-21	13.69	13.69	13.69	13.69	0
1167	2021-07-22	11.76	11.76	11.76	11.76	100
1168	2021-07-23	11.76	11.76	11.76	11.76	0
1169	2021-07-26	13.17	13.17	13.17	13.17	2500
1170	2021-07-27	13.17	13.17	13.17	13.17	0
1171	2021-07-28	13.17	13.17	13.17	13.17	0
1172	2021-07-29	13.17	13.17	13.17	13.17	0
1173	2021-07-30	13.17	13.17	13.17	13.17	0
1174	2021-08-02	13.17	13.17	13.17	13.17	0
1175	2021-08-03	15.01	15.01	15.01	15.01	100
1176	2021-08-04	14.04	14.04	14.04	14.04	100
1177	2021-08-05	14.04	14.04	14.04	14.04	0
1178	2021-08-06	16.06	16.06	13.17	15.8	6400
1179	2021-08-09	15.62	15.62	14.04	15.62	3200
1180	2021-08-10	16.24	16.24	16.24	16.24	100
1181	2021-08-11	18.52	18.52	16.24	16.24	200
1182	2021-08-12	14.83	15.71	14.83	14.83	7312
1183	2021-08-13	16.33	16.59	16.33	16.59	200
1184	2021-08-16	14.31	16.41	14.31	16.41	3000
1185	2021-08-17	14.92	14.92	14.92	14.92	100
1186	2021-08-18	16.15	16.15	14.92	14.92	200
1187	2021-08-19	14.04	14.48	14.04	14.48	7000
1188	2021-08-20	16.5	16.5	16.24	16.24	2008
1189	2021-08-23	15.36	15.36	14.48	14.48	1700
1190	2021-08-24	14.75	14.48	14.48	14.48	0
1191	2021-08-25	14.75	14.48	14.48	14.48	0
1192	2021-08-26	15.89	15.89	14.92	14.92	1200
1193	2021-08-27	14.92	14.92	14.13	14.13	5000
1194	2021-08-30	14.31	14.31	14.31	14.31	0
1195	2021-08-31	14.31	14.48	14.31	14.4	1800
1196	2021-09-01	14.04	14.04	14.04	14.04	480
1197	2021-09-06	14.04	14.75	14.04	14.75	1500
1198	2021-09-07	15.8	15.8	14.66	14.66	4500
1199	2021-09-08	15.54	15.54	15.54	15.54	0
1200	2021-09-09	15.54	15.54	15.54	15.54	0
1201	2021-09-10	14.48	14.48	14.48	14.48	3500
1202	2021-09-13	14.4	14.4	14.4	14.4	900
1203	2021-09-14	14.4	14.4	14.4	14.4	1000
1204	2021-09-15	14.4	14.4	14.04	14.04	5000
1205	2021-09-16	14.4	14.4	14.4	14.4	910
1206	2021-09-17	15.54	15.54	15.54	15.54	200
1207	2021-09-20	14.04	14.04	14.04	14.04	531
1208	2021-09-21	14.4	14.4	14.4	14.4	200
1209	2021-09-22	14.22	14.22	14.22	14.22	100
1210	2021-09-23	14.22	14.22	14.22	14.22	0
1211	2021-09-24	14.22	14.22	14.22	14.22	0
1212	2021-09-27	14.22	14.22	14.22	14.22	800
1213	2021-09-28	14.04	14.04	14.04	14.04	500
1214	2021-09-29	14.04	14.04	14.04	14.04	0
1215	2021-09-30	14.22	14.22	14.22	14.22	100
1216	2021-10-01	14.22	14.22	14.22	14.22	0
1217	2021-10-04	12.38	12.38	12.38	12.38	100
1218	2021-10-05	14.22	14.22	14.22	14.22	1800
1219	2021-10-06	14.22	14.22	14.22	14.22	0
1220	2021-10-07	14.22	14.22	14.22	14.22	100
1221	2021-10-08	14.75	14.75	14.75	14.75	1200
1222	2021-10-11	14.92	14.92	14.92	14.92	1300
1223	2021-10-12	14.92	14.92	14.92	14.92	0
1224	2021-10-13	14.92	14.92	14.92	14.92	0
1225	2021-10-14	14.92	14.92	14.92	14.92	0
1226	2021-10-15	14.92	14.92	14.92	14.92	0
1227	2021-10-18	14.92	14.92	14.92	14.92	900
1228	2021-10-19	14.92	14.92	14.92	14.92	0
1229	2021-10-20	14.92	14.92	14.92	14.92	2601
1230	2021-10-21	14.92	14.92	14.92	14.92	0
1231	2021-10-22	14.92	14.92	14.92	14.92	2500
1232	2021-10-25	14.92	14.92	14.92	14.92	0
1233	2021-10-26	14.92	14.92	14.92	14.92	0
1234	2021-10-27	14.92	14.92	14.92	14.92	0
1235	2021-10-28	12.82	12.82	12.82	12.82	100
1236	2021-10-29	12.82	12.82	12.82	12.82	0
1237	2021-11-01	14.66	14.66	14.66	14.66	101
1238	2021-11-02	14.66	14.66	14.66	14.66	0
1239	2021-11-03	14.66	14.66	14.66	14.66	500
1240	2021-11-04	14.66	14.66	14.66	14.66	0
1241	2021-11-05	14.66	14.66	14.66	14.66	201
1242	2021-11-08	14.66	14.66	14.66	14.66	0
1243	2021-11-09	14.92	14.92	14.92	14.92	3010
1244	2021-11-10	14.92	14.92	14.92	14.92	0
1245	2021-11-11	14.92	14.92	14.92	14.92	0
1246	2021-11-12	14.92	14.92	14.92	14.92	500
1247	2021-11-15	14.92	15.36	14.92	15.36	1300
1248	2021-11-16	14.66	14.66	14.66	14.66	1000
1249	2021-11-17	15.36	15.36	15.36	15.36	500
1250	2021-11-18	14.57	15.62	14.57	15.62	2100
1251	2021-11-19	14.66	14.66	14.66	14.66	0
1252	2021-11-22	14.66	14.66	14.66	14.66	0
1253	2021-11-23	14.66	14.66	14.66	14.66	0
1254	2021-11-24	14.66	14.66	14.66	14.66	0
1255	2021-11-25	14.92	15.8	12.64	15.8	5000
1256	2021-11-26	15.8	15.8	15.8	15.8	500
1257	2021-11-29	15.8	15.8	15.8	15.8	700
1258	2021-11-30	13.87	13.87	13.87	13.87	100
1259	2021-12-01	14.75	14.92	14.75	14.92	1000
1260	2021-12-02	14.83	14.83	14.83	14.83	0
1261	2021-12-03	15.8	15.8	15.8	15.8	2000
1262	2021-12-06	15.8	15.8	15.8	15.8	0
1263	2021-12-07	15.8	15.8	14.92	15.8	4500
1264	2021-12-08	15.8	15.8	15.8	15.8	2302
1265	2021-12-09	15.8	15.8	15.8	15.8	500
1266	2021-12-10	15.36	15.8	15.36	15.8	2500
1267	2021-12-13	15.8	15.8	15.8	15.8	501
1268	2021-12-14	15.8	15.8	15.8	15.8	1
1269	2021-12-15	15.8	15.8	15.8	15.8	500
1270	2021-12-16	15.8	15.8	15.8	15.8	0
1271	2021-12-17	15.8	15.8	15.8	15.8	0
1272	2021-12-20	15.8	15.8	15.8	15.8	0
1273	2021-12-21	15.8	15.8	15.8	15.8	400
1274	2021-12-22	15.8	15.8	15.45	15.45	3203
1275	2021-12-23	15.45	15.45	15.45	15.45	0
1276	2021-12-24	15.45	15.45	15.45	15.45	100
1277	2021-12-27	15.8	16.24	15.71	15.8	5500
1278	2021-12-28	16.15	16.15	16.15	16.15	0
1279	2021-12-29	16.15	16.15	16.15	16.15	4000
1280	2021-12-30	16.15	16.15	16.15	16.15	0
1281	2021-12-31	16.15	16.15	16.15	16.15	0
1282	2022-01-04	16.15	16.15	16.15	16.15	1141
1283	2022-01-05	16.15	16.15	16.15	16.15	1115
1284	2022-01-06	16.15	16.15	16.15	16.15	0
1285	2022-01-07	16.24	16.24	16.15	16.15	1600
1286	2022-01-10	16.24	16.24	16.24	16.24	3500
1287	2022-01-11	15.8	15.8	15.8	15.8	10500
1288	2022-01-12	15.8	15.8	15.8	15.8	0
1289	2022-01-13	15.8	15.8	15.8	15.8	0
1290	2022-01-14	15.8	15.8	15.8	15.8	0
1291	2022-01-17	15.8	15.8	15.8	15.8	0
1292	2022-01-18	15.8	15.8	15.8	15.8	0
1293	2022-01-19	15.8	15.8	15.8	15.8	0
1294	2022-01-20	15.8	15.8	15.8	15.8	0
1295	2022-01-21	15.8	15.8	15.8	15.8	0
1296	2022-01-24	15.36	15.36	15.36	15.36	100
1297	2022-01-25	15.36	15.36	15.36	15.36	0
1298	2022-01-26	15.36	15.36	15.36	15.36	0
1299	2022-01-27	15.36	15.36	15.36	15.36	0
1300	2022-01-28	15.36	15.36	15.36	15.36	0
1301	2022-02-07	15.36	15.36	15.36	15.36	0
1302	2022-02-08	15.36	15.36	15.36	15.36	0
1303	2022-02-09	15.36	15.36	15.36	15.36	0
1304	2022-02-10	15.36	15.36	15.36	15.36	2100
1305	2022-02-11	15.36	15.36	15.36	15.36	0
1306	2022-02-14	15.36	15.36	15.36	15.36	0
1307	2022-02-15	16.24	16.24	16.24	16.24	1500
1308	2022-02-16	16.24	16.24	16.24	16.24	0
1309	2022-02-17	15.8	15.8	15.8	15.8	500
1310	2022-02-18	15.8	15.8	15.8	15.8	0
1311	2022-02-21	16.24	16.24	15.8	15.8	1800
1312	2022-02-22	15.8	15.8	15.8	15.8	1500
1313	2022-02-23	16.24	17.38	16.24	17.38	16100
1314	2022-02-24	16.77	16.77	16.77	16.77	0
1315	2022-02-25	16.77	16.77	16.77	16.77	0
1316	2022-02-28	16.77	16.77	16.77	16.77	0
1317	2022-03-01	16.77	16.77	16.77	16.77	0
1318	2022-03-02	16.77	16.77	16.77	16.77	100
1319	2022-03-03	14.48	14.48	14.48	14.48	100
1320	2022-03-04	16.59	16.59	16.59	16.59	100
1321	2022-03-07	16.59	16.59	16.59	16.59	0
1322	2022-03-08	16.59	16.59	16.59	16.59	0
1323	2022-03-09	16.59	16.59	16.59	16.59	0
1324	2022-03-10	16.59	16.59	16.59	16.59	0
1325	2022-03-11	16.59	16.59	16.59	16.59	0
1326	2022-03-14	16.59	16.59	16.59	16.59	0
1327	2022-03-15	16.59	16.59	16.59	16.59	0
1328	2022-03-16	16.59	16.59	16.59	16.59	0
1329	2022-03-17	16.59	16.59	16.59	16.59	1000
1330	2022-03-18	16.59	16.59	16.59	16.59	0
1331	2022-03-21	16.59	16.59	16.59	16.59	0
1332	2022-03-22	16.68	16.68	16.68	16.68	200
1333	2022-03-23	16.68	16.68	16.68	16.68	0
1334	2022-03-24	16.68	16.68	16.68	16.68	0
1335	2022-03-25	16.68	16.68	16.68	16.68	0
1336	2022-03-28	16.68	16.68	16.68	16.68	100
1337	2022-03-29	15.1	15.1	15.1	15.1	100
1338	2022-03-30	15.1	15.1	15.1	15.1	0
1339	2022-03-31	13.61	13.61	13.61	13.61	100
1340	2022-04-01	15.62	15.62	15.62	15.62	3400
1341	2022-04-04	17.56	17.56	13.78	17.56	700
1342	2022-04-05	14.83	14.83	14.83	14.83	0
1343	2022-04-06	14.83	14.83	14.83	14.83	0
1344	2022-04-07	14.75	14.75	14.75	14.75	400
1345	2022-04-08	14.83	15.36	14.83	15.36	200
1346	2022-04-12	15.89	15.89	15.89	15.89	1000
1347	2022-04-13	15.89	15.89	15.89	15.89	0
1348	2022-04-14	15.89	15.89	15.89	15.89	0
1349	2022-04-15	15.89	15.89	15.89	15.89	0
1350	2022-04-18	15.8	15.8	15.62	15.62	2400
1351	2022-04-19	15.27	15.27	15.19	15.19	2200
1352	2022-04-20	15.19	15.19	14.92	14.92	7201
1353	2022-04-21	15.01	15.01	15.01	15.01	0
1354	2022-04-22	15.36	15.36	15.36	15.36	3500
1355	2022-04-25	17.56	17.56	17.47	17.56	7520
1356	2022-04-26	15.27	15.27	15.27	15.27	100
1357	2022-04-27	15.27	15.27	15.27	15.27	0
1358	2022-04-28	15.27	15.27	15.27	15.27	0
1359	2022-04-29	15.54	15.54	15.54	15.54	1500
1360	2022-05-04	15.54	15.54	15.54	15.54	0
1361	2022-05-05	16.24	16.24	16.24	16.24	100
1362	2022-05-06	16.24	16.24	16.24	16.24	0
1363	2022-05-09	18.52	18.52	15.62	15.62	200
1364	2022-05-10	19.57	19.57	17.12	17.12	700
1365	2022-05-11	18.78	21.33	18.78	20.98	5400
1366	2022-05-12	21.94	21.94	17.2	21.42	400
1367	2022-05-13	22.3	22.3	22.3	22.3	121
1368	2022-05-16	25.43	25.43	25.43	25.43	500
1369	2022-05-17	25.43	25.43	25.43	25.43	0
1370	2022-05-18	21.62	21.62	21.62	21.62	100
1371	2022-05-19	18.53	18.53	18.53	18.53	100
1372	2022-05-20	21.25	21.25	18.16	19.44	500
1373	2022-05-23	19.53	21.98	19.53	21.98	3616
1374	2022-05-24	19.62	19.62	19.62	19.62	0
1375	2022-05-25	21.89	21.89	21.89	21.89	100
1376	2022-05-26	18.62	18.62	18.62	18.62	200
1377	2022-05-27	16.44	16.44	16.44	16.44	1800
1378	2022-05-30	16.44	16.44	16.26	16.26	10000
1379	2022-05-31	18.8	18.8	18.8	18.8	100
1380	2022-06-01	16.35	16.35	16.35	16.35	100
1381	2022-06-02	16.17	16.17	16.08	16.08	5000
1382	2022-06-03	16.17	16.17	16.17	16.17	0
1383	2022-06-06	16.08	16.08	16.08	16.08	100
1384	2022-06-07	16.35	16.35	16.35	16.35	100
1385	2022-06-08	16.35	16.35	16.35	16.35	8100
1386	2022-06-09	16.35	16.35	16.35	16.35	0
1387	2022-06-10	18.8	18.8	18.8	18.8	100
1388	2022-06-13	16.17	16.17	16.08	16.08	10000
1389	2022-06-14	16.08	16.08	16.08	16.08	0
1390	2022-06-15	16.08	16.08	16.08	16.08	0
1391	2022-06-16	16.35	16.35	16.35	16.35	5000
1392	2022-06-17	16.08	16.08	16.08	16.08	5400
1393	2022-06-20	15.71	15.71	15.44	15.44	10300
1394	2022-06-21	13.44	13.44	13.44	13.44	100
1395	2022-06-22	15.44	15.44	11.53	14.17	7300
1396	2022-06-23	14.08	14.08	14.08	14.08	200
1397	2022-06-24	14.08	14.08	14.08	14.08	0
1398	2022-06-27	16.17	16.17	16.17	16.17	1900
1399	2022-06-28	16.17	16.17	16.17	16.17	0
1400	2022-06-29	16.17	16.17	16.17	16.17	0
1401	2022-06-30	16.17	16.17	16.17	16.17	0
1402	2022-07-01	16.17	16.17	16.17	16.17	0
1403	2022-07-04	14.53	14.53	14.53	14.53	200
1404	2022-07-05	14.53	14.53	14.53	14.53	0
1405	2022-07-06	14.53	14.53	14.53	14.53	0
1406	2022-07-07	14.53	14.53	14.53	14.53	0
1407	2022-07-08	14.53	14.53	14.53	14.53	0
1408	2022-07-11	14.53	14.53	14.53	14.53	0
1409	2022-07-12	14.53	14.53	14.53	14.53	0
1410	2022-07-13	16.62	16.62	16.62	16.62	100
1411	2022-07-14	16.44	16.44	16.44	16.44	100
1412	2022-07-15	18.8	18.8	18.8	18.8	100
1413	2022-07-18	18.8	18.8	18.8	18.8	0
1414	2022-07-19	18.8	18.8	18.8	18.8	0
1415	2022-07-20	18.8	18.8	18.8	18.8	0
1416	2022-07-21	18.8	18.8	18.8	18.8	0
1417	2022-07-22	18.8	18.8	18.8	18.8	0
1418	2022-07-25	16.08	16.08	16.08	16.08	300
1419	2022-07-26	14.17	14.17	14.17	14.17	300
1420	2022-07-27	14.17	14.17	14.17	14.17	0
1421	2022-07-28	14.17	14.17	14.17	14.17	0
1422	2022-07-29	14.17	14.17	14.17	14.17	0
1423	2022-08-01	14.17	14.17	14.17	14.17	0
1424	2022-08-02	15.62	15.62	14.53	14.53	5600
1425	2022-08-03	14.26	15.62	14.26	15.44	1100
1426	2022-08-04	15.17	15.17	15.17	15.17	0
1427	2022-08-05	15.44	15.44	15.44	15.44	15400
1428	2022-08-08	15.44	15.44	15.44	15.44	0
1429	2022-08-09	15.44	15.44	15.44	15.44	0
1430	2022-08-10	17.17	17.17	17.17	17.17	300
1431	2022-08-11	17.17	17.17	17.17	17.17	500
1432	2022-08-12	17.17	17.17	17.17	17.17	0
1433	2022-08-15	15.44	15.44	15.44	15.44	4800
1434	2022-08-16	15.44	15.44	15.44	15.44	2000
1435	2022-08-17	14.62	14.62	14.17	14.17	3000
1436	2022-08-18	14.53	14.53	14.53	14.53	0
1437	2022-08-19	14.53	14.53	14.53	14.53	0
1438	2022-08-22	14.53	14.53	14.53	14.53	0
1439	2022-08-23	14.53	14.53	14.53	14.53	0
1440	2022-08-24	14.53	14.53	14.53	14.53	0
1441	2022-08-25	14.53	14.53	14.53	14.53	0
1442	2022-08-26	14.53	14.53	14.53	14.53	0
1443	2022-08-29	14.53	14.53	14.53	14.53	0
1444	2022-08-30	14.53	14.53	14.53	14.53	0
1445	2022-08-31	14.53	14.53	14.53	14.53	0
1446	2022-09-05	14.53	14.53	14.53	14.53	0
1447	2022-09-06	14.53	14.53	14.53	14.53	0
1448	2022-09-07	15.71	15.71	15.71	15.71	200
1449	2022-09-08	17.89	17.89	17.89	17.89	6000
1450	2022-09-09	17.89	17.89	17.89	17.89	0
1451	2022-09-12	17.89	17.89	17.89	17.89	0
1452	2022-09-13	17.89	17.89	17.89	17.89	0
1453	2022-09-14	17.89	17.89	17.89	17.89	0
1454	2022-09-15	17.89	17.89	17.89	17.89	0
1455	2022-09-16	20.43	20.43	15.44	15.44	3500
1456	2022-09-19	16.8	16.8	16.8	16.8	100
1457	2022-09-20	16.8	16.8	16.8	16.8	0
1458	2022-09-21	16.8	16.8	16.8	16.8	0
1459	2022-09-22	16.8	16.8	16.8	16.8	0
1460	2022-09-23	14.44	15.89	14.44	15.89	7100
1461	2022-09-26	14.53	14.53	14.53	14.53	0
1462	2022-09-27	14.53	14.53	14.53	14.53	0
1463	2022-09-28	14.53	14.53	14.53	14.53	0
1464	2022-09-29	14.53	14.53	14.53	14.53	0
1465	2022-09-30	15.44	15.44	14.99	14.99	600
1466	2022-10-03	15.08	15.08	15.08	15.08	0
1467	2022-10-04	15.44	15.44	15.44	15.44	100
1468	2022-10-05	15.44	15.44	15.44	15.44	300
1469	2022-10-06	15.44	15.44	15.44	15.44	0
1470	2022-10-07	15.44	15.44	15.44	15.44	0
1471	2022-10-10	15.44	15.44	15.44	15.44	0
1472	2022-10-11	15.35	15.35	15.35	15.35	200
1473	2022-10-12	14.17	15.35	14.17	15.35	900
1474	2022-10-13	14.53	14.53	14.53	14.53	1000
1475	2022-10-14	16.62	16.62	16.62	16.62	500
1476	2022-10-17	18.98	18.98	18.98	18.98	800
1477	2022-10-18	16.17	16.17	16.17	16.17	300
1478	2022-10-19	16.71	16.71	16.71	16.71	100
1479	2022-10-20	16.71	16.71	16.71	16.71	0
1480	2022-10-21	16.71	16.71	16.71	16.71	0
1481	2022-10-24	16.71	16.71	16.71	16.71	0
1482	2022-10-25	16.71	16.71	16.71	16.71	0
1483	2022-10-26	16.71	16.71	16.71	16.71	0
1484	2022-10-27	14.26	14.26	14.26	14.26	100
1485	2022-10-28	16.26	16.26	16.26	16.26	100
1486	2022-10-31	16.26	16.26	16.26	16.26	0
1487	2022-11-01	16.26	16.26	16.26	16.26	0
1488	2022-11-02	13.99	14.62	13.99	14.62	200
1489	2022-11-03	14.35	14.35	14.35	14.35	0
1490	2022-11-04	14.53	14.53	14.53	14.53	100
1491	2022-11-07	16.53	16.53	16.53	16.53	200
1492	2022-11-08	18.89	18.89	18.89	18.89	100
1493	2022-11-09	18.89	18.89	18.89	18.89	0
1494	2022-11-10	18.89	18.89	18.89	18.89	0
1495	2022-11-11	18.89	18.89	18.89	18.89	0
1496	2022-11-14	18.89	18.89	18.89	18.89	0
1497	2022-11-15	16.08	16.08	16.08	16.08	1000
1498	2022-11-16	15.26	17.8	15.26	17.8	400
1499	2022-11-17	17.8	17.8	17.8	17.8	100
1500	2022-11-18	17.8	17.8	17.8	17.8	0
1501	2022-11-21	17.8	17.8	17.8	17.8	0
1502	2022-11-22	15.17	15.17	15.17	15.17	1300
1503	2022-11-23	15.17	15.17	15.17	15.17	0
1504	2022-11-24	12.9	12.9	12.9	12.9	100
1505	2022-11-25	14.26	14.26	14.26	14.26	200
1506	2022-11-28	14.26	14.26	14.26	14.26	0
1507	2022-11-29	16.26	16.26	15.35	15.35	200
1508	2022-11-30	15.8	15.8	15.8	15.8	0
1509	2022-12-01	14.26	14.26	14.26	14.26	1200
1510	2022-12-02	14.26	14.26	14.26	14.26	0
1511	2022-12-05	15.35	15.35	14.89	14.89	5100
1512	2022-12-06	14.35	14.35	14.35	14.35	1000
1513	2022-12-07	14.35	14.35	14.35	14.35	0
1514	2022-12-08	14.35	14.53	14.17	14.53	3500
1515	2022-12-09	14.35	14.35	14.35	14.35	2000
1516	2022-12-12	14.35	14.35	14.35	14.35	0
1517	2022-12-13	14.26	14.35	14.26	14.35	2200
1518	2022-12-14	15.71	15.71	15.71	15.71	200
1519	2022-12-15	15.71	15.71	15.71	15.71	0
1520	2022-12-16	16.71	16.71	16.71	16.71	3600
1521	2022-12-19	16.71	16.71	16.71	16.71	0
1522	2022-12-20	16.71	16.71	16.71	16.71	0
1523	2022-12-21	16.71	16.71	16.71	16.71	0
1524	2022-12-22	16.71	16.71	16.71	16.71	0
1525	2022-12-23	16.71	16.71	16.71	16.71	0
1526	2022-12-26	16.71	16.71	16.71	16.71	0
1527	2022-12-27	15.35	15.35	14.71	14.71	7000
1528	2022-12-28	16.71	16.71	16.71	16.71	100
1529	2022-12-29	16.71	16.71	16.71	16.71	0
1530	2022-12-30	15.44	15.44	15.44	15.44	500
1531	2023-01-03	15.44	15.44	15.44	15.44	1
1532	2023-01-04	15.44	15.44	15.44	15.44	0
1533	2023-01-05	15.44	15.44	15.44	15.44	0
1534	2023-01-06	15.44	15.44	15.44	15.44	0
1535	2023-01-09	15.44	15.44	14.17	14.17	5700
1536	2023-01-10	14.35	14.35	14.35	14.35	0
1537	2023-01-11	14.35	14.35	14.35	14.35	0
1538	2023-01-12	12.26	12.26	12.26	12.26	100
1539	2023-01-13	12.26	12.26	12.26	12.26	0
1540	2023-01-16	12.26	12.26	12.26	12.26	0
1541	2023-01-17	12.26	12.26	12.26	12.26	0
1542	2023-01-18	12.26	12.26	12.26	12.26	0
1543	2023-01-19	12.26	12.26	12.26	12.26	0
1544	2023-01-27	12.26	12.26	12.26	12.26	0
1545	2023-01-30	12.26	12.26	12.26	12.26	0
1546	2023-01-31	12.26	12.26	12.26	12.26	0
1547	2023-02-01	14.08	14.08	14.08	14.08	400
1548	2023-02-02	16.17	16.17	14.53	14.53	1200
1549	2023-02-03	14.8	14.8	14.8	14.8	0
1550	2023-02-06	16.71	16.71	15.44	15.44	2100
1551	2023-02-07	15.53	15.53	15.53	15.53	0
1552	2023-02-08	14.53	14.53	14.53	14.53	100
1553	2023-02-09	16.53	16.53	16.53	16.53	100
1554	2023-02-10	14.53	14.53	14.53	14.53	100
1555	2023-02-13	14.53	14.53	14.53	14.53	0
1556	2023-02-14	14.53	14.53	14.53	14.53	0
1557	2023-02-15	14.99	14.99	14.99	14.99	6102
1558	2023-02-16	14.99	14.99	14.99	14.99	0
1559	2023-02-17	14.99	14.99	14.99	14.99	0
1560	2023-02-20	14.08	14.08	14.08	14.08	100
1561	2023-02-21	14.08	14.08	14.08	14.08	0
1562	2023-02-22	14.08	14.08	14.08	14.08	0
1563	2023-02-23	14.08	14.08	14.08	14.08	0
1564	2023-02-24	14.08	14.08	14.08	14.08	0
1565	2023-02-27	14.26	14.26	14.26	14.26	100
1566	2023-02-28	14.26	14.26	14.26	14.26	0
1567	2023-03-01	14.26	14.26	14.26	14.26	0
1568	2023-03-02	14.26	14.26	14.26	14.26	0
1569	2023-03-03	16.26	16.26	16.26	16.26	100
1570	2023-03-06	14.08	14.08	14.08	14.08	100
1571	2023-03-07	15.44	15.44	14.8	14.8	3700
1572	2023-03-08	14.53	14.53	14.53	14.53	100
1573	2023-03-09	14.53	14.53	14.53	14.53	0
1574	2023-03-10	14.53	14.53	14.53	14.53	0
1575	2023-03-13	15.26	16.26	15.08	16.26	7300
1576	2023-03-14	14.17	17.17	14.17	17.17	1000
1577	2023-03-15	14.17	17.17	14.17	16.62	1600
1578	2023-03-16	14.53	16.8	14.53	16.62	2100
1579	2023-03-17	14.53	14.53	14.53	14.53	100
1580	2023-03-20	16.26	16.26	16.26	16.26	100
1581	2023-03-21	14.26	14.26	14.26	14.26	100
1582	2023-03-22	14.26	14.26	14.26	14.26	0
1583	2023-03-23	15.98	15.98	14.26	14.26	300
1584	2023-03-24	14.08	14.08	14.08	14.08	100
1585	2023-03-27	15.89	15.89	14.8	14.8	200
1586	2023-03-28	16.26	16.26	16.26	16.26	100
1587	2023-03-29	16.53	16.53	16.53	16.53	100
1588	2023-03-30	14.17	14.26	14.17	14.26	200
1589	2023-03-31	13.71	13.71	13.71	13.71	100
1590	2023-04-03	15.26	15.71	15.26	15.71	300
1591	2023-04-04	14.53	16.35	14.53	16.35	300
1592	2023-04-05	14.53	16.53	14.53	15.8	1000
1593	2023-04-06	14.53	16.35	14.53	16.35	200
1594	2023-04-07	14.53	14.53	14.53	14.53	100
1595	2023-04-10	14.53	14.53	14.53	14.53	0
1596	2023-04-11	16.26	16.26	16.26	16.26	100
1597	2023-04-12	14.53	16.35	14.53	16.35	2300
1598	2023-04-13	14.53	15.8	14.53	15.8	300
1599	2023-04-14	14.53	16.26	14.53	16.26	300
1600	2023-04-17	14.53	15.8	14.53	15.8	300
1601	2023-04-18	14.53	15.89	14.53	15.62	1900
1602	2023-04-19	14.53	14.53	14.53	14.53	100
1603	2023-04-20	14.53	14.53	14.53	14.53	0
1604	2023-04-21	16.08	16.08	16.08	16.08	100
1605	2023-04-24	14.53	14.53	14.53	14.53	100
1606	2023-04-25	14.53	14.53	14.53	14.53	0
1607	2023-04-26	16.26	16.26	15.26	15.26	600
1608	2023-04-27	16.17	16.17	15.26	15.44	3200
1609	2023-04-28	14.53	16.98	14.53	15.71	1800
1610	2023-05-04	14.53	16.98	14.53	14.71	1700
1611	2023-05-05	15.26	15.26	15.26	15.26	0
1612	2023-05-08	16.98	16.98	15.8	15.8	700
1613	2023-05-09	14.62	15.71	14.62	15.53	2300
1614	2023-05-10	15.53	15.53	15.53	15.53	0
1615	2023-05-11	17.78	17.78	16.53	16.72	1400
1616	2023-05-12	15.39	17.39	15.39	16.72	1200
1617	2023-05-15	15.39	17.87	15.39	16.25	1000
1618	2023-05-16	15.39	17.2	15.39	16.25	7600
1619	2023-05-17	15.39	17.2	15.39	16.72	700
1620	2023-05-18	17.11	17.11	16.92	17.01	800
1621	2023-05-19	15.39	17.11	15.39	17.11	200
1622	2023-05-22	17.01	17.01	16.92	16.92	1200
1623	2023-05-23	15.48	17.87	15.48	16.63	3300
1624	2023-05-24	15.48	17.2	15.48	17.2	200
1625	2023-05-25	17.87	17.87	17.2	17.2	3300
1626	2023-05-26	15.48	16.25	15.48	16.25	3700
1627	2023-05-29	17.58	17.58	16.92	16.92	300
1628	2023-05-30	15.48	17.2	15.48	16.63	600
1629	2023-05-31	15.77	15.77	15.77	15.77	100
1630	2023-06-01	15.77	15.77	15.77	15.77	0
1631	2023-06-02	15.77	15.77	15.77	15.77	0
1632	2023-06-05	16.53	16.63	16.44	16.53	7200
1633	2023-06-06	15.58	15.58	15.58	15.58	100
1634	2023-06-07	16.44	16.44	16.44	16.44	700
1635	2023-06-08	17.2	17.2	16.82	16.82	1100
1636	2023-06-09	15.58	17.87	15.58	16.92	1200
1637	2023-06-12	15.58	17.2	15.58	17.2	800
1638	2023-06-13	17.01	17.01	17.01	17.01	0
1639	2023-06-14	17.58	17.58	17.3	17.3	300
1640	2023-06-15	16.72	16.72	16.72	16.72	1900
1641	2023-06-16	16.72	16.72	16.72	16.72	0
1642	2023-06-19	16.72	16.72	16.72	16.72	0
1643	2023-06-20	16.72	16.72	16.72	16.72	0
1644	2023-06-21	16.72	16.72	16.72	16.72	0
1645	2023-06-22	16.72	16.72	16.72	16.72	0
1646	2023-06-23	17.2	17.2	16.44	16.44	1800
1647	2023-06-26	15.77	16.53	15.77	16.53	5000
1648	2023-06-27	16.25	16.25	16.25	16.25	2000
1649	2023-06-28	16.25	16.25	16.25	16.25	0
1650	2023-06-29	16.25	16.25	16.25	16.25	0
1651	2023-06-30	16.06	16.06	16.06	16.06	2000
1652	2023-07-03	16.06	16.06	16.06	16.06	0
1653	2023-07-04	16.06	16.06	16.06	16.06	0
1654	2023-07-05	17.3	17.3	16.25	16.25	1300
1655	2023-07-06	16.44	16.44	16.44	16.44	0
1656	2023-07-07	16.44	16.44	16.44	16.44	0
1657	2023-07-10	16.25	16.25	16.25	16.25	100
1658	2023-07-11	16.25	16.25	16.25	16.25	0
1659	2023-07-12	16.25	16.25	16.25	16.25	0
1660	2023-07-13	16.06	16.06	16.06	16.06	1000
1661	2023-07-14	16.06	16.06	16.06	16.06	0
1662	2023-07-17	16.06	16.06	16.06	16.06	0
1663	2023-07-18	14.43	16.25	14.43	16.25	200
1664	2023-07-19	15.39	15.39	15.39	15.39	0
1665	2023-07-20	15.39	15.39	15.39	15.39	0
1666	2023-07-21	13.48	16.15	13.48	16.15	200
1667	2023-07-24	14.81	14.81	14.81	14.81	0
1668	2023-07-25	14.81	14.81	14.81	14.81	0
1669	2023-07-26	14.72	15.77	14.72	15.77	500
1670	2023-07-27	15.58	15.58	15.58	15.58	0
1671	2023-07-28	15.58	15.58	15.58	15.58	0
1672	2023-07-31	13.95	13.95	13.95	13.95	100
1673	2023-08-01	15.96	15.96	15.96	15.96	100
1674	2023-08-02	14.14	14.14	14.14	14.14	100
1675	2023-08-03	15.2	15.2	15.2	15.2	100
1676	2023-08-04	14.34	14.34	14.34	14.34	100
1677	2023-08-07	14.62	14.62	14.62	14.62	100
1678	2023-08-08	14.62	14.62	14.62	14.62	0
1679	2023-08-09	14.62	16.53	14.62	16.53	500
1680	2023-08-10	16.44	16.44	16.44	16.44	100
1681	2023-08-11	14.81	14.81	14.81	14.81	100
1682	2023-08-14	14.81	14.81	14.81	14.81	100
1683	2023-08-15	14.81	14.81	14.81	14.81	0
1684	2023-08-16	14.81	14.81	14.81	14.81	0
1685	2023-08-17	15.29	15.29	15.29	15.29	100
1686	2023-08-18	15.29	15.29	15.29	15.29	0
1687	2023-08-21	15.29	15.29	15.29	15.29	0
1688	2023-08-22	15.29	15.29	15.29	15.29	0
1689	2023-08-23	15.29	15.29	15.29	15.29	0
1690	2023-08-24	15.29	15.29	15.29	15.29	0
1691	2023-08-25	15.29	15.29	15.29	15.29	0
1692	2023-08-28	15.77	15.77	15.77	15.77	3000
1693	2023-08-29	15.77	15.77	15.77	15.77	0
1694	2023-08-30	15.77	15.77	15.77	15.77	0
1695	2023-08-31	15.77	15.77	15.77	15.77	0
1696	2023-09-05	15.77	15.77	15.77	15.77	100
1697	2023-09-06	15.77	15.77	15.77	15.77	0
1698	2023-09-07	15.77	15.77	15.77	15.77	0
1699	2023-09-08	15.77	15.77	15.77	15.77	0
1700	2023-09-11	15.77	15.77	15.77	15.77	0
1701	2023-09-12	15.77	15.77	15.77	15.77	0
1702	2023-09-13	15.77	15.77	15.77	15.77	0
1703	2023-09-14	15.77	15.77	15.77	15.77	0
1704	2023-09-15	15.86	15.86	15.77	15.77	2600
1705	2023-09-18	15.86	15.86	15.86	15.86	0
1706	2023-09-19	15.86	15.86	15.86	15.86	0
1707	2023-09-20	16.06	16.06	16.06	16.06	5000
1708	2023-09-21	16.06	16.06	16.06	16.06	0
1709	2023-09-22	16.06	16.06	16.06	16.06	0
1710	2023-09-25	16.06	16.06	16.06	16.06	0
1711	2023-09-26	15.77	15.77	15.77	15.77	1700
1712	2023-09-27	15.29	15.29	15.29	15.29	5000
1713	2023-09-28	15.29	15.29	15.29	15.29	0
1714	2023-09-29	15.29	15.29	15.29	15.29	0
1715	2023-10-02	15.1	15.1	15.0	15.1	5000
1716	2023-10-03	15.1	15.1	15.1	15.1	0
1717	2023-10-04	15.1	15.1	15.1	15.1	0
1718	2023-10-05	15.1	15.1	15.1	15.1	0
1719	2023-10-06	15.1	15.1	15.1	15.1	0
1720	2023-10-09	15.67	15.77	15.67	15.77	200
1721	2023-10-10	15.77	15.77	15.77	15.77	3900
1722	2023-10-11	15.77	15.77	15.77	15.77	0
1723	2023-10-12	15.77	15.77	15.77	15.77	0
1724	2023-10-13	15.77	15.77	15.77	15.77	0
1725	2023-10-16	15.77	15.77	15.77	15.77	0
1726	2023-10-17	15.0	15.29	15.0	15.29	3000
1727	2023-10-18	15.1	15.1	15.1	15.1	0
1728	2023-10-19	15.1	15.1	15.1	15.1	0
1729	2023-10-20	15.29	15.29	15.29	15.29	500
1730	2023-10-23	15.29	15.29	15.29	15.29	0
1731	2023-10-24	15.77	15.77	15.77	15.77	100
1732	2023-10-25	15.29	15.29	15.29	15.29	700
1733	2023-10-26	15.29	15.29	15.29	15.29	0
1734	2023-10-27	15.29	15.29	15.29	15.29	0
1735	2023-10-30	15.29	15.29	15.29	15.29	0
1736	2023-10-31	15.29	15.29	15.29	15.29	0
1737	2023-11-01	15.29	15.29	15.29	15.29	0
1738	2023-11-02	15.29	15.29	15.29	15.29	0
1739	2023-11-03	15.29	15.29	15.29	15.29	0
1740	2023-11-06	15.29	15.77	15.29	15.77	4400
1741	2023-11-07	15.29	15.29	15.29	15.29	0
1742	2023-11-08	15.29	15.29	15.29	15.29	0
1743	2023-11-09	15.29	15.29	15.29	15.29	0
1744	2023-11-10	15.29	15.29	15.29	15.29	0
1745	2023-11-13	15.29	15.29	15.29	15.29	0
1746	2023-11-14	15.29	15.29	15.29	15.29	0
1747	2023-11-15	15.29	15.29	15.29	15.29	0
1748	2023-11-16	15.29	15.29	15.29	15.29	0
1749	2023-11-17	15.29	15.29	15.29	15.29	0
1750	2023-11-20	14.43	14.43	14.34	14.34	3100
1751	2023-11-21	14.34	14.34	14.34	14.34	0
1752	2023-11-22	14.34	14.34	14.34	14.34	0
1753	2023-11-23	14.24	14.24	14.24	14.24	2000
1754	2023-11-24	14.24	14.24	14.24	14.24	0
1755	2023-11-27	14.53	14.53	14.53	14.53	1000
1756	2023-11-28	14.34	15.29	14.34	15.29	6900
1757	2023-11-29	15.0	15.0	15.0	15.0	0
1758	2023-11-30	15.29	15.29	15.29	15.29	1600
1759	2023-12-01	15.29	15.29	15.29	15.29	300
1760	2023-12-04	15.77	15.77	15.77	15.77	4000
1761	2023-12-05	14.43	14.43	14.43	14.43	100
1762	2023-12-06	15.77	15.77	15.77	15.77	1200
1763	2023-12-07	13.86	13.86	13.86	13.86	100
1764	2023-12-08	13.86	13.86	13.86	13.86	0
1765	2023-12-11	13.86	13.86	13.86	13.86	0
1766	2023-12-12	15.48	15.77	15.48	15.77	2100
1767	2023-12-13	14.43	14.43	14.43	14.43	100
1768	2023-12-14	14.43	14.43	14.43	14.43	0
1769	2023-12-15	14.43	14.43	14.43	14.43	0
1770	2023-12-18	14.43	14.43	14.43	14.43	0
1771	2023-12-19	15.77	15.77	15.77	15.77	3000
1772	2023-12-20	14.62	14.62	14.62	14.62	100
1773	2023-12-21	14.62	14.62	14.62	14.62	0
1774	2023-12-22	15.77	15.77	15.77	15.77	800
1775	2023-12-25	14.81	15.77	14.81	15.77	1800
1776	2023-12-26	15.67	15.67	15.67	15.67	0
1777	2023-12-27	15.67	15.67	15.67	15.67	0
1778	2023-12-28	15.67	15.67	15.67	15.67	0
1779	2023-12-29	14.91	14.91	14.91	14.91	100
1780	2024-01-02	14.91	14.91	14.91	14.91	0
1781	2024-01-03	15.48	16.72	15.48	16.72	15800
1782	2024-01-04	15.67	15.67	15.67	15.67	0
1783	2024-01-05	15.67	15.67	15.67	15.67	0
1784	2024-01-08	14.91	15.67	14.91	15.67	500
1785	2024-01-09	15.48	15.48	15.48	15.48	0
1786	2024-01-10	15.48	15.48	15.48	15.48	0
1787	2024-01-11	15.48	15.48	15.48	15.48	0
1788	2024-01-12	15.48	15.48	15.48	15.48	0
1789	2024-01-15	15.96	15.96	15.96	15.96	5000
1790	2024-01-16	15.96	15.96	15.96	15.96	0
1791	2024-01-17	15.96	15.96	15.96	15.96	0
1792	2024-01-18	15.1	15.1	15.1	15.1	100
1793	2024-01-19	15.58	15.58	15.58	15.58	3000
1794	2024-01-22	15.58	15.58	15.58	15.58	0
1795	2024-01-23	15.58	15.58	15.58	15.58	0
1796	2024-01-24	15.0	15.77	15.0	15.77	10500
1797	2024-01-25	15.58	15.58	15.58	15.58	0
1798	2024-01-26	15.29	15.29	15.29	15.29	100
1799	2024-01-29	15.29	15.29	15.29	15.29	0
1800	2024-01-30	15.39	15.39	15.29	15.29	2400
1801	2024-01-31	15.29	15.29	15.29	15.29	0
1802	2024-02-01	15.29	15.29	15.29	15.29	0
1803	2024-02-02	15.29	15.29	15.29	15.29	0
1804	2024-02-05	15.29	15.29	15.29	15.29	0
1805	2024-02-06	15.29	15.29	15.29	15.29	0
1806	2024-02-07	15.29	15.29	15.29	15.29	0
1807	2024-02-15	15.29	15.29	15.29	15.29	0
1808	2024-02-16	15.29	15.29	15.29	15.29	0
1809	2024-02-19	15.29	15.29	15.29	15.29	0
1810	2024-02-20	15.29	15.29	15.29	15.29	0
1811	2024-02-21	15.29	15.29	15.29	15.29	0
1812	2024-02-22	15.29	15.29	15.29	15.29	0
1813	2024-02-23	15.1	15.29	13.86	15.29	700
1814	2024-02-26	14.53	14.53	14.53	14.53	0
1815	2024-02-27	14.53	14.53	14.53	14.53	0
1816	2024-02-28	14.53	14.53	14.53	14.53	0
1817	2024-02-29	14.53	14.53	14.53	14.53	0
1818	2024-03-01	14.53	14.53	14.53	14.53	0
1819	2024-03-04	14.53	14.53	14.53	14.53	0
1820	2024-03-05	14.53	14.53	14.53	14.53	0
1821	2024-03-06	15.39	15.67	15.39	15.67	200
1822	2024-03-07	15.58	15.58	15.58	15.58	0
1823	2024-03-08	15.58	15.58	15.58	15.58	0
1824	2024-03-11	15.58	15.58	15.58	15.58	0
1825	2024-03-12	17.2	17.3	17.2	17.3	2300
1826	2024-03-13	15.29	15.29	15.29	15.29	100
1827	2024-03-14	16.25	16.25	16.25	16.25	5900
1828	2024-03-15	16.25	16.25	16.25	16.25	0
1829	2024-03-18	15.39	16.25	15.39	16.25	12200
1830	2024-03-19	16.63	16.72	16.63	16.72	800
1831	2024-03-20	16.72	16.72	16.72	16.72	0
1832	2024-03-21	16.72	16.72	16.72	16.72	0
1833	2024-03-22	16.72	16.72	16.72	16.72	0
1834	2024-03-25	16.72	16.72	16.72	16.72	0
1835	2024-03-26	16.72	16.72	16.72	16.72	0
1836	2024-03-27	16.72	16.72	16.72	16.72	0
1837	2024-03-28	16.72	16.72	16.72	16.72	0
1838	2024-03-29	16.72	16.72	16.72	16.72	0
1839	2024-04-01	16.72	16.72	16.72	16.72	0
1840	2024-04-02	16.72	16.72	16.72	16.72	100
1841	2024-04-03	16.72	16.72	16.72	16.72	0
1842	2024-04-04	17.2	17.3	17.2	17.3	8400
1843	2024-04-05	17.2	17.2	17.2	17.2	0
1844	2024-04-08	17.2	17.2	17.2	17.2	0
1845	2024-04-09	17.97	17.97	17.2	17.97	8000
1846	2024-04-10	18.92	18.92	17.97	17.97	500
1847	2024-04-11	15.77	18.64	15.77	18.64	400
1848	2024-04-12	17.97	17.97	17.97	17.97	500
1849	2024-04-15	18.92	18.92	18.73	18.73	1000
1850	2024-04-16	16.44	16.44	16.44	16.44	100
1851	2024-04-17	17.3	18.06	17.3	17.68	5600
1852	2024-04-19	17.97	17.97	17.97	17.97	100
1853	2024-04-22	18.06	18.45	18.06	18.06	15000
1854	2024-04-23	18.35	18.35	18.16	18.16	5300
1855	2024-04-24	18.16	18.45	18.16	18.45	6900
1856	2024-04-25	18.16	18.54	18.16	18.54	1000
1857	2024-04-26	18.16	18.45	18.16	18.45	3200
1858	2024-05-02	18.45	18.45	18.45	18.45	0
1859	2024-05-03	21.03	21.03	21.03	21.03	200
1860	2024-05-06	18.06	18.16	18.06	18.16	400
1861	2024-05-07	19.02	19.02	18.16	18.16	400
1862	2024-05-08	18.35	18.35	18.35	18.35	0
1863	2024-05-09	18.4	18.4	18.4	18.4	0
1864	2024-05-10	18.7	18.7	18.7	18.7	100
1865	2024-05-13	19.2	19.2	19.2	19.2	101
1866	2024-05-14	16.7	16.7	16.7	16.7	101
1867	2024-05-15	18.9	18.9	18.9	18.9	100
1868	2024-05-16	17.1	17.1	17.1	17.1	100
1869	2024-05-17	18.5	18.5	18.3	18.4	5700
1870	2024-05-20	18.7	19.3	18.7	19.3	27500
1871	2024-05-21	19.0	19.0	19.0	19.0	5000
1872	2024-05-22	19.0	19.0	19.0	19.0	0
1873	2024-05-23	19.0	19.0	19.0	19.0	5000
1874	2024-05-24	19.0	19.0	19.0	19.0	0
1875	2024-05-27	19.0	19.0	19.0	19.0	0
1876	2024-05-28	19.8	19.9	19.8	19.9	2616
1877	2024-05-29	19.3	19.3	19.3	19.3	5000
1878	2024-05-30	19.3	19.3	19.3	19.3	0
1879	2024-05-31	19.3	19.3	19.3	19.3	0
1880	2024-06-03	18.5	19.3	18.5	19.3	4600
1881	2024-06-04	19.3	19.3	19.3	19.3	2002
1882	2024-06-05	19.3	19.3	19.3	19.3	1100
1883	2024-06-06	18.6	19.0	18.6	19.0	5100
1884	2024-06-07	19.0	19.0	19.0	19.0	2800
1885	2024-06-10	19.0	19.3	19.0	19.3	2400
1886	2024-06-11	19.1	19.1	19.1	19.1	3000
1887	2024-06-12	19.1	19.1	19.1	19.1	1800
1888	2024-06-13	19.2	19.2	19.2	19.2	200
1889	2024-06-14	19.2	19.2	19.2	19.2	0
1890	2024-06-17	18.1	18.1	18.1	18.1	100
1891	2024-06-18	18.2	18.2	18.1	18.2	6000
1892	2024-06-19	18.2	18.2	18.2	18.2	0
1893	2024-06-20	18.2	18.2	18.2	18.2	0
1894	2024-06-21	18.6	18.6	18.6	18.6	5000
1895	2024-06-24	18.6	18.6	18.6	18.6	0
1896	2024-06-25	19.0	19.0	19.0	19.0	2000
1897	2024-06-26	19.0	19.0	19.0	19.0	0
1898	2024-06-27	19.0	19.0	19.0	19.0	0
1899	2024-06-28	16.7	16.7	16.7	16.7	100
1900	2024-07-01	16.7	16.7	16.7	16.7	0
1901	2024-07-02	16.7	16.7	16.7	16.7	0
1902	2024-07-03	16.7	16.7	16.7	16.7	0
1903	2024-07-04	16.7	16.7	16.7	16.7	0
1904	2024-07-05	16.7	16.7	16.7	16.7	0
1905	2024-07-08	16.7	16.7	16.7	16.7	0
1906	2024-07-09	16.7	16.7	16.7	16.7	0
1907	2024-07-10	19.0	19.0	19.0	19.0	500
1908	2024-07-11	19.0	19.0	19.0	19.0	1
1909	2024-07-12	19.0	19.0	19.0	19.0	0
1910	2024-07-15	18.7	18.7	18.7	18.7	8802
1911	2024-07-16	18.7	18.7	18.7	18.7	11200
1912	2024-07-17	18.7	18.7	18.7	18.7	400
1913	2024-07-18	18.7	18.7	18.7	18.7	0
1914	2024-07-19	18.7	18.7	18.7	18.7	0
1915	2024-07-22	19.0	19.0	19.0	19.0	3000
1916	2024-07-23	19.0	19.0	19.0	19.0	100
1917	2024-07-24	19.0	19.0	19.0	19.0	100
1918	2024-07-25	19.0	19.0	19.0	19.0	100
1919	2024-07-26	19.0	19.0	19.0	19.0	500
1920	2024-07-29	19.0	19.0	19.0	19.0	300
1921	2024-07-30	19.0	19.0	19.0	19.0	200
1922	2024-07-31	19.0	19.0	19.0	19.0	4500
1923	2024-08-01	19.0	19.0	19.0	19.0	1000
1924	2024-08-02	19.0	19.0	19.0	19.0	300
1925	2024-08-05	19.1	19.1	19.0	19.0	22000
1926	2024-08-06	19.9	19.9	19.9	19.9	2600
1927	2024-08-12	19.9	19.9	19.9	19.9	1900
1928	2024-08-15	19.9	19.9	19.9	19.9	600
1929	2024-08-16	19.9	19.9	19.9	19.9	5000
1930	2024-08-26	17.5	17.5	17.5	17.5	100
1931	2024-08-28	19.0	19.0	19.0	19.0	100
1932	2024-09-06	19.0	19.0	19.0	19.0	2500
1933	2024-09-09	19.0	19.0	19.0	19.0	1000
1934	2024-09-12	19.9	19.9	19.9	19.9	600
1935	2024-09-17	20.0	20.0	20.0	20.0	500
1936	2024-09-19	21.0	21.0	21.0	21.0	600
1937	2024-09-23	22.0	22.0	22.0	22.0	100
1938	2024-09-25	22.0	22.0	22.0	22.0	500
1939	2024-09-30	19.9	19.9	19.9	19.9	900
1940	2024-10-01	19.9	19.9	19.3	19.3	1200
1941	2024-10-07	19.0	19.0	19.0	19.0	200
1942	2024-10-08	19.0	19.0	19.0	19.0	800
1943	2024-10-09	19.0	19.0	19.0	19.0	400
1944	2024-10-10	19.0	19.0	19.0	19.0	5900
1945	2024-10-11	16.8	16.8	16.8	16.8	200
1946	2024-10-14	18.5	18.5	18.5	18.5	1000
1947	2024-10-15	18.5	18.5	18.5	18.5	400
1948	2024-10-16	18.5	18.5	18.5	18.5	500
1949	2024-10-17	18.5	18.5	18.5	18.5	100
1950	2024-10-25	19.1	19.1	19.0	19.0	200
1951	2024-11-04	19.0	19.0	19.0	19.0	300
1952	2024-11-06	16.7	19.0	16.7	19.0	900
1953	2024-11-07	17.1	17.1	17.1	17.1	100
1954	2024-11-14	18.0	18.0	18.0	18.0	100
1955	2024-11-15	16.1	16.1	16.1	16.1	100
1956	2024-11-18	18.5	18.5	18.5	18.5	100
1957	2024-11-19	16.6	16.6	16.6	16.6	100
1958	2024-12-03	18.8	18.8	18.8	18.8	100
1959	2024-12-04	16.6	20.9	16.6	20.9	200
1960	2024-12-05	16.8	16.8	16.8	16.8	100
1961	2024-12-09	16.9	16.9	16.9	16.9	200
1962	2024-12-10	19.3	19.3	19.3	19.3	1100
1963	2024-12-11	17.2	17.2	17.2	17.2	100
1964	2025-01-23	19.5	19.5	19.5	19.5	200
1965	2025-02-03	18.6	18.6	18.6	18.6	100
1966	2025-02-04	20.0	20.0	17.3	17.3	500
1967	2025-02-05	17.3	17.3	17.3	17.3	100
1968	2025-02-06	19.0	19.0	19.0	19.0	100
1969	2025-02-10	20.0	20.0	20.0	20.0	200
1970	2025-02-11	19.0	20.0	19.0	20.0	200
1971	2025-02-20	20.0	20.0	20.0	20.0	1900
1972	2025-02-24	17.6	17.6	17.6	17.6	100
1973	2025-02-26	19.8	19.8	19.8	19.8	100
1974	2025-02-27	17.6	17.6	17.6	17.6	100
1975	2025-02-28	20.0	20.0	20.0	20.0	1000
1976	2025-03-03	20.0	20.0	20.0	20.0	1600
1977	2025-03-05	17.8	17.8	17.8	17.8	100
1978	2025-03-06	20.4	20.4	20.4	20.4	1000
1979	2025-03-07	17.9	17.9	17.9	17.9	100
1980	2025-03-10	18.3	18.3	18.3	18.3	100
1981	2025-03-12	20.2	20.2	20.2	20.2	100
1982	2025-03-13	20.0	20.0	19.6	19.6	1000
1983	2025-03-14	18.0	18.0	18.0	18.0	100
1984	2025-03-18	18.4	18.4	18.4	18.4	100
1985	2025-03-19	20.3	20.3	20.3	20.3	100
1986	2025-03-20	18.1	20.2	18.1	20.0	300
1987	2025-03-25	19.5	19.5	19.5	19.5	100
1988	2025-03-26	20.0	20.0	20.0	20.0	4800
1989	2025-03-27	20.0	20.0	20.0	20.0	4800
1990	2025-03-31	20.0	21.0	20.0	20.0	4500
1991	2025-04-01	20.1	20.1	20.0	20.0	9500
