	time	open	high	low	close	volume
0	2020-03-30	12.51	12.51	12.51	12.51	0
1	2020-03-31	12.51	12.51	12.51	12.51	0
2	2020-04-01	12.51	12.51	12.51	12.51	0
3	2020-04-03	12.51	12.51	12.51	12.51	0
4	2020-04-06	12.51	12.51	12.51	12.51	0
5	2020-04-07	12.51	12.51	12.51	12.51	0
6	2020-04-08	12.51	12.51	12.51	12.51	0
7	2020-04-09	12.51	12.51	12.51	12.51	0
8	2020-04-10	12.51	12.51	12.51	12.51	0
9	2020-04-13	12.51	12.51	12.51	12.51	0
10	2020-04-14	12.51	12.51	12.51	12.51	0
11	2020-04-15	12.51	12.51	12.51	12.51	0
12	2020-04-16	12.51	12.51	12.51	12.51	0
13	2020-04-17	12.51	12.51	12.51	12.51	0
14	2020-04-20	12.51	12.51	12.51	12.51	0
15	2020-04-21	12.51	12.51	12.51	12.51	0
16	2020-04-22	12.51	12.51	12.51	12.51	0
17	2020-04-23	12.51	12.51	12.51	12.51	0
18	2020-04-24	12.51	12.51	12.51	12.51	0
19	2020-04-27	12.51	12.51	12.51	12.51	0
20	2020-04-28	12.51	12.51	12.51	12.51	0
21	2020-04-29	12.51	12.51	12.51	12.51	0
22	2020-05-04	12.51	12.51	12.51	12.51	0
23	2020-05-05	12.51	12.51	12.51	12.51	0
24	2020-05-06	10.18	10.18	10.18	10.18	500
25	2020-05-07	10.91	10.91	10.91	10.91	6900
26	2020-05-08	10.91	10.91	10.91	10.91	0
27	2020-05-11	10.91	10.91	10.91	10.91	2000
28	2020-05-12	10.91	10.91	10.91	10.91	0
29	2020-05-13	10.91	10.91	10.91	10.91	0
30	2020-05-14	10.91	10.91	10.91	10.91	0
31	2020-05-15	10.91	10.91	10.91	10.91	0
32	2020-05-18	10.91	10.91	10.91	10.91	0
33	2020-05-19	10.91	10.91	10.91	10.91	0
34	2020-05-20	10.91	10.91	10.91	10.91	0
35	2020-05-21	9.31	9.31	9.31	9.31	100
36	2020-05-22	9.31	9.31	9.31	9.31	0
37	2020-05-25	9.31	9.31	9.31	9.31	0
38	2020-05-26	9.31	9.31	9.31	9.31	1900
39	2020-05-27	9.31	9.31	9.31	9.31	400
40	2020-05-28	9.31	9.31	9.31	9.31	0
41	2020-05-29	9.31	9.31	9.31	9.31	700
42	2020-06-01	9.31	9.31	9.31	9.31	800
43	2020-06-02	9.31	9.31	9.31	9.31	0
44	2020-06-03	9.31	9.31	9.31	9.31	1000
45	2020-06-04	9.31	9.31	9.31	9.31	0
46	2020-06-05	9.09	9.09	9.09	9.09	1000
47	2020-06-08	9.31	9.31	9.31	9.31	100
48	2020-06-09	9.71	9.71	9.71	9.71	100
49	2020-06-10	9.71	9.71	9.71	9.71	100
50	2020-06-11	9.71	9.71	9.71	9.71	1300
51	2020-06-12	9.71	9.71	9.71	9.71	300
52	2020-06-15	9.71	9.71	9.71	9.71	0
53	2020-06-16	9.71	9.71	9.71	9.71	0
54	2020-06-17	9.71	9.71	9.71	9.71	0
55	2020-06-18	9.71	9.71	9.71	9.71	0
56	2020-06-19	9.71	9.71	9.71	9.71	0
57	2020-06-22	9.71	9.71	9.71	9.71	0
58	2020-06-23	9.48	9.48	9.48	9.48	1000
59	2020-06-24	9.48	9.48	9.48	9.48	0
60	2020-06-25	9.48	9.48	9.48	9.48	0
61	2020-06-26	9.48	9.48	9.48	9.48	0
62	2020-06-29	9.48	9.48	9.11	9.11	1000
63	2020-06-30	9.11	9.11	9.11	9.11	900
64	2020-07-01	9.11	9.11	9.11	9.11	300
65	2020-07-02	9.11	9.11	9.11	9.11	0
66	2020-07-03	8.73	8.73	8.73	8.73	1000
67	2020-07-06	9.71	9.71	9.11	9.11	700
68	2020-07-07	9.18	9.11	9.11	9.11	0
69	2020-07-08	9.18	9.11	9.11	9.11	0
70	2020-07-09	9.18	9.11	9.11	9.11	0
71	2020-07-10	9.18	9.11	9.11	9.11	0
72	2020-07-13	9.11	9.11	9.11	9.11	200
73	2020-07-14	9.11	9.11	9.11	9.11	0
74	2020-07-15	10.47	10.47	10.47	10.47	100
75	2020-07-16	10.47	10.47	10.47	10.47	0
76	2020-07-17	10.47	10.47	10.47	10.47	0
77	2020-07-20	10.47	10.47	10.47	10.47	0
78	2020-07-21	10.47	10.47	10.47	10.47	0
79	2020-07-22	10.47	10.47	10.47	10.47	0
80	2020-07-23	10.47	10.47	10.47	10.47	0
81	2020-07-24	10.47	10.47	10.47	10.47	0
82	2020-07-27	8.95	8.95	8.95	8.95	4500
83	2020-07-28	8.95	8.95	8.95	8.95	0
84	2020-07-29	8.95	8.95	8.95	8.95	0
85	2020-07-30	8.95	8.95	8.95	8.95	0
86	2020-07-31	8.95	8.95	8.95	8.95	0
87	2020-08-03	8.95	8.95	8.95	8.95	0
88	2020-08-04	8.95	8.95	8.95	8.95	0
89	2020-08-05	8.95	8.95	8.95	8.95	0
90	2020-08-06	7.74	7.74	7.74	7.74	100
91	2020-08-07	7.74	7.74	7.74	7.74	0
92	2020-08-10	7.74	7.74	7.74	7.74	0
93	2020-08-11	7.74	7.74	7.74	7.74	0
94	2020-08-12	7.74	7.74	7.74	7.74	0
95	2020-08-13	7.74	7.74	7.74	7.74	0
96	2020-08-14	7.74	7.74	7.74	7.74	0
97	2020-08-17	7.74	7.74	7.74	7.74	0
98	2020-08-18	8.19	8.19	8.19	8.19	1000
99	2020-08-19	8.19	8.19	8.19	8.19	0
100	2020-08-20	8.19	8.19	8.19	8.19	0
101	2020-08-21	8.19	8.19	8.19	8.19	0
102	2020-08-24	8.19	8.19	8.19	8.19	0
103	2020-08-25	8.19	8.19	8.19	8.19	0
104	2020-08-26	8.19	8.19	8.19	8.19	0
105	2020-08-27	8.19	8.19	8.19	8.19	0
106	2020-08-28	8.19	8.19	8.19	8.19	0
107	2020-08-31	7.97	7.97	7.21	7.21	2000
108	2020-09-01	7.59	7.21	7.21	7.21	0
109	2020-09-03	7.59	7.21	7.21	7.21	0
110	2020-09-04	7.59	7.59	7.59	7.59	3000
111	2020-09-07	7.59	7.59	7.59	7.59	1400
112	2020-09-08	7.21	7.21	7.21	7.21	3300
113	2020-09-09	7.21	7.21	7.21	7.21	0
114	2020-09-10	7.21	7.21	7.21	7.21	2000
115	2020-09-11	7.21	7.21	7.21	7.21	3000
116	2020-09-14	7.59	7.59	7.59	7.59	1000
117	2020-09-15	7.21	7.21	7.21	7.21	1500
118	2020-09-16	7.21	7.21	7.21	7.21	800
119	2020-09-17	7.21	7.21	7.21	7.21	0
120	2020-09-18	7.21	7.21	7.21	7.21	1000
121	2020-09-21	7.21	7.21	7.21	7.21	0
122	2020-09-22	7.21	7.21	7.21	7.21	0
123	2020-09-23	7.59	7.59	7.59	7.59	400
124	2020-09-24	7.59	7.59	7.59	7.59	0
125	2020-09-25	7.59	7.59	7.59	7.59	0
126	2020-09-28	7.59	7.59	7.59	7.59	1000
127	2020-09-29	7.59	7.59	7.59	7.59	0
128	2020-09-30	7.59	7.59	7.59	7.59	2600
129	2020-10-01	7.59	7.59	7.59	7.59	0
130	2020-10-02	7.59	7.59	7.59	7.59	0
131	2020-10-05	7.59	7.59	7.59	7.59	0
132	2020-10-06	7.59	7.59	7.59	7.59	2000
133	2020-10-07	7.59	7.59	7.59	7.59	3900
134	2020-10-08	7.59	7.59	7.59	7.59	0
135	2020-10-09	7.59	7.59	7.59	7.59	0
136	2020-10-12	7.59	7.59	7.59	7.59	0
137	2020-10-13	7.59	7.59	7.59	7.59	0
138	2020-10-14	7.59	7.59	7.59	7.59	0
139	2020-10-15	7.74	7.74	7.74	7.74	500
140	2020-10-16	7.74	7.74	7.74	7.74	0
141	2020-10-19	7.74	7.74	7.74	7.74	0
142	2020-10-20	7.74	7.74	7.74	7.74	0
143	2020-10-21	7.74	7.74	7.74	7.74	0
144	2020-10-22	7.74	7.74	7.74	7.74	0
145	2020-10-23	8.88	8.88	8.88	8.88	100
146	2020-10-26	8.88	8.88	8.88	8.88	0
147	2020-10-27	8.88	8.88	8.88	8.88	0
148	2020-10-28	8.88	8.88	8.88	8.88	0
149	2020-10-29	7.59	7.59	7.59	7.59	400
150	2020-10-30	7.59	7.97	7.59	7.97	700
151	2020-11-02	9.03	9.03	9.03	9.03	500
152	2020-11-03	9.03	9.03	9.03	9.03	0
153	2020-11-04	10.24	10.24	10.24	10.24	500
154	2020-11-05	10.24	10.24	10.24	10.24	0
155	2020-11-06	10.24	10.24	10.24	10.24	0
156	2020-11-09	10.24	10.24	10.24	10.24	0
157	2020-11-10	10.24	10.24	10.24	10.24	0
158	2020-11-11	10.24	10.24	10.24	10.24	0
159	2020-11-12	10.24	10.24	10.24	10.24	0
160	2020-11-13	10.24	10.24	10.24	10.24	0
161	2020-11-16	8.73	8.73	8.73	8.73	200
162	2020-11-17	8.73	8.73	8.73	8.73	0
163	2020-11-18	8.73	8.73	8.73	8.73	0
164	2020-11-19	8.73	9.48	8.73	9.48	500
165	2020-11-20	8.88	9.48	9.48	9.48	0
166	2020-11-23	8.88	9.48	9.48	9.48	0
167	2020-11-24	8.88	9.48	9.48	9.48	0
168	2020-11-25	8.88	9.48	9.48	9.48	0
169	2020-11-26	8.88	9.48	9.48	9.48	0
170	2020-11-27	8.88	9.48	9.48	9.48	0
171	2020-11-30	8.88	9.48	9.48	9.48	0
172	2020-12-01	8.88	9.48	9.48	9.48	0
173	2020-12-02	8.88	9.48	9.48	9.48	0
174	2020-12-03	8.88	9.48	9.48	9.48	0
175	2020-12-04	8.88	9.48	9.48	9.48	0
176	2020-12-07	8.88	9.48	9.48	9.48	0
177	2020-12-08	8.88	9.48	9.48	9.48	0
178	2020-12-09	8.88	9.48	9.48	9.48	0
179	2020-12-10	8.88	9.48	9.48	9.48	0
180	2020-12-11	8.88	9.48	9.48	9.48	0
181	2020-12-14	8.88	9.48	9.48	9.48	0
182	2020-12-15	8.88	9.48	9.48	9.48	0
183	2020-12-16	8.88	9.48	9.48	9.48	0
184	2020-12-17	8.88	9.48	9.48	9.48	0
185	2020-12-18	8.88	9.48	9.48	9.48	0
186	2020-12-21	8.88	9.48	9.48	9.48	0
187	2020-12-22	8.88	9.48	9.48	9.48	0
188	2020-12-23	8.88	9.48	9.48	9.48	0
189	2020-12-24	8.88	9.48	9.48	9.48	0
190	2020-12-25	8.88	9.48	9.48	9.48	0
191	2020-12-28	8.88	9.48	9.48	9.48	0
192	2020-12-29	8.88	9.48	9.48	9.48	0
193	2020-12-30	8.88	9.48	9.48	9.48	0
194	2020-12-31	8.88	9.48	9.48	9.48	0
195	2021-01-04	8.88	9.48	9.48	9.48	0
196	2021-01-05	9.11	9.11	9.11	9.11	5500
197	2021-01-06	9.48	9.48	9.48	9.48	500
198	2021-01-07	9.71	9.71	8.12	8.12	2600
199	2021-01-08	9.11	8.12	8.12	8.12	0
200	2021-01-11	7.74	7.74	7.74	7.74	700
201	2021-01-12	7.74	7.74	7.74	7.74	0
202	2021-01-13	7.74	7.74	7.74	7.74	0
203	2021-01-14	7.74	7.74	7.74	7.74	0
204	2021-01-15	7.74	7.74	7.74	7.74	0
205	2021-01-18	7.74	7.74	7.74	7.74	0
206	2021-01-19	7.74	7.74	7.74	7.74	0
207	2021-01-20	7.74	7.74	7.74	7.74	0
208	2021-01-21	8.88	8.88	8.88	8.88	200
209	2021-01-22	8.88	8.88	8.88	8.88	0
210	2021-01-25	8.88	8.88	8.88	8.88	0
211	2021-01-26	8.88	8.88	8.88	8.88	0
212	2021-01-27	8.88	8.88	8.88	8.88	0
213	2021-01-28	8.88	8.88	8.88	8.88	0
214	2021-01-29	8.88	8.88	8.88	8.88	0
215	2021-02-01	8.88	8.88	8.88	8.88	0
216	2021-02-02	8.88	8.88	8.88	8.88	0
217	2021-02-03	8.88	8.88	8.88	8.88	0
218	2021-02-04	8.88	8.88	8.88	8.88	0
219	2021-02-05	8.88	8.88	8.88	8.88	0
220	2021-02-08	8.88	8.88	8.88	8.88	0
221	2021-02-09	8.88	8.88	8.88	8.88	0
222	2021-02-17	8.88	8.88	8.88	8.88	0
223	2021-02-18	8.88	10.17	8.88	10.17	1400
224	2021-02-19	9.03	10.17	10.17	10.17	0
225	2021-02-22	9.03	10.17	10.17	10.17	0
226	2021-02-23	9.03	10.17	10.17	10.17	0
227	2021-02-24	9.03	10.17	10.17	10.17	0
228	2021-02-25	9.03	10.17	10.17	10.17	0
229	2021-02-26	9.03	9.03	9.03	10.17	3
230	2021-03-01	9.03	10.17	10.17	10.17	0
231	2021-03-02	9.48	9.48	9.48	9.48	1000
232	2021-03-03	9.48	9.48	9.48	9.48	0
233	2021-03-04	9.48	9.48	9.48	9.48	0
234	2021-03-05	9.86	9.86	9.86	9.86	300
235	2021-03-08	9.86	9.86	9.86	9.86	500
236	2021-03-09	9.86	9.86	9.86	9.86	0
237	2021-03-10	9.86	9.86	9.86	9.86	0
238	2021-03-11	9.86	9.86	9.86	9.86	0
239	2021-03-12	9.86	9.86	9.86	9.86	0
240	2021-03-15	8.42	8.42	8.42	8.42	100
241	2021-03-16	8.42	8.42	8.42	8.42	0
242	2021-03-17	7.36	7.36	7.36	7.36	100
243	2021-03-18	7.36	7.36	7.36	7.36	0
244	2021-03-19	7.36	7.36	7.36	7.36	0
245	2021-03-22	7.36	7.36	7.36	7.36	0
246	2021-03-23	7.36	7.36	7.36	7.36	0
247	2021-03-24	7.36	7.36	7.36	7.36	0
248	2021-03-25	7.36	7.36	7.36	7.36	0
249	2021-03-26	7.36	7.36	7.36	7.36	0
250	2021-03-29	7.36	7.36	7.36	7.36	0
251	2021-03-30	7.36	7.36	7.36	7.36	0
252	2021-03-31	7.36	7.36	7.36	7.36	0
253	2021-04-01	7.36	7.36	7.36	7.36	0
254	2021-04-02	8.42	8.42	8.42	8.42	100
255	2021-04-05	8.42	8.42	8.42	8.42	0
256	2021-04-06	8.88	8.88	8.88	8.88	200
257	2021-04-07	9.86	9.86	9.86	9.86	200
258	2021-04-08	9.86	9.86	9.86	9.86	0
259	2021-04-09	9.86	9.86	9.86	9.86	0
260	2021-04-12	10.62	10.62	10.62	10.62	500
261	2021-04-13	10.62	10.62	10.62	10.62	0
262	2021-04-14	10.62	10.62	10.62	10.62	0
263	2021-04-15	10.62	10.62	10.62	10.62	0
264	2021-04-16	10.62	10.62	10.62	10.62	0
265	2021-04-19	10.62	10.62	10.62	10.62	0
266	2021-04-20	10.62	10.62	10.62	10.62	0
267	2021-04-22	9.03	9.03	9.03	9.03	400
268	2021-04-23	9.03	9.03	9.03	9.03	0
269	2021-04-26	9.03	9.03	9.03	9.03	0
270	2021-04-27	9.03	9.03	9.03	9.03	0
271	2021-04-28	9.03	9.03	9.03	9.03	0
272	2021-04-29	9.03	9.03	9.03	9.03	0
273	2021-05-04	9.03	9.03	9.03	9.03	0
274	2021-05-05	9.03	9.03	9.03	9.03	1000
275	2021-05-06	9.03	9.03	9.03	9.03	300
276	2021-05-07	9.03	9.03	9.03	9.03	0
277	2021-05-10	9.03	9.03	9.03	9.03	0
278	2021-05-11	9.03	9.03	9.03	9.03	0
279	2021-05-12	9.03	9.03	9.03	9.03	0
280	2021-05-13	9.03	9.03	9.03	9.03	0
281	2021-05-14	9.03	9.03	9.03	9.03	0
282	2021-05-17	9.03	9.03	9.03	9.03	0
283	2021-05-18	9.03	9.03	9.03	9.03	0
284	2021-05-19	9.03	9.03	9.03	9.03	1000
285	2021-05-20	9.03	9.03	9.03	9.03	0
286	2021-05-21	9.03	9.03	9.03	9.03	0
287	2021-05-24	9.03	9.03	9.03	9.03	0
288	2021-05-25	9.03	9.03	9.03	9.03	0
289	2021-05-26	9.03	9.03	9.03	9.03	1000
290	2021-05-27	9.03	9.03	9.03	9.03	0
291	2021-05-28	9.03	9.03	9.03	9.03	0
292	2021-05-31	9.03	9.03	9.03	9.03	0
293	2021-06-01	9.03	9.03	9.03	9.03	1000
294	2021-06-02	9.48	9.48	9.48	9.48	1500
295	2021-06-03	9.48	9.48	9.48	9.48	1000
296	2021-06-04	9.48	9.48	9.48	9.48	0
297	2021-06-07	9.41	9.41	9.41	9.41	500
298	2021-06-08	9.41	9.41	9.41	9.41	900
299	2021-06-09	9.56	9.56	9.56	9.56	200
300	2021-06-10	9.56	9.56	9.56	9.56	0
301	2021-06-11	9.64	9.64	9.64	9.64	100
302	2021-06-14	9.64	9.64	9.64	9.64	0
303	2021-06-15	9.64	9.64	9.64	9.64	0
304	2021-06-16	9.11	9.11	9.11	9.11	100
305	2021-06-17	10.47	10.47	8.73	8.73	3500
306	2021-06-18	8.95	8.73	8.73	8.73	0
307	2021-06-21	8.95	8.73	8.73	8.73	0
308	2021-06-22	8.95	8.73	8.73	8.73	0
309	2021-06-23	10.24	10.24	9.48	9.48	1500
310	2021-06-24	10.15	9.99	9.99	9.99	0
311	2021-06-25	11.19	11.19	11.19	11.19	100
312	2021-06-28	9.59	9.59	9.59	9.59	3000
313	2021-06-29	9.59	9.59	9.59	9.59	0
314	2021-06-30	9.59	9.59	9.59	9.59	0
315	2021-07-01	9.59	9.59	9.59	9.59	0
316	2021-07-02	9.59	9.59	9.59	9.59	0
317	2021-07-05	9.59	9.59	9.59	9.59	0
318	2021-07-06	9.59	9.59	9.59	9.59	0
319	2021-07-07	9.59	9.59	9.59	9.59	0
320	2021-07-08	9.59	9.59	9.59	9.59	0
321	2021-07-09	9.59	9.59	9.59	9.59	0
322	2021-07-12	9.59	9.59	9.59	9.59	0
323	2021-07-13	9.59	9.59	9.59	9.59	0
324	2021-07-14	9.59	9.59	9.59	9.59	0
325	2021-07-15	9.59	9.59	9.59	9.59	0
326	2021-07-16	9.59	9.59	9.59	9.59	0
327	2021-07-19	9.59	9.59	9.59	9.59	0
328	2021-07-20	9.59	9.59	9.59	9.59	0
329	2021-07-21	9.59	9.59	9.59	9.59	0
330	2021-07-22	9.59	9.59	9.59	9.59	0
331	2021-07-23	9.59	9.59	9.59	9.59	0
332	2021-07-26	9.59	9.59	9.59	9.59	0
333	2021-07-27	9.59	9.59	9.59	9.59	0
334	2021-07-28	9.59	9.59	9.59	9.59	0
335	2021-07-29	9.59	9.59	9.59	9.59	0
336	2021-07-30	9.59	9.59	9.59	9.59	0
337	2021-08-02	9.59	9.59	9.59	9.59	0
338	2021-08-03	9.59	9.59	9.59	9.59	0
339	2021-08-04	9.67	9.67	9.67	9.67	100
340	2021-08-05	9.67	9.67	9.67	9.67	0
341	2021-08-06	9.67	9.67	9.67	9.67	0
342	2021-08-09	9.67	9.67	9.67	9.67	0
343	2021-08-10	8.23	8.23	8.23	8.23	300
344	2021-08-11	8.23	8.23	8.23	8.23	100
345	2021-08-12	8.23	8.23	8.23	8.23	0
346	2021-08-13	8.23	8.23	8.23	8.23	0
347	2021-08-16	8.47	8.55	8.47	8.55	300
348	2021-08-17	8.55	8.55	8.55	8.55	0
349	2021-08-18	8.55	8.55	8.55	8.55	0
350	2021-08-19	8.55	8.55	8.55	8.55	0
351	2021-08-20	8.55	8.55	8.55	8.55	0
352	2021-08-23	8.55	8.55	8.55	8.55	0
353	2021-08-24	8.55	8.55	8.55	8.55	1200
354	2021-08-25	8.55	8.55	8.55	8.55	0
355	2021-08-26	8.55	8.55	8.55	8.55	0
356	2021-08-27	8.55	8.55	8.55	8.55	0
357	2021-08-30	8.55	8.55	8.55	8.55	0
358	2021-08-31	8.55	8.55	8.55	8.55	0
359	2021-09-01	8.55	8.55	8.55	8.55	0
360	2021-09-06	8.55	8.55	8.55	8.55	0
361	2021-09-07	8.55	8.55	8.55	8.55	0
362	2021-09-08	8.55	8.55	8.55	8.55	0
363	2021-09-09	9.59	9.59	9.59	9.59	200
364	2021-09-10	9.59	9.59	9.59	9.59	0
365	2021-09-13	9.59	9.59	9.59	9.59	0
366	2021-09-14	9.59	9.59	9.59	9.59	100
367	2021-09-15	9.43	9.43	9.43	9.43	600
368	2021-09-16	9.43	9.43	9.43	9.43	0
369	2021-09-17	9.43	9.43	9.43	9.43	0
370	2021-09-20	9.43	9.43	9.43	9.43	0
371	2021-09-21	9.43	9.43	9.43	9.43	0
372	2021-09-22	9.35	9.35	9.35	9.35	200
373	2021-09-23	9.59	9.83	9.43	9.83	3800
374	2021-09-24	10.55	10.55	10.55	10.55	1900
375	2021-09-27	10.31	10.31	10.23	10.23	3400
376	2021-09-28	9.99	10.07	9.99	10.07	1300
377	2021-09-29	9.99	9.99	9.99	9.99	0
378	2021-09-30	9.99	9.99	9.99	9.99	0
379	2021-10-01	9.99	9.99	9.99	9.99	0
380	2021-10-04	9.99	9.99	9.99	9.99	0
381	2021-10-05	10.07	10.07	9.99	9.99	300
382	2021-10-06	11.43	11.43	11.43	11.43	200
383	2021-10-07	11.43	11.43	11.43	11.43	0
384	2021-10-08	11.43	11.43	11.43	11.43	0
385	2021-10-11	11.43	11.43	11.43	11.43	0
386	2021-10-12	11.43	11.43	11.43	11.43	0
387	2021-10-13	11.19	11.19	11.19	11.19	300
388	2021-10-14	11.19	11.19	11.19	11.19	0
389	2021-10-15	11.19	11.19	11.19	11.19	300
390	2021-10-18	11.19	11.19	11.19	11.19	0
391	2021-10-19	11.19	11.19	11.19	11.19	0
392	2021-10-20	11.19	11.19	11.19	11.19	700
393	2021-10-21	11.99	11.99	11.99	11.99	100
394	2021-10-22	11.99	11.99	11.99	11.99	0
395	2021-10-25	10.79	10.79	10.39	10.39	300
396	2021-10-26	10.63	10.63	10.63	10.63	0
397	2021-10-27	9.99	9.99	9.99	9.99	100
398	2021-10-28	9.99	9.99	9.99	9.99	800
399	2021-10-29	10.79	10.79	10.79	10.79	1100
400	2021-11-01	11.11	11.11	10.87	10.87	1301
401	2021-11-02	10.87	11.19	10.87	11.19	13303
402	2021-11-03	11.11	11.11	11.11	11.11	0
403	2021-11-04	11.11	11.11	11.11	11.11	0
404	2021-11-05	11.11	11.11	11.11	11.11	0
405	2021-11-08	11.19	11.19	11.19	11.19	400
406	2021-11-09	11.19	11.19	11.19	11.19	0
407	2021-11-10	11.19	11.19	11.19	11.19	0
408	2021-11-11	11.27	11.27	11.27	11.27	100
409	2021-11-12	11.19	11.27	11.19	11.27	11600
410	2021-11-15	11.19	11.19	11.19	11.19	5021
411	2021-11-16	11.19	11.19	11.19	11.19	0
412	2021-11-17	11.19	11.19	11.19	11.19	400
413	2021-11-18	11.19	11.19	11.19	11.19	200
414	2021-11-19	11.19	11.19	11.19	11.19	0
415	2021-11-22	11.19	11.19	11.19	11.19	0
416	2021-11-23	11.19	11.19	11.19	11.19	0
417	2021-11-24	11.19	11.19	11.19	11.19	0
418	2021-11-25	11.19	11.19	11.19	11.19	0
419	2021-11-26	10.79	12.86	9.59	12.86	2600
420	2021-11-29	11.59	11.59	11.59	11.59	500
421	2021-11-30	11.59	11.59	11.59	11.59	0
422	2021-12-01	11.59	11.59	11.59	11.59	0
423	2021-12-02	10.79	10.79	10.79	10.79	100
424	2021-12-03	10.79	10.79	10.79	10.79	200
425	2021-12-06	10.79	11.59	9.19	11.59	1700
426	2021-12-07	11.03	11.03	11.03	11.03	2400
427	2021-12-08	11.03	11.03	11.03	11.03	0
428	2021-12-09	10.87	11.59	10.87	11.59	1100
429	2021-12-10	11.43	11.43	11.43	11.43	100
430	2021-12-13	11.59	11.59	11.59	11.59	162
431	2021-12-14	11.67	11.67	11.51	11.51	300
432	2021-12-15	9.99	9.99	9.99	9.99	2800
433	2021-12-16	9.99	9.99	9.99	9.99	74
434	2021-12-17	9.99	9.99	9.99	9.99	100
435	2021-12-20	11.03	11.03	10.87	10.95	700
436	2021-12-21	10.79	10.87	10.79	10.87	2100
437	2021-12-22	10.87	10.87	10.87	10.87	26
438	2021-12-23	10.87	10.87	10.87	10.87	48
439	2021-12-24	10.87	10.87	10.87	10.87	0
440	2021-12-27	11.67	11.99	11.67	11.99	1500
441	2021-12-28	11.99	11.99	11.99	11.99	26
442	2021-12-29	10.87	11.59	10.87	11.03	900
443	2021-12-30	10.87	10.87	10.79	10.79	700
444	2021-12-31	10.79	10.79	10.79	10.79	0
445	2022-01-04	9.27	11.11	9.27	11.11	714
446	2022-01-05	11.03	11.03	11.03	11.03	100
447	2022-01-06	11.03	11.03	11.03	11.03	0
448	2022-01-07	10.07	10.95	10.07	10.95	200
449	2022-01-10	11.19	11.19	11.19	11.19	100
450	2022-01-11	11.19	11.19	11.19	11.19	0
451	2022-01-12	9.59	11.11	9.59	11.11	200
452	2022-01-13	10.39	10.39	9.59	9.59	300
453	2022-01-14	10.07	10.07	10.07	10.07	200
454	2022-01-17	10.07	10.07	10.07	10.07	0
455	2022-01-18	10.07	10.07	10.07	10.07	0
456	2022-01-19	10.07	10.07	10.07	10.07	0
457	2022-01-20	10.07	10.07	10.07	10.07	0
458	2022-01-21	11.11	11.11	11.11	11.11	100
459	2022-01-24	11.11	11.11	11.11	11.11	0
460	2022-01-25	11.11	11.11	11.11	11.11	27
461	2022-01-26	11.11	11.11	11.11	11.11	0
462	2022-01-27	11.11	11.11	11.11	11.11	0
463	2022-01-28	11.11	11.11	11.11	11.11	0
464	2022-02-07	11.11	11.11	11.11	11.11	0
465	2022-02-08	11.11	11.11	11.11	11.11	0
466	2022-02-09	11.03	11.03	11.03	11.03	300
467	2022-02-10	11.03	11.03	10.31	10.31	400
468	2022-02-11	10.55	10.55	10.55	10.55	0
469	2022-02-14	10.55	10.55	10.55	10.55	0
470	2022-02-15	10.55	10.55	10.55	10.55	0
471	2022-02-16	10.55	10.55	10.55	10.55	0
472	2022-02-17	10.55	10.55	10.55	10.55	100
473	2022-02-18	10.55	10.55	10.55	10.55	100
474	2022-02-21	10.63	10.63	10.55	10.55	375
475	2022-02-22	10.39	10.39	10.39	10.39	1000
476	2022-02-23	10.39	10.39	10.39	10.39	0
477	2022-02-24	11.03	11.03	11.03	11.03	100
478	2022-02-25	11.03	11.03	11.03	11.03	0
479	2022-02-28	10.63	10.95	10.63	10.95	405
480	2022-03-01	10.79	10.79	10.79	10.79	0
481	2022-03-02	10.79	10.79	10.79	10.79	400
482	2022-03-03	9.27	11.03	9.27	11.03	200
483	2022-03-04	10.15	10.15	10.15	10.15	0
484	2022-03-07	10.79	10.79	10.79	10.79	100
485	2022-03-08	10.79	10.79	10.79	10.79	100
486	2022-03-09	10.79	10.79	10.79	10.79	0
487	2022-03-10	10.79	10.79	10.79	10.79	200
488	2022-03-11	10.79	10.79	10.79	10.79	100
489	2022-03-14	10.79	10.79	10.79	10.79	0
490	2022-03-15	10.79	10.79	10.79	10.79	0
491	2022-03-16	10.79	10.79	10.79	10.79	0
492	2022-03-17	10.79	10.79	10.79	10.79	2100
493	2022-03-18	10.79	10.79	10.79	10.79	0
494	2022-03-21	10.79	10.79	10.79	10.79	0
495	2022-03-22	11.99	11.99	11.99	11.99	100
496	2022-03-23	11.99	11.99	11.99	11.99	0
497	2022-03-24	11.99	11.99	11.99	11.99	0
498	2022-03-25	11.99	11.99	11.99	11.99	0
499	2022-03-28	11.99	11.99	11.99	11.99	0
500	2022-03-29	11.99	11.99	11.99	11.99	0
501	2022-03-30	11.99	11.99	11.99	11.99	0
502	2022-03-31	11.99	11.99	11.99	11.99	0
503	2022-04-01	11.99	11.99	11.99	11.99	0
504	2022-04-04	11.99	11.99	11.99	11.99	0
505	2022-04-05	11.99	11.99	11.99	11.99	0
506	2022-04-06	11.99	11.99	11.99	11.99	0
507	2022-04-07	11.99	11.99	11.99	11.99	7
508	2022-04-08	11.99	11.99	11.99	11.99	0
509	2022-04-12	11.99	11.99	11.99	11.99	0
510	2022-04-13	10.31	10.31	10.31	10.31	4100
511	2022-04-14	10.31	10.31	10.31	10.31	0
512	2022-04-15	10.31	10.31	10.31	10.31	0
513	2022-04-18	10.31	10.31	10.31	10.31	100
514	2022-04-19	10.39	10.39	10.31	10.31	1900
515	2022-04-20	10.95	10.95	10.95	10.95	400
516	2022-04-21	10.95	10.95	10.95	10.95	0
517	2022-04-22	10.95	10.95	10.95	10.95	200
518	2022-04-25	10.87	10.87	10.87	10.87	600
519	2022-04-26	9.27	9.27	9.27	9.27	2800
520	2022-04-27	10.31	10.39	10.31	10.39	200
521	2022-04-28	10.39	10.39	10.39	10.39	0
522	2022-04-29	10.23	10.39	10.23	10.39	2800
523	2022-05-04	10.31	10.39	10.31	10.39	2500
524	2022-05-05	10.39	10.39	10.39	10.39	0
525	2022-05-06	10.39	10.39	10.39	10.39	100
526	2022-05-09	10.39	10.39	10.39	10.39	0
527	2022-05-10	10.39	10.39	10.39	10.39	0
528	2022-05-11	10.39	10.39	10.39	10.39	0
529	2022-05-12	10.39	10.39	10.39	10.39	0
530	2022-05-13	10.39	10.39	10.39	10.39	0
531	2022-05-16	10.39	10.39	10.39	10.39	0
532	2022-05-17	10.39	10.39	10.39	10.39	0
533	2022-05-18	10.39	10.39	10.39	10.39	0
534	2022-05-19	10.39	10.39	10.39	10.39	0
535	2022-05-20	10.39	10.39	10.39	10.39	0
536	2022-05-23	10.39	10.39	10.39	10.39	0
537	2022-05-24	10.39	10.39	10.39	10.39	0
538	2022-05-25	10.39	10.39	10.39	10.39	0
539	2022-05-26	10.39	10.39	10.39	10.39	0
540	2022-05-27	10.39	10.39	10.39	10.39	0
541	2022-05-30	10.39	10.39	10.39	10.39	1
542	2022-05-31	10.39	10.39	10.39	10.39	0
543	2022-06-01	10.39	10.39	10.39	10.39	0
544	2022-06-02	10.39	10.39	10.39	10.39	0
545	2022-06-03	10.39	10.39	10.39	10.39	0
546	2022-06-06	10.39	10.39	10.39	10.39	0
547	2022-06-07	10.4	10.4	10.4	10.4	0
548	2022-06-08	10.4	10.4	10.4	10.4	0
549	2022-06-09	10.4	10.4	10.4	10.4	0
550	2022-06-10	11.08	11.08	11.08	11.08	1200
551	2022-06-13	11.08	11.08	11.08	11.08	0
552	2022-06-14	11.08	11.08	11.08	11.08	0
553	2022-06-15	11.08	11.08	11.08	11.08	0
554	2022-06-16	11.08	11.08	11.08	11.08	0
555	2022-06-17	11.08	11.08	11.08	11.08	0
556	2022-06-20	11.08	11.08	11.08	11.08	0
557	2022-06-21	11.08	11.08	11.08	11.08	0
558	2022-06-22	11.08	11.08	11.08	11.08	0
559	2022-06-23	11.08	11.08	11.08	11.08	0
560	2022-06-24	12.7	12.7	12.7	12.7	100
561	2022-06-27	13.47	13.64	13.47	13.64	2000
562	2022-06-28	15.52	15.52	15.52	15.52	100
563	2022-06-29	15.52	15.52	15.52	15.52	0
564	2022-06-30	15.52	15.52	15.52	15.52	0
565	2022-07-01	15.52	15.52	15.52	15.52	0
566	2022-07-04	15.52	15.52	15.52	15.52	0
567	2022-07-05	15.52	15.52	15.52	15.52	0
568	2022-07-06	15.52	15.52	15.52	15.52	0
569	2022-07-07	15.52	15.52	15.52	15.52	0
570	2022-07-08	15.52	15.52	15.52	15.52	0
571	2022-07-11	15.52	15.52	15.52	15.52	0
572	2022-07-12	15.52	15.52	15.52	15.52	0
573	2022-07-13	15.52	15.52	15.52	15.52	0
574	2022-07-14	15.52	15.52	15.52	15.52	0
575	2022-07-15	15.52	15.52	15.52	15.52	0
576	2022-07-18	15.52	15.52	15.52	15.52	0
577	2022-07-19	15.52	15.52	15.52	15.52	0
578	2022-07-20	15.52	15.52	15.52	15.52	0
579	2022-07-21	15.52	15.52	15.52	15.52	0
580	2022-07-22	15.52	15.52	15.52	15.52	0
581	2022-07-25	15.52	15.52	15.52	15.52	0
582	2022-07-26	15.52	15.52	15.52	15.52	0
583	2022-07-27	15.52	15.52	15.52	15.52	0
584	2022-07-28	15.52	15.52	15.52	15.52	0
585	2022-07-29	15.52	15.52	15.52	15.52	0
586	2022-08-01	15.52	15.52	15.52	15.52	0
587	2022-08-02	15.52	15.52	15.52	15.52	0
588	2022-08-03	15.52	15.52	15.52	15.52	0
589	2022-08-04	15.52	15.52	15.52	15.52	0
590	2022-08-05	15.52	15.52	15.52	15.52	0
591	2022-08-08	15.52	15.52	15.52	15.52	0
592	2022-08-09	15.52	15.52	15.52	15.52	0
593	2022-08-10	15.52	15.52	15.52	15.52	0
594	2022-08-11	15.52	15.52	15.52	15.52	0
595	2022-08-12	15.52	15.52	15.52	15.52	0
596	2022-08-15	9.46	9.46	9.46	9.46	2000
597	2022-08-16	9.46	9.46	9.46	9.46	0
598	2022-08-17	9.8	9.8	9.8	9.8	1000
599	2022-08-18	11.08	11.08	11.08	11.08	300
600	2022-08-19	10.23	10.23	10.23	10.23	1000
601	2022-08-22	10.23	10.23	10.23	10.23	100
602	2022-08-23	10.23	10.23	10.23	10.23	0
603	2022-08-24	9.38	9.55	9.38	9.55	3900
604	2022-08-25	9.46	9.46	9.46	9.46	0
605	2022-08-26	9.46	9.46	9.46	9.46	0
606	2022-08-29	9.46	9.46	9.46	9.46	0
607	2022-08-30	9.46	9.46	9.46	9.46	0
608	2022-08-31	9.46	9.46	9.46	9.46	0
609	2022-09-05	10.23	10.23	10.23	10.23	100
610	2022-09-06	10.23	10.23	10.23	10.23	0
611	2022-09-07	9.38	9.46	9.38	9.38	1200
612	2022-09-08	9.38	9.38	9.38	9.38	0
613	2022-09-09	9.38	9.38	9.38	9.38	0
614	2022-09-12	9.38	9.38	9.38	9.38	0
615	2022-09-13	9.38	10.74	9.38	10.66	3200
616	2022-09-14	9.72	9.72	9.72	9.72	0
617	2022-09-15	10.66	11.08	10.66	11.08	600
618	2022-09-16	11.42	11.42	11.42	11.42	100
619	2022-09-19	9.72	9.72	9.72	9.72	1000
620	2022-09-20	9.72	9.72	9.72	9.72	0
621	2022-09-21	9.72	9.72	9.72	9.72	0
622	2022-09-22	9.72	9.72	9.72	9.72	0
623	2022-09-23	9.72	9.72	9.72	9.72	0
624	2022-09-26	9.72	9.72	9.72	9.72	0
625	2022-09-27	9.72	9.72	9.72	9.72	0
626	2022-09-28	9.72	9.72	9.72	9.72	0
627	2022-09-29	9.72	9.72	9.72	9.72	0
628	2022-09-30	9.72	9.72	9.72	9.72	0
629	2022-10-03	9.72	9.72	9.72	9.72	0
630	2022-10-04	9.72	9.72	9.72	9.72	0
631	2022-10-05	9.72	9.72	9.72	9.72	0
632	2022-10-06	9.72	9.72	9.72	9.72	0
633	2022-10-07	9.72	9.72	9.72	9.72	0
634	2022-10-10	9.72	9.72	9.72	9.72	1
635	2022-10-11	9.72	9.72	9.72	9.72	0
636	2022-10-12	9.72	9.72	9.72	9.72	0
637	2022-10-13	9.72	9.72	9.72	9.72	0
638	2022-10-14	9.72	9.72	9.72	9.72	0
639	2022-10-17	9.72	9.72	9.72	9.72	0
640	2022-10-18	9.72	9.72	9.72	9.72	0
641	2022-10-19	9.72	9.72	9.72	9.72	0
642	2022-10-20	9.72	9.72	9.72	9.72	0
643	2022-10-21	9.72	9.72	9.72	9.72	0
644	2022-10-24	9.72	9.72	9.72	9.72	0
645	2022-10-25	9.72	9.72	9.72	9.72	0
646	2022-10-26	9.72	9.72	9.72	9.72	0
647	2022-10-27	9.72	9.72	9.72	9.72	0
648	2022-10-28	9.72	9.72	9.72	9.72	0
649	2022-10-31	9.72	9.72	9.72	9.72	1
650	2022-11-01	9.72	9.72	9.72	9.72	0
651	2022-11-02	9.72	9.72	9.72	9.72	0
652	2022-11-03	9.72	9.72	9.72	9.72	0
653	2022-11-04	9.72	9.72	9.72	9.72	0
654	2022-11-07	9.72	9.72	9.72	9.72	0
655	2022-11-08	9.72	9.72	9.72	9.72	0
656	2022-11-09	9.72	9.72	9.72	9.72	0
657	2022-11-10	9.72	9.72	9.72	9.72	0
658	2022-11-11	9.72	9.72	9.72	9.72	0
659	2022-11-14	9.72	9.72	9.72	9.72	0
660	2022-11-15	9.72	9.72	9.72	9.72	0
661	2022-11-16	9.72	9.72	9.72	9.72	0
662	2022-11-17	9.72	9.72	9.72	9.72	0
663	2022-11-18	9.72	9.72	9.72	9.72	0
664	2022-11-21	9.72	9.72	9.72	9.72	0
665	2022-11-22	9.72	9.72	9.72	9.72	0
666	2022-11-23	9.72	9.72	9.72	9.72	0
667	2022-11-24	9.72	9.72	9.72	9.72	0
668	2022-11-25	9.72	9.72	9.72	9.72	0
669	2022-11-28	9.72	9.72	9.72	9.72	0
670	2022-11-29	6.65	6.73	6.65	6.65	8800
671	2022-11-30	6.65	6.65	6.65	6.65	0
672	2022-12-01	7.59	7.59	7.59	7.59	1200
673	2022-12-02	7.59	7.59	7.59	7.59	0
674	2022-12-05	8.7	8.7	8.7	8.7	100
675	2022-12-06	8.7	8.7	8.7	8.7	0
676	2022-12-07	8.7	8.7	8.7	8.7	0
677	2022-12-08	8.7	8.7	8.7	8.7	0
678	2022-12-09	8.7	8.7	8.7	8.7	0
679	2022-12-12	8.7	8.7	8.7	8.7	0
680	2022-12-13	8.7	8.7	8.7	8.7	0
681	2022-12-14	8.7	8.7	8.7	8.7	0
682	2022-12-15	8.7	8.7	8.7	8.7	0
683	2022-12-16	8.7	8.7	8.7	8.7	0
684	2022-12-19	8.7	8.7	8.7	8.7	0
685	2022-12-20	8.7	8.7	8.7	8.7	0
686	2022-12-21	8.7	8.7	8.7	8.7	0
687	2022-12-22	8.7	8.7	8.7	8.7	0
688	2022-12-23	8.7	8.7	8.7	8.7	0
689	2022-12-26	8.7	8.7	8.7	8.7	0
690	2022-12-27	8.7	8.7	8.7	8.7	0
691	2022-12-28	8.7	8.7	8.7	8.7	0
692	2022-12-29	8.7	8.7	8.7	8.7	0
693	2022-12-30	8.7	8.7	8.7	8.7	0
694	2023-01-03	8.7	8.7	8.7	8.7	0
695	2023-01-04	8.7	8.7	8.7	8.7	0
696	2023-01-05	8.7	8.7	8.7	8.7	0
697	2023-01-06	8.7	8.7	8.7	8.7	0
698	2023-01-09	8.7	8.7	8.7	8.7	0
699	2023-01-10	8.7	8.7	8.7	8.7	0
700	2023-01-11	9.8	9.8	9.8	9.8	100
701	2023-01-12	9.8	9.8	9.8	9.8	0
702	2023-01-13	9.8	9.8	9.8	9.8	0
703	2023-01-16	9.8	9.8	9.8	9.8	0
704	2023-01-17	9.8	9.8	9.8	9.8	0
705	2023-01-18	9.8	9.8	9.8	9.8	0
706	2023-01-19	9.8	9.8	9.8	9.8	0
707	2023-01-27	9.8	9.8	9.8	9.8	0
708	2023-01-30	9.8	9.8	9.8	9.8	0
709	2023-01-31	9.8	9.8	9.8	9.8	0
710	2023-02-01	9.8	9.8	9.8	9.8	0
711	2023-02-02	9.8	9.8	9.8	9.8	0
712	2023-02-03	9.8	9.8	9.8	9.8	0
713	2023-02-06	9.8	9.8	9.8	9.8	0
714	2023-02-07	9.8	9.8	9.8	9.8	0
715	2023-02-08	9.8	9.8	9.8	9.8	0
716	2023-02-09	9.8	9.8	9.8	9.8	0
717	2023-02-10	9.8	9.8	9.8	9.8	0
718	2023-02-13	9.8	9.8	9.8	9.8	0
719	2023-02-14	9.8	9.8	9.8	9.8	0
720	2023-02-15	9.8	9.8	9.8	9.8	0
721	2023-02-16	9.8	9.8	9.8	9.8	100
722	2023-02-17	9.8	9.8	9.8	9.8	0
723	2023-02-20	9.8	9.8	9.8	9.8	0
724	2023-02-21	10.66	10.66	9.89	10.66	1300
725	2023-02-22	10.06	10.06	10.06	10.06	0
726	2023-02-23	10.06	10.06	10.06	10.06	0
727	2023-02-24	10.06	10.06	10.06	10.06	0
728	2023-02-27	10.06	10.06	10.06	10.06	0
729	2023-02-28	10.06	10.06	10.06	10.06	0
730	2023-03-01	10.74	10.74	10.74	10.74	100
731	2023-03-02	10.74	10.74	10.74	10.74	0
732	2023-03-03	10.74	10.74	10.74	10.74	0
733	2023-03-06	10.74	10.74	10.74	10.74	0
734	2023-03-07	10.74	10.74	10.74	10.74	0
735	2023-03-08	11.08	11.08	11.08	11.08	100
736	2023-03-09	11.08	11.08	11.08	11.08	0
737	2023-03-10	11.08	11.08	11.08	11.08	0
738	2023-03-13	11.08	11.08	11.08	11.08	0
739	2023-03-14	11.08	11.08	11.08	11.08	0
740	2023-03-15	11.08	11.08	11.08	11.08	0
741	2023-03-16	11.08	11.08	11.08	11.08	0
742	2023-03-17	11.08	11.08	11.08	11.08	0
743	2023-03-20	11.08	11.08	11.08	11.08	0
744	2023-03-21	11.08	11.08	11.08	11.08	0
745	2023-03-22	11.08	11.08	11.08	11.08	0
746	2023-03-23	11.08	11.08	11.08	11.08	0
747	2023-03-24	11.08	11.08	11.08	11.08	0
748	2023-03-27	11.08	11.08	11.08	11.08	0
749	2023-03-28	9.46	9.46	9.46	9.46	100
750	2023-03-29	8.1	8.1	8.1	8.1	100
751	2023-03-30	6.99	6.99	6.99	6.99	200
752	2023-03-31	5.97	5.97	5.97	5.97	300
753	2023-04-03	5.97	5.97	5.97	5.97	0
754	2023-04-04	5.97	5.97	5.97	5.97	0
755	2023-04-05	5.97	5.97	5.97	5.97	0
756	2023-04-06	6.82	6.82	6.82	6.82	100
757	2023-04-07	7.84	7.84	7.84	7.84	100
758	2023-04-10	8.95	8.95	8.95	8.95	100
759	2023-04-11	10.23	10.23	10.23	10.23	200
760	2023-04-12	8.7	8.7	8.7	8.7	100
761	2023-04-13	9.97	9.97	9.97	9.97	100
762	2023-04-14	9.97	9.97	9.97	9.97	100
763	2023-04-17	9.97	9.97	9.97	9.97	0
764	2023-04-18	9.97	9.97	9.97	9.97	0
765	2023-04-19	9.97	9.97	9.97	9.97	0
766	2023-04-20	9.97	9.97	9.97	9.97	0
767	2023-04-21	9.97	9.97	9.97	9.97	0
768	2023-04-24	10.06	10.32	10.06	10.32	200
769	2023-04-25	10.23	10.23	10.23	10.23	0
770	2023-04-26	10.23	10.23	10.23	10.23	0
771	2023-04-27	10.23	10.23	10.23	10.23	0
772	2023-04-28	10.23	10.23	10.23	10.23	0
773	2023-05-04	10.23	10.23	10.23	10.23	0
774	2023-05-05	10.23	10.23	10.23	10.23	0
775	2023-05-08	10.23	10.23	10.23	10.23	1
776	2023-05-09	10.23	10.23	10.23	10.23	0
777	2023-05-10	10.23	10.23	10.23	10.23	0
778	2023-05-11	10.23	10.23	10.23	10.23	0
779	2023-05-12	10.23	10.23	10.23	10.23	0
780	2023-05-15	11.0	11.0	11.0	11.0	100
781	2023-05-16	11.0	11.0	11.0	11.0	0
782	2023-05-17	11.0	11.0	11.0	11.0	0
783	2023-05-18	11.0	11.0	11.0	11.0	0
784	2023-05-19	11.0	11.0	11.0	11.0	0
785	2023-05-22	9.8	11.0	9.8	11.0	6400
786	2023-05-23	10.23	10.23	10.23	10.23	2000
787	2023-05-24	10.23	10.23	10.23	10.23	0
788	2023-05-25	10.23	10.23	10.23	10.23	100
789	2023-05-26	10.23	10.23	10.23	10.23	0
790	2023-05-29	10.23	10.23	10.23	10.23	0
791	2023-05-30	10.23	10.23	10.23	10.23	0
792	2023-05-31	10.23	10.23	10.23	10.23	0
793	2023-06-01	10.23	10.23	10.23	10.23	0
794	2023-06-02	10.23	10.23	10.23	10.23	0
795	2023-06-05	10.23	10.23	10.23	10.23	0
796	2023-06-06	10.23	10.23	10.23	10.23	0
797	2023-06-07	10.23	10.23	10.23	10.23	0
798	2023-06-08	10.23	10.23	10.23	10.23	0
799	2023-06-09	10.23	10.23	10.23	10.23	0
800	2023-06-12	10.23	10.23	10.23	10.23	0
801	2023-06-13	10.23	10.23	10.23	10.23	0
802	2023-06-14	10.23	10.23	10.23	10.23	0
803	2023-06-15	10.23	10.23	10.23	10.23	0
804	2023-06-16	10.23	10.23	10.23	10.23	1
805	2023-06-19	10.23	10.23	10.23	10.23	0
806	2023-06-20	11.34	11.34	11.34	11.34	200
807	2023-06-21	11.35	11.35	11.35	11.35	0
808	2023-06-22	11.35	11.35	11.35	11.35	0
809	2023-06-23	11.35	11.35	11.35	11.35	0
810	2023-06-26	11.35	11.35	11.35	11.35	0
811	2023-06-27	11.35	11.35	11.35	11.35	0
812	2023-06-28	11.35	11.35	11.35	11.35	0
813	2023-06-29	11.35	11.35	11.35	11.35	0
814	2023-06-30	11.35	11.35	11.35	11.35	0
815	2023-07-03	11.35	11.35	11.35	11.35	0
816	2023-07-04	11.35	11.35	11.35	11.35	0
817	2023-07-05	11.35	11.35	11.35	11.35	0
818	2023-07-06	11.35	11.35	11.35	11.35	0
819	2023-07-07	11.35	11.35	11.35	11.35	0
820	2023-07-10	11.35	11.35	11.35	11.35	0
821	2023-07-11	11.99	11.99	11.99	11.99	100
822	2023-07-12	11.99	11.99	11.99	11.99	0
823	2023-07-13	11.99	11.99	11.99	11.99	0
824	2023-07-14	11.99	11.99	11.99	11.99	0
825	2023-07-17	11.99	11.99	11.99	11.99	0
826	2023-07-18	11.99	11.99	11.99	11.99	0
827	2023-07-19	11.99	11.99	11.99	11.99	0
828	2023-07-20	11.99	11.99	11.99	11.99	0
829	2023-07-21	11.99	11.99	11.99	11.99	0
830	2023-07-24	11.99	11.99	11.99	11.99	0
831	2023-07-25	11.99	11.99	11.99	11.99	0
832	2023-07-26	11.99	11.99	11.99	11.99	0
833	2023-07-27	11.99	11.99	11.99	11.99	0
834	2023-07-28	11.99	11.99	11.99	11.99	0
835	2023-07-31	11.9	11.9	11.9	11.9	100
836	2023-08-01	11.9	11.9	11.9	11.9	200
837	2023-08-02	11.9	11.9	11.9	11.9	0
838	2023-08-03	11.9	11.9	11.9	11.9	0
839	2023-08-04	11.9	11.9	11.9	11.9	0
840	2023-08-07	11.9	11.9	11.9	11.9	1
841	2023-08-08	11.9	11.9	11.9	11.9	0
842	2023-08-09	11.9	11.9	11.9	11.9	0
843	2023-08-10	11.9	11.9	11.9	11.9	0
844	2023-08-11	11.9	11.9	11.9	11.9	1
845	2023-08-14	11.9	11.9	11.9	11.9	0
846	2023-08-15	11.9	11.9	11.9	11.9	0
847	2023-08-16	11.9	11.9	11.9	11.9	0
848	2023-08-17	11.9	11.9	11.9	11.9	0
849	2023-08-18	11.9	11.9	11.9	11.9	0
850	2023-08-21	11.9	11.9	11.9	11.9	0
851	2023-08-22	11.9	11.9	11.9	11.9	0
852	2023-08-23	11.9	11.9	11.9	11.9	0
853	2023-08-24	11.9	11.9	11.9	11.9	0
854	2023-08-25	11.9	11.9	11.9	11.9	0
855	2023-08-28	11.9	11.9	11.9	11.9	0
856	2023-08-29	11.9	11.9	11.9	11.9	0
857	2023-08-30	11.9	11.9	11.9	11.9	0
858	2023-08-31	11.9	11.9	11.9	11.9	2
859	2023-09-05	12.36	12.36	12.36	12.36	300
860	2023-09-06	12.09	12.54	12.09	12.54	6400
861	2023-09-07	12.36	12.36	12.36	12.36	100
862	2023-09-08	12.36	12.36	12.36	12.36	0
863	2023-09-11	12.36	12.36	12.36	12.36	0
864	2023-09-12	12.36	12.36	12.36	12.36	0
865	2023-09-13	12.36	12.36	12.36	12.36	0
866	2023-09-14	12.36	12.36	12.36	12.36	0
867	2023-09-15	12.36	12.36	12.36	12.36	0
868	2023-09-18	12.36	12.36	12.36	12.36	0
869	2023-09-19	12.36	12.36	12.36	12.36	0
870	2023-09-20	12.36	12.36	12.36	12.36	0
871	2023-09-21	12.36	12.36	12.36	12.36	0
872	2023-09-22	12.36	12.36	12.36	12.36	0
873	2023-09-25	12.36	12.36	12.36	12.36	0
874	2023-09-26	12.36	12.36	12.36	12.36	0
875	2023-09-27	11.9	11.9	11.9	11.9	500
876	2023-09-28	11.9	11.9	11.9	11.9	0
877	2023-09-29	11.9	11.9	11.9	11.9	0
878	2023-10-02	11.9	11.9	11.9	11.9	0
879	2023-10-03	11.9	11.9	11.9	11.9	0
880	2023-10-04	11.9	11.9	11.9	11.9	0
881	2023-10-05	11.9	11.9	11.9	11.9	0
882	2023-10-06	11.9	11.9	11.9	11.9	0
883	2023-10-09	11.9	11.9	11.9	11.9	0
884	2023-10-10	11.9	11.9	11.9	11.9	0
885	2023-10-11	11.9	11.9	11.9	11.9	0
886	2023-10-12	11.9	11.9	11.9	11.9	0
887	2023-10-13	11.9	11.9	11.9	11.9	0
888	2023-10-16	11.99	11.99	11.99	11.99	100
889	2023-10-17	11.99	11.99	11.99	11.99	0
890	2023-10-18	11.99	11.99	11.99	11.99	0
891	2023-10-19	11.99	11.99	11.99	11.99	0
892	2023-10-20	11.99	11.99	11.99	11.99	0
893	2023-10-23	11.99	11.99	11.99	11.99	0
894	2023-10-24	11.99	11.99	11.99	11.99	0
895	2023-10-25	11.99	11.99	11.99	11.99	0
896	2023-10-26	11.99	11.99	11.99	11.99	0
897	2023-10-27	11.99	11.99	11.99	11.99	0
898	2023-10-30	11.99	11.99	11.99	11.99	0
899	2023-10-31	11.99	11.99	11.99	11.99	400
900	2023-11-01	11.99	11.99	11.99	11.99	1
901	2023-11-02	11.99	11.99	11.99	11.99	0
902	2023-11-03	11.99	11.99	11.99	11.99	0
903	2023-11-06	11.99	11.99	11.99	11.99	0
904	2023-11-07	13.28	13.28	13.28	13.28	100
905	2023-11-08	13.28	13.28	13.28	13.28	0
906	2023-11-09	13.28	13.28	13.28	13.28	0
907	2023-11-10	13.28	13.28	13.28	13.28	1
908	2023-11-13	13.28	13.28	13.28	13.28	0
909	2023-11-14	13.28	13.28	13.28	13.28	0
910	2023-11-15	12.82	12.82	12.82	12.82	2000
911	2023-11-16	12.36	12.36	12.36	12.36	501
912	2023-11-17	12.36	12.36	12.36	12.36	0
913	2023-11-20	11.9	11.9	11.9	11.9	500
914	2023-11-21	11.9	11.9	11.9	11.9	0
915	2023-11-22	11.9	11.9	11.9	11.9	0
916	2023-11-23	11.9	11.9	11.9	11.9	500
917	2023-11-24	11.9	11.9	11.9	11.9	0
918	2023-11-27	11.9	11.9	11.9	11.9	0
919	2023-11-28	11.9	11.9	11.9	11.9	0
920	2023-11-29	11.9	11.9	11.9	11.9	1000
921	2023-11-30	11.9	11.9	11.9	11.9	0
922	2023-12-01	11.9	11.9	11.9	11.9	0
923	2023-12-04	11.9	11.9	11.9	11.9	500
924	2023-12-05	11.9	11.9	11.9	11.9	0
925	2023-12-06	11.9	11.9	11.9	11.9	0
926	2023-12-07	11.9	11.9	11.9	11.9	0
927	2023-12-08	11.9	11.9	11.9	11.9	0
928	2023-12-11	11.9	11.9	11.9	11.9	500
929	2023-12-12	11.9	11.9	11.9	11.9	500
930	2023-12-13	11.9	11.9	11.9	11.9	0
931	2023-12-14	11.9	11.9	11.9	11.9	0
932	2023-12-15	11.9	11.9	11.9	11.9	1
933	2023-12-18	11.9	11.9	11.9	11.9	0
934	2023-12-19	11.9	11.9	11.9	11.9	600
935	2023-12-20	11.9	11.9	11.9	11.9	500
936	2023-12-21	11.9	11.9	11.9	11.9	0
937	2023-12-22	11.72	11.72	11.72	11.72	800
938	2023-12-25	11.72	11.72	11.72	11.72	0
939	2023-12-26	11.72	11.72	11.72	11.72	0
940	2023-12-27	11.72	11.72	11.72	11.72	0
941	2023-12-28	11.72	11.72	11.72	11.72	0
942	2023-12-29	11.72	11.72	11.72	11.72	0
943	2024-01-02	11.72	11.72	11.72	11.72	0
944	2024-01-03	11.72	11.72	11.72	11.72	0
945	2024-01-04	11.72	11.72	11.72	11.72	0
946	2024-01-05	11.72	11.72	11.72	11.72	0
947	2024-01-08	11.72	11.72	11.72	11.72	0
948	2024-01-09	11.72	11.72	11.72	11.72	0
949	2024-01-10	11.72	11.72	11.72	11.72	0
950	2024-01-11	11.72	11.72	11.72	11.72	0
951	2024-01-12	11.72	11.72	11.72	11.72	0
952	2024-01-15	11.72	11.72	11.72	11.72	0
953	2024-01-16	11.72	11.72	11.72	11.72	0
954	2024-01-17	11.72	11.72	11.72	11.72	0
955	2024-01-18	11.72	11.72	11.72	11.72	0
956	2024-01-19	11.72	11.72	11.72	11.72	0
957	2024-01-22	11.44	11.44	11.44	11.44	600
958	2024-01-23	12.36	12.36	12.36	12.36	400
959	2024-01-24	12.36	12.36	12.36	12.36	0
960	2024-01-25	12.36	12.36	12.36	12.36	0
961	2024-01-26	12.36	12.36	12.36	12.36	0
962	2024-01-29	12.36	12.36	12.36	12.36	1
963	2024-01-30	12.36	12.36	12.36	12.36	0
964	2024-01-31	12.36	12.36	12.36	12.36	0
965	2024-02-01	12.36	12.36	12.36	12.36	0
966	2024-02-02	12.36	12.36	12.36	12.36	0
967	2024-02-05	12.36	12.36	12.36	12.36	0
968	2024-02-06	12.36	12.36	12.36	12.36	0
969	2024-02-07	12.36	12.36	12.36	12.36	0
970	2024-02-15	12.36	12.36	12.36	12.36	0
971	2024-02-16	12.36	12.36	12.36	12.36	400
972	2024-02-19	12.36	12.36	12.36	12.36	1000
973	2024-02-20	12.36	12.36	12.36	12.36	500
974	2024-02-21	12.36	12.36	12.36	12.36	500
975	2024-02-22	12.36	12.36	12.36	12.36	0
976	2024-02-23	12.36	12.36	12.36	12.36	500
977	2024-02-26	12.36	12.36	12.36	12.36	0
978	2024-02-27	12.36	12.36	12.36	12.36	0
979	2024-02-28	12.36	12.36	12.36	12.36	0
980	2024-02-29	11.99	11.99	11.99	11.99	1100
981	2024-03-01	12.45	12.45	12.36	12.45	1600
982	2024-03-04	12.45	12.45	12.45	12.45	0
983	2024-03-05	12.18	12.18	11.99	12.18	301
984	2024-03-06	11.99	11.99	11.9	11.9	1100
985	2024-03-07	11.99	11.99	11.99	11.99	0
986	2024-03-08	11.99	11.99	11.99	11.99	0
987	2024-03-11	11.99	11.99	11.99	11.99	0
988	2024-03-12	11.99	11.99	11.99	11.99	0
989	2024-03-13	11.99	11.99	11.99	11.99	0
990	2024-03-14	11.99	11.99	11.99	11.99	0
991	2024-03-15	11.99	11.99	11.99	11.99	0
992	2024-03-18	11.99	11.99	11.99	11.99	0
993	2024-03-19	11.99	11.99	11.99	11.99	0
994	2024-03-20	11.99	11.99	11.99	11.99	0
995	2024-03-21	11.99	11.99	11.99	11.99	0
996	2024-03-22	12.64	12.64	12.64	12.64	100
997	2024-03-25	12.64	12.64	12.64	12.64	0
998	2024-03-26	12.64	12.64	12.64	12.64	0
999	2024-03-27	12.64	12.64	12.64	12.64	0
1000	2024-03-28	12.64	12.64	12.64	12.64	0
1001	2024-03-29	12.64	12.64	12.64	12.64	0
1002	2024-04-01	12.64	12.64	12.64	12.64	0
1003	2024-04-02	12.64	12.64	12.64	12.64	0
1004	2024-04-03	12.82	12.82	12.82	12.82	600
1005	2024-04-04	12.82	12.82	12.82	12.82	0
1006	2024-04-05	10.99	10.99	10.99	10.99	1000
1007	2024-04-08	12.36	12.36	12.36	12.36	500
1008	2024-04-09	12.36	12.36	12.36	12.36	0
1009	2024-04-10	12.36	12.36	12.36	12.36	1000
1010	2024-04-11	12.36	12.36	12.36	12.36	0
1011	2024-04-12	12.36	12.36	12.36	12.36	0
1012	2024-04-15	12.36	12.36	12.36	12.36	0
1013	2024-04-16	12.36	12.36	12.36	12.36	0
1014	2024-04-17	12.36	12.36	12.36	12.36	0
1015	2024-04-19	12.36	12.36	12.36	12.36	0
1016	2024-04-22	12.36	12.36	12.36	12.36	0
1017	2024-04-23	12.36	12.36	12.36	12.36	0
1018	2024-04-24	12.36	12.36	12.36	12.36	0
1019	2024-04-25	12.36	12.36	12.36	12.36	0
1020	2024-04-26	12.36	12.36	12.36	12.36	0
1021	2024-05-02	12.36	12.36	12.36	12.36	0
1022	2024-05-03	12.36	12.36	12.36	12.36	0
1023	2024-05-06	12.36	12.36	12.36	12.36	0
1024	2024-05-07	12.36	12.36	12.36	12.36	0
1025	2024-05-08	12.36	12.36	12.36	12.36	0
1026	2024-05-09	12.36	12.36	12.36	12.36	0
1027	2024-05-10	12.36	12.36	12.36	12.36	0
1028	2024-05-13	12.36	12.36	12.36	12.36	0
1029	2024-05-14	12.36	12.36	12.36	12.36	0
1030	2024-05-15	12.36	12.36	12.36	12.36	0
1031	2024-05-16	12.36	12.36	12.36	12.36	0
1032	2024-05-17	12.36	12.36	12.36	12.36	0
1033	2024-05-20	12.36	12.36	12.36	12.36	0
1034	2024-05-21	12.36	12.36	12.36	12.36	0
1035	2024-05-22	12.36	12.36	12.36	12.36	0
1036	2024-05-23	12.36	12.36	12.36	12.36	0
1037	2024-05-24	12.36	12.36	12.36	12.36	0
1038	2024-05-27	12.36	12.36	12.36	12.36	0
1039	2024-05-28	12.4	12.4	12.4	12.4	0
1040	2024-05-29	12.4	12.4	12.4	12.4	1000
1041	2024-05-30	12.4	12.4	12.4	12.4	0
1042	2024-05-31	12.4	12.4	12.4	12.4	0
1043	2024-06-03	12.4	12.4	12.4	12.4	0
1044	2024-06-04	12.4	12.4	12.4	12.4	0
1045	2024-06-05	12.4	12.4	12.4	12.4	0
1046	2024-06-06	12.4	12.4	12.4	12.4	0
1047	2024-06-07	12.4	12.4	12.4	12.4	0
1048	2024-06-10	12.4	12.4	12.4	12.4	0
1049	2024-06-11	12.4	12.4	12.4	12.4	0
1050	2024-06-12	12.4	12.4	12.4	12.4	0
1051	2024-06-13	12.4	12.4	12.4	12.4	0
1052	2024-06-14	12.4	12.4	12.4	12.4	0
1053	2024-06-17	12.4	12.4	12.4	12.4	0
1054	2024-06-18	12.4	12.4	12.4	12.4	0
1055	2024-06-19	12.4	12.4	12.4	12.4	0
1056	2024-06-20	12.4	12.4	12.4	12.4	0
1057	2024-06-21	12.4	12.4	12.4	12.4	0
1058	2024-06-24	12.4	12.4	12.4	12.4	0
1059	2024-06-25	12.4	12.4	12.4	12.4	0
1060	2024-06-26	12.4	12.4	12.4	12.4	0
1061	2024-06-27	12.4	12.4	12.4	12.4	0
1062	2024-06-28	12.4	12.4	12.4	12.4	0
1063	2024-07-01	12.4	12.4	12.4	12.4	0
1064	2024-07-02	12.4	12.4	12.4	12.4	0
1065	2024-07-03	12.4	12.4	12.4	12.4	0
1066	2024-07-04	12.4	12.4	12.4	12.4	0
1067	2024-07-05	12.4	12.4	12.4	12.4	0
1068	2024-07-08	12.4	12.4	12.4	12.4	0
1069	2024-07-09	12.4	12.4	12.4	12.4	0
1070	2024-07-10	12.4	12.4	12.4	12.4	0
1071	2024-07-11	12.4	12.4	12.4	12.4	0
1072	2024-07-12	12.4	12.4	12.4	12.4	0
1073	2024-07-15	12.4	12.4	12.4	12.4	0
1074	2024-07-16	12.4	12.4	12.4	12.4	0
1075	2024-07-17	12.4	12.4	12.4	12.4	0
1076	2024-07-18	12.4	12.4	12.4	12.4	0
1077	2024-07-19	12.4	12.4	12.4	12.4	0
1078	2024-07-22	12.4	12.4	12.4	12.4	0
1079	2024-07-23	12.4	12.4	12.4	12.4	0
1080	2024-07-24	12.4	12.4	12.4	12.4	0
1081	2024-07-25	12.4	12.4	12.4	12.4	0
1082	2024-10-22	12.4	12.4	12.4	12.4	100
1083	2024-11-04	10.7	10.7	10.7	10.7	100
1084	2024-12-09	10.7	10.7	10.7	10.7	8100
1085	2024-12-13	12.2	12.3	12.2	12.3	2900
1086	2024-12-17	12.0	12.0	12.0	12.0	100
1087	2024-12-23	13.5	13.5	13.5	13.5	100
1088	2024-12-24	11.5	11.5	11.5	11.5	1000
1089	2024-12-27	11.5	11.5	11.5	11.5	1000
1090	2024-12-31	12.0	12.0	12.0	12.0	300
1091	2025-01-02	12.0	12.0	12.0	12.0	200
1092	2025-01-03	12.2	12.3	12.2	12.3	2700
1093	2025-01-16	12.9	12.9	12.9	12.9	100
1094	2025-01-20	13.0	14.8	13.0	13.8	18900
1095	2025-01-21	16.4	16.4	13.5	13.6	8400
1096	2025-01-22	14.0	15.7	13.7	13.7	2100
1097	2025-01-23	14.0	14.0	13.9	13.9	4400
1098	2025-01-24	13.9	14.0	13.9	14.0	500
1099	2025-02-03	13.8	14.0	13.8	14.0	400
1100	2025-02-04	14.0	14.0	13.8	13.8	500
1101	2025-02-05	14.2	14.8	14.2	14.3	10000
1102	2025-02-06	14.2	14.5	14.2	14.5	2900
1103	2025-02-07	14.7	15.0	14.5	14.6	4700
1104	2025-02-10	15.0	15.5	15.0	15.2	15600
1105	2025-02-11	15.4	15.5	15.4	15.4	2800
1106	2025-02-12	15.4	15.5	15.3	15.3	4300
1107	2025-02-13	15.3	15.6	14.6	15.1	6700
1108	2025-02-14	15.5	15.5	15.3	15.3	2300
1109	2025-02-17	15.2	15.4	15.2	15.4	2400
1110	2025-02-18	15.3	15.5	15.3	15.5	4100
1111	2025-02-19	15.6	15.6	15.6	15.6	800
1112	2025-02-21	15.2	15.7	15.2	15.7	500
1113	2025-02-24	15.8	15.9	15.6	15.8	2100
1114	2025-02-25	15.6	15.7	15.5	15.7	1400
1115	2025-02-26	15.5	15.6	14.1	15.3	4300
1116	2025-02-27	15.2	15.4	15.2	15.3	4900
1117	2025-02-28	15.3	15.5	15.3	15.5	10300
1118	2025-03-03	15.8	17.0	15.8	16.5	3200
1119	2025-03-04	16.4	16.4	16.0	16.0	1900
1120	2025-03-05	16.2	16.2	16.1	16.1	300
1121	2025-03-06	16.0	16.3	15.9	16.3	500
1122	2025-03-07	16.1	16.1	16.0	16.0	1900
1123	2025-03-10	16.0	16.2	16.0	16.2	10300
1124	2025-03-11	16.0	16.1	16.0	16.1	10900
1125	2025-03-12	16.0	16.2	16.0	16.2	4800
1126	2025-03-13	16.0	16.0	16.0	16.0	2700
1127	2025-03-14	16.1	16.1	16.0	16.1	10900
1128	2025-03-17	16.1	16.1	16.1	16.1	700
1129	2025-03-18	16.2	16.4	16.2	16.4	3900
1130	2025-03-19	16.3	17.0	16.3	17.0	5800
1131	2025-03-20	16.9	17.0	16.9	17.0	1900
1132	2025-03-21	17.0	17.0	17.0	17.0	1200
1133	2025-03-24	16.4	16.5	16.2	16.5	1600
1134	2025-03-25	16.2	16.6	16.0	16.6	6900
1135	2025-03-26	16.8	17.1	16.3	16.5	6800
1136	2025-03-27	16.5	16.5	16.2	16.2	11500
1137	2025-03-28	16.4	16.4	16.3	16.3	800
1138	2025-03-31	16.2	16.2	16.2	16.2	4000
1139	2025-04-01	16.5	16.5	16.5	16.5	100
