	time	open	high	low	close	volume
0	2017-12-18	11.71	11.71	11.71	11.71	100
1	2017-12-19	11.71	11.71	11.71	11.71	0
2	2017-12-20	11.71	11.71	11.71	11.71	0
3	2017-12-21	9.98	9.98	9.98	9.98	100
4	2017-12-22	9.98	9.98	9.98	9.98	0
5	2017-12-25	9.98	9.98	9.98	9.98	0
6	2017-12-26	8.49	8.49	8.49	8.49	100
7	2017-12-27	8.49	8.49	8.49	8.49	0
8	2017-12-28	8.49	8.49	8.49	8.49	0
9	2017-12-29	7.23	7.23	7.23	7.23	100
10	2018-01-02	7.23	7.23	7.23	7.23	0
11	2018-01-03	7.23	7.23	7.23	7.23	0
12	2018-01-04	6.22	6.22	6.22	6.22	100
13	2018-01-05	6.22	6.22	6.22	6.22	0
14	2018-01-08	6.22	6.22	6.22	6.22	0
15	2018-01-09	6.22	6.22	6.22	6.22	0
16	2018-01-10	6.22	6.22	6.22	6.22	0
17	2018-01-11	6.22	6.22	6.22	6.22	0
18	2018-01-12	6.22	6.22	6.22	6.22	0
19	2018-01-15	5.29	5.29	5.29	5.29	100
20	2018-01-16	5.29	5.29	5.29	5.29	0
21	2018-01-17	5.29	5.29	5.29	5.29	0
22	2018-01-18	4.51	4.51	4.51	4.51	100
23	2018-01-19	4.51	4.51	4.51	4.51	0
24	2018-01-22	4.51	4.51	4.51	4.51	0
25	2018-01-23	4.51	4.51	4.51	4.51	0
26	2018-01-24	4.51	4.51	4.51	4.51	0
27	2018-01-25	4.51	4.51	4.51	4.51	0
28	2018-01-26	4.51	4.51	4.51	4.51	0
29	2018-01-29	3.85	3.85	3.85	3.85	100
30	2018-01-30	3.85	3.85	3.85	3.85	0
31	2018-01-31	3.85	3.85	3.85	3.85	0
32	2018-02-01	3.85	3.85	3.85	3.85	0
33	2018-02-02	3.85	3.85	3.85	3.85	0
34	2018-02-05	3.85	3.85	3.85	3.85	0
35	2018-02-06	3.85	3.85	3.85	3.85	0
36	2018-02-07	3.85	3.85	3.85	3.85	0
37	2018-02-08	3.85	3.85	3.85	3.85	0
38	2018-02-09	3.85	3.85	3.85	3.85	0
39	2018-02-12	3.85	3.85	3.85	3.85	0
40	2018-02-13	3.85	3.85	3.85	3.85	0
41	2018-02-21	3.85	3.85	3.85	3.85	0
42	2018-02-22	3.85	3.85	3.85	3.85	0
43	2018-02-23	3.85	3.85	3.85	3.85	0
44	2018-02-26	3.85	3.85	3.85	3.85	0
45	2018-02-27	3.85	3.85	3.85	3.85	0
46	2018-02-28	3.85	3.85	3.85	3.85	0
47	2018-03-01	3.85	3.85	3.85	3.85	0
48	2018-03-02	3.85	3.85	3.85	3.85	0
49	2018-03-05	3.85	3.85	3.85	3.85	0
50	2018-03-06	3.85	3.85	3.85	3.85	0
51	2018-03-07	3.85	3.85	3.85	3.85	0
52	2018-03-08	3.85	3.85	3.85	3.85	0
53	2018-03-09	3.85	3.85	3.85	3.85	0
54	2018-03-12	3.85	3.85	3.85	3.85	0
55	2018-03-13	3.85	3.85	3.85	3.85	0
56	2018-03-14	3.85	3.85	3.85	3.85	0
57	2018-03-15	3.85	3.85	3.85	3.85	0
58	2018-03-16	3.85	3.85	3.85	3.85	0
59	2018-03-19	3.85	3.85	3.85	3.85	0
60	2018-03-20	3.85	3.85	3.85	3.85	0
61	2018-03-21	3.85	3.85	3.85	3.85	0
62	2018-03-22	3.85	3.85	3.85	3.85	0
63	2018-03-23	3.85	3.85	3.85	3.85	0
64	2018-03-26	3.85	3.85	3.85	3.85	0
65	2018-03-27	3.85	3.85	3.85	3.85	0
66	2018-03-28	3.85	3.85	3.85	3.85	0
67	2018-03-29	3.85	3.85	3.85	3.85	0
68	2018-03-30	3.85	3.85	3.85	3.85	0
69	2018-04-02	3.85	3.85	3.85	3.85	0
70	2018-04-03	3.85	3.85	3.85	3.85	0
71	2018-04-04	3.85	3.85	3.85	3.85	0
72	2018-04-05	3.85	3.85	3.85	3.85	0
73	2018-04-06	3.85	3.85	3.85	3.85	0
74	2018-04-09	3.85	3.85	3.85	3.85	0
75	2018-04-10	3.85	3.85	3.85	3.85	0
76	2018-04-11	3.85	3.85	3.85	3.85	0
77	2018-04-12	3.85	3.85	3.85	3.85	0
78	2018-04-13	3.85	3.85	3.85	3.85	0
79	2018-04-16	3.85	3.85	3.85	3.85	0
80	2018-04-17	3.85	3.85	3.85	3.85	0
81	2018-04-18	3.85	3.85	3.85	3.85	0
82	2018-04-19	3.85	3.85	3.85	3.85	0
83	2018-04-20	3.85	3.85	3.85	3.85	0
84	2018-04-23	3.85	3.85	3.85	3.85	0
85	2018-04-24	3.85	3.85	3.85	3.85	0
86	2018-04-26	3.85	3.85	3.85	3.85	0
87	2018-04-27	3.85	3.85	3.85	3.85	0
88	2018-05-02	3.85	3.85	3.85	3.85	0
89	2018-05-03	3.85	3.85	3.85	3.85	0
90	2018-05-04	3.85	3.85	3.85	3.85	0
91	2018-05-07	3.85	3.85	3.85	3.85	0
92	2018-05-08	3.85	3.85	3.85	3.85	0
93	2018-05-09	3.85	3.85	3.85	3.85	0
94	2018-05-10	3.85	3.85	3.85	3.85	0
95	2018-05-11	3.85	3.85	3.85	3.85	0
96	2018-05-14	3.85	3.85	3.85	3.85	0
97	2018-05-15	3.85	3.85	3.85	3.85	0
98	2018-05-16	3.85	3.85	3.85	3.85	0
99	2018-05-17	3.85	3.85	3.85	3.85	0
100	2018-05-18	3.85	3.85	3.85	3.85	0
101	2018-05-21	3.85	3.85	3.85	3.85	0
102	2018-05-22	3.85	3.85	3.85	3.85	0
103	2018-05-23	3.85	3.85	3.85	3.85	0
104	2018-05-24	3.85	3.85	3.85	3.85	0
105	2018-05-25	3.85	3.85	3.85	3.85	0
106	2018-05-28	3.85	3.85	3.85	3.85	0
107	2018-05-29	3.85	3.85	3.85	3.85	0
108	2018-05-30	3.85	3.85	3.85	3.85	0
109	2018-05-31	3.85	3.85	3.85	3.85	0
110	2018-06-01	3.85	3.85	3.85	3.85	0
111	2018-06-04	3.85	3.85	3.85	3.85	0
112	2018-06-05	3.85	3.85	3.85	3.85	0
113	2018-06-06	3.85	3.85	3.85	3.85	0
114	2018-06-07	3.85	3.85	3.85	3.85	0
115	2018-06-08	3.85	3.85	3.85	3.85	0
116	2018-06-11	3.85	3.85	3.85	3.85	0
117	2018-06-12	3.85	3.85	3.85	3.85	0
118	2018-06-13	3.85	3.85	3.85	3.85	0
119	2018-06-14	3.85	3.85	3.85	3.85	0
120	2018-06-15	3.85	3.85	3.85	3.85	0
121	2018-06-18	3.85	3.85	3.85	3.85	0
122	2018-06-19	3.85	3.85	3.85	3.85	0
123	2018-06-20	3.85	3.85	3.85	3.85	0
124	2018-06-21	3.85	3.85	3.85	3.85	0
125	2018-06-22	3.85	3.85	3.85	3.85	0
126	2018-06-25	3.85	3.85	3.85	3.85	0
127	2018-06-26	3.85	3.85	3.85	3.85	0
128	2018-06-27	3.85	3.85	3.85	3.85	0
129	2018-06-28	3.85	3.85	3.85	3.85	0
130	2018-06-29	3.85	3.85	3.85	3.85	0
131	2018-07-02	3.85	3.85	3.85	3.85	0
132	2018-07-03	3.85	3.85	3.85	3.85	0
133	2018-07-04	3.85	3.85	3.85	3.85	0
134	2018-07-05	3.85	3.85	3.85	3.85	0
135	2018-07-06	3.85	3.85	3.85	3.85	0
136	2018-07-09	3.85	3.85	3.85	3.85	0
137	2018-07-10	3.85	3.85	3.85	3.85	0
138	2018-07-11	3.85	3.85	3.85	3.85	0
139	2018-07-12	3.85	3.85	3.85	3.85	0
140	2018-07-13	3.85	3.85	3.85	3.85	0
141	2018-07-16	3.85	3.85	3.85	3.85	0
142	2018-07-17	3.85	3.85	3.85	3.85	0
143	2018-07-18	3.85	3.85	3.85	3.85	0
144	2018-07-19	3.85	3.85	3.85	3.85	0
145	2018-07-20	3.85	3.85	3.85	3.85	0
146	2018-07-23	3.85	3.85	3.85	3.85	0
147	2018-07-24	3.85	3.85	3.85	3.85	0
148	2018-07-25	3.85	3.85	3.85	3.85	0
149	2018-07-26	3.85	3.85	3.85	3.85	0
150	2018-07-27	3.85	3.85	3.85	3.85	0
151	2018-07-30	3.85	3.85	3.85	3.85	0
152	2018-07-31	3.85	3.85	3.85	3.85	0
153	2018-08-01	3.85	3.85	3.85	3.85	0
154	2018-08-02	3.85	3.85	3.85	3.85	0
155	2018-08-03	3.85	3.85	3.85	3.85	0
156	2018-08-06	3.85	3.85	3.85	3.85	0
157	2018-08-07	3.85	3.85	3.85	3.85	0
158	2018-08-08	3.85	3.85	3.85	3.85	0
159	2018-08-09	3.85	3.85	3.85	3.85	0
160	2018-08-10	3.85	3.85	3.85	3.85	0
161	2018-08-13	3.85	3.85	3.85	3.85	0
162	2018-08-14	3.85	3.85	3.85	3.85	0
163	2018-08-15	3.85	3.85	3.85	3.85	0
164	2018-08-16	3.85	3.85	3.85	3.85	0
165	2018-08-17	3.85	3.85	3.85	3.85	0
166	2018-08-20	3.85	3.85	3.85	3.85	0
167	2018-08-21	3.85	3.85	3.85	3.85	0
168	2018-08-22	3.85	3.85	3.85	3.85	0
169	2018-08-23	3.85	3.85	3.85	3.85	0
170	2018-08-24	3.85	3.85	3.85	3.85	0
171	2018-08-27	3.85	3.85	3.85	3.85	0
172	2018-08-28	3.85	3.85	3.85	3.85	0
173	2018-08-29	3.85	3.85	3.85	3.85	0
174	2018-08-30	3.85	3.85	3.85	3.85	0
175	2018-08-31	3.85	3.85	3.85	3.85	0
176	2018-09-04	3.85	3.85	3.85	3.85	0
177	2018-09-05	3.85	3.85	3.85	3.85	0
178	2018-09-06	3.85	3.85	3.85	3.85	0
179	2018-09-07	3.85	3.85	3.85	3.85	0
180	2018-09-10	3.85	3.85	3.85	3.85	0
181	2018-09-11	3.85	3.85	3.85	3.85	0
182	2018-09-12	3.85	3.85	3.85	3.85	0
183	2018-09-13	3.85	3.85	3.85	3.85	0
184	2018-09-14	3.85	3.85	3.85	3.85	0
185	2018-09-17	3.85	3.85	3.85	3.85	0
186	2018-09-18	3.85	3.85	3.85	3.85	0
187	2018-09-19	3.85	3.85	3.85	3.85	0
188	2018-09-20	3.85	3.85	3.85	3.85	0
189	2018-09-21	3.85	3.85	3.85	3.85	0
190	2018-09-24	3.85	3.85	3.85	3.85	0
191	2018-09-25	3.85	3.85	3.85	3.85	0
192	2018-09-26	3.85	3.85	3.85	3.85	0
193	2018-09-27	3.85	3.85	3.85	3.85	0
194	2018-09-28	3.85	3.85	3.85	3.85	0
195	2018-10-01	3.85	3.85	3.85	3.85	0
196	2018-10-02	3.85	3.85	3.85	3.85	0
197	2018-10-03	3.85	3.85	3.85	3.85	0
198	2018-10-04	3.85	3.85	3.85	3.85	0
199	2018-10-05	3.85	3.85	3.85	3.85	0
200	2018-10-08	3.85	3.85	3.85	3.85	0
201	2018-10-09	5.37	5.37	5.37	5.37	100
202	2018-10-10	5.37	5.37	5.37	5.37	0
203	2018-10-11	5.37	5.37	5.37	5.37	0
204	2018-10-12	5.37	5.37	5.37	5.37	0
205	2018-10-15	5.37	5.37	5.37	5.37	0
206	2018-10-16	5.37	5.37	5.37	5.37	0
207	2018-10-17	5.37	5.37	5.37	5.37	0
208	2018-10-18	5.37	5.37	5.37	5.37	0
209	2018-10-19	5.37	5.37	5.37	5.37	0
210	2018-10-22	5.37	5.37	5.37	5.37	0
211	2018-10-23	5.37	5.37	5.37	5.37	0
212	2018-10-24	5.37	5.37	5.37	5.37	0
213	2018-10-25	5.37	5.37	5.37	5.37	0
214	2018-10-26	5.37	5.37	5.37	5.37	0
215	2018-10-29	5.37	5.37	5.37	5.37	0
216	2018-10-30	5.37	5.37	5.37	5.37	0
217	2018-10-31	5.37	5.37	5.37	5.37	0
218	2018-11-01	5.37	5.37	5.37	5.37	0
219	2018-11-02	5.37	5.37	5.37	5.37	0
220	2018-11-05	5.37	5.37	5.37	5.37	0
221	2018-11-06	5.37	5.37	5.37	5.37	0
222	2018-11-07	5.37	5.37	5.37	5.37	0
223	2018-11-08	5.37	5.37	5.37	5.37	0
224	2018-11-09	5.37	5.37	5.37	5.37	0
225	2018-11-12	5.37	5.37	5.37	5.37	0
226	2018-11-13	5.37	5.37	5.37	5.37	0
227	2018-11-14	5.37	5.37	5.37	5.37	0
228	2018-11-15	5.37	5.37	5.37	5.37	0
229	2018-11-16	5.37	5.37	5.37	5.37	0
230	2018-11-19	5.37	5.37	5.37	5.37	0
231	2018-11-20	5.37	5.37	5.37	5.37	0
232	2018-11-21	5.37	5.37	5.37	5.37	0
233	2018-11-22	5.37	5.37	5.37	5.37	0
234	2018-11-23	5.37	5.37	5.37	5.37	0
235	2018-11-26	5.37	5.37	5.37	5.37	0
236	2018-11-27	5.37	5.37	5.37	5.37	0
237	2018-11-28	5.37	5.37	5.37	5.37	0
238	2018-11-29	5.37	5.37	5.37	5.37	0
239	2018-11-30	5.37	5.37	5.37	5.37	0
240	2018-12-03	5.37	5.37	5.37	5.37	0
241	2018-12-04	5.37	5.37	5.37	5.37	0
242	2018-12-05	5.37	5.37	5.37	5.37	0
243	2018-12-06	5.37	5.37	5.37	5.37	0
244	2018-12-07	5.37	5.37	5.37	5.37	0
245	2018-12-10	5.37	5.37	5.37	5.37	0
246	2018-12-11	5.37	5.37	5.37	5.37	0
247	2018-12-12	5.37	5.37	5.37	5.37	0
248	2018-12-13	5.37	5.37	5.37	5.37	0
249	2018-12-14	5.37	5.37	5.37	5.37	0
250	2018-12-17	5.37	5.37	5.37	5.37	0
251	2018-12-18	5.37	5.37	5.37	5.37	0
252	2018-12-19	7.5	7.5	7.5	7.5	27000
253	2018-12-20	7.5	7.5	7.5	7.5	0
254	2018-12-21	7.5	7.5	7.5	7.5	0
255	2018-12-24	8.61	8.61	8.61	8.61	100
256	2018-12-25	8.69	9.88	8.69	9.88	4200
257	2018-12-26	11.07	11.07	11.07	11.07	2500
258	2018-12-27	11.07	11.07	10.87	10.87	2400
259	2018-12-28	10.95	10.95	10.95	10.95	400
260	2019-01-02	11.07	11.07	10.91	10.91	2600
261	2019-01-03	9.35	10.46	9.35	10.46	600
262	2019-01-04	10.46	10.74	10.46	10.74	500
263	2019-01-07	10.74	10.74	10.74	10.74	200
264	2019-01-08	10.74	10.74	10.74	10.74	0
265	2019-01-09	11.23	11.23	11.23	11.23	100
266	2019-01-10	11.23	11.23	11.23	11.23	0
267	2019-01-11	11.23	11.23	11.23	11.23	0
268	2019-01-14	10.74	10.74	10.7	10.7	300
269	2019-01-15	11.07	11.07	11.07	11.07	300
270	2019-01-16	11.28	11.28	11.28	11.28	200
271	2019-01-17	11.28	11.28	11.28	11.28	100
272	2019-01-18	12.96	12.96	12.96	12.96	100
273	2019-01-21	11.15	11.89	11.15	11.69	400
274	2019-01-22	11.69	11.89	11.64	11.89	1000
275	2019-01-23	11.77	11.89	11.69	11.89	700
276	2019-01-24	12.18	12.18	12.18	12.18	400
277	2019-01-25	12.22	12.22	12.22	12.22	400
278	2019-01-28	12.22	12.22	12.22	12.22	0
279	2019-01-29	12.92	13.94	12.92	13.94	1500
280	2019-01-30	14.35	14.35	14.35	14.35	500
281	2019-01-31	12.3	14.35	12.3	14.35	400
282	2019-02-01	13.82	14.35	14.35	14.35	0
283	2019-02-11	13.82	14.35	14.35	14.35	0
284	2019-02-12	13.82	14.35	14.35	14.35	0
285	2019-02-13	13.82	14.35	14.35	14.35	0
286	2019-02-14	14.27	14.27	14.27	14.27	400
287	2019-02-15	12.14	14.76	12.14	14.76	2400
288	2019-02-18	13.16	13.16	13.16	13.16	100
289	2019-02-19	13.16	13.16	13.16	13.16	0
290	2019-02-20	13.16	13.16	13.16	13.16	0
291	2019-02-21	13.16	13.16	13.16	13.16	0
292	2019-02-22	13.16	13.16	13.16	13.16	0
293	2019-02-25	13.16	13.16	13.16	13.16	0
294	2019-02-26	12.38	14.97	12.38	14.97	300
295	2019-02-27	13.12	13.12	13.12	13.12	100
296	2019-02-28	14.35	15.09	14.35	15.09	2500
297	2019-03-01	13.49	14.76	13.49	14.76	600
298	2019-03-04	14.43	14.76	14.76	14.76	0
299	2019-03-05	14.43	14.76	14.76	14.76	0
300	2019-03-06	13.86	13.86	13.86	13.86	200
301	2019-03-07	15.01	15.17	15.01	15.17	700
302	2019-03-08	15.09	15.09	15.09	15.09	100
303	2019-03-11	15.09	15.09	15.09	15.09	0
304	2019-03-12	15.09	15.09	15.09	15.09	0
305	2019-03-13	15.09	15.09	15.09	15.09	0
306	2019-03-14	15.09	15.09	15.09	15.09	0
307	2019-03-15	15.58	15.58	15.58	15.58	1900
308	2019-03-18	17.92	17.92	17.92	17.92	2000
309	2019-03-19	17.92	17.92	17.92	17.92	0
310	2019-03-20	17.92	17.92	17.92	17.92	0
311	2019-03-21	16.4	16.4	15.58	16.4	2200
312	2019-03-22	16.28	16.4	16.4	16.4	0
313	2019-03-25	16.4	16.4	16.4	16.4	200
314	2019-03-26	16.4	16.4	16.4	16.4	0
315	2019-03-27	16.4	16.4	16.4	16.4	0
316	2019-03-28	16.4	16.4	16.4	16.4	0
317	2019-03-29	16.4	16.4	16.4	16.4	0
318	2019-04-01	16.4	16.4	16.4	16.4	0
319	2019-04-02	16.4	16.4	16.4	16.4	0
320	2019-04-03	16.4	16.4	16.4	16.4	0
321	2019-04-04	16.4	16.4	16.4	16.4	0
322	2019-04-05	15.79	15.79	15.58	15.79	700
323	2019-04-08	13.41	15.99	13.41	15.99	200
324	2019-04-09	13.53	13.53	13.53	13.53	100
325	2019-04-10	13.53	13.53	13.53	13.53	0
326	2019-04-11	15.42	15.42	15.42	15.42	100
327	2019-04-12	15.42	15.42	15.42	15.42	0
328	2019-04-16	13.12	13.12	13.12	13.12	100
329	2019-04-17	15.09	15.09	15.09	15.09	100
330	2019-04-18	15.09	15.09	15.09	15.09	0
331	2019-04-19	16.4	17.3	16.4	17.3	1600
332	2019-04-22	14.15	15.58	14.15	15.58	300
333	2019-04-23	12.83	12.83	12.83	12.83	100
334	2019-04-24	14.72	14.72	14.72	14.72	100
335	2019-04-25	16.24	16.24	16.24	16.24	100
336	2019-04-26	15.42	16.42	15.42	16.42	200
337	2019-05-02	14.73	14.73	14.73	14.73	100
338	2019-05-03	14.73	14.73	14.73	14.73	0
339	2019-05-06	16.42	16.42	16.42	16.42	1600
340	2019-05-07	14.78	14.78	14.78	14.78	100
341	2019-05-08	14.78	14.78	14.78	14.78	0
342	2019-05-09	14.78	14.78	14.78	14.78	0
343	2019-05-10	14.78	14.78	14.78	14.78	0
344	2019-05-13	14.78	14.78	14.78	14.78	0
345	2019-05-14	14.78	14.78	14.78	14.78	0
346	2019-05-15	16.88	16.88	16.88	16.88	100
347	2019-05-16	14.87	14.87	14.87	14.87	100
348	2019-05-17	15.05	15.05	15.05	15.05	100
349	2019-05-20	12.82	16.83	12.82	16.83	300
350	2019-05-21	13.96	13.96	13.96	13.96	100
351	2019-05-22	15.87	16.01	15.05	15.05	800
352	2019-05-23	15.74	15.05	15.05	15.05	0
353	2019-05-24	15.74	15.05	15.05	15.05	0
354	2019-05-27	15.74	15.05	15.05	15.05	0
355	2019-05-28	15.74	15.05	15.05	15.05	0
356	2019-05-29	15.74	15.05	15.05	15.05	0
357	2019-05-30	15.96	15.96	15.96	15.96	100
358	2019-05-31	15.96	15.96	15.96	15.96	400
359	2019-06-03	13.59	13.59	13.59	13.59	100
360	2019-06-04	15.6	15.6	15.6	15.6	100
361	2019-06-05	13.27	13.27	13.27	13.27	100
362	2019-06-06	15.23	15.23	15.23	15.23	900
363	2019-06-07	15.23	15.23	15.23	15.23	200
364	2019-06-10	12.95	15.19	12.95	15.19	500
365	2019-06-11	15.05	15.92	15.05	15.92	1000
366	2019-06-12	15.51	15.51	15.51	15.51	500
367	2019-06-13	15.92	15.96	15.92	15.96	700
368	2019-06-14	16.42	16.65	16.42	16.65	1000
369	2019-06-17	16.56	16.65	16.65	16.65	0
370	2019-06-18	16.56	16.65	16.65	16.65	0
371	2019-06-19	16.56	16.65	16.65	16.65	0
372	2019-06-20	16.56	16.56	16.56	16.56	0
373	2019-06-21	16.56	16.56	16.56	16.56	0
374	2019-06-24	16.56	16.65	16.65	16.65	0
375	2019-06-25	16.42	16.42	16.42	16.42	200
376	2019-06-26	13.96	16.51	13.96	16.51	1300
377	2019-06-27	15.28	16.65	15.28	16.65	700
378	2019-06-28	15.28	15.28	15.28	15.28	100
379	2019-07-01	15.64	15.64	15.32	15.32	1000
380	2019-07-02	15.37	15.32	15.32	15.32	0
381	2019-07-03	16.42	16.42	16.42	16.42	200
382	2019-07-04	14.64	17.33	14.64	16.42	1300
383	2019-07-05	15.55	15.55	15.55	15.55	100
384	2019-07-08	15.55	15.55	15.55	15.55	0
385	2019-07-09	15.74	15.74	15.55	15.55	300
386	2019-07-10	15.6	15.55	15.55	15.55	0
387	2019-07-11	15.6	15.55	15.55	15.55	0
388	2019-07-12	15.6	15.55	15.55	15.55	0
389	2019-07-15	16.83	16.83	16.83	16.83	100
390	2019-07-16	16.65	16.65	16.65	16.65	4500
391	2019-07-17	16.65	16.65	16.65	16.65	0
392	2019-07-18	16.65	16.65	16.65	16.65	0
393	2019-07-19	16.42	16.42	16.42	16.42	200
394	2019-07-22	16.42	16.42	16.42	16.42	0
395	2019-07-23	16.42	16.42	16.42	16.42	0
396	2019-07-24	16.42	16.42	16.42	16.42	2000
397	2019-07-25	16.42	16.42	16.42	16.42	500
398	2019-07-26	16.42	16.42	16.42	16.42	500
399	2019-07-29	15.28	15.28	15.28	15.28	100
400	2019-07-30	15.28	15.28	15.28	15.28	0
401	2019-07-31	15.28	15.28	15.28	15.28	0
402	2019-08-01	15.28	15.28	15.28	15.28	0
403	2019-08-02	15.28	15.28	15.28	15.28	0
404	2019-08-05	16.01	16.42	16.01	16.42	700
405	2019-08-06	16.37	16.37	16.37	16.37	100
406	2019-08-07	16.37	16.37	16.37	16.37	0
407	2019-08-08	16.37	16.37	16.37	16.37	0
408	2019-08-09	16.37	16.37	16.37	16.37	0
409	2019-08-12	16.65	16.88	16.65	16.88	700
410	2019-08-13	16.83	16.88	16.88	16.88	0
411	2019-08-14	16.42	16.42	16.42	16.42	1600
412	2019-08-15	16.42	16.42	16.42	16.42	0
413	2019-08-16	16.42	16.42	16.42	16.42	0
414	2019-08-19	16.42	16.42	16.42	16.42	0
415	2019-08-20	16.42	16.42	16.42	16.42	0
416	2019-08-21	18.88	18.88	18.88	18.88	100
417	2019-08-22	18.88	18.88	18.88	18.88	0
418	2019-08-23	18.88	18.88	18.88	18.88	0
419	2019-08-26	16.05	16.05	16.05	16.05	100
420	2019-08-27	16.05	16.05	16.05	16.05	0
421	2019-08-28	16.05	16.05	16.05	16.05	0
422	2019-08-29	16.05	16.05	16.05	16.05	0
423	2019-08-30	13.68	13.68	13.68	13.68	100
424	2019-09-03	15.74	15.74	15.74	15.74	100
425	2019-09-04	15.74	15.74	15.74	15.74	0
426	2019-09-05	16.01	16.01	16.01	16.01	100
427	2019-09-06	16.01	16.01	16.01	16.01	0
428	2019-09-09	16.01	16.01	16.01	16.01	0
429	2019-09-10	16.01	16.01	16.01	16.01	0
430	2019-09-11	16.01	16.33	16.01	16.33	200
431	2019-09-12	16.19	16.33	16.33	16.33	0
432	2019-09-13	16.19	16.33	16.33	16.33	0
433	2019-09-16	16.19	16.33	16.33	16.33	0
434	2019-09-17	16.19	16.33	16.33	16.33	0
435	2019-09-18	16.19	16.33	16.33	16.33	0
436	2019-09-19	16.19	16.33	16.33	16.33	0
437	2019-09-20	16.19	16.33	16.33	16.33	0
438	2019-09-23	16.19	16.33	16.33	16.33	0
439	2019-09-24	16.19	16.33	16.33	16.33	0
440	2019-09-25	16.19	16.33	16.33	16.33	0
441	2019-09-26	16.19	16.33	16.33	16.33	0
442	2019-09-27	16.19	16.33	16.33	16.33	0
443	2019-09-30	16.19	16.33	16.33	16.33	0
444	2019-10-01	16.19	16.33	16.33	16.33	0
445	2019-10-02	16.42	16.42	16.42	16.42	100
446	2019-10-03	16.42	16.42	16.42	16.42	0
447	2019-10-04	16.42	16.42	16.42	16.42	0
448	2019-10-07	16.42	16.42	16.42	16.42	0
449	2019-10-08	16.42	16.42	16.42	16.42	0
450	2019-10-09	16.42	16.42	16.42	16.42	0
451	2019-10-10	16.42	16.42	16.42	16.42	0
452	2019-10-11	16.42	16.42	16.42	16.42	0
453	2019-10-14	16.42	16.42	16.42	16.42	0
454	2019-10-15	16.42	16.42	16.42	16.42	0
455	2019-10-16	16.42	16.42	16.42	16.42	0
456	2019-10-17	16.42	16.42	16.42	16.42	0
457	2019-10-18	16.42	16.42	16.42	16.42	0
458	2019-10-21	16.42	16.42	16.42	16.42	0
459	2019-10-22	16.42	16.42	16.42	16.42	0
460	2019-10-23	16.42	16.42	16.42	16.42	0
461	2019-10-24	16.42	16.42	16.42	16.42	0
462	2019-10-25	16.42	16.42	16.42	16.42	0
463	2019-10-28	16.42	16.42	16.42	16.42	0
464	2019-10-29	16.42	16.42	16.42	16.42	0
465	2019-10-30	16.42	16.42	16.42	16.42	0
466	2019-10-31	16.42	16.42	16.42	16.42	0
467	2019-11-01	16.42	16.42	16.42	16.42	0
468	2019-11-04	16.42	16.42	16.42	16.42	0
469	2019-11-05	16.42	16.42	16.42	16.42	0
470	2019-11-06	16.42	16.42	16.42	16.42	0
471	2019-11-07	16.42	16.42	16.42	16.42	0
472	2019-11-08	16.42	16.42	16.42	16.42	0
473	2019-11-11	16.42	16.42	16.42	16.42	0
474	2019-11-12	16.88	16.88	16.88	16.88	100
475	2019-11-13	16.88	16.88	16.88	16.88	0
476	2019-11-14	16.88	16.88	16.88	16.88	0
477	2019-11-15	16.88	16.88	16.88	16.88	0
478	2019-11-18	16.88	16.88	16.88	16.88	0
479	2019-11-19	16.88	16.88	16.88	16.88	100
480	2019-11-20	14.6	14.6	14.6	14.6	100
481	2019-11-21	16.78	16.78	16.78	16.78	300
482	2019-11-22	16.78	16.78	16.78	16.78	0
483	2019-11-25	16.78	16.78	16.78	16.78	0
484	2019-11-26	16.78	16.78	16.78	16.78	0
485	2019-11-27	16.88	16.88	16.88	16.88	100
486	2019-11-28	16.88	16.88	16.88	16.88	0
487	2019-11-29	14.37	14.37	14.37	14.37	100
488	2019-12-02	14.37	14.37	14.37	14.37	0
489	2019-12-03	14.37	14.37	14.37	14.37	0
490	2019-12-04	16.51	16.51	16.51	16.51	900
491	2019-12-05	16.51	16.51	16.51	16.51	1500
492	2019-12-06	14.23	16.51	14.23	16.51	600
493	2019-12-09	14.41	14.41	14.41	14.41	100
494	2019-12-10	14.41	14.41	14.41	14.41	0
495	2019-12-11	14.41	14.41	14.41	14.41	0
496	2019-12-12	16.19	16.19	16.19	16.19	300
497	2019-12-13	13.77	13.77	13.77	13.77	100
498	2019-12-16	13.77	13.77	13.77	13.77	0
499	2019-12-17	15.83	15.83	15.83	15.83	3500
500	2019-12-18	15.83	15.83	15.83	15.83	500
501	2019-12-19	14.69	14.69	14.69	14.69	100
502	2019-12-20	14.69	14.69	14.69	14.69	0
503	2019-12-23	14.69	14.69	14.69	14.69	0
504	2019-12-24	14.69	14.69	14.69	14.69	0
505	2019-12-25	14.69	14.69	14.69	14.69	0
506	2019-12-26	14.69	14.69	14.69	14.69	0
507	2019-12-27	14.69	14.69	14.69	14.69	0
508	2019-12-30	14.69	14.69	14.69	14.69	0
509	2019-12-31	14.69	14.69	14.69	14.69	0
510	2020-01-02	14.69	14.69	14.69	14.69	0
511	2020-01-03	14.69	14.69	14.69	14.69	0
512	2020-01-06	14.82	14.82	14.82	14.82	500
513	2020-01-07	14.82	14.82	14.82	14.82	0
514	2020-01-08	14.82	14.82	14.82	14.82	0
515	2020-01-09	14.82	14.82	14.82	14.82	0
516	2020-01-10	16.19	16.19	16.1	16.1	300
517	2020-01-13	16.01	16.01	15.96	15.96	300
518	2020-01-14	16.01	15.96	15.96	15.96	0
519	2020-01-15	16.42	16.42	16.42	16.42	100
520	2020-01-16	16.37	16.37	16.37	16.37	500
521	2020-01-17	16.37	16.37	16.37	16.37	0
522	2020-01-20	16.37	16.37	16.37	16.37	0
523	2020-01-21	16.42	16.42	16.42	16.42	700
524	2020-01-22	16.42	16.42	16.42	16.42	0
525	2020-01-30	16.42	16.42	16.42	16.42	0
526	2020-01-31	16.42	16.42	16.42	16.42	0
527	2020-02-03	15.05	15.05	15.05	15.05	100
528	2020-02-04	16.88	16.88	16.88	16.88	2300
529	2020-02-05	16.88	17.33	16.88	16.88	2600
530	2020-02-06	15.19	15.19	15.19	15.19	100
531	2020-02-07	16.88	16.88	16.42	16.88	700
532	2020-02-10	16.74	16.97	16.74	16.97	2500
533	2020-02-11	16.88	16.88	16.88	16.88	100
534	2020-02-12	16.88	16.88	16.88	16.88	200
535	2020-02-13	16.88	17.1	16.88	17.1	500
536	2020-02-14	17.33	17.33	17.33	17.33	1400
537	2020-02-17	17.56	17.56	17.56	17.56	500
538	2020-02-18	17.79	18.02	17.79	18.02	1300
539	2020-02-19	18.02	18.02	18.02	18.02	200
540	2020-02-20	18.02	18.02	18.02	18.02	300
541	2020-02-21	18.02	18.02	18.02	18.02	0
542	2020-02-24	18.02	18.02	18.02	18.02	0
543	2020-02-25	18.02	18.02	18.02	18.02	0
544	2020-02-26	18.02	18.02	18.02	18.02	0
545	2020-02-27	18.24	18.24	18.24	18.24	500
546	2020-02-28	18.24	18.24	18.24	18.24	0
547	2020-03-02	18.24	18.24	18.24	18.24	0
548	2020-03-03	20.52	20.52	20.52	20.52	200
549	2020-03-04	20.52	20.52	20.52	20.52	0
550	2020-03-05	20.52	20.52	20.52	20.52	0
551	2020-03-06	20.52	20.52	20.52	20.52	0
552	2020-03-09	20.52	20.52	20.52	20.52	0
553	2020-03-10	22.81	22.81	22.81	22.81	10000
554	2020-03-11	22.81	22.81	22.81	22.81	0
555	2020-03-12	26.0	26.0	26.0	26.0	200
556	2020-03-13	26.0	26.0	26.0	26.0	0
557	2020-03-16	26.0	26.0	26.0	26.0	0
558	2020-03-17	26.0	26.0	26.0	26.0	0
559	2020-03-18	26.0	26.0	26.0	26.0	0
560	2020-03-19	26.0	26.0	26.0	26.0	0
561	2020-03-20	26.0	26.0	26.0	26.0	0
562	2020-03-23	26.0	26.0	26.0	26.0	0
563	2020-03-24	23.72	23.72	23.72	23.72	100
564	2020-03-25	23.72	23.72	23.72	23.72	0
565	2020-03-26	23.72	23.72	23.72	23.72	0
566	2020-03-27	23.72	23.72	23.72	23.72	0
567	2020-03-30	23.72	23.72	23.72	23.72	0
568	2020-03-31	23.72	23.72	23.72	23.72	0
569	2020-04-01	23.72	23.72	23.72	23.72	0
570	2020-04-03	23.72	23.72	23.72	23.72	0
571	2020-04-06	23.72	23.72	23.72	23.72	0
572	2020-04-07	23.72	23.72	23.72	23.72	0
573	2020-04-08	23.72	23.72	23.72	23.72	0
574	2020-04-09	23.72	23.72	23.72	23.72	0
575	2020-04-10	23.72	23.72	23.72	23.72	0
576	2020-04-13	23.72	23.72	23.72	23.72	0
577	2020-04-14	23.72	23.72	23.72	23.72	0
578	2020-04-15	23.72	23.72	23.72	23.72	0
579	2020-04-16	23.72	23.72	23.72	23.72	0
580	2020-04-17	23.72	23.72	23.72	23.72	0
581	2020-04-20	23.72	23.72	23.72	23.72	0
582	2020-04-21	23.72	23.72	23.72	23.72	0
583	2020-04-22	23.72	23.72	23.72	23.72	0
584	2020-04-23	23.72	23.72	23.72	23.72	0
585	2020-04-24	23.72	23.72	23.72	23.72	0
586	2020-04-27	23.72	23.72	23.72	23.72	0
587	2020-04-28	23.72	23.72	23.72	23.72	0
588	2020-04-29	24.17	25.09	24.17	25.09	5500
589	2020-05-04	24.99	25.09	25.09	25.09	0
590	2020-05-05	24.99	25.09	25.09	25.09	0
591	2020-05-06	24.99	25.09	25.09	25.09	0
592	2020-05-07	24.99	25.09	25.09	25.09	0
593	2020-05-08	22.81	22.81	22.81	22.81	100
594	2020-05-11	22.35	22.35	22.35	22.35	900
595	2020-05-12	22.35	22.35	22.35	22.35	300
596	2020-05-13	22.35	22.35	22.35	22.35	0
597	2020-05-14	23.72	23.72	23.72	23.72	1000
598	2020-05-15	27.27	27.27	23.72	27.27	5400
599	2020-05-18	28.28	28.28	28.28	28.28	1800
600	2020-05-19	28.28	28.28	26.45	26.91	1100
601	2020-05-20	27.82	27.82	27.27	27.78	4400
602	2020-05-21	27.64	30.83	30.83	30.83	0
603	2020-05-22	27.64	30.83	30.83	30.83	0
604	2020-05-25	25.31	25.31	24.81	24.91	900
605	2020-05-26	24.3	25.11	24.3	25.11	1000
606	2020-05-27	24.81	24.81	24.81	24.81	100
607	2020-05-28	24.81	26.33	24.81	26.33	1000
608	2020-05-29	25.52	26.33	26.33	26.33	0
609	2020-06-01	25.52	26.33	26.33	26.33	0
610	2020-06-02	25.52	26.33	26.33	26.33	0
611	2020-06-03	25.52	26.33	26.33	26.33	0
612	2020-06-04	25.52	26.33	26.33	26.33	0
613	2020-06-05	25.52	26.33	26.33	26.33	0
614	2020-06-08	25.52	26.33	26.33	26.33	0
615	2020-06-09	21.72	21.72	21.72	21.72	100
616	2020-06-10	18.73	21.26	18.73	21.26	400
617	2020-06-11	20.66	21.26	21.26	21.26	0
618	2020-06-12	20.66	21.26	21.26	21.26	0
619	2020-06-15	20.66	21.26	21.26	21.26	0
620	2020-06-16	18.99	18.99	18.99	18.99	100
621	2020-06-17	18.99	18.99	18.99	18.99	0
622	2020-06-18	18.99	18.99	18.99	18.99	0
623	2020-06-19	21.52	21.82	21.52	21.82	200
624	2020-06-22	21.67	21.82	21.82	21.82	0
625	2020-06-23	21.67	21.82	21.82	21.82	0
626	2020-06-24	21.67	21.82	21.82	21.82	0
627	2020-06-25	21.67	21.82	21.82	21.82	0
628	2020-06-26	21.67	21.67	21.67	21.67	600
629	2020-06-29	21.67	21.67	21.67	21.67	0
630	2020-06-30	21.67	21.67	21.67	21.67	0
631	2020-07-01	20.76	21.26	20.76	21.16	400
632	2020-07-02	21.11	21.16	21.16	21.16	0
633	2020-07-03	21.11	21.16	21.16	21.16	0
634	2020-07-06	21.06	21.06	21.06	21.06	500
635	2020-07-07	20.76	20.76	20.76	20.76	300
636	2020-07-08	20.76	20.76	20.76	20.76	300
637	2020-07-09	20.76	20.76	20.76	20.76	0
638	2020-07-10	20.76	20.76	20.76	20.76	0
639	2020-07-13	20.76	20.76	20.76	20.76	0
640	2020-07-14	20.76	20.76	20.76	20.76	0
641	2020-07-15	20.25	20.25	20.25	20.25	100
642	2020-07-16	20.25	20.25	20.25	20.25	1600
643	2020-07-17	20.25	20.25	20.25	20.25	0
644	2020-07-20	20.25	20.25	20.25	20.25	700
645	2020-07-21	20.25	20.25	20.25	20.25	0
646	2020-07-22	17.21	20.25	17.21	20.25	300
647	2020-07-23	22.12	22.12	20.25	20.25	800
648	2020-07-24	20.5	20.25	20.25	20.25	0
649	2020-07-27	20.5	20.25	20.25	20.25	0
650	2020-07-28	20.5	20.25	20.25	20.25	0
651	2020-07-29	20.2	20.2	20.2	20.2	200
652	2020-07-30	18.28	18.28	18.23	18.23	500
653	2020-07-31	18.23	18.23	18.23	18.23	0
654	2020-08-03	18.23	18.23	18.23	18.23	0
655	2020-08-04	20.05	20.11	20.05	20.11	500
656	2020-08-05	20.05	20.11	20.11	20.11	0
657	2020-08-06	20.05	20.11	20.11	20.11	0
658	2020-08-07	20.05	20.11	20.11	20.11	0
659	2020-08-10	22.48	22.48	22.48	22.48	100
660	2020-08-11	22.48	22.48	22.48	22.48	0
661	2020-08-12	22.48	22.48	22.48	22.48	0
662	2020-08-13	22.48	22.48	22.48	22.48	0
663	2020-08-14	22.48	22.48	22.48	22.48	0
664	2020-08-17	22.48	22.48	22.48	22.48	0
665	2020-08-18	22.48	22.48	22.48	22.48	0
666	2020-08-19	22.48	22.48	22.48	22.48	0
667	2020-08-20	22.48	22.48	22.48	22.48	0
668	2020-08-21	22.48	22.48	22.48	22.48	0
669	2020-08-24	22.48	22.48	22.48	22.48	0
670	2020-08-25	22.48	22.48	22.48	22.48	0
671	2020-08-26	22.48	22.48	22.48	22.48	0
672	2020-08-27	22.48	22.48	22.48	22.48	0
673	2020-08-28	22.48	22.48	22.48	22.48	0
674	2020-08-31	22.48	22.48	22.48	22.48	0
675	2020-09-01	22.48	22.48	22.48	22.48	0
676	2020-09-03	22.48	22.48	22.48	22.48	0
677	2020-09-04	22.48	22.48	22.48	22.48	0
678	2020-09-07	22.48	22.48	22.48	22.48	0
679	2020-09-08	22.48	22.48	22.48	22.48	0
680	2020-09-09	22.48	22.48	22.48	22.48	0
681	2020-09-10	22.48	22.48	22.48	22.48	0
682	2020-09-11	22.48	22.48	22.48	22.48	0
683	2020-09-14	22.48	22.48	22.48	22.48	200
684	2020-09-15	22.48	22.48	22.48	22.48	0
685	2020-09-16	22.48	22.48	22.48	22.48	0
686	2020-09-17	22.48	22.48	22.48	22.48	0
687	2020-09-18	19.14	19.14	19.14	19.14	100
688	2020-09-21	16.28	16.28	16.28	16.28	100
689	2020-09-22	18.71	18.71	18.71	18.71	100
690	2020-09-23	18.71	18.71	18.71	18.71	0
691	2020-09-24	18.71	18.71	18.71	18.71	0
692	2020-09-25	19.87	19.87	19.87	19.87	100
693	2020-09-28	20.54	20.54	20.54	20.54	100
694	2020-09-29	21.26	21.26	21.26	21.26	300
695	2020-09-30	21.26	21.26	21.26	21.26	0
696	2020-10-01	21.26	21.26	21.26	21.26	0
697	2020-10-02	21.26	21.26	21.26	21.26	1
698	2020-10-05	21.26	21.26	21.26	21.26	500
699	2020-10-06	21.26	21.26	21.26	21.26	0
700	2020-10-07	22.18	22.18	22.18	22.18	100
701	2020-10-08	22.18	22.18	22.18	22.18	0
702	2020-10-09	22.18	22.18	22.18	22.18	0
703	2020-10-12	19.02	19.02	19.02	19.02	100
704	2020-10-13	19.02	19.02	19.02	19.02	0
705	2020-10-14	20.96	20.96	20.96	20.96	200
706	2020-10-15	20.96	20.96	20.96	20.96	0
707	2020-10-16	18.29	18.29	18.29	18.29	200
708	2020-10-19	18.29	18.29	18.29	18.29	0
709	2020-10-20	18.29	18.29	18.29	18.29	0
710	2020-10-21	20.66	20.66	20.66	20.66	100
711	2020-10-22	20.66	20.66	20.66	20.66	0
712	2020-10-23	20.66	20.66	20.66	20.66	0
713	2020-10-26	20.66	20.66	20.66	20.66	0
714	2020-10-27	20.66	20.66	20.66	20.66	0
715	2020-10-28	20.66	20.66	20.66	20.66	0
716	2020-10-29	20.66	20.66	20.66	20.66	0
717	2020-10-30	17.68	17.68	17.68	17.68	100
718	2020-11-02	20.23	20.29	20.23	20.29	800
719	2020-11-03	23.15	23.15	23.15	23.15	800
720	2020-11-04	23.15	23.15	23.15	23.15	0
721	2020-11-05	23.15	23.15	23.15	23.15	0
722	2020-11-06	23.15	23.15	23.15	23.15	0
723	2020-11-09	23.15	23.15	23.15	23.15	0
724	2020-11-10	23.15	23.15	23.15	23.15	0
725	2020-11-11	23.15	23.15	23.15	23.15	0
726	2020-11-12	23.15	23.15	23.15	23.15	0
727	2020-11-13	23.15	23.15	23.15	23.15	0
728	2020-11-16	23.15	23.15	23.15	23.15	0
729	2020-11-17	23.15	23.15	23.15	23.15	0
730	2020-11-18	23.15	23.15	23.15	23.15	0
731	2020-11-19	23.15	23.15	23.15	23.15	0
732	2020-11-20	23.15	23.15	23.15	23.15	0
733	2020-11-23	23.15	23.15	23.15	23.15	100
734	2020-11-24	23.15	23.15	23.15	23.15	0
735	2020-11-25	23.15	23.15	23.15	23.15	0
736	2020-11-26	23.15	23.15	23.15	23.15	0
737	2020-11-27	20.96	20.96	20.96	20.96	100
738	2020-11-30	20.96	20.96	20.96	20.96	0
739	2020-12-01	19.02	19.02	19.02	19.02	600
740	2020-12-02	19.02	20.96	19.02	20.96	600
741	2020-12-03	19.32	20.96	20.96	20.96	0
742	2020-12-04	19.32	20.96	20.96	20.96	0
743	2020-12-07	19.32	20.96	20.96	20.96	0
744	2020-12-08	19.32	20.96	20.96	20.96	0
745	2020-12-09	19.32	20.96	20.96	20.96	0
746	2020-12-10	19.32	20.96	20.96	20.96	0
747	2020-12-11	19.32	20.96	20.96	20.96	0
748	2020-12-14	19.32	20.96	20.96	20.96	0
749	2020-12-15	19.32	20.96	20.96	20.96	0
750	2020-12-16	19.32	19.32	19.32	19.32	100
751	2020-12-17	19.32	19.32	19.32	19.32	0
752	2020-12-18	19.32	19.32	19.32	19.32	0
753	2020-12-21	19.32	19.32	19.32	19.32	0
754	2020-12-22	19.32	19.32	19.32	19.32	0
755	2020-12-23	19.32	19.32	19.32	19.32	0
756	2020-12-24	19.32	19.32	19.32	19.32	0
757	2020-12-25	19.32	19.32	19.32	19.32	0
758	2020-12-28	19.32	19.32	19.32	19.32	20
759	2020-12-29	21.14	21.14	21.14	21.14	100
760	2020-12-30	21.14	21.14	21.14	21.14	0
761	2020-12-31	21.14	21.14	21.14	21.14	0
762	2021-01-04	21.14	21.14	21.14	21.14	0
763	2021-01-05	21.14	21.14	21.14	21.14	0
764	2021-01-06	23.09	23.09	23.09	23.09	200
765	2021-01-07	23.09	23.09	23.09	23.09	0
766	2021-01-08	23.09	23.09	23.09	23.09	0
767	2021-01-11	23.09	23.09	23.09	23.09	0
768	2021-01-12	23.09	23.09	23.09	23.09	0
769	2021-01-13	23.09	23.09	23.09	23.09	0
770	2021-01-14	23.09	23.09	23.09	23.09	0
771	2021-01-15	23.09	23.09	23.09	23.09	0
772	2021-01-18	23.09	24.3	23.09	24.3	700
773	2021-01-19	23.27	24.3	24.3	24.3	0
774	2021-01-20	23.27	24.3	24.3	24.3	0
775	2021-01-21	20.9	20.9	20.9	20.9	100
776	2021-01-22	21.26	21.26	21.26	21.26	100
777	2021-01-25	21.26	21.26	21.26	21.26	0
778	2021-01-26	21.26	21.26	21.26	21.26	0
779	2021-01-27	21.26	21.26	21.26	21.26	0
780	2021-01-28	21.26	21.26	21.26	21.26	700
781	2021-01-29	18.23	18.23	18.23	18.23	1800
782	2021-02-01	18.23	18.23	18.23	18.23	20
783	2021-02-02	20.96	20.96	20.96	20.96	200
784	2021-02-03	21.87	21.87	21.87	21.87	200
785	2021-02-04	21.87	21.87	21.87	21.87	500
786	2021-02-05	21.87	21.87	21.87	21.87	0
787	2021-02-08	21.87	21.87	21.87	21.87	0
788	2021-02-09	21.87	21.87	21.87	21.87	0
789	2021-02-17	21.87	21.87	21.87	21.87	0
790	2021-02-18	24.3	24.3	24.3	24.3	100
791	2021-02-19	24.3	24.3	24.3	24.3	0
792	2021-02-22	23.09	23.69	23.09	23.69	1300
793	2021-02-23	23.15	23.69	23.69	23.69	0
794	2021-02-24	23.15	23.69	23.69	23.69	0
795	2021-02-25	23.15	23.69	23.69	23.69	0
796	2021-02-26	25.52	25.52	25.52	25.52	100
797	2021-03-01	24.91	24.91	24.91	24.91	100
798	2021-03-02	24.91	24.91	24.91	24.91	0
799	2021-03-03	24.3	24.3	24.3	24.3	259
800	2021-03-04	24.3	24.3	24.3	24.3	0
801	2021-03-05	24.3	24.3	24.3	24.3	0
802	2021-03-08	24.3	24.3	24.3	24.3	0
803	2021-03-09	24.3	24.3	24.3	24.3	40
804	2021-03-10	24.3	24.3	24.3	24.3	0
805	2021-03-11	24.3	24.3	24.3	24.3	0
806	2021-03-12	27.89	27.89	27.89	27.89	100
807	2021-03-15	27.89	27.89	27.89	27.89	0
808	2021-03-16	27.89	27.89	27.89	27.89	0
809	2021-03-17	30.01	30.01	30.01	30.01	100
810	2021-03-18	30.01	30.01	30.01	30.01	300
811	2021-03-19	30.01	30.01	30.01	30.01	61
812	2021-03-22	25.52	25.52	25.52	25.52	100
813	2021-03-23	25.52	25.52	25.52	25.52	20
814	2021-03-24	25.52	25.52	25.52	25.52	79
815	2021-03-25	25.52	25.52	25.52	25.52	0
816	2021-03-26	25.52	25.52	25.52	25.52	0
817	2021-03-29	25.52	25.52	25.52	25.52	0
818	2021-03-30	25.52	25.52	25.52	25.52	0
819	2021-03-31	25.52	25.52	25.52	25.52	0
820	2021-04-01	25.52	25.52	25.52	25.52	300
821	2021-04-02	25.52	25.52	25.52	25.52	300
822	2021-04-05	25.52	25.52	25.52	25.52	18
823	2021-04-06	25.52	25.52	25.52	25.52	2
824	2021-04-07	25.52	25.52	25.52	25.52	0
825	2021-04-08	25.52	25.52	25.52	25.52	0
826	2021-04-09	25.52	25.52	25.52	25.52	0
827	2021-04-12	25.52	25.52	25.52	25.52	100
828	2021-04-13	25.4	25.4	25.4	25.4	100
829	2021-04-14	25.4	25.4	25.4	25.4	0
830	2021-04-15	25.52	25.52	25.52	25.52	100
831	2021-04-16	25.52	25.52	25.52	25.52	0
832	2021-04-19	25.52	25.52	25.52	25.52	100
833	2021-04-20	25.52	25.52	25.52	25.52	0
834	2021-04-22	25.52	25.52	25.52	25.52	0
835	2021-04-23	22.48	22.48	22.48	22.48	200
836	2021-04-26	22.48	22.48	22.48	22.48	0
837	2021-04-27	22.48	22.48	22.48	22.48	0
838	2021-04-28	22.48	22.48	22.48	22.48	0
839	2021-04-29	22.48	22.48	22.48	22.48	0
840	2021-05-04	22.48	22.48	22.48	22.48	502
841	2021-05-05	22.48	22.48	22.48	22.48	2
842	2021-05-06	22.48	22.48	22.48	22.48	200
843	2021-05-07	25.46	25.46	25.46	25.46	110
844	2021-05-10	25.46	25.46	25.46	25.46	0
845	2021-05-11	25.46	25.46	25.46	25.46	0
846	2021-05-12	25.46	25.46	25.46	25.46	0
847	2021-05-13	25.46	25.46	25.46	25.46	0
848	2021-05-14	25.46	25.46	25.46	25.46	0
849	2021-05-17	25.21	25.21	25.09	25.09	700
850	2021-05-18	25.21	25.09	25.09	25.09	0
851	2021-05-19	25.21	25.09	25.09	25.09	0
852	2021-05-20	25.21	25.09	25.09	25.09	0
853	2021-05-21	24.89	24.89	24.89	24.89	100
854	2021-05-24	24.89	24.89	24.89	24.89	0
855	2021-05-25	24.89	24.89	24.89	24.89	0
856	2021-05-26	24.89	24.89	24.89	24.89	0
857	2021-05-27	24.89	24.89	24.89	24.89	500
858	2021-05-28	24.89	24.89	24.89	24.89	0
859	2021-05-31	24.89	24.89	24.89	24.89	0
860	2021-06-01	21.38	21.38	21.26	21.26	200
861	2021-06-02	21.32	21.26	21.26	21.26	0
862	2021-06-03	21.32	21.32	21.32	21.26	4
863	2021-06-04	21.7	21.7	21.32	21.32	500
864	2021-06-07	22.02	22.02	22.02	22.02	198
865	2021-06-08	22.28	22.28	22.28	22.28	200
866	2021-06-09	22.28	22.28	22.28	22.28	0
867	2021-06-10	25.53	25.53	21.7	21.7	1600
868	2021-06-11	21.7	21.7	21.7	21.7	200
869	2021-06-14	21.7	21.7	21.7	21.7	300
870	2021-06-15	21.7	21.7	21.7	21.7	100
871	2021-06-16	21.7	21.7	21.7	21.7	0
872	2021-06-17	21.7	21.7	21.7	21.7	0
873	2021-06-18	21.32	21.32	21.26	21.26	1200
874	2021-06-21	22.34	22.34	21.19	21.19	532
875	2021-06-22	23.94	23.94	23.94	23.94	100
876	2021-06-23	23.94	23.94	23.94	23.94	0
877	2021-06-24	23.94	23.94	23.94	23.94	0
878	2021-06-25	23.94	23.94	23.94	23.94	0
879	2021-06-28	22.98	22.98	22.98	22.98	1000
880	2021-06-29	22.98	22.98	22.98	22.98	86
881	2021-06-30	22.98	22.98	22.98	22.98	0
882	2021-07-01	22.98	22.98	22.98	22.98	0
883	2021-07-02	22.98	22.98	22.98	22.98	0
884	2021-07-05	22.98	22.98	22.98	22.98	0
885	2021-07-06	19.53	19.53	19.53	19.53	145
886	2021-07-07	21.7	21.7	21.7	21.7	100
887	2021-07-08	21.7	21.7	21.7	21.7	100
888	2021-07-09	21.06	21.06	20.43	20.43	200
889	2021-07-12	20.75	20.43	20.43	20.43	0
890	2021-07-13	20.75	20.43	20.43	20.43	0
891	2021-07-14	20.75	20.43	20.43	20.43	0
892	2021-07-15	20.75	20.43	20.43	20.43	0
893	2021-07-16	20.75	20.43	20.43	20.43	0
894	2021-07-19	20.75	20.43	20.43	20.43	0
895	2021-07-20	20.75	20.43	20.43	20.43	0
896	2021-07-21	20.75	20.75	20.75	20.75	800
897	2021-07-22	20.75	20.75	20.75	20.75	0
898	2021-07-23	23.75	23.75	23.75	23.75	100
899	2021-07-26	23.75	23.75	23.75	23.75	0
900	2021-07-27	23.75	23.75	23.75	23.75	0
901	2021-07-28	20.3	20.3	20.3	20.3	700
902	2021-07-29	20.3	20.3	20.3	20.3	0
903	2021-07-30	20.3	20.3	20.3	20.3	0
904	2021-08-02	20.3	20.3	20.3	20.3	40
905	2021-08-03	20.3	20.3	20.3	20.3	0
906	2021-08-04	20.43	20.43	20.43	20.43	610
907	2021-08-05	20.43	20.43	20.43	20.43	800
908	2021-08-06	20.43	20.43	20.43	20.43	900
909	2021-08-09	20.43	20.43	20.43	20.43	620
910	2021-08-10	20.43	20.43	20.43	20.43	10
911	2021-08-11	20.43	20.43	20.43	20.43	5
912	2021-08-12	20.43	20.43	20.43	20.43	0
913	2021-08-13	20.43	20.43	20.43	20.43	0
914	2021-08-16	20.43	20.43	20.43	20.43	0
915	2021-08-17	20.49	20.49	20.43	20.43	6500
916	2021-08-18	20.43	20.81	20.43	20.81	1400
917	2021-08-19	20.81	20.81	20.81	20.81	500
918	2021-08-20	20.55	20.55	20.55	20.55	800
919	2021-08-23	20.43	20.43	20.17	20.17	1100
920	2021-08-24	20.43	20.43	20.43	20.43	500
921	2021-08-25	20.43	20.43	20.43	20.43	0
922	2021-08-26	19.21	19.21	19.21	19.21	700
923	2021-08-27	19.47	19.47	19.21	19.21	1100
924	2021-08-30	19.28	19.28	19.28	19.28	0
925	2021-08-31	19.85	20.36	19.85	20.17	1000
926	2021-09-01	20.11	20.43	20.11	20.43	700
927	2021-09-06	20.17	20.43	20.43	20.43	0
928	2021-09-07	22.02	22.02	22.02	22.02	100
929	2021-09-08	18.77	18.77	18.77	18.77	100
930	2021-09-09	20.94	20.94	20.94	20.94	500
931	2021-09-10	17.81	20.94	17.81	20.94	210
932	2021-09-13	19.79	19.79	19.79	19.79	100
933	2021-09-14	20.62	20.62	20.62	20.62	100
934	2021-09-15	20.3	20.3	20.3	20.3	200
935	2021-09-16	20.43	20.94	20.3	20.94	1300
936	2021-09-17	21.0	22.02	21.0	22.02	200
937	2021-09-20	21.51	21.51	21.51	21.51	0
938	2021-09-21	21.51	21.51	21.51	21.51	0
939	2021-09-22	20.62	22.02	20.62	22.02	800
940	2021-09-23	22.02	22.34	22.02	22.34	700
941	2021-09-24	22.09	22.09	22.09	22.09	0
942	2021-09-27	22.34	22.34	22.34	22.34	101
943	2021-09-28	22.34	22.34	22.34	22.34	0
944	2021-09-29	22.34	22.34	22.34	22.34	8
945	2021-09-30	19.98	19.98	19.98	19.98	400
946	2021-10-01	21.06	21.06	21.06	21.06	19640
947	2021-10-04	21.06	21.06	21.06	21.06	400
948	2021-10-05	21.06	21.13	21.06	21.06	900
949	2021-10-06	21.13	21.13	21.13	21.13	0
950	2021-10-07	21.13	21.13	21.13	21.13	20
951	2021-10-08	23.17	23.17	23.17	23.17	140
952	2021-10-11	23.17	23.17	23.17	23.17	0
953	2021-10-12	23.17	23.17	23.17	23.17	0
954	2021-10-13	22.34	22.34	22.34	22.34	100
955	2021-10-14	22.34	22.34	22.34	22.34	0
956	2021-10-15	22.34	22.34	22.34	22.34	0
957	2021-10-18	22.34	22.34	22.34	22.34	400
958	2021-10-19	22.34	22.34	22.34	22.34	200
959	2021-10-20	22.34	22.34	22.34	22.34	0
960	2021-10-21	22.34	22.34	22.34	22.34	0
961	2021-10-22	24.19	24.19	24.19	24.19	100
962	2021-10-25	24.0	24.0	24.0	24.0	100
963	2021-10-26	24.0	24.0	24.0	24.0	0
964	2021-10-27	22.34	22.34	22.34	22.34	500
965	2021-10-28	22.34	22.34	22.34	22.34	300
966	2021-10-29	24.13	24.13	20.43	20.43	1000
967	2021-11-01	22.85	22.85	21.06	21.06	400
968	2021-11-02	21.06	22.66	21.06	22.66	4200
969	2021-11-03	22.66	22.66	22.47	22.47	2100
970	2021-11-04	22.53	22.53	21.7	21.7	3100
971	2021-11-05	23.94	23.94	23.94	23.94	100
972	2021-11-08	23.62	23.87	23.55	23.62	12899
973	2021-11-09	24.26	24.26	24.26	24.26	100
974	2021-11-10	23.62	23.62	23.62	23.62	410
975	2021-11-11	23.62	23.62	23.62	23.62	0
976	2021-11-12	23.62	23.62	23.55	23.55	500
977	2021-11-15	23.43	23.43	23.3	23.3	200
978	2021-11-16	23.23	23.23	22.98	22.98	800
979	2021-11-17	23.04	24.26	23.04	24.26	300
980	2021-11-18	21.32	23.62	21.32	23.62	300
981	2021-11-19	22.34	22.34	22.34	22.34	620
982	2021-11-22	24.26	25.66	22.34	22.34	3700
983	2021-11-23	22.02	22.34	22.02	22.34	1600
984	2021-11-24	23.94	23.94	23.94	23.94	200
985	2021-11-25	23.94	23.94	22.09	22.09	300
986	2021-11-26	23.87	23.87	22.34	22.34	1700
987	2021-11-29	22.4	22.4	22.4	22.4	0
988	2021-11-30	22.4	22.4	22.4	22.4	200
989	2021-12-01	23.62	24.26	23.62	24.26	200
990	2021-12-02	23.94	23.94	23.94	23.94	0
991	2021-12-03	23.94	23.94	23.94	23.94	0
992	2021-12-06	22.98	22.98	22.98	22.98	300
993	2021-12-07	22.98	22.98	22.98	22.98	0
994	2021-12-08	22.98	22.98	22.98	22.98	700
995	2021-12-09	22.98	22.98	22.98	22.98	900
996	2021-12-10	22.98	22.98	22.98	22.98	0
997	2021-12-13	23.3	23.3	22.34	22.98	1200
998	2021-12-14	22.66	22.66	21.89	22.53	2300
999	2021-12-15	22.53	22.53	22.53	22.53	100
1000	2021-12-16	22.98	22.98	22.98	22.98	100
1001	2021-12-17	21.77	22.02	21.77	22.02	1500
1002	2021-12-20	21.96	21.96	21.96	21.96	0
1003	2021-12-21	23.23	23.23	23.23	23.23	100
1004	2021-12-22	23.23	23.23	23.23	23.23	0
1005	2021-12-23	25.53	25.53	25.53	25.53	100
1006	2021-12-24	25.53	25.53	25.53	25.53	0
1007	2021-12-27	25.53	25.53	25.53	25.53	0
1008	2021-12-28	24.26	24.26	24.26	24.26	100
1009	2021-12-29	24.26	24.26	24.26	24.26	0
1010	2021-12-30	22.09	22.09	22.09	22.09	300
1011	2021-12-31	23.94	23.94	23.94	23.94	100
1012	2022-01-04	23.62	23.94	23.62	23.94	400
1013	2022-01-05	20.3	23.81	20.3	23.81	300
1014	2022-01-06	24.26	24.26	23.62	23.62	1200
1015	2022-01-07	23.68	23.68	23.68	23.68	0
1016	2022-01-10	24.19	24.19	22.09	22.09	400
1017	2022-01-11	22.6	22.6	22.6	22.6	0
1018	2022-01-12	23.62	23.68	23.3	23.62	4200
1019	2022-01-13	22.34	22.34	22.34	22.34	100
1020	2022-01-14	23.55	23.81	23.55	23.62	1400
1021	2022-01-17	23.68	23.68	23.68	23.68	0
1022	2022-01-18	22.98	22.98	22.98	22.98	1400
1023	2022-01-19	22.98	22.98	22.98	22.98	1600
1024	2022-01-20	24.19	24.19	24.19	24.19	200
1025	2022-01-21	24.19	24.19	24.19	24.19	0
1026	2022-01-24	24.26	24.26	24.26	24.26	1000
1027	2022-01-25	24.26	24.26	23.62	23.62	1100
1028	2022-01-26	24.19	24.19	24.19	24.19	0
1029	2022-01-27	24.19	24.19	24.19	24.19	1500
1030	2022-01-28	24.19	24.19	24.19	24.19	0
1031	2022-02-07	24.19	24.19	24.19	24.19	0
1032	2022-02-08	24.19	24.19	24.19	24.19	0
1033	2022-02-09	23.3	23.62	23.3	23.62	600
1034	2022-02-10	23.62	23.62	23.62	23.62	400
1035	2022-02-11	23.62	23.62	23.62	23.62	0
1036	2022-02-14	23.68	24.89	23.62	23.62	500
1037	2022-02-15	24.13	24.13	24.13	24.13	0
1038	2022-02-16	23.94	23.94	23.94	23.94	200
1039	2022-02-17	24.89	24.89	24.89	24.89	100
1040	2022-02-18	24.89	24.89	24.89	24.89	400
1041	2022-02-21	24.89	24.89	22.98	22.98	3300
1042	2022-02-22	23.68	24.89	23.68	23.94	600
1043	2022-02-23	24.32	24.32	23.94	24.19	1600
1044	2022-02-24	24.19	24.26	23.94	24.0	2500
1045	2022-02-25	24.19	24.45	24.19	24.26	1500
1046	2022-02-28	23.94	24.58	23.94	24.58	400
1047	2022-03-01	23.94	24.38	20.62	23.94	4000
1048	2022-03-02	24.19	24.19	24.19	24.19	0
1049	2022-03-03	24.26	24.26	24.26	24.26	300
1050	2022-03-04	24.0	24.0	24.0	24.0	500
1051	2022-03-07	24.26	24.26	24.06	24.06	1100
1052	2022-03-08	23.94	23.94	22.34	22.98	1200
1053	2022-03-09	24.89	24.89	24.89	24.89	200
1054	2022-03-10	24.26	25.21	24.26	25.02	1400
1055	2022-03-11	25.53	25.53	25.53	25.53	100
1056	2022-03-14	24.89	24.89	24.89	24.89	1400
1057	2022-03-15	21.19	25.21	21.19	25.21	200
1058	2022-03-16	25.53	25.53	25.53	25.53	400
1059	2022-03-17	25.53	25.53	25.53	25.53	0
1060	2022-03-18	25.53	25.53	25.53	25.53	100
1061	2022-03-21	29.36	29.36	27.45	27.45	200
1062	2022-03-22	24.19	28.34	24.19	25.85	1210
1063	2022-03-23	26.17	26.17	23.17	26.17	709
1064	2022-03-24	20.81	24.89	20.81	24.89	200
1065	2022-03-25	24.64	24.64	24.64	24.64	101
1066	2022-03-28	24.89	24.89	24.89	24.89	100
1067	2022-03-29	24.89	24.89	24.89	24.89	0
1068	2022-03-30	25.53	25.53	25.53	25.53	219
1069	2022-03-31	25.53	25.53	25.53	25.53	0
1070	2022-04-01	26.17	28.72	26.17	28.72	500
1071	2022-04-04	24.58	24.58	24.58	24.58	200
1072	2022-04-05	24.89	24.89	24.89	24.89	300
1073	2022-04-06	24.89	24.89	24.89	24.89	300
1074	2022-04-07	24.89	26.62	24.89	25.85	700
1075	2022-04-08	25.66	25.66	25.66	25.66	0
1076	2022-04-12	25.66	25.66	25.66	25.66	600
1077	2022-04-13	24.89	24.89	21.83	21.83	700
1078	2022-04-14	23.17	23.17	23.17	23.17	0
1079	2022-04-15	24.89	24.89	24.89	24.89	500
1080	2022-04-18	24.89	24.89	24.89	24.89	100
1081	2022-04-19	25.02	25.02	25.02	25.02	100
1082	2022-04-20	25.02	25.02	25.02	25.02	0
1083	2022-04-21	25.02	25.02	25.02	25.02	0
1084	2022-04-22	25.02	25.02	25.02	25.02	0
1085	2022-04-25	25.02	25.02	25.02	25.02	100
1086	2022-04-26	21.38	21.38	21.38	21.38	100
1087	2022-04-27	24.58	24.58	24.58	24.58	700
1088	2022-04-28	22.09	28.02	22.09	28.02	800
1089	2022-04-29	27.83	27.83	27.45	27.45	1100
1090	2022-05-04	27.51	28.09	27.51	28.09	2200
1091	2022-05-05	28.72	28.72	27.45	27.45	200
1092	2022-05-06	27.45	27.45	27.45	27.45	100
1093	2022-05-09	27.45	29.36	27.45	27.51	3200
1094	2022-05-10	25.98	25.98	25.98	25.98	100
1095	2022-05-11	25.98	25.98	25.98	25.98	100
1096	2022-05-12	25.98	25.98	25.98	25.98	10
1097	2022-05-13	22.56	22.56	22.49	22.49	800
1098	2022-05-16	22.7	25.49	22.7	25.49	600
1099	2022-05-17	25.49	25.49	25.49	25.49	1300
1100	2022-05-18	29.19	29.19	28.63	28.63	500
1101	2022-05-19	28.98	28.98	28.98	28.98	0
1102	2022-05-20	28.63	28.63	28.63	28.63	100
1103	2022-05-23	28.63	28.63	28.63	28.63	0
1104	2022-05-24	28.63	28.63	28.63	28.63	0
1105	2022-05-25	28.63	28.63	28.63	28.63	0
1106	2022-05-26	26.19	26.19	26.19	26.19	500
1107	2022-05-27	22.77	22.77	22.77	22.77	100
1108	2022-05-30	22.77	22.77	22.77	22.77	0
1109	2022-05-31	22.77	22.77	22.77	22.77	0
1110	2022-06-01	22.77	22.77	22.77	22.77	0
1111	2022-06-02	22.77	22.77	22.77	22.77	0
1112	2022-06-03	22.77	22.77	22.77	22.77	0
1113	2022-06-06	22.77	22.77	22.77	22.77	0
1114	2022-06-07	22.77	22.77	22.77	22.77	0
1115	2022-06-08	22.77	22.77	22.77	22.77	0
1116	2022-06-09	23.12	23.12	23.05	23.05	300
1117	2022-06-10	23.12	23.12	23.12	23.12	0
1118	2022-06-13	23.12	23.12	23.05	23.12	801
1119	2022-06-14	26.47	26.47	26.47	26.47	100
1120	2022-06-15	26.47	26.47	26.47	26.47	0
1121	2022-06-16	26.47	26.47	26.47	26.47	0
1122	2022-06-17	26.47	26.47	26.47	26.47	0
1123	2022-06-20	26.47	26.47	26.47	26.47	0
1124	2022-06-21	26.47	26.47	26.47	26.47	0
1125	2022-06-22	26.47	26.47	26.47	26.47	0
1126	2022-06-23	25.35	25.35	25.35	25.35	100
1127	2022-06-24	25.35	25.35	25.35	25.35	0
1128	2022-06-27	26.54	26.54	26.54	26.54	100
1129	2022-06-28	26.54	26.54	26.54	26.54	0
1130	2022-06-29	26.54	26.54	26.54	26.54	0
1131	2022-06-30	26.54	26.54	26.54	26.54	0
1132	2022-07-01	26.54	26.54	26.54	26.54	0
1133	2022-07-04	26.54	26.54	26.54	26.54	0
1134	2022-07-05	26.54	26.54	26.54	26.54	0
1135	2022-07-06	26.68	26.68	26.68	26.68	200
1136	2022-07-07	26.68	26.68	26.68	26.68	300
1137	2022-07-08	26.68	26.68	26.68	26.68	0
1138	2022-07-11	22.7	22.7	22.7	22.7	100
1139	2022-07-12	22.7	22.7	22.7	22.7	0
1140	2022-07-13	22.7	22.7	22.7	22.7	0
1141	2022-07-14	25.14	25.14	25.14	25.14	200
1142	2022-07-15	25.14	25.14	25.14	25.14	0
1143	2022-07-18	25.14	25.14	25.14	25.14	0
1144	2022-07-19	25.14	25.14	25.14	25.14	200
1145	2022-07-20	25.14	25.14	25.14	25.14	0
1146	2022-07-21	27.94	27.94	27.94	27.94	100
1147	2022-07-22	27.94	27.94	27.94	27.94	0
1148	2022-07-25	27.94	27.94	27.94	27.94	0
1149	2022-07-26	28.49	28.49	28.49	28.49	100
1150	2022-07-27	28.49	28.49	28.49	28.49	0
1151	2022-07-28	28.49	28.49	28.49	28.49	0
1152	2022-07-29	28.49	28.49	28.49	28.49	0
1153	2022-08-01	28.49	28.49	28.49	28.49	0
1154	2022-08-02	28.49	28.49	28.49	28.49	0
1155	2022-08-03	28.28	28.28	28.28	28.28	500
1156	2022-08-04	28.28	28.63	28.28	28.63	300
1157	2022-08-05	28.28	28.28	28.28	28.28	500
1158	2022-08-08	28.28	28.28	28.28	28.28	0
1159	2022-08-09	28.28	28.28	28.28	28.28	0
1160	2022-08-10	28.28	28.28	28.28	28.28	0
1161	2022-08-11	28.28	28.28	28.28	28.28	0
1162	2022-08-12	28.28	28.28	28.28	28.28	0
1163	2022-08-15	24.09	24.09	24.09	24.09	200
1164	2022-08-16	24.09	24.09	24.09	24.09	0
1165	2022-08-17	24.09	24.09	24.09	24.09	0
1166	2022-08-18	24.09	24.09	24.09	24.09	0
1167	2022-08-19	24.09	24.09	24.09	24.09	0
1168	2022-08-22	24.09	24.09	24.09	24.09	0
1169	2022-08-23	24.09	24.09	24.09	24.09	0
1170	2022-08-24	24.09	24.09	24.09	24.09	0
1171	2022-08-25	27.66	27.66	27.66	27.66	100
1172	2022-08-26	27.66	27.66	27.66	27.66	0
1173	2022-08-29	27.66	27.66	27.66	27.66	0
1174	2022-08-30	27.66	27.66	27.66	27.66	0
1175	2022-08-31	27.66	27.66	27.66	27.66	0
1176	2022-09-05	27.94	27.94	27.94	27.94	500
1177	2022-09-06	27.94	27.94	27.94	27.94	0
1178	2022-09-07	27.94	27.94	27.94	27.94	0
1179	2022-09-08	27.94	27.94	27.94	27.94	0
1180	2022-09-09	27.94	27.94	27.94	27.94	0
1181	2022-09-12	27.94	27.94	27.94	27.94	0
1182	2022-09-13	27.94	27.94	27.94	27.94	0
1183	2022-09-14	27.94	27.94	27.94	27.94	20
1184	2022-09-15	27.94	27.94	27.94	27.94	0
1185	2022-09-16	27.94	27.94	27.94	27.94	8
1186	2022-09-19	27.94	27.94	27.94	27.94	0
1187	2022-09-20	27.94	27.94	27.94	27.94	1
1188	2022-09-21	27.94	27.94	27.94	27.94	0
1189	2022-09-22	27.94	27.94	27.94	27.94	0
1190	2022-09-23	27.94	27.94	27.94	27.94	0
1191	2022-09-26	27.94	27.94	27.94	27.94	0
1192	2022-09-27	27.94	27.94	27.94	27.94	0
1193	2022-09-28	27.94	27.94	27.94	27.94	0
1194	2022-09-29	27.94	27.94	27.94	27.94	0
1195	2022-09-30	27.94	27.94	27.94	27.94	0
1196	2022-10-03	27.94	27.94	27.94	27.94	0
1197	2022-10-04	27.94	27.94	27.94	27.94	1
1198	2022-10-05	27.94	27.94	27.94	27.94	537
1199	2022-10-06	27.94	27.94	27.94	27.94	0
1200	2022-10-07	27.94	27.94	27.94	27.94	0
1201	2022-10-10	27.94	27.94	27.94	27.94	0
1202	2022-10-11	27.94	27.94	27.94	27.94	0
1203	2022-10-12	27.94	27.94	27.94	27.94	0
1204	2022-10-13	27.94	27.94	27.94	27.94	0
1205	2022-10-14	27.94	27.94	27.94	27.94	0
1206	2022-10-17	27.94	27.94	27.94	27.94	0
1207	2022-10-18	27.94	27.94	27.94	27.94	0
1208	2022-10-19	27.94	27.94	27.94	27.94	0
1209	2022-10-20	27.94	27.94	27.94	27.94	0
1210	2022-10-21	27.94	27.94	27.94	27.94	0
1211	2022-10-24	27.94	27.94	27.94	27.94	0
1212	2022-10-25	27.94	27.94	27.94	27.94	0
1213	2022-10-26	27.94	27.94	27.94	27.94	0
1214	2022-10-27	27.94	27.94	27.94	27.94	0
1215	2022-10-28	27.94	27.94	27.94	27.94	0
1216	2022-10-31	28.98	28.98	28.98	28.98	100
1217	2022-11-01	27.94	27.94	27.94	27.94	400
1218	2022-11-02	27.94	27.94	27.94	27.94	0
1219	2022-11-03	27.94	27.94	27.94	27.94	0
1220	2022-11-04	27.94	27.94	27.94	27.94	28
1221	2022-11-07	27.94	27.94	27.94	27.94	0
1222	2022-11-08	27.94	27.94	27.94	27.94	0
1223	2022-11-09	27.94	27.94	27.94	27.94	1
1224	2022-11-10	27.94	27.94	27.94	27.94	0
1225	2022-11-11	27.94	27.94	27.94	27.94	0
1226	2022-11-14	27.94	27.94	27.94	27.94	0
1227	2022-11-15	27.94	27.94	27.94	27.94	0
1228	2022-11-16	27.94	27.94	27.94	27.94	0
1229	2022-11-17	27.94	27.94	27.94	27.94	11
1230	2022-11-18	27.94	27.94	27.94	27.94	0
1231	2022-11-21	27.94	27.94	27.94	27.94	0
1232	2022-11-22	27.94	27.94	27.94	27.94	0
1233	2022-11-23	27.94	27.94	27.94	27.94	0
1234	2022-11-24	27.94	27.94	27.94	27.94	0
1235	2022-11-25	27.94	27.94	27.94	27.94	0
1236	2022-11-28	27.94	27.94	27.94	27.94	0
1237	2022-11-29	27.94	27.94	27.94	27.94	100
1238	2022-11-30	27.94	27.94	27.94	27.94	0
1239	2022-12-01	25.84	25.84	25.84	25.84	100
1240	2022-12-02	25.84	25.84	25.84	25.84	0
1241	2022-12-05	28.98	28.98	28.98	28.98	100
1242	2022-12-06	28.98	28.98	28.98	28.98	0
1243	2022-12-07	27.94	27.94	27.94	27.94	500
1244	2022-12-08	27.94	27.94	27.94	27.94	0
1245	2022-12-09	27.94	27.94	27.94	27.94	37
1246	2022-12-12	28.98	28.98	28.28	28.28	801
1247	2022-12-13	25.84	25.84	25.84	25.84	300
1248	2022-12-14	29.67	29.67	29.67	29.67	500
1249	2022-12-15	29.67	29.67	29.67	29.67	0
1250	2022-12-16	29.67	29.67	29.67	29.67	0
1251	2022-12-19	29.67	29.67	29.67	29.67	0
1252	2022-12-20	29.67	29.67	29.67	29.67	0
1253	2022-12-21	29.67	29.67	29.67	29.67	0
1254	2022-12-22	29.67	29.67	29.67	29.67	0
1255	2022-12-23	28.49	28.49	28.49	28.49	100
1256	2022-12-26	28.49	28.49	28.49	28.49	0
1257	2022-12-27	28.49	28.49	28.49	28.49	0
1258	2022-12-28	28.49	28.49	28.49	28.49	0
1259	2022-12-29	31.43	31.43	31.43	31.43	100
1260	2022-12-30	31.43	31.43	31.43	31.43	100
1261	2023-01-03	33.44	33.44	33.44	33.44	200
1262	2023-01-04	33.44	33.44	33.44	33.44	0
1263	2023-01-05	33.44	33.44	33.44	33.44	0
1264	2023-01-06	33.44	33.44	33.44	33.44	0
1265	2023-01-09	33.44	33.44	33.44	33.44	0
1266	2023-01-10	33.44	33.44	33.44	33.44	0
1267	2023-01-11	33.44	33.44	33.44	33.44	0
1268	2023-01-12	33.44	33.44	33.44	33.44	100
1269	2023-01-13	33.44	33.44	33.44	33.44	0
1270	2023-01-16	33.44	33.44	33.44	33.44	0
1271	2023-01-17	33.44	33.44	33.44	33.44	0
1272	2023-01-18	33.44	33.44	33.44	33.44	0
1273	2023-01-19	33.44	33.44	33.44	33.44	0
1274	2023-01-27	33.44	33.44	33.44	33.44	0
1275	2023-01-30	33.44	33.44	33.44	33.44	0
1276	2023-01-31	33.44	33.44	33.44	33.44	100
1277	2023-02-01	33.44	33.44	33.44	33.44	0
1278	2023-02-02	33.44	33.44	33.44	33.44	0
1279	2023-02-03	33.44	33.44	33.44	33.44	0
1280	2023-02-06	33.44	33.44	33.44	33.44	0
1281	2023-02-07	28.49	28.49	28.49	28.49	200
1282	2023-02-08	28.49	28.49	28.49	28.49	501
1283	2023-02-09	29.33	29.33	29.33	29.33	200
1284	2023-02-10	29.33	29.33	29.33	29.33	0
1285	2023-02-13	29.33	29.33	29.33	29.33	0
1286	2023-02-14	29.33	29.33	29.33	29.33	0
1287	2023-02-15	28.58	28.58	28.58	28.58	100
1288	2023-02-16	28.49	28.49	28.49	28.49	100
1289	2023-02-17	28.49	28.49	28.49	28.49	0
1290	2023-02-20	28.49	28.49	28.49	28.49	0
1291	2023-02-21	32.69	32.69	32.69	32.69	100
1292	2023-02-22	33.44	33.44	32.69	32.69	200
1293	2023-02-23	33.1	33.1	33.1	33.1	0
1294	2023-02-24	33.1	33.1	33.1	33.1	0
1295	2023-02-27	33.1	33.1	33.1	33.1	0
1296	2023-02-28	28.49	28.49	28.49	28.49	111
1297	2023-03-01	28.58	28.58	28.49	28.49	1000
1298	2023-03-02	28.58	28.58	28.58	28.58	20
1299	2023-03-03	31.51	31.51	31.01	31.01	260
1300	2023-03-06	31.01	31.01	31.01	31.01	100
1301	2023-03-07	31.01	31.01	31.01	31.01	101
1302	2023-03-08	35.62	35.62	35.62	35.62	400
1303	2023-03-09	35.62	35.62	35.62	35.62	0
1304	2023-03-10	35.62	35.62	35.62	35.62	30
1305	2023-03-13	30.34	30.34	30.34	30.34	100
1306	2023-03-14	31.34	31.43	31.34	31.43	200
1307	2023-03-15	31.43	31.43	31.43	31.43	0
1308	2023-03-16	31.34	31.43	31.34	31.43	200
1309	2023-03-17	31.43	31.43	31.43	31.43	100
1310	2023-03-20	31.43	31.43	31.43	31.43	0
1311	2023-03-21	31.43	31.43	31.43	31.43	0
1312	2023-03-22	33.52	33.52	33.52	33.52	100
1313	2023-03-23	33.52	33.52	33.52	33.52	0
1314	2023-03-24	33.52	33.52	33.52	33.52	0
1315	2023-03-27	33.44	33.44	33.44	33.44	100
1316	2023-03-28	33.44	33.44	33.44	33.44	0
1317	2023-03-29	33.44	33.44	33.44	33.44	0
1318	2023-03-30	33.44	33.44	33.44	33.44	0
1319	2023-03-31	33.44	33.44	33.44	33.44	1
1320	2023-04-03	33.44	33.44	33.44	33.44	0
1321	2023-04-04	33.44	33.44	33.44	33.44	0
1322	2023-04-05	29.42	29.42	29.42	29.42	100
1323	2023-04-06	33.77	33.77	33.77	33.77	100
1324	2023-04-07	33.77	33.77	33.77	33.77	0
1325	2023-04-10	33.77	33.77	33.77	33.77	0
1326	2023-04-11	35.95	35.95	35.95	35.95	130
1327	2023-04-12	35.95	35.95	35.95	35.95	0
1328	2023-04-13	35.95	35.95	35.95	35.95	10
1329	2023-04-14	35.95	35.95	35.95	35.95	0
1330	2023-04-17	35.95	35.95	35.95	35.95	0
1331	2023-04-18	31.85	31.85	30.84	30.84	300
1332	2023-04-19	30.25	30.42	30.25	30.34	500
1333	2023-04-20	30.34	30.34	30.34	30.34	0
1334	2023-04-21	34.78	34.78	34.78	34.78	100
1335	2023-04-24	34.78	34.78	34.78	34.78	0
1336	2023-04-25	36.04	36.04	36.04	36.04	106
1337	2023-04-26	35.95	35.95	35.95	35.95	300
1338	2023-04-27	35.95	35.95	35.95	35.95	0
1339	2023-04-28	30.67	30.67	30.67	30.67	100
1340	2023-05-04	30.67	30.67	30.67	30.67	0
1341	2023-05-05	30.67	30.67	30.67	30.67	19
1342	2023-05-08	33.02	33.02	33.02	33.02	100
1343	2023-05-09	33.02	33.02	33.02	33.02	0
1344	2023-05-10	36.04	36.04	31.43	31.43	306
1345	2023-05-11	28.91	28.91	28.91	28.91	100
1346	2023-05-12	28.91	28.91	28.91	28.91	47
1347	2023-05-15	28.91	28.91	28.91	28.91	7
1348	2023-05-16	33.19	33.19	31.85	32.27	803
1349	2023-05-17	32.27	32.27	32.27	32.27	0
1350	2023-05-18	32.72	32.72	32.72	32.72	100
1351	2023-05-19	33.17	33.17	33.17	33.17	100
1352	2023-05-22	33.17	33.17	33.17	33.17	100
1353	2023-05-23	33.17	33.17	32.72	32.72	500
1354	2023-05-24	32.72	32.72	32.72	32.72	135
1355	2023-05-25	32.72	32.72	32.72	32.72	0
1356	2023-05-26	32.72	32.72	32.72	32.72	0
1357	2023-05-29	32.72	32.72	32.72	32.72	0
1358	2023-05-30	31.81	31.81	31.81	31.81	102
1359	2023-05-31	30.72	33.63	30.72	33.63	200
1360	2023-06-01	31.81	35.26	31.81	32.27	800
1361	2023-06-02	32.27	32.27	32.27	32.27	400
1362	2023-06-05	32.27	32.27	32.27	32.27	0
1363	2023-06-06	30.45	30.54	30.45	30.45	300
1364	2023-06-07	34.99	34.99	34.99	34.99	100
1365	2023-06-08	32.27	32.27	30.08	30.08	1100
1366	2023-06-09	34.99	34.99	30.08	30.08	301
1367	2023-06-12	35.81	35.81	35.81	35.81	100
1368	2023-06-13	35.81	35.81	35.81	35.81	3
1369	2023-06-14	35.81	35.81	35.81	35.81	4
1370	2023-06-15	30.45	30.45	30.45	30.45	103
1371	2023-06-16	33.63	33.63	33.63	33.63	100
1372	2023-06-19	35.36	35.36	35.36	35.36	103
1373	2023-06-20	35.26	35.26	30.63	30.63	300
1374	2023-06-21	32.17	32.17	32.08	32.08	200
1375	2023-06-22	30.63	30.63	30.63	30.63	200
1376	2023-06-23	32.63	32.63	31.81	31.81	300
1377	2023-06-26	32.08	32.08	32.08	32.08	100
1378	2023-06-27	32.08	32.08	32.08	32.08	100
1379	2023-06-28	33.99	33.99	33.99	33.99	100
1380	2023-06-29	34.36	34.36	34.36	34.36	100
1381	2023-06-30	34.08	34.27	34.08	34.27	200
1382	2023-07-03	34.08	34.27	34.08	34.27	391
1383	2023-07-04	33.17	33.17	33.17	33.17	200
1384	2023-07-05	33.17	33.17	33.17	33.17	100
1385	2023-07-06	33.17	33.17	33.17	33.17	100
1386	2023-07-07	33.17	33.17	33.17	33.17	0
1387	2023-07-10	30.9	33.17	30.9	33.17	300
1388	2023-07-11	32.45	32.45	32.45	32.45	0
1389	2023-07-12	32.45	32.45	32.45	32.45	0
1390	2023-07-13	32.45	32.45	32.45	32.45	0
1391	2023-07-14	32.72	32.72	32.72	32.72	200
1392	2023-07-17	30.99	30.99	30.99	30.99	500
1393	2023-07-18	33.99	33.99	33.99	33.99	100
1394	2023-07-19	33.99	33.99	33.99	33.99	0
1395	2023-07-20	33.99	33.99	33.99	33.99	0
1396	2023-07-21	33.99	33.99	33.99	33.99	0
1397	2023-07-24	33.9	33.9	33.9	33.9	500
1398	2023-07-25	33.9	33.9	33.9	33.9	1
1399	2023-07-26	33.9	33.9	33.9	33.9	0
1400	2023-07-27	33.9	33.9	33.9	33.9	0
1401	2023-07-28	32.72	32.72	32.27	32.27	220
1402	2023-07-31	33.81	33.81	33.81	33.81	161
1403	2023-08-01	31.45	31.63	31.45	31.63	400
1404	2023-08-02	34.17	34.17	34.17	34.17	100
1405	2023-08-03	34.54	34.54	33.17	33.17	400
1406	2023-08-04	34.9	34.9	34.9	34.9	100
1407	2023-08-07	35.45	35.45	35.45	35.45	300
1408	2023-08-08	35.45	35.45	35.45	35.45	0
1409	2023-08-09	35.45	35.45	35.45	35.45	0
1410	2023-08-10	31.54	31.54	31.45	31.45	400
1411	2023-08-11	31.81	34.99	31.81	34.99	202
1412	2023-08-14	34.08	34.08	34.08	34.08	100
1413	2023-08-15	35.54	35.54	35.54	35.54	201
1414	2023-08-16	35.54	35.54	34.9	34.9	300
1415	2023-08-17	35.08	35.08	35.08	35.08	0
1416	2023-08-18	35.08	35.08	35.08	35.08	0
1417	2023-08-21	35.17	35.17	35.17	35.17	100
1418	2023-08-22	35.17	35.17	35.17	35.17	0
1419	2023-08-23	35.17	35.17	35.17	35.17	0
1420	2023-08-24	35.17	35.17	35.17	35.17	0
1421	2023-08-25	35.54	35.54	35.54	35.54	162
1422	2023-08-28	35.54	35.54	35.54	35.54	2
1423	2023-08-29	35.9	35.9	35.9	35.9	100
1424	2023-08-30	35.9	35.9	35.9	35.9	0
1425	2023-08-31	35.9	35.9	35.9	35.9	1
1426	2023-09-05	35.9	35.9	35.9	35.9	1
1427	2023-09-06	35.9	35.9	35.9	35.9	0
1428	2023-09-07	38.36	38.36	38.36	38.36	100
1429	2023-09-08	35.9	35.9	32.72	32.72	600
1430	2023-09-11	39.45	39.45	39.45	39.45	100
1431	2023-09-12	39.45	39.45	39.45	39.45	0
1432	2023-09-13	39.45	39.45	39.45	39.45	1
1433	2023-09-14	39.45	39.45	39.45	39.45	0
1434	2023-09-15	33.54	33.54	33.54	33.54	100
1435	2023-09-18	38.45	38.45	38.45	38.45	100
1436	2023-09-19	38.45	38.45	38.45	38.45	0
1437	2023-09-20	32.81	32.81	32.81	32.81	200
1438	2023-09-21	32.81	37.72	28.18	28.18	900
1439	2023-09-22	36.63	36.63	36.63	36.63	101
1440	2023-09-25	40.81	40.81	40.81	40.81	100
1441	2023-09-26	34.72	36.17	34.72	36.17	400
1442	2023-09-27	35.81	35.81	35.81	35.81	35
1443	2023-09-28	35.81	35.9	35.81	35.9	600
1444	2023-09-29	39.99	39.99	39.99	39.99	100
1445	2023-10-02	33.99	33.99	33.99	33.99	100
1446	2023-10-03	39.08	39.08	33.99	33.99	400
1447	2023-10-04	35.81	35.81	35.81	35.81	100
1448	2023-10-05	30.9	30.99	30.9	30.99	400
1449	2023-10-06	35.63	35.63	35.63	35.63	101
1450	2023-10-09	35.63	35.63	35.63	35.63	100
1451	2023-10-10	31.36	31.36	31.36	31.36	200
1452	2023-10-11	35.63	35.63	35.63	35.63	101
1453	2023-10-12	35.63	35.63	35.63	35.63	0
1454	2023-10-13	35.81	35.81	35.81	35.81	200
1455	2023-10-16	35.81	35.81	35.81	35.81	499
1456	2023-10-17	31.45	31.45	31.45	31.45	100
1457	2023-10-18	35.72	35.72	35.72	35.72	600
1458	2023-10-19	35.72	35.72	35.72	35.72	1
1459	2023-10-20	35.72	35.72	35.72	35.72	0
1460	2023-10-23	35.72	35.72	35.72	35.72	0
1461	2023-10-24	35.54	35.54	35.54	35.54	100
1462	2023-10-25	35.54	35.54	35.54	35.54	0
1463	2023-10-26	31.27	32.81	31.27	32.81	300
1464	2023-10-27	35.81	35.81	35.81	35.81	150
1465	2023-10-30	35.81	35.81	35.81	35.81	0
1466	2023-10-31	35.81	35.81	35.81	35.81	0
1467	2023-11-01	35.81	35.81	35.81	35.81	0
1468	2023-11-02	35.81	35.81	35.81	35.81	0
1469	2023-11-03	35.81	35.81	35.81	35.81	0
1470	2023-11-06	35.81	35.81	35.81	35.81	0
1471	2023-11-07	35.81	35.81	35.81	35.81	0
1472	2023-11-08	35.81	35.81	35.81	35.81	0
1473	2023-11-09	35.81	35.81	35.81	35.81	0
1474	2023-11-10	35.81	35.81	35.81	35.81	0
1475	2023-11-13	35.81	35.81	35.81	35.81	0
1476	2023-11-14	35.81	35.81	35.81	35.81	0
1477	2023-11-15	35.81	35.81	35.81	35.81	0
1478	2023-11-16	35.81	35.81	35.81	35.81	0
1479	2023-11-17	35.81	35.81	35.81	35.81	2
1480	2023-11-20	35.81	35.81	35.81	35.81	0
1481	2023-11-21	35.81	35.81	35.81	35.81	0
1482	2023-11-22	35.81	35.81	35.81	35.81	0
1483	2023-11-23	35.81	35.81	35.81	35.81	0
1484	2023-11-24	35.81	35.81	35.81	35.81	0
1485	2023-11-27	35.81	35.81	35.81	35.81	0
1486	2023-11-28	35.81	35.81	35.81	35.81	0
1487	2023-11-29	35.81	35.81	35.81	35.81	1
1488	2023-11-30	35.81	35.81	35.81	35.81	0
1489	2023-12-01	35.81	35.81	35.81	35.81	0
1490	2023-12-04	35.81	35.81	35.81	35.81	0
1491	2023-12-05	35.81	35.81	35.81	35.81	0
1492	2023-12-06	35.81	35.81	35.81	35.81	0
1493	2023-12-07	30.81	30.81	30.81	30.81	100
1494	2023-12-08	33.54	33.63	33.54	33.63	625
1495	2023-12-11	30.54	30.54	30.54	30.54	200
1496	2023-12-12	33.63	33.63	30.54	30.54	630
1497	2023-12-13	33.63	33.63	33.63	33.63	101
1498	2023-12-14	35.81	35.81	35.81	35.81	100
1499	2023-12-15	35.81	35.81	35.81	35.81	0
1500	2023-12-18	35.72	35.72	35.72	35.72	100
1501	2023-12-19	35.63	35.63	35.63	35.63	100
1502	2023-12-20	35.63	35.63	35.63	35.63	0
1503	2023-12-21	35.63	35.63	35.63	35.63	0
1504	2023-12-22	30.9	30.9	30.9	30.9	200
1505	2023-12-25	30.45	35.36	30.45	35.36	530
1506	2023-12-26	35.81	35.81	35.81	35.81	142
1507	2023-12-27	37.04	37.04	37.04	37.04	101
1508	2023-12-28	37.04	37.04	37.04	37.04	0
1509	2023-12-29	37.04	37.04	37.04	37.04	0
1510	2024-01-02	31.65	32.13	31.65	32.13	570
1511	2024-01-03	36.38	36.38	36.38	36.38	100
1512	2024-01-04	36.38	36.38	31.94	31.94	300
1513	2024-01-05	36.19	36.19	36.19	36.19	200
1514	2024-01-08	36.19	36.19	36.19	36.19	0
1515	2024-01-09	36.19	36.19	36.19	36.19	0
1516	2024-01-10	36.19	36.19	36.19	36.19	0
1517	2024-01-11	35.15	35.15	35.15	35.15	200
1518	2024-01-12	35.15	35.15	35.15	35.15	0
1519	2024-01-15	35.15	35.15	35.15	35.15	0
1520	2024-01-16	35.15	35.15	35.15	35.15	0
1521	2024-01-17	35.15	35.15	35.15	35.15	0
1522	2024-01-18	34.49	34.49	34.49	34.49	100
1523	2024-01-19	35.62	35.62	35.62	35.62	100
1524	2024-01-22	35.62	35.62	35.62	35.62	0
1525	2024-01-23	35.62	35.62	35.62	35.62	2
1526	2024-01-24	35.62	35.62	35.62	35.62	0
1527	2024-01-25	35.62	35.62	35.62	35.62	0
1528	2024-01-26	35.62	35.62	35.62	35.62	0
1529	2024-01-29	35.62	35.62	35.62	35.62	0
1530	2024-01-30	35.62	35.62	35.62	35.62	0
1531	2024-01-31	35.62	35.62	35.62	35.62	0
1532	2024-02-01	35.62	35.62	35.62	35.62	0
1533	2024-02-02	35.62	35.62	35.62	35.62	0
1534	2024-02-05	35.62	35.62	35.62	35.62	0
1535	2024-02-06	35.62	35.62	35.62	35.62	0
1536	2024-02-07	35.62	35.62	35.62	35.62	0
1537	2024-02-15	35.62	35.62	35.62	35.62	0
1538	2024-02-16	35.24	35.24	35.24	35.24	100
1539	2024-02-19	32.13	33.73	32.13	33.73	300
1540	2024-02-20	34.96	34.96	33.07	33.07	1400
1541	2024-02-21	31.94	35.06	31.94	35.06	200
1542	2024-02-22	35.81	35.81	35.81	35.81	100
1543	2024-02-23	33.35	33.35	33.35	33.35	400
1544	2024-02-26	33.35	33.35	33.35	33.35	0
1545	2024-02-27	35.81	35.81	35.24	35.24	300
1546	2024-02-28	35.43	35.43	35.43	35.43	0
1547	2024-02-29	33.54	33.54	33.54	33.54	110
1548	2024-03-01	36.28	36.28	36.28	36.28	100
1549	2024-03-04	36.28	36.28	36.28	36.28	0
1550	2024-03-05	36.28	36.28	36.28	36.28	0
1551	2024-03-06	36.19	36.19	36.19	36.19	100
1552	2024-03-07	37.51	37.51	37.51	37.51	100
1553	2024-03-08	37.51	37.51	37.51	37.51	21
1554	2024-03-11	36.85	36.85	36.85	36.85	200
1555	2024-03-12	36.85	36.85	36.85	36.85	0
1556	2024-03-13	36.85	36.85	36.85	36.85	0
1557	2024-03-14	36.85	36.85	36.85	36.85	0
1558	2024-03-15	37.7	37.7	36.76	36.76	600
1559	2024-03-18	34.96	34.96	34.96	34.96	300
1560	2024-03-19	37.51	37.51	37.51	37.51	100
1561	2024-03-20	37.51	37.51	37.51	37.51	0
1562	2024-03-21	35.91	35.91	34.96	34.96	700
1563	2024-03-22	32.13	35.62	32.13	35.62	700
1564	2024-03-25	37.61	37.61	35.91	35.91	200
1565	2024-03-26	34.49	34.49	32.69	32.69	12100
1566	2024-03-27	34.87	34.87	34.87	34.87	100
1567	2024-03-28	34.77	36.76	34.49	34.49	1000
1568	2024-03-29	34.77	34.77	34.68	34.68	200
1569	2024-04-01	34.77	34.77	34.77	34.77	0
1570	2024-04-02	34.68	34.68	34.68	34.68	100
1571	2024-04-03	34.49	34.49	34.39	34.39	200
1572	2024-04-04	34.3	34.3	33.64	33.64	600
1573	2024-04-05	34.02	34.02	33.45	33.45	400
1574	2024-04-08	35.06	35.06	35.06	35.06	100
1575	2024-04-09	35.06	35.06	35.06	35.06	0
1576	2024-04-10	33.54	33.54	33.54	33.54	500
1577	2024-04-11	32.32	32.6	32.13	32.6	1500
1578	2024-04-12	34.02	34.02	34.02	34.02	121
1579	2024-04-15	33.54	33.54	32.6	32.6	200
1580	2024-04-16	33.92	33.92	32.6	32.6	200
1581	2024-04-17	32.22	32.22	32.03	32.03	400
1582	2024-04-19	34.49	34.49	31.94	31.94	1500
1583	2024-04-22	32.13	32.13	32.13	32.13	0
1584	2024-04-23	34.39	34.39	34.39	34.39	100
1585	2024-04-24	34.39	34.39	34.39	34.39	0
1586	2024-04-25	34.39	34.39	34.39	34.39	0
1587	2024-04-26	34.39	34.39	34.39	34.39	0
1588	2024-05-02	34.39	34.39	34.39	34.39	0
1589	2024-05-03	34.39	34.39	34.39	34.39	0
1590	2024-05-06	32.22	32.6	32.22	32.6	1601
1591	2024-05-07	34.68	34.68	34.02	34.02	400
1592	2024-05-08	34.3	34.3	34.3	34.3	0
1593	2024-05-09	32.6	32.69	32.6	32.69	600
1594	2024-05-10	34.02	34.02	34.02	34.02	100
1595	2024-05-13	34.02	34.02	34.02	34.02	0
1596	2024-05-14	34.02	34.02	34.02	34.02	0
1597	2024-05-15	34.02	34.02	34.02	34.02	0
1598	2024-05-16	32.5	32.5	31.65	31.65	4300
1599	2024-05-17	32.6	32.6	32.13	32.13	300
1600	2024-05-20	32.6	32.6	32.6	32.6	1400
1601	2024-05-21	32.6	32.6	32.6	32.6	600
1602	2024-05-22	32.6	32.6	32.6	32.6	0
1603	2024-05-23	32.6	32.6	32.6	32.6	100
1604	2024-05-24	32.6	32.6	32.6	32.6	0
1605	2024-05-27	34.32	34.32	32.12	32.12	200
1606	2024-05-28	34.42	34.42	34.42	34.42	121
1607	2024-05-29	34.42	34.42	34.42	34.42	0
1608	2024-05-30	34.42	34.42	34.42	34.42	0
1609	2024-05-31	34.42	34.42	34.42	34.42	0
1610	2024-06-03	34.42	34.42	34.42	34.42	1
1611	2024-06-04	34.42	34.42	34.42	34.42	0
1612	2024-06-05	34.42	34.42	34.42	34.42	0
1613	2024-06-06	34.42	34.42	34.42	34.42	0
1614	2024-06-07	32.6	32.6	32.6	32.6	400
1615	2024-06-10	32.6	32.6	32.6	32.6	0
1616	2024-06-11	32.22	32.22	32.12	32.12	200
1617	2024-06-12	34.32	34.32	34.32	34.32	100
1618	2024-06-13	34.32	34.32	34.32	34.32	0
1619	2024-06-14	34.32	34.32	34.32	34.32	0
1620	2024-06-17	35.19	35.19	35.19	35.19	100
1621	2024-06-18	35.19	35.19	35.19	35.19	0
1622	2024-06-19	35.19	35.19	35.19	35.19	0
1623	2024-06-20	35.19	35.19	35.19	35.19	0
1624	2024-06-21	35.19	35.19	35.19	35.19	0
1625	2024-06-24	35.19	35.19	35.19	35.19	0
1626	2024-06-25	34.52	34.52	34.52	34.52	500
1627	2024-06-26	34.52	34.52	34.52	34.52	0
1628	2024-06-27	34.52	34.52	34.52	34.52	0
1629	2024-06-28	34.42	34.42	34.42	34.42	100
1630	2024-07-01	34.42	34.42	34.42	34.42	0
1631	2024-07-02	34.42	34.42	34.42	34.42	0
1632	2024-07-03	34.42	34.42	34.42	34.42	0
1633	2024-07-04	34.42	34.42	34.42	34.42	100
1634	2024-07-05	34.42	34.42	34.42	34.42	0
1635	2024-07-08	34.42	34.42	34.42	34.42	0
1636	2024-07-09	34.42	34.42	34.42	34.42	0
1637	2024-07-10	33.56	33.56	33.56	33.56	104
1638	2024-07-11	34.32	34.32	34.32	34.32	100
1639	2024-07-12	34.32	34.32	34.32	34.32	0
1640	2024-07-15	34.32	34.32	34.32	34.32	0
1641	2024-07-16	34.8	34.8	34.8	34.8	100
1642	2024-07-17	34.8	34.8	34.8	34.8	0
1643	2024-07-18	34.8	35.38	34.8	35.38	2000
1644	2024-07-19	35.28	35.28	35.28	35.28	0
1645	2024-07-22	35.38	35.38	35.38	35.38	719
1646	2024-07-23	35.38	35.38	35.38	35.38	0
1647	2024-07-24	35.38	35.38	35.38	35.38	0
1648	2024-07-25	35.38	35.38	35.38	35.38	0
1649	2024-07-26	33.31	33.31	33.31	33.31	100
1650	2024-07-29	33.31	33.31	33.31	33.31	0
1651	2024-07-30	33.31	33.31	33.11	33.21	807
1652	2024-07-31	33.21	33.21	33.21	33.21	5
1653	2024-08-01	33.21	33.21	33.21	33.21	0
1654	2024-08-02	33.21	33.21	33.21	33.21	0
1655	2024-08-05	33.21	33.21	33.21	33.21	0
1656	2024-08-06	34.99	34.99	34.99	34.99	100
1657	2024-08-07	34.99	34.99	34.99	34.99	0
1658	2024-08-08	34.99	34.99	34.99	34.99	10
1659	2024-08-09	34.99	34.99	34.99	34.99	0
1660	2024-08-12	34.99	34.99	34.99	34.99	0
1661	2024-08-13	34.99	34.99	34.99	34.99	0
1662	2024-08-14	34.99	34.99	34.99	34.99	0
1663	2024-08-15	34.99	34.99	34.99	34.99	17
1664	2024-08-16	34.99	34.99	34.99	34.99	0
1665	2024-08-19	34.99	34.99	34.99	34.99	17
1666	2024-08-20	34.99	34.99	34.99	34.99	0
1667	2024-08-21	34.99	34.99	34.99	34.99	0
1668	2024-08-22	34.99	34.99	34.99	34.99	0
1669	2024-08-23	34.99	34.99	34.99	34.99	0
1670	2024-08-26	34.99	34.99	34.99	34.99	0
1671	2024-08-27	34.99	34.99	34.99	34.99	0
1672	2024-08-28	34.99	34.99	34.99	34.99	0
1673	2024-08-29	34.99	34.99	34.99	34.99	0
1674	2024-08-30	34.99	34.99	34.99	34.99	0
1675	2024-09-04	34.99	34.99	34.99	34.99	0
1676	2024-09-05	34.99	34.99	34.99	34.99	0
1677	2024-09-06	34.99	34.99	34.99	34.99	0
1678	2024-09-09	34.99	34.99	34.99	34.99	0
1679	2024-09-10	36.27	36.27	36.27	36.27	100
1680	2024-09-11	36.27	36.27	36.27	36.27	0
1681	2024-09-12	36.27	36.27	36.27	36.27	0
1682	2024-09-13	36.27	36.27	36.27	36.27	0
1683	2024-09-16	36.27	36.27	36.27	36.27	0
1684	2024-09-17	36.27	36.27	36.27	36.27	0
1685	2024-09-18	36.27	36.27	36.27	36.27	0
1686	2024-09-19	36.27	36.27	36.27	36.27	0
1687	2024-09-20	36.27	36.27	36.27	36.27	0
1688	2024-09-23	36.27	36.27	36.27	36.27	0
1689	2024-09-24	36.27	36.27	36.27	36.27	0
1690	2024-09-25	32.32	33.01	32.32	33.01	300
1691	2024-09-26	35.68	35.68	35.68	35.68	100
1692	2024-09-27	35.68	35.68	35.68	35.68	0
1693	2024-09-30	32.13	32.13	32.13	32.13	100
1694	2024-10-01	32.13	32.42	29.56	29.56	1800
1695	2024-10-02	34.49	34.49	34.49	34.49	100
1696	2024-10-03	34.49	34.49	32.32	32.32	1318
1697	2024-10-04	32.03	32.03	32.03	32.03	501
1698	2024-10-07	32.03	32.03	32.03	32.03	0
1699	2024-10-08	32.03	32.03	32.03	32.03	0
1700	2024-10-09	32.03	32.03	32.03	32.03	0
1701	2024-10-10	34.2	34.2	34.2	34.2	100
1702	2024-10-11	34.2	34.2	34.2	34.2	0
1703	2024-10-14	34.2	34.2	34.2	34.2	0
1704	2024-10-15	34.2	34.2	34.2	34.2	0
1705	2024-10-16	34.2	34.2	34.2	34.2	0
1706	2024-10-17	34.2	34.2	34.2	34.2	0
1707	2024-10-18	29.07	29.07	29.07	29.07	200
1708	2024-10-21	33.31	33.41	33.31	33.31	301
1709	2024-10-22	33.31	33.31	33.31	33.31	0
1710	2024-10-23	33.31	33.31	33.31	33.31	0
1711	2024-10-24	30.55	30.55	28.58	28.58	723
1712	2024-10-25	32.52	32.52	32.52	32.52	100
1713	2024-10-28	29.56	33.11	29.56	33.11	324
1714	2024-10-29	32.42	32.42	32.42	32.42	100
1715	2024-10-30	32.42	32.42	32.42	32.42	0
1716	2024-10-31	32.42	32.42	32.42	32.42	0
1717	2024-11-01	32.42	32.42	32.42	32.42	12
1718	2024-11-04	32.42	32.42	32.42	32.42	0
1719	2024-11-05	32.42	32.42	32.42	32.42	0
1720	2024-11-06	28.58	28.58	27.59	27.59	400
1721	2024-11-07	31.24	32.03	31.24	32.03	400
1722	2024-11-08	31.93	31.93	31.93	31.93	200
1723	2024-11-11	31.93	31.93	31.93	31.93	0
1724	2024-11-12	31.93	31.93	31.93	31.93	0
1725	2024-11-13	31.93	31.93	31.93	31.93	0
1726	2024-11-14	31.93	31.93	31.93	31.93	0
1727	2024-11-15	31.93	31.93	31.93	31.93	0
1728	2024-11-18	31.93	31.93	31.93	31.93	200
1729	2024-11-19	31.93	31.93	31.93	31.93	0
1730	2024-11-20	31.93	31.93	31.93	31.93	0
1731	2024-11-21	29.56	29.56	29.56	29.56	300
1732	2024-11-22	29.56	29.56	29.56	29.56	0
1733	2024-11-25	34.0	34.0	34.0	34.0	100
1734	2024-11-26	34.0	34.0	34.0	34.0	0
1735	2024-11-27	33.01	33.01	33.01	33.01	100
1736	2024-11-28	33.01	33.01	33.01	33.01	0
1737	2024-11-29	33.01	33.01	33.01	33.01	0
1738	2024-12-02	33.01	33.01	33.01	33.01	0
1739	2024-12-03	33.01	33.01	33.01	33.01	0
1740	2024-12-04	33.01	33.01	33.01	33.01	0
1741	2024-12-05	33.01	33.01	33.01	33.01	0
1742	2024-12-06	33.01	33.01	33.01	33.01	0
1743	2024-12-09	33.01	33.01	33.01	33.01	0
1744	2024-12-10	29.56	29.56	28.58	28.58	1000
1745	2024-12-11	32.52	32.52	32.52	32.52	100
1746	2024-12-12	29.56	29.56	27.69	27.69	418
1747	2024-12-13	32.62	32.62	32.62	32.62	100
1748	2024-12-16	29.56	33.01	29.56	33.01	600
1749	2024-12-17	31.04	31.04	31.04	31.04	0
1750	2024-12-18	31.04	31.04	31.04	31.04	2
1751	2024-12-19	31.04	31.04	31.04	31.04	0
1752	2024-12-20	30.55	30.55	30.55	30.55	400
1753	2024-12-23	34.1	34.1	34.1	34.1	100
1754	2024-12-24	34.1	34.1	34.1	34.1	0
1755	2024-12-25	34.6	34.6	33.0	33.0	400
1756	2024-12-26	34.2	34.2	34.2	34.2	110
1757	2024-12-27	34.2	34.2	34.2	34.2	0
1758	2024-12-30	34.2	34.2	34.2	34.2	0
1759	2024-12-31	34.2	34.2	34.2	34.2	0
1760	2025-01-02	34.2	34.2	34.2	34.2	0
1761	2025-01-03	31.1	31.1	31.1	31.1	100
1762	2025-01-06	34.9	34.9	34.9	34.9	100
1763	2025-01-15	36.7	36.7	36.7	36.7	1100
1764	2025-02-05	31.5	31.5	31.5	31.5	100
1765	2025-02-06	36.0	36.0	32.0	32.0	400
1766	2025-02-07	35.8	35.8	33.0	33.0	300
1767	2025-02-10	36.7	36.7	36.7	36.7	100
1768	2025-02-12	31.8	32.8	31.8	32.8	700
1769	2025-02-13	32.7	32.7	32.7	32.7	500
1770	2025-02-14	36.7	36.7	36.7	36.7	100
1771	2025-02-24	36.8	36.8	36.8	36.8	100
1772	2025-02-26	36.5	36.5	36.5	36.5	200
1773	2025-03-03	32.3	32.3	32.3	32.3	700
1774	2025-03-05	36.3	36.3	36.3	36.3	100
1775	2025-03-12	32.8	33.5	32.8	32.8	700
1776	2025-03-17	33.0	33.0	33.0	33.0	100
1777	2025-03-19	36.7	36.7	36.7	36.7	100
