	time	open	high	low	close	volume
0	2017-08-18	4.59	0.0	0.0	0.0	0
1	2017-08-21	4.59	4.59	4.59	4.59	0
2	2017-08-22	4.59	4.59	4.59	4.59	0
3	2017-08-23	4.59	4.59	4.59	4.59	0
4	2017-08-24	5.11	5.11	5.11	5.11	100
5	2017-08-25	5.8	5.8	5.8	5.8	100
6	2017-08-28	6.66	6.66	6.66	6.66	100
7	2017-08-29	7.61	7.61	7.61	7.61	100
8	2017-08-30	8.74	8.74	6.58	6.58	1000
9	2017-08-31	7.44	7.44	7.44	7.44	0
10	2017-09-01	6.49	6.49	6.49	6.49	5000
11	2017-09-05	7.44	7.44	7.44	7.44	100
12	2017-09-06	7.53	7.53	7.53	7.53	100
13	2017-09-07	7.44	7.44	7.44	7.44	0
14	2017-09-08	7.27	7.27	7.27	7.27	500
15	2017-09-11	6.58	8.31	6.58	8.31	5300
16	2017-09-12	8.57	8.57	8.57	8.57	100
17	2017-09-13	7.53	7.53	7.53	7.53	100
18	2017-09-14	7.53	7.53	7.53	7.53	0
19	2017-09-15	6.58	6.58	6.58	6.58	600
20	2017-09-18	7.53	7.53	7.53	7.53	200
21	2017-09-19	6.92	6.92	6.92	6.92	200
22	2017-09-20	6.23	6.23	6.23	6.23	200
23	2017-09-21	7.1	7.1	7.1	7.1	400
24	2017-09-22	6.14	6.66	6.14	6.58	700
25	2017-09-25	6.66	6.92	6.66	6.92	200
26	2017-09-26	6.84	6.84	6.84	6.84	0
27	2017-09-27	6.92	6.92	6.92	6.92	6500
28	2017-09-28	7.61	7.61	7.61	7.61	100
29	2017-09-29	8.65	8.65	8.22	8.22	25400
30	2017-10-02	8.31	8.65	8.31	8.65	2100
31	2017-10-03	8.65	8.65	8.65	8.65	0
32	2017-10-04	7.44	7.79	7.44	7.79	500
33	2017-10-05	7.79	7.79	7.79	7.79	500
34	2017-10-06	7.79	8.65	7.79	8.65	300
35	2017-10-09	8.05	8.05	8.05	8.05	0
36	2017-10-10	8.22	8.22	8.22	8.22	300
37	2017-10-11	8.22	8.22	8.22	8.22	0
38	2017-10-12	8.22	8.22	8.22	8.22	0
39	2017-10-13	8.22	8.22	8.22	8.22	0
40	2017-10-16	8.22	8.22	8.22	8.22	0
41	2017-10-17	7.87	7.87	7.87	7.87	5000
42	2017-10-18	7.79	7.79	7.79	7.79	100
43	2017-10-19	7.79	7.79	7.79	7.79	0
44	2017-10-20	7.79	8.05	7.79	8.05	4800
45	2017-10-23	7.79	7.79	7.79	7.79	7400
46	2017-10-24	7.79	7.79	7.79	7.79	5500
47	2017-10-25	7.79	7.79	7.79	7.79	6100
48	2017-10-26	7.79	7.79	7.79	7.79	0
49	2017-10-27	7.35	7.87	7.35	7.79	14100
50	2017-10-30	7.87	7.87	7.79	7.79	4700
51	2017-10-31	7.79	7.87	7.79	7.79	6400
52	2017-11-01	7.87	8.05	7.87	8.05	11300
53	2017-11-02	8.13	8.13	8.13	8.13	1200
54	2017-11-03	8.22	8.22	8.22	8.22	300
55	2017-11-06	8.22	8.22	8.13	8.22	6300
56	2017-11-07	8.22	8.22	8.22	8.22	0
57	2017-11-08	8.31	8.39	8.31	8.31	9200
58	2017-11-09	8.57	8.57	8.57	8.57	1000
59	2017-11-10	8.57	8.65	8.57	8.65	725000
60	2017-11-13	8.65	8.65	8.65	8.65	5000
61	2017-11-14	8.65	8.65	8.65	8.65	0
62	2017-11-15	8.22	8.22	8.22	8.22	5000
63	2017-11-16	8.65	8.65	8.65	8.65	9000
64	2017-11-17	8.65	8.65	8.65	8.65	0
65	2017-11-20	8.48	8.57	8.48	8.57	5400
66	2017-11-21	8.48	8.65	8.48	8.65	8600
67	2017-11-22	8.48	8.48	8.48	8.48	12000
68	2017-11-23	8.57	8.57	8.57	8.57	5000
69	2017-11-24	8.65	8.65	8.65	8.65	17000
70	2017-11-27	8.65	8.65	8.65	8.65	1000
71	2017-11-28	8.65	8.65	8.65	8.65	38600
72	2017-11-29	8.22	8.22	8.22	8.22	100
73	2017-11-30	8.65	8.65	8.57	8.57	9100
74	2017-12-01	8.57	8.57	8.57	8.57	5000
75	2017-12-04	8.65	8.65	8.57	8.57	11800
76	2017-12-05	8.48	8.57	8.39	8.48	11700
77	2017-12-06	8.39	8.39	8.39	8.39	5000
78	2017-12-07	8.39	8.39	8.39	8.39	0
79	2017-12-08	8.65	8.65	8.65	8.65	10400
80	2017-12-11	8.65	8.65	8.65	8.65	0
81	2017-12-12	8.22	8.22	8.22	8.22	2000
82	2017-12-13	7.79	8.65	7.79	8.65	44000
83	2017-12-14	8.57	8.57	8.57	8.57	0
84	2017-12-15	8.57	8.57	8.57	8.57	2000
85	2017-12-18	8.57	8.57	8.48	8.48	24900
86	2017-12-19	8.57	8.57	8.57	8.57	5000
87	2017-12-20	8.57	8.57	8.57	8.57	2000
88	2017-12-21	8.57	8.57	8.57	8.57	0
89	2017-12-22	8.57	8.57	8.57	8.57	0
90	2017-12-25	8.22	8.22	8.22	8.22	12000
91	2017-12-26	8.22	8.22	8.22	8.22	5000
92	2017-12-27	8.22	8.22	7.79	7.96	21900
93	2017-12-28	7.27	8.57	6.75	8.57	37200
94	2017-12-29	7.27	7.27	7.27	7.27	5000
95	2018-01-02	8.31	8.31	8.05	8.31	1500
96	2018-01-03	8.57	8.65	8.57	8.65	49300
97	2018-01-04	8.57	8.65	8.57	8.65	30500
98	2018-01-05	8.57	8.65	8.39	8.65	45100
99	2018-01-08	8.57	8.65	8.57	8.65	30500
100	2018-01-09	8.65	8.65	8.31	8.31	20100
101	2018-01-10	8.65	8.65	8.65	8.65	2000
102	2018-01-11	8.65	8.65	8.22	8.22	40000
103	2018-01-12	8.65	8.65	8.31	8.39	38100
104	2018-01-15	8.57	8.57	8.57	8.57	0
105	2018-01-16	8.57	8.57	8.57	8.57	0
106	2018-01-17	8.57	8.65	8.57	8.65	32800
107	2018-01-18	8.22	8.65	8.22	8.65	48700
108	2018-01-19	8.57	8.65	8.48	8.65	53000
109	2018-01-22	8.57	8.65	8.57	8.65	37300
110	2018-01-23	8.31	8.31	8.31	8.31	500
111	2018-01-24	7.79	8.22	7.53	8.22	3100
112	2018-01-25	7.53	7.53	7.53	7.53	500
113	2018-01-26	8.65	8.65	8.65	8.65	300
114	2018-01-29	8.31	8.31	8.31	8.31	1000
115	2018-01-30	8.39	8.39	8.39	8.39	300
116	2018-01-31	8.22	8.22	7.96	7.96	7300
117	2018-02-01	8.65	8.65	8.65	8.65	100
118	2018-02-02	7.79	7.87	7.79	7.79	7000
119	2018-02-05	7.87	7.87	7.87	7.87	3100
120	2018-02-06	7.87	7.87	7.87	7.87	0
121	2018-02-07	8.13	8.13	8.13	8.13	1000
122	2018-02-08	8.31	8.31	8.31	8.31	1600
123	2018-02-09	8.31	8.31	8.31	8.31	0
124	2018-02-12	7.96	7.96	7.96	7.96	3800
125	2018-02-13	7.96	7.96	7.96	7.96	0
126	2018-02-21	7.96	7.96	7.96	7.96	0
127	2018-02-22	7.87	7.96	7.87	7.87	300
128	2018-02-23	7.87	7.87	7.87	7.87	0
129	2018-02-26	8.13	8.22	8.13	8.22	15000
130	2018-02-27	8.13	8.13	8.13	8.13	0
131	2018-02-28	8.22	8.22	8.22	8.22	55000
132	2018-03-01	8.22	8.22	8.22	8.22	0
133	2018-03-02	8.22	8.22	8.22	8.22	2500
134	2018-03-05	8.22	8.22	8.22	8.22	5400
135	2018-03-06	8.22	8.22	8.22	8.22	0
136	2018-03-07	8.48	8.48	7.35	7.35	7000
137	2018-03-08	8.22	8.22	8.22	8.22	0
138	2018-03-09	7.27	8.39	7.27	8.39	11900
139	2018-03-12	8.13	8.13	8.13	8.13	0
140	2018-03-13	8.57	8.57	8.31	8.31	32000
141	2018-03-14	7.87	8.57	7.87	8.57	18300
142	2018-03-15	7.79	8.57	7.79	8.57	21800
143	2018-03-16	8.57	9.43	8.57	8.65	2118900
144	2018-03-19	8.22	9.43	8.22	8.74	2700
145	2018-03-20	7.87	7.87	7.87	7.87	1000
146	2018-03-21	8.65	8.74	8.65	8.74	7700
147	2018-03-22	8.74	8.74	8.74	8.74	500
148	2018-03-23	8.74	8.74	8.74	8.74	9700
149	2018-03-26	8.74	8.74	8.74	8.74	0
150	2018-03-27	9.09	9.09	9.09	9.09	13400
151	2018-03-28	8.65	8.65	8.65	8.65	6000
152	2018-03-29	8.48	8.48	8.48	8.48	500
153	2018-03-30	8.57	8.74	8.57	8.74	8200
154	2018-04-02	8.65	8.65	8.57	8.57	7500
155	2018-04-03	8.31	8.91	8.31	8.91	16500
156	2018-04-04	8.65	8.74	8.48	8.74	14700
157	2018-04-05	8.57	8.57	8.57	8.57	0
158	2018-04-06	8.57	8.57	8.57	8.57	0
159	2018-04-09	8.31	8.65	8.22	8.65	4000
160	2018-04-10	8.57	8.57	8.57	8.57	0
161	2018-04-11	8.48	8.57	8.48	8.57	16500
162	2018-04-12	8.48	8.48	8.48	8.48	800
163	2018-04-13	8.48	8.48	8.48	8.48	1000
164	2018-04-16	8.48	8.48	8.48	8.48	0
165	2018-04-17	9.43	9.43	8.65	8.65	1878400
166	2018-04-18	9.35	9.35	8.57	8.57	800
167	2018-04-19	8.65	8.65	8.65	8.65	3000
168	2018-04-20	8.65	8.65	8.65	8.65	0
169	2018-04-23	8.65	8.74	8.65	8.65	12600
170	2018-04-24	8.65	8.65	8.65	8.65	1800
171	2018-04-26	8.65	9.35	8.65	9.35	8500
172	2018-04-27	8.65	8.74	8.65	8.74	11800
173	2018-05-02	8.65	8.65	8.65	8.65	5000
174	2018-05-03	8.65	8.65	8.65	8.65	3100
175	2018-05-04	8.65	8.83	8.65	8.83	5900
176	2018-05-07	8.74	8.91	8.74	8.91	20900
177	2018-05-08	8.91	8.91	8.91	8.91	0
178	2018-05-09	8.65	8.74	8.65	8.74	3100
179	2018-05-10	8.74	8.74	8.74	8.74	1000
180	2018-05-11	8.74	8.74	8.74	8.74	3100
181	2018-05-14	8.74	8.74	8.74	8.74	9500
182	2018-05-15	8.74	8.74	8.74	8.74	0
183	2018-05-16	8.74	8.74	8.74	8.74	500
184	2018-05-17	8.74	8.74	8.74	8.74	13300
185	2018-05-18	8.22	8.74	8.22	8.74	11000
186	2018-05-21	8.65	8.65	8.65	8.65	7000
187	2018-05-22	8.65	8.65	8.65	8.65	600
188	2018-05-23	8.65	8.65	8.65	8.65	300
189	2018-05-24	8.65	8.65	8.65	8.65	3300
190	2018-05-25	8.57	8.57	8.57	8.57	500
191	2018-05-28	8.57	8.65	8.57	8.65	20800
192	2018-05-29	8.65	9.43	8.65	8.91	24500
193	2018-05-30	9.0	9.0	8.91	8.91	7700
194	2018-05-31	8.83	8.91	8.74	8.91	1300
195	2018-06-01	8.74	8.74	8.65	8.74	20100
196	2018-06-04	8.65	8.65	8.65	8.65	1200
197	2018-06-05	8.65	8.65	8.65	8.65	6900
198	2018-06-06	8.65	8.65	8.65	8.65	6800
199	2018-06-07	8.65	8.65	8.65	8.65	5100
200	2018-06-08	8.65	8.65	8.65	8.65	20000
201	2018-06-11	8.65	8.65	8.65	8.65	57400
202	2018-06-12	8.65	8.65	8.65	8.65	18300
203	2018-06-13	8.65	8.83	8.65	8.83	2300
204	2018-06-14	8.74	8.91	8.74	8.83	600
205	2018-06-15	8.83	8.83	8.83	8.83	0
206	2018-06-18	8.83	8.83	8.83	8.83	0
207	2018-06-19	8.83	8.83	8.83	8.83	50100
208	2018-06-20	8.83	8.83	8.83	8.83	0
209	2018-06-21	8.74	8.74	8.74	8.74	2300
210	2018-06-22	8.74	8.74	8.74	8.74	200
211	2018-06-25	8.74	8.74	8.74	8.74	100
212	2018-06-26	8.74	8.74	8.74	8.74	4000
213	2018-06-27	8.74	9.17	8.74	9.17	4300
214	2018-06-28	9.17	9.17	9.17	9.17	0
215	2018-06-29	9.0	9.0	9.0	9.0	3600
216	2018-07-02	9.0	9.0	9.0	9.0	100
217	2018-07-03	8.83	8.83	8.83	8.83	7400
218	2018-07-04	8.83	8.83	8.83	8.83	100
219	2018-07-05	8.83	8.91	8.83	8.91	1000
220	2018-07-06	8.91	8.91	8.91	8.91	0
221	2018-07-09	8.91	8.91	8.83	8.83	5000
222	2018-07-10	8.83	8.83	8.83	8.83	0
223	2018-07-11	9.17	9.17	8.65	8.65	18900
224	2018-07-12	9.52	9.52	9.52	9.52	200
225	2018-07-13	9.43	9.43	9.43	9.43	100
226	2018-07-16	8.65	8.65	8.31	8.39	15900
227	2018-07-17	8.65	8.65	8.65	8.65	2000
228	2018-07-18	8.65	8.65	8.65	8.65	0
229	2018-07-19	8.65	8.65	8.65	8.65	100
230	2018-07-20	8.65	8.65	8.65	8.65	0
231	2018-07-23	8.65	8.65	8.65	8.65	0
232	2018-07-24	8.65	8.65	8.65	8.65	0
233	2018-07-25	9.0	9.35	8.65	8.65	8000
234	2018-07-26	9.0	9.0	9.0	9.0	0
235	2018-07-27	8.65	8.65	8.65	8.65	100
236	2018-07-30	8.74	8.74	8.74	8.74	3500
237	2018-07-31	8.74	8.74	8.74	8.74	0
238	2018-08-01	9.26	9.35	9.26	9.35	3500
239	2018-08-02	8.74	8.74	8.74	8.74	50000
240	2018-08-03	8.74	8.74	8.74	8.74	10100
241	2018-08-06	8.74	8.74	8.74	8.74	10000
242	2018-08-07	8.74	8.74	8.74	8.74	0
243	2018-08-08	8.74	8.74	8.74	8.74	3500
244	2018-08-09	8.74	8.74	8.74	8.74	0
245	2018-08-10	8.74	8.74	8.74	8.74	0
246	2018-08-13	8.74	8.74	8.74	8.74	0
247	2018-08-14	8.74	8.74	8.74	8.74	0
248	2018-08-15	9.35	9.35	9.35	9.35	500
249	2018-08-16	9.35	9.35	9.35	9.35	2800
250	2018-08-17	9.35	9.35	9.35	9.35	0
251	2018-08-20	8.83	8.83	8.83	8.83	7500
252	2018-08-21	8.74	8.74	8.74	8.74	1500
253	2018-08-22	8.74	8.74	8.74	8.74	0
254	2018-08-23	8.74	8.74	8.74	8.74	100
255	2018-08-24	8.74	8.74	8.74	8.74	0
256	2018-08-27	8.74	8.74	8.74	8.74	3000
257	2018-08-28	8.74	8.74	8.74	8.74	0
258	2018-08-29	8.74	8.74	8.74	8.74	0
259	2018-08-30	8.74	8.74	8.74	8.74	0
260	2018-08-31	8.74	8.74	8.74	8.74	100
261	2018-09-04	8.74	8.74	8.74	8.74	0
262	2018-09-05	8.74	8.74	8.74	8.74	0
263	2018-09-06	8.74	8.74	8.74	8.74	0
264	2018-09-07	8.74	8.74	8.74	8.74	10000
265	2018-09-10	8.74	8.74	8.74	8.74	5000
266	2018-09-11	8.74	8.74	8.74	8.74	5000
267	2018-09-12	8.74	8.74	8.74	8.74	3900
268	2018-09-13	8.74	8.74	8.74	8.74	0
269	2018-09-14	8.74	8.74	8.74	8.74	10500
270	2018-09-17	8.74	8.74	8.74	8.74	3000
271	2018-09-18	8.74	8.74	8.74	8.74	0
272	2018-09-19	8.74	8.74	8.74	8.74	0
273	2018-09-20	8.74	8.74	8.74	8.74	0
274	2018-09-21	8.74	8.74	8.74	8.74	0
275	2018-09-24	8.83	8.83	8.83	8.83	1600
276	2018-09-25	8.83	9.09	8.74	8.74	3400
277	2018-09-26	8.83	8.83	8.83	8.83	0
278	2018-09-27	8.83	8.83	8.83	8.83	0
279	2018-09-28	8.83	8.83	8.83	8.83	0
280	2018-10-01	8.83	8.83	8.83	8.83	0
281	2018-10-02	8.83	8.83	8.83	8.83	0
282	2018-10-03	8.83	8.83	8.83	8.83	0
283	2018-10-04	8.83	8.83	8.83	8.83	0
284	2018-10-05	8.83	8.83	8.74	8.74	1600
285	2018-10-08	8.83	8.83	8.83	8.83	0
286	2018-10-09	8.83	8.83	8.83	8.83	0
287	2018-10-10	8.83	8.83	8.83	8.83	0
288	2018-10-11	8.83	8.83	8.65	8.83	9000
289	2018-10-12	8.83	8.83	8.83	8.83	0
290	2018-10-15	8.65	8.65	8.65	8.65	1000
291	2018-10-16	8.65	8.65	8.65	8.65	0
292	2018-10-17	8.65	8.65	8.65	8.65	0
293	2018-10-18	8.65	8.65	8.65	8.65	0
294	2018-10-19	8.65	8.65	8.65	8.65	0
295	2018-10-22	8.65	8.65	8.65	8.65	0
296	2018-10-23	8.65	8.65	8.65	8.65	0
297	2018-10-24	8.65	8.65	8.65	8.65	0
298	2018-10-25	8.65	8.65	8.65	8.65	0
299	2018-10-26	8.65	8.65	8.65	8.65	0
300	2018-10-29	8.65	8.65	8.65	8.65	0
301	2018-10-30	8.83	8.83	8.83	8.83	16000
302	2018-10-31	8.83	8.83	8.83	8.83	0
303	2018-11-01	8.83	8.83	8.83	8.83	0
304	2018-11-02	8.83	8.83	8.83	8.83	0
305	2018-11-05	8.83	8.83	8.83	8.83	0
306	2018-11-06	8.83	8.83	8.83	8.83	0
307	2018-11-07	8.83	8.83	8.83	8.83	5000
308	2018-11-08	8.83	8.83	8.83	8.83	0
309	2018-11-09	8.83	8.83	8.83	8.83	0
310	2018-11-12	8.83	8.83	8.83	8.83	5000
311	2018-11-13	8.83	8.83	8.83	8.83	0
312	2018-11-14	8.83	8.83	8.83	8.83	0
313	2018-11-15	8.83	8.83	8.83	8.83	0
314	2018-11-16	8.83	8.83	8.83	8.83	0
315	2018-11-19	8.83	8.83	8.83	8.83	7500
316	2018-11-20	8.83	8.83	8.83	8.83	1000
317	2018-11-21	8.83	8.83	8.83	8.83	1200
318	2018-11-22	8.83	8.83	8.83	8.83	0
319	2018-11-23	8.83	8.83	8.83	8.83	1000
320	2018-11-26	8.83	8.83	8.83	8.83	0
321	2018-11-27	8.83	8.83	8.83	8.83	0
322	2018-11-28	8.83	8.83	8.83	8.83	1500
323	2018-11-29	8.83	8.83	8.83	8.83	0
324	2018-11-30	8.83	8.83	8.83	8.83	0
325	2018-12-03	8.83	8.83	8.83	8.83	0
326	2018-12-04	8.83	8.83	8.83	8.83	0
327	2018-12-05	8.65	8.83	8.65	8.83	10000
328	2018-12-06	8.74	8.83	8.83	8.83	0
329	2018-12-07	8.74	8.83	8.83	8.83	0
330	2018-12-10	8.74	8.83	8.83	8.83	0
331	2018-12-11	8.74	8.83	8.83	8.83	0
332	2018-12-12	8.74	8.83	8.83	8.83	0
333	2018-12-13	8.74	8.83	8.83	8.83	0
334	2018-12-14	8.74	8.74	8.74	8.74	0
335	2018-12-17	8.74	8.83	8.83	8.83	0
336	2018-12-18	8.74	8.83	8.83	8.83	0
337	2018-12-19	8.74	8.83	8.83	8.83	0
338	2018-12-20	8.74	8.83	8.83	8.83	0
339	2018-12-21	8.74	8.83	8.83	8.83	0
340	2018-12-24	8.83	8.83	8.74	8.74	8100
341	2018-12-25	8.74	8.83	8.74	8.83	12000
342	2018-12-26	8.74	8.74	8.74	8.74	0
343	2018-12-27	8.65	8.65	8.65	8.65	44000
344	2018-12-28	8.65	8.65	8.65	8.65	3100
345	2019-01-02	8.74	8.74	8.65	8.65	30000
346	2019-01-03	8.74	8.65	8.65	8.65	0
347	2019-01-04	8.74	8.74	8.65	8.65	16800
348	2019-01-07	8.65	8.65	8.65	8.65	0
349	2019-01-08	8.65	8.65	8.65	8.65	0
350	2019-01-09	8.65	8.65	8.65	8.65	1000
351	2019-01-10	8.65	8.65	8.65	8.65	1000
352	2019-01-11	8.65	8.65	8.65	8.65	10000
353	2019-01-14	8.65	8.65	8.65	8.65	0
354	2019-01-15	8.65	8.65	8.65	8.65	0
355	2019-01-16	8.65	8.65	8.65	8.65	0
356	2019-01-17	8.65	8.65	8.65	8.65	0
357	2019-01-18	8.65	8.65	8.65	8.65	0
358	2019-01-21	8.65	8.65	8.65	8.65	5000
359	2019-01-22	8.65	8.65	8.65	8.65	0
360	2019-01-23	8.65	8.65	8.65	8.65	0
361	2019-01-24	8.65	8.65	8.65	8.65	0
362	2019-01-25	8.65	8.65	8.65	8.65	0
363	2019-01-28	8.65	8.65	8.65	8.65	0
364	2019-01-29	8.65	8.65	8.65	8.65	100
365	2019-01-30	8.65	8.65	8.65	8.65	0
366	2019-01-31	8.65	8.65	8.65	8.65	0
367	2019-02-01	8.65	8.65	8.65	8.65	0
368	2019-02-11	8.65	8.65	8.65	8.65	0
369	2019-02-12	8.65	8.65	8.65	8.65	0
370	2019-02-13	9.95	9.95	9.95	9.95	500
371	2019-02-14	9.95	9.95	9.95	9.95	0
372	2019-02-15	9.95	9.95	9.95	9.95	0
373	2019-02-18	9.95	9.95	9.95	9.95	0
374	2019-02-19	9.95	9.95	9.95	9.95	0
375	2019-02-20	9.95	9.95	9.95	9.95	0
376	2019-02-21	9.95	9.95	9.95	9.95	100
377	2019-02-22	9.95	9.95	9.95	9.95	1900
378	2019-02-25	9.95	9.95	9.95	9.95	0
379	2019-02-26	9.95	9.95	9.95	9.95	0
380	2019-02-27	8.48	8.48	8.48	8.48	100
381	2019-02-28	8.48	8.48	8.48	8.48	0
382	2019-03-01	8.83	8.83	8.83	8.83	500
383	2019-03-04	8.83	8.83	8.83	8.83	3300
384	2019-03-05	8.83	8.83	8.83	8.83	0
385	2019-03-06	8.83	8.83	8.83	8.83	0
386	2019-03-07	8.83	8.83	8.83	8.83	0
387	2019-03-08	8.83	8.83	8.83	8.83	0
388	2019-03-11	8.83	8.83	8.83	8.83	0
389	2019-03-12	8.83	8.83	8.83	8.83	0
390	2019-03-13	9.09	9.52	9.09	9.52	24000
391	2019-03-14	9.52	9.52	9.52	9.52	0
392	2019-03-15	9.52	9.52	9.52	9.52	0
393	2019-03-18	9.52	9.52	9.52	9.52	0
394	2019-03-19	9.52	9.52	9.52	9.52	0
395	2019-03-20	9.52	9.52	9.52	9.52	0
396	2019-03-21	9.52	9.52	9.52	9.52	0
397	2019-03-22	9.52	9.52	9.52	9.52	0
398	2019-03-25	9.52	9.52	9.52	9.52	0
399	2019-03-26	9.52	9.52	9.52	9.52	0
400	2019-03-27	9.52	9.52	9.52	9.52	0
401	2019-03-28	9.52	9.52	9.52	9.52	0
402	2019-03-29	8.22	8.22	8.22	8.22	100
403	2019-04-01	8.83	9.09	8.83	9.09	28000
404	2019-04-02	9.0	9.09	9.09	9.09	0
405	2019-04-03	9.09	9.09	9.09	9.09	7500
406	2019-04-04	9.09	9.09	9.09	9.09	0
407	2019-04-05	9.09	9.09	9.09	9.09	0
408	2019-04-08	9.09	9.09	9.09	9.09	0
409	2019-04-09	9.09	9.09	9.09	9.09	0
410	2019-04-10	9.09	9.09	9.09	9.09	0
411	2019-04-11	9.09	9.09	9.09	9.09	1000
412	2019-04-12	9.09	9.09	9.09	9.09	13500
413	2019-04-16	9.09	9.17	9.09	9.17	17500
414	2019-04-17	9.09	9.09	9.09	9.09	13600
415	2019-04-18	9.09	9.09	9.09	9.09	0
416	2019-04-19	9.09	9.09	9.09	9.09	6400
417	2019-04-22	9.09	9.09	9.09	9.09	1800
418	2019-04-23	9.09	9.09	9.09	9.09	4200
419	2019-04-24	9.09	9.09	9.09	9.09	7000
420	2019-04-25	9.09	9.09	9.09	9.09	0
421	2019-04-26	9.09	9.09	9.09	9.09	12500
422	2019-05-02	9.17	9.17	9.09	9.09	9500
423	2019-05-03	9.09	9.09	9.09	9.09	7500
424	2019-05-06	8.91	8.91	8.91	8.91	2000
425	2019-05-07	9.09	9.09	9.09	9.09	7000
426	2019-05-08	9.0	9.0	8.91	8.91	8000
427	2019-05-09	9.0	8.91	8.91	8.91	0
428	2019-05-10	9.0	9.0	9.0	9.0	4000
429	2019-05-13	9.0	9.0	9.0	9.0	0
430	2019-05-14	8.91	8.91	8.91	8.91	2000
431	2019-05-15	8.91	8.91	8.91	8.91	0
432	2019-05-16	8.91	8.91	8.91	8.91	100
433	2019-05-17	8.91	8.91	8.91	8.91	1500
434	2019-05-20	8.91	8.91	8.91	8.91	5000
435	2019-05-21	9.0	9.0	9.0	9.0	1500
436	2019-05-22	8.91	8.91	8.91	8.91	4000
437	2019-05-23	8.91	8.91	8.91	8.91	0
438	2019-05-24	8.91	8.91	8.91	8.91	0
439	2019-05-27	8.83	8.83	8.83	8.83	10000
440	2019-05-28	8.83	8.83	8.83	8.83	35100
441	2019-05-29	8.83	8.83	8.83	8.83	1800
442	2019-05-30	8.83	8.83	8.83	8.83	0
443	2019-05-31	8.83	8.83	8.83	8.83	1100
444	2019-06-03	8.83	8.83	8.83	8.83	36900
445	2019-06-04	8.83	8.83	8.83	8.83	5000
446	2019-06-05	8.83	8.83	8.83	8.83	0
447	2019-06-06	8.83	8.83	8.83	8.83	0
448	2019-06-07	8.83	8.83	8.83	8.83	4800
449	2019-06-10	8.83	8.83	8.83	8.83	0
450	2019-06-11	8.83	8.83	8.83	8.83	0
451	2019-06-12	8.83	8.83	8.83	8.83	0
452	2019-06-13	8.83	8.83	8.83	8.83	20000
453	2019-06-14	8.91	8.91	8.91	8.91	40000
454	2019-06-17	8.83	8.83	8.83	8.83	1000
455	2019-06-18	8.83	8.83	8.83	8.83	0
456	2019-06-19	8.83	8.83	8.83	8.83	0
457	2019-06-20	8.83	8.83	8.83	8.83	0
458	2019-06-21	8.83	8.83	8.83	8.83	12000
459	2019-06-24	8.83	8.83	8.83	8.83	0
460	2019-06-25	8.83	8.83	8.83	8.83	0
461	2019-06-26	8.83	8.83	8.83	8.83	0
462	2019-06-27	8.83	8.83	8.83	8.83	0
463	2019-06-28	8.83	8.83	8.83	8.83	0
464	2019-07-01	8.83	8.83	8.83	8.83	0
465	2019-07-02	8.83	8.83	8.83	8.83	19000
466	2019-07-03	8.83	8.83	8.83	8.83	0
467	2019-07-04	8.83	8.83	8.83	8.83	0
468	2019-07-05	8.83	8.83	8.83	8.83	0
469	2019-07-08	8.83	8.83	8.83	8.83	0
470	2019-07-09	8.83	8.83	8.83	8.83	0
471	2019-07-10	8.83	8.83	8.83	8.83	0
472	2019-07-11	8.83	8.83	8.83	8.83	0
473	2019-07-12	8.83	8.83	8.83	8.83	0
474	2019-07-15	8.83	8.83	8.83	8.83	0
475	2019-07-16	8.83	8.83	8.83	8.83	47000
476	2019-07-17	8.83	8.83	8.83	8.83	0
477	2019-07-18	8.83	8.83	8.83	8.83	0
478	2019-07-19	8.83	8.83	8.83	8.83	0
479	2019-07-22	8.83	8.83	8.83	8.83	0
480	2019-07-23	8.65	8.65	8.65	8.65	2000
481	2019-07-24	7.79	7.79	7.79	7.79	2000
482	2019-07-25	7.79	7.79	7.79	7.79	0
483	2019-07-26	7.79	7.79	7.79	7.79	0
484	2019-07-29	7.79	7.79	7.79	7.79	0
485	2019-07-30	7.79	7.79	7.79	7.79	0
486	2019-07-31	7.79	7.79	7.79	7.79	0
487	2019-08-01	7.79	7.79	7.79	7.79	0
488	2019-08-02	7.79	7.79	7.79	7.79	0
489	2019-08-05	7.79	7.79	7.79	7.79	0
490	2019-08-06	8.83	8.83	8.22	8.22	5100
491	2019-08-07	8.22	8.22	8.22	8.22	0
492	2019-08-08	8.22	8.22	8.22	8.22	0
493	2019-08-09	8.22	8.22	8.22	8.22	0
494	2019-08-12	8.22	8.22	8.22	8.22	0
495	2019-08-13	8.22	8.22	8.22	8.22	0
496	2019-08-14	8.22	8.22	8.22	8.22	0
497	2019-08-15	8.22	8.22	8.22	8.22	0
498	2019-08-16	8.22	8.22	8.22	8.22	0
499	2019-08-19	8.22	8.22	8.22	8.22	0
500	2019-08-20	8.22	8.22	8.22	8.22	0
501	2019-08-21	8.22	8.22	8.22	8.22	0
502	2019-08-22	8.22	8.22	8.22	8.22	0
503	2019-08-23	8.22	8.22	8.22	8.22	7600
504	2019-08-26	8.22	8.22	8.22	8.22	0
505	2019-08-27	8.22	8.22	8.22	8.22	0
506	2019-08-28	8.22	8.22	8.22	8.22	0
507	2019-08-29	8.22	8.22	8.22	8.22	0
508	2019-08-30	8.22	8.22	8.22	8.22	0
509	2019-09-03	8.22	8.22	8.22	8.22	0
510	2019-09-04	9.09	9.09	9.09	9.09	100
511	2019-09-05	9.09	9.09	9.09	9.09	0
512	2019-09-06	9.09	9.09	9.09	9.09	0
513	2019-09-09	9.09	9.09	9.09	9.09	0
514	2019-09-10	9.09	9.09	9.09	9.09	0
515	2019-09-11	8.83	8.83	8.65	8.65	10100
516	2019-09-12	8.65	8.65	8.65	8.65	0
517	2019-09-13	8.65	8.65	8.65	8.65	0
518	2019-09-16	8.65	8.65	8.65	8.65	0
519	2019-09-17	8.65	8.65	8.65	8.65	0
520	2019-09-18	8.65	8.65	8.65	8.65	0
521	2019-09-19	8.65	8.65	8.65	8.65	0
522	2019-09-20	8.65	8.65	8.65	8.65	0
523	2019-09-23	8.65	8.65	8.65	8.65	0
524	2019-09-24	8.65	8.65	8.65	8.65	0
525	2019-09-25	8.22	8.22	8.22	8.22	1500
526	2019-09-26	8.22	8.22	8.22	8.22	0
527	2019-09-27	8.22	8.22	8.22	8.22	0
528	2019-09-30	7.79	7.79	7.79	7.79	500
529	2019-10-01	8.65	8.65	7.79	7.79	800
530	2019-10-02	9.09	9.09	9.09	9.09	100
531	2019-10-03	9.09	9.09	9.09	9.09	0
532	2019-10-04	9.09	9.09	9.09	9.09	0
533	2019-10-07	9.09	9.09	9.09	9.09	0
534	2019-10-08	9.09	9.09	9.09	9.09	0
535	2019-10-09	9.09	9.09	9.09	9.09	0
536	2019-10-10	8.22	8.22	8.22	8.22	200
537	2019-10-11	9.09	9.09	9.09	9.09	100
538	2019-10-14	9.09	9.09	9.09	9.09	0
539	2019-10-15	7.87	8.22	7.79	8.22	1100
540	2019-10-16	8.22	8.22	8.22	8.22	0
541	2019-10-17	8.22	8.22	8.22	8.22	500
542	2019-10-18	8.22	8.22	8.22	8.22	0
543	2019-10-21	8.22	8.22	8.22	8.22	0
544	2019-10-22	8.22	8.22	8.22	8.22	0
545	2019-10-23	7.87	7.87	7.87	7.87	1000
546	2019-10-24	7.87	7.87	7.87	7.87	0
547	2019-10-25	7.44	7.44	7.44	7.44	5000
548	2019-10-28	7.53	7.53	7.53	7.53	2000
549	2019-10-29	7.53	7.53	7.53	7.53	0
550	2019-10-30	7.53	7.53	7.53	7.53	0
551	2019-10-31	7.53	7.53	7.53	7.53	11700
552	2019-11-01	7.53	7.53	7.53	7.53	0
553	2019-11-04	7.53	7.53	7.53	7.53	0
554	2019-11-05	7.53	7.53	7.53	7.53	0
555	2019-11-06	7.53	7.53	7.53	7.53	0
556	2019-11-07	7.53	7.53	7.53	7.53	5000
557	2019-11-08	7.53	7.53	7.53	7.53	0
558	2019-11-11	7.53	7.53	7.53	7.53	10000
559	2019-11-12	7.53	7.53	7.53	7.53	0
560	2019-11-13	7.53	7.53	7.53	7.53	0
561	2019-11-14	7.53	7.53	7.53	7.53	300
562	2019-11-15	7.53	7.53	7.53	7.53	0
563	2019-11-18	7.53	7.53	7.44	7.44	6000
564	2019-11-19	7.44	7.44	7.44	7.44	0
565	2019-11-20	7.44	7.44	7.44	7.44	0
566	2019-11-21	7.44	7.44	7.44	7.44	0
567	2019-11-22	7.44	7.44	7.44	7.44	0
568	2019-11-25	7.44	7.44	7.44	7.44	0
569	2019-11-26	7.44	7.44	7.44	7.44	0
570	2019-11-27	7.44	7.44	7.44	7.44	0
571	2019-11-28	7.44	7.44	7.44	7.44	0
572	2019-11-29	7.44	7.44	7.44	7.44	0
573	2019-12-02	7.44	7.44	7.44	7.44	0
574	2019-12-03	7.44	7.44	7.44	7.44	0
575	2019-12-04	7.44	7.44	7.44	7.44	300
576	2019-12-05	7.44	7.44	7.44	7.44	0
577	2019-12-06	7.44	7.44	7.44	7.44	0
578	2019-12-09	7.44	7.44	7.44	7.44	0
579	2019-12-10	7.44	7.44	7.44	7.44	0
580	2019-12-11	7.44	7.44	7.44	7.44	0
581	2019-12-12	7.44	7.44	7.44	7.44	0
582	2019-12-13	7.44	7.44	7.44	7.44	0
583	2019-12-16	7.44	7.44	7.44	7.44	0
584	2019-12-17	7.44	7.44	7.44	7.44	0
585	2019-12-18	7.44	7.44	7.44	7.44	0
586	2019-12-19	7.44	7.44	7.44	7.44	0
587	2019-12-20	6.92	6.92	6.92	6.92	1000
588	2019-12-23	6.92	6.92	6.92	6.92	2000
589	2019-12-24	6.92	6.92	6.92	6.92	0
590	2019-12-25	6.49	6.49	6.49	6.49	1000
591	2019-12-26	6.49	6.49	6.49	6.49	0
592	2019-12-27	6.49	6.49	6.49	6.49	0
593	2019-12-30	6.49	6.49	6.49	6.49	0
594	2019-12-31	6.49	6.49	6.49	6.49	0
595	2020-01-02	6.92	7.44	6.92	7.44	6000
596	2020-01-03	8.22	8.22	8.22	8.22	2000
597	2020-01-06	9.09	9.43	9.09	9.26	43500
598	2020-01-07	8.83	8.83	8.83	8.83	200
599	2020-01-08	8.83	8.83	8.83	8.83	0
600	2020-01-09	7.53	7.53	7.53	7.53	200
601	2020-01-10	7.53	7.53	7.53	7.53	0
602	2020-01-13	8.65	8.65	8.65	8.65	200
603	2020-01-14	8.65	8.65	8.65	8.65	0
604	2020-01-15	9.0	9.0	9.0	9.0	200
605	2020-01-16	9.0	9.0	9.0	9.0	0
606	2020-01-17	8.91	8.91	8.91	8.91	200
607	2020-01-20	9.26	9.26	9.09	9.09	300
608	2020-01-21	9.17	9.09	9.09	9.09	0
609	2020-01-22	9.17	9.09	9.09	9.09	0
610	2020-01-30	9.17	9.09	9.09	9.09	0
611	2020-01-31	9.17	9.09	9.09	9.09	0
612	2020-02-03	9.17	9.09	9.09	9.09	0
613	2020-02-04	9.17	9.09	9.09	9.09	0
614	2020-02-05	9.17	9.09	9.09	9.09	0
615	2020-02-06	8.65	8.65	8.65	8.65	200
616	2020-02-07	8.65	8.65	8.65	8.65	0
617	2020-02-10	8.65	8.65	8.65	8.65	100
618	2020-02-11	8.65	8.65	8.65	8.65	100
619	2020-02-12	8.65	8.65	8.65	8.65	0
620	2020-02-13	8.65	8.65	8.65	8.65	100
621	2020-02-14	8.22	8.22	8.22	8.22	1400
622	2020-02-17	8.22	8.22	8.22	8.22	0
623	2020-02-18	8.22	8.22	8.22	8.22	0
624	2020-02-19	8.22	8.22	8.22	8.22	0
625	2020-02-20	8.22	8.22	8.22	8.22	0
626	2020-02-21	8.22	8.22	8.22	8.22	0
627	2020-02-24	8.22	8.22	8.22	8.22	0
628	2020-02-25	8.65	8.65	8.65	8.65	100
629	2020-02-26	8.65	8.65	8.65	8.65	0
630	2020-02-27	8.65	8.65	8.65	8.65	0
631	2020-02-28	8.65	8.65	8.65	8.65	0
632	2020-03-02	8.65	8.65	8.65	8.65	0
633	2020-03-03	8.65	8.65	8.22	8.22	1500
634	2020-03-04	8.22	8.22	8.22	8.22	100
635	2020-03-05	8.22	8.22	8.22	8.22	0
636	2020-03-06	8.22	8.22	8.22	8.22	0
637	2020-03-09	8.22	8.22	8.22	8.22	0
638	2020-03-10	8.22	8.22	8.22	8.22	0
639	2020-03-11	7.87	7.87	7.87	7.87	900
640	2020-03-12	7.87	7.87	7.87	7.87	0
641	2020-03-13	7.87	7.87	7.87	7.87	0
642	2020-03-16	7.87	7.87	7.87	7.87	0
643	2020-03-17	7.87	7.87	7.87	7.87	0
644	2020-03-18	7.7	7.7	7.7	7.7	100
645	2020-03-19	7.7	7.7	7.7	7.7	0
646	2020-03-20	7.87	7.87	7.87	7.87	100
647	2020-03-23	7.87	7.87	7.87	7.87	0
648	2020-03-24	7.7	7.7	7.7	7.7	200
649	2020-03-25	7.7	7.7	7.7	7.7	0
650	2020-03-26	7.7	7.7	7.7	7.7	0
651	2020-03-27	7.7	7.7	7.7	7.7	0
652	2020-03-30	7.7	7.7	7.7	7.7	0
653	2020-03-31	7.35	7.35	7.35	7.35	3900
654	2020-04-01	7.35	7.35	7.35	7.35	0
655	2020-04-03	7.96	8.05	7.96	8.05	1200
656	2020-04-06	7.96	8.05	8.05	8.05	0
657	2020-04-07	8.31	8.31	8.22	8.22	400
658	2020-04-08	8.22	8.22	8.22	8.22	100
659	2020-04-09	7.01	7.01	7.01	7.01	100
660	2020-04-10	8.05	8.05	8.05	8.05	100
661	2020-04-13	8.05	8.05	8.05	8.05	0
662	2020-04-14	7.79	7.79	7.79	7.79	6700
663	2020-04-15	7.79	7.79	7.79	7.79	0
664	2020-04-16	7.79	7.79	7.79	7.79	1000
665	2020-04-17	7.79	7.79	7.79	7.79	0
666	2020-04-20	7.7	7.7	7.7	7.7	500
667	2020-04-21	7.7	7.7	7.7	7.7	0
668	2020-04-22	7.7	7.7	7.7	7.7	0
669	2020-04-23	7.7	7.7	7.7	7.7	0
670	2020-04-24	6.58	6.58	6.58	6.58	100
671	2020-04-27	6.58	6.58	6.58	6.58	0
672	2020-04-28	6.58	6.58	6.58	6.58	0
673	2020-04-29	7.53	7.53	7.53	7.53	500
674	2020-05-04	7.79	7.79	7.79	7.79	9100
675	2020-05-05	7.79	7.79	7.79	7.79	8500
676	2020-05-06	7.79	7.79	7.79	7.79	1000
677	2020-05-07	7.79	7.79	7.79	7.79	0
678	2020-05-08	7.79	7.79	7.79	7.79	0
679	2020-05-11	7.79	7.79	7.79	7.79	0
680	2020-05-12	7.79	7.79	7.79	7.79	100
681	2020-05-13	7.79	7.79	7.79	7.79	21600
682	2020-05-14	7.79	7.79	7.79	7.79	0
683	2020-05-15	7.79	7.79	7.79	7.79	100
684	2020-05-18	7.79	7.79	7.79	7.79	0
685	2020-05-19	7.79	7.79	7.79	7.79	0
686	2020-05-20	7.79	7.79	7.79	7.79	0
687	2020-05-21	7.79	7.79	7.79	7.79	100
688	2020-05-22	7.96	7.96	7.96	7.96	300
689	2020-05-25	8.22	8.22	8.22	8.22	5300
690	2020-05-26	8.57	8.74	8.57	8.65	20700
691	2020-05-27	8.57	8.65	8.65	8.65	0
692	2020-05-28	8.57	8.65	8.65	8.65	0
693	2020-05-29	7.44	7.44	7.35	7.35	1300
694	2020-06-01	6.49	6.49	6.49	6.49	1000
695	2020-06-02	6.49	6.49	6.14	6.14	6400
696	2020-06-03	6.49	6.14	6.14	6.14	0
697	2020-06-04	6.49	6.14	6.14	6.14	0
698	2020-06-05	7.44	7.44	7.44	7.44	6000
699	2020-06-08	8.48	8.48	8.22	8.22	7000
700	2020-06-09	8.74	8.74	8.74	8.74	2000
701	2020-06-10	8.74	8.74	8.74	8.74	0
702	2020-06-11	8.74	8.74	8.74	8.74	0
703	2020-06-12	8.74	8.74	8.74	8.74	0
704	2020-06-15	8.74	8.74	8.74	8.74	0
705	2020-06-16	8.74	8.74	8.74	8.74	0
706	2020-06-17	8.74	8.74	8.74	8.74	0
707	2020-06-18	8.74	8.74	8.74	8.74	0
708	2020-06-19	8.74	8.74	8.74	8.74	0
709	2020-06-22	8.74	8.74	8.74	8.74	0
710	2020-06-23	7.61	7.61	7.61	7.61	200
711	2020-06-24	8.65	8.65	8.65	8.65	100
712	2020-06-25	8.57	8.74	8.57	8.74	5000
713	2020-06-26	8.65	8.74	8.74	8.74	0
714	2020-06-29	8.65	8.74	8.74	8.74	0
715	2020-06-30	8.65	8.74	8.74	8.74	0
716	2020-07-01	8.65	8.74	8.74	8.74	0
717	2020-07-02	8.65	8.74	8.74	8.74	0
718	2020-07-03	8.65	8.74	8.74	8.74	0
719	2020-07-06	8.65	8.74	8.74	8.74	0
720	2020-07-07	8.65	8.74	8.74	8.74	0
721	2020-07-08	8.65	8.74	8.74	8.74	0
722	2020-07-09	8.65	8.74	8.74	8.74	0
723	2020-07-10	8.65	8.74	8.74	8.74	0
724	2020-07-13	8.22	8.22	8.22	8.22	110
725	2020-07-14	8.22	8.22	8.22	8.22	0
726	2020-07-15	8.22	8.22	8.22	8.22	0
727	2020-07-16	8.22	8.22	8.22	8.22	0
728	2020-07-17	8.31	8.31	8.22	8.22	1700
729	2020-07-20	8.31	8.22	8.22	8.22	0
730	2020-07-21	8.22	8.22	8.22	8.22	800
731	2020-07-22	9.43	9.43	9.43	9.43	100
732	2020-07-23	8.31	8.31	8.05	8.13	9900
733	2020-07-24	8.22	8.22	8.13	8.13	3800
734	2020-07-27	8.05	8.05	8.05	8.05	400
735	2020-07-28	8.05	8.05	8.05	8.05	0
736	2020-07-29	7.35	7.79	7.35	7.79	25100
737	2020-07-30	8.65	8.65	8.65	8.65	100
738	2020-07-31	8.65	8.65	8.48	8.57	130000
739	2020-08-03	8.83	8.83	8.57	8.57	2700
740	2020-08-04	8.74	8.57	8.57	8.57	0
741	2020-08-05	8.74	8.57	8.57	8.57	0
742	2020-08-06	8.74	8.57	8.57	8.57	0
743	2020-08-07	8.74	8.74	8.74	8.57	10
744	2020-08-10	8.74	8.57	8.57	8.57	0
745	2020-08-11	8.74	8.57	8.57	8.57	0
746	2020-08-12	7.79	8.39	7.79	8.22	78000
747	2020-08-13	8.31	8.22	8.22	8.22	0
748	2020-08-14	8.48	8.48	8.22	8.22	13900
749	2020-08-17	8.48	8.48	8.22	8.22	23000
750	2020-08-18	8.48	8.48	8.48	8.48	55000
751	2020-08-19	8.48	8.65	8.48	8.65	299200
752	2020-08-20	8.48	8.48	8.48	8.48	16000
753	2020-08-21	8.48	8.48	8.48	8.48	0
754	2020-08-24	8.48	8.48	8.48	8.48	300
755	2020-08-25	8.31	8.31	8.31	8.31	5200
756	2020-08-26	8.39	9.52	8.39	9.35	298300
757	2020-08-27	9.35	9.35	9.26	9.26	10600
758	2020-08-28	9.52	9.52	9.52	9.52	100
759	2020-08-31	8.65	8.65	8.13	8.22	43900
760	2020-09-01	8.39	9.26	8.39	8.91	136200
761	2020-09-03	9.43	9.43	8.91	9.0	9600
762	2020-09-04	8.83	9.09	8.31	9.0	15000
763	2020-09-07	8.48	8.65	8.39	8.48	31000
764	2020-09-08	8.48	8.57	8.39	8.57	16600
765	2020-09-09	8.48	8.65	8.48	8.65	10100
766	2020-09-10	8.74	8.74	8.57	8.65	9500
767	2020-09-11	8.57	8.91	8.57	8.65	34300
768	2020-09-14	9.0	9.0	8.74	8.74	6500
769	2020-09-15	8.74	8.83	8.74	8.74	50600
770	2020-09-16	8.65	8.83	8.57	8.74	25200
771	2020-09-17	8.91	9.09	8.65	8.83	69302
772	2020-09-18	8.74	8.74	8.74	8.74	9700
773	2020-09-21	8.74	8.83	8.65	8.83	14700
774	2020-09-22	8.74	8.74	8.57	8.65	18500
775	2020-09-23	8.65	8.65	8.48	8.48	39205
776	2020-09-24	8.65	8.65	8.57	8.57	9000
777	2020-09-25	8.93	8.93	8.38	8.66	5800
778	2020-09-28	8.38	8.48	8.38	8.38	1200
779	2020-09-29	8.2	8.38	8.11	8.29	24620
780	2020-09-30	8.29	8.66	8.02	8.38	34500
781	2020-10-01	8.29	8.57	8.29	8.57	338
782	2020-10-02	8.38	8.38	8.29	8.38	13800
783	2020-10-05	8.29	8.38	8.2	8.29	16800
784	2020-10-06	8.2	8.2	8.2	8.2	4700
785	2020-10-07	8.29	8.29	8.11	8.11	161200
786	2020-10-08	8.02	8.2	8.02	8.11	7900
787	2020-10-09	8.29	8.29	8.29	8.29	5600
788	2020-10-12	8.02	8.11	8.02	8.11	5200
789	2020-10-13	8.11	8.11	8.02	8.02	7100
790	2020-10-14	8.11	8.11	7.93	8.02	20700
791	2020-10-15	8.02	8.02	8.02	8.02	8200
792	2020-10-16	8.02	8.02	7.93	7.93	5000
793	2020-10-19	8.02	8.02	8.02	8.02	16200
794	2020-10-20	8.02	8.02	8.02	8.02	29200
795	2020-10-21	8.02	8.02	8.02	8.02	0
796	2020-10-22	8.02	8.02	8.02	8.02	100
797	2020-10-23	8.2	8.48	8.2	8.2	22400
798	2020-10-26	8.2	8.2	8.2	8.2	10300
799	2020-10-27	7.93	8.2	7.93	8.11	5600
800	2020-10-28	7.93	7.93	7.93	7.93	7900
801	2020-10-29	8.02	8.2	8.02	8.02	17500
802	2020-10-30	8.02	8.02	8.02	8.02	3000
803	2020-11-02	8.29	8.29	7.93	7.93	14000
804	2020-11-03	8.2	8.2	8.2	8.2	100
805	2020-11-04	8.2	8.2	8.2	8.2	0
806	2020-11-05	8.02	8.02	8.02	8.02	200
807	2020-11-06	8.29	8.29	8.29	8.29	100
808	2020-11-09	8.29	8.29	8.29	8.29	0
809	2020-11-10	8.29	8.29	8.29	8.29	0
810	2020-11-11	8.48	8.48	8.02	8.02	13400
811	2020-11-12	7.93	7.93	7.93	7.93	800
812	2020-11-13	7.93	7.93	7.93	7.93	5100
813	2020-11-16	7.93	7.93	7.84	7.84	2800
814	2020-11-17	7.84	7.84	7.84	7.84	0
815	2020-11-18	7.84	7.84	7.84	7.84	800
816	2020-11-19	7.84	7.84	7.84	7.84	1500
817	2020-11-20	7.84	7.84	7.84	7.84	2100
818	2020-11-23	8.2	8.2	8.2	8.2	100
819	2020-11-24	8.2	8.2	8.2	8.2	0
820	2020-11-25	7.93	7.93	7.93	7.93	500
821	2020-11-26	7.93	7.93	7.93	7.93	0
822	2020-11-27	8.02	8.02	8.02	8.02	100
823	2020-11-30	7.93	7.93	7.93	7.93	400
824	2020-12-01	7.93	7.93	7.93	7.93	5000
825	2020-12-02	8.2	8.2	8.2	8.2	100
826	2020-12-03	7.84	7.84	7.84	7.84	10200
827	2020-12-04	7.93	7.93	7.93	7.93	600
828	2020-12-07	7.84	7.84	7.84	7.84	400
829	2020-12-08	7.84	7.93	7.75	7.75	25700
830	2020-12-09	7.84	7.75	7.75	7.75	0
831	2020-12-10	7.84	7.84	7.84	7.84	1000
832	2020-12-11	7.75	7.75	7.75	7.75	1050
833	2020-12-14	7.84	7.84	7.84	7.84	2510
834	2020-12-15	7.84	7.84	7.84	7.84	18
835	2020-12-16	7.93	7.93	7.84	7.84	450
836	2020-12-17	7.84	7.84	7.75	7.75	7000
837	2020-12-18	7.84	7.84	7.84	7.84	500
838	2020-12-21	7.84	7.93	7.75	7.75	12200
839	2020-12-22	7.84	7.84	7.75	7.84	9200
840	2020-12-23	7.84	7.84	7.84	7.84	0
841	2020-12-24	7.84	7.84	7.84	7.84	5800
842	2020-12-25	7.93	7.93	7.93	7.93	200
843	2020-12-28	7.93	7.93	7.93	7.93	9000
844	2020-12-29	7.93	7.93	7.75	7.75	2800
845	2020-12-30	7.75	7.84	7.75	7.84	4000
846	2020-12-31	7.75	7.75	7.56	7.56	8100
847	2021-01-04	7.75	7.75	7.75	7.75	7300
848	2021-01-05	7.75	7.75	7.75	7.75	3698
849	2021-01-06	7.75	7.93	7.75	7.93	9400
850	2021-01-07	7.84	7.84	7.75	7.75	12900
851	2021-01-08	7.93	8.11	7.93	7.93	14000
852	2021-01-11	7.93	7.93	7.93	7.93	0
853	2021-01-12	7.93	7.93	7.75	7.75	5100
854	2021-01-13	7.93	8.93	7.93	8.93	82300
855	2021-01-14	9.57	9.57	9.11	9.2	83300
856	2021-01-15	9.3	9.3	9.2	9.2	5500
857	2021-01-18	9.11	9.11	8.84	8.93	18340
858	2021-01-19	8.75	8.84	7.75	7.75	59400
859	2021-01-20	9.11	9.11	8.11	8.29	2500
860	2021-01-21	7.93	8.38	7.93	8.38	3800
861	2021-01-22	8.11	8.2	8.11	8.2	4000
862	2021-01-25	8.11	8.2	8.11	8.11	11900
863	2021-01-26	8.48	8.48	8.11	8.11	23600
864	2021-01-27	7.84	7.93	7.75	7.75	1900
865	2021-01-28	7.84	7.84	7.02	7.47	14100
866	2021-01-29	7.29	7.56	7.29	7.38	38500
867	2021-02-01	7.2	7.29	7.2	7.29	75100
868	2021-02-02	7.29	7.29	7.29	7.29	11500
869	2021-02-03	7.38	8.02	7.38	8.02	703
870	2021-02-04	7.84	7.84	7.84	7.84	1000
871	2021-02-05	7.47	7.75	7.29	7.56	5900
872	2021-02-08	7.47	7.47	7.38	7.38	1800
873	2021-02-09	7.47	7.38	7.38	7.38	0
874	2021-02-17	7.75	8.02	7.75	8.02	2400
875	2021-02-18	8.02	8.02	7.56	7.56	210
876	2021-02-19	7.56	8.29	7.56	8.29	200
877	2021-02-22	7.93	8.29	8.29	8.29	0
878	2021-02-23	7.93	7.93	7.75	7.84	1500
879	2021-02-24	7.75	8.84	7.65	8.84	50300
880	2021-02-25	9.02	9.48	8.2	8.29	130800
881	2021-02-26	8.29	8.29	8.02	8.02	380027
882	2021-03-01	8.57	8.57	8.57	8.57	100
883	2021-03-02	7.93	8.02	7.65	8.02	1400
884	2021-03-03	8.02	8.38	8.02	8.38	8300
885	2021-03-04	8.2	8.2	8.2	8.2	7000
886	2021-03-05	8.02	8.2	8.02	8.2	7100
887	2021-03-08	8.2	8.2	7.93	8.2	11800
888	2021-03-09	8.2	8.2	8.02	8.11	14500
889	2021-03-10	8.29	8.29	8.11	8.11	3600
890	2021-03-11	8.29	8.38	8.29	8.38	600
891	2021-03-12	8.2	8.29	8.2	8.29	2400
892	2021-03-15	8.29	8.29	8.29	8.29	500
893	2021-03-16	8.2	8.38	8.2	8.38	6800
894	2021-03-17	8.29	8.29	8.2	8.2	9200
895	2021-03-18	8.29	9.11	8.2	9.11	13900
896	2021-03-19	8.29	8.57	8.29	8.57	1700
897	2021-03-22	8.29	8.29	8.2	8.2	5900
898	2021-03-23	8.2	8.48	8.11	8.48	15600
899	2021-03-24	8.66	8.66	8.66	8.66	150
900	2021-03-25	8.66	8.66	8.48	8.48	200
901	2021-03-26	8.2	8.38	8.2	8.38	7060
902	2021-03-29	8.38	8.38	8.29	8.38	8500
903	2021-03-30	8.2	8.2	8.2	8.2	4000
904	2021-03-31	8.29	8.29	8.2	8.2	20400
905	2021-04-01	8.2	8.48	8.2	8.48	200
906	2021-04-02	8.29	8.29	8.2	8.2	6500
907	2021-04-05	8.2	8.29	8.2	8.29	8300
908	2021-04-06	8.2	8.29	8.2	8.29	2600
909	2021-04-07	8.38	8.38	8.2	8.29	11500
910	2021-04-08	8.29	8.29	8.2	8.29	10500
911	2021-04-09	8.29	8.38	8.29	8.38	12700
912	2021-04-12	8.48	8.66	8.48	8.57	6200
913	2021-04-13	8.57	8.84	8.57	8.57	16500
914	2021-04-14	8.75	8.93	8.75	8.93	6900
915	2021-04-15	8.93	9.2	8.75	8.75	21600
916	2021-04-16	8.75	8.75	8.75	8.75	1500
917	2021-04-19	8.75	8.75	8.66	8.66	1000
918	2021-04-20	9.02	9.02	8.66	8.66	3300
919	2021-04-22	8.66	8.66	8.48	8.66	6300
920	2021-04-23	8.48	8.48	8.48	8.48	900
921	2021-04-26	8.48	8.48	8.2	8.2	4700
922	2021-04-27	8.2	8.57	8.2	8.57	400
923	2021-04-28	8.2	8.2	8.2	8.2	5339
924	2021-04-29	8.48	8.48	8.29	8.29	3500
925	2021-05-04	8.29	8.29	8.29	8.29	7300
926	2021-05-05	8.29	8.29	8.29	8.29	0
927	2021-05-06	8.29	8.66	8.29	8.57	5300
928	2021-05-07	8.48	8.48	8.02	8.02	10200
929	2021-05-10	8.2	8.2	8.11	8.11	15921
930	2021-05-11	8.2	8.66	8.2	8.2	7200
931	2021-05-12	8.29	8.29	8.11	8.2	11500
932	2021-05-13	8.2	8.2	8.2	8.2	8600
933	2021-05-14	8.2	8.2	8.2	8.2	11500
934	2021-05-17	8.2	8.2	8.2	8.2	11200
935	2021-05-18	8.57	8.57	8.48	8.48	5100
936	2021-05-19	8.38	8.38	8.38	8.38	600
937	2021-05-20	8.2	8.66	7.75	8.66	375600
938	2021-05-21	8.2	8.84	7.75	7.75	49100
939	2021-05-24	7.93	7.75	7.75	7.75	0
940	2021-05-25	8.2	8.2	8.2	8.2	9800
941	2021-05-26	8.66	8.66	8.57	8.57	200
942	2021-05-27	8.02	8.38	8.02	8.2	5200
943	2021-05-28	8.11	8.2	8.2	8.2	0
944	2021-05-31	8.38	8.38	8.2	8.38	8300
945	2021-06-01	8.2	8.29	8.2	8.29	400
946	2021-06-02	8.29	8.38	8.2	8.38	10900
947	2021-06-03	8.29	8.48	8.29	8.48	600
948	2021-06-04	8.38	8.38	8.2	8.2	12700
949	2021-06-07	8.48	8.48	8.2	8.29	3900
950	2021-06-08	8.38	8.38	8.2	8.29	32200
951	2021-06-09	8.38	8.38	8.29	8.38	39600
952	2021-06-10	8.38	9.39	8.38	9.02	21700
953	2021-06-11	9.11	9.11	8.93	8.93	12500
954	2021-06-14	9.02	9.02	8.93	9.02	16700
955	2021-06-15	8.93	9.11	8.93	8.93	12300
956	2021-06-16	8.93	8.93	8.93	8.93	3700
957	2021-06-17	8.84	8.84	8.75	8.75	11300
958	2021-06-18	8.93	9.02	8.93	9.02	7000
959	2021-06-21	9.39	10.21	9.39	10.21	2163200
960	2021-06-22	11.39	11.39	10.39	11.21	1512960
961	2021-06-23	11.39	11.76	10.48	11.12	156900
962	2021-06-24	10.94	11.03	10.3	10.75	594600
963	2021-06-25	10.48	10.48	9.66	10.02	1437387
964	2021-06-28	10.21	10.75	9.66	10.57	1908333
965	2021-06-29	10.57	10.84	10.12	10.57	1325501
966	2021-06-30	10.57	10.57	10.02	10.12	1392800
967	2021-07-01	10.21	10.48	10.02	10.39	826900
968	2021-07-02	11.0	11.4	10.3	10.4	622380
969	2021-07-05	10.4	10.5	10.0	10.3	750552
970	2021-07-06	10.3	10.3	9.7	9.7	816592
971	2021-07-07	9.6	9.7	8.6	9.5	485308
972	2021-07-08	9.5	9.8	9.4	9.4	227273
973	2021-07-09	9.4	9.5	8.9	9.1	428610
974	2021-07-12	8.9	8.9	8.1	8.3	529510
975	2021-07-13	8.5	9.0	8.5	8.8	231100
976	2021-07-14	8.8	9.0	8.5	8.7	145900
977	2021-07-15	8.5	8.8	8.5	8.8	136942
978	2021-07-16	8.8	8.8	8.5	8.5	258015
979	2021-07-19	8.6	8.6	8.1	8.1	276001
980	2021-07-20	8.1	8.3	8.0	8.3	236900
981	2021-07-21	8.1	8.3	8.1	8.2	129900
982	2021-07-22	8.2	8.5	8.1	8.3	249100
983	2021-07-23	8.4	8.4	8.0	8.2	396901
984	2021-07-26	8.1	8.1	7.3	7.7	510680
985	2021-07-27	7.7	8.0	7.6	7.7	215250
986	2021-07-28	7.8	7.8	7.7	7.7	117800
987	2021-07-29	7.7	7.7	7.4	7.7	374850
988	2021-07-30	7.6	8.0	7.6	7.7	305810
989	2021-08-02	7.8	7.8	7.5	7.6	272630
990	2021-08-03	7.6	7.7	7.5	7.6	185760
991	2021-08-04	7.6	7.6	7.3	7.6	517827
992	2021-08-05	7.5	8.0	7.3	7.9	1675120
993	2021-08-06	8.0	8.3	7.9	8.2	479910
994	2021-08-09	8.2	8.4	7.9	7.9	411617
995	2021-08-10	8.0	8.1	7.8	7.9	654310
996	2021-08-11	7.9	8.3	7.8	8.1	724950
997	2021-08-12	8.0	8.0	7.5	7.7	692900
998	2021-08-13	7.7	7.8	7.5	7.7	607850
999	2021-08-16	7.7	7.9	7.6	7.8	398172
1000	2021-08-17	7.9	7.9	7.7	7.7	424200
1001	2021-08-18	7.8	8.0	7.7	8.0	670703
1002	2021-08-19	8.0	8.3	7.8	8.2	1036313
1003	2021-08-20	8.3	8.7	8.1	8.3	1186401
1004	2021-08-23	8.2	8.4	8.1	8.3	675908
1005	2021-08-24	8.3	8.5	7.9	8.1	897913
1006	2021-08-25	8.1	8.1	7.8	8.0	492214
1007	2021-08-26	8.0	8.0	7.8	7.9	573500
1008	2021-08-27	7.9	8.2	7.7	8.1	934502
1009	2021-08-30	8.1	8.3	8.1	8.3	565900
1010	2021-08-31	8.3	8.4	8.1	8.2	456900
1011	2021-09-01	8.1	8.2	8.0	8.2	751516
1012	2021-09-06	8.1	9.0	8.1	8.8	1351700
1013	2021-09-07	8.7	9.0	8.4	8.6	991200
1014	2021-09-08	8.6	8.6	8.3	8.3	430500
1015	2021-09-09	8.4	8.4	8.2	8.4	389700
1016	2021-09-10	8.4	8.5	8.0	8.3	1249300
1017	2021-09-13	8.4	8.4	8.1	8.3	437450
1018	2021-09-14	8.2	8.6	8.1	8.6	734936
1019	2021-09-15	8.6	9.7	8.6	9.7	2740343
1020	2021-09-16	9.4	10.4	9.3	9.5	913640
1021	2021-09-17	9.6	9.6	9.1	9.2	814100
1022	2021-09-20	9.2	9.9	9.0	9.2	1972726
1023	2021-09-21	9.2	9.3	8.9	9.2	1294400
1024	2021-09-22	9.2	10.4	9.2	10.4	3686067
1025	2021-09-23	11.5	11.5	10.0	10.3	5219050
1026	2021-09-24	10.2	10.2	9.6	9.8	987000
1027	2021-09-27	9.7	9.9	9.0	9.1	1413000
1028	2021-09-28	9.1	9.1	8.6	9.0	1876500
1029	2021-09-29	9.0	9.4	8.8	8.8	1438800
1030	2021-09-30	9.0	9.1	8.8	8.8	1144200
1031	2021-10-01	8.8	9.0	8.6	8.8	1630100
1032	2021-10-04	8.8	9.9	8.8	9.3	4142610
1033	2021-10-05	9.5	9.7	9.1	9.3	2012100
1034	2021-10-06	9.3	9.4	9.1	9.3	1754800
1035	2021-10-07	9.2	9.5	9.2	9.4	2474700
1036	2021-10-08	9.4	9.4	9.0	9.1	2405400
1037	2021-10-11	9.2	9.3	8.9	9.0	1985500
1038	2021-10-12	8.9	9.1	8.8	9.0	2126450
1039	2021-10-13	9.0	9.1	8.8	8.9	1975879
1040	2021-10-14	8.9	9.7	8.9	9.4	2568600
1041	2021-10-15	9.4	9.4	9.1	9.2	1665800
1042	2021-10-18	9.2	10.5	9.2	10.5	5823153
1043	2021-10-19	11.3	11.5	10.5	11.5	9153395
1044	2021-10-20	12.6	13.1	12.0	12.5	7124670
1045	2021-10-21	12.5	13.0	11.8	12.2	3575800
1046	2021-10-22	12.0	14.0	11.6	12.6	5250050
1047	2021-10-25	12.8	13.3	12.5	12.6	2829002
1048	2021-10-26	12.6	12.7	11.8	12.2	3878170
1049	2021-10-27	12.2	13.0	12.0	12.3	4055420
1050	2021-10-28	12.2	13.0	12.1	12.6	4027343
1051	2021-10-29	12.6	13.2	12.5	12.7	3882693
1052	2021-11-01	12.7	12.8	12.2	12.4	2597915
1053	2021-11-02	12.4	12.5	12.0	12.4	4441436
1054	2021-11-03	12.4	12.9	12.0	12.3	4480489
1055	2021-11-04	12.4	12.9	12.1	12.8	2455124
1056	2021-11-05	12.7	12.8	12.5	12.7	2589817
1057	2021-11-08	12.9	14.0	12.7	13.8	4442209
1058	2021-11-09	13.2	14.3	13.2	13.9	3503393
1059	2021-11-10	14.3	14.3	13.5	13.9	2253101
1060	2021-11-11	13.9	13.9	13.2	13.4	2911133
1061	2021-11-12	13.4	13.6	13.2	13.5	2165538
1062	2021-11-15	13.5	14.2	13.5	13.9	3719483
1063	2021-11-16	13.9	14.0	13.3	13.4	1894200
1064	2021-11-17	13.5	14.0	13.3	13.6	1879455
1065	2021-11-18	13.8	13.9	13.4	13.8	2157209
1066	2021-11-19	13.9	15.3	13.8	14.4	5104617
1067	2021-11-22	14.6	15.4	12.6	13.3	2938227
1068	2021-11-23	13.6	13.7	13.0	13.6	1278000
1069	2021-11-24	13.6	13.8	13.2	13.4	1532167
1070	2021-11-25	13.4	13.4	13.0	13.2	1617944
1071	2021-11-26	13.2	13.4	12.8	12.9	1964450
1072	2021-11-29	12.8	13.1	12.4	12.9	1348268
1073	2021-11-30	14.7	14.7	12.8	13.3	1450420
1074	2021-12-01	13.2	13.2	12.7	12.9	1548510
1075	2021-12-02	12.9	13.5	12.9	13.3	1445680
1076	2021-12-03	13.4	13.4	12.8	12.8	1170900
1077	2021-12-06	12.9	13.0	11.5	12.0	1491700
1078	2021-12-07	12.0	12.4	11.9	12.4	1228810
1079	2021-12-08	12.0	12.5	12.0	12.3	479411
1080	2021-12-09	12.4	13.4	12.1	13.2	1541197
1081	2021-12-10	13.2	13.3	12.9	13.0	699250
1082	2021-12-13	13.0	13.2	12.9	13.0	763011
1083	2021-12-14	13.0	13.1	12.6	12.7	1290920
1084	2021-12-15	12.7	12.7	12.4	12.5	744231
1085	2021-12-16	12.5	12.9	12.5	12.8	654800
1086	2021-12-17	12.8	12.8	12.5	12.7	937453
1087	2021-12-20	12.6	12.7	12.4	12.6	652410
1088	2021-12-21	12.7	13.2	12.4	12.8	1346624
1089	2021-12-22	12.8	13.9	12.8	13.9	4266123
1090	2021-12-23	13.9	13.9	13.0	13.6	1813234
1091	2021-12-24	13.6	13.6	12.9	13.2	1795420
1092	2021-12-27	13.2	13.4	12.9	13.4	1442645
1093	2021-12-28	13.4	15.0	13.4	14.7	5257942
1094	2021-12-29	14.7	14.9	14.0	14.3	1250353
1095	2021-12-30	14.3	14.3	13.7	14.0	1183911
1096	2021-12-31	14.0	14.3	13.5	13.8	1844700
1097	2022-01-04	13.8	14.3	13.7	14.1	1472581
1098	2022-01-05	14.1	14.2	13.5	13.6	1771555
1099	2022-01-06	13.7	14.1	13.3	13.7	1825671
1100	2022-01-07	13.6	13.9	13.5	13.8	1774769
1101	2022-01-10	13.8	15.0	13.8	14.1	4487437
1102	2022-01-11	14.1	14.4	13.8	14.0	1448640
1103	2022-01-12	14.1	14.1	12.0	13.4	2074514
1104	2022-01-13	13.2	13.4	12.0	12.3	1905216
1105	2022-01-14	12.3	12.6	11.0	12.1	945142
1106	2022-01-17	12.1	12.6	10.6	10.7	1632700
1107	2022-01-18	11.0	11.1	9.8	10.3	1082217
1108	2022-01-19	10.1	10.5	9.8	10.2	602421
1109	2022-01-20	10.1	11.1	9.9	10.9	750931
1110	2022-01-21	10.9	11.0	10.4	10.6	1346800
1111	2022-01-24	10.7	10.7	9.9	10.0	919300
1112	2022-01-25	9.9	10.3	9.8	10.0	450206
1113	2022-01-26	10.2	10.2	10.0	10.0	585804
1114	2022-01-27	10.1	10.1	9.9	10.0	255030
1115	2022-01-28	10.0	10.1	9.9	10.1	510700
1116	2022-02-07	10.2	10.8	10.2	10.7	354734
1117	2022-02-08	10.7	10.7	10.4	10.6	382900
1118	2022-02-09	10.5	11.0	10.5	11.0	403010
1119	2022-02-10	10.9	11.0	10.8	11.0	356430
1120	2022-02-11	10.8	11.0	10.8	11.0	278200
1121	2022-02-14	11.0	11.0	10.5	10.6	401900
1122	2022-02-15	10.7	10.8	10.5	10.7	190900
1123	2022-02-16	10.6	10.9	10.6	10.8	457820
1124	2022-02-17	10.9	11.5	10.8	11.5	1255191
1125	2022-02-18	11.4	11.4	11.2	11.3	385200
1126	2022-02-21	11.3	11.4	11.2	11.4	457320
1127	2022-02-22	11.3	11.3	11.0	11.1	852171
1128	2022-02-23	11.4	11.4	11.1	11.2	312200
1129	2022-02-24	11.2	11.2	10.4	10.7	1077450
1130	2022-02-25	12.4	12.4	10.6	10.9	393000
1131	2022-02-28	10.9	11.0	10.7	11.0	371800
1132	2022-03-01	10.9	11.1	10.9	11.1	562773
1133	2022-03-02	11.2	11.2	10.8	10.9	646600
1134	2022-03-03	10.9	11.2	10.8	11.2	898805
1135	2022-03-04	11.2	11.5	11.1	11.3	944556
1136	2022-03-07	11.3	11.4	11.1	11.4	634180
1137	2022-03-08	11.4	11.9	11.2	11.4	1358791
1138	2022-03-09	11.5	11.6	11.2	11.4	592010
1139	2022-03-10	11.4	11.5	11.2	11.4	648058
1140	2022-03-11	11.4	11.9	11.3	11.6	1726438
1141	2022-03-14	11.6	11.7	11.2	11.3	678001
1142	2022-03-15	11.4	11.5	11.2	11.4	498862
1143	2022-03-16	11.5	11.5	11.2	11.3	622900
1144	2022-03-17	11.4	11.5	11.2	11.3	555950
1145	2022-03-18	11.3	11.5	11.2	11.4	435759
1146	2022-03-21	11.4	12.0	11.4	11.8	1676520
1147	2022-03-22	11.8	11.8	11.5	11.6	745500
1148	2022-03-23	11.6	11.7	11.4	11.5	672801
1149	2022-03-24	11.5	11.5	11.2	11.5	1164800
1150	2022-03-25	11.4	11.5	11.3	11.5	426800
1151	2022-03-28	11.4	11.5	11.1	11.2	936637
1152	2022-03-29	11.2	11.3	11.0	11.3	541683
1153	2022-03-30	11.2	11.3	10.9	11.0	707900
1154	2022-03-31	11.0	11.1	10.7	10.9	554445
1155	2022-04-01	10.8	10.9	10.5	10.8	835700
1156	2022-04-04	10.9	10.9	10.7	10.9	441700
1157	2022-04-05	10.9	10.9	10.8	10.8	348030
1158	2022-04-06	10.7	10.8	10.6	10.7	341845
1159	2022-04-07	10.7	10.7	10.5	10.6	447840
1160	2022-04-08	10.6	10.6	10.3	10.3	418323
1161	2022-04-12	10.5	10.5	9.9	9.9	497900
1162	2022-04-13	9.9	10.1	9.7	10.1	334400
1163	2022-04-14	10.0	10.3	9.9	10.1	249605
1164	2022-04-15	10.0	10.1	9.8	9.9	247907
1165	2022-04-18	9.9	9.9	8.9	9.0	628669
1166	2022-04-19	9.1	9.2	8.0	8.4	578318
1167	2022-04-20	8.7	8.8	7.9	8.1	547700
1168	2022-04-21	8.1	8.1	7.1	7.4	1497700
1169	2022-04-22	7.3	8.1	7.3	7.8	466800
1170	2022-04-25	7.9	8.1	7.4	7.6	265200
1171	2022-04-26	7.7	7.8	7.1	7.8	406968
1172	2022-04-27	7.8	8.2	7.6	8.0	315900
1173	2022-04-28	8.1	8.3	8.1	8.3	375600
1174	2022-04-29	8.2	8.4	8.1	8.3	354400
1175	2022-05-04	8.3	8.8	8.3	8.5	416629
1176	2022-05-05	8.6	8.8	8.4	8.6	269000
1177	2022-05-06	8.5	8.6	8.2	8.2	267300
1178	2022-05-09	8.2	8.2	7.4	7.6	436800
1179	2022-05-10	7.5	7.8	7.3	7.8	240328
1180	2022-05-11	7.8	8.1	7.8	8.0	222922
1181	2022-05-12	7.9	8.0	7.4	7.5	365600
1182	2022-05-13	7.4	7.6	7.0	7.1	376501
1183	2022-05-16	6.7	7.8	6.5	7.3	192157
1184	2022-05-17	7.4	7.8	7.3	7.8	343500
1185	2022-05-18	7.8	7.9	7.6	7.7	252400
1186	2022-05-19	7.6	7.7	7.4	7.5	220100
1187	2022-05-20	7.5	7.6	7.4	7.5	345400
1188	2022-05-23	7.5	7.5	7.3	7.3	190900
1189	2022-05-24	7.5	7.5	7.2	7.4	197100
1190	2022-05-25	7.3	7.5	7.3	7.5	332400
1191	2022-05-26	7.5	7.7	7.5	7.6	214600
1192	2022-05-27	7.6	7.7	7.5	7.6	285500
1193	2022-05-30	7.6	8.2	7.6	8.1	988000
1194	2022-05-31	8.0	8.3	7.9	8.1	425100
1195	2022-06-01	8.1	8.1	7.8	8.0	318243
1196	2022-06-02	7.6	8.0	7.6	7.6	275200
1197	2022-06-03	7.6	7.8	7.6	7.7	290301
1198	2022-06-06	7.7	8.2	7.6	7.8	644300
1199	2022-06-07	7.9	8.2	7.8	8.1	912100
1200	2022-06-08	8.1	8.5	8.1	8.2	605550
1201	2022-06-09	8.1	8.2	8.0	8.1	300300
1202	2022-06-10	8.1	8.1	7.7	7.8	522191
1203	2022-06-13	7.8	7.8	7.4	7.5	555280
1204	2022-06-14	7.4	7.7	7.3	7.4	410915
1205	2022-06-15	7.4	7.6	6.9	7.1	505400
1206	2022-06-16	7.2	7.6	7.2	7.5	519000
1207	2022-06-17	7.3	7.4	6.9	7.1	456300
1208	2022-06-20	7.1	7.3	6.7	6.9	449300
1209	2022-06-21	6.9	7.1	6.7	6.8	401100
1210	2022-06-22	6.9	6.9	6.7	6.8	264800
1211	2022-06-23	6.8	6.9	6.8	6.9	148200
1212	2022-06-24	6.9	7.0	6.8	6.8	139200
1213	2022-06-27	6.9	7.0	6.9	7.0	278900
1214	2022-06-28	7.0	7.2	6.9	7.1	293900
1215	2022-06-29	7.0	7.2	7.0	7.2	454500
1216	2022-06-30	7.1	7.2	7.0	7.1	413708
1217	2022-07-01	7.0	7.1	6.9	7.0	263000
1218	2022-07-04	7.1	7.2	7.0	7.1	329000
1219	2022-07-05	7.1	7.2	7.0	7.1	284000
1220	2022-07-06	7.1	7.1	7.0	7.1	159000
1221	2022-07-07	7.1	7.2	7.0	7.1	320500
1222	2022-07-08	7.1	7.4	7.1	7.3	391300
1223	2022-07-11	7.4	7.7	7.3	7.7	710100
1224	2022-07-12	7.6	8.3	7.6	8.3	1293316
1225	2022-07-13	8.3	8.4	7.9	8.1	444800
1226	2022-07-14	8.0	8.1	7.9	7.9	315000
1227	2022-07-15	7.9	8.0	7.8	7.9	278200
1228	2022-07-18	8.0	8.1	7.8	8.0	255700
1229	2022-07-19	8.0	8.4	7.8	8.4	540810
1230	2022-07-20	8.3	8.4	8.0	8.2	485600
1231	2022-07-21	8.1	8.1	7.9	8.0	146300
1232	2022-07-22	7.9	8.0	7.8	8.0	92200
1233	2022-07-25	7.9	7.9	7.7	7.8	154000
1234	2022-07-26	7.8	7.8	7.6	7.6	172600
1235	2022-07-27	7.6	7.7	7.5	7.7	91900
1236	2022-07-28	7.8	7.8	7.6	7.7	114600
1237	2022-07-29	7.7	8.1	7.7	8.0	327100
1238	2022-08-01	8.0	8.0	7.9	8.0	115100
1239	2022-08-02	7.9	8.1	7.8	8.0	289106
1240	2022-08-03	7.9	8.2	7.9	8.1	518200
1241	2022-08-04	8.1	8.3	8.1	8.2	269800
1242	2022-08-05	8.2	8.2	8.0	8.2	239400
1243	2022-08-08	8.2	8.3	8.1	8.3	339000
1244	2022-08-09	8.2	8.6	8.2	8.6	997500
1245	2022-08-10	8.5	9.0	8.5	8.7	603800
1246	2022-08-11	8.8	8.9	8.3	8.3	485200
1247	2022-08-12	8.3	8.4	8.1	8.3	447700
1248	2022-08-15	8.3	8.6	8.3	8.4	204205
1249	2022-08-16	8.4	8.4	8.2	8.3	235000
1250	2022-08-17	8.3	8.3	8.0	8.0	503300
1251	2022-08-18	8.0	8.2	8.0	8.2	279600
1252	2022-08-19	8.0	8.3	8.0	8.1	177400
1253	2022-08-22	8.2	8.2	7.9	8.0	202400
1254	2022-08-23	8.0	8.1	7.9	8.0	159100
1255	2022-08-24	8.0	8.2	8.0	8.2	205000
1256	2022-08-25	8.2	8.5	8.2	8.4	786100
1257	2022-08-26	8.4	8.4	8.2	8.3	86200
1258	2022-08-29	8.1	8.2	7.9	8.1	547700
1259	2022-08-30	8.1	8.2	7.9	8.0	266600
1260	2022-08-31	8.1	8.3	8.0	8.2	280300
1261	2022-09-05	8.2	8.2	8.0	8.1	283400
1262	2022-09-06	8.1	8.4	8.1	8.2	454100
1263	2022-09-07	8.2	8.3	7.9	8.0	334400
1264	2022-09-08	8.0	8.1	7.8	7.8	665700
1265	2022-09-09	7.8	8.0	7.8	7.9	261900
1266	2022-09-12	8.0	8.1	7.9	8.0	109427
1267	2022-09-13	7.9	8.0	7.9	8.0	114800
1268	2022-09-14	7.8	8.0	7.8	8.0	145500
1269	2022-09-15	8.0	8.0	7.9	8.0	65300
1270	2022-09-16	7.9	8.0	7.7	7.8	207900
1271	2022-09-19	7.7	7.8	7.5	7.5	387250
1272	2022-09-20	7.5	7.6	7.4	7.6	211800
1273	2022-09-21	7.5	7.6	7.5	7.6	85900
1274	2022-09-22	7.5	7.7	7.4	7.7	171700
1275	2022-09-23	7.6	7.6	7.4	7.6	107800
1276	2022-09-26	7.4	7.4	7.1	7.1	378110
1277	2022-09-27	7.3	7.3	7.1	7.2	129300
1278	2022-09-28	7.2	7.3	7.0	7.1	198700
1279	2022-09-29	7.2	7.2	6.9	7.1	149200
1280	2022-09-30	7.0	7.1	6.8	7.1	206900
1281	2022-10-03	7.0	7.0	6.7	6.8	130400
1282	2022-10-04	6.9	6.9	6.7	6.7	151000
1283	2022-10-05	6.8	7.1	6.8	7.0	113200
1284	2022-10-06	7.2	7.2	6.8	6.9	154100
1285	2022-10-07	6.8	6.9	6.5	6.6	499200
1286	2022-10-10	6.5	6.8	6.4	6.8	156000
1287	2022-10-11	6.6	6.6	5.9	6.1	445400
1288	2022-10-12	6.1	6.4	6.1	6.4	127700
1289	2022-10-13	6.5	6.5	6.2	6.3	51300
1290	2022-10-14	6.4	6.4	6.3	6.4	117000
1291	2022-10-17	6.4	6.4	6.1	6.2	31500
1292	2022-10-18	6.3	6.5	6.3	6.4	113400
1293	2022-10-19	6.4	6.4	6.2	6.3	92900
1294	2022-10-20	6.3	6.3	6.2	6.3	54811
1295	2022-10-21	6.3	6.3	5.9	6.0	403100
1296	2022-10-24	6.0	6.0	5.6	5.7	237600
1297	2022-10-25	5.5	5.8	5.4	5.7	141640
1298	2022-10-26	5.6	5.7	5.3	5.4	132001
1299	2022-10-27	5.5	5.6	5.4	5.6	110200
1300	2022-10-28	5.7	5.7	5.6	5.6	89900
1301	2022-10-31	5.7	5.7	5.4	5.5	109900
1302	2022-11-01	5.5	5.6	5.4	5.5	60600
1303	2022-11-02	5.4	5.5	5.3	5.5	120608
1304	2022-11-03	5.4	5.4	5.1	5.2	220900
1305	2022-11-04	5.1	5.2	4.9	5.0	154500
1306	2022-11-07	5.0	5.0	4.4	4.6	198900
1307	2022-11-08	4.6	4.7	4.4	4.6	322200
1308	2022-11-09	4.6	4.8	4.6	4.6	57400
1309	2022-11-10	4.6	4.7	4.3	4.4	207000
1310	2022-11-11	4.5	4.6	4.2	4.3	195000
1311	2022-11-14	4.3	4.5	4.1	4.2	212500
1312	2022-11-15	4.2	4.2	3.7	3.8	431200
1313	2022-11-16	3.8	4.2	3.7	4.1	389400
1314	2022-11-17	4.0	4.3	4.0	4.3	181500
1315	2022-11-18	4.3	4.4	4.2	4.4	159700
1316	2022-11-21	4.3	4.7	4.3	4.6	136700
1317	2022-11-22	4.6	4.8	4.5	4.6	232600
1318	2022-11-23	4.7	4.7	4.5	4.6	97800
1319	2022-11-24	4.6	4.7	4.5	4.6	106100
1320	2022-11-25	4.7	5.1	4.6	5.1	708400
1321	2022-11-28	5.0	5.5	5.0	5.5	546600
1322	2022-11-29	5.6	6.0	5.3	5.5	535500
1323	2022-11-30	5.5	6.4	5.5	6.4	1161300
1324	2022-12-01	6.5	6.7	6.1	6.3	418500
1325	2022-12-02	6.2	6.4	6.0	6.4	472900
1326	2022-12-05	6.2	6.5	6.2	6.4	127006
1327	2022-12-06	6.2	6.2	5.7	5.8	410700
1328	2022-12-07	5.7	5.8	5.5	5.6	332500
1329	2022-12-08	5.5	6.2	5.5	5.9	181103
1330	2022-12-09	6.0	6.0	5.7	6.0	199000
1331	2022-12-12	5.9	6.3	5.9	6.0	498205
1332	2022-12-13	6.0	6.0	5.8	6.0	45600
1333	2022-12-14	6.0	6.0	5.8	5.9	82300
1334	2022-12-15	6.0	6.0	5.8	6.0	42330
1335	2022-12-16	5.8	5.9	5.7	5.9	103500
1336	2022-12-19	5.9	6.0	5.7	5.7	112400
1337	2022-12-20	5.8	5.8	5.5	5.5	163000
1338	2022-12-21	5.6	5.8	5.3	5.3	158900
1339	2022-12-22	5.5	5.5	5.3	5.4	128800
1340	2022-12-23	5.4	5.4	5.2	5.3	141400
1341	2022-12-26	5.3	5.4	5.0	5.0	99600
1342	2022-12-27	5.1	5.2	4.9	5.0	241600
1343	2022-12-28	5.0	5.1	5.0	5.1	133000
1344	2022-12-29	5.0	5.2	5.0	5.0	38330
1345	2022-12-30	5.1	5.8	5.0	5.7	301000
1346	2023-01-03	5.7	5.8	5.5	5.7	307601
1347	2023-01-04	5.7	5.7	5.5	5.5	76200
1348	2023-01-05	5.5	5.7	5.4	5.7	139000
1349	2023-01-06	5.6	5.6	5.5	5.5	85400
1350	2023-01-09	5.5	5.7	5.5	5.5	62400
1351	2023-01-10	5.4	5.5	5.3	5.5	60200
1352	2023-01-11	5.4	5.6	5.4	5.5	125150
1353	2023-01-12	5.6	5.7	5.5	5.6	143218
1354	2023-01-13	5.6	5.8	5.6	5.7	120900
1355	2023-01-16	5.7	5.8	5.5	5.7	115033
1356	2023-01-17	5.7	5.7	5.6	5.7	131100
1357	2023-01-18	5.7	5.9	5.6	5.8	224300
1358	2023-01-19	5.8	5.9	5.7	5.8	86100
1359	2023-01-27	5.9	6.0	5.8	6.0	95600
1360	2023-01-30	6.0	6.1	5.9	6.1	239775
1361	2023-01-31	6.0	6.1	5.9	6.0	137100
1362	2023-02-01	6.0	6.1	5.7	5.8	258500
1363	2023-02-02	5.7	5.7	5.4	5.5	479700
1364	2023-02-03	5.5	5.7	5.5	5.5	105000
1365	2023-02-06	5.6	5.8	5.5	5.8	202775
1366	2023-02-07	5.7	5.9	5.7	5.7	1008100
1367	2023-02-08	5.8	5.8	5.6	5.8	211300
1368	2023-02-09	5.8	5.8	5.6	5.7	109400
1369	2023-02-10	5.6	5.7	5.6	5.7	66100
1370	2023-02-13	5.7	5.7	5.4	5.6	264200
1371	2023-02-14	5.6	5.8	5.6	5.7	980000
1372	2023-02-15	5.8	5.8	5.7	5.8	125800
1373	2023-02-16	5.8	6.1	5.8	6.0	511828
1374	2023-02-17	6.1	6.1	5.9	6.0	632539
1375	2023-02-20	6.0	6.0	5.8	6.0	271600
1376	2023-02-21	6.0	6.1	5.9	6.1	395824
1377	2023-02-22	6.0	6.1	5.8	5.9	258434
1378	2023-02-23	5.9	5.9	5.5	5.8	329600
1379	2023-02-24	5.8	5.9	5.6	5.7	85100
1380	2023-02-27	5.8	5.8	5.6	5.6	170901
1381	2023-02-28	5.7	5.7	5.6	5.7	128900
1382	2023-03-01	5.6	5.8	5.6	5.8	80300
1383	2023-03-02	5.8	5.8	5.6	5.6	73000
1384	2023-03-03	5.7	5.8	5.6	5.7	65100
1385	2023-03-06	5.7	5.7	5.6	5.6	102800
1386	2023-03-07	5.6	5.7	5.5	5.5	226900
1387	2023-03-08	5.5	5.6	5.5	5.6	44130
1388	2023-03-09	5.6	5.6	5.5	5.6	122900
1389	2023-03-10	5.6	5.6	5.5	5.6	90200
1390	2023-03-13	5.6	5.7	5.5	5.7	174000
1391	2023-03-14	5.6	5.7	5.5	5.5	72000
1392	2023-03-15	5.6	5.7	5.6	5.7	102552
1393	2023-03-16	5.6	5.6	5.5	5.6	103500
1394	2023-03-17	5.7	5.7	5.5	5.6	94500
1395	2023-03-20	5.6	5.6	5.5	5.5	147700
1396	2023-03-21	5.5	5.6	5.4	5.5	80700
1397	2023-03-22	5.5	5.6	5.4	5.5	78900
1398	2023-03-23	5.5	5.5	5.4	5.5	74300
1399	2023-03-24	5.5	5.6	5.4	5.5	53900
1400	2023-03-27	5.6	5.6	5.4	5.6	65000
1401	2023-03-28	5.6	5.6	5.4	5.6	81300
1402	2023-03-29	5.5	5.6	5.5	5.5	129900
1403	2023-03-30	5.6	5.7	5.5	5.6	56200
1404	2023-03-31	5.7	5.7	5.5	5.6	50800
1405	2023-04-03	5.5	5.7	5.5	5.6	70600
1406	2023-04-04	5.6	5.6	5.5	5.6	77200
1407	2023-04-05	5.6	5.7	5.5	5.7	247200
1408	2023-04-06	5.7	5.9	5.7	5.7	234800
1409	2023-04-07	5.8	5.8	5.5	5.7	97800
1410	2023-04-10	5.6	5.7	5.6	5.6	188500
1411	2023-04-11	5.6	5.7	5.5	5.7	64200
1412	2023-04-12	5.7	5.8	5.5	5.8	204900
1413	2023-04-13	5.8	5.9	5.6	5.8	235800
1414	2023-04-14	5.8	5.8	5.6	5.6	154400
1415	2023-04-17	5.6	5.6	5.5	5.5	68350
1416	2023-04-18	5.6	5.6	5.5	5.6	65550
1417	2023-04-19	5.6	5.7	5.5	5.7	98700
1418	2023-04-20	5.6	5.6	5.5	5.6	80500
1419	2023-04-21	5.6	5.6	5.5	5.6	98700
1420	2023-04-24	5.5	5.6	5.4	5.4	263216
1421	2023-04-25	5.4	5.5	5.3	5.4	94100
1422	2023-04-26	5.4	5.5	5.4	5.5	38700
1423	2023-04-27	5.6	5.6	5.4	5.5	119416
1424	2023-04-28	5.5	5.6	4.9	5.6	101205
1425	2023-05-04	5.5	5.6	5.5	5.6	177900
1426	2023-05-05	5.6	5.7	5.5	5.6	90979
1427	2023-05-08	5.6	6.4	5.6	6.1	841610
1428	2023-05-09	6.1	6.1	5.8	5.9	183135
1429	2023-05-10	6.0	6.0	5.8	5.9	260406
1430	2023-05-11	5.8	6.0	5.8	5.9	226615
1431	2023-05-12	5.8	5.9	5.8	5.9	235510
1432	2023-05-15	5.9	6.0	5.8	5.9	414275
1433	2023-05-16	6.0	6.4	5.9	6.2	1021945
1434	2023-05-17	6.2	6.3	6.0	6.0	289580
1435	2023-05-18	6.0	6.1	5.9	6.0	287511
1436	2023-05-19	6.0	6.0	5.8	5.9	303750
1437	2023-05-22	5.9	6.0	5.8	5.9	351100
1438	2023-05-23	5.8	5.9	5.7	5.8	247110
1439	2023-05-24	5.8	5.9	5.8	5.9	133915
1440	2023-05-25	5.9	5.9	5.7	5.8	188245
1441	2023-05-26	5.8	6.0	5.8	6.0	379712
1442	2023-05-29	6.0	6.2	5.9	6.2	517981
1443	2023-05-30	6.2	6.2	6.0	6.1	517800
1444	2023-05-31	6.2	6.6	6.1	6.4	1364953
1445	2023-06-01	6.5	6.8	6.4	6.6	830436
1446	2023-06-02	6.8	6.8	6.2	6.4	997264
1447	2023-06-05	6.4	6.5	6.3	6.4	560151
1448	2023-06-06	6.4	6.7	6.4	6.5	644800
1449	2023-06-07	6.5	6.7	6.4	6.7	578500
1450	2023-06-08	6.6	7.0	6.6	6.6	1153911
1451	2023-06-09	6.7	6.9	6.5	6.8	622506
1452	2023-06-12	7.0	7.5	6.8	7.4	1451861
1453	2023-06-13	7.4	7.4	7.0	7.2	703905
1454	2023-06-14	7.1	7.2	6.8	6.8	1003681
1455	2023-06-15	6.7	6.8	6.6	6.7	492713
1456	2023-06-16	6.7	6.8	6.5	6.6	650150
1457	2023-06-19	6.5	6.7	6.3	6.3	1158031
1458	2023-06-20	6.4	6.5	6.3	6.4	641361
1459	2023-06-21	6.4	6.5	6.3	6.4	518700
1460	2023-06-22	6.4	6.6	6.4	6.6	769455
1461	2023-06-23	6.6	6.6	6.4	6.5	331369
1462	2023-06-26	6.5	6.6	6.2	6.3	444855
1463	2023-06-27	6.4	6.4	6.2	6.3	291329
1464	2023-06-28	6.2	6.4	6.2	6.3	366355
1465	2023-06-29	6.3	6.4	6.2	6.2	279610
1466	2023-06-30	6.2	6.3	6.1	6.3	337700
1467	2023-07-03	6.2	6.4	6.1	6.4	155552
1468	2023-07-04	6.3	6.4	6.2	6.4	308303
1469	2023-07-05	6.4	6.5	6.3	6.3	188700
1470	2023-07-06	6.3	6.4	6.2	6.2	230100
1471	2023-07-07	6.2	6.3	6.1	6.3	185000
1472	2023-07-10	6.3	6.4	6.2	6.3	219300
1473	2023-07-11	6.3	6.4	6.2	6.4	257700
1474	2023-07-12	6.3	6.4	6.2	6.4	243920
1475	2023-07-13	6.4	6.6	6.4	6.6	879005
1476	2023-07-14	6.6	6.7	6.4	6.6	584858
1477	2023-07-17	6.6	6.7	6.5	6.6	401099
1478	2023-07-18	6.6	6.7	6.4	6.6	874100
1479	2023-07-19	6.6	6.6	6.3	6.4	618802
1480	2023-07-20	6.4	6.4	6.3	6.4	434800
1481	2023-07-21	6.3	6.4	6.3	6.4	293528
1482	2023-07-24	6.3	6.4	6.2	6.3	619471
1483	2023-07-25	6.3	6.4	6.2	6.3	596400
1484	2023-07-26	6.3	6.4	6.2	6.3	437736
1485	2023-07-27	6.3	6.3	6.1	6.3	758373
1486	2023-07-28	6.2	6.3	6.1	6.2	634510
1487	2023-07-31	6.2	6.3	6.1	6.3	600811
1488	2023-08-01	6.2	6.3	6.1	6.2	542909
1489	2023-08-02	6.2	6.3	6.1	6.3	869400
1490	2023-08-03	6.3	6.3	6.1	6.2	445106
1491	2023-08-04	6.2	6.3	6.1	6.3	365600
1492	2023-08-07	6.3	6.3	6.2	6.3	574583
1493	2023-08-08	6.3	6.8	6.3	6.7	2602829
1494	2023-08-09	6.6	6.7	6.6	6.7	925601
1495	2023-08-10	6.7	6.7	6.4	6.5	951440
1496	2023-08-11	6.5	6.5	6.2	6.5	806699
1497	2023-08-14	6.5	6.5	6.4	6.5	428900
1498	2023-08-15	6.5	6.6	6.4	6.5	330547
1499	2023-08-16	6.4	6.4	6.3	6.4	638200
1500	2023-08-17	6.4	6.5	6.3	6.3	464123
1501	2023-08-18	6.2	6.3	5.7	5.7	1226761
1502	2023-08-21	5.8	6.0	5.7	5.8	616110
1503	2023-08-22	5.9	6.0	5.6	5.9	457328
1504	2023-08-23	5.8	5.9	5.7	5.9	222000
1505	2023-08-24	5.8	5.9	5.7	5.8	266200
1506	2023-08-25	5.8	5.9	5.7	5.9	197133
1507	2023-08-28	5.9	5.9	5.8	5.9	241600
1508	2023-08-29	5.8	6.0	5.8	5.9	161200
1509	2023-08-30	5.9	5.9	5.8	5.9	242710
1510	2023-08-31	5.8	6.0	5.8	6.0	223487
1511	2023-09-05	6.0	6.1	5.8	6.0	276102
1512	2023-09-06	5.9	6.0	5.8	6.0	342500
1513	2023-09-07	5.9	6.0	5.8	6.0	452501
1514	2023-09-08	6.0	6.0	5.8	5.9	420227
1515	2023-09-11	5.9	6.0	5.7	5.8	483880
1516	2023-09-12	5.8	5.9	5.7	5.9	221610
1517	2023-09-13	5.8	5.9	5.7	5.9	410123
1518	2023-09-14	5.9	5.9	5.7	5.8	182000
1519	2023-09-15	5.8	5.9	5.7	5.8	208915
1520	2023-09-18	5.8	5.8	5.7	5.8	190800
1521	2023-09-19	5.7	5.8	5.6	5.7	302125
1522	2023-09-20	5.7	5.8	5.6	5.8	111238
1523	2023-09-21	5.7	5.8	5.6	5.6	121061
1524	2023-09-22	5.6	5.7	5.2	5.5	698483
1525	2023-09-25	5.5	5.5	5.2	5.2	430116
1526	2023-09-26	5.3	5.4	5.1	5.2	311105
1527	2023-09-27	5.2	5.2	5.0	5.2	195110
1528	2023-09-28	5.1	5.2	5.0	5.1	132174
1529	2023-09-29	5.1	5.2	5.1	5.2	232490
1530	2023-10-02	5.1	5.3	5.1	5.3	141128
1531	2023-10-03	5.3	5.3	5.1	5.2	167503
1532	2023-10-04	5.1	5.2	5.0	5.1	128600
1533	2023-10-05	5.1	5.2	5.0	5.1	70019
1534	2023-10-06	5.1	5.1	5.0	5.1	152850
1535	2023-10-09	5.0	5.2	5.0	5.1	218281
1536	2023-10-10	5.1	5.3	5.0	5.2	311400
1537	2023-10-11	5.2	5.2	5.1	5.2	112900
1538	2023-10-12	5.1	5.2	5.1	5.2	167701
1539	2023-10-13	5.2	5.2	5.1	5.1	107100
1540	2023-10-16	5.1	5.2	5.0	5.0	246400
1541	2023-10-17	5.0	5.2	5.0	5.0	115000
1542	2023-10-18	5.0	5.1	4.9	5.0	202200
1543	2023-10-19	4.9	5.0	4.8	4.9	171910
1544	2023-10-20	4.8	5.0	4.8	5.0	143238
1545	2023-10-23	5.0	5.0	4.8	4.9	95300
1546	2023-10-24	4.9	5.0	4.8	5.0	74600
1547	2023-10-25	5.0	5.0	4.8	4.9	52500
1548	2023-10-26	4.9	4.9	4.5	4.6	250600
1549	2023-10-27	4.6	4.6	4.5	4.6	85301
1550	2023-10-30	4.6	4.7	4.6	4.6	43900
1551	2023-10-31	4.6	4.7	4.4	4.4	44538
1552	2023-11-01	4.5	4.6	4.4	4.6	39930
1553	2023-11-02	4.5	4.8	4.5	4.7	218000
1554	2023-11-03	4.7	4.8	4.6	4.7	164541
1555	2023-11-06	4.7	4.7	4.5	4.6	92400
1556	2023-11-07	4.6	4.7	4.5	4.6	37830
1557	2023-11-08	4.6	4.7	4.5	4.7	125700
1558	2023-11-09	4.7	4.8	4.6	4.7	181684
1559	2023-11-10	4.8	5.1	4.7	4.9	378800
1560	2023-11-13	5.0	5.0	4.8	5.0	197300
1561	2023-11-14	4.9	5.0	4.8	4.9	106820
1562	2023-11-15	4.9	5.0	4.9	4.9	157300
1563	2023-11-16	4.8	4.9	4.8	4.9	153200
1564	2023-11-17	4.9	4.9	4.7	4.8	231822
1565	2023-11-20	4.8	4.8	4.7	4.8	115820
1566	2023-11-21	4.8	4.8	4.7	4.8	66101
1567	2023-11-22	4.8	4.9	4.7	4.8	123600
1568	2023-11-23	4.8	4.9	4.7	4.8	188300
1569	2023-11-24	4.7	4.8	4.6	4.7	73130
1570	2023-11-27	4.7	4.8	4.6	4.7	62500
1571	2023-11-28	4.7	4.7	4.6	4.7	55800
1572	2023-11-29	4.6	4.7	4.5	4.7	131200
1573	2023-11-30	4.7	4.7	4.5	4.7	277500
1574	2023-12-01	4.6	4.7	4.6	4.6	220600
1575	2023-12-04	4.6	4.8	4.6	4.8	364300
1576	2023-12-05	4.7	4.8	4.6	4.7	148901
1577	2023-12-06	4.7	4.8	4.6	4.7	137366
1578	2023-12-07	4.6	4.8	4.6	4.7	254100
1579	2023-12-08	4.6	4.8	4.6	4.7	189916
1580	2023-12-11	4.6	4.7	4.6	4.6	81500
1581	2023-12-12	4.6	4.7	4.6	4.7	51101
1582	2023-12-13	4.7	4.9	4.7	4.8	326100
1583	2023-12-14	4.8	4.8	4.6	4.8	171500
1584	2023-12-15	4.7	4.8	4.6	4.8	128500
1585	2023-12-18	4.7	4.8	4.7	4.7	98300
1586	2023-12-19	4.7	4.8	4.7	4.8	58100
1587	2023-12-20	4.7	4.8	4.7	4.8	52107
1588	2023-12-21	4.8	4.8	4.6	4.8	200019
1589	2023-12-22	4.7	4.8	4.7	4.8	65200
1590	2023-12-25	4.7	4.9	4.7	4.9	228429
1591	2023-12-26	4.9	4.9	4.7	4.8	20000
1592	2023-12-27	4.8	4.8	4.7	4.8	161700
1593	2023-12-28	4.8	4.8	4.7	4.8	88620
1594	2023-12-29	4.7	4.8	4.7	4.8	75320
1595	2024-01-02	4.8	4.8	4.7	4.7	90900
1596	2024-01-03	4.7	4.8	4.7	4.8	72300
1597	2024-01-04	4.7	4.8	4.7	4.8	63000
1598	2024-01-05	4.7	5.0	4.7	4.9	614750
1599	2024-01-08	4.9	5.0	4.8	5.0	204414
1600	2024-01-09	4.9	5.2	4.9	5.1	467632
1601	2024-01-10	5.1	5.2	5.0	5.1	376108
1602	2024-01-11	5.1	5.1	5.0	5.1	397840
1603	2024-01-12	5.0	5.1	4.9	4.9	89602
1604	2024-01-15	4.9	5.1	4.9	5.1	320971
1605	2024-01-16	5.0	5.1	5.0	5.0	161519
1606	2024-01-17	5.1	5.1	5.0	5.0	408226
1607	2024-01-18	5.0	5.0	5.0	5.0	66509
1608	2024-01-19	5.0	5.1	5.0	5.1	143434
1609	2024-01-22	5.0	5.1	5.0	5.0	188100
1610	2024-01-23	5.0	5.1	5.0	5.0	97676
1611	2024-01-24	5.0	5.1	5.0	5.0	89000
1612	2024-01-25	5.0	5.1	5.0	5.0	60901
1613	2024-01-26	5.1	5.1	5.0	5.1	76200
1614	2024-01-29	5.0	5.1	5.0	5.0	104300
1615	2024-01-30	5.0	5.1	5.0	5.0	124700
1616	2024-01-31	5.0	5.1	5.0	5.1	89400
1617	2024-02-01	5.0	5.1	5.0	5.1	50000
1618	2024-02-02	5.1	5.1	5.0	5.1	38700
1619	2024-02-05	5.1	5.2	5.1	5.2	313180
1620	2024-02-06	5.2	5.3	5.2	5.3	327000
1621	2024-02-07	5.2	5.3	5.2	5.3	131900
1622	2024-02-15	5.3	5.3	5.2	5.3	145000
1623	2024-02-16	5.3	5.4	5.2	5.3	108635
1624	2024-02-19	5.2	5.3	5.2	5.3	90200
1625	2024-02-20	5.2	5.3	5.2	5.3	82000
1626	2024-02-21	5.3	5.4	5.2	5.3	159577
1627	2024-02-22	5.3	5.4	5.3	5.4	75510
1628	2024-02-23	5.3	5.4	5.2	5.2	135700
1629	2024-02-26	5.3	5.3	5.2	5.3	103600
1630	2024-02-27	5.2	5.3	5.2	5.3	101750
1631	2024-02-28	5.2	5.4	5.2	5.4	208500
1632	2024-02-29	5.3	5.3	5.2	5.3	52701
1633	2024-03-01	5.3	5.4	5.2	5.4	221866
1634	2024-03-04	5.4	6.0	5.4	5.7	614790
1635	2024-03-05	5.5	5.7	5.5	5.7	238710
1636	2024-03-06	5.7	5.8	5.6	5.7	205512
1637	2024-03-07	5.6	5.8	5.5	5.8	580527
1638	2024-03-08	5.7	5.8	5.0	5.7	88201
1639	2024-03-11	5.7	5.9	5.7	5.9	534311
1640	2024-03-12	5.9	5.9	5.7	5.7	151247
1641	2024-03-13	5.7	6.0	5.6	6.0	859237
1642	2024-03-14	5.8	6.6	5.8	6.6	4606629
1643	2024-03-15	6.6	6.9	6.4	6.6	547055
1644	2024-03-18	6.6	6.9	6.4	6.7	791820
1645	2024-03-19	6.7	6.9	6.0	6.8	726417
1646	2024-03-20	6.8	7.0	6.8	6.9	601138
1647	2024-03-21	6.9	7.0	6.6	6.8	291286
1648	2024-03-22	6.7	7.3	6.7	7.3	3242369
1649	2024-03-25	7.3	7.6	7.1	7.3	293520
1650	2024-03-26	7.2	7.3	7.1	7.2	247670
1651	2024-03-27	7.2	7.5	7.2	7.4	1517430
1652	2024-03-28	7.4	8.2	7.4	8.2	1351430
1653	2024-03-29	8.7	9.0	8.1	8.1	267176
1654	2024-04-01	8.2	8.2	7.9	8.1	341218
1655	2024-04-02	8.0	8.2	7.9	8.2	303281
1656	2024-04-03	8.3	8.8	8.0	8.5	1999408
1657	2024-04-04	8.6	8.8	8.3	8.8	462060
1658	2024-04-05	8.7	8.7	8.5	8.6	199193
1659	2024-04-08	8.6	8.6	7.9	8.1	268775
1660	2024-04-09	8.0	8.0	7.8	7.9	206126
1661	2024-04-10	7.8	8.0	7.6	7.7	93719
1662	2024-04-11	7.7	7.7	7.1	7.3	146082
1663	2024-04-12	7.3	7.9	7.2	7.5	96889
1664	2024-04-15	7.4	7.9	7.3	7.3	93160
1665	2024-04-16	7.3	7.6	7.1	7.4	115943
1666	2024-04-17	7.1	7.6	7.1	7.3	44860
1667	2024-04-19	7.4	7.5	6.7	7.0	60148
1668	2024-04-22	7.0	7.7	6.9	7.3	12819
1669	2024-04-23	7.2	7.2	6.9	7.0	70292
1670	2024-04-24	7.2	7.2	7.1	7.1	76520
1671	2024-04-25	7.1	7.1	7.0	7.0	30036
1672	2024-04-26	7.0	7.0	6.7	6.8	73484
1673	2024-05-02	6.8	6.9	6.7	6.9	60631
1674	2024-05-03	6.9	7.2	6.9	7.1	58814
1675	2024-05-06	7.1	7.2	7.1	7.2	11752
1676	2024-05-07	7.1	7.1	6.9	7.0	49802
1677	2024-05-08	7.0	7.1	6.9	7.1	63221
1678	2024-05-09	7.0	7.1	7.0	7.0	193908
1679	2024-05-10	7.0	7.2	6.9	6.9	82851
1680	2024-05-13	6.9	7.0	6.9	6.9	75826
1681	2024-05-14	6.9	7.0	6.8	6.8	46276
1682	2024-05-15	6.9	6.9	6.6	6.8	50703
1683	2024-05-16	6.8	7.0	6.8	6.9	56616
1684	2024-05-17	6.9	6.9	6.8	6.9	32405
1685	2024-05-20	7.0	7.5	7.0	7.5	408836
1686	2024-05-21	7.6	8.2	7.6	7.7	114796
1687	2024-05-22	7.8	7.8	7.4	7.4	75262
1688	2024-05-23	7.6	7.6	7.2	7.4	64218
1689	2024-05-24	7.0	7.7	6.9	7.3	189301
1690	2024-05-27	7.4	7.5	7.0	7.5	232140
1691	2024-05-28	7.4	7.4	7.1	7.3	74036
1692	2024-05-29	7.3	7.5	7.1	7.4	74561
1693	2024-05-30	7.3	8.1	7.3	7.6	175733
1694	2024-05-31	7.5	7.5	7.2	7.2	64900
1695	2024-06-03	7.6	7.6	7.2	7.2	58300
1696	2024-06-04	7.2	7.4	7.2	7.3	236704
1697	2024-06-05	7.5	7.6	7.2	7.3	120500
1698	2024-06-06	7.4	7.4	7.1	7.2	44577
1699	2024-06-07	7.4	7.5	7.2	7.2	76475
1700	2024-06-10	7.2	7.4	7.1	7.2	56617
1701	2024-06-11	7.4	7.7	7.2	7.6	452711
1702	2024-06-12	7.8	8.2	7.7	8.0	597947
1703	2024-06-13	8.0	8.2	7.7	7.8	344760
1704	2024-06-14	7.9	7.9	7.4	7.4	343117
1705	2024-06-17	7.5	7.7	7.4	7.7	171488
1706	2024-06-18	7.7	7.9	7.6	7.9	361120
1707	2024-06-19	7.9	8.0	7.6	7.8	218703
1708	2024-06-20	7.8	8.3	7.8	8.0	694757
1709	2024-06-21	8.0	8.3	7.8	8.2	864122
1710	2024-06-24	8.1	8.2	7.8	7.9	548979
1711	2024-06-25	7.8	7.9	7.5	7.7	410984
1712	2024-06-26	7.6	7.6	7.2	7.5	448985
1713	2024-06-27	7.4	7.4	7.1	7.3	200396
1714	2024-06-28	7.3	7.3	6.8	7.0	382435
1715	2024-07-01	7.0	7.0	6.8	6.9	109677
1716	2024-07-02	6.9	7.1	6.8	7.0	108830
1717	2024-07-03	7.0	7.1	6.8	6.9	142495
1718	2024-07-04	6.9	7.5	6.9	7.4	428900
1719	2024-07-05	7.2	7.4	7.1	7.4	120107
1720	2024-07-08	7.4	7.4	7.0	7.2	202901
1721	2024-07-09	7.1	7.2	7.0	7.2	122600
1722	2024-07-10	7.2	7.5	7.1	7.4	373764
1723	2024-07-11	7.4	7.4	7.2	7.2	61864
1724	2024-07-12	7.3	7.3	7.1	7.1	197780
1725	2024-07-15	7.2	7.5	7.2	7.4	324300
1726	2024-07-16	7.4	7.4	7.3	7.3	163868
1727	2024-07-17	7.3	7.3	7.0	7.1	218501
1728	2024-07-18	7.0	7.1	7.0	7.1	60000
1729	2024-07-19	7.0	7.2	7.0	7.1	62000
1730	2024-07-22	7.0	7.1	7.0	7.0	22100
1731	2024-07-23	7.0	7.1	6.9	7.0	78300
1732	2024-07-24	6.9	7.1	6.9	7.1	69335
1733	2024-07-25	7.0	7.0	6.9	7.0	40956
1734	2024-07-26	7.0	7.1	6.9	7.1	28400
1735	2024-07-29	7.0	7.0	6.9	7.0	31200
1736	2024-07-30	7.0	7.0	6.9	7.0	49700
1737	2024-07-31	6.9	7.0	6.8	6.9	49200
1738	2024-08-01	6.9	6.9	6.3	6.6	131300
1739	2024-08-02	6.5	6.7	6.4	6.6	31000
1740	2024-08-05	6.7	6.7	6.1	6.1	55200
1741	2024-08-06	6.5	6.5	6.3	6.4	39900
1742	2024-08-07	6.3	6.4	6.2	6.4	47300
1743	2024-08-08	6.3	6.5	6.3	6.5	62700
1744	2024-08-09	6.5	6.6	6.5	6.5	131100
1745	2024-08-12	6.4	6.5	6.4	6.4	24600
1746	2024-08-13	6.4	6.5	6.4	6.4	20100
1747	2024-08-14	6.4	6.5	6.4	6.4	24700
1748	2024-08-15	6.4	6.5	6.4	6.5	28500
1749	2024-08-16	6.4	6.6	6.4	6.5	277500
1750	2024-08-19	6.5	6.8	6.5	6.6	116400
1751	2024-08-20	6.6	6.7	6.6	6.7	35000
1752	2024-08-21	6.7	6.9	6.7	6.8	45600
1753	2024-08-22	6.9	6.9	6.7	6.8	63100
1754	2024-08-23	6.9	6.9	6.7	6.8	12800
1755	2024-08-26	6.7	6.8	6.7	6.8	49000
1756	2024-08-27	6.8	6.8	6.2	6.7	95100
1757	2024-08-28	6.7	6.9	6.7	6.8	147100
1758	2024-08-29	6.8	6.8	6.8	6.8	94600
1759	2024-08-30	6.8	6.9	6.8	6.8	28100
1760	2024-09-04	6.8	6.8	6.8	6.8	38300
1761	2024-09-05	6.8	7.2	6.7	6.8	98400
1762	2024-09-06	6.9	6.9	6.8	6.8	74200
1763	2024-09-09	6.8	6.9	6.8	6.9	52600
1764	2024-09-10	6.9	6.9	6.7	6.8	89400
1765	2024-09-11	6.7	6.8	6.7	6.8	16400
1766	2024-09-12	7.2	7.2	6.9	6.9	3000
1767	2024-09-13	6.9	7.0	6.9	6.9	89300
1768	2024-09-16	6.9	6.9	6.8	6.8	31400
1769	2024-09-17	6.9	7.0	6.8	6.9	84500
1770	2024-09-18	7.0	7.0	6.8	6.9	35200
1771	2024-09-19	6.9	7.0	6.9	6.9	72100
1772	2024-09-20	7.0	7.1	6.9	7.1	145500
1773	2024-09-23	7.0	7.0	6.8	6.8	106200
1774	2024-09-24	7.1	7.1	6.9	6.9	24100
1775	2024-09-25	6.9	7.1	6.9	7.0	49800
1776	2024-09-26	7.0	7.1	6.9	7.0	100300
1777	2024-09-27	7.0	7.0	6.9	6.9	37300
1778	2024-09-30	7.0	7.0	6.8	7.0	85500
1779	2024-10-01	6.9	7.0	6.9	6.9	34900
1780	2024-10-02	6.9	7.0	6.9	6.9	40600
1781	2024-10-03	6.9	6.9	6.8	6.8	103200
1782	2024-10-04	6.9	6.9	6.8	6.9	11200
1783	2024-10-07	6.9	6.9	6.8	6.8	22700
1784	2024-10-08	6.8	6.8	6.8	6.8	24200
1785	2024-10-09	6.8	6.8	6.8	6.8	49200
1786	2024-10-10	6.8	6.8	6.8	6.8	62200
1787	2024-10-11	6.8	6.8	6.8	6.8	35000
1788	2024-10-14	6.9	6.9	6.9	6.9	299200
1789	2024-10-15	6.8	6.9	6.8	6.9	12800
1790	2024-10-16	6.9	6.9	6.8	6.9	53800
1791	2024-10-17	6.9	6.9	6.9	6.9	33600
1792	2024-10-18	7.0	7.0	7.0	7.0	157100
1793	2024-10-21	7.1	7.2	7.0	7.1	118200
1794	2024-10-22	7.0	7.0	7.0	7.0	38000
1795	2024-10-23	7.0	7.0	6.1	6.7	77600
1796	2024-10-24	7.1	7.1	6.7	7.0	42600
1797	2024-10-25	7.0	7.0	6.9	7.0	51700
1798	2024-10-28	7.0	7.1	7.0	7.0	114300
1799	2024-10-29	7.0	7.0	7.0	7.0	45800
1800	2024-10-30	7.0	7.2	7.0	7.1	106300
1801	2024-10-31	7.2	7.2	7.1	7.2	161400
1802	2024-11-01	7.2	7.2	7.2	7.2	79700
1803	2024-11-04	7.2	7.2	7.0	7.1	63200
1804	2024-11-05	7.0	7.2	7.0	7.1	31700
1805	2024-11-06	7.2	7.2	7.1	7.1	600
1806	2024-11-07	7.1	7.1	6.9	7.1	90400
1807	2024-11-08	7.1	7.2	7.0	7.1	77800
1808	2024-11-11	7.1	7.1	7.0	7.0	117900
1809	2024-11-12	7.1	7.2	7.0	7.2	147200
1810	2024-11-13	7.2	7.7	7.2	7.6	304800
1811	2024-11-14	7.6	7.6	7.2	7.3	36500
1812	2024-11-15	7.2	7.2	7.1	7.1	69100
1813	2024-11-18	7.7	7.7	7.2	7.3	124200
1814	2024-11-19	7.3	7.4	7.3	7.3	46000
1815	2024-11-20	7.1	7.2	7.1	7.2	135400
1816	2024-11-21	7.1	7.1	7.0	7.1	42700
1817	2024-11-22	7.0	7.1	7.0	7.1	147200
1818	2024-11-25	7.4	7.4	7.0	7.2	82400
1819	2024-11-26	7.4	7.4	7.1	7.1	86000
1820	2024-11-27	7.2	7.2	7.1	7.1	58500
1821	2024-11-28	7.1	7.2	7.1	7.2	26600
1822	2024-11-29	7.1	7.3	7.1	7.3	39500
1823	2024-12-02	7.2	7.2	7.1	7.2	16800
1824	2024-12-03	7.2	7.2	7.1	7.2	27800
1825	2024-12-04	7.2	7.3	7.2	7.3	109100
1826	2024-12-05	7.2	7.3	7.2	7.2	25600
1827	2024-12-06	7.2	7.3	7.2	7.2	37500
1828	2024-12-09	7.3	7.3	7.2	7.3	24200
1829	2024-12-10	7.3	7.6	7.2	7.5	202800
1830	2024-12-11	7.5	7.5	7.4	7.4	20700
1831	2024-12-12	7.4	7.4	7.2	7.2	96200
1832	2024-12-13	7.2	7.2	7.2	7.2	23500
1833	2024-12-16	7.2	7.2	7.1	7.1	42800
1834	2024-12-17	7.1	7.2	7.1	7.1	33000
1835	2024-12-18	7.2	7.2	7.1	7.1	47000
1836	2024-12-19	7.1	7.1	7.0	7.1	33700
1837	2024-12-20	7.0	7.1	7.0	7.1	45600
1838	2024-12-23	7.1	7.1	7.1	7.1	31000
1839	2024-12-24	7.1	7.6	7.0	7.1	95500
1840	2024-12-25	7.0	7.1	7.0	7.1	39200
1841	2024-12-26	7.1	7.1	7.1	7.1	73800
1842	2024-12-27	7.1	7.1	6.9	6.9	58800
1843	2024-12-30	7.0	7.0	7.0	7.0	47400
1844	2024-12-31	7.2	7.2	7.0	7.0	45500
1845	2025-01-02	7.0	7.2	7.0	7.2	24800
1846	2025-01-03	7.1	7.1	7.1	7.1	33200
1847	2025-01-06	7.0	7.2	7.0	7.1	52600
1848	2025-01-07	7.1	7.1	7.0	7.0	39900
1849	2025-01-08	7.0	7.1	7.0	7.1	4700
1850	2025-01-09	7.2	7.2	7.1	7.1	10200
1851	2025-01-10	7.0	7.0	6.9	7.0	31800
1852	2025-01-13	6.9	6.9	6.9	6.9	10500
1853	2025-01-14	7.0	7.0	7.0	7.0	1300
1854	2025-01-15	6.9	7.1	6.9	7.1	35600
1855	2025-01-16	7.1	7.1	7.1	7.1	47800
1856	2025-01-17	7.1	7.1	7.1	7.1	17100
1857	2025-01-20	7.0	7.1	7.0	7.1	30900
1858	2025-01-21	7.1	7.2	7.1	7.1	20500
1859	2025-01-22	7.1	7.1	7.0	7.1	66800
1860	2025-01-23	7.1	7.2	7.1	7.2	22700
1861	2025-01-24	7.2	7.2	7.1	7.2	95900
1862	2025-02-03	7.2	7.3	7.1	7.2	59400
1863	2025-02-04	7.2	7.3	7.2	7.3	17000
1864	2025-02-05	7.4	7.4	7.2	7.3	41000
1865	2025-02-06	7.2	7.3	7.1	7.2	107600
1866	2025-02-07	7.2	7.4	7.2	7.4	123700
1867	2025-02-10	7.4	7.4	7.2	7.2	56400
1868	2025-02-11	7.2	7.3	7.2	7.2	16400
1869	2025-02-12	7.2	7.3	7.2	7.2	50800
1870	2025-02-13	7.2	7.4	7.2	7.4	65600
1871	2025-02-14	7.4	7.4	7.3	7.4	42600
1872	2025-02-17	7.4	7.4	7.3	7.3	78000
1873	2025-02-18	7.3	7.4	7.3	7.4	81400
1874	2025-02-19	7.3	7.4	7.3	7.4	177300
1875	2025-02-20	7.4	7.6	7.4	7.6	179100
1876	2025-02-21	7.5	7.5	7.4	7.4	50400
1877	2025-02-24	7.4	7.5	7.3	7.4	56600
1878	2025-02-25	7.4	7.5	7.4	7.5	115500
1879	2025-02-26	7.4	7.5	7.3	7.5	65800
1880	2025-02-27	7.4	7.5	7.3	7.4	113200
1881	2025-02-28	7.5	7.6	7.4	7.4	145700
1882	2025-03-03	7.4	7.4	7.4	7.4	152300
1883	2025-03-04	7.4	7.5	7.3	7.4	180100
1884	2025-03-05	7.4	7.4	7.3	7.4	74000
1885	2025-03-06	7.4	7.5	7.4	7.5	66600
1886	2025-03-07	7.4	7.4	7.4	7.4	39100
1887	2025-03-10	7.4	7.6	7.4	7.5	180000
1888	2025-03-11	7.5	7.5	7.3	7.5	45100
1889	2025-03-12	7.4	7.4	7.4	7.4	51600
1890	2025-03-13	7.4	7.4	7.4	7.4	87800
1891	2025-03-14	7.4	7.4	7.4	7.4	86500
1892	2025-03-17	7.4	7.5	7.4	7.5	63700
1893	2025-03-18	7.5	7.5	7.4	7.4	18400
1894	2025-03-19	7.4	7.4	7.4	7.4	138400
1895	2025-03-20	7.4	7.4	7.4	7.4	106100
1896	2025-03-21	7.4	7.4	7.4	7.4	43400
1897	2025-03-24	7.4	7.4	7.3	7.3	24800
1898	2025-03-25	7.3	7.3	7.3	7.3	156400
1899	2025-03-26	7.4	7.5	7.4	7.5	142700
1900	2025-03-27	7.5	7.5	7.3	7.4	163100
1901	2025-03-28	7.4	7.4	7.3	7.3	49800
1902	2025-03-31	7.3	7.4	7.3	7.4	26300
1903	2025-04-01	7.2	7.4	7.1	7.2	51500
