	time	open	high	low	close	volume
0	2019-07-22	5.07	5.07	5.07	5.07	0
1	2019-07-23	5.07	5.07	5.07	5.07	0
2	2019-07-24	5.07	5.07	5.07	5.07	0
3	2019-07-25	5.07	5.07	5.07	5.07	0
4	2019-07-26	5.07	5.07	5.07	5.07	0
5	2019-07-29	5.07	5.07	5.07	5.07	0
6	2019-07-30	5.07	5.07	5.07	5.07	0
7	2019-07-31	5.07	5.07	5.07	5.07	0
8	2019-08-01	5.07	5.07	5.07	5.07	0
9	2019-08-02	5.07	5.07	5.07	5.07	0
10	2019-08-05	5.07	5.07	5.07	5.07	0
11	2019-08-06	5.07	5.07	5.07	5.07	0
12	2019-08-07	5.07	5.07	5.07	5.07	0
13	2019-08-08	5.07	5.07	5.07	5.07	0
14	2019-08-09	5.07	5.07	5.07	5.07	0
15	2019-08-12	5.07	5.07	5.07	5.07	0
16	2019-08-13	5.07	5.07	5.07	5.07	0
17	2019-08-14	5.07	5.07	5.07	5.07	0
18	2019-08-15	5.07	5.07	5.07	5.07	0
19	2019-08-16	5.07	5.07	5.07	5.07	0
20	2019-08-19	5.07	5.07	5.07	5.07	0
21	2019-08-20	5.07	5.07	5.07	5.07	0
22	2019-08-21	5.07	5.07	5.07	5.07	0
23	2019-08-22	5.07	5.07	5.07	5.07	0
24	2019-08-23	5.07	5.07	5.07	5.07	0
25	2019-08-26	5.07	5.07	5.07	5.07	0
26	2019-08-27	5.07	5.07	5.07	5.07	0
27	2019-08-28	5.07	5.07	5.07	5.07	0
28	2019-08-29	3.11	3.11	3.11	3.11	4100
29	2019-08-30	3.11	3.11	3.11	3.11	0
30	2019-09-03	3.11	3.11	3.11	3.11	0
31	2019-09-04	3.11	3.11	3.11	3.11	0
32	2019-09-05	3.11	3.11	3.11	3.11	0
33	2019-09-06	3.11	3.11	3.11	3.11	0
34	2019-09-09	3.11	3.11	3.11	3.11	0
35	2019-09-10	3.11	3.11	3.11	3.11	0
36	2019-09-11	3.11	3.11	3.11	3.11	0
37	2019-09-12	3.11	3.11	3.11	3.11	0
38	2019-09-13	3.11	3.11	3.11	3.11	0
39	2019-09-16	3.11	3.11	3.11	3.11	0
40	2019-09-17	3.11	3.11	3.11	3.11	0
41	2019-09-18	3.11	3.11	3.11	3.11	0
42	2019-09-19	3.11	3.11	3.11	3.11	0
43	2019-09-20	3.11	3.11	3.11	3.11	0
44	2019-09-23	3.11	3.11	3.11	3.11	0
45	2019-09-24	3.11	3.11	3.11	3.11	0
46	2019-09-25	3.11	3.11	3.11	3.11	0
47	2019-09-26	3.11	3.11	3.11	3.11	0
48	2019-09-27	3.11	3.11	3.11	3.11	0
49	2019-09-30	3.11	3.11	3.11	3.11	0
50	2019-10-01	3.11	3.11	3.11	3.11	0
51	2019-10-02	3.11	3.11	3.11	3.11	0
52	2019-10-03	3.11	3.11	3.11	3.11	0
53	2019-10-04	3.11	3.11	3.11	3.11	0
54	2019-10-07	3.11	3.11	3.11	3.11	0
55	2019-10-08	3.11	3.11	3.11	3.11	0
56	2019-10-09	3.11	3.11	3.11	3.11	0
57	2019-10-10	3.11	3.11	3.11	3.11	0
58	2019-10-11	3.11	3.11	3.11	3.11	0
59	2019-10-14	3.11	3.11	3.11	3.11	0
60	2019-10-15	3.11	3.11	3.11	3.11	0
61	2019-10-16	3.11	3.11	3.11	3.11	0
62	2019-10-17	3.11	3.11	3.11	3.11	0
63	2019-10-18	3.11	3.11	3.11	3.11	0
64	2019-10-21	3.11	3.11	3.11	3.11	0
65	2019-10-22	3.11	3.11	3.11	3.11	0
66	2019-10-23	3.11	3.11	3.11	3.11	0
67	2019-10-24	3.11	3.11	3.11	3.11	0
68	2019-10-25	3.11	3.11	3.11	3.11	0
69	2019-10-28	3.11	3.11	3.11	3.11	0
70	2019-10-29	3.11	3.11	3.11	3.11	0
71	2019-10-30	3.11	3.11	3.11	3.11	0
72	2019-10-31	3.11	3.11	3.11	3.11	0
73	2019-11-01	3.11	3.11	3.11	3.11	0
74	2019-11-04	3.11	3.11	3.11	3.11	0
75	2019-11-05	3.31	3.31	3.31	3.31	3000
76	2019-11-06	3.31	3.31	3.31	3.31	0
77	2019-11-07	3.31	3.31	3.31	3.31	0
78	2019-11-08	3.31	3.31	3.31	3.31	0
79	2019-11-11	3.31	3.31	3.31	3.31	0
80	2019-11-12	3.31	3.31	3.31	3.31	0
81	2019-11-13	3.31	3.31	3.31	3.31	0
82	2019-11-14	3.31	3.31	3.31	3.31	0
83	2019-11-15	3.31	3.31	3.31	3.31	0
84	2019-11-18	3.31	3.31	3.31	3.31	0
85	2019-11-19	3.31	3.31	3.31	3.31	0
86	2019-11-20	3.31	3.31	3.31	3.31	0
87	2019-11-21	3.31	3.31	3.31	3.31	0
88	2019-11-22	3.31	3.31	3.31	3.31	0
89	2019-11-25	3.31	3.31	3.31	3.31	0
90	2019-11-26	3.31	3.31	3.31	3.31	0
91	2019-11-27	3.31	3.31	3.31	3.31	0
92	2019-11-28	3.35	3.35	3.35	3.35	2500
93	2019-11-29	3.35	3.35	3.35	3.35	0
94	2019-12-02	3.35	3.35	3.35	3.35	0
95	2019-12-03	3.35	3.35	3.35	3.35	0
96	2019-12-04	3.35	3.35	3.35	3.35	0
97	2019-12-05	3.35	3.35	3.35	3.35	0
98	2019-12-06	3.35	3.35	3.35	3.35	0
99	2019-12-09	3.35	3.35	3.35	3.35	0
100	2019-12-10	3.35	3.35	3.35	3.35	0
101	2019-12-11	3.35	3.35	3.35	3.35	0
102	2019-12-12	3.35	3.35	3.35	3.35	0
103	2019-12-13	3.35	3.35	3.35	3.35	0
104	2019-12-16	3.35	3.35	3.35	3.35	0
105	2019-12-17	3.35	3.35	3.35	3.35	0
106	2019-12-18	3.35	3.35	3.35	3.35	0
107	2019-12-19	3.35	3.35	3.35	3.35	0
108	2019-12-20	3.35	3.35	3.35	3.35	0
109	2019-12-23	3.35	3.35	3.35	3.35	0
110	2019-12-24	3.35	3.35	3.35	3.35	0
111	2019-12-25	3.35	3.35	3.35	3.35	0
112	2019-12-26	3.35	3.65	3.65	3.65	0
113	2019-12-27	3.35	3.65	3.65	3.65	0
114	2019-12-30	3.35	3.65	3.65	3.65	0
115	2019-12-31	3.35	3.65	3.65	3.65	0
116	2020-01-02	3.35	3.65	3.65	3.65	0
117	2020-01-03	3.35	3.65	3.65	3.65	0
118	2020-01-06	3.35	3.65	3.65	3.65	0
119	2020-01-07	3.35	3.65	3.65	3.65	0
120	2020-01-08	3.61	3.61	3.61	3.61	3000
121	2020-01-09	3.61	3.61	3.61	3.61	0
122	2020-01-10	3.61	3.61	3.61	3.61	0
123	2020-01-13	3.61	3.61	3.61	3.61	0
124	2020-01-14	3.61	3.61	3.61	3.61	0
125	2020-01-15	3.61	3.61	3.61	3.61	0
126	2020-01-16	3.61	3.61	3.61	3.61	0
127	2020-01-17	3.61	3.61	3.61	3.61	0
128	2020-01-20	3.61	3.61	3.61	3.61	0
129	2020-01-21	3.61	3.61	3.61	3.61	0
130	2020-01-22	3.61	3.61	3.61	3.61	0
131	2020-01-30	3.61	3.61	3.61	3.61	0
132	2020-01-31	3.61	3.61	3.61	3.61	0
133	2020-02-03	3.61	3.61	3.61	3.61	3000
134	2020-02-04	3.61	3.61	3.61	3.61	0
135	2020-02-05	3.61	3.61	3.61	3.61	0
136	2020-02-06	3.61	3.61	3.61	3.61	0
137	2020-02-07	3.61	3.61	3.61	3.61	0
138	2020-02-10	3.61	3.61	3.61	3.61	0
139	2020-02-11	3.61	3.61	3.61	3.61	0
140	2020-02-12	3.61	3.61	3.61	3.61	0
141	2020-02-13	3.61	3.61	3.61	3.61	0
142	2020-02-14	3.61	3.61	3.61	3.61	0
143	2020-02-17	3.61	3.61	3.61	3.61	0
144	2020-02-18	3.61	3.61	3.61	3.61	0
145	2020-02-19	3.61	3.61	3.61	3.61	0
146	2020-02-20	3.61	3.61	3.61	3.61	0
147	2020-02-21	3.61	3.61	3.61	3.61	0
148	2020-02-24	3.61	3.61	3.61	3.61	0
149	2020-02-25	3.76	3.76	3.76	3.76	999
150	2020-02-26	3.76	3.76	3.76	3.76	0
151	2020-02-27	3.76	3.76	3.76	3.76	0
152	2020-02-28	3.76	3.76	3.76	3.76	0
153	2020-03-02	3.27	3.27	3.27	3.27	500
154	2020-03-03	3.27	3.27	3.27	3.27	0
155	2020-03-04	3.27	3.27	3.27	3.27	0
156	2020-03-05	3.27	3.27	3.27	3.27	0
157	2020-03-06	3.27	3.27	3.27	3.27	0
158	2020-03-09	3.27	3.27	3.27	3.27	0
159	2020-03-10	3.27	3.27	3.27	3.27	0
160	2020-03-11	3.27	3.27	3.27	3.27	0
161	2020-03-12	3.27	3.27	3.27	3.27	0
162	2020-03-13	3.27	3.27	3.27	3.27	0
163	2020-03-16	3.27	3.27	3.27	3.27	0
164	2020-03-17	3.27	3.27	3.27	3.27	0
165	2020-03-18	3.27	3.27	3.27	3.27	0
166	2020-03-19	3.27	3.27	3.27	3.27	0
167	2020-03-20	3.27	3.27	3.27	3.27	0
168	2020-03-23	3.27	3.27	3.27	3.27	0
169	2020-03-24	3.27	3.27	3.27	3.27	0
170	2020-03-25	3.27	3.27	3.27	3.27	0
171	2020-03-26	3.01	3.01	3.01	3.01	500
172	2020-03-27	3.01	3.01	3.01	3.01	0
173	2020-03-30	3.01	3.01	3.01	3.01	0
174	2020-03-31	3.01	3.01	3.01	3.01	0
175	2020-04-01	3.01	3.01	3.01	3.01	0
176	2020-04-03	3.01	3.01	3.01	3.01	0
177	2020-04-06	3.01	3.01	3.01	3.01	0
178	2020-04-07	3.01	3.01	3.01	3.01	0
179	2020-04-08	3.01	3.01	3.01	3.01	0
180	2020-04-09	3.01	3.01	3.01	3.01	0
181	2020-04-10	3.01	3.01	3.01	3.01	0
182	2020-04-13	3.01	3.01	3.01	3.01	0
183	2020-04-14	3.01	3.01	3.01	3.01	0
184	2020-04-15	3.01	3.01	3.01	3.01	0
185	2020-04-16	3.01	3.01	3.01	3.01	0
186	2020-04-17	3.01	3.01	3.01	3.01	0
187	2020-04-20	3.01	3.01	3.01	3.01	0
188	2020-04-21	3.01	3.01	3.01	3.01	0
189	2020-04-22	3.01	3.01	3.01	3.01	0
190	2020-04-23	3.01	3.01	3.01	3.01	0
191	2020-04-24	3.01	3.01	3.01	3.01	0
192	2020-04-27	3.01	3.01	3.01	3.01	0
193	2020-04-28	3.01	3.01	3.01	3.01	0
194	2020-04-29	3.01	3.01	3.01	3.01	0
195	2020-05-04	3.01	3.01	3.01	3.01	0
196	2020-05-05	3.01	3.01	3.01	3.01	0
197	2020-05-06	3.01	3.01	3.01	3.01	0
198	2020-05-07	3.01	3.01	3.01	3.01	0
199	2020-05-08	3.01	3.01	3.01	3.01	0
200	2020-05-11	3.01	3.01	3.01	3.01	0
201	2020-05-12	3.01	3.01	3.01	3.01	0
202	2020-05-13	3.01	3.01	3.01	3.01	0
203	2020-05-14	3.01	3.01	3.01	3.01	0
204	2020-05-15	3.01	3.01	3.01	3.01	0
205	2020-05-18	3.01	3.01	3.01	3.01	0
206	2020-05-19	3.01	3.01	3.01	3.01	0
207	2020-05-20	3.01	3.01	3.01	3.01	0
208	2020-05-21	3.01	3.01	3.01	3.01	0
209	2020-05-22	4.21	4.21	4.21	4.21	100
210	2020-05-25	4.81	4.81	4.81	4.81	100
211	2020-05-26	4.81	4.81	4.81	4.81	0
212	2020-05-27	4.1	4.1	4.1	4.1	100
213	2020-05-28	3.65	3.65	3.65	3.65	100
214	2020-05-29	3.65	3.65	3.65	3.65	0
215	2020-06-01	3.12	3.12	3.12	3.12	100
216	2020-06-02	3.12	3.12	3.12	3.12	0
217	2020-06-03	3.12	3.12	3.12	3.12	0
218	2020-06-04	3.12	3.12	3.12	3.12	0
219	2020-06-05	3.12	3.12	3.12	3.12	0
220	2020-06-08	3.12	3.12	3.12	3.12	0
221	2020-06-09	3.12	3.12	3.12	3.12	0
222	2020-06-10	3.12	3.12	3.12	3.12	0
223	2020-06-11	3.12	3.12	3.12	3.12	0
224	2020-06-12	3.12	3.12	3.12	3.12	0
225	2020-06-15	3.12	3.12	3.12	3.12	0
226	2020-06-16	3.12	3.12	3.12	3.12	0
227	2020-06-17	3.12	3.12	3.12	3.12	0
228	2020-06-18	3.12	3.12	3.12	3.12	0
229	2020-06-19	3.12	3.12	3.12	3.12	0
230	2020-06-22	3.12	3.12	3.12	3.12	0
231	2020-06-23	3.12	3.12	3.12	3.12	0
232	2020-06-24	3.12	3.12	3.12	3.12	0
233	2020-06-25	3.12	3.12	3.12	3.12	0
234	2020-06-26	3.12	3.12	3.12	3.12	0
235	2020-06-29	3.12	3.12	3.12	3.12	0
236	2020-06-30	3.12	3.12	3.12	3.12	0
237	2020-07-01	3.12	3.12	3.12	3.12	0
238	2020-07-02	3.12	3.12	3.12	3.12	0
239	2020-07-03	3.12	3.12	3.12	3.12	0
240	2020-07-06	3.12	3.12	3.12	3.12	0
241	2020-07-07	3.12	3.12	3.12	3.12	0
242	2020-07-08	3.12	3.12	3.12	3.12	0
243	2020-07-09	4.36	4.36	4.36	4.36	100
244	2020-07-10	4.36	4.36	4.36	4.36	0
245	2020-07-13	4.81	4.81	4.81	4.81	200
246	2020-07-14	4.81	4.81	4.81	4.81	0
247	2020-07-15	4.81	4.81	4.81	4.81	0
248	2020-07-16	4.81	4.81	4.81	4.81	0
249	2020-07-17	4.81	4.81	4.81	4.81	0
250	2020-07-20	4.44	5.53	4.44	5.53	300
251	2020-07-21	5.15	5.53	5.53	5.53	0
252	2020-07-22	5.15	5.53	5.53	5.53	0
253	2020-07-23	5.15	5.53	5.53	5.53	0
254	2020-07-24	5.9	5.9	5.9	5.9	100
255	2020-07-27	5.9	5.9	5.9	5.9	0
256	2020-07-28	5.9	5.9	5.9	5.9	0
257	2020-07-29	5.9	5.9	5.9	5.9	0
258	2020-07-30	5.9	5.9	5.9	5.9	0
259	2020-07-31	5.9	5.9	5.9	5.9	0
260	2020-08-03	6.73	6.73	6.73	6.73	100
261	2020-08-04	6.73	6.73	6.73	6.73	0
262	2020-08-05	7.71	7.71	7.71	7.71	100
263	2020-08-06	6.58	6.58	6.58	6.58	100
264	2020-08-07	5.68	5.68	5.68	5.68	2200
265	2020-08-10	5.68	5.68	5.68	5.68	100
266	2020-08-11	5.68	5.68	5.68	5.68	0
267	2020-08-12	5.68	5.68	5.68	5.68	0
268	2020-08-13	5.68	5.68	5.68	5.68	0
269	2020-08-14	5.68	5.68	5.68	5.68	0
270	2020-08-17	6.02	6.02	6.02	6.02	200
271	2020-08-18	6.02	6.02	6.02	6.02	0
272	2020-08-19	6.02	6.02	6.02	6.02	0
273	2020-08-20	6.02	6.02	6.02	6.02	0
274	2020-08-21	6.02	6.02	6.02	6.02	0
275	2020-08-24	6.02	6.02	6.02	6.02	0
276	2020-08-25	5.11	5.11	5.11	5.11	2000
277	2020-08-26	5.11	5.11	5.11	5.11	0
278	2020-08-27	5.11	5.11	5.11	5.11	0
279	2020-08-28	5.14	5.72	5.72	5.72	0
280	2020-08-31	5.14	5.72	5.72	5.72	0
281	2020-09-01	5.14	5.72	5.72	5.72	0
282	2020-09-03	5.14	5.72	5.72	5.72	0
283	2020-09-04	5.14	5.72	5.72	5.72	0
284	2020-09-07	5.14	5.72	5.72	5.72	0
285	2020-09-08	5.14	5.72	5.72	5.72	0
286	2020-09-09	5.14	5.72	5.72	5.72	0
287	2020-09-10	5.14	5.72	5.72	5.72	0
288	2020-09-11	5.14	5.72	5.72	5.72	0
289	2020-09-14	5.14	5.72	5.72	5.72	0
290	2020-09-15	5.14	5.72	5.72	5.72	0
291	2020-09-16	5.14	5.72	5.72	5.72	0
292	2020-09-17	5.14	5.72	5.72	5.72	0
293	2020-09-18	5.14	5.72	5.72	5.72	0
294	2020-09-21	5.14	5.72	5.72	5.72	0
295	2020-09-22	4.38	4.38	4.38	4.38	3000
296	2020-09-23	4.38	4.38	4.38	4.38	0
297	2020-09-24	4.38	4.38	4.38	4.38	0
298	2020-09-25	4.38	4.38	4.38	4.38	0
299	2020-09-28	4.38	4.38	4.38	4.38	0
300	2020-09-29	4.38	4.38	4.38	4.38	0
301	2020-09-30	4.38	4.38	4.38	4.38	0
302	2020-10-01	4.38	4.38	4.38	4.38	0
303	2020-10-02	4.38	4.38	4.38	4.38	0
304	2020-10-05	4.38	4.38	4.38	4.38	0
305	2020-10-06	4.38	4.38	4.38	4.38	0
306	2020-10-07	4.38	4.38	4.38	4.38	0
307	2020-10-08	4.38	4.38	4.38	4.38	0
308	2020-10-09	4.38	4.38	4.38	4.38	0
309	2020-10-12	4.38	4.38	4.38	4.38	0
310	2020-10-13	4.38	4.38	4.38	4.38	0
311	2020-10-14	4.38	4.38	4.38	4.38	0
312	2020-10-15	4.38	4.38	4.38	4.38	0
313	2020-10-16	4.38	4.38	4.38	4.38	0
314	2020-10-19	4.38	4.38	4.38	4.38	0
315	2020-10-20	4.38	4.38	4.38	4.38	0
316	2020-10-21	4.38	4.38	4.38	4.38	0
317	2020-10-22	4.38	4.38	4.38	4.38	0
318	2020-10-23	4.38	4.38	4.38	4.38	0
319	2020-10-26	4.38	4.38	4.38	4.38	0
320	2020-10-27	4.38	4.38	4.38	4.38	0
321	2020-10-28	4.38	4.38	4.38	4.38	0
322	2020-10-29	4.38	4.38	4.38	4.38	0
323	2020-10-30	4.38	4.38	4.38	4.38	0
324	2020-11-02	4.38	4.38	4.38	4.38	0
325	2020-11-03	6.1	6.1	6.1	6.1	2700
326	2020-11-04	6.1	6.1	6.1	6.1	0
327	2020-11-05	6.1	6.1	6.1	6.1	0
328	2020-11-06	6.1	6.1	6.1	6.1	0
329	2020-11-09	6.1	6.1	6.1	6.1	0
330	2020-11-10	6.1	6.1	6.1	6.1	0
331	2020-11-11	6.1	6.1	6.1	6.1	0
332	2020-11-12	6.1	6.1	6.1	6.1	0
333	2020-11-13	6.1	6.1	6.1	6.1	0
334	2020-11-16	6.1	6.1	6.1	6.1	0
335	2020-11-17	6.1	6.1	6.1	6.1	0
336	2020-11-18	6.1	6.1	6.1	6.1	0
337	2020-11-19	6.1	6.1	6.1	6.1	0
338	2020-11-20	6.1	9.83	9.83	9.83	0
339	2020-11-23	6.1	9.83	9.83	9.83	0
340	2020-11-24	6.1	9.83	9.83	9.83	0
341	2020-11-25	6.1	9.83	9.83	9.83	0
342	2020-11-26	6.1	9.83	9.83	9.83	0
343	2020-11-27	6.1	9.83	9.83	9.83	0
344	2020-11-30	6.1	9.83	9.83	9.83	0
345	2020-12-01	6.1	9.83	9.83	9.83	0
346	2020-12-02	6.1	9.83	9.83	9.83	0
347	2020-12-03	6.1	9.83	9.83	9.83	0
348	2020-12-04	6.1	9.83	9.83	9.83	0
349	2020-12-07	6.1	9.83	9.83	9.83	0
350	2020-12-08	6.1	9.83	9.83	9.83	0
351	2020-12-09	6.1	9.83	9.83	9.83	0
352	2020-12-10	6.1	9.83	9.83	9.83	0
353	2020-12-11	6.1	9.83	9.83	9.83	0
354	2020-12-14	6.91	6.91	6.91	6.91	3700
355	2020-12-15	6.91	6.91	6.91	6.91	0
356	2020-12-16	6.91	6.91	6.91	6.91	0
357	2020-12-17	6.91	6.91	6.91	6.91	0
358	2020-12-18	6.91	6.91	6.91	6.91	0
359	2020-12-21	6.91	6.91	6.91	6.91	0
360	2020-12-22	6.91	6.91	6.91	6.91	0
361	2020-12-23	6.91	6.91	6.91	6.91	0
362	2020-12-24	6.91	6.91	6.91	6.91	0
363	2020-12-25	6.91	6.91	6.91	6.91	0
364	2020-12-28	6.91	6.91	6.91	6.91	0
365	2020-12-29	6.91	6.91	6.91	6.91	0
366	2020-12-30	6.91	6.91	6.91	6.91	0
367	2020-12-31	6.91	6.91	6.91	6.91	0
368	2021-01-04	6.91	6.91	6.91	6.91	0
369	2021-01-05	6.91	6.91	6.91	6.91	0
370	2021-01-06	6.91	6.91	6.91	6.91	0
371	2021-01-07	6.91	6.91	6.91	6.91	0
372	2021-01-08	6.91	6.91	6.91	6.91	0
373	2021-01-11	6.91	6.91	6.91	6.91	0
374	2021-01-12	7.93	7.93	7.93	7.93	30000
375	2021-01-13	7.93	7.93	7.93	7.93	0
376	2021-01-14	7.93	7.93	7.93	7.93	0
377	2021-01-15	7.93	7.93	7.93	7.93	0
378	2021-01-18	7.93	7.93	7.93	7.93	0
379	2021-01-19	7.93	7.93	7.93	7.93	0
380	2021-01-20	7.93	7.93	7.93	7.93	0
381	2021-01-21	7.95	8.38	8.38	8.38	0
382	2021-01-22	7.95	7.95	7.95	7.95	0
383	2021-01-25	7.95	8.38	8.38	8.38	0
384	2021-01-26	7.95	8.38	8.38	8.38	0
385	2021-01-27	7.95	8.38	8.38	8.38	0
386	2021-01-28	7.95	8.38	8.38	8.38	0
387	2021-01-29	7.95	8.38	8.38	8.38	0
388	2021-02-01	7.95	8.38	8.38	8.38	0
389	2021-02-02	7.95	8.38	8.38	8.38	0
390	2021-02-03	7.95	8.38	8.38	8.38	0
391	2021-02-04	7.95	8.38	8.38	8.38	0
392	2021-02-05	7.95	8.38	8.38	8.38	0
393	2021-02-08	7.95	8.38	8.38	8.38	0
394	2021-02-09	7.95	8.38	8.38	8.38	0
395	2021-02-17	7.95	7.95	7.95	7.95	0
396	2021-02-18	7.95	8.38	8.38	8.38	0
397	2021-02-19	7.95	8.38	8.38	8.38	0
398	2021-02-22	7.95	8.38	8.38	8.38	0
399	2021-02-23	7.95	8.38	8.38	8.38	0
400	2021-02-24	7.95	8.38	8.38	8.38	0
401	2021-02-25	7.95	8.38	8.38	8.38	0
402	2021-02-26	7.95	8.38	8.38	8.38	0
403	2021-03-01	7.95	8.38	8.38	8.38	0
404	2021-03-02	7.95	8.38	8.38	8.38	0
405	2021-03-03	7.95	8.38	8.38	8.38	0
406	2021-03-04	7.95	8.38	8.38	8.38	0
407	2021-03-05	7.95	8.38	8.38	8.38	0
408	2021-03-08	7.95	8.38	8.38	8.38	0
409	2021-03-09	7.95	8.38	8.38	8.38	0
410	2021-03-10	7.95	8.38	8.38	8.38	0
411	2021-03-11	7.95	8.38	8.38	8.38	0
412	2021-03-12	7.95	8.38	8.38	8.38	0
413	2021-03-15	7.95	8.38	8.38	8.38	0
414	2021-03-16	7.95	8.38	8.38	8.38	0
415	2021-03-17	7.95	8.38	8.38	8.38	0
416	2021-03-18	7.95	8.38	8.38	8.38	0
417	2021-03-19	7.95	8.38	8.38	8.38	0
418	2021-03-22	7.95	8.38	8.38	8.38	0
419	2021-03-23	7.95	8.38	8.38	8.38	0
420	2021-03-24	7.95	8.38	8.38	8.38	0
421	2021-03-25	7.95	8.38	8.38	8.38	0
422	2021-03-26	7.95	8.38	8.38	8.38	0
423	2021-03-29	7.95	8.38	8.38	8.38	0
424	2021-03-30	7.95	8.38	8.38	8.38	0
425	2021-03-31	7.95	8.38	8.38	8.38	0
426	2021-04-01	7.95	8.38	8.38	8.38	0
427	2021-04-02	7.95	8.38	8.38	8.38	0
428	2021-04-05	7.95	8.38	8.38	8.38	0
429	2021-04-06	7.95	8.38	8.38	8.38	0
430	2021-04-07	7.95	8.38	8.38	8.38	0
431	2021-04-08	7.95	8.38	8.38	8.38	0
432	2021-04-09	7.95	8.38	8.38	8.38	0
433	2021-04-12	7.95	8.38	8.38	8.38	0
434	2021-04-13	7.95	8.38	8.38	8.38	0
435	2021-04-14	7.95	8.38	8.38	8.38	0
436	2021-04-15	7.95	8.38	8.38	8.38	0
437	2021-04-16	7.95	8.38	8.38	8.38	0
438	2021-04-19	7.95	8.38	8.38	8.38	0
439	2021-04-20	7.95	8.38	8.38	8.38	0
440	2021-04-22	7.95	8.38	8.38	8.38	0
441	2021-04-23	7.95	8.38	8.38	8.38	0
442	2021-04-26	7.95	8.38	8.38	8.38	0
443	2021-04-27	7.95	8.38	8.38	8.38	0
444	2021-04-28	7.95	8.38	8.38	8.38	0
445	2021-04-29	7.95	8.38	8.38	8.38	0
446	2021-05-04	7.95	8.38	8.38	8.38	0
447	2021-05-05	7.95	8.38	8.38	8.38	0
448	2021-05-06	7.95	8.38	8.38	8.38	0
449	2021-05-07	7.95	8.38	8.38	8.38	0
450	2021-05-10	7.95	8.38	8.38	8.38	0
451	2021-05-11	7.95	8.38	8.38	8.38	0
452	2021-05-12	7.95	8.38	8.38	8.38	0
453	2021-05-13	7.95	8.38	8.38	8.38	0
454	2021-05-14	7.95	8.38	8.38	8.38	0
455	2021-05-17	7.95	8.38	8.38	8.38	0
456	2021-05-18	7.95	8.38	8.38	8.38	0
457	2021-05-19	7.95	8.38	8.38	8.38	0
458	2021-05-20	7.95	8.38	8.38	8.38	0
459	2021-05-21	7.95	8.38	8.38	8.38	0
460	2021-05-24	7.95	8.38	8.38	8.38	0
461	2021-05-25	7.95	8.38	8.38	8.38	0
462	2021-05-26	7.95	8.38	8.38	8.38	0
463	2021-05-27	7.95	8.38	8.38	8.38	0
464	2021-05-28	7.95	8.38	8.38	8.38	0
465	2021-05-31	7.95	8.38	8.38	8.38	0
466	2021-06-01	7.95	8.38	8.38	8.38	0
467	2021-06-02	7.95	8.38	8.38	8.38	0
468	2021-06-03	7.95	8.38	8.38	8.38	0
469	2021-06-04	7.95	8.38	8.38	8.38	0
470	2021-06-07	7.95	8.38	8.38	8.38	0
471	2021-06-08	7.95	8.38	8.38	8.38	0
472	2021-06-09	7.95	8.38	8.38	8.38	0
473	2021-06-10	7.95	8.38	8.38	8.38	0
474	2021-06-11	7.95	8.38	8.38	8.38	0
475	2021-06-14	7.95	8.38	8.38	8.38	0
476	2021-06-15	7.95	8.38	8.38	8.38	0
477	2021-06-16	7.95	8.38	8.38	8.38	0
478	2021-06-17	7.95	8.38	8.38	8.38	0
479	2021-06-18	7.95	8.38	8.38	8.38	0
480	2021-06-21	5.73	5.73	5.73	5.73	400
481	2021-06-22	5.37	5.37	5.37	5.37	600
482	2021-06-23	5.37	5.37	5.37	5.37	0
483	2021-06-24	5.37	5.37	5.37	5.37	0
484	2021-06-25	5.37	5.37	5.37	5.37	0
485	2021-06-28	5.01	5.01	5.01	5.01	1300
486	2021-06-29	5.01	5.01	5.01	5.01	0
487	2021-06-30	5.01	5.01	5.01	5.01	0
488	2021-07-01	5.01	5.01	5.01	5.01	0
489	2021-07-02	5.01	5.01	5.01	5.01	0
490	2021-07-05	5.01	5.01	5.01	5.01	0
491	2021-07-06	5.01	5.01	5.01	5.01	0
492	2021-07-07	5.01	5.01	5.01	5.01	0
493	2021-07-08	5.01	5.01	5.01	5.01	0
494	2021-07-09	5.01	5.01	5.01	5.01	0
495	2021-07-12	5.01	5.01	5.01	5.01	0
496	2021-07-13	5.01	5.01	5.01	5.01	0
497	2021-07-14	5.01	5.01	5.01	5.01	0
498	2021-07-15	5.01	5.01	5.01	5.01	0
499	2021-07-16	5.01	5.01	5.01	5.01	0
500	2021-07-19	5.01	5.01	5.01	5.01	0
501	2021-07-20	5.01	5.01	5.01	5.01	0
502	2021-07-21	5.01	5.01	5.01	5.01	0
503	2021-07-22	5.01	5.01	5.01	5.01	0
504	2021-07-23	5.01	5.01	5.01	5.01	0
505	2021-07-26	5.01	5.01	5.01	5.01	0
506	2021-07-27	5.01	5.01	5.01	5.01	0
507	2021-07-28	5.01	5.85	5.85	5.85	0
508	2021-07-29	5.01	5.85	5.85	5.85	0
509	2021-07-30	5.01	5.85	5.85	5.85	0
510	2021-08-02	5.01	5.01	5.01	5.01	0
511	2021-08-03	5.01	5.85	5.85	5.85	0
512	2021-08-04	5.01	5.85	5.85	5.85	0
513	2021-08-05	5.01	5.85	5.85	5.85	0
514	2021-08-06	5.01	5.85	5.85	5.85	0
515	2021-08-09	5.01	5.85	5.85	5.85	0
516	2021-08-10	5.01	5.85	5.85	5.85	0
517	2021-08-11	5.01	5.85	5.85	5.85	0
518	2021-08-12	5.01	5.85	5.85	5.85	0
519	2021-08-13	5.01	5.85	5.85	5.85	0
520	2021-08-16	5.01	5.85	5.85	5.85	0
521	2021-08-17	5.01	5.85	5.85	5.85	0
522	2021-08-18	5.01	5.85	5.85	5.85	0
523	2021-08-19	5.01	5.85	5.85	5.85	0
524	2021-08-20	5.01	5.01	5.01	5.01	0
525	2021-08-23	5.01	5.85	5.85	5.85	0
526	2021-08-24	5.01	5.85	5.85	5.85	0
527	2021-08-25	5.01	5.85	5.85	5.85	0
528	2021-08-26	5.01	5.85	5.85	5.85	0
529	2021-08-27	5.01	5.01	5.01	5.01	0
530	2021-08-30	5.01	5.01	5.01	5.01	0
531	2021-08-31	5.01	5.01	5.01	5.01	0
532	2021-09-01	5.01	5.01	5.01	5.01	0
533	2021-09-06	5.01	5.85	5.85	5.85	0
534	2021-09-07	5.01	5.85	5.85	5.85	0
535	2021-09-08	5.01	5.01	5.01	5.01	0
536	2021-09-09	5.01	5.01	5.01	5.01	0
537	2021-09-10	5.01	5.01	5.01	5.01	0
538	2021-09-13	5.01	5.01	5.01	5.01	0
539	2021-09-14	5.01	5.01	5.01	5.01	0
540	2021-09-15	5.01	5.01	5.01	5.01	0
541	2021-09-16	5.01	5.01	5.01	5.01	0
542	2021-09-17	5.01	5.01	5.01	5.01	0
543	2021-09-20	5.01	5.01	5.01	5.01	0
544	2021-09-21	5.01	5.01	5.01	5.01	0
545	2021-09-22	5.01	5.01	5.01	5.01	0
546	2021-09-23	5.01	5.01	5.01	5.01	0
547	2021-09-24	5.01	5.01	5.01	5.01	0
548	2021-09-27	5.01	5.01	5.01	5.01	0
549	2021-09-28	5.01	5.01	5.01	5.01	0
550	2021-09-29	5.01	5.01	5.01	5.01	0
551	2021-09-30	5.01	5.01	5.01	5.01	0
552	2021-10-01	5.01	5.01	5.01	5.01	0
553	2021-10-04	5.01	5.01	5.01	5.01	0
554	2021-10-05	5.01	5.01	5.01	5.01	0
555	2021-10-06	5.01	5.01	5.01	5.01	0
556	2021-10-07	5.01	5.01	5.01	5.01	0
557	2021-10-08	5.01	5.01	5.01	5.01	0
558	2021-10-11	5.01	5.01	5.01	5.01	0
559	2021-10-12	7.02	7.02	7.02	7.02	100
560	2021-10-13	8.02	8.02	8.02	8.02	100
561	2021-10-14	9.19	9.19	9.19	9.19	100
562	2021-10-15	10.53	10.53	10.53	10.53	100
563	2021-10-18	12.03	12.03	12.03	12.03	400
564	2021-10-19	12.62	13.79	12.54	13.79	3300
565	2021-10-20	15.04	15.21	15.04	15.21	1100
566	2021-10-21	17.38	17.47	17.38	17.47	3200
567	2021-10-22	18.3	18.55	14.96	18.39	1700
568	2021-10-25	15.04	17.55	15.04	15.04	900
569	2021-10-26	14.29	14.29	14.21	14.21	3900
570	2021-10-27	14.21	14.21	14.21	14.21	800
571	2021-10-28	14.21	15.04	14.21	15.04	4200
572	2021-10-29	15.04	15.04	15.04	15.04	1200
573	2021-11-01	14.29	14.29	14.21	14.21	2500
574	2021-11-02	14.29	14.71	14.29	14.71	400
575	2021-11-03	15.04	15.04	14.46	14.63	401
576	2021-11-04	14.79	14.79	14.79	14.79	0
577	2021-11-05	15.04	15.04	15.04	15.04	1000
578	2021-11-08	14.63	14.63	14.63	14.63	700
579	2021-11-09	15.04	16.05	15.04	16.05	3000
580	2021-11-10	17.22	17.22	16.88	16.88	800
581	2021-11-11	16.97	16.97	16.97	16.97	0
582	2021-11-12	15.04	15.04	15.04	15.04	1000
583	2021-11-15	15.04	15.04	15.04	15.04	2400
584	2021-11-16	15.04	15.04	15.04	15.04	1200
585	2021-11-17	15.04	15.46	15.04	15.04	7700
586	2021-11-18	15.13	15.46	15.13	15.46	2600
587	2021-11-19	15.46	15.46	15.46	15.46	800
588	2021-11-22	15.46	15.46	15.46	15.46	1900
589	2021-11-23	15.46	15.46	15.46	15.46	400
590	2021-11-24	15.46	15.46	15.46	15.46	3800
591	2021-11-25	15.54	15.88	15.54	15.88	1500
592	2021-11-26	15.8	15.88	15.8	15.88	4200
593	2021-11-29	15.8	15.8	15.8	15.8	4100
594	2021-11-30	15.04	15.8	15.04	15.8	900
595	2021-12-01	15.88	15.88	15.46	15.46	9700
596	2021-12-02	15.71	15.88	15.71	15.88	4000
597	2021-12-03	15.88	15.88	15.88	15.88	5000
598	2021-12-06	15.88	15.88	15.88	15.88	500
599	2021-12-07	15.88	15.88	15.88	15.88	600
600	2021-12-08	15.88	15.88	15.63	15.63	4100
601	2021-12-09	15.88	15.88	15.88	15.88	0
602	2021-12-10	15.88	15.88	15.88	15.88	1500
603	2021-12-13	15.88	15.88	15.88	15.88	600
604	2021-12-14	15.88	15.88	15.88	15.88	2900
605	2021-12-15	15.88	16.05	15.88	15.88	2500
606	2021-12-16	15.88	16.3	15.88	16.3	1501
607	2021-12-17	16.3	16.3	16.05	16.05	500
608	2021-12-20	16.21	16.21	16.21	16.21	1500
609	2021-12-21	16.21	16.21	16.13	16.21	1900
610	2021-12-22	16.21	16.21	16.21	16.21	500
611	2021-12-23	16.21	16.21	16.21	16.21	1000
612	2021-12-24	16.21	16.21	16.21	16.21	0
613	2021-12-27	16.21	16.21	16.21	16.21	0
614	2021-12-28	16.3	16.3	16.3	16.3	31525
615	2021-12-29	16.3	16.3	16.3	16.3	700
616	2021-12-30	16.3	16.3	16.3	16.3	0
617	2021-12-31	16.71	16.71	16.71	16.71	6500
618	2022-01-04	16.3	16.3	16.3	16.3	10500
619	2022-01-05	16.21	16.3	16.21	16.3	17627
620	2022-01-06	16.3	16.3	16.3	16.3	0
621	2022-01-07	16.3	16.3	16.3	16.3	6500
622	2022-01-10	16.38	16.38	16.38	16.38	1000
623	2022-01-11	16.38	16.38	16.38	16.38	0
624	2022-01-12	16.38	16.38	16.38	16.38	0
625	2022-01-13	16.38	16.38	16.38	16.38	0
626	2022-01-14	16.05	16.05	15.88	15.88	10100
627	2022-01-17	15.88	15.88	15.88	15.88	0
628	2022-01-18	15.88	15.88	15.88	15.88	0
629	2022-01-19	15.04	15.04	15.04	15.04	200
630	2022-01-20	15.46	15.46	15.04	15.04	1000
631	2022-01-21	15.29	15.29	15.29	15.29	0
632	2022-01-24	15.29	15.29	15.29	15.29	0
633	2022-01-25	15.04	15.04	15.04	15.04	500
634	2022-01-26	15.04	15.04	15.04	15.04	0
635	2022-01-27	15.04	15.04	15.04	15.04	0
636	2022-01-28	15.04	15.04	15.04	15.04	0
637	2022-02-07	15.04	15.04	15.04	15.04	0
638	2022-02-08	15.04	15.04	15.04	15.04	0
639	2022-02-09	15.04	15.04	15.04	15.04	0
640	2022-02-10	15.04	15.04	15.04	15.04	0
641	2022-02-11	15.04	15.04	15.04	15.04	0
642	2022-02-14	15.04	15.04	15.04	15.04	0
643	2022-02-15	15.04	15.04	15.04	15.04	0
644	2022-02-16	15.04	15.04	15.04	15.04	0
645	2022-02-17	15.04	15.04	15.04	15.04	0
646	2022-02-18	15.21	15.21	15.21	15.21	1800
647	2022-02-21	15.54	15.54	15.04	15.04	400
648	2022-02-22	15.04	15.04	15.04	15.04	500
649	2022-02-23	15.46	15.46	15.46	15.46	100
650	2022-02-24	15.46	15.46	15.46	15.46	100
651	2022-02-25	15.21	15.21	15.21	15.21	300
652	2022-02-28	15.21	15.21	15.21	15.21	0
653	2022-03-01	15.21	15.21	15.04	15.04	300
654	2022-03-02	15.04	15.04	15.04	15.04	300
655	2022-03-03	15.04	15.04	15.04	15.04	0
656	2022-03-04	15.29	15.38	15.29	15.38	600
657	2022-03-07	15.29	15.29	15.29	15.29	0
658	2022-03-08	15.29	15.29	15.29	15.29	0
659	2022-03-09	15.29	15.29	15.29	15.29	0
660	2022-03-10	15.29	15.29	15.29	15.29	0
661	2022-03-11	15.04	15.04	15.04	15.04	300
662	2022-03-14	15.04	15.04	15.04	15.04	0
663	2022-03-15	15.04	15.04	15.04	15.04	0
664	2022-03-16	15.04	15.04	15.04	15.04	0
665	2022-03-17	15.04	15.04	15.04	15.04	0
666	2022-03-18	15.04	15.04	15.04	15.04	0
667	2022-03-21	15.04	15.04	15.04	15.04	0
668	2022-03-22	15.04	15.04	15.04	15.04	0
669	2022-03-23	15.04	15.04	15.04	15.04	0
670	2022-03-24	15.04	15.04	15.04	15.04	0
671	2022-03-25	15.13	15.13	15.13	15.13	100
672	2022-03-28	15.46	15.46	15.46	15.46	500
673	2022-03-29	16.88	17.55	16.88	16.88	1400
674	2022-03-30	16.88	16.88	16.88	16.88	100
675	2022-03-31	16.88	16.88	16.88	16.88	0
676	2022-04-01	15.04	15.04	15.04	15.04	1000
677	2022-04-04	15.04	15.04	15.04	15.04	0
678	2022-04-05	15.04	15.04	15.04	15.04	0
679	2022-04-06	15.04	15.04	15.04	15.04	0
680	2022-04-07	15.88	15.88	15.88	15.88	100
681	2022-04-08	16.44	16.95	16.44	16.95	1300
682	2022-04-12	16.78	16.78	16.78	16.78	0
683	2022-04-13	16.78	16.78	16.78	16.78	0
684	2022-04-14	14.81	14.81	14.81	14.81	100
685	2022-04-15	14.81	14.81	14.81	14.81	1000
686	2022-04-18	14.89	14.89	14.89	14.89	300
687	2022-04-19	14.89	14.89	14.89	14.89	1
688	2022-04-20	14.89	14.89	14.89	14.89	0
689	2022-04-21	14.89	14.89	14.89	14.89	0
690	2022-04-22	14.89	14.89	14.89	14.89	100
691	2022-04-25	14.89	14.89	14.89	14.89	0
692	2022-04-26	14.89	14.89	14.89	14.89	100
693	2022-04-27	14.89	14.89	14.89	14.89	0
694	2022-04-28	14.89	14.89	14.89	14.89	0
695	2022-04-29	14.55	14.55	14.55	14.55	100
696	2022-05-04	14.55	14.55	14.55	14.55	0
697	2022-05-05	14.55	14.55	14.55	14.55	0
698	2022-05-06	14.55	14.55	14.55	14.55	0
699	2022-05-09	16.44	16.44	16.44	16.44	100
700	2022-05-10	14.72	14.72	14.72	14.72	200
701	2022-05-11	14.72	14.72	14.72	14.72	0
702	2022-05-12	14.72	14.72	14.72	14.72	0
703	2022-05-13	14.72	14.72	14.72	14.72	0
704	2022-05-16	14.72	14.72	14.72	14.72	0
705	2022-05-17	14.72	14.72	14.72	14.72	0
706	2022-05-18	14.55	14.55	14.55	14.55	200
707	2022-05-19	14.3	14.3	14.3	14.3	200
708	2022-05-20	14.3	14.3	14.3	14.3	0
709	2022-05-23	14.3	14.3	14.3	14.3	0
710	2022-05-24	14.3	14.3	14.3	14.3	0
711	2022-05-25	14.3	14.3	14.3	14.3	0
712	2022-05-26	14.3	14.3	14.3	14.3	0
713	2022-05-27	14.3	14.3	14.3	14.3	0
714	2022-05-30	14.3	14.3	14.3	14.3	0
715	2022-05-31	14.3	14.3	14.3	14.3	0
716	2022-06-01	14.3	14.3	14.3	14.3	0
717	2022-06-02	14.3	14.3	14.3	14.3	100
718	2022-06-03	14.3	14.3	14.3	14.3	0
719	2022-06-06	14.3	14.3	14.3	14.3	100
720	2022-06-07	14.3	14.3	14.3	14.3	0
721	2022-06-08	14.3	14.3	14.3	14.3	0
722	2022-06-09	14.3	14.3	14.3	14.3	0
723	2022-06-10	14.3	14.3	14.3	14.3	0
724	2022-06-13	13.7	13.7	13.7	13.7	400
725	2022-06-14	13.7	13.7	13.7	13.7	0
726	2022-06-15	13.7	13.7	13.7	13.7	0
727	2022-06-16	13.7	13.7	13.7	13.7	0
728	2022-06-17	13.7	13.7	13.7	13.7	0
729	2022-06-20	13.7	13.7	13.7	13.7	0
730	2022-06-21	13.7	13.7	13.7	13.7	61
731	2022-06-22	13.7	13.7	13.7	13.7	0
732	2022-06-23	13.7	13.7	13.7	13.7	0
733	2022-06-24	13.7	13.7	13.7	13.7	0
734	2022-06-27	13.7	13.7	13.7	13.7	0
735	2022-06-28	13.7	13.7	13.7	13.7	0
736	2022-06-29	13.7	13.7	13.7	13.7	0
737	2022-06-30	13.7	13.7	13.7	13.7	0
738	2022-07-01	13.7	13.7	13.7	13.7	0
739	2022-07-04	13.7	13.7	13.7	13.7	0
740	2022-07-05	13.7	13.7	13.7	13.7	0
741	2022-07-06	13.7	13.7	13.7	13.7	0
742	2022-07-07	13.7	13.7	13.7	13.7	0
743	2022-07-08	15.41	15.41	15.41	15.41	100
744	2022-07-11	15.41	15.41	15.41	15.41	0
745	2022-07-12	15.41	15.41	15.41	15.41	0
746	2022-07-13	15.41	15.41	15.41	15.41	0
747	2022-07-14	15.41	15.41	15.41	15.41	0
748	2022-07-15	15.41	15.41	15.41	15.41	0
749	2022-07-18	15.41	15.41	15.41	15.41	0
750	2022-07-19	15.41	15.41	15.41	15.41	0
751	2022-07-20	15.41	15.41	15.41	15.41	0
752	2022-07-21	15.41	15.41	15.41	15.41	0
753	2022-07-22	15.41	15.41	15.41	15.41	0
754	2022-07-25	15.41	15.41	15.41	15.41	0
755	2022-07-26	15.41	15.41	15.41	15.41	0
756	2022-07-27	15.41	15.41	15.41	15.41	0
757	2022-07-28	15.41	15.41	15.41	15.41	0
758	2022-07-29	15.41	15.41	15.41	15.41	0
759	2022-08-01	15.41	15.41	15.41	15.41	0
760	2022-08-02	15.41	15.41	15.41	15.41	0
761	2022-08-03	15.41	15.41	15.41	15.41	0
762	2022-08-04	15.41	15.41	15.41	15.41	0
763	2022-08-05	15.41	15.41	15.41	15.41	0
764	2022-08-08	15.41	15.41	15.41	15.41	0
765	2022-08-09	15.41	15.41	15.41	15.41	0
766	2022-08-10	15.41	15.41	15.41	15.41	0
767	2022-08-11	15.41	15.41	15.41	15.41	0
768	2022-08-12	15.41	15.41	15.41	15.41	0
769	2022-08-15	16.32	16.5	16.32	16.5	322
770	2022-08-16	16.32	16.32	16.32	16.32	200
771	2022-08-17	16.32	16.32	16.32	16.32	0
772	2022-08-18	16.32	16.32	16.32	16.32	200
773	2022-08-19	16.23	16.23	16.23	16.23	100
774	2022-08-22	16.23	16.23	16.23	16.23	0
775	2022-08-23	15.68	15.77	15.68	15.77	600
776	2022-08-24	15.68	15.68	15.68	15.68	0
777	2022-08-25	15.77	15.77	15.77	15.77	200
778	2022-08-26	15.86	15.86	15.86	15.86	100
779	2022-08-29	15.86	15.86	15.86	15.86	0
780	2022-08-30	15.86	15.86	15.86	15.86	0
781	2022-08-31	15.77	15.77	15.77	15.77	100
782	2022-09-05	15.77	15.77	15.77	15.77	0
783	2022-09-06	15.77	15.77	15.77	15.77	0
784	2022-09-07	15.77	15.77	15.77	15.77	0
785	2022-09-08	15.77	15.77	15.77	15.77	0
786	2022-09-09	15.77	15.77	15.77	15.77	0
787	2022-09-12	15.77	15.77	15.77	15.77	0
788	2022-09-13	15.77	15.77	15.77	15.77	0
789	2022-09-14	15.77	15.77	15.77	15.77	0
790	2022-09-15	15.77	15.77	15.77	15.77	0
791	2022-09-16	15.86	16.04	15.86	16.04	5000
792	2022-09-19	15.95	15.95	15.95	15.95	0
793	2022-09-20	15.95	15.95	15.95	15.95	0
794	2022-09-21	15.95	15.95	15.95	15.95	0
795	2022-09-22	15.95	15.95	15.95	15.95	0
796	2022-09-23	15.86	15.86	15.86	15.86	200
797	2022-09-26	15.86	15.86	15.86	15.86	0
798	2022-09-27	15.86	15.86	15.86	15.86	0
799	2022-09-28	15.86	15.86	15.86	15.86	0
800	2022-09-29	15.86	15.86	15.86	15.86	0
801	2022-09-30	15.86	15.86	15.86	15.86	0
802	2022-10-03	15.86	15.86	15.86	15.86	0
803	2022-10-04	15.86	15.86	15.86	15.86	0
804	2022-10-05	15.86	15.86	15.86	15.86	0
805	2022-10-06	15.86	15.86	15.86	15.86	0
806	2022-10-07	15.86	15.86	15.86	15.86	0
807	2022-10-10	15.86	15.86	15.86	15.86	0
808	2022-10-11	15.86	15.86	15.86	15.86	0
809	2022-10-12	15.86	15.86	15.86	15.86	0
810	2022-10-13	15.86	15.86	15.86	15.86	0
811	2022-10-14	15.86	15.86	15.86	15.86	0
812	2022-10-17	15.86	15.86	15.86	15.86	0
813	2022-10-18	15.86	15.86	15.86	15.86	0
814	2022-10-19	15.86	15.86	15.86	15.86	0
815	2022-10-20	15.86	15.86	15.86	15.86	0
816	2022-10-21	15.86	15.86	15.86	15.86	0
817	2022-10-24	15.86	15.86	15.86	15.86	1
818	2022-10-25	15.86	15.86	15.86	15.86	0
819	2022-10-26	15.86	15.86	15.86	15.86	0
820	2022-10-27	15.86	15.86	15.86	15.86	0
821	2022-10-28	15.86	15.86	15.86	15.86	0
822	2022-10-31	15.86	15.86	15.86	15.86	0
823	2022-11-01	15.86	15.86	15.86	15.86	0
824	2022-11-02	15.86	15.86	15.86	15.86	0
825	2022-11-03	15.86	15.86	15.86	15.86	0
826	2022-11-04	15.86	15.86	15.86	15.86	0
827	2022-11-07	15.86	15.86	15.86	15.86	0
828	2022-11-08	15.86	15.86	15.86	15.86	0
829	2022-11-09	16.32	16.32	16.32	16.32	400
830	2022-11-10	16.32	16.32	16.32	16.32	0
831	2022-11-11	16.32	16.32	16.32	16.32	0
832	2022-11-14	16.32	16.32	16.32	16.32	0
833	2022-11-15	16.32	16.32	16.32	16.32	2000
834	2022-11-16	16.32	16.32	16.32	16.32	700
835	2022-11-17	16.32	16.32	16.32	16.32	0
836	2022-11-18	16.32	16.32	16.32	16.32	500
837	2022-11-21	16.32	16.5	16.32	16.5	900
838	2022-11-22	16.59	16.77	16.59	16.77	500
839	2022-11-23	16.77	16.77	16.77	16.77	2100
840	2022-11-24	16.77	16.86	16.77	16.86	900
841	2022-11-25	16.77	16.77	16.77	16.77	695
842	2022-11-28	16.77	16.77	16.77	16.77	0
843	2022-11-29	16.86	16.95	16.86	16.95	906
844	2022-11-30	16.86	16.86	16.86	16.86	0
845	2022-12-01	16.86	16.95	16.86	16.95	500
846	2022-12-02	16.95	16.95	16.95	16.95	0
847	2022-12-05	16.95	16.95	16.95	16.95	0
848	2022-12-06	16.95	16.95	16.95	16.95	500
849	2022-12-07	16.95	16.95	16.95	16.95	0
850	2022-12-08	16.95	16.95	16.95	16.95	0
851	2022-12-09	16.95	16.95	16.95	16.95	506
852	2022-12-12	16.95	16.95	16.95	16.95	0
853	2022-12-13	16.95	16.95	16.95	16.95	0
854	2022-12-14	16.95	16.95	16.95	16.95	0
855	2022-12-15	16.95	16.95	16.95	16.95	0
856	2022-12-16	16.95	16.95	16.95	16.95	2300
857	2022-12-19	15.86	15.86	15.86	15.86	200
858	2022-12-20	15.86	15.86	15.86	15.86	0
859	2022-12-21	15.86	15.86	15.86	15.86	0
860	2022-12-22	15.86	15.86	15.86	15.86	0
861	2022-12-23	15.86	15.86	15.86	15.86	0
862	2022-12-26	16.32	16.32	16.32	16.32	300
863	2022-12-27	16.32	16.32	16.32	16.32	0
864	2022-12-28	16.32	16.32	16.32	16.32	0
865	2022-12-29	16.32	16.32	16.32	16.32	0
866	2022-12-30	16.32	16.32	16.32	16.32	0
867	2023-01-03	16.32	16.32	16.32	16.32	0
868	2023-01-04	16.32	16.32	16.32	16.32	0
869	2023-01-05	16.32	16.32	16.32	16.32	0
870	2023-01-06	16.32	16.32	16.32	16.32	0
871	2023-01-09	16.32	16.32	16.32	16.32	0
872	2023-01-10	16.32	16.32	16.32	16.32	0
873	2023-01-11	16.32	16.32	16.32	16.32	0
874	2023-01-12	16.32	16.32	16.32	16.32	0
875	2023-01-13	16.32	16.32	16.32	16.32	0
876	2023-01-16	16.32	16.32	16.32	16.32	0
877	2023-01-17	16.32	16.32	16.32	16.32	20
878	2023-01-18	16.32	16.32	16.32	16.32	0
879	2023-01-19	16.32	16.32	16.32	16.32	13
880	2023-01-27	16.32	16.32	16.32	16.32	1
881	2023-01-30	16.32	16.32	16.32	16.32	0
882	2023-01-31	16.77	16.86	16.77	16.86	3000
883	2023-02-01	16.86	16.86	16.86	16.86	0
884	2023-02-02	16.86	16.86	16.86	16.86	0
885	2023-02-03	16.86	16.86	16.86	16.86	0
886	2023-02-06	17.04	17.22	17.04	17.22	2000
887	2023-02-07	17.13	17.13	17.13	17.13	0
888	2023-02-08	17.22	17.22	17.22	17.22	500
889	2023-02-09	17.22	17.22	17.22	17.22	300
890	2023-02-10	17.22	17.22	17.22	17.22	1000
891	2023-02-13	17.31	17.31	17.31	17.31	300
892	2023-02-14	17.31	17.31	17.31	17.31	0
893	2023-02-15	17.31	17.31	17.31	17.31	0
894	2023-02-16	14.77	14.77	14.77	14.77	100
895	2023-02-17	15.86	16.32	15.86	16.32	200
896	2023-02-20	16.13	16.13	16.13	16.13	0
897	2023-02-21	16.13	16.13	16.13	16.13	0
898	2023-02-22	16.13	16.13	16.13	16.13	100
899	2023-02-23	16.77	16.77	16.77	16.77	200
900	2023-02-24	16.32	16.77	16.32	16.77	300
901	2023-02-27	16.32	16.86	16.32	16.86	800
902	2023-02-28	16.77	16.77	16.77	16.77	0
903	2023-03-01	16.95	16.95	16.95	16.95	400
904	2023-03-02	16.95	16.95	16.95	16.95	0
905	2023-03-03	16.95	16.95	16.95	16.95	0
906	2023-03-06	16.95	16.95	16.95	16.95	0
907	2023-03-07	16.95	16.95	16.95	16.95	0
908	2023-03-08	16.95	16.95	16.95	16.95	0
909	2023-03-09	16.95	16.95	16.95	16.95	0
910	2023-03-10	16.95	16.95	16.95	16.95	0
911	2023-03-13	16.95	17.13	16.95	17.13	1000
912	2023-03-14	17.04	17.04	17.04	17.04	0
913	2023-03-15	17.04	17.04	17.04	17.04	0
914	2023-03-16	17.13	17.13	17.13	17.13	500
915	2023-03-17	17.22	17.22	17.22	17.22	1000
916	2023-03-20	17.22	17.22	17.22	17.22	0
917	2023-03-21	17.22	17.22	17.22	17.22	0
918	2023-03-22	17.22	17.22	17.22	17.22	0
919	2023-03-23	17.22	17.22	17.22	17.22	300
920	2023-03-24	17.4	17.4	17.4	17.4	300
921	2023-03-27	17.4	17.4	17.4	17.4	0
922	2023-03-28	17.4	17.4	17.4	17.4	0
923	2023-03-29	17.4	17.4	17.4	17.4	0
924	2023-03-30	17.4	17.4	17.4	17.4	0
925	2023-03-31	17.4	17.4	17.4	17.4	0
926	2023-04-03	17.4	17.4	17.4	17.4	0
927	2023-04-04	17.45	17.45	17.45	17.45	0
928	2023-04-05	17.45	17.45	17.45	17.45	0
929	2023-04-06	17.45	17.45	17.45	17.45	0
930	2023-04-07	17.45	17.45	17.45	17.45	0
931	2023-04-10	17.63	17.63	17.63	17.63	500
932	2023-04-11	17.63	17.63	17.63	17.63	0
933	2023-04-12	17.63	17.63	17.63	17.63	0
934	2023-04-13	17.63	17.63	17.63	17.63	0
935	2023-04-14	17.63	17.63	17.63	17.63	0
936	2023-04-17	17.63	17.63	17.63	17.63	0
937	2023-04-18	17.63	17.63	17.63	17.63	600
938	2023-04-19	17.63	17.63	17.63	17.63	0
939	2023-04-20	17.63	17.63	17.63	17.63	0
940	2023-04-21	17.63	17.63	17.63	17.63	0
941	2023-04-24	17.63	17.63	17.63	17.63	0
942	2023-04-25	17.63	17.63	17.63	17.63	0
943	2023-04-26	17.63	17.63	17.63	17.63	0
944	2023-04-27	17.63	17.63	17.63	17.63	0
945	2023-04-28	17.63	17.63	17.63	17.63	0
946	2023-05-04	17.63	17.63	17.63	17.63	0
947	2023-05-05	17.63	17.63	17.63	17.63	0
948	2023-05-08	17.63	17.63	17.63	17.63	0
949	2023-05-09	17.63	17.63	17.63	17.63	0
950	2023-05-10	17.63	17.63	17.63	17.63	0
951	2023-05-11	17.63	17.63	17.63	17.63	0
952	2023-05-12	17.63	17.63	17.63	17.63	0
953	2023-05-15	17.63	17.63	17.63	17.63	0
954	2023-05-16	17.63	17.63	17.63	17.63	0
955	2023-05-17	17.63	17.63	17.63	17.63	0
956	2023-05-18	18.1	18.1	17.63	17.82	15100
957	2023-05-19	17.82	17.82	17.82	17.82	0
958	2023-05-22	17.82	17.82	17.82	17.82	0
959	2023-05-23	17.82	17.82	17.82	17.82	0
960	2023-05-24	17.82	17.82	17.82	17.82	0
961	2023-05-25	17.82	17.82	17.82	17.82	600
962	2023-05-26	17.82	17.82	17.82	17.82	0
963	2023-05-29	17.82	17.82	17.82	17.82	100
964	2023-05-30	17.82	17.82	17.82	17.82	0
965	2023-05-31	17.82	17.82	17.82	17.82	0
966	2023-06-01	17.82	17.82	17.82	17.82	0
967	2023-06-02	17.82	17.82	17.82	17.82	0
968	2023-06-05	17.82	17.82	17.82	17.82	0
969	2023-06-06	17.82	17.82	17.82	17.82	0
970	2023-06-07	17.82	17.82	17.82	17.82	0
971	2023-06-08	17.82	17.82	17.82	17.82	0
972	2023-06-09	17.82	17.82	17.82	17.82	0
973	2023-06-12	17.82	17.82	17.82	17.82	0
974	2023-06-13	17.82	17.82	17.82	17.82	0
975	2023-06-14	17.82	17.82	17.82	17.82	0
976	2023-06-15	17.82	17.82	17.82	17.82	0
977	2023-06-16	17.82	17.82	17.82	17.82	0
978	2023-06-19	17.82	17.82	17.82	17.82	200
979	2023-06-20	17.82	17.82	17.82	17.82	0
980	2023-06-21	17.82	17.82	17.82	17.82	0
981	2023-06-22	17.82	17.82	17.82	17.82	0
982	2023-06-23	17.82	17.82	17.82	17.82	0
983	2023-06-26	17.82	17.82	17.82	17.82	0
984	2023-06-27	17.82	17.82	17.82	17.82	0
985	2023-06-28	17.82	17.82	17.82	17.82	0
986	2023-06-29	17.82	17.82	17.82	17.82	0
987	2023-06-30	17.82	17.82	17.82	17.82	0
988	2023-07-03	17.82	17.82	17.82	17.82	0
989	2023-07-04	17.82	17.82	17.82	17.82	0
990	2023-07-05	17.82	17.82	17.82	17.82	0
991	2023-07-06	17.82	17.82	17.82	17.82	0
992	2023-07-07	17.82	17.82	17.82	17.82	0
993	2023-07-10	17.82	17.82	17.82	17.82	0
994	2023-07-11	17.82	17.82	17.82	17.82	0
995	2023-07-12	17.82	17.82	17.82	17.82	0
996	2023-07-13	18.01	18.01	18.01	18.01	500
997	2023-07-14	18.01	18.01	18.01	18.01	0
998	2023-07-17	18.01	18.01	18.01	18.01	0
999	2023-07-18	18.01	18.01	18.01	18.01	0
1000	2023-07-19	18.1	18.1	18.1	18.1	300
1001	2023-07-20	18.1	18.1	18.1	18.1	100
1002	2023-07-21	18.1	18.1	18.1	18.1	0
1003	2023-07-24	18.28	18.56	18.28	18.56	400
1004	2023-07-25	18.38	18.38	18.38	18.38	0
1005	2023-07-26	18.56	18.56	18.56	18.56	1400
1006	2023-07-27	18.56	18.56	18.56	18.56	0
1007	2023-07-28	18.56	18.56	18.56	18.56	0
1008	2023-07-31	18.56	18.56	18.56	18.56	0
1009	2023-08-01	18.56	18.56	18.56	18.56	0
1010	2023-08-02	18.56	18.56	18.56	18.56	0
1011	2023-08-03	18.56	18.56	18.56	18.56	0
1012	2023-08-04	18.56	18.56	18.56	18.56	0
1013	2023-08-07	18.56	18.56	18.56	18.56	0
1014	2023-08-08	18.56	18.56	18.56	18.56	0
1015	2023-08-09	18.56	18.56	18.56	18.56	500
1016	2023-08-10	18.56	18.56	18.56	18.56	0
1017	2023-08-11	18.56	18.56	18.56	18.56	0
1018	2023-08-14	18.56	18.56	18.56	18.56	0
1019	2023-08-15	18.56	18.56	18.56	18.56	0
1020	2023-08-16	18.56	18.56	18.56	18.56	0
1021	2023-08-17	18.56	18.56	18.56	18.56	0
1022	2023-08-18	18.56	18.56	18.56	18.56	0
1023	2023-08-21	18.56	18.56	18.56	18.56	0
1024	2023-08-22	18.56	18.56	18.56	18.56	0
1025	2023-08-23	18.56	18.56	18.56	18.56	100
1026	2023-08-24	18.56	18.56	18.56	18.56	1000
1027	2023-08-25	18.56	18.56	18.56	18.56	100
1028	2023-08-28	18.56	18.56	18.56	18.56	0
1029	2023-08-29	18.56	18.56	18.56	18.56	0
1030	2023-08-30	18.56	18.56	18.56	18.56	0
1031	2023-08-31	18.56	18.56	18.56	18.56	0
1032	2023-09-05	18.56	18.56	18.56	18.56	0
1033	2023-09-06	18.56	18.56	18.56	18.56	0
1034	2023-09-07	18.56	18.56	18.56	18.56	0
1035	2023-09-08	18.56	18.56	18.56	18.56	0
1036	2023-09-11	18.56	18.56	18.56	18.56	0
1037	2023-09-12	18.56	18.56	18.56	18.56	0
1038	2023-09-13	18.56	18.56	18.56	18.56	0
1039	2023-09-14	18.56	18.56	18.56	18.56	0
1040	2023-09-15	18.56	18.56	18.56	18.56	0
1041	2023-09-18	19.54	19.54	19.54	19.54	3300
1042	2023-09-19	19.54	19.54	19.54	19.54	0
1043	2023-09-20	19.54	19.54	19.54	19.54	9
1044	2023-09-21	19.54	19.54	19.54	19.54	1
1045	2023-09-22	19.05	19.54	19.05	19.54	1100
1046	2023-09-25	19.05	19.05	19.05	19.05	500
1047	2023-09-26	19.05	19.05	19.05	19.05	0
1048	2023-09-27	19.64	19.64	19.64	19.64	500
1049	2023-09-28	19.64	19.64	19.64	19.64	0
1050	2023-09-29	19.64	19.64	19.64	19.64	0
1051	2023-10-02	22.28	22.28	22.28	22.28	100
1052	2023-10-03	22.28	22.28	22.28	22.28	0
1053	2023-10-04	22.28	22.28	22.28	22.28	0
1054	2023-10-05	25.6	25.6	25.6	25.6	100
1055	2023-10-06	25.6	25.6	25.6	25.6	0
1056	2023-10-09	25.6	25.6	25.6	25.6	0
1057	2023-10-10	25.6	25.6	25.6	25.6	0
1058	2023-10-11	25.6	25.6	25.6	25.6	0
1059	2023-10-12	25.6	25.6	25.6	25.6	0
1060	2023-10-13	25.6	25.6	25.6	25.6	0
1061	2023-10-16	25.6	25.6	25.6	25.6	0
1062	2023-10-17	25.6	25.6	25.6	25.6	0
1063	2023-10-18	25.6	25.6	25.6	25.6	0
1064	2023-10-19	25.6	25.6	25.6	25.6	0
1065	2023-10-20	21.79	21.79	21.79	21.79	100
1066	2023-10-23	18.66	19.54	18.56	19.54	12316
1067	2023-10-24	22.08	22.08	22.08	22.08	100
1068	2023-10-25	18.86	19.64	18.86	19.64	1000
1069	2023-10-26	22.47	22.47	22.47	22.47	100
1070	2023-10-27	22.47	22.47	22.47	22.47	0
1071	2023-10-30	19.15	19.15	19.15	19.15	100
1072	2023-10-31	16.61	16.61	16.61	16.61	100
1073	2023-11-01	19.05	19.05	19.05	19.05	100
1074	2023-11-02	16.22	18.56	16.22	18.56	200
1075	2023-11-03	19.74	19.74	19.54	19.54	900
1076	2023-11-06	19.54	19.54	19.54	19.54	0
1077	2023-11-07	20.32	20.32	20.32	20.32	100
1078	2023-11-08	17.59	19.15	17.59	19.15	200
1079	2023-11-09	21.01	21.01	21.01	21.01	100
1080	2023-11-10	19.34	19.34	19.25	19.25	500
1081	2023-11-13	19.34	19.34	19.34	19.34	0
1082	2023-11-14	19.34	19.34	19.34	19.34	0
1083	2023-11-15	19.34	19.34	19.34	19.34	0
1084	2023-11-16	19.34	19.34	19.34	19.34	0
1085	2023-11-17	22.18	22.18	22.18	22.18	101
1086	2023-11-20	25.4	25.4	25.4	25.4	100
1087	2023-11-21	25.4	25.4	25.4	25.4	0
1088	2023-11-22	25.4	25.4	25.4	25.4	0
1089	2023-11-23	21.59	29.21	21.59	29.21	800
1090	2023-11-24	25.4	25.4	25.4	25.4	0
1091	2023-11-27	25.4	25.4	25.4	25.4	0
1092	2023-11-28	25.4	25.4	25.4	25.4	0
1093	2023-11-29	25.4	25.4	25.4	25.4	0
1094	2023-11-30	25.4	25.4	25.4	25.4	0
1095	2023-12-01	25.4	25.4	25.4	25.4	0
1096	2023-12-04	25.4	25.4	25.4	25.4	0
1097	2023-12-05	25.4	25.4	25.4	25.4	0
1098	2023-12-06	25.4	25.4	25.4	25.4	0
1099	2023-12-07	25.4	25.4	25.4	25.4	0
1100	2023-12-08	25.4	25.4	25.4	25.4	0
1101	2023-12-11	25.4	25.4	25.4	25.4	0
1102	2023-12-12	25.4	25.4	25.4	25.4	0
1103	2023-12-13	25.4	25.4	25.4	25.4	0
1104	2023-12-14	25.4	25.4	25.4	25.4	0
1105	2023-12-15	21.59	21.59	21.59	21.59	100
1106	2023-12-18	18.56	19.54	18.56	19.54	10300
1107	2023-12-19	18.76	18.76	18.76	18.76	4000
1108	2023-12-20	19.83	19.83	19.83	19.83	100
1109	2023-12-21	22.76	22.76	22.76	22.76	100
1110	2023-12-22	22.76	22.76	22.76	22.76	0
1111	2023-12-25	19.44	19.44	19.44	19.44	700
1112	2023-12-26	19.44	19.44	19.44	19.44	1000
1113	2023-12-27	19.44	19.44	19.44	19.44	200
1114	2023-12-28	19.44	19.44	19.44	19.44	0
1115	2023-12-29	19.44	19.44	19.44	19.44	0
1116	2024-01-02	19.44	19.44	19.44	19.44	0
1117	2024-01-03	19.44	19.44	19.44	19.44	0
1118	2024-01-04	19.44	19.44	19.44	19.44	0
1119	2024-01-05	19.44	19.64	19.44	19.64	1500
1120	2024-01-08	19.54	19.54	19.54	19.54	0
1121	2024-01-09	19.54	19.54	19.54	19.54	0
1122	2024-01-10	19.54	19.54	19.54	19.54	0
1123	2024-01-11	19.54	19.54	19.54	19.54	0
1124	2024-01-12	19.54	19.54	19.54	19.54	0
1125	2024-01-15	19.54	19.54	19.54	19.54	0
1126	2024-01-16	19.54	19.54	19.54	19.54	0
1127	2024-01-17	19.54	19.54	19.54	19.54	0
1128	2024-01-18	19.54	19.54	19.54	19.54	0
1129	2024-01-19	19.54	19.54	19.54	19.54	0
1130	2024-01-22	19.54	19.54	19.54	19.54	0
1131	2024-01-23	19.54	19.54	19.54	19.54	0
1132	2024-01-24	19.54	19.54	19.54	19.54	0
1133	2024-01-25	19.54	19.74	19.54	19.74	1100
1134	2024-01-26	19.54	19.54	19.54	19.54	0
1135	2024-01-29	19.54	19.54	19.54	19.54	0
1136	2024-01-30	19.54	19.54	19.54	19.54	0
1137	2024-01-31	19.54	19.54	19.54	19.54	0
1138	2024-02-01	19.54	19.54	19.54	19.54	0
1139	2024-02-02	19.54	19.54	19.54	19.54	1
1140	2024-02-05	19.54	19.54	19.54	19.54	0
1141	2024-02-06	19.54	19.54	19.54	19.54	0
1142	2024-02-07	19.54	19.54	19.54	19.54	0
1143	2024-02-15	19.54	19.54	19.54	19.54	0
1144	2024-02-16	19.54	19.54	19.54	19.54	900
1145	2024-02-19	19.44	19.54	19.44	19.54	3500
1146	2024-02-20	19.54	19.54	19.54	19.54	100
1147	2024-02-21	19.54	19.54	19.54	19.54	0
1148	2024-02-22	19.54	19.54	19.54	19.54	0
1149	2024-02-23	19.54	19.54	19.54	19.54	4200
1150	2024-02-26	19.54	19.54	19.54	19.54	0
1151	2024-02-27	19.54	19.54	19.54	19.54	0
1152	2024-02-28	19.54	19.54	19.54	19.54	0
1153	2024-02-29	19.54	19.54	19.54	19.54	0
1154	2024-03-01	19.54	19.54	19.54	19.54	0
1155	2024-03-04	22.47	22.47	22.47	22.47	100
1156	2024-03-05	19.15	19.15	19.15	19.15	100
1157	2024-03-06	19.15	19.15	19.15	19.15	0
1158	2024-03-07	19.15	19.15	19.15	19.15	0
1159	2024-03-08	19.15	19.15	19.15	19.15	0
1160	2024-03-11	18.56	18.56	18.56	18.56	800
1161	2024-03-12	18.56	18.56	18.56	18.56	0
1162	2024-03-13	18.76	18.76	18.76	18.76	3000
1163	2024-03-14	18.76	18.76	18.76	18.76	0
1164	2024-03-15	18.76	18.76	18.76	18.76	0
1165	2024-03-18	18.76	18.76	18.76	18.76	0
1166	2024-03-19	18.76	18.76	18.76	18.76	0
1167	2024-03-20	18.76	18.76	18.76	18.76	0
1168	2024-03-21	18.76	18.76	18.76	18.76	0
1169	2024-03-22	16.61	16.61	16.61	16.61	100
1170	2024-03-25	16.61	16.61	16.61	16.61	0
1171	2024-03-26	16.61	16.61	16.61	16.61	0
1172	2024-03-27	16.61	16.61	16.61	16.61	0
1173	2024-03-28	18.95	18.95	18.95	18.95	100
1174	2024-03-29	19.05	19.05	19.05	19.05	100
1175	2024-04-01	19.05	19.05	19.05	19.05	0
1176	2024-04-02	19.15	19.15	19.15	19.15	4900
1177	2024-04-03	19.15	19.15	19.15	19.15	0
1178	2024-04-04	19.15	19.15	19.15	19.15	0
1179	2024-04-05	19.15	19.15	19.15	19.15	0
1180	2024-04-08	19.15	19.15	19.15	19.15	0
1181	2024-04-09	19.15	19.15	19.15	19.15	0
1182	2024-04-10	19.15	19.15	19.15	19.15	0
1183	2024-04-11	19.15	19.15	19.15	19.15	0
1184	2024-04-12	19.15	19.15	19.15	19.15	0
1185	2024-04-15	19.15	19.15	19.15	19.15	0
1186	2024-04-16	19.15	19.15	19.15	19.15	0
1187	2024-04-17	19.2	19.2	19.2	19.2	0
1188	2024-04-19	19.2	19.2	19.2	19.2	0
1189	2024-04-22	19.2	19.2	19.2	19.2	0
1190	2024-04-23	19.2	19.2	19.2	19.2	0
1191	2024-04-24	19.2	19.2	19.2	19.2	0
1192	2024-04-25	19.2	19.2	19.2	19.2	0
1193	2024-04-26	19.2	19.2	19.2	19.2	0
1194	2024-05-02	19.2	19.2	19.2	19.2	0
1195	2024-05-03	19.2	19.2	19.2	19.2	0
1196	2024-05-06	19.2	19.2	19.2	19.2	0
1197	2024-05-07	19.2	19.2	19.2	19.2	0
1198	2024-05-08	19.2	19.2	19.2	19.2	0
1199	2024-05-09	19.2	19.2	19.2	19.2	0
1200	2024-05-10	19.2	19.2	19.2	19.2	0
1201	2024-05-13	19.2	19.2	19.2	19.2	0
1202	2024-05-14	19.2	19.2	19.2	19.2	0
1203	2024-05-15	19.2	19.2	19.2	19.2	0
1204	2024-05-16	19.2	19.2	19.2	19.2	0
1205	2024-05-17	19.2	19.2	19.2	19.2	0
1206	2024-05-20	20.0	20.0	20.0	20.0	6500
1207	2024-05-21	17.0	19.0	17.0	19.0	300
1208	2024-05-22	18.3	18.3	18.3	18.3	0
1209	2024-05-23	18.3	18.3	18.3	18.3	0
1210	2024-05-24	18.3	18.3	18.3	18.3	0
1211	2024-05-27	18.3	18.3	18.3	18.3	0
1212	2024-05-28	18.3	18.3	18.3	18.3	0
1213	2024-05-29	18.3	18.3	18.3	18.3	0
1214	2024-05-30	18.3	18.3	18.3	18.3	0
1215	2024-05-31	18.3	18.3	18.3	18.3	0
1216	2024-06-03	16.5	16.5	16.5	16.5	100
1217	2024-06-04	16.5	16.5	16.5	16.5	0
1218	2024-06-05	17.0	17.0	17.0	17.0	100
1219	2024-06-06	15.3	19.4	15.3	19.4	200
1220	2024-06-07	14.9	14.9	14.9	14.9	100
1221	2024-06-10	17.1	17.1	17.1	17.1	100
1222	2024-06-11	17.1	17.1	17.1	17.1	100
1223	2024-06-12	15.0	15.0	15.0	15.0	100
1224	2024-06-13	15.0	15.0	15.0	15.0	0
1225	2024-06-14	15.0	15.0	15.0	15.0	0
1226	2024-06-17	15.0	15.0	15.0	15.0	0
1227	2024-06-18	15.0	15.0	15.0	15.0	0
1228	2024-06-19	15.0	15.0	15.0	15.0	0
1229	2024-06-20	15.0	15.0	15.0	15.0	0
1230	2024-06-21	15.0	15.0	15.0	15.0	0
1231	2024-06-24	17.2	17.2	17.2	17.2	2500
1232	2024-06-25	19.7	19.7	19.7	19.7	300
1233	2024-06-26	21.0	22.6	21.0	22.6	700
1234	2024-06-27	21.0	21.0	19.0	19.0	2123
1235	2024-06-28	17.3	17.3	17.3	17.3	100
1236	2024-07-01	17.3	17.3	17.3	17.3	0
1237	2024-07-02	19.7	19.7	19.7	19.7	100
1238	2024-07-03	19.7	19.7	19.7	19.7	100
1239	2024-07-04	19.7	19.7	19.7	19.7	0
1240	2024-07-05	21.0	21.0	21.0	21.0	310
1241	2024-07-08	21.0	21.0	21.0	21.0	300
1242	2024-07-09	21.0	21.0	21.0	21.0	300
1243	2024-07-10	21.0	21.0	21.0	21.0	0
1244	2024-07-11	21.0	21.0	21.0	21.0	200
1245	2024-07-12	20.9	21.3	20.9	21.3	200
1246	2024-07-15	21.3	21.3	21.3	21.3	100
1247	2024-07-16	21.3	21.3	21.3	21.3	0
1248	2024-07-17	21.3	21.3	21.3	21.3	0
1249	2024-07-18	21.3	21.3	21.3	21.3	0
1250	2024-07-19	20.7	20.7	20.7	20.7	200
1251	2024-07-22	20.7	20.7	20.7	20.7	0
1252	2024-07-23	20.7	20.7	20.7	20.7	0
1253	2024-07-24	20.7	20.7	20.7	20.7	0
1254	2024-07-25	21.0	21.0	21.0	21.0	100
1255	2024-07-26	20.5	20.5	20.5	20.5	100
1256	2024-07-30	18.0	18.0	18.0	18.0	100
1257	2024-08-01	20.5	20.5	20.5	20.5	300
1258	2024-08-05	20.0	20.0	20.0	20.0	100
1259	2024-08-21	21.0	21.0	21.0	21.0	500
1260	2024-08-22	20.0	20.0	20.0	20.0	100
1261	2024-09-06	20.0	20.0	20.0	20.0	500
1262	2024-09-11	20.1	20.1	20.1	20.1	6000
1263	2024-09-17	19.5	19.5	19.5	19.5	100
1264	2024-09-18	20.0	20.0	20.0	20.0	2500
1265	2024-09-19	20.0	20.0	20.0	20.0	1200
1266	2024-09-23	17.5	17.5	17.5	17.5	100
1267	2024-09-25	19.0	19.0	19.0	19.0	100
1268	2024-10-01	19.8	19.8	19.8	19.8	100
1269	2024-10-02	17.5	17.5	17.5	17.5	100
1270	2024-10-03	19.5	19.5	19.5	19.5	700
1271	2024-10-04	17.5	20.0	17.5	20.0	300
1272	2024-10-07	17.6	17.6	17.6	17.6	100
1273	2024-10-09	19.8	19.8	19.8	19.8	100
1274	2024-10-10	17.6	17.6	17.6	17.6	100
1275	2024-10-11	20.0	20.0	20.0	20.0	100
1276	2024-10-14	20.5	20.8	20.5	20.8	300
1277	2024-10-15	20.4	20.5	20.4	20.5	500
1278	2024-10-18	20.5	20.5	20.5	20.5	500
1279	2024-10-21	20.3	20.3	20.3	20.3	100
1280	2024-10-22	20.3	20.3	20.3	20.3	400
1281	2024-10-31	20.0	20.0	20.0	20.0	1000
1282	2024-11-11	20.0	20.0	20.0	20.0	500
1283	2024-11-12	20.0	20.0	20.0	20.0	1000
1284	2024-11-13	19.0	19.0	19.0	19.0	100
1285	2024-11-18	19.5	19.5	19.5	19.5	600
1286	2024-11-22	17.2	17.2	17.2	17.2	100
1287	2024-11-27	19.7	19.7	19.7	19.7	100
1288	2024-11-28	17.4	17.4	17.4	17.4	100
1289	2024-12-05	19.5	19.5	19.5	19.5	100
1290	2024-12-12	20.0	20.0	20.0	20.0	7900
1291	2024-12-17	20.0	20.0	20.0	20.0	2200
1292	2024-12-18	18.0	19.1	18.0	19.1	4500
1293	2024-12-20	19.0	19.0	19.0	19.0	4400
1294	2024-12-26	20.8	20.8	20.8	20.8	500
1295	2024-12-30	21.0	21.0	21.0	21.0	1000
1296	2024-12-31	21.2	21.2	21.2	21.2	1000
1297	2025-01-02	21.5	21.5	21.5	21.5	1000
1298	2025-01-17	21.6	21.6	21.6	21.6	1000
1299	2025-03-11	21.6	21.6	21.6	21.6	100
