	time	open	high	low	close	volume
0	2016-01-18	3.86	0.0	0.0	0.0	0
1	2016-01-19	3.86	0.0	0.0	0.0	0
2	2016-01-20	3.86	0.0	0.0	0.0	0
3	2016-01-21	3.86	0.0	0.0	0.0	0
4	2016-01-22	3.86	0.0	0.0	0.0	0
5	2016-01-25	3.86	0.0	0.0	0.0	0
6	2016-01-26	3.86	0.0	0.0	0.0	0
7	2016-01-27	3.86	0.0	0.0	0.0	0
8	2016-01-28	3.86	0.0	0.0	0.0	0
9	2016-01-29	3.86	0.0	0.0	0.0	0
10	2016-02-01	3.86	0.0	0.0	0.0	0
11	2016-02-02	3.86	0.0	0.0	0.0	0
12	2016-02-03	3.86	0.0	0.0	0.0	0
13	2016-02-04	3.86	0.0	0.0	0.0	0
14	2016-02-05	3.86	0.0	0.0	0.0	0
15	2016-02-15	3.86	0.0	0.0	0.0	0
16	2016-02-16	3.86	0.0	0.0	0.0	0
17	2016-02-17	2.35	2.35	2.35	2.35	5000
18	2016-02-18	2.61	2.68	2.61	2.68	2000
19	2016-02-19	2.68	2.68	2.68	2.68	0
20	2016-02-22	2.68	2.68	2.68	2.68	0
21	2016-02-23	2.68	2.68	2.68	2.68	1000
22	2016-02-24	2.68	2.68	2.68	2.68	0
23	2016-02-25	2.68	2.68	2.68	2.68	0
24	2016-02-26	2.87	2.87	2.87	2.87	200
25	2016-02-29	2.74	2.74	2.74	2.74	3800
26	2016-03-01	2.74	2.74	2.74	2.74	0
27	2016-03-02	2.74	2.74	2.74	2.74	0
28	2016-03-03	2.74	2.74	2.74	2.74	0
29	2016-03-04	2.87	2.87	2.87	2.87	2000
30	2016-03-07	3.13	3.13	3.13	3.13	1000
31	2016-03-08	3.13	3.13	3.13	3.13	0
32	2016-03-09	3.13	3.13	3.13	3.13	0
33	2016-03-10	3.13	3.13	3.13	3.13	0
34	2016-03-11	3.13	3.13	3.13	3.13	0
35	2016-03-14	3.13	3.13	3.13	3.13	0
36	2016-03-15	3.13	3.13	3.13	3.13	0
37	2016-03-16	3.26	3.26	3.26	3.26	100
38	2016-03-17	3.26	3.26	3.26	3.26	0
39	2016-03-18	3.26	3.26	3.26	3.26	0
40	2016-03-21	3.34	3.39	3.34	3.39	1000
41	2016-03-22	3.39	3.39	3.39	3.39	0
42	2016-03-23	2.89	2.89	2.89	2.89	100
43	2016-03-24	2.76	2.76	2.76	2.76	100
44	2016-03-25	2.76	2.76	2.76	2.76	0
45	2016-03-28	2.76	2.76	2.76	2.76	0
46	2016-03-29	3.15	3.15	2.61	2.61	5100
47	2016-03-30	3.62	3.62	2.71	2.71	4100
48	2016-03-31	3.52	3.52	3.39	3.39	2000
49	2016-04-01	3.96	3.96	3.96	3.96	2900
50	2016-04-04	3.96	3.96	3.96	3.96	0
51	2016-04-05	3.96	3.96	3.96	3.96	0
52	2016-04-06	3.96	3.96	3.96	3.96	0
53	2016-04-07	3.96	3.96	3.96	3.96	500
54	2016-04-08	3.96	3.96	3.96	3.96	0
55	2016-04-11	3.39	3.39	3.39	3.39	100
56	2016-04-12	3.39	3.39	3.39	3.39	200
57	2016-04-13	2.89	2.89	2.89	2.89	100
58	2016-04-14	2.89	2.89	2.89	2.89	0
59	2016-04-15	2.89	2.89	2.89	2.89	0
60	2016-04-19	2.5	2.5	2.5	2.5	100
61	2016-04-20	2.5	2.5	2.5	2.5	0
62	2016-04-21	2.5	2.5	2.5	2.5	0
63	2016-04-22	2.5	2.5	2.5	2.5	0
64	2016-04-25	2.5	2.5	2.5	2.5	0
65	2016-04-26	2.5	2.5	2.5	2.5	0
66	2016-04-27	2.5	2.5	2.5	2.5	0
67	2016-04-28	2.86	2.86	2.86	2.86	0
68	2016-04-29	2.86	2.86	2.86	2.86	0
69	2016-05-04	2.86	2.86	2.86	2.86	0
70	2016-05-05	2.86	2.86	2.86	2.86	0
71	2016-05-06	2.86	2.86	2.86	2.86	0
72	2016-05-09	2.86	2.86	2.86	2.86	0
73	2016-05-10	2.86	2.86	2.86	2.86	0
74	2016-05-11	2.86	2.86	2.86	2.86	0
75	2016-05-12	2.86	2.86	2.86	2.86	0
76	2016-05-13	2.86	2.86	2.86	2.86	0
77	2016-05-16	2.14	2.86	2.14	2.86	200
78	2016-05-17	2.86	2.86	2.86	2.86	0
79	2016-05-18	2.86	2.86	2.86	2.86	0
80	2016-05-19	2.86	2.86	2.86	2.86	0
81	2016-05-20	2.14	2.14	2.14	2.14	100
82	2016-05-23	2.14	2.14	2.14	2.14	0
83	2016-05-24	2.14	2.14	2.14	2.14	0
84	2016-05-25	2.14	2.14	2.14	2.14	0
85	2016-05-26	2.14	2.14	2.14	2.14	0
86	2016-05-27	2.14	2.14	2.14	2.14	0
87	2016-05-30	2.14	2.14	2.14	2.14	0
88	2016-05-31	2.14	2.14	2.14	2.14	0
89	2016-06-01	2.14	2.14	2.14	2.14	0
90	2016-06-02	2.14	2.14	2.14	2.14	0
91	2016-06-03	2.14	2.14	2.14	2.14	0
92	2016-06-06	2.14	2.14	2.14	2.14	0
93	2016-06-07	2.14	2.14	2.14	2.14	0
94	2016-06-08	2.14	2.14	2.14	2.14	0
95	2016-06-09	2.14	2.14	2.14	2.14	0
96	2016-06-10	2.14	2.14	2.14	2.14	0
97	2016-06-13	2.14	2.14	2.14	2.14	0
98	2016-06-14	2.14	2.14	2.14	2.14	0
99	2016-06-15	2.14	2.14	2.14	2.14	0
100	2016-06-16	2.14	2.14	2.14	2.14	40
101	2016-06-17	2.14	2.14	2.14	2.14	0
102	2016-06-20	2.44	2.44	2.44	2.44	100
103	2016-06-21	2.44	2.44	2.44	2.44	0
104	2016-06-22	2.44	2.44	2.44	2.44	0
105	2016-06-23	2.44	2.44	2.44	2.44	0
106	2016-06-24	2.44	2.44	2.44	2.44	0
107	2016-06-27	2.47	2.47	2.47	2.47	100
108	2016-06-28	2.47	2.47	2.47	2.47	0
109	2016-06-29	2.47	2.47	2.47	2.47	0
110	2016-06-30	2.47	2.47	2.47	2.47	0
111	2016-07-01	2.47	2.47	2.47	2.47	0
112	2016-07-04	2.47	2.47	2.47	2.47	0
113	2016-07-05	2.47	2.47	2.47	2.47	0
114	2016-07-06	2.47	2.47	2.47	2.47	0
115	2016-07-07	2.47	2.47	2.47	2.47	0
116	2016-07-08	2.47	2.47	2.47	2.47	0
117	2016-07-11	2.47	2.47	2.47	2.47	0
118	2016-07-12	2.47	2.47	2.47	2.47	0
119	2016-07-13	2.47	2.47	2.47	2.47	0
120	2016-07-14	2.47	2.47	2.47	2.47	0
121	2016-07-15	2.47	2.47	2.47	2.47	0
122	2016-07-18	2.47	2.47	2.47	2.47	0
123	2016-07-19	2.47	2.47	2.47	2.47	0
124	2016-07-20	2.83	2.83	2.83	2.83	100
125	2016-07-21	3.25	3.25	3.25	3.25	100
126	2016-07-22	3.72	3.72	3.72	3.72	200
127	2016-07-25	3.72	3.72	3.72	3.72	0
128	2016-07-26	3.19	4.26	3.19	4.26	2300
129	2016-07-27	2.83	2.83	2.83	2.83	2000
130	2016-07-28	2.83	2.83	2.83	2.83	0
131	2016-07-29	2.83	2.83	2.83	2.83	0
132	2016-08-01	3.25	3.25	3.25	3.25	100
133	2016-08-02	3.72	3.72	3.72	3.72	100
134	2016-08-03	3.72	3.72	3.72	3.72	0
135	2016-08-04	3.19	4.26	3.19	4.26	600
136	2016-08-05	4.26	4.26	4.26	4.26	0
137	2016-08-08	4.26	4.26	4.26	4.26	0
138	2016-08-09	4.26	4.26	4.26	4.26	0
139	2016-08-10	4.26	4.26	4.26	4.26	0
140	2016-08-11	4.26	4.26	4.26	4.26	0
141	2016-08-12	4.26	4.26	4.26	4.26	0
142	2016-08-15	4.26	4.26	4.26	4.26	0
143	2016-08-16	4.26	4.26	4.26	4.26	0
144	2016-08-17	4.26	4.26	4.26	4.26	0
145	2016-08-18	4.26	4.26	4.26	4.26	0
146	2016-08-19	4.26	4.26	4.26	4.26	0
147	2016-08-22	4.26	4.26	4.26	4.26	0
148	2016-08-23	4.26	4.26	4.26	4.26	0
149	2016-08-24	4.26	4.26	4.26	4.26	0
150	2016-08-25	4.26	4.26	4.26	4.26	0
151	2016-08-26	4.26	4.26	4.26	4.26	0
152	2016-08-29	4.26	4.26	4.26	4.26	0
153	2016-08-30	4.26	4.26	4.26	4.26	0
154	2016-08-31	4.26	4.26	4.26	4.26	0
155	2016-09-01	4.26	4.26	4.26	4.26	0
156	2016-09-05	4.26	4.26	4.26	4.26	0
157	2016-09-06	4.26	4.26	4.26	4.26	0
158	2016-09-07	4.26	4.26	4.26	4.26	0
159	2016-09-08	4.26	4.26	4.26	4.26	0
160	2016-09-09	4.26	4.26	4.26	4.26	0
161	2016-09-12	4.26	4.26	4.26	4.26	0
162	2016-09-13	4.26	4.26	4.26	4.26	0
163	2016-09-14	4.26	4.26	4.26	4.26	0
164	2016-09-15	4.26	4.26	4.26	4.26	0
165	2016-09-16	4.26	4.26	4.26	4.26	0
166	2016-09-19	4.26	4.26	4.26	4.26	0
167	2016-09-20	4.26	4.26	4.26	4.26	0
168	2016-09-21	4.26	4.26	4.26	4.26	0
169	2016-09-22	4.26	4.26	4.26	4.26	0
170	2016-09-23	3.57	3.57	3.57	3.57	200
171	2016-09-26	3.57	3.57	3.57	3.57	0
172	2016-09-27	3.57	3.57	3.57	3.57	0
173	2016-09-28	3.57	3.57	3.57	3.57	0
174	2016-09-29	3.57	3.57	3.57	3.57	0
175	2016-09-30	3.57	3.57	3.57	3.57	0
176	2016-10-03	3.57	3.57	3.57	3.57	0
177	2016-10-04	4.11	4.11	4.11	4.11	2200
178	2016-10-05	4.11	4.11	4.11	4.11	0
179	2016-10-06	4.11	4.11	4.11	4.11	0
180	2016-10-07	4.11	4.11	4.11	4.11	0
181	2016-10-10	4.11	4.11	4.11	4.11	0
182	2016-10-11	4.11	4.11	4.11	4.11	0
183	2016-10-12	4.11	4.11	4.11	4.11	0
184	2016-10-13	4.11	4.11	4.11	4.11	0
185	2016-10-14	4.11	4.11	4.11	4.11	0
186	2016-10-17	4.11	4.11	4.11	4.11	0
187	2016-10-18	4.11	4.11	4.11	4.11	0
188	2016-10-19	4.11	4.11	4.11	4.11	0
189	2016-10-20	4.11	4.11	4.11	4.11	0
190	2016-10-21	4.11	4.11	4.11	4.11	0
191	2016-10-24	4.11	4.11	4.11	4.11	0
192	2016-10-25	4.11	4.11	4.11	4.11	0
193	2016-10-26	4.11	4.11	4.11	4.11	0
194	2016-10-27	4.11	4.11	4.11	4.11	0
195	2016-10-28	4.11	4.11	4.11	4.11	0
196	2016-10-31	4.11	4.11	4.11	4.11	0
197	2016-11-01	4.11	4.11	4.11	4.11	0
198	2016-11-02	4.11	4.11	4.11	4.11	0
199	2016-11-03	4.11	4.11	4.11	4.11	0
200	2016-11-04	4.11	4.11	4.11	4.11	0
201	2016-11-07	4.11	4.11	4.11	4.11	0
202	2016-11-08	4.11	4.11	4.11	4.11	0
203	2016-11-09	4.11	4.11	4.11	4.11	0
204	2016-11-10	4.11	4.11	4.11	4.11	0
205	2016-11-11	4.11	4.11	4.11	4.11	0
206	2016-11-14	4.11	4.11	4.11	4.11	0
207	2016-11-15	4.11	4.11	4.11	4.11	0
208	2016-11-16	4.11	4.11	4.11	4.11	0
209	2016-11-17	4.11	4.11	4.11	4.11	0
210	2016-11-18	4.11	4.11	4.11	4.11	0
211	2016-11-21	4.11	4.11	4.11	4.11	0
212	2016-11-22	4.11	4.11	4.11	4.11	0
213	2016-11-23	4.11	4.11	4.11	4.11	0
214	2016-11-24	4.11	4.11	4.11	4.11	0
215	2016-11-25	4.11	4.11	4.11	4.11	0
216	2016-11-28	4.11	4.11	4.11	4.11	0
217	2016-11-29	4.11	4.11	4.11	4.11	0
218	2016-11-30	4.11	4.11	4.11	4.11	0
219	2016-12-01	4.11	4.11	4.11	4.11	0
220	2016-12-02	4.11	4.11	4.11	4.11	0
221	2016-12-05	4.11	4.11	4.11	4.11	0
222	2016-12-06	4.11	4.11	4.11	4.11	0
223	2016-12-07	4.11	4.11	4.11	4.11	0
224	2016-12-08	4.11	4.11	4.11	4.11	0
225	2016-12-09	4.11	4.11	4.11	4.11	0
226	2016-12-12	4.11	4.11	4.11	4.11	0
227	2016-12-13	4.11	4.11	4.11	4.11	0
228	2016-12-14	4.11	4.11	4.11	4.11	0
229	2016-12-15	4.11	4.11	4.11	4.11	0
230	2016-12-16	4.11	4.11	4.11	4.11	0
231	2016-12-19	4.11	4.11	4.11	4.11	0
232	2016-12-20	4.11	4.11	4.11	4.11	0
233	2016-12-21	4.11	4.11	4.11	4.11	0
234	2016-12-22	4.11	4.11	4.11	4.11	0
235	2016-12-23	4.11	4.11	4.11	4.11	0
236	2016-12-26	4.11	4.11	4.11	4.11	0
237	2016-12-27	4.11	4.11	4.11	4.11	0
238	2016-12-28	4.11	4.11	4.11	4.11	0
239	2016-12-29	4.11	4.11	4.11	4.11	0
240	2016-12-30	4.11	4.11	4.11	4.11	0
241	2017-01-03	4.11	4.11	4.11	4.11	0
242	2017-01-04	4.11	4.11	4.11	4.11	0
243	2017-01-05	4.11	4.11	4.11	4.11	0
244	2017-01-06	4.11	4.11	4.11	4.11	0
245	2017-01-09	4.11	4.11	4.11	4.11	0
246	2017-01-10	4.11	4.11	4.11	4.11	3900
247	2017-01-11	4.11	4.11	4.11	4.11	0
248	2017-01-12	4.11	4.11	4.11	4.11	60
249	2017-01-13	4.11	4.11	4.11	4.11	0
250	2017-01-16	4.11	4.11	4.11	4.11	0
251	2017-01-17	4.11	4.11	4.11	4.11	0
252	2017-01-18	4.11	4.11	4.11	4.11	0
253	2017-01-19	4.11	4.11	4.11	4.11	0
254	2017-01-20	4.11	4.11	4.11	4.11	0
255	2017-01-23	4.11	4.11	4.11	4.11	0
256	2017-01-24	4.11	4.11	4.11	4.11	0
257	2017-01-25	4.11	4.11	4.11	4.11	0
258	2017-02-02	4.11	4.11	4.11	4.11	0
259	2017-02-03	4.11	4.11	4.11	4.11	0
260	2017-02-06	4.11	4.11	4.11	4.11	0
261	2017-02-07	4.11	4.11	4.11	4.11	0
262	2017-02-08	4.11	4.11	4.11	4.11	0
263	2017-02-09	4.11	4.11	4.11	4.11	0
264	2017-02-10	4.11	4.11	4.11	4.11	0
265	2017-02-13	4.11	4.11	4.11	4.11	0
266	2017-02-14	4.11	4.11	4.11	4.11	0
267	2017-02-15	4.11	4.11	4.11	4.11	0
268	2017-02-16	4.11	4.11	4.11	4.11	0
269	2017-02-17	4.11	4.11	4.11	4.11	0
270	2017-02-20	4.11	4.11	4.11	4.11	0
271	2017-02-21	4.11	4.11	4.11	4.11	0
272	2017-02-22	4.11	4.11	4.11	4.11	0
273	2017-02-23	4.11	4.11	4.11	4.11	0
274	2017-02-24	4.11	4.11	4.11	4.11	0
275	2017-02-27	4.11	4.11	4.11	4.11	0
276	2017-02-28	4.11	4.11	4.11	4.11	0
277	2017-03-01	4.11	4.11	4.11	4.11	0
278	2017-03-02	4.11	4.11	4.11	4.11	0
279	2017-03-03	2.47	2.47	2.47	2.47	100
280	2017-03-06	2.47	2.47	2.47	2.47	0
281	2017-03-07	2.47	2.47	2.47	2.47	0
282	2017-03-08	2.47	2.47	2.47	2.47	0
283	2017-03-09	2.47	2.47	2.47	2.47	0
284	2017-03-10	2.47	2.47	2.47	2.47	0
285	2017-03-13	2.47	2.47	2.47	2.47	0
286	2017-03-14	2.47	2.47	2.47	2.47	0
287	2017-03-15	2.47	2.47	2.47	2.47	0
288	2017-03-16	2.47	2.47	2.47	2.47	0
289	2017-03-17	2.47	2.47	2.47	2.47	0
290	2017-03-20	2.47	2.47	2.47	2.47	0
291	2017-03-21	2.47	2.47	2.47	2.47	0
292	2017-03-22	2.47	2.47	2.47	2.47	0
293	2017-03-23	2.47	2.47	2.47	2.47	0
294	2017-03-24	2.47	2.47	2.47	2.47	0
295	2017-03-27	2.47	2.47	2.47	2.47	0
296	2017-03-28	2.47	2.47	2.47	2.47	0
297	2017-03-29	2.47	2.47	2.47	2.47	0
298	2017-03-30	2.47	2.47	2.47	2.47	0
299	2017-03-31	2.47	2.47	2.47	2.47	0
300	2017-04-03	2.47	2.47	2.47	2.47	0
301	2017-04-04	2.47	2.47	2.47	2.47	0
302	2017-04-05	2.47	2.47	2.47	2.47	0
303	2017-04-07	2.47	2.47	2.47	2.47	0
304	2017-04-10	2.47	2.47	2.47	2.47	0
305	2017-04-11	2.47	2.47	2.47	2.47	0
306	2017-04-12	3.45	3.45	3.45	3.45	100
307	2017-04-13	3.45	3.45	3.45	3.45	0
308	2017-04-14	3.45	3.45	3.45	3.45	0
309	2017-04-17	3.45	3.45	3.45	3.45	0
310	2017-04-18	3.45	3.45	3.45	3.45	0
311	2017-04-19	3.45	3.45	3.45	3.45	0
312	2017-04-20	3.96	3.96	3.96	3.96	100
313	2017-04-21	3.96	3.96	3.96	3.96	0
314	2017-04-24	3.96	3.96	3.96	3.96	0
315	2017-04-25	3.96	3.96	3.96	3.96	0
316	2017-04-26	3.96	3.96	3.96	3.96	0
317	2017-04-27	3.96	3.96	3.96	3.96	0
318	2017-04-28	3.96	3.96	3.96	3.96	0
319	2017-05-03	3.96	3.96	3.96	3.96	0
320	2017-05-04	3.96	3.96	3.96	3.96	0
321	2017-05-05	3.96	3.96	3.96	3.96	0
322	2017-05-08	3.96	3.96	3.96	3.96	0
323	2017-05-09	3.96	3.96	3.96	3.96	0
324	2017-05-10	3.96	3.96	3.96	3.96	0
325	2017-05-11	3.96	3.96	3.96	3.96	0
326	2017-05-12	3.96	3.96	3.96	3.96	0
327	2017-05-15	3.96	3.96	3.96	3.96	0
328	2017-05-16	3.96	3.96	3.96	3.96	0
329	2017-05-17	3.96	3.96	3.96	3.96	0
330	2017-05-18	3.96	3.96	3.96	3.96	0
331	2017-05-19	3.96	3.96	3.96	3.96	0
332	2017-05-22	3.96	3.96	3.96	3.96	0
333	2017-05-23	3.96	3.96	3.96	3.96	0
334	2017-05-24	3.96	3.96	3.96	3.96	0
335	2017-05-25	3.96	3.96	3.96	3.96	0
336	2017-05-26	3.96	3.96	3.96	3.96	0
337	2017-05-29	3.96	3.96	3.96	3.96	0
338	2017-05-30	3.96	3.96	3.96	3.96	0
339	2017-05-31	3.96	3.96	3.96	3.96	0
340	2017-06-01	3.96	3.96	3.96	3.96	0
341	2017-06-02	3.96	3.96	3.96	3.96	0
342	2017-06-05	3.96	3.96	3.96	3.96	0
343	2017-06-06	3.96	5.54	3.96	5.54	5700
344	2017-06-07	4.18	4.18	4.18	4.18	0
345	2017-06-08	4.19	4.19	4.19	4.19	0
346	2017-06-09	4.15	4.15	4.15	4.15	0
347	2017-06-12	4.15	4.15	4.15	4.15	0
348	2017-06-13	4.15	4.15	4.15	4.15	0
349	2017-06-14	4.15	4.15	4.15	4.15	0
350	2017-06-15	4.15	4.15	4.15	4.15	0
351	2017-06-16	4.15	4.15	4.15	4.15	0
352	2017-06-19	4.15	4.15	4.15	4.15	0
353	2017-06-20	4.15	4.15	4.15	4.15	0
354	2017-06-21	4.15	4.15	4.15	4.15	0
355	2017-06-22	4.15	4.15	4.15	4.15	0
356	2017-06-23	4.15	4.15	4.15	4.15	0
357	2017-06-26	4.15	4.15	4.15	4.15	0
358	2017-06-27	4.15	4.15	4.15	4.15	0
359	2017-06-28	4.15	4.15	4.15	4.15	0
360	2017-06-29	4.15	4.15	4.15	4.15	0
361	2017-06-30	4.15	4.15	4.15	4.15	0
362	2017-07-03	4.15	4.15	4.15	4.15	0
363	2017-07-04	4.15	4.15	4.15	4.15	0
364	2017-07-05	4.15	4.15	4.15	4.15	0
365	2017-07-06	4.15	4.15	4.15	4.15	0
366	2017-07-07	4.15	4.15	4.15	4.15	0
367	2017-07-10	4.76	4.76	4.76	4.76	100
368	2017-07-11	4.76	4.76	4.76	4.76	0
369	2017-07-12	4.76	4.76	4.76	4.76	0
370	2017-07-13	4.76	4.76	4.76	4.76	0
371	2017-07-14	4.76	4.76	4.76	4.76	0
372	2017-07-17	4.76	4.76	4.76	4.76	0
373	2017-07-18	4.76	4.76	4.76	4.76	0
374	2017-07-19	4.76	4.76	4.76	4.76	0
375	2017-07-20	4.76	4.76	4.76	4.76	0
376	2017-07-21	4.76	4.76	4.76	4.76	0
377	2017-07-24	4.76	4.76	4.76	4.76	0
378	2017-07-25	4.76	4.76	4.76	4.76	0
379	2017-07-26	4.76	4.76	4.76	4.76	0
380	2017-07-27	4.76	4.76	4.76	4.76	0
381	2017-07-28	4.76	4.76	4.76	4.76	0
382	2017-07-31	4.76	4.76	4.76	4.76	0
383	2017-08-01	4.76	4.76	4.76	4.76	0
384	2017-08-02	4.76	4.76	4.76	4.76	0
385	2017-08-03	4.76	4.76	4.76	4.76	0
386	2017-08-04	4.76	4.76	4.76	4.76	0
387	2017-08-07	4.76	4.76	4.76	4.76	0
388	2017-08-08	4.76	4.76	4.76	4.76	0
389	2017-08-09	4.76	4.76	4.76	4.76	0
390	2017-08-10	4.76	4.76	4.76	4.76	0
391	2017-08-11	4.76	4.76	4.76	4.76	0
392	2017-08-14	4.76	4.76	4.76	4.76	0
393	2017-08-15	4.76	4.76	4.76	4.76	0
394	2017-08-16	6.64	6.64	6.64	6.64	100
395	2017-08-17	7.61	7.61	7.61	7.61	100
396	2017-08-18	7.61	7.61	7.61	7.61	0
397	2017-08-21	7.61	7.61	7.61	7.61	2150
398	2017-08-22	7.61	7.61	7.61	7.61	0
399	2017-08-23	7.61	7.61	7.61	7.61	0
400	2017-08-24	8.55	8.55	8.55	8.55	200
401	2017-08-25	8.55	8.55	8.55	8.55	0
402	2017-08-28	8.59	8.59	8.59	8.59	2500
403	2017-08-29	7.33	8.59	7.33	8.59	200
404	2017-08-30	6.8	8.22	6.8	8.22	3100
405	2017-08-31	8.18	8.18	8.18	8.18	0
406	2017-09-01	8.18	8.18	8.18	8.18	0
407	2017-09-05	8.22	8.22	7.78	7.78	200
408	2017-09-06	6.84	6.84	6.84	6.84	100
409	2017-09-07	8.02	8.02	8.02	8.02	0
410	2017-09-08	8.02	8.02	8.02	8.02	0
411	2017-09-11	8.02	8.02	8.02	8.02	0
412	2017-09-12	8.02	8.02	8.02	8.02	0
413	2017-09-13	8.02	8.02	8.02	8.02	0
414	2017-09-14	8.02	8.02	8.02	8.02	0
415	2017-09-15	8.02	8.02	8.02	8.02	0
416	2017-09-18	8.02	8.02	8.02	8.02	0
417	2017-09-19	7.86	7.86	7.86	7.86	200
418	2017-09-20	6.72	9.0	6.72	9.0	1200
419	2017-09-21	7.49	7.49	7.49	7.49	100
420	2017-09-22	6.39	6.39	6.39	6.39	100
421	2017-09-25	7.33	7.33	7.33	7.33	100
422	2017-09-26	8.43	8.43	8.43	8.43	800
423	2017-09-27	8.43	8.43	8.43	8.43	0
424	2017-09-28	8.55	8.55	8.55	8.55	100
425	2017-09-29	8.55	8.55	8.55	8.55	100
426	2017-10-02	8.55	8.55	8.55	8.55	0
427	2017-10-03	8.55	8.55	8.55	8.55	0
428	2017-10-04	8.55	8.55	8.55	8.55	5000
429	2017-10-05	7.29	7.29	7.29	7.29	100
430	2017-10-06	7.29	7.29	7.29	7.29	0
431	2017-10-09	7.29	7.29	7.29	7.29	0
432	2017-10-10	7.29	7.29	7.29	7.29	0
433	2017-10-11	7.29	7.29	7.29	7.29	0
434	2017-10-12	7.29	7.29	7.29	7.29	0
435	2017-10-13	7.29	7.29	7.29	7.29	0
436	2017-10-16	6.23	6.23	6.23	6.23	100
437	2017-10-17	6.23	6.23	6.23	6.23	0
438	2017-10-18	6.23	6.23	6.23	6.23	0
439	2017-10-19	6.23	6.23	6.23	6.23	0
440	2017-10-20	6.23	6.23	6.23	6.23	0
441	2017-10-23	6.23	6.23	6.23	6.23	0
442	2017-10-24	6.23	6.23	6.23	6.23	0
443	2017-10-25	6.23	6.23	6.23	6.23	0
444	2017-10-26	6.23	6.23	6.23	6.23	0
445	2017-10-27	5.33	5.33	5.33	5.33	100
446	2017-10-30	5.33	5.33	5.33	5.33	0
447	2017-10-31	5.33	5.33	5.33	5.33	0
448	2017-11-01	5.33	5.33	5.33	5.33	0
449	2017-11-02	5.33	5.33	5.33	5.33	0
450	2017-11-03	5.33	5.33	5.33	5.33	0
451	2017-11-06	5.33	5.33	5.33	5.33	0
452	2017-11-07	5.33	5.33	5.33	5.33	0
453	2017-11-08	5.33	5.33	5.33	5.33	0
454	2017-11-09	5.33	5.33	5.33	5.33	0
455	2017-11-10	5.33	5.33	5.33	5.33	0
456	2017-11-13	5.33	5.33	5.33	5.33	0
457	2017-11-14	5.33	5.33	5.33	5.33	0
458	2017-11-15	5.33	5.33	5.33	5.33	0
459	2017-11-16	5.33	5.33	5.33	5.33	0
460	2017-11-17	5.33	5.33	5.33	5.33	0
461	2017-11-20	5.33	5.33	5.33	5.33	0
462	2017-11-21	5.33	5.33	5.33	5.33	0
463	2017-11-22	5.33	5.33	5.33	5.33	0
464	2017-11-23	5.33	5.33	5.33	5.33	0
465	2017-11-24	5.33	5.33	5.33	5.33	0
466	2017-11-27	5.33	5.33	5.33	5.33	0
467	2017-11-28	5.33	5.33	5.33	5.33	0
468	2017-11-29	5.33	5.33	5.33	5.33	0
469	2017-11-30	5.33	5.33	5.33	5.33	0
470	2017-12-01	5.33	5.33	5.33	5.33	0
471	2017-12-04	5.33	5.33	5.33	5.33	0
472	2017-12-05	5.33	5.33	5.33	5.33	0
473	2017-12-06	5.33	5.33	5.33	5.33	0
474	2017-12-07	5.33	5.33	5.33	5.33	0
475	2017-12-08	5.33	5.33	5.33	5.33	0
476	2017-12-11	5.33	5.33	5.33	5.33	0
477	2017-12-12	5.33	5.33	5.33	5.33	0
478	2017-12-13	5.33	5.33	5.33	5.33	0
479	2017-12-14	5.33	5.33	5.33	5.33	0
480	2017-12-15	5.33	5.33	5.33	5.33	0
481	2017-12-18	5.33	5.33	5.33	5.33	0
482	2017-12-19	5.33	5.33	5.33	5.33	0
483	2017-12-20	5.33	5.33	5.33	5.33	0
484	2017-12-21	7.45	7.45	7.45	7.45	100
485	2017-12-22	8.55	8.55	8.55	8.55	100
486	2017-12-25	8.55	8.55	8.55	8.55	0
487	2017-12-26	8.55	8.55	8.55	8.55	100
488	2017-12-27	9.36	9.81	9.36	9.81	500
489	2017-12-28	11.15	11.15	11.15	11.15	9000
490	2017-12-29	11.6	11.6	11.6	11.6	100
491	2018-01-02	13.31	13.31	13.31	13.31	400
492	2018-01-03	14.66	14.66	11.32	11.32	200
493	2018-01-04	11.07	11.07	11.07	11.07	200
494	2018-01-05	9.49	9.49	9.49	9.49	200
495	2018-01-08	9.49	9.49	8.18	8.18	400
496	2018-01-09	9.16	9.16	7.82	7.82	700
497	2018-01-10	7.61	10.3	7.61	10.3	900
498	2018-01-11	11.11	11.11	11.11	11.11	600
499	2018-01-12	12.13	12.74	11.85	12.74	1200
500	2018-01-15	10.58	10.63	10.58	10.63	500
501	2018-01-16	10.58	10.58	10.58	10.58	0
502	2018-01-17	9.08	9.08	9.08	9.08	100
503	2018-01-18	9.08	9.08	9.08	9.08	0
504	2018-01-19	9.08	9.08	9.08	9.08	0
505	2018-01-22	9.08	9.08	9.08	9.08	0
506	2018-01-23	7.73	7.73	7.73	7.73	100
507	2018-01-24	7.73	7.73	7.73	7.73	0
508	2018-01-25	7.73	7.73	7.73	7.73	0
509	2018-01-26	8.87	8.87	8.87	8.87	100
510	2018-01-29	8.87	8.87	8.87	8.87	0
511	2018-01-30	8.87	8.87	8.87	8.87	0
512	2018-01-31	8.87	8.87	8.87	8.87	0
513	2018-02-01	10.18	10.18	10.18	10.18	100
514	2018-02-02	10.18	10.18	10.18	10.18	0
515	2018-02-05	10.18	10.18	10.18	10.18	0
516	2018-02-06	10.18	10.18	10.18	10.18	0
517	2018-02-07	10.18	10.18	10.18	10.18	0
518	2018-02-08	11.68	11.68	11.68	11.68	400
519	2018-02-09	13.43	13.43	13.43	13.43	1900
520	2018-02-12	13.43	13.43	13.43	13.43	0
521	2018-02-13	13.43	13.43	13.43	13.43	2600
522	2018-02-21	13.43	13.43	13.43	13.43	0
523	2018-02-22	13.43	13.43	13.43	13.43	0
524	2018-02-23	13.43	13.43	13.43	13.43	0
525	2018-02-26	13.43	13.43	13.43	13.43	0
526	2018-02-27	13.43	13.43	13.43	13.43	0
527	2018-02-28	13.43	13.43	13.43	13.43	0
528	2018-03-01	13.43	13.43	13.43	13.43	400
529	2018-03-02	13.43	13.43	13.43	13.43	0
530	2018-03-05	13.43	13.43	13.43	13.43	0
531	2018-03-06	13.43	13.43	13.43	13.43	0
532	2018-03-07	13.43	13.43	13.43	13.43	0
533	2018-03-08	13.43	13.43	13.43	13.43	0
534	2018-03-09	13.43	13.43	13.43	13.43	1300
535	2018-03-12	13.43	13.43	13.43	13.43	200
536	2018-03-13	13.43	13.43	13.43	13.43	0
537	2018-03-14	13.43	13.43	13.43	13.43	0
538	2018-03-15	13.43	13.43	13.43	13.43	0
539	2018-03-16	13.43	13.43	13.43	13.43	2000
540	2018-03-19	13.43	13.43	13.43	13.43	0
541	2018-03-20	13.43	13.43	13.43	13.43	0
542	2018-03-21	13.43	13.43	13.43	13.43	0
543	2018-03-22	13.43	13.43	13.43	13.43	0
544	2018-03-23	13.43	13.43	13.43	13.43	0
545	2018-03-26	13.43	13.43	13.43	13.43	0
546	2018-03-27	13.43	13.43	13.43	13.43	0
547	2018-03-28	13.43	13.43	13.43	13.43	0
548	2018-03-29	13.43	13.43	13.43	13.43	0
549	2018-03-30	13.43	13.43	13.43	13.43	0
550	2018-04-02	13.43	13.43	13.43	13.43	0
551	2018-04-03	13.43	13.43	13.43	13.43	0
552	2018-04-04	13.43	13.43	13.43	13.43	0
553	2018-04-05	13.43	13.43	13.43	13.43	0
554	2018-04-06	13.43	13.43	13.43	13.43	0
555	2018-04-09	13.43	13.43	13.43	13.43	0
556	2018-04-10	13.43	13.43	13.43	13.43	0
557	2018-04-11	13.43	13.43	13.43	13.43	0
558	2018-04-12	13.43	13.43	13.43	13.43	0
559	2018-04-13	13.43	13.43	13.43	13.43	0
560	2018-04-16	13.43	13.43	13.43	13.43	0
561	2018-04-17	13.43	13.43	13.43	13.43	0
562	2018-04-18	11.44	11.44	11.44	11.44	100
563	2018-04-19	9.97	11.44	9.97	11.44	8900
564	2018-04-20	11.36	11.36	11.36	11.36	0
565	2018-04-23	11.36	11.36	11.36	11.36	0
566	2018-04-24	11.36	11.36	11.36	11.36	0
567	2018-04-26	11.36	11.36	11.36	11.36	0
568	2018-04-27	11.36	11.36	11.36	11.36	0
569	2018-05-02	10.18	13.03	10.18	13.03	3500
570	2018-05-03	11.11	11.11	11.11	11.11	100
571	2018-05-04	11.11	11.11	11.11	11.11	0
572	2018-05-07	12.74	12.74	12.74	12.74	100
573	2018-05-08	19.45	19.45	19.45	19.45	100
574	2018-05-09	22.32	22.32	16.8	16.8	1500
575	2018-05-10	25.2	25.2	25.2	25.2	300
576	2018-05-11	25.2	25.2	25.2	25.2	0
577	2018-05-14	28.18	28.94	21.67	28.94	15000
578	2018-05-15	20.59	20.59	20.05	20.05	2700
579	2018-05-16	21.13	23.19	17.94	18.04	14100
580	2018-05-17	19.45	19.45	19.45	19.45	100
581	2018-05-18	19.45	19.45	19.45	19.45	0
582	2018-05-21	16.58	16.58	16.58	16.58	100
583	2018-05-22	14.2	14.2	14.2	14.2	100
584	2018-05-23	16.31	16.31	12.25	12.25	300
585	2018-05-24	11.65	11.65	11.65	11.65	100
586	2018-05-25	11.65	11.65	11.65	11.65	0
587	2018-05-28	13.38	13.38	13.38	13.38	100
588	2018-05-29	15.39	15.39	15.39	15.39	100
589	2018-05-30	17.66	17.66	13.17	17.66	700
590	2018-05-31	17.34	17.34	12.95	17.34	2000
591	2018-06-01	18.1	18.15	15.88	15.88	2100
592	2018-06-04	18.04	18.04	18.04	18.04	0
593	2018-06-05	18.97	18.97	16.04	16.04	600
594	2018-06-06	15.71	20.05	15.71	15.82	2100
595	2018-06-07	15.77	15.77	15.77	15.77	500
596	2018-06-08	15.77	15.77	15.77	15.77	0
597	2018-06-11	18.1	18.1	18.1	18.1	100
598	2018-06-12	15.39	15.39	15.39	15.39	400
599	2018-06-13	15.39	15.39	15.39	15.39	0
600	2018-06-14	16.8	17.34	16.8	16.8	4500
601	2018-06-15	16.8	16.8	16.8	16.8	0
602	2018-06-18	16.8	16.8	16.8	16.8	0
603	2018-06-19	16.8	16.8	16.8	16.8	0
604	2018-06-20	16.8	16.8	16.8	16.8	0
605	2018-06-21	16.8	16.8	16.8	16.8	0
606	2018-06-22	16.8	16.8	16.8	16.8	0
607	2018-06-25	14.31	14.31	14.31	14.31	200
608	2018-06-26	14.31	14.31	14.31	14.31	0
609	2018-06-27	14.31	14.31	14.31	14.31	0
610	2018-06-28	14.31	14.31	14.31	14.31	0
611	2018-06-29	14.31	14.31	14.31	14.31	0
612	2018-07-02	14.31	14.31	14.31	14.31	0
613	2018-07-03	12.19	12.19	12.19	12.19	200
614	2018-07-04	12.19	12.19	12.19	12.19	0
615	2018-07-05	12.19	12.19	12.19	12.19	0
616	2018-07-06	12.19	12.19	12.19	12.19	0
617	2018-07-09	12.19	12.19	12.19	12.19	0
618	2018-07-10	10.4	10.4	10.4	10.4	400
619	2018-07-11	10.4	10.4	10.4	10.4	0
620	2018-07-12	10.4	10.4	10.4	10.4	0
621	2018-07-13	10.4	10.4	10.4	10.4	0
622	2018-07-16	10.4	10.4	10.4	10.4	0
623	2018-07-17	10.4	10.4	10.4	10.4	0
624	2018-07-18	10.4	10.4	10.4	10.4	0
625	2018-07-19	10.4	10.4	10.4	10.4	0
626	2018-07-20	10.4	10.4	10.4	10.4	0
627	2018-07-23	10.4	10.4	10.4	10.4	0
628	2018-07-24	10.4	10.4	10.4	10.4	0
629	2018-07-25	10.4	10.4	10.4	10.4	0
630	2018-07-26	10.4	10.4	10.4	10.4	0
631	2018-07-27	10.4	10.4	10.4	10.4	0
632	2018-07-30	10.4	10.4	10.4	10.4	0
633	2018-07-31	11.92	11.92	11.92	11.92	100
634	2018-08-01	11.92	11.92	11.92	11.92	0
635	2018-08-02	13.55	13.55	13.55	13.55	300
636	2018-08-03	13.55	13.55	13.55	13.55	0
637	2018-08-06	13.55	13.55	13.55	13.55	0
638	2018-08-07	13.55	13.55	13.55	13.55	0
639	2018-08-08	14.09	15.17	14.09	15.17	700
640	2018-08-09	16.26	16.96	16.26	16.96	3200
641	2018-08-10	16.96	16.96	16.96	16.96	100
642	2018-08-13	19.45	19.45	19.45	19.45	1000
643	2018-08-14	19.45	19.45	19.45	19.45	0
644	2018-08-15	19.45	19.45	19.45	19.45	0
645	2018-08-16	19.45	19.45	19.45	19.45	0
646	2018-08-17	19.45	19.45	19.45	19.45	0
647	2018-08-20	19.45	19.45	19.45	19.45	0
648	2018-08-21	19.45	19.45	19.45	19.45	0
649	2018-08-22	19.45	19.45	19.45	19.45	0
650	2018-08-23	19.45	19.45	19.45	19.45	0
651	2018-08-24	19.45	19.45	19.45	19.45	0
652	2018-08-27	19.51	20.05	19.51	20.05	12000
653	2018-08-28	19.62	19.62	19.62	19.62	0
654	2018-08-29	19.62	19.62	19.62	19.62	0
655	2018-08-30	19.62	19.62	19.62	19.62	0
656	2018-08-31	19.62	19.62	19.62	19.62	0
657	2018-09-04	19.62	19.62	19.62	19.62	0
658	2018-09-05	19.62	19.62	19.62	19.62	0
659	2018-09-06	19.62	19.62	19.62	19.62	0
660	2018-09-07	19.62	19.62	19.62	19.62	0
661	2018-09-10	19.62	19.62	19.62	19.62	0
662	2018-09-11	19.62	19.62	19.62	19.62	0
663	2018-09-12	19.62	19.62	19.62	19.62	0
664	2018-09-13	21.13	22.54	21.13	22.54	5000
665	2018-09-14	19.24	19.24	19.24	19.24	1000
666	2018-09-17	19.24	19.24	19.24	19.24	0
667	2018-09-18	19.24	19.24	19.24	19.24	0
668	2018-09-19	16.36	16.36	16.36	16.36	1000
669	2018-09-20	16.36	16.36	16.36	16.36	0
670	2018-09-21	16.36	16.36	16.36	16.36	0
671	2018-09-24	16.36	16.36	16.36	16.36	0
672	2018-09-25	16.36	16.36	16.36	16.36	0
673	2018-09-26	16.36	16.36	16.36	16.36	0
674	2018-09-27	16.36	16.36	16.36	16.36	0
675	2018-09-28	16.36	16.36	16.36	16.36	0
676	2018-10-01	16.36	16.36	16.36	16.36	0
677	2018-10-02	16.36	16.36	16.36	16.36	0
678	2018-10-03	16.36	16.36	16.36	16.36	0
679	2018-10-04	16.36	16.36	16.36	16.36	0
680	2018-10-05	16.36	16.36	16.36	16.36	0
681	2018-10-08	16.36	16.36	16.36	16.36	0
682	2018-10-09	16.36	16.36	16.36	16.36	0
683	2018-10-10	18.8	18.8	18.8	18.8	3800
684	2018-10-11	18.8	18.8	18.8	18.8	0
685	2018-10-12	15.99	15.99	15.99	15.99	700
686	2018-10-15	18.37	18.37	18.37	18.37	100
687	2018-10-16	20.59	20.59	20.59	20.59	2500
688	2018-10-17	20.59	20.59	20.59	20.59	0
689	2018-10-18	20.59	20.59	20.59	20.59	0
690	2018-10-19	23.3	23.3	23.3	23.3	100
691	2018-10-22	19.83	19.83	19.83	19.83	300
692	2018-10-23	18.69	18.97	16.91	18.97	1410
693	2018-10-24	21.19	21.19	15.66	15.71	18260
694	2018-10-25	17.99	17.99	17.99	17.99	100
695	2018-10-26	17.99	17.99	17.99	17.99	0
696	2018-10-29	15.39	15.39	15.39	15.39	100
697	2018-10-30	15.39	15.39	15.39	15.39	0
698	2018-10-31	15.39	15.39	15.39	15.39	0
699	2018-11-01	15.39	15.39	15.39	15.39	0
700	2018-11-02	15.39	15.39	15.39	15.39	0
701	2018-11-05	17.66	17.66	17.66	17.66	900
702	2018-11-06	17.66	17.66	17.66	17.66	0
703	2018-11-07	17.66	17.66	17.66	17.66	0
704	2018-11-08	17.66	17.66	17.66	17.66	0
705	2018-11-09	17.66	17.66	17.66	17.66	0
706	2018-11-12	17.66	17.66	17.66	17.66	0
707	2018-11-13	17.66	17.66	17.66	17.66	0
708	2018-11-14	17.66	17.66	17.66	17.66	0
709	2018-11-15	17.66	17.66	17.66	17.66	0
710	2018-11-16	17.66	17.66	17.66	17.66	0
711	2018-11-19	17.66	17.66	17.66	17.66	0
712	2018-11-20	17.66	17.66	17.66	17.66	0
713	2018-11-21	17.66	17.66	17.66	17.66	0
714	2018-11-22	17.66	17.66	17.66	17.66	0
715	2018-11-23	17.66	17.66	17.66	17.66	0
716	2018-11-26	17.88	17.88	17.88	17.88	2000
717	2018-11-27	18.97	18.97	15.23	18.97	4500
718	2018-11-28	21.13	21.4	16.04	21.4	3100
719	2018-11-29	17.94	17.94	17.94	17.94	100
720	2018-11-30	17.94	17.94	17.94	17.94	10
721	2018-12-03	15.71	15.71	15.71	15.71	100
722	2018-12-04	13.55	13.55	13.55	13.55	100
723	2018-12-05	13.55	13.55	13.55	13.55	0
724	2018-12-06	15.55	15.55	15.55	15.55	100
725	2018-12-07	17.88	17.88	17.88	17.88	100
726	2018-12-10	17.88	17.88	17.88	17.88	0
727	2018-12-11	17.88	17.88	17.88	17.88	0
728	2018-12-12	17.88	17.88	17.88	17.88	0
729	2018-12-13	17.88	17.88	17.88	17.88	0
730	2018-12-14	17.88	17.88	17.88	17.88	0
731	2018-12-17	17.88	17.88	17.88	17.88	0
732	2018-12-18	17.88	17.88	17.88	17.88	0
733	2018-12-19	17.88	17.88	17.88	17.88	0
734	2018-12-20	17.88	17.88	17.88	17.88	0
735	2018-12-21	17.88	17.88	17.88	17.88	0
736	2018-12-24	17.88	17.88	17.88	17.88	0
737	2018-12-25	17.88	17.88	17.88	17.88	0
738	2018-12-26	17.88	17.88	17.88	17.88	0
739	2018-12-27	17.88	17.88	17.88	17.88	0
740	2018-12-28	17.88	17.88	17.88	17.88	0
741	2019-01-02	17.88	17.88	17.88	17.88	0
742	2019-01-03	17.88	17.88	17.88	17.88	0
743	2019-01-04	17.88	17.88	17.88	17.88	0
744	2019-01-07	20.05	20.05	20.05	20.05	1100
745	2019-01-08	17.07	20.05	17.07	20.05	1100
746	2019-01-09	19.78	20.05	20.05	20.05	0
747	2019-01-10	16.85	16.85	16.85	16.85	100
748	2019-01-11	16.85	16.85	16.85	16.85	0
749	2019-01-14	16.85	16.85	16.85	16.85	0
750	2019-01-15	16.85	16.85	16.85	16.85	0
751	2019-01-16	16.85	16.85	16.85	16.85	0
752	2019-01-17	16.85	16.85	16.85	16.85	0
753	2019-01-18	16.85	16.85	16.85	16.85	0
754	2019-01-21	16.85	16.85	16.85	16.85	0
755	2019-01-22	19.34	19.34	19.34	19.34	100
756	2019-01-23	19.34	19.34	19.34	19.34	0
757	2019-01-24	19.34	19.34	19.34	19.34	0
758	2019-01-25	19.34	19.34	19.34	19.34	0
759	2019-01-28	19.34	19.34	19.34	19.34	0
760	2019-01-29	19.34	19.34	19.34	19.34	0
761	2019-01-30	19.34	19.34	19.34	19.34	0
762	2019-01-31	19.34	19.34	19.34	19.34	10
763	2019-02-01	19.34	19.34	19.34	19.34	20
764	2019-02-11	19.34	19.34	19.34	19.34	0
765	2019-02-12	19.34	19.34	19.34	19.34	0
766	2019-02-13	19.34	19.34	19.34	19.34	0
767	2019-02-14	19.34	19.34	19.34	19.34	0
768	2019-02-15	19.34	19.34	19.34	19.34	0
769	2019-02-18	19.34	19.34	19.34	19.34	0
770	2019-02-19	19.34	19.34	19.34	19.34	10
771	2019-02-20	19.34	19.34	19.34	19.34	0
772	2019-02-21	21.13	21.67	21.13	21.67	3800
773	2019-02-22	18.21	22.76	18.21	22.76	5900
774	2019-02-25	18.97	18.97	18.97	18.97	100
775	2019-02-26	21.67	21.67	16.15	16.15	1300
776	2019-02-27	18.1	22.76	18.1	22.76	3340
777	2019-02-28	21.73	22.76	22.76	22.76	0
778	2019-03-01	21.73	22.76	22.76	22.76	0
779	2019-03-04	23.84	24.93	23.84	24.93	3500
780	2019-03-05	21.13	21.13	21.13	21.13	200
781	2019-03-06	19.51	19.51	18.97	18.97	3800
782	2019-03-07	19.51	22.11	19.51	22.11	1510
783	2019-03-08	20.97	22.11	22.11	22.11	0
784	2019-03-11	23.84	23.84	23.84	23.84	1900
785	2019-03-12	21.13	23.84	21.13	23.84	700
786	2019-03-13	23.46	23.84	23.84	23.84	0
787	2019-03-14	20.59	20.59	20.59	20.59	100
788	2019-03-15	20.59	20.59	20.59	20.59	0
789	2019-03-18	20.59	20.59	20.59	20.59	10
790	2019-03-19	20.59	20.59	20.59	20.59	0
791	2019-03-20	20.59	20.59	20.59	20.59	0
792	2019-03-21	20.59	20.59	20.59	20.59	0
793	2019-03-22	20.59	20.59	20.59	20.59	0
794	2019-03-25	20.59	20.59	20.59	20.59	0
795	2019-03-26	20.59	20.59	20.59	20.59	10
796	2019-03-27	20.59	20.59	20.59	20.59	0
797	2019-03-28	20.59	20.59	20.59	20.59	0
798	2019-03-29	20.59	20.59	20.59	20.59	0
799	2019-04-01	20.59	20.59	20.59	20.59	0
800	2019-04-02	20.59	20.59	20.59	20.59	0
801	2019-04-03	20.59	20.59	20.59	20.59	0
802	2019-04-04	20.59	20.59	20.59	20.59	0
803	2019-04-05	20.59	20.59	20.59	20.59	0
804	2019-04-08	20.59	20.59	20.59	20.59	0
805	2019-04-09	20.59	20.59	20.59	20.59	0
806	2019-04-10	20.59	20.59	20.59	20.59	0
807	2019-04-11	20.59	20.59	20.59	20.59	0
808	2019-04-12	20.59	20.59	20.59	20.59	0
809	2019-04-16	20.59	20.59	20.59	20.59	0
810	2019-04-17	20.59	20.59	20.59	20.59	0
811	2019-04-18	20.59	20.59	20.59	20.59	0
812	2019-04-19	17.5	17.5	17.5	17.5	100
813	2019-04-22	17.5	17.5	17.5	17.5	0
814	2019-04-23	17.34	17.34	14.9	14.9	12800
815	2019-04-24	15.01	14.9	14.9	14.9	0
816	2019-04-25	15.01	14.9	14.9	14.9	0
817	2019-04-26	15.01	14.9	14.9	14.9	0
818	2019-05-02	15.01	14.9	14.9	14.9	0
819	2019-05-03	15.01	14.9	14.9	14.9	0
820	2019-05-06	15.01	14.9	14.9	14.9	0
821	2019-05-07	15.01	14.9	14.9	14.9	0
822	2019-05-08	15.01	14.9	14.9	14.9	0
823	2019-05-09	15.01	14.9	14.9	14.9	0
824	2019-05-10	15.01	14.9	14.9	14.9	0
825	2019-05-13	15.01	14.9	14.9	14.9	0
826	2019-05-14	15.01	14.9	14.9	14.9	0
827	2019-05-15	15.01	14.9	14.9	14.9	0
828	2019-05-16	15.01	14.9	14.9	14.9	0
829	2019-05-17	15.01	14.9	14.9	14.9	0
830	2019-05-20	15.01	14.9	14.9	14.9	0
831	2019-05-21	15.01	14.9	14.9	14.9	0
832	2019-05-22	15.01	14.9	14.9	14.9	0
833	2019-05-23	15.01	14.9	14.9	14.9	0
834	2019-05-24	17.23	17.23	17.23	17.23	100
835	2019-05-27	19.78	19.78	19.78	19.78	500
836	2019-05-28	19.77	26.63	26.63	26.63	0
837	2019-05-29	22.69	22.69	22.69	22.69	100
838	2019-05-30	20.06	20.06	20.06	20.06	100
839	2019-05-31	20.06	20.06	20.06	20.06	0
840	2019-06-03	20.06	20.06	20.06	20.06	0
841	2019-06-04	18.97	18.97	18.97	18.97	200
842	2019-06-05	18.6	18.6	18.6	18.6	100
843	2019-06-06	18.6	18.6	18.6	18.6	0
844	2019-06-07	18.6	18.6	18.6	18.6	0
845	2019-06-10	18.6	18.6	18.6	18.6	0
846	2019-06-11	18.6	18.6	18.6	18.6	0
847	2019-06-12	18.6	18.6	18.6	18.6	0
848	2019-06-13	21.38	21.38	21.38	21.38	100
849	2019-06-14	21.38	21.38	21.38	21.38	0
850	2019-06-17	21.38	21.38	21.38	21.38	0
851	2019-06-18	21.38	21.38	21.38	21.38	0
852	2019-06-19	18.24	18.24	18.24	18.24	100
853	2019-06-20	20.94	20.94	20.94	20.94	100
854	2019-06-21	20.94	20.94	20.94	20.94	0
855	2019-06-24	20.94	20.94	20.94	20.94	0
856	2019-06-25	20.94	20.94	20.94	20.94	0
857	2019-06-26	20.94	20.94	20.94	20.94	0
858	2019-06-27	24.08	24.08	24.08	24.08	100
859	2019-06-28	24.08	24.08	24.08	24.08	0
860	2019-07-01	20.5	20.5	20.5	20.5	100
861	2019-07-02	20.5	20.5	20.5	20.5	0
862	2019-07-03	18.31	18.31	18.31	18.31	100
863	2019-07-04	21.01	21.01	18.31	18.31	5600
864	2019-07-05	23.86	23.86	23.86	23.86	1000
865	2019-07-08	20.28	20.28	20.28	20.28	100
866	2019-07-09	18.39	18.39	18.39	18.39	100
867	2019-07-10	18.39	18.39	18.39	18.39	0
868	2019-07-11	21.09	21.09	21.09	21.09	1500
869	2019-07-12	23.27	24.08	22.98	24.08	900
870	2019-07-15	23.2	24.08	24.08	24.08	0
871	2019-07-16	23.2	24.08	24.08	24.08	0
872	2019-07-17	19.84	19.84	19.84	19.84	100
873	2019-07-18	22.76	22.76	22.76	22.76	100
874	2019-07-19	22.76	22.76	22.76	22.76	0
875	2019-07-22	19.63	19.63	19.63	19.63	100
876	2019-07-23	18.46	22.54	18.46	22.54	400
877	2019-07-24	21.52	22.54	22.54	22.54	0
878	2019-07-25	21.52	22.54	22.54	22.54	0
879	2019-07-26	21.52	22.54	22.54	22.54	0
880	2019-07-29	18.75	18.75	18.75	18.75	200
881	2019-07-30	21.52	21.52	21.52	21.52	100
882	2019-07-31	21.52	21.52	21.52	21.52	0
883	2019-08-01	24.08	24.73	24.08	24.73	9600
884	2019-08-02	24.73	24.73	24.73	24.73	0
885	2019-08-05	21.09	21.09	21.09	21.09	300
886	2019-08-06	18.68	24.22	18.68	24.22	300
887	2019-08-07	18.9	23.57	18.9	23.57	9500
888	2019-08-08	23.49	23.57	23.57	23.57	0
889	2019-08-09	26.99	26.99	26.99	26.99	13400
890	2019-08-12	22.98	22.98	22.98	22.98	100
891	2019-08-13	22.98	22.98	22.98	22.98	0
892	2019-08-14	22.98	22.98	22.98	22.98	0
893	2019-08-15	22.98	22.98	22.98	22.98	0
894	2019-08-16	22.98	22.98	22.98	22.98	0
895	2019-08-19	22.98	22.98	22.98	22.98	0
896	2019-08-20	22.98	22.98	22.98	22.98	0
897	2019-08-21	22.98	22.98	22.98	22.98	0
898	2019-08-22	22.98	22.98	22.98	22.98	0
899	2019-08-23	22.98	22.98	22.98	22.98	0
900	2019-08-26	22.98	22.98	22.98	22.98	0
901	2019-08-27	22.98	22.98	22.98	22.98	0
902	2019-08-28	22.98	22.98	22.98	22.98	0
903	2019-08-29	22.98	22.98	22.98	22.98	0
904	2019-08-30	22.98	22.98	22.98	22.98	0
905	2019-09-03	22.98	22.98	22.98	22.98	0
906	2019-09-04	22.98	22.98	22.98	22.98	0
907	2019-09-05	22.98	22.98	22.98	22.98	0
908	2019-09-06	26.41	26.41	26.41	26.41	200
909	2019-09-09	26.41	26.41	26.41	26.41	0
910	2019-09-10	26.41	26.41	26.41	26.41	0
911	2019-09-11	26.41	26.41	26.41	26.41	0
912	2019-09-12	26.41	26.41	26.41	26.41	0
913	2019-09-13	26.41	26.41	26.41	26.41	0
914	2019-09-16	26.41	26.41	26.41	26.41	0
915	2019-09-17	26.41	26.41	26.41	26.41	0
916	2019-09-18	26.41	26.41	26.41	26.41	0
917	2019-09-19	26.41	26.41	26.41	26.41	0
918	2019-09-20	26.41	26.41	26.41	26.41	0
919	2019-09-23	26.41	26.41	26.41	26.41	0
920	2019-09-24	26.41	26.41	26.41	26.41	0
921	2019-09-25	26.41	26.41	26.41	26.41	0
922	2019-09-26	26.41	26.41	26.41	26.41	0
923	2019-09-27	26.41	26.41	26.41	26.41	0
924	2019-09-30	26.41	26.41	26.41	26.41	0
925	2019-10-01	26.41	26.41	26.41	26.41	0
926	2019-10-02	26.41	26.41	26.41	26.41	0
927	2019-10-03	22.47	22.47	22.47	22.47	100
928	2019-10-04	22.47	22.47	22.47	22.47	0
929	2019-10-07	22.47	22.47	22.47	22.47	0
930	2019-10-08	22.47	22.47	22.47	22.47	0
931	2019-10-09	22.47	22.47	22.47	22.47	0
932	2019-10-10	22.47	22.47	22.47	22.47	0
933	2019-10-11	22.47	22.47	22.47	22.47	0
934	2019-10-14	22.47	22.47	22.47	22.47	0
935	2019-10-15	22.47	22.47	22.47	22.47	0
936	2019-10-16	25.83	25.83	25.83	25.83	500
937	2019-10-17	25.83	25.83	25.83	25.83	0
938	2019-10-18	25.83	25.83	25.83	25.83	0
939	2019-10-21	25.83	25.83	25.83	25.83	0
940	2019-10-22	25.83	25.83	25.83	25.83	0
941	2019-10-23	25.83	25.83	25.83	25.83	0
942	2019-10-24	25.83	25.83	25.83	25.83	0
943	2019-10-25	25.83	25.83	25.83	25.83	0
944	2019-10-28	25.83	25.83	25.83	25.83	0
945	2019-10-29	25.83	25.83	25.83	25.83	0
946	2019-10-30	25.83	25.83	25.83	25.83	0
947	2019-10-31	25.83	25.83	25.83	25.83	0
948	2019-11-01	25.83	25.83	25.83	25.83	0
949	2019-11-04	25.83	25.83	25.83	25.83	0
950	2019-11-05	25.83	25.83	25.83	25.83	0
951	2019-11-06	25.83	25.83	25.83	25.83	0
952	2019-11-07	25.83	25.83	25.83	25.83	0
953	2019-11-08	25.83	25.83	25.83	25.83	0
954	2019-11-11	25.83	25.83	25.83	25.83	0
955	2019-11-12	25.83	25.83	25.83	25.83	0
956	2019-11-13	25.83	25.83	25.83	25.83	0
957	2019-11-14	25.83	25.83	25.83	25.83	0
958	2019-11-15	25.83	25.83	25.83	25.83	0
959	2019-11-18	25.83	25.83	25.83	25.83	0
960	2019-11-19	25.83	25.83	25.83	25.83	0
961	2019-11-20	25.83	25.83	25.83	25.83	0
962	2019-11-21	25.83	25.83	25.83	25.83	0
963	2019-11-22	25.83	25.83	25.83	25.83	0
964	2019-11-25	25.83	25.83	25.83	25.83	0
965	2019-11-26	25.83	25.83	25.83	25.83	0
966	2019-11-27	25.83	25.83	25.83	25.83	0
967	2019-11-28	25.83	25.83	25.83	25.83	0
968	2019-11-29	25.83	25.83	25.83	25.83	0
969	2019-12-02	25.83	25.83	25.83	25.83	0
970	2019-12-03	25.83	25.83	25.83	25.83	0
971	2019-12-04	25.83	25.83	25.83	25.83	0
972	2019-12-05	25.83	25.83	25.83	25.83	0
973	2019-12-06	25.83	25.83	25.83	25.83	0
974	2019-12-09	25.83	25.83	25.83	25.83	0
975	2019-12-10	25.83	25.83	25.83	25.83	0
976	2019-12-11	25.83	25.83	25.83	25.83	0
977	2019-12-12	25.83	25.83	25.83	25.83	0
978	2019-12-13	25.83	25.83	25.83	25.83	0
979	2019-12-16	29.18	29.18	29.18	29.18	1200
980	2019-12-17	29.18	29.18	29.18	29.18	0
981	2019-12-18	29.18	29.18	29.18	29.18	0
982	2019-12-19	29.18	29.18	29.18	29.18	0
983	2019-12-20	29.18	29.18	29.18	29.18	0
984	2019-12-23	32.83	32.83	32.83	32.83	200
985	2019-12-24	32.83	32.83	32.83	32.83	0
986	2019-12-25	32.83	32.83	32.83	32.83	0
987	2019-12-26	32.83	32.83	32.83	32.83	0
988	2019-12-27	32.83	32.83	32.83	32.83	0
989	2019-12-30	32.83	32.83	32.83	32.83	0
990	2019-12-31	32.83	32.83	32.83	32.83	0
991	2020-01-02	32.83	32.83	32.83	32.83	0
992	2020-01-03	32.83	32.83	32.83	32.83	0
993	2020-01-06	32.83	32.83	32.83	32.83	0
994	2020-01-07	32.83	32.83	32.83	32.83	0
995	2020-01-08	32.83	32.83	32.83	32.83	0
996	2020-01-09	32.83	32.83	32.83	32.83	1000
997	2020-01-10	32.83	32.83	32.83	32.83	0
998	2020-01-13	32.83	32.83	32.83	32.83	0
999	2020-01-14	32.83	32.83	32.83	32.83	0
1000	2020-01-15	32.83	32.83	32.83	32.83	0
1001	2020-01-16	32.83	32.83	32.83	32.83	0
1002	2020-01-17	32.83	32.83	32.83	32.83	0
1003	2020-01-20	32.83	32.83	32.83	32.83	0
1004	2020-01-21	32.83	32.83	32.83	32.83	0
1005	2020-01-22	32.83	32.83	32.83	32.83	0
1006	2020-01-30	32.83	32.83	32.83	32.83	0
1007	2020-01-31	32.83	32.83	32.83	32.83	0
1008	2020-02-03	32.83	32.83	32.83	32.83	0
1009	2020-02-04	32.83	32.83	32.83	32.83	0
1010	2020-02-05	32.83	32.83	32.83	32.83	0
1011	2020-02-06	32.83	32.83	32.83	32.83	0
1012	2020-02-07	30.64	30.64	30.64	30.64	100
1013	2020-02-10	31.37	31.37	31.37	31.37	200
1014	2020-02-11	31.37	31.37	31.37	31.37	10
1015	2020-02-12	31.37	31.37	31.37	31.37	0
1016	2020-02-13	31.37	31.37	31.37	31.37	0
1017	2020-02-14	31.37	31.37	31.37	31.37	0
1018	2020-02-17	31.37	31.37	31.37	31.37	0
1019	2020-02-18	31.37	31.37	31.37	31.37	0
1020	2020-02-19	31.37	31.37	31.37	31.37	0
1021	2020-02-20	26.7	26.7	26.7	26.7	100
1022	2020-02-21	26.7	26.7	26.7	26.7	0
1023	2020-02-24	22.76	22.76	22.76	22.76	100
1024	2020-02-25	22.76	22.76	22.76	22.76	0
1025	2020-02-26	22.76	22.76	22.76	22.76	0
1026	2020-02-27	22.76	22.76	22.76	22.76	0
1027	2020-02-28	22.76	22.76	22.76	22.76	0
1028	2020-03-02	22.76	22.76	22.76	22.76	0
1029	2020-03-03	22.76	22.76	22.76	22.76	0
1030	2020-03-04	22.76	22.76	22.76	22.76	0
1031	2020-03-05	22.76	22.76	22.76	22.76	0
1032	2020-03-06	22.76	22.76	22.76	22.76	0
1033	2020-03-09	22.76	22.76	22.76	22.76	0
1034	2020-03-10	22.76	22.76	22.76	22.76	0
1035	2020-03-11	22.76	22.76	22.76	22.76	0
1036	2020-03-12	22.76	22.76	22.76	22.76	0
1037	2020-03-13	22.76	22.76	22.76	22.76	0
1038	2020-03-16	22.76	22.76	22.76	22.76	0
1039	2020-03-17	22.76	22.76	22.76	22.76	0
1040	2020-03-18	19.41	19.41	19.41	19.41	100
1041	2020-03-19	19.41	19.41	19.41	19.41	0
1042	2020-03-20	19.41	19.41	19.41	19.41	0
1043	2020-03-23	19.41	19.41	19.41	19.41	0
1044	2020-03-24	19.41	19.41	19.41	19.41	0
1045	2020-03-25	19.41	19.41	19.41	19.41	0
1046	2020-03-26	19.41	19.41	19.41	19.41	0
1047	2020-03-27	19.41	19.41	19.41	19.41	0
1048	2020-03-30	19.41	19.41	19.41	19.41	0
1049	2020-03-31	19.41	19.41	19.41	19.41	0
1050	2020-04-01	19.41	19.41	19.41	19.41	0
1051	2020-04-03	19.41	19.41	19.41	19.41	0
1052	2020-04-06	19.41	19.41	19.41	19.41	0
1053	2020-04-07	19.41	19.41	19.41	19.41	0
1054	2020-04-08	19.41	19.41	19.41	19.41	0
1055	2020-04-09	19.41	19.41	19.41	19.41	0
1056	2020-04-10	19.41	19.41	19.41	19.41	0
1057	2020-04-13	19.41	19.41	19.41	19.41	0
1058	2020-04-14	19.41	19.41	19.41	19.41	0
1059	2020-04-15	19.41	19.41	19.41	19.41	0
1060	2020-04-16	19.41	19.41	19.41	19.41	0
1061	2020-04-17	19.41	19.41	19.41	19.41	0
1062	2020-04-20	19.41	19.41	19.41	19.41	0
1063	2020-04-21	19.41	19.41	19.41	19.41	0
1064	2020-04-22	19.41	19.41	19.41	19.41	0
1065	2020-04-23	19.41	19.41	19.41	19.41	0
1066	2020-04-24	19.41	19.41	19.41	19.41	0
1067	2020-04-27	19.41	19.41	19.41	19.41	0
1068	2020-04-28	19.41	19.41	19.41	19.41	0
1069	2020-04-29	19.41	19.41	19.41	19.41	0
1070	2020-05-04	19.41	19.41	19.41	19.41	0
1071	2020-05-05	19.41	19.41	19.41	19.41	0
1072	2020-05-06	19.41	19.41	19.41	19.41	0
1073	2020-05-07	19.41	19.41	19.41	19.41	0
1074	2020-05-08	19.41	19.41	19.41	19.41	0
1075	2020-05-11	19.41	19.41	19.41	19.41	0
1076	2020-05-12	19.41	19.41	19.41	19.41	0
1077	2020-05-13	19.41	19.41	19.41	19.41	0
1078	2020-05-14	19.41	19.41	19.41	19.41	0
1079	2020-05-15	19.41	19.41	19.41	19.41	0
1080	2020-05-18	19.41	19.41	19.41	19.41	0
1081	2020-05-19	19.41	19.41	19.41	19.41	0
1082	2020-05-20	19.41	19.41	19.41	19.41	0
1083	2020-05-21	19.41	19.41	19.41	19.41	0
1084	2020-05-22	19.41	19.41	19.41	19.41	0
1085	2020-05-25	19.41	19.41	19.41	19.41	0
1086	2020-05-26	19.41	19.41	19.41	19.41	0
1087	2020-05-27	19.41	19.41	19.41	19.41	0
1088	2020-05-28	19.41	19.41	19.41	19.41	0
1089	2020-05-29	19.41	19.41	19.41	19.41	0
1090	2020-06-01	19.41	19.41	19.41	19.41	0
1091	2020-06-02	19.41	19.41	19.41	19.41	0
1092	2020-06-03	19.41	19.41	19.41	19.41	0
1093	2020-06-04	19.44	22.19	22.19	22.19	0
1094	2020-06-05	19.44	22.19	22.19	22.19	0
1095	2020-06-08	19.44	22.19	22.19	22.19	0
1096	2020-06-09	19.44	22.19	22.19	22.19	0
1097	2020-06-10	19.44	22.19	22.19	22.19	0
1098	2020-06-11	19.44	22.19	22.19	22.19	0
1099	2020-06-12	19.44	22.19	22.19	22.19	0
1100	2020-06-15	19.44	22.19	22.19	22.19	0
1101	2020-06-16	25.03	25.03	25.03	25.03	1000
1102	2020-06-17	25.03	25.03	25.03	25.03	0
1103	2020-06-18	25.03	25.03	25.03	25.03	0
1104	2020-06-19	25.03	25.03	25.03	25.03	0
1105	2020-06-22	25.03	25.03	25.03	25.03	0
1106	2020-06-23	25.03	25.03	25.03	25.03	0
1107	2020-06-24	25.03	25.03	25.03	25.03	0
1108	2020-06-25	25.03	25.03	25.03	25.03	0
1109	2020-06-26	25.03	25.03	25.03	25.03	0
1110	2020-06-29	25.03	25.03	25.03	25.03	0
1111	2020-06-30	25.03	25.03	25.03	25.03	0
1112	2020-07-01	25.03	25.03	25.03	25.03	0
1113	2020-07-02	25.03	25.03	25.03	25.03	0
1114	2020-07-03	27.53	27.53	27.53	27.53	100
1115	2020-07-06	27.53	27.53	27.53	27.53	0
1116	2020-07-07	27.53	27.53	27.53	27.53	0
1117	2020-07-08	27.53	27.53	27.53	27.53	0
1118	2020-07-09	27.53	27.53	27.53	27.53	0
1119	2020-07-10	27.53	27.53	27.53	27.53	0
1120	2020-07-13	27.53	27.53	27.53	27.53	0
1121	2020-07-14	27.53	27.53	27.53	27.53	0
1122	2020-07-15	27.53	27.53	27.53	27.53	0
1123	2020-07-16	27.53	27.53	27.53	27.53	0
1124	2020-07-17	27.53	27.53	27.53	27.53	0
1125	2020-07-20	27.53	27.53	27.53	27.53	0
1126	2020-07-21	27.53	27.53	27.53	27.53	0
1127	2020-07-22	27.53	27.53	27.53	27.53	0
1128	2020-07-23	27.53	27.53	27.53	27.53	0
1129	2020-07-24	27.53	27.53	27.53	27.53	0
1130	2020-07-27	27.53	27.53	27.53	27.53	0
1131	2020-07-28	27.53	27.53	27.53	27.53	0
1132	2020-07-29	27.53	27.53	27.53	27.53	0
1133	2020-07-30	27.53	27.53	27.53	27.53	0
1134	2020-07-31	27.53	27.53	27.53	27.53	0
1135	2020-08-03	27.53	27.53	27.53	27.53	0
1136	2020-08-04	27.53	27.53	27.53	27.53	0
1137	2020-08-05	27.53	27.53	27.53	27.53	0
1138	2020-08-06	27.53	27.53	27.53	27.53	0
1139	2020-08-07	27.53	27.53	27.53	27.53	0
1140	2020-08-10	27.53	27.53	27.53	27.53	0
1141	2020-08-11	27.53	27.53	27.53	27.53	0
1142	2020-08-12	27.53	27.53	27.53	27.53	0
1143	2020-08-13	27.53	27.53	27.53	27.53	0
1144	2020-08-14	27.53	27.53	27.53	27.53	0
1145	2020-08-17	27.53	27.53	27.53	27.53	0
1146	2020-08-18	27.53	27.53	27.53	27.53	0
1147	2020-08-19	23.36	23.36	23.36	23.36	200
1148	2020-08-20	23.36	23.36	23.36	23.36	71
1149	2020-08-21	23.36	23.36	23.36	23.36	0
1150	2020-08-24	23.36	23.36	23.36	23.36	0
1151	2020-08-25	23.36	23.36	23.36	23.36	0
1152	2020-08-26	23.36	23.36	23.36	23.36	0
1153	2020-08-27	23.36	23.36	23.36	23.36	0
1154	2020-08-28	23.36	23.36	23.36	23.36	0
1155	2020-08-31	23.36	23.36	23.36	23.36	0
1156	2020-09-01	23.36	23.36	23.36	23.36	0
1157	2020-09-03	23.36	23.36	23.36	23.36	0
1158	2020-09-04	23.36	23.36	23.36	23.36	0
1159	2020-09-07	23.36	23.36	23.36	23.36	0
1160	2020-09-08	23.36	23.36	23.36	23.36	35
1161	2020-09-09	23.36	23.36	23.36	23.36	0
1162	2020-09-10	23.36	23.36	23.36	23.36	0
1163	2020-09-11	23.36	23.36	23.36	23.36	1600
1164	2020-09-14	23.36	23.36	23.36	23.36	0
1165	2020-09-15	23.36	23.36	23.36	23.36	1
1166	2020-09-16	23.36	23.36	23.36	23.36	0
1167	2020-09-17	23.36	23.36	23.36	23.36	0
1168	2020-09-18	26.87	26.87	26.87	26.87	103
1169	2020-09-21	30.87	30.87	30.87	30.87	100
1170	2020-09-22	35.46	35.46	35.46	35.46	1520
1171	2020-09-23	35.46	35.46	35.46	35.46	0
1172	2020-09-24	35.46	35.46	35.46	35.46	0
1173	2020-09-25	35.46	35.46	35.46	35.46	0
1174	2020-09-28	35.46	35.46	35.46	35.46	0
1175	2020-09-29	33.38	33.38	33.38	33.38	1500
1176	2020-09-30	33.38	33.38	33.38	33.38	0
1177	2020-10-01	33.38	33.38	33.38	33.38	0
1178	2020-10-02	33.38	33.38	33.38	33.38	0
1179	2020-10-05	33.38	33.38	33.38	33.38	0
1180	2020-10-06	33.38	33.38	33.38	33.38	0
1181	2020-10-07	33.38	33.38	33.38	33.38	0
1182	2020-10-08	33.38	33.38	33.38	33.38	0
1183	2020-10-09	33.38	33.38	33.38	33.38	0
1184	2020-10-12	33.38	33.38	33.38	33.38	1500
1185	2020-10-13	33.38	33.38	33.38	33.38	0
1186	2020-10-14	38.38	38.38	38.38	38.38	100
1187	2020-10-15	41.72	41.72	41.72	41.72	100
1188	2020-10-16	41.72	41.72	41.72	41.72	0
1189	2020-10-19	41.72	41.72	41.72	41.72	0
1190	2020-10-20	41.72	41.72	41.72	41.72	0
1191	2020-10-21	41.72	41.72	41.72	41.72	0
1192	2020-10-22	41.72	41.72	41.72	41.72	0
1193	2020-10-23	41.72	41.72	41.72	41.72	0
1194	2020-10-26	41.72	41.72	41.72	41.72	0
1195	2020-10-27	35.46	35.46	35.46	35.46	100
1196	2020-10-28	35.46	35.46	35.46	35.46	0
1197	2020-10-29	30.2	30.2	30.2	30.2	100
1198	2020-10-30	30.2	30.2	30.2	30.2	0
1199	2020-11-02	30.2	30.2	30.2	30.2	0
1200	2020-11-03	30.2	30.2	30.2	30.2	0
1201	2020-11-04	30.2	30.2	30.2	30.2	0
1202	2020-11-05	30.2	30.2	30.2	30.2	0
1203	2020-11-06	30.2	30.2	30.2	30.2	0
1204	2020-11-09	30.2	30.2	30.2	30.2	0
1205	2020-11-10	30.2	30.2	30.2	30.2	0
1206	2020-11-11	30.2	30.2	30.2	30.2	0
1207	2020-11-12	30.2	30.2	30.2	30.2	0
1208	2020-11-13	30.2	30.2	30.2	30.2	0
1209	2020-11-16	33.38	33.38	33.38	33.38	1000
1210	2020-11-17	33.38	33.38	33.38	33.38	0
1211	2020-11-18	33.38	33.38	33.38	33.38	0
1212	2020-11-19	33.38	33.38	33.38	33.38	0
1213	2020-11-20	28.37	28.37	28.37	28.37	100
1214	2020-11-23	28.37	28.37	28.37	28.37	0
1215	2020-11-24	28.37	28.37	28.37	28.37	0
1216	2020-11-25	28.37	28.37	28.37	28.37	0
1217	2020-11-26	28.37	28.37	28.37	28.37	0
1218	2020-11-27	28.37	28.37	28.37	28.37	0
1219	2020-11-30	28.37	28.37	28.37	28.37	0
1220	2020-12-01	28.37	28.37	28.37	28.37	0
1221	2020-12-02	28.37	28.37	28.37	28.37	0
1222	2020-12-03	28.37	28.37	28.37	28.37	0
1223	2020-12-04	28.37	28.37	28.37	28.37	0
1224	2020-12-07	28.37	28.37	28.37	28.37	0
1225	2020-12-08	28.37	28.37	28.37	28.37	0
1226	2020-12-09	28.37	28.37	28.37	28.37	0
1227	2020-12-10	28.37	28.37	28.37	28.37	0
1228	2020-12-11	28.37	28.37	28.37	28.37	0
1229	2020-12-14	28.37	28.37	28.37	28.37	0
1230	2020-12-15	28.37	28.37	28.37	28.37	0
1231	2020-12-16	32.62	32.62	32.62	32.62	100
1232	2020-12-17	32.62	32.62	32.62	32.62	0
1233	2020-12-18	32.62	32.62	32.62	32.62	0
1234	2020-12-21	32.62	32.62	32.62	32.62	0
1235	2020-12-22	32.62	32.62	32.62	32.62	0
1236	2020-12-23	32.62	32.62	32.62	32.62	0
1237	2020-12-24	32.62	32.62	32.62	32.62	0
1238	2020-12-25	32.62	32.62	32.62	32.62	0
1239	2020-12-28	32.62	32.62	32.62	32.62	0
1240	2020-12-29	32.62	32.62	32.62	32.62	0
1241	2020-12-30	32.62	32.62	32.62	32.62	0
1242	2020-12-31	32.62	32.62	32.62	32.62	0
1243	2021-01-04	32.62	32.62	32.62	32.62	0
1244	2021-01-05	32.62	32.62	32.62	32.62	0
1245	2021-01-06	32.62	32.62	32.62	32.62	0
1246	2021-01-07	32.62	32.62	32.62	32.62	0
1247	2021-01-08	32.62	32.62	32.62	32.62	0
1248	2021-01-11	32.62	32.62	32.62	32.62	0
1249	2021-01-12	32.62	32.62	32.62	32.62	0
1250	2021-01-13	32.62	32.62	32.62	32.62	0
1251	2021-01-14	32.62	32.62	32.62	32.62	0
1252	2021-01-15	32.62	32.62	32.62	32.62	0
1253	2021-01-18	32.62	32.62	32.62	32.62	0
1254	2021-01-19	32.62	32.62	32.62	32.62	0
1255	2021-01-20	32.62	32.62	32.62	32.62	0
1256	2021-01-21	32.62	32.62	32.62	32.62	0
1257	2021-01-22	32.62	32.62	32.62	32.62	0
1258	2021-01-25	32.62	32.62	32.62	32.62	0
1259	2021-01-26	32.62	32.62	32.62	32.62	0
1260	2021-01-27	32.62	32.62	32.62	32.62	0
1261	2021-01-28	32.62	32.62	32.62	32.62	0
1262	2021-01-29	32.62	32.62	32.62	32.62	0
1263	2021-02-01	32.62	32.62	32.62	32.62	0
1264	2021-02-02	32.62	32.62	32.62	32.62	0
1265	2021-02-03	32.62	32.62	32.62	32.62	0
1266	2021-02-04	32.62	32.62	32.62	32.62	0
1267	2021-02-05	32.62	32.62	32.62	32.62	0
1268	2021-02-08	32.62	32.62	32.62	32.62	0
1269	2021-02-09	32.62	32.62	32.62	32.62	0
1270	2021-02-17	32.62	32.62	32.62	32.62	0
1271	2021-02-18	32.62	32.62	32.62	32.62	0
1272	2021-02-19	32.62	32.62	32.62	32.62	0
1273	2021-02-22	32.62	32.62	32.62	32.62	0
1274	2021-02-23	33.38	33.38	33.38	33.38	100
1275	2021-02-24	33.38	33.38	33.38	33.38	0
1276	2021-02-25	33.38	33.38	33.38	33.38	0
1277	2021-02-26	33.38	33.38	33.38	33.38	0
1278	2021-03-01	33.38	33.38	33.38	33.38	100
1279	2021-03-02	33.38	33.38	33.38	33.38	1000
1280	2021-03-03	33.38	33.38	33.38	33.38	0
1281	2021-03-04	33.38	33.38	33.38	33.38	0
1282	2021-03-05	33.38	33.38	33.38	33.38	0
1283	2021-03-08	33.38	33.38	33.38	33.38	0
1284	2021-03-09	33.38	33.38	33.38	33.38	0
1285	2021-03-10	33.38	33.38	33.38	33.38	0
1286	2021-03-11	33.79	34.21	33.79	33.79	500
1287	2021-03-12	33.88	33.79	33.79	33.79	0
1288	2021-03-15	38.88	38.88	38.88	38.88	100
1289	2021-03-16	38.38	38.38	38.38	38.38	1100
1290	2021-03-17	32.62	32.62	32.62	32.62	200
1291	2021-03-18	32.62	32.62	32.62	32.62	0
1292	2021-03-19	35.04	35.04	35.04	35.04	500
1293	2021-03-22	35.04	35.04	35.04	35.04	0
1294	2021-03-23	35.04	35.04	35.04	35.04	0
1295	2021-03-24	35.04	35.04	35.04	35.04	0
1296	2021-03-25	35.04	35.04	35.04	35.04	0
1297	2021-03-26	35.04	35.04	35.04	35.04	0
1298	2021-03-29	34.21	34.21	34.21	34.21	200
1299	2021-03-30	34.21	34.21	34.21	34.21	0
1300	2021-03-31	34.21	34.21	34.21	34.21	0
1301	2021-04-01	34.21	37.55	34.21	37.55	5300
1302	2021-04-02	36.71	37.55	36.71	37.55	5200
1303	2021-04-05	37.3	37.3	37.3	37.55	3
1304	2021-04-06	37.3	37.55	37.55	37.55	0
1305	2021-04-07	37.3	37.55	37.55	37.55	0
1306	2021-04-08	37.3	37.55	37.55	37.55	0
1307	2021-04-09	37.3	37.55	37.55	37.55	0
1308	2021-04-12	33.38	33.38	33.38	33.38	600
1309	2021-04-13	29.2	29.2	29.2	29.2	1800
1310	2021-04-14	29.2	29.2	29.2	29.2	0
1311	2021-04-15	33.54	33.54	33.54	33.54	100
1312	2021-04-16	37.55	37.55	37.13	37.55	2200
1313	2021-04-19	37.38	37.55	37.55	37.55	0
1314	2021-04-20	37.38	37.55	37.55	37.55	0
1315	2021-04-22	37.38	37.55	37.55	37.55	0
1316	2021-04-23	37.38	37.55	37.55	37.55	0
1317	2021-04-26	37.55	37.55	37.55	37.55	100
1318	2021-04-27	37.55	37.55	37.55	37.55	0
1319	2021-04-28	37.55	39.29	39.29	39.29	0
1320	2021-04-29	37.55	39.29	39.29	39.29	0
1321	2021-05-04	37.55	39.29	39.29	39.29	0
1322	2021-05-05	37.55	39.29	39.29	39.29	0
1323	2021-05-06	37.55	39.29	39.29	39.29	0
1324	2021-05-07	37.55	39.29	39.29	39.29	0
1325	2021-05-10	32.31	32.31	32.31	32.31	100
1326	2021-05-11	32.31	32.31	32.31	32.31	0
1327	2021-05-12	32.31	32.31	32.31	32.31	0
1328	2021-05-13	32.31	32.31	32.31	32.31	0
1329	2021-05-14	32.31	32.31	32.31	32.31	0
1330	2021-05-17	32.31	32.31	32.31	32.31	0
1331	2021-05-18	32.31	32.31	32.31	32.31	0
1332	2021-05-19	32.31	32.31	32.31	32.31	0
1333	2021-05-20	32.31	32.31	32.31	32.31	0
1334	2021-05-21	32.31	32.31	32.31	32.31	0
1335	2021-05-24	32.31	32.31	32.31	32.31	0
1336	2021-05-25	32.31	32.31	32.31	32.31	0
1337	2021-05-26	32.31	32.31	32.31	32.31	0
1338	2021-05-27	37.11	37.11	37.11	37.11	11000
1339	2021-05-28	37.11	37.11	36.67	36.67	700
1340	2021-05-31	37.02	36.67	36.67	36.67	0
1341	2021-06-01	37.02	36.67	36.67	36.67	0
1342	2021-06-02	37.02	36.67	36.67	36.67	0
1343	2021-06-03	31.61	37.11	31.61	35.8	22800
1344	2021-06-04	34.93	35.8	34.93	35.8	26200
1345	2021-06-07	34.93	34.93	34.93	34.93	2500
1346	2021-06-08	35.8	35.8	35.8	35.8	500
1347	2021-06-09	34.93	34.93	34.93	34.93	20000
1348	2021-06-10	34.93	36.67	34.93	34.93	29188
1349	2021-06-11	34.93	34.93	34.93	34.93	10669
1350	2021-06-14	35.8	35.8	35.8	35.8	500
1351	2021-06-15	35.8	35.8	35.8	35.8	131
1352	2021-06-16	36.67	36.67	35.8	35.8	700
1353	2021-06-17	35.8	35.8	34.93	34.93	8000
1354	2021-06-18	34.93	34.93	34.93	34.93	100
1355	2021-06-21	34.93	34.93	34.93	34.93	0
1356	2021-06-22	35.8	35.8	35.8	35.8	557
1357	2021-06-23	35.8	35.8	35.8	35.8	0
1358	2021-06-24	35.8	35.8	35.8	35.8	300
1359	2021-06-25	34.93	34.93	34.93	34.93	100
1360	2021-06-28	34.93	35.8	34.93	35.8	3600
1361	2021-06-29	30.65	30.65	30.65	30.65	100
1362	2021-06-30	30.65	30.65	30.65	30.65	0
1363	2021-07-01	35.1	35.19	35.1	35.19	5000
1364	2021-07-02	35.36	35.36	35.36	35.36	100
1365	2021-07-05	36.24	37.55	36.24	37.55	11000
1366	2021-07-06	35.8	35.8	35.8	35.8	100
1367	2021-07-07	35.8	35.8	35.8	35.8	0
1368	2021-07-08	35.8	35.8	35.8	35.8	0
1369	2021-07-09	35.8	35.8	35.8	35.8	0
1370	2021-07-12	35.8	35.8	35.8	35.8	0
1371	2021-07-13	35.8	35.8	35.8	35.8	0
1372	2021-07-14	36.24	36.24	36.24	36.24	200
1373	2021-07-15	36.24	36.24	36.24	36.24	0
1374	2021-07-16	36.24	36.24	36.24	36.24	0
1375	2021-07-19	34.93	34.93	34.93	34.93	200
1376	2021-07-20	35.36	35.36	35.36	35.36	1000
1377	2021-07-21	35.36	35.36	35.36	35.36	0
1378	2021-07-22	35.36	35.36	35.36	35.36	0
1379	2021-07-23	35.36	35.36	35.36	35.36	0
1380	2021-07-26	34.93	34.93	34.93	34.93	300
1381	2021-07-27	34.93	34.93	34.93	34.93	0
1382	2021-07-28	34.93	34.93	34.93	34.93	0
1383	2021-07-29	34.93	34.93	34.93	34.93	0
1384	2021-07-30	34.93	34.93	34.93	34.93	0
1385	2021-08-02	34.93	34.93	34.93	34.93	0
1386	2021-08-03	34.93	34.93	34.93	34.93	0
1387	2021-08-04	34.93	34.93	34.93	34.93	0
1388	2021-08-05	34.93	34.93	30.12	30.12	900
1389	2021-08-06	34.4	30.12	30.12	30.12	0
1390	2021-08-09	34.93	34.93	34.93	34.93	300
1391	2021-08-10	29.69	29.69	29.69	29.69	100
1392	2021-08-11	29.69	29.69	29.69	29.69	48
1393	2021-08-12	34.05	34.05	34.05	34.05	104
1394	2021-08-13	34.93	34.93	34.05	34.05	2000
1395	2021-08-16	34.14	34.05	34.05	34.05	0
1396	2021-08-17	34.93	34.93	34.93	34.93	1900
1397	2021-08-18	34.93	34.93	34.93	34.93	0
1398	2021-08-19	34.93	34.93	34.93	34.93	0
1399	2021-08-20	34.93	34.93	34.93	34.93	0
1400	2021-08-23	34.93	34.93	34.93	34.93	0
1401	2021-08-24	34.93	34.93	34.93	34.93	0
1402	2021-08-25	34.93	34.93	34.93	34.93	0
1403	2021-08-26	34.93	34.93	34.93	34.93	0
1404	2021-08-27	34.93	34.93	34.93	34.93	0
1405	2021-08-30	34.93	34.93	34.93	34.93	0
1406	2021-08-31	34.93	34.93	34.93	34.93	0
1407	2021-09-01	34.93	34.93	34.93	34.93	0
1408	2021-09-06	34.93	34.93	34.93	34.93	0
1409	2021-09-07	34.49	34.49	34.49	34.49	534
1410	2021-09-08	34.49	34.49	34.49	34.49	0
1411	2021-09-09	34.49	34.49	34.49	34.49	1500
1412	2021-09-10	34.49	34.49	34.49	34.49	0
1413	2021-09-13	34.49	34.49	34.49	34.49	1000
1414	2021-09-14	34.49	34.49	34.49	34.49	0
1415	2021-09-15	34.49	34.49	34.49	34.49	0
1416	2021-09-16	34.49	34.49	34.49	34.49	0
1417	2021-09-17	34.49	34.49	34.49	34.49	0
1418	2021-09-20	34.49	34.49	34.49	34.49	0
1419	2021-09-21	34.49	34.49	34.49	34.49	0
1420	2021-09-22	34.49	34.49	34.49	34.49	0
1421	2021-09-23	34.49	34.49	34.49	34.49	0
1422	2021-09-24	34.49	34.49	34.49	34.49	0
1423	2021-09-27	34.49	34.49	34.49	34.49	0
1424	2021-09-28	34.49	34.49	34.49	34.49	0
1425	2021-09-29	34.49	34.49	34.49	34.49	0
1426	2021-09-30	37.55	37.55	37.55	37.55	100
1427	2021-10-01	37.55	37.55	37.55	37.55	0
1428	2021-10-04	32.39	32.39	32.39	32.39	101
1429	2021-10-05	32.39	32.39	32.39	32.39	0
1430	2021-10-06	32.39	32.39	32.39	32.39	0
1431	2021-10-07	32.39	32.39	32.39	32.39	0
1432	2021-10-08	32.39	32.39	27.59	27.59	300
1433	2021-10-11	29.16	29.16	29.16	29.16	0
1434	2021-10-12	29.16	29.16	29.16	29.16	0
1435	2021-10-13	29.16	29.16	29.16	29.16	0
1436	2021-10-14	24.89	24.89	24.89	24.89	200
1437	2021-10-15	24.89	24.89	24.89	24.89	0
1438	2021-10-18	24.89	24.89	24.89	24.89	0
1439	2021-10-19	24.89	24.89	24.89	24.89	0
1440	2021-10-20	24.89	24.89	24.89	24.89	0
1441	2021-10-21	24.89	24.89	24.89	24.89	0
1442	2021-10-22	24.89	24.89	24.89	24.89	0
1443	2021-10-25	24.89	24.89	24.89	24.89	0
1444	2021-10-26	28.55	28.55	28.55	28.55	110
1445	2021-10-27	28.55	28.55	28.55	28.55	0
1446	2021-10-28	32.83	32.83	32.83	32.83	100
1447	2021-10-29	34.14	34.93	34.14	34.93	500
1448	2021-11-01	30.21	30.21	30.21	30.21	500
1449	2021-11-02	25.76	34.66	25.76	34.66	1600
1450	2021-11-03	31.43	35.8	31.43	35.8	1609
1451	2021-11-04	35.8	37.11	35.8	37.11	3100
1452	2021-11-05	37.55	37.55	37.55	37.55	300
1453	2021-11-08	37.55	37.55	37.55	37.55	0
1454	2021-11-09	36.67	36.67	36.67	36.67	1100
1455	2021-11-10	37.46	37.46	37.46	37.46	700
1456	2021-11-11	37.46	37.46	37.46	37.46	0
1457	2021-11-12	37.46	37.46	37.46	37.46	0
1458	2021-11-15	37.46	37.46	37.46	37.46	800
1459	2021-11-16	37.46	37.46	37.46	37.46	400
1460	2021-11-17	31.87	37.55	31.87	37.55	200
1461	2021-11-18	29.6	37.55	29.6	37.55	300
1462	2021-11-19	29.77	37.55	29.77	37.55	4000
1463	2021-11-22	31.78	31.78	31.78	31.78	100
1464	2021-11-23	31.78	31.78	31.78	31.78	0
1465	2021-11-24	31.78	31.78	31.78	31.78	0
1466	2021-11-25	31.87	32.31	27.94	32.31	1900
1467	2021-11-26	29.86	29.86	29.86	29.86	24
1468	2021-11-29	29.86	29.86	29.86	29.86	0
1469	2021-11-30	29.86	29.86	29.86	29.86	0
1470	2021-12-01	29.86	29.86	29.86	29.86	0
1471	2021-12-02	34.32	34.32	34.32	34.32	100
1472	2021-12-03	34.4	34.4	34.4	34.4	100
1473	2021-12-06	34.4	34.4	34.4	34.4	0
1474	2021-12-07	34.4	34.4	34.4	34.4	0
1475	2021-12-08	34.4	34.4	34.4	34.4	0
1476	2021-12-09	38.86	38.86	38.86	38.86	100
1477	2021-12-10	38.86	38.86	38.86	38.86	0
1478	2021-12-13	38.86	38.86	38.86	38.86	0
1479	2021-12-14	38.86	38.86	38.86	38.86	0
1480	2021-12-15	38.86	38.86	38.86	38.86	0
1481	2021-12-16	33.09	33.09	33.09	33.09	110
1482	2021-12-17	33.09	33.09	33.09	33.09	0
1483	2021-12-20	33.62	35.8	33.62	35.8	600
1484	2021-12-21	35.8	35.8	35.8	35.8	300
1485	2021-12-22	36.67	36.67	36.67	36.67	150
1486	2021-12-23	32.39	39.29	31.35	31.35	300
1487	2021-12-24	34.32	34.32	34.32	34.32	0
1488	2021-12-27	29.43	29.43	29.43	29.43	122
1489	2021-12-28	33.79	33.79	33.79	33.79	100
1490	2021-12-29	33.79	33.79	33.79	33.79	1
1491	2021-12-30	33.79	33.79	33.79	33.79	0
1492	2021-12-31	33.79	33.79	33.79	33.79	22
1493	2022-01-04	33.79	33.79	33.79	33.79	0
1494	2022-01-05	28.81	38.86	28.81	38.86	500
1495	2022-01-06	38.42	38.42	38.42	38.42	200
1496	2022-01-07	32.66	32.66	32.66	32.66	100
1497	2022-01-10	37.55	37.55	37.55	37.55	2000
1498	2022-01-11	37.55	37.55	37.55	37.55	105
1499	2022-01-12	37.55	37.55	37.55	37.55	0
1500	2022-01-13	37.55	37.55	37.55	37.55	0
1501	2022-01-14	37.55	37.55	37.55	37.55	10
1502	2022-01-17	43.13	43.13	43.13	43.13	100
1503	2022-01-18	39.29	39.29	39.29	43.13	400
1504	2022-01-19	43.66	43.66	43.66	43.66	200
1505	2022-01-20	43.66	43.66	43.66	43.66	0
1506	2022-01-21	43.66	43.66	43.66	43.66	0
1507	2022-01-24	43.66	43.66	43.66	43.66	0
1508	2022-01-25	43.66	43.66	43.66	43.66	9
1509	2022-01-26	43.66	43.66	43.66	43.66	0
1510	2022-01-27	43.66	43.66	43.66	43.66	0
1511	2022-01-28	43.66	43.66	43.66	43.66	0
1512	2022-02-07	43.66	43.66	43.66	43.66	400
1513	2022-02-08	43.66	43.66	43.66	43.66	0
1514	2022-02-09	43.66	43.66	43.66	43.66	0
1515	2022-02-10	43.66	43.66	43.66	43.66	1000
1516	2022-02-11	43.66	43.66	43.66	43.66	0
1517	2022-02-14	41.04	41.04	37.11	37.11	1200
1518	2022-02-15	37.46	37.46	37.46	37.46	0
1519	2022-02-16	37.46	37.46	37.46	37.46	0
1520	2022-02-17	37.46	37.46	37.46	37.46	0
1521	2022-02-18	37.46	37.46	37.46	37.46	0
1522	2022-02-21	31.87	31.87	31.87	31.87	527
1523	2022-02-22	31.87	31.87	31.87	31.87	0
1524	2022-02-23	31.87	31.87	31.87	31.87	0
1525	2022-02-24	31.87	31.87	31.87	31.87	0
1526	2022-02-25	31.87	31.87	31.87	31.87	0
1527	2022-02-28	31.87	31.87	31.87	31.87	0
1528	2022-03-01	31.87	31.87	31.87	31.87	0
1529	2022-03-02	31.87	31.87	31.87	31.87	0
1530	2022-03-03	31.87	31.87	31.87	31.87	0
1531	2022-03-04	31.87	31.87	31.87	31.87	0
1532	2022-03-07	31.87	31.87	31.87	31.87	0
1533	2022-03-08	31.87	31.87	31.87	31.87	0
1534	2022-03-09	36.59	36.59	36.59	36.59	127
1535	2022-03-10	36.67	36.67	36.67	36.67	100
1536	2022-03-11	42.17	42.17	42.17	42.17	100
1537	2022-03-14	42.17	42.17	42.17	42.17	0
1538	2022-03-15	42.78	42.78	42.78	42.78	100
1539	2022-03-16	42.78	42.78	42.78	42.78	27
1540	2022-03-17	42.78	42.78	42.78	42.78	0
1541	2022-03-18	42.78	42.78	42.78	42.78	0
1542	2022-03-21	42.78	42.78	42.78	42.78	0
1543	2022-03-22	42.78	42.78	42.78	42.78	0
1544	2022-03-23	36.41	36.41	36.41	36.41	308
1545	2022-03-24	36.41	36.41	36.41	36.41	0
1546	2022-03-25	36.41	36.41	36.41	36.41	0
1547	2022-03-28	36.41	36.41	36.41	36.41	0
1548	2022-03-29	36.41	36.41	36.41	36.41	0
1549	2022-03-30	36.41	36.41	36.41	36.41	5
1550	2022-03-31	36.41	36.41	36.41	36.41	0
1551	2022-04-01	41.82	41.82	41.82	41.82	402
1552	2022-04-04	41.91	41.91	41.91	41.91	811
1553	2022-04-05	41.91	41.91	41.91	41.91	0
1554	2022-04-06	41.91	41.91	41.91	41.91	0
1555	2022-04-07	43.66	43.66	43.66	43.66	500
1556	2022-04-08	43.66	43.66	43.66	43.66	0
1557	2022-04-12	44.53	44.53	44.53	44.53	400
1558	2022-04-13	44.53	44.53	44.53	44.53	1000
1559	2022-04-14	44.53	44.53	44.53	44.53	500
1560	2022-04-15	38.42	38.86	38.42	38.86	1700
1561	2022-04-18	44.09	44.09	44.09	44.09	1000
1562	2022-04-19	44.09	44.09	44.09	44.09	0
1563	2022-04-20	44.09	44.09	44.09	44.09	0
1564	2022-04-21	44.09	44.09	44.09	44.09	900
1565	2022-04-22	44.09	44.09	44.09	44.09	0
1566	2022-04-25	44.09	44.09	44.09	44.09	5
1567	2022-04-26	44.09	44.09	44.09	44.09	0
1568	2022-04-27	44.09	44.09	44.09	44.09	0
1569	2022-04-28	44.09	44.09	44.09	44.09	0
1570	2022-04-29	44.09	44.09	44.09	44.09	0
1571	2022-05-04	44.09	44.09	44.09	44.09	0
1572	2022-05-05	44.09	44.09	44.09	44.09	0
1573	2022-05-06	44.19	44.19	44.19	44.19	300
1574	2022-05-09	44.09	44.09	44.09	44.09	1700
1575	2022-05-10	44.09	44.09	44.09	44.09	0
1576	2022-05-11	44.09	44.09	44.09	44.09	0
1577	2022-05-12	44.09	44.09	44.09	44.09	0
1578	2022-05-13	38.18	43.64	38.18	43.64	1106
1579	2022-05-16	38.64	38.64	38.64	38.64	1
1580	2022-05-17	40.91	40.91	40.91	40.91	100
1581	2022-05-18	40.91	40.91	40.91	40.91	0
1582	2022-05-19	40.91	40.91	40.91	40.91	0
1583	2022-05-20	40.91	40.91	40.91	40.91	0
1584	2022-05-23	40.91	40.91	40.91	40.91	0
1585	2022-05-24	40.91	40.91	40.91	40.91	0
1586	2022-05-25	39.09	39.09	39.09	39.09	800
1587	2022-05-26	39.09	39.09	39.09	39.09	0
1588	2022-05-27	39.09	39.09	39.09	39.09	0
1589	2022-05-30	39.55	39.55	39.55	39.55	500
1590	2022-05-31	39.55	39.55	39.55	39.55	0
1591	2022-06-01	39.55	39.55	39.55	39.55	0
1592	2022-06-02	40.91	40.91	40.91	40.91	500
1593	2022-06-03	40.91	40.91	40.91	40.91	0
1594	2022-06-06	40.91	40.91	40.91	40.91	0
1595	2022-06-07	40.91	40.91	40.91	40.91	0
1596	2022-06-08	40.91	40.91	40.91	40.91	0
1597	2022-06-09	40.91	40.91	40.91	40.91	0
1598	2022-06-10	40.91	40.91	40.91	40.91	0
1599	2022-06-13	40.91	40.91	40.91	40.91	0
1600	2022-06-14	40.91	40.91	40.91	40.91	0
1601	2022-06-15	40.91	40.91	40.91	40.91	0
1602	2022-06-16	39.09	39.09	39.09	39.09	1700
1603	2022-06-17	39.09	39.09	39.09	39.09	0
1604	2022-06-20	39.18	39.18	39.18	39.18	1000
1605	2022-06-21	39.28	39.28	39.28	39.28	500
1606	2022-06-22	39.28	39.28	39.28	39.28	0
1607	2022-06-23	39.37	39.37	39.37	39.37	500
1608	2022-06-24	39.37	39.37	39.37	39.37	0
1609	2022-06-27	39.37	39.37	39.37	39.37	0
1610	2022-06-28	39.37	39.37	39.37	39.37	0
1611	2022-06-29	39.37	39.37	39.37	39.37	0
1612	2022-06-30	39.37	39.37	39.37	39.37	0
1613	2022-07-01	39.46	39.46	39.46	39.46	700
1614	2022-07-04	39.28	39.28	39.28	39.28	400
1615	2022-07-05	39.09	39.09	39.09	39.09	100
1616	2022-07-06	38.18	38.18	38.18	38.18	700
1617	2022-07-07	37.28	37.28	37.28	37.28	500
1618	2022-07-08	37.28	37.28	37.28	37.28	0
1619	2022-07-11	37.28	37.28	37.28	37.28	0
1620	2022-07-12	36.37	36.37	36.37	36.37	300
1621	2022-07-13	36.37	36.37	36.37	36.37	0
1622	2022-07-14	36.37	36.37	36.37	36.37	0
1623	2022-07-15	36.37	36.37	36.37	36.37	0
1624	2022-07-18	36.37	36.37	36.37	36.37	0
1625	2022-07-19	36.37	36.37	36.37	36.37	0
1626	2022-07-20	36.37	36.37	36.37	36.37	0
1627	2022-07-21	36.37	36.37	36.37	36.37	0
1628	2022-07-22	36.37	36.37	36.37	36.37	0
1629	2022-07-25	36.37	36.37	36.37	36.37	0
1630	2022-07-26	36.82	36.82	36.82	36.82	500
1631	2022-07-27	36.82	36.82	36.82	36.82	0
1632	2022-07-28	36.82	36.82	36.82	36.82	0
1633	2022-07-29	36.82	36.82	36.82	36.82	0
1634	2022-08-01	36.82	36.82	36.82	36.82	0
1635	2022-08-02	36.82	36.82	36.82	36.82	0
1636	2022-08-03	36.82	36.82	36.82	36.82	0
1637	2022-08-04	36.82	36.82	36.82	36.82	0
1638	2022-08-05	36.82	36.82	36.82	36.82	0
1639	2022-08-08	36.82	36.82	36.82	36.82	0
1640	2022-08-09	36.82	36.82	36.82	36.82	0
1641	2022-08-10	36.82	36.82	36.82	36.82	0
1642	2022-08-11	36.82	36.82	36.82	36.82	0
1643	2022-08-12	36.82	36.82	36.82	36.82	0
1644	2022-08-15	36.82	36.82	36.82	36.82	0
1645	2022-08-16	36.82	36.82	36.82	36.82	0
1646	2022-08-17	36.82	36.82	36.82	36.82	0
1647	2022-08-18	36.82	36.82	36.82	36.82	0
1648	2022-08-19	36.82	36.82	36.82	36.82	0
1649	2022-08-22	36.82	36.82	36.82	36.82	0
1650	2022-08-23	36.82	36.82	36.82	36.82	0
1651	2022-08-24	36.82	36.82	36.82	36.82	0
1652	2022-08-25	36.82	36.82	36.82	36.82	0
1653	2022-08-26	36.82	36.82	36.82	36.82	0
1654	2022-08-29	36.37	36.37	36.37	36.37	7000
1655	2022-08-30	36.37	36.37	36.37	36.37	0
1656	2022-08-31	36.37	36.37	36.37	36.37	0
1657	2022-09-05	36.37	36.37	36.37	36.37	0
1658	2022-09-06	36.37	36.37	36.37	36.37	0
1659	2022-09-07	36.37	36.37	36.37	36.37	0
1660	2022-09-08	36.37	36.37	36.37	36.37	0
1661	2022-09-09	36.37	36.37	36.37	36.37	0
1662	2022-09-12	36.37	36.37	36.37	36.37	84
1663	2022-09-13	36.37	36.37	36.37	36.37	0
1664	2022-09-14	36.37	36.37	36.37	36.37	2
1665	2022-09-15	36.37	36.37	36.37	36.37	0
1666	2022-09-16	36.37	36.37	36.37	36.37	0
1667	2022-09-19	36.37	36.37	36.37	36.37	0
1668	2022-09-20	36.37	36.37	36.37	36.37	0
1669	2022-09-21	36.37	36.37	36.37	36.37	0
1670	2022-09-22	36.37	36.37	36.37	36.37	0
1671	2022-09-23	36.37	36.37	36.37	36.37	0
1672	2022-09-26	35.46	35.46	35.46	35.46	500
1673	2022-09-27	35.46	35.46	35.46	35.46	2000
1674	2022-09-28	35.46	35.46	35.46	35.46	2500
1675	2022-09-29	35.46	35.46	35.46	35.46	0
1676	2022-09-30	35.46	35.46	35.46	35.46	0
1677	2022-10-03	34.55	34.55	34.55	34.55	500
1678	2022-10-04	34.55	34.55	34.55	34.55	1
1679	2022-10-05	34.55	34.55	34.55	34.55	0
1680	2022-10-06	34.55	34.55	34.55	34.55	0
1681	2022-10-07	34.55	34.55	34.55	34.55	200
1682	2022-10-10	34.55	34.55	34.55	34.55	0
1683	2022-10-11	34.55	34.55	34.55	34.55	0
1684	2022-10-12	34.55	34.55	34.55	34.55	0
1685	2022-10-13	34.55	34.55	34.55	34.55	200
1686	2022-10-14	34.55	34.55	34.55	34.55	0
1687	2022-10-17	34.55	34.55	34.55	34.55	0
1688	2022-10-18	34.55	34.55	34.55	34.55	0
1689	2022-10-19	34.55	34.55	34.55	34.55	0
1690	2022-10-20	34.55	34.55	34.55	34.55	10
1691	2022-10-21	34.55	34.55	34.55	34.55	0
1692	2022-10-24	34.55	34.55	34.55	34.55	0
1693	2022-10-25	34.09	34.09	34.09	34.09	100
1694	2022-10-26	34.09	34.09	34.09	34.09	0
1695	2022-10-27	34.09	34.09	34.09	34.09	0
1696	2022-10-28	34.09	34.09	34.09	34.09	0
1697	2022-10-31	34.09	34.09	34.09	34.09	0
1698	2022-11-01	34.09	34.09	34.09	34.09	0
1699	2022-11-02	34.09	34.09	33.64	33.64	400
1700	2022-11-03	33.73	33.73	33.73	33.73	0
1701	2022-11-04	33.18	33.18	33.18	33.18	300
1702	2022-11-07	33.18	33.18	33.18	33.18	100
1703	2022-11-08	33.18	33.18	33.18	33.18	0
1704	2022-11-09	33.18	33.18	33.18	33.18	0
1705	2022-11-10	33.18	33.18	33.18	33.18	0
1706	2022-11-11	33.18	33.18	33.18	33.18	0
1707	2022-11-14	33.18	33.18	33.18	33.18	0
1708	2022-11-15	31.82	31.82	31.82	31.82	300
1709	2022-11-16	31.82	32.28	31.82	32.28	1900
1710	2022-11-17	33.64	33.64	33.64	33.64	400
1711	2022-11-18	33.64	33.64	33.64	33.64	0
1712	2022-11-21	34.55	34.55	33.73	33.73	700
1713	2022-11-22	34.18	34.18	34.18	34.18	0
1714	2022-11-23	34.18	34.18	34.18	34.18	0
1715	2022-11-24	32.28	32.28	32.28	32.28	705
1716	2022-11-25	32.28	32.28	32.28	32.28	0
1717	2022-11-28	32.28	32.28	32.28	32.28	0
1718	2022-11-29	33.64	33.91	33.64	33.91	800
1719	2022-11-30	33.91	33.91	33.91	33.91	300
1720	2022-12-01	33.91	33.91	33.91	33.91	0
1721	2022-12-02	33.91	33.91	33.91	33.91	0
1722	2022-12-05	33.91	33.91	33.91	33.91	0
1723	2022-12-06	33.91	33.91	33.91	33.91	0
1724	2022-12-07	33.64	33.64	33.64	33.64	700
1725	2022-12-08	33.64	33.64	33.64	33.64	100
1726	2022-12-09	33.64	33.64	33.64	33.64	10
1727	2022-12-12	33.64	33.64	33.64	33.64	1000
1728	2022-12-13	33.64	33.64	33.64	33.64	0
1729	2022-12-14	33.64	33.64	33.64	33.64	600
1730	2022-12-15	33.64	33.64	33.64	33.64	10
1731	2022-12-16	33.64	33.64	33.64	33.64	0
1732	2022-12-19	33.64	33.64	33.64	33.64	0
1733	2022-12-20	33.64	33.64	33.64	33.64	0
1734	2022-12-21	33.64	33.64	33.64	33.64	0
1735	2022-12-22	33.64	33.64	33.64	33.64	0
1736	2022-12-23	33.64	33.64	33.64	33.64	500
1737	2022-12-26	33.64	33.64	33.64	33.64	0
1738	2022-12-27	33.64	34.55	33.64	34.55	1000
1739	2022-12-28	34.09	34.09	34.09	34.09	0
1740	2022-12-29	34.09	34.09	34.09	34.09	0
1741	2022-12-30	34.09	34.09	34.09	34.09	0
1742	2023-01-03	34.09	34.09	34.09	34.09	0
1743	2023-01-04	34.09	34.09	34.09	34.09	26
1744	2023-01-05	34.09	34.09	34.09	34.09	0
1745	2023-01-06	34.09	34.09	34.09	34.09	0
1746	2023-01-09	34.09	34.09	34.09	34.09	0
1747	2023-01-10	34.09	34.09	34.09	34.09	0
1748	2023-01-11	34.09	34.09	34.09	34.09	0
1749	2023-01-12	34.09	34.09	34.09	34.09	0
1750	2023-01-13	34.09	34.09	34.09	34.09	0
1751	2023-01-16	34.09	34.09	34.09	34.09	26
1752	2023-01-17	34.09	34.09	34.09	34.09	0
1753	2023-01-18	34.09	34.09	34.09	34.09	0
1754	2023-01-19	34.09	34.09	34.09	34.09	0
1755	2023-01-27	34.09	34.09	34.09	34.09	0
1756	2023-01-30	34.09	34.09	34.09	34.09	0
1757	2023-01-31	34.09	34.09	34.09	34.09	10
1758	2023-02-01	34.09	34.09	34.09	34.09	0
1759	2023-02-02	34.09	34.09	34.09	34.09	0
1760	2023-02-03	34.09	34.09	34.09	34.09	0
1761	2023-02-06	34.09	34.09	34.09	34.09	0
1762	2023-02-07	34.09	34.09	34.09	34.09	0
1763	2023-02-08	34.09	34.09	34.09	34.09	0
1764	2023-02-09	34.09	34.09	34.09	34.09	0
1765	2023-02-10	34.09	34.09	34.09	34.09	0
1766	2023-02-13	34.09	34.09	34.09	34.09	0
1767	2023-02-14	34.09	34.09	34.09	34.09	0
1768	2023-02-15	34.09	34.09	34.09	34.09	0
1769	2023-02-16	34.09	34.09	34.09	34.09	0
1770	2023-02-17	34.09	34.09	34.09	34.09	0
1771	2023-02-20	34.09	34.09	34.09	34.09	0
1772	2023-02-21	34.09	34.09	34.09	34.09	0
1773	2023-02-22	34.09	34.09	34.09	34.09	0
1774	2023-02-23	34.09	34.09	34.09	34.09	0
1775	2023-02-24	34.09	34.09	34.09	34.09	0
1776	2023-02-27	34.09	34.09	34.09	34.09	0
1777	2023-02-28	34.09	34.09	34.09	34.09	0
1778	2023-03-01	34.09	34.09	34.09	34.09	0
1779	2023-03-02	34.09	34.09	34.09	34.09	0
1780	2023-03-03	34.09	34.09	34.09	34.09	0
1781	2023-03-06	34.09	34.09	34.09	34.09	0
1782	2023-03-07	34.09	34.09	34.09	34.09	0
1783	2023-03-08	34.09	34.09	34.09	34.09	0
1784	2023-03-09	34.09	34.09	34.09	34.09	0
1785	2023-03-10	34.09	34.09	34.09	34.09	0
1786	2023-03-13	34.09	34.09	34.09	34.09	0
1787	2023-03-14	34.09	34.09	34.09	34.09	0
1788	2023-03-15	34.09	34.09	34.09	34.09	0
1789	2023-03-16	34.09	34.09	34.09	34.09	0
1790	2023-03-17	34.09	34.09	34.09	34.09	0
1791	2023-03-20	34.09	34.09	34.09	34.09	0
1792	2023-03-21	34.09	34.09	34.09	34.09	0
1793	2023-03-22	34.09	34.09	34.09	34.09	0
1794	2023-03-23	34.09	34.09	34.09	34.09	0
1795	2023-03-24	34.09	34.09	34.09	34.09	0
1796	2023-03-27	38.18	38.18	38.18	38.18	300
1797	2023-03-28	38.18	38.18	38.18	38.18	189
1798	2023-03-29	38.18	38.18	38.18	38.18	6
1799	2023-03-30	38.18	38.18	38.18	38.18	0
1800	2023-03-31	38.18	38.18	38.18	38.18	0
1801	2023-04-03	38.18	38.18	38.18	38.18	0
1802	2023-04-04	38.18	38.18	38.18	38.18	0
1803	2023-04-05	38.18	38.18	38.18	38.18	0
1804	2023-04-06	38.18	38.18	38.18	38.18	0
1805	2023-04-07	38.18	38.18	38.18	38.18	0
1806	2023-04-10	38.18	38.18	38.18	38.18	0
1807	2023-04-11	38.18	38.18	38.18	38.18	0
1808	2023-04-12	38.18	38.18	38.18	38.18	0
1809	2023-04-13	38.18	38.18	38.18	38.18	0
1810	2023-04-14	38.18	38.18	38.18	38.18	0
1811	2023-04-17	38.18	38.18	38.18	38.18	0
1812	2023-04-18	38.18	38.18	38.18	38.18	0
1813	2023-04-19	38.18	38.18	38.18	38.18	0
1814	2023-04-20	38.18	38.18	38.18	38.18	0
1815	2023-04-21	38.28	38.28	38.28	38.28	200
1816	2023-04-24	38.28	38.28	38.28	38.28	0
1817	2023-04-25	38.28	38.28	38.28	38.28	0
1818	2023-04-26	38.28	38.28	38.28	38.28	0
1819	2023-04-27	38.28	38.28	38.28	38.28	100
1820	2023-04-28	38.28	38.28	38.28	38.28	0
1821	2023-05-04	38.28	38.28	38.28	38.28	0
1822	2023-05-05	38.28	38.28	38.28	38.28	0
1823	2023-05-08	38.37	38.37	38.37	38.37	300
1824	2023-05-09	38.18	38.18	38.18	38.18	100
1825	2023-05-10	38.18	38.18	38.18	38.18	100
1826	2023-05-11	38.18	38.18	38.18	38.18	0
1827	2023-05-12	38.18	38.18	38.18	38.18	0
1828	2023-05-15	38.18	38.18	38.18	38.18	0
1829	2023-05-16	39.09	39.09	39.09	39.09	200
1830	2023-05-17	39.09	39.09	39.09	39.09	0
1831	2023-05-18	39.09	39.09	39.09	39.09	0
1832	2023-05-19	39.09	39.09	39.09	39.09	0
1833	2023-05-22	39.09	39.09	39.09	39.09	0
1834	2023-05-23	39.09	39.09	39.09	39.09	0
1835	2023-05-24	39.09	39.09	39.09	39.09	0
1836	2023-05-25	39.09	39.09	39.09	39.09	0
1837	2023-05-26	39.09	40.0	39.09	40.0	316
1838	2023-05-29	40.91	40.91	39.55	39.55	300
1839	2023-05-30	40.01	40.01	40.01	40.01	0
1840	2023-05-31	40.01	40.01	40.01	40.01	0
1841	2023-06-01	40.01	40.01	40.01	40.01	0
1842	2023-06-02	40.01	40.01	40.01	40.01	0
1843	2023-06-05	40.01	40.01	40.01	40.01	0
1844	2023-06-06	40.01	40.01	40.01	40.01	0
1845	2023-06-07	40.01	40.01	40.01	40.01	0
1846	2023-06-08	40.01	40.01	40.01	40.01	0
1847	2023-06-09	40.01	40.01	40.01	40.01	0
1848	2023-06-12	40.01	40.01	40.01	40.01	0
1849	2023-06-13	40.01	40.01	40.01	40.01	0
1850	2023-06-14	40.01	40.01	40.01	40.01	0
1851	2023-06-15	38.1	38.1	37.15	37.15	4500
1852	2023-06-16	37.43	37.43	37.43	37.43	100
1853	2023-06-19	37.43	37.43	37.43	37.43	0
1854	2023-06-20	37.62	37.62	37.62	37.62	2000
1855	2023-06-21	37.62	37.62	37.43	37.43	700
1856	2023-06-22	38.1	38.1	38.1	38.1	150
1857	2023-06-23	38.1	38.1	38.1	38.1	0
1858	2023-06-26	40.01	40.01	40.01	40.01	300
1859	2023-06-27	40.01	40.01	40.01	40.01	0
1860	2023-06-28	40.01	40.01	40.01	40.01	0
1861	2023-06-29	40.01	40.01	40.01	40.01	0
1862	2023-06-30	40.01	40.01	40.01	40.01	16
1863	2023-07-03	40.01	40.01	40.01	40.01	0
1864	2023-07-04	40.01	40.01	40.01	40.01	0
1865	2023-07-05	40.01	40.01	40.01	40.01	0
1866	2023-07-06	40.01	40.01	40.01	40.01	0
1867	2023-07-07	38.1	38.1	38.1	38.1	100
1868	2023-07-10	38.1	38.1	38.1	38.1	0
1869	2023-07-11	38.1	38.1	38.1	38.1	0
1870	2023-07-12	38.1	38.1	38.1	38.1	9
1871	2023-07-13	38.1	38.1	38.1	38.1	0
1872	2023-07-14	38.1	38.1	38.1	38.1	0
1873	2023-07-17	38.1	38.2	38.1	38.2	300
1874	2023-07-18	38.1	38.1	38.1	38.1	58
1875	2023-07-19	38.1	38.1	38.1	38.1	0
1876	2023-07-20	38.1	38.1	38.1	38.1	0
1877	2023-07-21	38.1	38.1	38.1	38.1	0
1878	2023-07-24	37.62	37.62	37.62	37.62	100
1879	2023-07-25	37.62	37.62	37.62	37.62	0
1880	2023-07-26	37.62	37.62	37.62	37.62	0
1881	2023-07-27	37.62	37.62	37.62	37.62	0
1882	2023-07-28	38.1	38.1	38.1	38.1	1000
1883	2023-07-31	38.1	38.1	38.1	38.1	1410
1884	2023-08-01	43.82	43.82	43.82	43.82	100
1885	2023-08-02	43.82	43.82	43.82	43.82	0
1886	2023-08-03	43.82	43.82	43.82	43.82	100
1887	2023-08-04	43.82	43.82	43.82	43.82	0
1888	2023-08-07	43.82	43.82	43.82	43.82	0
1889	2023-08-08	43.82	43.82	43.82	43.82	0
1890	2023-08-09	43.82	43.82	43.82	43.82	0
1891	2023-08-10	43.82	43.82	43.82	43.82	0
1892	2023-08-11	43.82	43.82	43.82	43.82	0
1893	2023-08-14	43.82	43.82	43.82	43.82	0
1894	2023-08-15	43.82	43.82	43.82	43.82	0
1895	2023-08-16	43.82	43.82	43.82	43.82	513
1896	2023-08-17	43.82	43.82	43.82	43.82	0
1897	2023-08-18	43.82	43.82	43.82	43.82	0
1898	2023-08-21	43.82	43.82	43.82	43.82	0
1899	2023-08-22	43.82	43.82	43.82	43.82	0
1900	2023-08-23	43.82	43.82	43.82	43.82	0
1901	2023-08-24	43.82	43.82	43.82	43.82	0
1902	2023-08-25	43.82	43.82	43.82	43.82	0
1903	2023-08-28	43.82	43.82	43.82	43.82	0
1904	2023-08-29	43.82	43.82	43.82	43.82	0
1905	2023-08-30	43.82	43.82	43.82	43.82	0
1906	2023-08-31	43.82	43.82	43.82	43.82	0
1907	2023-09-05	43.82	43.82	43.82	43.82	5
1908	2023-09-06	43.82	43.82	43.82	43.82	0
1909	2023-09-07	43.82	43.82	43.82	43.82	0
1910	2023-09-08	43.82	43.82	43.82	43.82	0
1911	2023-09-11	43.82	43.82	43.82	43.82	0
1912	2023-09-12	43.82	43.82	43.82	43.82	0
1913	2023-09-13	43.82	43.82	43.82	43.82	0
1914	2023-09-14	43.82	43.82	43.82	43.82	0
1915	2023-09-15	43.82	43.82	43.82	43.82	0
1916	2023-09-18	43.82	43.82	43.82	43.82	0
1917	2023-09-19	43.82	43.82	43.82	43.82	0
1918	2023-09-20	43.82	43.82	43.82	43.82	0
1919	2023-09-21	43.82	43.82	43.82	43.82	0
1920	2023-09-22	43.82	43.82	43.82	43.82	0
1921	2023-09-25	43.82	43.82	43.82	43.82	0
1922	2023-09-26	41.91	41.91	41.91	41.91	1500
1923	2023-09-27	41.91	41.91	41.91	41.91	0
1924	2023-09-28	40.01	40.01	39.53	39.53	2387
1925	2023-09-29	40.01	40.01	40.01	40.01	500
1926	2023-10-02	40.01	40.01	40.01	40.01	200
1927	2023-10-03	40.01	40.01	40.01	40.01	2346
1928	2023-10-04	40.48	40.48	40.48	40.48	100
1929	2023-10-05	40.48	40.48	40.48	40.48	100
1930	2023-10-06	40.48	40.48	40.48	40.48	0
1931	2023-10-09	40.01	46.48	40.01	46.48	4404
1932	2023-10-10	40.96	45.82	40.96	45.72	600
1933	2023-10-11	45.82	47.62	44.77	44.77	400
1934	2023-10-12	45.62	45.62	44.77	44.77	345
1935	2023-10-13	45.05	45.05	45.05	45.05	0
1936	2023-10-16	45.05	45.05	45.05	45.05	900
1937	2023-10-17	45.05	45.05	45.05	45.05	0
1938	2023-10-18	45.05	45.05	45.05	45.05	0
1939	2023-10-19	39.05	39.05	39.05	39.05	2100
1940	2023-10-20	40.01	40.01	38.58	38.58	2500
1941	2023-10-23	38.58	38.58	38.58	38.58	100
1942	2023-10-24	38.58	38.58	38.58	38.58	0
1943	2023-10-25	38.58	38.58	38.58	38.58	0
1944	2023-10-26	38.58	38.58	38.58	38.58	0
1945	2023-10-27	38.58	38.58	38.58	38.58	0
1946	2023-10-30	38.58	38.58	38.58	38.58	0
1947	2023-10-31	38.1	38.1	38.1	38.1	100
1948	2023-11-01	38.1	38.1	38.1	38.1	3100
1949	2023-11-02	38.1	38.1	38.1	38.1	0
1950	2023-11-03	37.15	37.24	37.15	37.15	1100
1951	2023-11-06	32.38	32.38	31.91	31.91	900
1952	2023-11-07	32.19	32.48	32.19	32.19	4500
1953	2023-11-08	36.86	36.96	36.86	36.96	10400
1954	2023-11-09	39.43	39.43	39.43	39.43	100
1955	2023-11-10	45.24	45.24	45.24	45.24	105
1956	2023-11-13	38.48	38.58	38.48	38.48	3200
1957	2023-11-14	38.48	38.48	32.86	32.86	10211
1958	2023-11-15	38.0	38.0	33.05	33.15	600
1959	2023-11-16	37.15	38.0	37.15	38.0	301
1960	2023-11-17	42.77	42.77	36.2	36.2	1300
1961	2023-11-20	36.67	36.67	36.67	36.67	600
1962	2023-11-21	32.48	32.48	32.38	32.38	1409
1963	2023-11-22	36.2	36.2	36.2	36.2	100
1964	2023-11-23	41.34	41.34	41.34	41.34	100
1965	2023-11-24	35.15	35.24	35.15	35.24	10801
1966	2023-11-27	32.0	32.0	32.0	32.0	100
1967	2023-11-28	34.29	34.39	34.29	34.39	900
1968	2023-11-29	34.29	34.29	34.29	34.29	100
1969	2023-11-30	35.24	35.24	32.96	32.96	2100
1970	2023-12-01	33.34	33.34	33.34	33.34	500
1971	2023-12-04	28.48	35.24	28.48	34.67	4800
1972	2023-12-05	37.62	37.62	37.62	37.62	102
1973	2023-12-06	34.19	35.24	34.19	35.24	1723
1974	2023-12-07	34.58	34.58	34.48	34.48	1000
1975	2023-12-08	35.24	37.15	35.24	36.96	800
1976	2023-12-11	36.96	36.96	36.96	36.96	105
1977	2023-12-12	36.96	36.96	36.67	36.67	1320
1978	2023-12-13	36.67	36.67	36.67	36.67	200
1979	2023-12-14	36.67	36.67	36.67	36.67	1
1980	2023-12-15	36.67	36.67	36.67	36.67	0
1981	2023-12-18	36.67	36.67	36.67	36.67	1
1982	2023-12-19	36.67	36.67	36.67	36.67	0
1983	2023-12-20	36.67	36.67	36.67	36.67	0
1984	2023-12-21	36.67	36.67	36.67	36.67	501
1985	2023-12-22	36.48	36.48	36.48	36.48	100
1986	2023-12-25	36.48	36.48	36.48	36.48	4
1987	2023-12-26	36.48	36.48	36.48	36.48	0
1988	2023-12-27	36.48	36.48	36.48	36.48	0
1989	2023-12-28	36.48	36.48	36.48	36.48	0
1990	2023-12-29	36.48	36.48	36.48	36.48	0
1991	2024-01-02	36.48	36.48	36.48	36.48	0
1992	2024-01-03	36.48	36.48	36.48	36.48	0
1993	2024-01-04	36.48	36.48	36.48	36.48	0
1994	2024-01-05	36.48	36.48	36.48	36.48	0
1995	2024-01-08	34.0	34.0	33.53	33.53	300
1996	2024-01-09	33.72	33.72	33.72	33.72	0
1997	2024-01-10	33.72	33.72	33.72	33.72	0
1998	2024-01-11	33.72	33.72	33.72	33.72	0
1999	2024-01-12	33.72	33.72	33.72	33.72	0
2000	2024-01-15	33.72	33.72	33.72	33.72	0
2001	2024-01-16	33.72	33.72	33.72	33.72	0
2002	2024-01-17	33.72	33.72	33.72	33.72	0
2003	2024-01-18	37.62	37.62	37.62	37.62	100
2004	2024-01-19	37.62	37.62	37.62	37.62	1000
2005	2024-01-22	37.62	37.62	37.62	37.62	1
2006	2024-01-23	37.62	37.62	37.62	37.62	0
2007	2024-01-24	37.62	37.62	37.62	37.62	0
2008	2024-01-25	42.77	42.77	42.77	42.77	100
2009	2024-01-26	36.67	36.67	36.67	36.67	9100
2010	2024-01-29	40.96	42.1	40.96	42.1	3500
2011	2024-01-30	47.62	48.29	42.86	48.29	1500
2012	2024-01-31	40.58	40.58	40.58	40.58	300
2013	2024-02-01	35.24	35.24	35.24	35.24	200
2014	2024-02-02	36.58	36.58	36.2	36.2	3700
2015	2024-02-05	36.58	36.58	36.58	36.58	0
2016	2024-02-06	36.58	36.58	36.58	36.58	0
2017	2024-02-07	36.58	36.58	36.58	36.58	0
2018	2024-02-15	36.58	36.58	36.58	36.58	0
2019	2024-02-16	36.58	36.58	36.58	36.58	0
2020	2024-02-19	36.58	36.58	36.58	36.58	0
2021	2024-02-20	36.58	36.58	36.58	36.58	0
2022	2024-02-21	36.58	36.58	36.58	36.58	0
2023	2024-02-22	36.58	36.58	36.58	36.58	0
2024	2024-02-23	36.29	36.29	36.29	36.29	100
2025	2024-02-26	35.43	35.43	35.34	35.34	1400
2026	2024-02-27	35.43	35.43	35.43	35.43	0
2027	2024-02-28	35.43	35.43	35.43	35.43	0
2028	2024-02-29	39.05	39.05	39.05	39.05	400
2029	2024-03-01	39.05	39.05	39.05	39.05	0
2030	2024-03-04	36.67	36.67	36.67	36.67	800
2031	2024-03-05	36.67	36.67	36.67	36.67	0
2032	2024-03-06	36.67	36.67	36.67	36.67	0
2033	2024-03-07	36.77	36.77	36.77	36.77	200
2034	2024-03-08	36.77	36.77	36.77	36.77	0
2035	2024-03-11	36.77	36.77	36.77	36.77	0
2036	2024-03-12	36.77	36.77	36.77	36.77	0
2037	2024-03-13	36.86	36.86	36.77	36.77	900
2038	2024-03-14	36.86	36.86	36.86	36.86	0
2039	2024-03-15	36.86	36.86	36.86	36.86	0
2040	2024-03-18	36.86	36.86	36.86	36.86	0
2041	2024-03-19	36.86	36.86	36.86	36.86	2
2042	2024-03-20	36.86	36.86	36.86	36.86	0
2043	2024-03-21	36.2	36.2	36.1	36.2	802
2044	2024-03-22	36.2	36.2	36.2	36.2	1000
2045	2024-03-25	36.2	36.2	36.2	36.2	0
2046	2024-03-26	36.2	36.2	36.2	36.2	0
2047	2024-03-27	36.2	36.2	36.2	36.2	0
2048	2024-03-28	36.2	36.67	36.2	36.67	300
2049	2024-03-29	38.1	38.1	38.1	38.1	1000
2050	2024-04-01	38.1	38.1	38.1	38.1	0
2051	2024-04-02	38.58	39.53	38.58	39.53	1100
2052	2024-04-03	39.05	39.05	39.05	39.05	0
2053	2024-04-04	39.05	39.05	39.05	39.05	0
2054	2024-04-05	39.05	39.05	39.05	39.05	0
2055	2024-04-08	39.05	39.05	39.05	39.05	0
2056	2024-04-09	39.05	42.86	39.05	42.86	500
2057	2024-04-10	41.91	41.91	41.91	41.91	100
2058	2024-04-11	41.91	41.91	41.91	41.91	1100
2059	2024-04-12	41.91	41.91	41.91	41.91	0
2060	2024-04-15	41.91	41.91	41.91	41.91	0
2061	2024-04-16	36.2	36.2	36.2	36.2	100
2062	2024-04-17	36.2	36.2	36.2	36.2	100
2063	2024-04-19	36.2	36.2	36.2	36.2	0
2064	2024-04-22	36.2	36.2	36.2	36.2	0
2065	2024-04-23	36.2	36.2	36.2	36.2	0
2066	2024-04-24	36.2	36.2	36.2	36.2	0
2067	2024-04-25	36.2	36.2	36.2	36.2	0
2068	2024-04-26	36.2	36.2	36.2	36.2	0
2069	2024-05-02	36.2	36.2	36.2	36.2	0
2070	2024-05-03	36.2	36.2	36.2	36.2	0
2071	2024-05-06	36.2	36.2	36.2	36.2	0
2072	2024-05-07	36.2	36.2	36.2	36.2	0
2073	2024-05-08	36.2	36.2	36.2	36.2	0
2074	2024-05-09	36.2	36.2	36.2	36.2	0
2075	2024-05-10	36.2	36.2	36.2	36.2	0
2076	2024-05-13	36.2	36.2	36.2	36.2	0
2077	2024-05-14	36.2	36.2	36.2	36.2	0
2078	2024-05-15	40.1	40.1	40.1	40.1	100
2079	2024-05-16	40.1	40.1	40.1	40.1	0
2080	2024-05-17	36.2	36.2	36.2	36.2	200
2081	2024-05-20	36.2	36.2	36.2	36.2	0
2082	2024-05-21	36.2	36.2	36.2	36.2	0
2083	2024-05-22	36.2	36.2	36.2	36.2	0
2084	2024-05-23	36.2	36.2	36.2	36.2	0
2085	2024-05-24	36.2	36.2	36.2	36.2	0
2086	2024-05-27	36.2	36.2	36.2	36.2	0
2087	2024-05-28	36.2	36.2	36.2	36.2	0
2088	2024-05-29	36.2	36.2	36.2	36.2	0
2089	2024-05-30	36.2	36.2	36.2	36.2	28
2090	2024-05-31	41.2	41.2	41.0	41.0	964
2091	2024-06-03	41.1	41.1	41.1	41.1	0
2092	2024-06-04	41.1	41.1	41.1	41.1	0
2093	2024-06-05	41.1	41.1	41.1	41.1	0
2094	2024-06-06	41.1	41.1	41.1	41.1	0
2095	2024-06-07	41.1	41.1	41.1	41.1	0
2096	2024-06-10	37.0	41.1	37.0	41.1	300
2097	2024-06-11	39.7	39.7	39.7	39.7	0
2098	2024-06-12	39.7	39.7	39.7	39.7	0
2099	2024-06-13	35.0	35.0	35.0	35.0	100
2100	2024-06-14	40.2	40.2	40.2	40.2	138
2101	2024-06-17	40.2	40.2	40.2	40.2	0
2102	2024-06-18	40.2	40.2	40.2	40.2	0
2103	2024-06-19	40.2	40.2	40.2	40.2	0
2104	2024-06-20	40.2	40.2	40.2	40.2	0
2105	2024-06-21	40.2	40.2	40.2	40.2	0
2106	2024-06-24	40.2	40.2	40.2	40.2	0
2107	2024-06-25	40.2	40.2	40.2	40.2	0
2108	2024-06-26	40.2	40.2	40.2	40.2	0
2109	2024-06-27	40.2	40.2	40.2	40.2	0
2110	2024-06-28	40.2	40.2	40.2	40.2	0
2111	2024-07-01	40.2	40.2	40.2	40.2	0
2112	2024-07-02	40.2	40.2	40.2	40.2	0
2113	2024-07-03	40.2	40.2	40.2	40.2	0
2114	2024-07-04	40.2	40.2	40.2	40.2	1
2115	2024-07-05	40.2	40.2	40.2	40.2	0
2116	2024-07-08	40.0	40.0	40.0	40.0	1500
2117	2024-07-09	40.5	40.5	40.5	40.5	200
2118	2024-07-10	40.0	40.5	40.0	40.5	700
2119	2024-07-11	40.4	40.4	40.4	40.4	0
2120	2024-07-12	41.0	41.0	40.5	40.5	900
2121	2024-07-15	40.7	40.7	40.7	40.7	0
2122	2024-07-16	40.7	40.7	40.7	40.7	0
2123	2024-07-17	40.7	40.7	40.7	40.7	500
2124	2024-07-18	40.5	40.5	40.2	40.2	700
2125	2024-07-19	40.3	40.3	40.3	40.3	5
2126	2024-07-22	40.0	40.5	40.0	40.5	412
2127	2024-07-23	40.3	40.3	40.3	40.3	11
2128	2024-07-24	40.5	40.5	40.0	40.0	1009
2129	2024-07-25	40.1	40.1	40.1	40.1	5
2130	2024-07-26	40.0	40.0	40.0	40.0	100
2131	2024-07-29	40.0	40.0	40.0	40.0	200
2132	2024-07-30	40.0	40.0	40.0	40.0	200
2133	2024-08-01	38.5	38.5	38.5	38.5	1000
2134	2024-08-02	38.5	38.6	38.5	38.6	300
2135	2024-08-05	38.5	38.5	38.5	38.5	300
2136	2024-08-06	38.5	38.5	38.5	38.5	100
2137	2024-08-07	38.6	40.0	38.6	40.0	300
2138	2024-08-19	39.6	40.0	39.6	40.0	600
2139	2024-08-20	40.0	40.0	40.0	40.0	100
2140	2024-08-21	40.0	40.0	40.0	40.0	2500
2141	2024-08-28	39.7	39.7	39.7	39.7	100
2142	2024-08-30	40.0	40.0	40.0	40.0	2400
2143	2024-09-12	39.8	39.8	39.8	39.8	200
2144	2024-09-20	42.0	42.0	42.0	42.0	100
2145	2024-09-25	39.5	39.5	39.5	39.5	400
2146	2024-09-26	41.9	41.9	41.9	41.9	700
2147	2024-09-27	40.1	40.1	40.1	40.1	100
2148	2024-10-01	39.5	39.5	39.5	39.5	200
2149	2024-10-16	39.5	39.5	39.5	39.5	2000
2150	2024-10-17	39.5	39.6	39.5	39.6	5900
2151	2024-10-18	39.7	40.2	39.7	40.2	19500
2152	2024-10-22	39.6	39.6	39.6	39.6	1400
2153	2024-10-23	40.2	40.2	40.2	40.2	100
2154	2024-10-25	39.8	39.8	39.8	39.8	1000
2155	2024-10-29	39.5	39.5	39.5	39.5	100
2156	2024-11-01	40.0	40.1	40.0	40.1	2000
2157	2024-11-11	40.1	40.1	40.1	40.1	1500
2158	2024-11-12	40.1	40.1	40.1	40.1	300
2159	2024-11-13	40.1	40.1	40.1	40.1	1400
2160	2024-11-15	39.7	39.7	39.7	39.7	1000
2161	2024-12-11	45.6	45.6	45.6	45.6	200
2162	2024-12-16	40.0	40.0	40.0	40.0	100
2163	2025-02-10	42.0	42.0	42.0	42.0	2000
2164	2025-02-12	42.0	42.0	42.0	42.0	1000
2165	2025-03-12	42.0	42.0	42.0	42.0	1000
2166	2025-03-19	48.0	48.0	48.0	48.0	100
2167	2025-03-20	55.2	55.2	55.2	55.2	2900
2168	2025-03-21	63.4	63.4	63.0	63.0	13300
2169	2025-03-24	53.9	55.0	53.9	53.9	400
2170	2025-03-25	53.8	53.8	49.9	49.9	400
2171	2025-03-26	44.5	50.7	43.3	49.0	3900
2172	2025-03-27	43.0	43.8	43.0	43.8	300
2173	2025-03-28	49.7	49.7	49.7	49.7	100
2174	2025-03-31	49.2	49.2	43.1	49.1	400
