	time	open	high	low	close	volume
0	2017-10-25	11.89	0.0	0.0	0.0	0
1	2017-10-26	11.89	11.89	11.89	11.89	0
2	2017-10-27	11.89	11.89	11.89	11.89	0
3	2017-10-30	11.89	11.89	11.89	11.89	0
4	2017-10-31	11.89	11.89	11.89	11.89	0
5	2017-11-01	11.89	11.89	11.89	11.89	0
6	2017-11-02	11.89	11.89	11.89	11.89	0
7	2017-11-03	11.89	11.89	11.89	11.89	0
8	2017-11-06	11.89	11.89	11.89	11.89	0
9	2017-11-07	11.89	11.89	11.89	11.89	0
10	2017-11-08	11.89	11.89	11.89	11.89	0
11	2017-11-09	11.89	11.89	11.89	11.89	0
12	2017-11-10	11.89	11.89	11.89	11.89	0
13	2017-11-13	11.89	11.89	11.89	11.89	0
14	2017-11-14	11.89	11.89	11.89	11.89	0
15	2017-11-15	11.89	11.89	11.89	11.89	0
16	2017-11-16	11.89	11.89	11.89	11.89	0
17	2017-11-17	11.89	11.89	11.89	11.89	0
18	2017-11-20	11.89	11.89	11.89	11.89	0
19	2017-11-21	11.89	11.89	11.89	11.89	0
20	2017-11-22	11.89	11.89	11.89	11.89	0
21	2017-11-23	11.89	11.89	11.89	11.89	0
22	2017-11-24	11.89	11.89	11.89	11.89	0
23	2017-11-27	11.89	11.89	11.89	11.89	0
24	2017-11-28	11.89	11.89	11.89	11.89	0
25	2017-11-29	11.89	11.89	11.89	11.89	0
26	2017-11-30	11.89	11.89	11.89	11.89	0
27	2017-12-01	11.89	11.89	11.89	11.89	0
28	2017-12-04	11.89	11.89	11.89	11.89	0
29	2017-12-05	11.89	11.89	11.89	11.89	0
30	2017-12-06	11.89	11.89	11.89	11.89	0
31	2017-12-07	11.89	11.89	11.89	11.89	0
32	2017-12-08	11.89	11.89	11.89	11.89	0
33	2017-12-11	11.89	11.89	11.89	11.89	0
34	2017-12-12	11.89	11.89	11.89	11.89	0
35	2017-12-13	11.89	11.89	11.89	11.89	0
36	2017-12-14	11.89	11.89	11.89	11.89	0
37	2017-12-15	11.89	11.89	11.89	11.89	0
38	2017-12-18	11.89	11.89	11.89	11.89	0
39	2017-12-19	11.89	11.89	11.89	11.89	0
40	2017-12-20	11.89	11.89	11.89	11.89	0
41	2017-12-21	11.89	11.89	11.89	11.89	0
42	2017-12-22	11.89	11.89	11.89	11.89	0
43	2017-12-25	11.89	11.89	11.89	11.89	0
44	2017-12-26	11.89	11.89	11.89	11.89	0
45	2017-12-27	11.89	11.89	11.89	11.89	0
46	2017-12-28	11.89	11.89	11.89	11.89	0
47	2017-12-29	11.89	11.89	11.89	11.89	0
48	2018-01-02	11.89	11.89	11.89	11.89	0
49	2018-01-03	11.89	11.89	11.89	11.89	0
50	2018-01-04	11.89	11.89	11.89	11.89	0
51	2018-01-05	11.89	11.89	11.89	11.89	0
52	2018-01-08	11.89	11.89	11.89	11.89	0
53	2018-01-09	11.89	11.89	11.89	11.89	0
54	2018-01-10	11.89	11.89	11.89	11.89	0
55	2018-01-11	11.89	11.89	11.89	11.89	0
56	2018-01-12	11.89	11.89	11.89	11.89	0
57	2018-01-15	11.89	11.89	11.89	11.89	0
58	2018-01-16	11.89	11.89	11.89	11.89	0
59	2018-01-17	11.89	11.89	11.89	11.89	0
60	2018-01-18	11.89	11.89	11.89	11.89	0
61	2018-01-19	11.89	11.89	11.89	11.89	0
62	2018-01-22	11.89	11.89	11.89	11.89	0
63	2018-01-23	11.89	11.89	11.89	11.89	0
64	2018-01-24	11.89	11.89	11.89	11.89	0
65	2018-01-25	11.89	11.89	11.89	11.89	0
66	2018-01-26	11.89	11.89	11.89	11.89	0
67	2018-01-29	11.89	11.89	11.89	11.89	0
68	2018-01-30	11.89	11.89	11.89	11.89	0
69	2018-01-31	11.89	11.89	11.89	11.89	0
70	2018-02-01	11.89	11.89	11.89	11.89	0
71	2018-02-02	11.89	11.89	11.89	11.89	0
72	2018-02-05	11.89	11.89	11.89	11.89	0
73	2018-02-06	11.89	11.89	11.89	11.89	0
74	2018-02-07	11.89	11.89	11.89	11.89	0
75	2018-02-08	11.89	11.89	11.89	11.89	0
76	2018-02-09	11.89	11.89	11.89	11.89	0
77	2018-02-12	11.89	11.89	11.89	11.89	0
78	2018-02-13	11.89	11.89	11.89	11.89	0
79	2018-02-21	11.89	11.89	11.89	11.89	0
80	2018-02-22	11.89	11.89	11.89	11.89	0
81	2018-02-23	11.89	11.89	11.89	11.89	0
82	2018-02-26	11.89	11.89	11.89	11.89	0
83	2018-02-27	11.89	11.89	11.89	11.89	0
84	2018-02-28	11.89	11.89	11.89	11.89	0
85	2018-03-01	11.89	11.89	11.89	11.89	0
86	2018-03-02	11.89	11.89	11.89	11.89	0
87	2018-03-05	11.89	11.89	11.89	11.89	0
88	2018-03-06	11.89	11.89	11.89	11.89	0
89	2018-03-07	11.89	11.89	11.89	11.89	0
90	2018-03-08	11.89	11.89	11.89	11.89	0
91	2018-03-09	11.89	11.89	11.89	11.89	0
92	2018-03-12	11.89	11.89	11.89	11.89	0
93	2018-03-13	11.89	11.89	11.89	11.89	0
94	2018-03-14	11.89	11.89	11.89	11.89	0
95	2018-03-15	11.89	11.89	11.89	11.89	0
96	2018-03-16	11.89	11.89	11.89	11.89	0
97	2018-03-19	11.89	11.89	11.89	11.89	0
98	2018-03-20	11.89	11.89	11.89	11.89	0
99	2018-03-21	11.89	11.89	11.89	11.89	0
100	2018-03-22	11.89	11.89	11.89	11.89	0
101	2018-03-23	11.89	11.89	11.89	11.89	0
102	2018-03-26	11.89	11.89	11.89	11.89	0
103	2018-03-27	11.89	11.89	11.89	11.89	0
104	2018-03-28	11.89	11.89	11.89	11.89	0
105	2018-03-29	11.89	11.89	11.89	11.89	0
106	2018-03-30	11.89	11.89	11.89	11.89	0
107	2018-04-02	11.89	11.89	11.89	11.89	0
108	2018-04-03	11.89	11.89	11.89	11.89	0
109	2018-04-04	11.89	11.89	11.89	11.89	0
110	2018-04-05	11.89	11.89	11.89	11.89	0
111	2018-04-06	11.89	11.89	11.89	11.89	0
112	2018-04-09	11.89	11.89	11.89	11.89	0
113	2018-04-10	11.89	11.89	11.89	11.89	0
114	2018-04-11	11.89	11.89	11.89	11.89	0
115	2018-04-12	11.89	11.89	11.89	11.89	0
116	2018-04-13	11.89	11.89	11.89	11.89	0
117	2018-04-16	11.89	11.89	11.89	11.89	0
118	2018-04-17	11.89	11.89	11.89	11.89	0
119	2018-04-18	11.89	11.89	11.89	11.89	0
120	2018-04-19	11.89	11.89	11.89	11.89	0
121	2018-04-20	11.89	11.89	11.89	11.89	0
122	2018-04-23	11.89	11.89	11.89	11.89	0
123	2018-04-24	11.89	11.89	11.89	11.89	0
124	2018-04-26	11.89	11.89	11.89	11.89	0
125	2018-04-27	11.89	11.89	11.89	11.89	0
126	2018-05-02	11.89	11.89	11.89	11.89	0
127	2018-05-03	11.89	11.89	11.89	11.89	0
128	2018-05-04	11.89	11.89	11.89	11.89	0
129	2018-05-07	11.89	11.89	11.89	11.89	0
130	2018-05-08	11.89	11.89	11.89	11.89	0
131	2018-05-09	11.89	11.89	11.89	11.89	0
132	2018-05-10	11.89	11.89	11.89	11.89	0
133	2018-05-11	11.89	11.89	11.89	11.89	0
134	2018-05-14	11.89	11.89	11.89	11.89	0
135	2018-05-15	11.89	11.89	11.89	11.89	0
136	2018-05-16	11.89	11.89	11.89	11.89	0
137	2018-05-17	11.89	11.89	11.89	11.89	0
138	2018-05-18	11.89	11.89	11.89	11.89	0
139	2018-05-21	11.89	11.89	11.89	11.89	0
140	2018-05-22	11.89	11.89	11.89	11.89	0
141	2018-05-23	11.89	11.89	11.89	11.89	0
142	2018-05-24	11.89	11.89	11.89	11.89	0
143	2018-05-25	11.89	11.89	11.89	11.89	0
144	2018-05-28	11.89	11.89	11.89	11.89	0
145	2018-05-29	11.89	11.89	11.89	11.89	0
146	2018-05-30	11.89	11.89	11.89	11.89	0
147	2018-05-31	11.89	11.89	11.89	11.89	0
148	2018-06-01	11.89	11.89	11.89	11.89	0
149	2018-06-04	11.89	11.89	11.89	11.89	0
150	2018-06-05	11.89	11.89	11.89	11.89	0
151	2018-06-06	11.89	11.89	11.89	11.89	0
152	2018-06-07	11.89	11.89	11.89	11.89	0
153	2018-06-08	11.89	11.89	11.89	11.89	0
154	2018-06-11	11.89	11.89	11.89	11.89	0
155	2018-06-12	11.89	11.89	11.89	11.89	0
156	2018-06-13	11.89	11.89	11.89	11.89	0
157	2018-06-14	11.89	11.89	11.89	11.89	0
158	2018-06-15	11.89	11.89	11.89	11.89	0
159	2018-06-18	11.89	11.89	11.89	11.89	0
160	2018-06-19	11.89	11.89	11.89	11.89	0
161	2018-06-20	11.89	11.89	11.89	11.89	0
162	2018-06-21	11.89	11.89	11.89	11.89	0
163	2018-06-22	11.89	11.89	11.89	11.89	0
164	2018-06-25	11.89	11.89	11.89	11.89	0
165	2018-06-26	11.89	11.89	11.89	11.89	0
166	2018-06-27	11.89	11.89	11.89	11.89	0
167	2018-06-28	11.89	11.89	11.89	11.89	0
168	2018-06-29	11.89	11.89	11.89	11.89	0
169	2018-07-02	11.89	11.89	11.89	11.89	0
170	2018-07-03	11.89	11.89	11.89	11.89	0
171	2018-07-04	11.89	11.89	11.89	11.89	0
172	2018-07-05	11.89	11.89	11.89	11.89	0
173	2018-07-06	11.89	11.89	11.89	11.89	0
174	2018-07-09	11.89	11.89	11.89	11.89	0
175	2018-07-10	11.89	11.89	11.89	11.89	0
176	2018-07-11	11.89	11.89	11.89	11.89	0
177	2018-07-12	11.89	11.89	11.89	11.89	0
178	2018-07-13	11.89	11.89	11.89	11.89	0
179	2018-07-16	11.89	11.89	11.89	11.89	0
180	2018-07-17	11.89	11.89	11.89	11.89	0
181	2018-07-18	11.89	11.89	11.89	11.89	0
182	2018-07-19	11.89	11.89	11.89	11.89	0
183	2018-07-20	11.89	11.89	11.89	11.89	0
184	2018-07-23	11.89	11.89	11.89	11.89	0
185	2018-07-24	11.89	11.89	11.89	11.89	0
186	2018-07-25	11.89	11.89	11.89	11.89	0
187	2018-07-26	11.89	11.89	11.89	11.89	0
188	2018-07-27	11.89	11.89	11.89	11.89	0
189	2018-07-30	11.89	11.89	11.89	11.89	0
190	2018-07-31	11.89	11.89	11.89	11.89	0
191	2018-08-01	11.89	11.89	11.89	11.89	0
192	2018-08-02	11.89	11.89	11.89	11.89	0
193	2018-08-03	11.89	11.89	11.89	11.89	0
194	2018-08-06	11.89	11.89	11.89	11.89	0
195	2018-08-07	11.89	11.89	11.89	11.89	0
196	2018-08-08	11.89	11.89	11.89	11.89	0
197	2018-08-09	11.89	11.89	11.89	11.89	0
198	2018-08-10	11.89	11.89	11.89	11.89	0
199	2018-08-13	11.89	11.89	11.89	11.89	0
200	2018-08-14	11.89	11.89	11.89	11.89	0
201	2018-08-15	11.89	11.89	11.89	11.89	0
202	2018-08-16	11.89	11.89	11.89	11.89	0
203	2018-08-17	11.89	11.89	11.89	11.89	0
204	2018-08-20	11.89	11.89	11.89	11.89	0
205	2018-08-21	11.89	11.89	11.89	11.89	0
206	2018-08-22	11.89	11.89	11.89	11.89	0
207	2018-08-23	11.89	11.89	11.89	11.89	0
208	2018-08-24	11.89	11.89	11.89	11.89	0
209	2018-08-27	11.89	11.89	11.89	11.89	0
210	2018-08-28	11.89	11.89	11.89	11.89	0
211	2018-08-29	11.89	11.89	11.89	11.89	0
212	2018-08-30	11.89	11.89	11.89	11.89	0
213	2018-08-31	11.89	11.89	11.89	11.89	0
214	2018-09-04	11.89	11.89	11.89	11.89	0
215	2018-09-05	11.89	11.89	11.89	11.89	0
216	2018-09-06	11.89	11.89	11.89	11.89	0
217	2018-09-07	11.89	11.89	11.89	11.89	0
218	2018-09-10	11.89	11.89	11.89	11.89	0
219	2018-09-11	11.89	11.89	11.89	11.89	0
220	2018-09-12	11.89	11.89	11.89	11.89	0
221	2018-09-13	11.89	11.89	11.89	11.89	0
222	2018-09-14	11.89	11.89	11.89	11.89	0
223	2018-09-17	11.89	11.89	11.89	11.89	0
224	2018-09-18	11.89	11.89	11.89	11.89	0
225	2018-09-19	11.89	11.89	11.89	11.89	0
226	2018-09-20	11.89	11.89	11.89	11.89	0
227	2018-09-21	11.89	11.89	11.89	11.89	0
228	2018-09-24	11.89	11.89	11.89	11.89	0
229	2018-09-25	11.89	11.89	11.89	11.89	0
230	2018-09-26	11.89	11.89	11.89	11.89	0
231	2018-09-27	11.89	11.89	11.89	11.89	0
232	2018-09-28	11.89	11.89	11.89	11.89	0
233	2018-10-01	11.89	11.89	11.89	11.89	0
234	2018-10-02	11.89	11.89	11.89	11.89	0
235	2018-10-03	11.89	11.89	11.89	11.89	0
236	2018-10-04	11.89	11.89	11.89	11.89	0
237	2018-10-05	11.89	11.89	11.89	11.89	0
238	2018-10-08	11.89	11.89	11.89	11.89	0
239	2018-10-09	11.89	11.89	11.89	11.89	0
240	2018-10-10	11.89	11.89	11.89	11.89	0
241	2018-10-11	11.89	11.89	11.89	11.89	0
242	2018-10-12	11.89	11.89	11.89	11.89	0
243	2018-10-15	11.89	11.89	11.89	11.89	0
244	2018-10-16	11.89	11.89	11.89	11.89	0
245	2018-10-17	11.89	11.89	11.89	11.89	0
246	2018-10-18	11.89	11.89	11.89	11.89	0
247	2018-10-19	11.89	11.89	11.89	11.89	0
248	2018-10-22	11.89	11.89	11.89	11.89	0
249	2018-10-23	11.89	11.89	11.89	11.89	0
250	2018-10-24	11.89	11.89	11.89	11.89	0
251	2018-10-25	11.89	11.89	11.89	11.89	0
252	2018-10-26	11.89	11.89	11.89	11.89	0
253	2018-10-29	11.89	11.89	11.89	11.89	0
254	2018-10-30	11.89	11.89	11.89	11.89	0
255	2018-10-31	11.89	11.89	11.89	11.89	0
256	2018-11-01	11.89	11.89	11.89	11.89	0
257	2018-11-02	11.89	11.89	11.89	11.89	0
258	2018-11-05	11.89	11.89	11.89	11.89	0
259	2018-11-06	11.89	11.89	11.89	11.89	0
260	2018-11-07	11.89	11.89	11.89	11.89	0
261	2018-11-08	11.89	11.89	11.89	11.89	0
262	2018-11-09	11.89	11.89	11.89	11.89	0
263	2018-11-12	11.89	11.89	11.89	11.89	0
264	2018-11-13	11.89	11.89	11.89	11.89	0
265	2018-11-14	11.89	11.89	11.89	11.89	0
266	2018-11-15	11.89	11.89	11.89	11.89	0
267	2018-11-16	11.89	11.89	11.89	11.89	0
268	2018-11-19	11.89	11.89	11.89	11.89	0
269	2018-11-20	11.89	11.89	11.89	11.89	0
270	2018-11-21	11.89	11.89	11.89	11.89	0
271	2018-11-22	11.89	11.89	11.89	11.89	0
272	2018-11-23	11.89	11.89	11.89	11.89	0
273	2018-11-26	11.89	11.89	11.89	11.89	0
274	2018-11-27	11.89	11.89	11.89	11.89	0
275	2018-11-28	11.89	11.89	11.89	11.89	0
276	2018-11-29	11.89	11.89	11.89	11.89	0
277	2018-11-30	11.89	11.89	11.89	11.89	0
278	2018-12-03	11.89	11.89	11.89	11.89	0
279	2018-12-04	11.89	11.89	11.89	11.89	0
280	2018-12-05	11.89	11.89	11.89	11.89	0
281	2018-12-06	11.89	11.89	11.89	11.89	0
282	2018-12-07	11.89	11.89	11.89	11.89	0
283	2018-12-10	11.89	11.89	11.89	11.89	0
284	2018-12-11	11.89	11.89	11.89	11.89	0
285	2018-12-12	11.89	11.89	11.89	11.89	0
286	2018-12-13	11.89	11.89	11.89	11.89	0
287	2018-12-14	11.89	11.89	11.89	11.89	0
288	2018-12-17	11.89	11.89	11.89	11.89	0
289	2018-12-18	11.89	11.89	11.89	11.89	0
290	2018-12-19	11.89	11.89	11.89	11.89	0
291	2018-12-20	11.89	11.89	11.89	11.89	0
292	2018-12-21	11.89	11.89	11.89	11.89	0
293	2018-12-24	11.89	11.89	11.89	11.89	0
294	2018-12-25	11.89	11.89	11.89	11.89	0
295	2018-12-26	11.89	11.89	11.89	11.89	0
296	2018-12-27	11.89	11.89	11.89	11.89	0
297	2018-12-28	11.89	11.89	11.89	11.89	0
298	2019-01-02	11.89	11.89	11.89	11.89	0
299	2019-01-03	11.89	11.89	11.89	11.89	0
300	2019-01-04	11.89	11.89	11.89	11.89	0
301	2019-01-07	11.89	11.89	11.89	11.89	0
302	2019-01-08	11.89	11.89	11.89	11.89	0
303	2019-01-09	11.89	11.89	11.89	11.89	0
304	2019-01-10	11.89	11.89	11.89	11.89	0
305	2019-01-11	11.89	11.89	11.89	11.89	0
306	2019-01-14	11.89	11.89	11.89	11.89	0
307	2019-01-15	11.89	11.89	11.89	11.89	0
308	2019-01-16	11.89	11.89	11.89	11.89	0
309	2019-01-17	11.89	11.89	11.89	11.89	0
310	2019-01-18	11.89	11.89	11.89	11.89	0
311	2019-01-21	11.89	11.89	11.89	11.89	0
312	2019-01-22	11.89	11.89	11.89	11.89	0
313	2019-01-23	11.89	11.89	11.89	11.89	0
314	2019-01-24	11.89	11.89	11.89	11.89	0
315	2019-01-25	11.89	11.89	11.89	11.89	0
316	2019-01-28	11.89	11.89	11.89	11.89	0
317	2019-01-29	11.89	11.89	11.89	11.89	0
318	2019-01-30	11.89	11.89	11.89	11.89	0
319	2019-01-31	11.89	11.89	11.89	11.89	0
320	2019-02-01	11.89	11.89	11.89	11.89	0
321	2019-02-11	11.89	11.89	11.89	11.89	0
322	2019-02-12	11.89	11.89	11.89	11.89	0
323	2019-02-13	11.89	11.89	11.89	11.89	0
324	2019-02-14	11.89	11.89	11.89	11.89	0
325	2019-02-15	11.89	11.89	11.89	11.89	0
326	2019-02-18	11.89	11.89	11.89	11.89	0
327	2019-02-19	11.89	11.89	11.89	11.89	0
328	2019-02-20	11.89	11.89	11.89	11.89	0
329	2019-02-21	11.89	11.89	11.89	11.89	0
330	2019-02-22	11.89	11.89	11.89	11.89	0
331	2019-02-25	11.89	11.89	11.89	11.89	0
332	2019-02-26	11.89	11.89	11.89	11.89	0
333	2019-02-27	11.89	11.89	11.89	11.89	0
334	2019-02-28	11.89	11.89	11.89	11.89	0
335	2019-03-01	11.89	11.89	11.89	11.89	0
336	2019-03-04	11.89	11.89	11.89	11.89	0
337	2019-03-05	11.89	11.89	11.89	11.89	0
338	2019-03-06	11.89	11.89	11.89	11.89	0
339	2019-03-07	11.89	11.89	11.89	11.89	0
340	2019-03-08	11.89	11.89	11.89	11.89	0
341	2019-03-11	11.89	11.89	11.89	11.89	0
342	2019-03-12	11.89	11.89	11.89	11.89	0
343	2019-03-13	11.89	11.89	11.89	11.89	0
344	2019-03-14	11.89	11.89	11.89	11.89	0
345	2019-03-15	11.89	11.89	11.89	11.89	0
346	2019-03-18	11.89	11.89	11.89	11.89	0
347	2019-03-19	11.89	11.89	11.89	11.89	0
348	2019-03-20	11.89	11.89	11.89	11.89	0
349	2019-03-21	11.89	11.89	11.89	11.89	0
350	2019-03-22	11.89	11.89	11.89	11.89	0
351	2019-03-25	11.89	11.89	11.89	11.89	0
352	2019-03-26	11.89	11.89	11.89	11.89	0
353	2019-03-27	11.89	11.89	11.89	11.89	0
354	2019-03-28	11.89	11.89	11.89	11.89	0
355	2019-03-29	11.89	11.89	11.89	11.89	0
356	2019-04-01	11.89	11.89	11.89	11.89	0
357	2019-04-02	11.89	11.89	11.89	11.89	0
358	2019-04-03	11.89	11.89	11.89	11.89	0
359	2019-04-04	11.89	11.89	11.89	11.89	0
360	2019-04-05	11.89	11.89	11.89	11.89	0
361	2019-04-08	11.89	11.89	11.89	11.89	0
362	2019-04-09	11.89	11.89	11.89	11.89	0
363	2019-04-10	11.89	11.89	11.89	11.89	0
364	2019-04-11	11.89	11.89	11.89	11.89	0
365	2019-04-12	11.89	11.89	11.89	11.89	0
366	2019-04-16	11.89	11.89	11.89	11.89	0
367	2019-04-17	11.89	11.89	11.89	11.89	0
368	2019-04-18	11.89	11.89	11.89	11.89	0
369	2019-04-19	11.89	11.89	11.89	11.89	0
370	2019-04-22	11.89	11.89	11.89	11.89	0
371	2019-04-23	11.89	11.89	11.89	11.89	0
372	2019-04-24	11.89	11.89	11.89	11.89	0
373	2019-04-25	11.89	11.89	11.89	11.89	0
374	2019-04-26	11.89	11.89	11.89	11.89	0
375	2019-05-02	11.89	11.89	11.89	11.89	0
376	2019-05-03	11.89	11.89	11.89	11.89	0
377	2019-05-06	11.89	11.89	11.89	11.89	0
378	2019-05-07	11.89	11.89	11.89	11.89	0
379	2019-05-08	11.89	11.89	11.89	11.89	0
380	2019-05-09	11.89	11.89	11.89	11.89	0
381	2019-05-10	11.89	11.89	11.89	11.89	0
382	2019-05-13	11.89	11.89	11.89	11.89	0
383	2019-05-14	11.89	11.89	11.89	11.89	0
384	2019-05-15	11.89	11.89	11.89	11.89	0
385	2019-05-16	11.89	11.89	11.89	11.89	0
386	2019-05-17	11.89	11.89	11.89	11.89	0
387	2019-05-20	11.89	11.89	11.89	11.89	0
388	2019-05-21	11.89	11.89	11.89	11.89	0
389	2019-05-22	11.89	11.89	11.89	11.89	0
390	2019-05-23	11.89	11.89	11.89	11.89	0
391	2019-05-24	11.89	11.89	11.89	11.89	0
392	2019-05-27	11.89	11.89	11.89	11.89	0
393	2019-05-28	11.89	11.89	11.89	11.89	0
394	2019-05-29	11.89	11.89	11.89	11.89	0
395	2019-05-30	11.89	11.89	11.89	11.89	0
396	2019-05-31	11.89	11.89	11.89	11.89	0
397	2019-06-03	11.89	11.89	11.89	11.89	0
398	2019-06-04	11.89	11.89	11.89	11.89	0
399	2019-06-05	11.89	11.89	11.89	11.89	0
400	2019-06-06	11.89	11.89	11.89	11.89	0
401	2019-06-07	11.89	11.89	11.89	11.89	0
402	2019-06-10	11.89	11.89	11.89	11.89	0
403	2019-06-11	11.89	11.89	11.89	11.89	0
404	2019-06-12	11.89	11.89	11.89	11.89	0
405	2019-06-13	11.89	11.89	11.89	11.89	0
406	2019-06-14	11.89	11.89	11.89	11.89	0
407	2019-06-17	11.89	11.89	11.89	11.89	0
408	2019-06-18	11.89	11.89	11.89	11.89	0
409	2019-06-19	11.89	11.89	11.89	11.89	0
410	2019-06-20	11.89	11.89	11.89	11.89	0
411	2019-06-21	11.89	11.89	11.89	11.89	0
412	2019-06-24	11.89	11.89	11.89	11.89	0
413	2019-06-25	11.89	11.89	11.89	11.89	0
414	2019-06-26	11.89	11.89	11.89	11.89	0
415	2019-06-27	11.89	11.89	11.89	11.89	0
416	2019-06-28	11.89	11.89	11.89	11.89	0
417	2019-07-01	11.89	11.89	11.89	11.89	0
418	2019-07-02	11.89	11.89	11.89	11.89	0
419	2019-07-03	11.89	11.89	11.89	11.89	0
420	2019-07-04	11.89	11.89	11.89	11.89	0
421	2019-07-05	11.89	11.89	11.89	11.89	0
422	2019-07-08	11.89	11.89	11.89	11.89	0
423	2019-07-09	11.89	11.89	11.89	11.89	0
424	2019-07-10	11.89	11.89	11.89	11.89	0
425	2019-07-11	11.89	11.89	11.89	11.89	0
426	2019-07-12	11.89	11.89	11.89	11.89	0
427	2019-07-15	11.89	11.89	11.89	11.89	0
428	2019-07-16	11.89	11.89	11.89	11.89	0
429	2019-07-17	11.89	11.89	11.89	11.89	0
430	2019-07-18	11.89	11.89	11.89	11.89	0
431	2019-07-19	11.89	11.89	11.89	11.89	0
432	2019-07-22	11.89	11.89	11.89	11.89	0
433	2019-07-23	11.89	11.89	11.89	11.89	0
434	2019-07-24	11.89	11.89	11.89	11.89	0
435	2019-07-25	11.89	11.89	11.89	11.89	0
436	2019-07-26	11.89	11.89	11.89	11.89	0
437	2019-07-29	11.89	11.89	11.89	11.89	0
438	2019-07-30	11.89	11.89	11.89	11.89	0
439	2019-07-31	11.89	11.89	11.89	11.89	0
440	2019-08-01	11.89	11.89	11.89	11.89	0
441	2019-08-02	11.89	11.89	11.89	11.89	0
442	2019-08-05	11.89	11.89	11.89	11.89	0
443	2019-08-06	11.89	11.89	11.89	11.89	0
444	2019-08-07	11.89	11.89	11.89	11.89	0
445	2019-08-08	11.89	11.89	11.89	11.89	0
446	2019-08-09	11.89	11.89	11.89	11.89	0
447	2019-08-12	11.89	11.89	11.89	11.89	0
448	2019-08-13	11.89	11.89	11.89	11.89	0
449	2019-08-14	11.89	11.89	11.89	11.89	0
450	2019-08-15	11.89	11.89	11.89	11.89	0
451	2019-08-16	11.89	11.89	11.89	11.89	0
452	2019-08-19	11.89	11.89	11.89	11.89	0
453	2019-08-20	11.89	11.89	11.89	11.89	0
454	2019-08-21	11.89	11.89	11.89	11.89	0
455	2019-08-22	11.89	11.89	11.89	11.89	0
456	2019-08-23	11.89	11.89	11.89	11.89	0
457	2019-08-26	11.89	11.89	11.89	11.89	0
458	2019-08-27	11.89	11.89	11.89	11.89	0
459	2019-08-28	11.89	11.89	11.89	11.89	0
460	2019-08-29	11.89	11.89	11.89	11.89	0
461	2019-08-30	11.89	11.89	11.89	11.89	0
462	2019-09-03	11.89	11.89	11.89	11.89	0
463	2019-09-04	11.89	11.89	11.89	11.89	0
464	2019-09-05	11.89	11.89	11.89	11.89	0
465	2019-09-06	11.89	11.89	11.89	11.89	0
466	2019-09-09	11.89	11.89	11.89	11.89	0
467	2019-09-10	11.89	11.89	11.89	11.89	0
468	2019-09-11	11.89	11.89	11.89	11.89	0
469	2019-09-12	11.89	11.89	11.89	11.89	0
470	2019-09-13	11.89	11.89	11.89	11.89	0
471	2019-09-16	11.89	11.89	11.89	11.89	0
472	2019-09-17	11.89	11.89	11.89	11.89	0
473	2019-09-18	11.89	11.89	11.89	11.89	0
474	2019-09-19	11.89	11.89	11.89	11.89	0
475	2019-09-20	11.89	11.89	11.89	11.89	0
476	2019-09-23	11.89	11.89	11.89	11.89	0
477	2019-09-24	11.89	11.89	11.89	11.89	0
478	2019-09-25	11.89	11.89	11.89	11.89	0
479	2019-09-26	11.89	11.89	11.89	11.89	0
480	2019-09-27	11.89	11.89	11.89	11.89	0
481	2019-09-30	11.89	11.89	11.89	11.89	0
482	2019-10-01	11.89	11.89	11.89	11.89	0
483	2019-10-02	11.89	11.89	11.89	11.89	0
484	2019-10-03	11.89	11.89	11.89	11.89	0
485	2019-10-04	11.89	11.89	11.89	11.89	0
486	2019-10-07	11.89	11.89	11.89	11.89	0
487	2019-10-08	11.89	11.89	11.89	11.89	0
488	2019-10-09	11.89	11.89	11.89	11.89	0
489	2019-10-10	11.89	11.89	11.89	11.89	0
490	2019-10-11	11.89	11.89	11.89	11.89	0
491	2019-10-14	11.89	11.89	11.89	11.89	0
492	2019-10-15	11.89	11.89	11.89	11.89	0
493	2019-10-16	11.89	11.89	11.89	11.89	0
494	2019-10-17	11.89	11.89	11.89	11.89	0
495	2019-10-18	11.89	11.89	11.89	11.89	0
496	2019-10-21	11.89	11.89	11.89	11.89	0
497	2019-10-22	11.89	11.89	11.89	11.89	0
498	2019-10-23	11.89	11.89	11.89	11.89	0
499	2019-10-24	11.89	11.89	11.89	11.89	0
500	2019-10-25	11.89	11.89	11.89	11.89	0
501	2019-10-28	11.89	11.89	11.89	11.89	0
502	2019-10-29	11.89	11.89	11.89	11.89	0
503	2019-10-30	11.89	11.89	11.89	11.89	0
504	2019-10-31	11.89	11.89	11.89	11.89	0
505	2019-11-01	11.89	11.89	11.89	11.89	0
506	2019-11-04	11.89	11.89	11.89	11.89	0
507	2019-11-05	11.89	11.89	11.89	11.89	0
508	2019-11-06	11.89	11.89	11.89	11.89	0
509	2019-11-07	11.89	11.89	11.89	11.89	0
510	2019-11-08	11.89	11.89	11.89	11.89	0
511	2019-11-11	11.89	11.89	11.89	11.89	0
512	2019-11-12	11.89	11.89	11.89	11.89	0
513	2019-11-13	11.89	11.89	11.89	11.89	0
514	2019-11-14	11.89	11.89	11.89	11.89	0
515	2019-11-15	11.89	11.89	11.89	11.89	0
516	2019-11-18	11.89	11.89	11.89	11.89	0
517	2019-11-19	11.89	11.89	11.89	11.89	0
518	2019-11-20	11.89	11.89	11.89	11.89	0
519	2019-11-21	11.89	11.89	11.89	11.89	0
520	2019-11-22	11.89	11.89	11.89	11.89	0
521	2019-11-25	11.89	11.89	11.89	11.89	0
522	2019-11-26	11.89	11.89	11.89	11.89	0
523	2019-11-27	11.89	11.89	11.89	11.89	0
524	2019-11-28	11.89	11.89	11.89	11.89	0
525	2019-11-29	11.89	11.89	11.89	11.89	0
526	2019-12-02	11.89	11.89	11.89	11.89	0
527	2019-12-03	11.89	11.89	11.89	11.89	0
528	2019-12-04	11.89	11.89	11.89	11.89	0
529	2019-12-05	11.89	11.89	11.89	11.89	0
530	2019-12-06	11.89	11.89	11.89	11.89	0
531	2019-12-09	11.89	11.89	11.89	11.89	0
532	2019-12-10	11.89	11.89	11.89	11.89	0
533	2019-12-11	11.89	11.89	11.89	11.89	0
534	2019-12-12	11.89	11.89	11.89	11.89	0
535	2019-12-13	11.89	11.89	11.89	11.89	0
536	2019-12-16	11.89	11.89	11.89	11.89	0
537	2019-12-17	11.89	11.89	11.89	11.89	0
538	2019-12-18	11.89	11.89	11.89	11.89	0
539	2019-12-19	11.89	11.89	11.89	11.89	0
540	2019-12-20	11.89	11.89	11.89	11.89	0
541	2019-12-23	11.89	11.89	11.89	11.89	0
542	2019-12-24	11.89	11.89	11.89	11.89	0
543	2019-12-25	11.89	11.89	11.89	11.89	0
544	2019-12-26	11.89	11.89	11.89	11.89	0
545	2019-12-27	11.89	11.89	11.89	11.89	0
546	2019-12-30	11.89	11.89	11.89	11.89	0
547	2019-12-31	11.89	11.89	11.89	11.89	0
548	2020-01-02	11.89	11.89	11.89	11.89	0
549	2020-01-03	11.89	11.89	11.89	11.89	0
550	2020-01-06	11.89	11.89	11.89	11.89	0
551	2020-01-07	11.89	11.89	11.89	11.89	0
552	2020-01-08	11.89	11.89	11.89	11.89	0
553	2020-01-09	11.89	11.89	11.89	11.89	0
554	2020-01-10	11.89	11.89	11.89	11.89	0
555	2020-01-13	11.89	11.89	11.89	11.89	0
556	2020-01-14	11.89	11.89	11.89	11.89	0
557	2020-01-15	11.89	11.89	11.89	11.89	0
558	2020-01-16	11.89	11.89	11.89	11.89	0
559	2020-01-17	11.89	11.89	11.89	11.89	0
560	2020-01-20	11.89	11.89	11.89	11.89	0
561	2020-01-21	11.89	11.89	11.89	11.89	0
562	2020-01-22	11.89	11.89	11.89	11.89	0
563	2020-01-30	11.89	11.89	11.89	11.89	0
564	2020-01-31	11.89	11.89	11.89	11.89	0
565	2020-02-03	11.89	11.89	11.89	11.89	0
566	2020-02-04	11.89	11.89	11.89	11.89	0
567	2020-02-05	11.89	11.89	11.89	11.89	0
568	2020-02-06	11.89	11.89	11.89	11.89	0
569	2020-02-07	11.89	11.89	11.89	11.89	0
570	2020-02-10	11.89	11.89	11.89	11.89	0
571	2020-02-11	11.89	11.89	11.89	11.89	0
572	2020-02-12	11.89	11.89	11.89	11.89	0
573	2020-02-13	11.89	11.89	11.89	11.89	0
574	2020-02-14	11.89	11.89	11.89	11.89	0
575	2020-02-17	11.89	11.89	11.89	11.89	0
576	2020-02-18	11.89	11.89	11.89	11.89	0
577	2020-02-19	11.89	11.89	11.89	11.89	0
578	2020-02-20	11.89	11.89	11.89	11.89	0
579	2020-02-21	11.89	11.89	11.89	11.89	0
580	2020-02-24	11.89	11.89	11.89	11.89	0
581	2020-02-25	11.89	11.89	11.89	11.89	0
582	2020-02-26	11.89	11.89	11.89	11.89	0
583	2020-02-27	11.89	11.89	11.89	11.89	0
584	2020-02-28	11.89	11.89	11.89	11.89	0
585	2020-03-02	11.89	11.89	11.89	11.89	0
586	2020-03-03	11.89	11.89	11.89	11.89	0
587	2020-03-04	11.89	11.89	11.89	11.89	0
588	2020-03-05	11.89	11.89	11.89	11.89	0
589	2020-03-06	11.89	11.89	11.89	11.89	0
590	2020-03-09	11.89	11.89	11.89	11.89	0
591	2020-03-10	11.89	11.89	11.89	11.89	0
592	2020-03-11	11.89	11.89	11.89	11.89	0
593	2020-03-12	11.89	11.89	11.89	11.89	0
594	2020-03-13	11.89	11.89	11.89	11.89	0
595	2020-03-16	11.89	11.89	11.89	11.89	0
596	2020-03-17	11.89	11.89	11.89	11.89	0
597	2020-03-18	11.89	11.89	11.89	11.89	0
598	2020-03-19	11.89	11.89	11.89	11.89	0
599	2020-03-20	11.89	11.89	11.89	11.89	0
600	2020-03-23	11.89	11.89	11.89	11.89	0
601	2020-03-24	11.89	11.89	11.89	11.89	0
602	2020-03-25	11.89	11.89	11.89	11.89	0
603	2020-03-26	11.89	11.89	11.89	11.89	0
604	2020-03-27	11.89	11.89	11.89	11.89	0
605	2020-03-30	11.89	11.89	11.89	11.89	0
606	2020-03-31	11.89	11.89	11.89	11.89	0
607	2020-04-01	11.89	11.89	11.89	11.89	0
608	2020-04-03	11.89	11.89	11.89	11.89	0
609	2020-04-06	11.89	11.89	11.89	11.89	0
610	2020-04-07	11.89	11.89	11.89	11.89	0
611	2020-04-08	11.89	11.89	11.89	11.89	0
612	2020-04-09	11.89	11.89	11.89	11.89	0
613	2020-04-10	11.89	11.89	11.89	11.89	0
614	2020-04-13	11.89	11.89	11.89	11.89	0
615	2020-04-14	11.89	11.89	11.89	11.89	0
616	2020-04-15	11.89	11.89	11.89	11.89	0
617	2020-04-16	11.89	11.89	11.89	11.89	0
618	2020-04-17	11.89	11.89	11.89	11.89	0
619	2020-04-20	11.89	11.89	11.89	11.89	0
620	2020-04-21	11.89	11.89	11.89	11.89	0
621	2020-04-22	11.89	11.89	11.89	11.89	0
622	2020-04-23	11.89	11.89	11.89	11.89	0
623	2020-04-24	11.89	11.89	11.89	11.89	0
624	2020-04-27	11.89	11.89	11.89	11.89	0
625	2020-04-28	11.89	11.89	11.89	11.89	0
626	2020-04-29	11.89	11.89	11.89	11.89	0
627	2020-05-04	11.89	11.89	11.89	11.89	0
628	2020-05-05	11.89	11.89	11.89	11.89	0
629	2020-05-06	11.89	11.89	11.89	11.89	0
630	2020-05-07	11.89	11.89	11.89	11.89	0
631	2020-05-08	11.89	11.89	11.89	11.89	0
632	2020-05-11	11.89	11.89	11.89	11.89	0
633	2020-05-12	11.89	11.89	11.89	11.89	0
634	2020-05-13	11.89	11.89	11.89	11.89	0
635	2020-05-14	11.89	11.89	11.89	11.89	0
636	2020-05-15	11.89	11.89	11.89	11.89	0
637	2020-05-18	11.89	11.89	11.89	11.89	0
638	2020-05-19	11.89	11.89	11.89	11.89	0
639	2020-05-20	11.89	11.89	11.89	11.89	0
640	2020-05-21	11.89	11.89	11.89	11.89	0
641	2020-05-22	11.89	11.89	11.89	11.89	0
642	2020-05-25	11.89	11.89	11.89	11.89	0
643	2020-05-26	11.89	11.89	11.89	11.89	0
644	2020-05-27	11.89	11.89	11.89	11.89	0
645	2020-05-28	11.89	11.89	11.89	11.89	0
646	2020-05-29	11.89	11.89	11.89	11.89	0
647	2020-06-01	11.89	11.89	11.89	11.89	0
648	2020-06-02	11.89	11.89	11.89	11.89	0
649	2020-06-03	11.89	11.89	11.89	11.89	0
650	2020-06-04	11.89	11.89	11.89	11.89	0
651	2020-06-05	11.89	11.89	11.89	11.89	0
652	2020-06-08	11.89	11.89	11.89	11.89	0
653	2020-06-09	11.89	11.89	11.89	11.89	0
654	2020-06-10	11.89	11.89	11.89	11.89	0
655	2020-06-11	11.89	11.89	11.89	11.89	0
656	2020-06-12	11.89	11.89	11.89	11.89	0
657	2020-06-15	11.89	11.89	11.89	11.89	0
658	2020-06-16	11.89	11.89	11.89	11.89	0
659	2020-06-17	11.89	11.89	11.89	11.89	0
660	2020-06-18	11.89	11.89	11.89	11.89	0
661	2020-06-19	11.89	11.89	11.89	11.89	0
662	2020-06-22	11.89	11.89	11.89	11.89	0
663	2020-06-23	11.89	11.89	11.89	11.89	0
664	2020-06-24	11.89	11.89	11.89	11.89	0
665	2020-06-25	11.89	11.89	11.89	11.89	0
666	2020-06-26	11.89	11.89	11.89	11.89	0
667	2020-06-29	11.89	11.89	11.89	11.89	0
668	2020-06-30	11.89	11.89	11.89	11.89	0
669	2020-07-01	11.89	11.89	11.89	11.89	0
670	2020-07-02	11.89	11.89	11.89	11.89	0
671	2020-07-03	11.89	11.89	11.89	11.89	0
672	2020-07-06	11.89	11.89	11.89	11.89	0
673	2020-07-07	11.89	11.89	11.89	11.89	0
674	2020-07-08	11.89	11.89	11.89	11.89	0
675	2020-07-09	11.89	11.89	11.89	11.89	0
676	2020-07-10	11.89	11.89	11.89	11.89	0
677	2020-07-13	11.89	11.89	11.89	11.89	0
678	2020-07-14	11.89	11.89	11.89	11.89	0
679	2020-07-15	11.89	11.89	11.89	11.89	0
680	2020-07-16	11.89	11.89	11.89	11.89	0
681	2020-07-17	11.89	11.89	11.89	11.89	0
682	2020-07-20	11.89	11.89	11.89	11.89	0
683	2020-07-21	11.89	11.89	11.89	11.89	0
684	2020-07-22	11.89	11.89	11.89	11.89	0
685	2020-07-23	11.89	11.89	11.89	11.89	0
686	2020-07-24	11.89	11.89	11.89	11.89	0
687	2020-07-27	11.89	11.89	11.89	11.89	0
688	2020-07-28	11.89	11.89	11.89	11.89	0
689	2020-07-29	11.89	11.89	11.89	11.89	0
690	2020-07-30	11.89	11.89	11.89	11.89	0
691	2020-07-31	11.89	11.89	11.89	11.89	0
692	2020-08-03	11.89	11.89	11.89	11.89	0
693	2020-08-04	11.89	11.89	11.89	11.89	0
694	2020-08-05	11.89	11.89	11.89	11.89	0
695	2020-08-06	11.89	11.89	11.89	11.89	0
696	2020-08-07	11.89	11.89	11.89	11.89	0
697	2020-08-10	11.89	11.89	11.89	11.89	0
698	2020-08-11	11.89	11.89	11.89	11.89	0
699	2020-08-12	11.89	11.89	11.89	11.89	0
700	2020-08-13	11.89	11.89	11.89	11.89	0
701	2020-08-14	11.89	11.89	11.89	11.89	0
702	2020-08-17	11.89	11.89	11.89	11.89	0
703	2020-08-18	11.89	11.89	11.89	11.89	0
704	2020-08-19	11.89	11.89	11.89	11.89	0
705	2020-08-20	11.89	11.89	11.89	11.89	0
706	2020-08-21	11.89	11.89	11.89	11.89	0
707	2020-08-24	11.89	11.89	11.89	11.89	0
708	2020-08-25	11.89	11.89	11.89	11.89	0
709	2020-08-26	11.89	11.89	11.89	11.89	0
710	2020-08-27	11.89	11.89	11.89	11.89	0
711	2020-08-28	11.89	11.89	11.89	11.89	0
712	2020-08-31	11.89	11.89	11.89	11.89	0
713	2020-09-01	11.89	11.89	11.89	11.89	0
714	2020-09-03	11.89	11.89	11.89	11.89	0
715	2020-09-04	11.89	11.89	11.89	11.89	0
716	2020-09-07	11.89	11.89	11.89	11.89	0
717	2020-09-08	11.89	11.89	11.89	11.89	0
718	2020-09-09	11.89	11.89	11.89	11.89	0
719	2020-09-10	11.89	11.89	11.89	11.89	0
720	2020-09-11	11.89	11.89	11.89	11.89	0
721	2020-09-14	11.89	11.89	11.89	11.89	0
722	2020-09-15	11.89	11.89	11.89	11.89	0
723	2020-09-16	11.89	11.89	11.89	11.89	0
724	2020-09-17	11.89	11.89	11.89	11.89	0
725	2020-09-18	11.89	11.89	11.89	11.89	0
726	2020-09-21	11.89	11.89	11.89	11.89	0
727	2020-09-22	11.89	11.89	11.89	11.89	0
728	2020-09-23	11.89	11.89	11.89	11.89	0
729	2020-09-24	11.89	11.89	11.89	11.89	0
730	2020-09-25	11.89	11.89	11.89	11.89	0
731	2020-09-28	11.89	11.89	11.89	11.89	0
732	2020-09-29	11.89	11.89	11.89	11.89	0
733	2020-09-30	11.89	11.89	11.89	11.89	0
734	2020-10-01	11.89	11.89	11.89	11.89	0
735	2020-10-02	11.89	11.89	11.89	11.89	0
736	2020-10-05	11.89	11.89	11.89	11.89	0
737	2020-10-06	11.89	11.89	11.89	11.89	0
738	2020-10-07	11.89	11.89	11.89	11.89	0
739	2020-10-08	11.89	11.89	11.89	11.89	0
740	2020-10-09	11.89	11.89	11.89	11.89	0
741	2020-10-12	11.89	11.89	11.89	11.89	0
742	2020-10-13	11.89	11.89	11.89	11.89	0
743	2020-10-14	11.89	11.89	11.89	11.89	0
744	2020-10-15	11.89	11.89	11.89	11.89	0
745	2020-10-16	11.89	11.89	11.89	11.89	0
746	2020-10-19	11.89	11.89	11.89	11.89	0
747	2020-10-20	11.89	11.89	11.89	11.89	0
748	2020-10-21	11.89	11.89	11.89	11.89	0
749	2020-10-22	11.89	11.89	11.89	11.89	0
750	2020-10-23	11.89	11.89	11.89	11.89	0
751	2020-10-26	11.89	11.89	11.89	11.89	0
752	2020-10-27	11.89	11.89	11.89	11.89	0
753	2020-10-28	11.89	11.89	11.89	11.89	0
754	2020-10-29	11.89	11.89	11.89	11.89	0
755	2020-10-30	11.89	11.89	11.89	11.89	0
756	2020-11-02	11.89	11.89	11.89	11.89	0
757	2020-11-03	11.89	11.89	11.89	11.89	0
758	2020-11-04	11.89	11.89	11.89	11.89	0
759	2020-11-05	11.89	11.89	11.89	11.89	0
760	2020-11-06	11.89	11.89	11.89	11.89	0
761	2020-11-09	11.89	11.89	11.89	11.89	0
762	2020-11-10	11.89	11.89	11.89	11.89	0
763	2020-11-11	11.89	11.89	11.89	11.89	0
764	2020-11-12	11.89	11.89	11.89	11.89	0
765	2020-11-13	11.89	11.89	11.89	11.89	0
766	2020-11-16	11.89	11.89	11.89	11.89	0
767	2020-11-17	11.89	11.89	11.89	11.89	0
768	2020-11-18	11.89	11.89	11.89	11.89	0
769	2020-11-19	11.89	11.89	11.89	11.89	0
770	2020-11-20	11.89	11.89	11.89	11.89	0
771	2020-11-23	11.89	11.89	11.89	11.89	0
772	2020-11-24	11.89	11.89	11.89	11.89	0
773	2020-11-25	11.89	11.89	11.89	11.89	0
774	2020-11-26	11.89	11.89	11.89	11.89	0
775	2020-11-27	11.89	11.89	11.89	11.89	0
776	2020-11-30	11.89	11.89	11.89	11.89	0
777	2020-12-01	11.89	11.89	11.89	11.89	0
778	2020-12-02	11.89	11.89	11.89	11.89	0
779	2020-12-03	11.89	11.89	11.89	11.89	0
780	2020-12-04	11.89	11.89	11.89	11.89	0
781	2020-12-07	11.89	11.89	11.89	11.89	0
782	2020-12-08	11.89	11.89	11.89	11.89	0
783	2020-12-09	11.89	11.89	11.89	11.89	0
784	2020-12-10	11.89	11.89	11.89	11.89	0
785	2020-12-11	11.89	11.89	11.89	11.89	0
786	2020-12-14	11.89	11.89	11.89	11.89	0
787	2020-12-15	11.89	11.89	11.89	11.89	0
788	2020-12-16	11.89	11.89	11.89	11.89	0
789	2020-12-17	11.89	11.89	11.89	11.89	0
790	2020-12-18	11.89	11.89	11.89	11.89	0
791	2020-12-21	11.89	11.89	11.89	11.89	0
792	2020-12-22	11.89	11.89	11.89	11.89	0
793	2020-12-23	11.89	11.89	11.89	11.89	0
794	2020-12-24	11.89	11.89	11.89	11.89	0
795	2020-12-25	11.89	11.89	11.89	11.89	0
796	2020-12-28	11.89	11.89	11.89	11.89	0
797	2020-12-29	11.89	11.89	11.89	11.89	0
798	2020-12-30	11.89	11.89	11.89	11.89	0
799	2020-12-31	11.89	11.89	11.89	11.89	0
800	2021-01-04	11.89	11.89	11.89	11.89	0
801	2021-01-05	11.89	11.89	11.89	11.89	0
802	2021-01-06	11.89	11.89	11.89	11.89	0
803	2021-01-07	11.89	11.89	11.89	11.89	0
804	2021-01-08	11.89	11.89	11.89	11.89	0
805	2021-01-11	11.89	11.89	11.89	11.89	0
806	2021-01-12	11.89	11.89	11.89	11.89	0
807	2021-01-13	11.89	11.89	11.89	11.89	0
808	2021-01-14	11.89	11.89	11.89	11.89	0
809	2021-01-15	11.89	11.89	11.89	11.89	0
810	2021-01-18	11.89	11.89	11.89	11.89	0
811	2021-01-19	11.89	11.89	11.89	11.89	0
812	2021-01-20	11.89	11.89	11.89	11.89	0
813	2021-01-21	11.89	11.89	11.89	11.89	0
814	2021-01-22	11.89	11.89	11.89	11.89	0
815	2021-01-25	11.89	11.89	11.89	11.89	0
816	2021-01-26	11.89	11.89	11.89	11.89	0
817	2021-01-27	11.89	11.89	11.89	11.89	0
818	2021-01-28	11.89	11.89	11.89	11.89	0
819	2021-01-29	11.89	11.89	11.89	11.89	0
820	2021-02-01	11.89	11.89	11.89	11.89	0
821	2021-02-02	11.89	11.89	11.89	11.89	0
822	2021-02-03	11.89	11.89	11.89	11.89	0
823	2021-02-04	11.89	11.89	11.89	11.89	0
824	2021-02-05	11.89	11.89	11.89	11.89	0
825	2021-02-08	11.89	11.89	11.89	11.89	0
826	2021-02-09	11.89	11.89	11.89	11.89	0
827	2021-02-17	11.89	11.89	11.89	11.89	0
828	2021-02-18	11.89	11.89	11.89	11.89	0
829	2021-02-19	11.89	11.89	11.89	11.89	0
830	2021-02-22	11.89	11.89	11.89	11.89	0
831	2021-02-23	11.89	11.89	11.89	11.89	0
832	2021-02-24	11.89	11.89	11.89	11.89	0
833	2021-02-25	11.89	11.89	11.89	11.89	0
834	2021-02-26	11.89	11.89	11.89	11.89	0
835	2021-03-01	11.89	11.89	11.89	11.89	0
836	2021-03-02	11.89	11.89	11.89	11.89	0
837	2021-03-03	11.89	11.89	11.89	11.89	0
838	2021-03-04	11.89	11.89	11.89	11.89	0
839	2021-03-05	11.89	11.89	11.89	11.89	0
840	2021-03-08	11.89	11.89	11.89	11.89	0
841	2021-03-09	11.89	11.89	11.89	11.89	0
842	2021-03-10	11.89	11.89	11.89	11.89	0
843	2021-03-11	11.89	11.89	11.89	11.89	0
844	2021-03-12	11.89	11.89	11.89	11.89	0
845	2021-03-15	11.89	11.89	11.89	11.89	0
846	2021-03-16	11.89	11.89	11.89	11.89	0
847	2021-03-17	11.89	11.89	11.89	11.89	0
848	2021-03-18	11.89	11.89	11.89	11.89	0
849	2021-03-19	11.89	11.89	11.89	11.89	0
850	2021-03-22	11.89	11.89	11.89	11.89	0
851	2021-03-23	11.89	11.89	11.89	11.89	0
852	2021-03-24	11.89	11.89	11.89	11.89	0
853	2021-03-25	11.89	11.89	11.89	11.89	0
854	2021-03-26	11.89	11.89	11.89	11.89	0
855	2021-03-29	11.89	11.89	11.89	11.89	0
856	2021-03-30	11.89	11.89	11.89	11.89	0
857	2021-03-31	11.89	11.89	11.89	11.89	0
858	2021-04-01	11.89	11.89	11.89	11.89	0
859	2021-04-02	11.89	11.89	11.89	11.89	0
860	2021-04-05	11.89	11.89	11.89	11.89	0
861	2021-04-06	11.89	11.89	11.89	11.89	0
862	2021-04-07	11.89	11.89	11.89	11.89	0
863	2021-04-08	11.89	11.89	11.89	11.89	0
864	2021-04-09	11.89	11.89	11.89	11.89	0
865	2021-04-12	11.89	11.89	11.89	11.89	0
866	2021-04-13	11.89	11.89	11.89	11.89	0
867	2021-04-14	11.89	11.89	11.89	11.89	0
868	2021-04-15	11.89	11.89	11.89	11.89	0
869	2021-04-16	11.89	11.89	11.89	11.89	0
870	2021-04-19	11.89	11.89	11.89	11.89	0
871	2021-04-20	11.89	11.89	11.89	11.89	0
872	2021-04-22	11.89	11.89	11.89	11.89	0
873	2021-04-23	11.89	11.89	11.89	11.89	0
874	2021-04-26	11.89	11.89	11.89	11.89	0
875	2021-04-27	11.89	11.89	11.89	11.89	0
876	2021-04-28	11.89	11.89	11.89	11.89	0
877	2021-04-29	11.89	11.89	11.89	11.89	0
878	2021-05-04	11.89	11.89	11.89	11.89	0
879	2021-05-05	11.89	11.89	11.89	11.89	0
880	2021-05-06	11.89	11.89	11.89	11.89	0
881	2021-05-07	11.89	11.89	11.89	11.89	0
882	2021-05-10	11.89	11.89	11.89	11.89	0
883	2021-05-11	11.89	11.89	11.89	11.89	0
884	2021-05-12	11.89	11.89	11.89	11.89	0
885	2021-05-13	11.89	11.89	11.89	11.89	0
886	2021-05-14	11.89	11.89	11.89	11.89	0
887	2021-05-17	11.89	11.89	11.89	11.89	0
888	2021-05-18	11.89	11.89	11.89	11.89	0
889	2021-05-19	11.89	11.89	11.89	11.89	0
890	2021-05-20	11.89	11.89	11.89	11.89	0
891	2021-05-21	11.89	11.89	11.89	11.89	0
892	2021-05-24	11.89	11.89	11.89	11.89	0
893	2021-05-25	11.89	11.89	11.89	11.89	0
894	2021-05-26	11.89	11.89	11.89	11.89	0
895	2021-05-27	11.89	11.89	11.89	11.89	0
896	2021-05-28	11.89	11.89	11.89	11.89	0
897	2021-05-31	11.89	11.89	11.89	11.89	0
898	2021-06-01	11.89	11.89	11.89	11.89	0
899	2021-06-02	11.89	11.89	11.89	11.89	0
900	2021-06-03	11.89	11.89	11.89	11.89	0
901	2021-06-04	11.89	11.89	11.89	11.89	0
902	2021-06-07	11.89	11.89	11.89	11.89	0
903	2021-06-08	11.89	11.89	11.89	11.89	0
904	2021-06-09	11.89	11.89	11.89	11.89	0
905	2021-06-10	11.89	11.89	11.89	11.89	0
906	2021-06-11	11.89	11.89	11.89	11.89	0
907	2021-06-14	11.89	11.89	11.89	11.89	0
908	2021-06-15	11.89	11.89	11.89	11.89	0
909	2021-06-16	11.89	11.89	11.89	11.89	0
910	2021-06-17	11.89	11.89	11.89	11.89	0
911	2021-06-18	11.89	11.89	11.89	11.89	0
912	2021-06-21	11.89	11.89	11.89	11.89	0
913	2021-06-22	11.89	11.89	11.89	11.89	0
914	2021-06-23	11.89	11.89	11.89	11.89	0
915	2021-06-24	11.89	11.89	11.89	11.89	0
916	2021-06-25	11.89	11.89	11.89	11.89	0
917	2021-06-28	11.89	11.89	11.89	11.89	0
918	2021-06-29	11.89	11.89	11.89	11.89	0
919	2021-06-30	11.89	11.89	11.89	11.89	0
920	2021-07-01	11.89	11.89	11.89	11.89	0
921	2021-07-02	11.89	11.89	11.89	11.89	0
922	2021-07-05	11.89	11.89	11.89	11.89	0
923	2021-07-06	11.89	11.89	11.89	11.89	0
924	2021-07-07	11.89	11.89	11.89	11.89	0
925	2021-07-08	11.89	11.89	11.89	11.89	0
926	2021-07-09	11.89	11.89	11.89	11.89	0
927	2021-07-12	11.89	11.89	11.89	11.89	0
928	2021-07-13	11.89	11.89	11.89	11.89	0
929	2021-07-14	11.89	11.89	11.89	11.89	0
930	2021-07-15	11.89	11.89	11.89	11.89	0
931	2021-07-16	11.89	11.89	11.89	11.89	0
932	2021-07-19	11.89	11.89	11.89	11.89	0
933	2021-07-20	11.89	11.89	11.89	11.89	0
934	2021-07-21	11.89	11.89	11.89	11.89	0
935	2021-07-22	11.89	11.89	11.89	11.89	0
936	2021-07-23	11.89	11.89	11.89	11.89	0
937	2021-07-26	11.89	11.89	11.89	11.89	0
938	2021-07-27	11.89	11.89	11.89	11.89	0
939	2021-07-28	11.89	11.89	11.89	11.89	0
940	2021-07-29	11.89	11.89	11.89	11.89	0
941	2021-07-30	11.89	11.89	11.89	11.89	0
942	2021-08-02	11.89	11.89	11.89	11.89	0
943	2021-08-03	11.89	11.89	11.89	11.89	0
944	2021-08-04	11.89	11.89	11.89	11.89	0
945	2021-08-05	11.89	11.89	11.89	11.89	0
946	2021-08-06	11.89	11.89	11.89	11.89	0
947	2021-08-09	11.89	11.89	11.89	11.89	0
948	2021-08-10	11.89	11.89	11.89	11.89	0
949	2021-08-11	11.89	11.89	11.89	11.89	0
950	2021-08-12	11.89	11.89	11.89	11.89	0
951	2021-08-13	11.89	11.89	11.89	11.89	0
952	2021-08-16	11.89	11.89	11.89	11.89	0
953	2021-08-17	11.89	11.89	11.89	11.89	0
954	2021-08-18	11.89	11.89	11.89	11.89	0
955	2021-08-19	11.89	11.89	11.89	11.89	0
956	2021-08-20	11.89	11.89	11.89	11.89	0
957	2021-08-23	11.89	11.89	11.89	11.89	0
958	2021-08-24	11.89	11.89	11.89	11.89	0
959	2021-08-25	11.89	11.89	11.89	11.89	0
960	2021-08-26	11.89	11.89	11.89	11.89	0
961	2021-08-27	11.89	11.89	11.89	11.89	0
962	2021-08-30	11.89	11.89	11.89	11.89	0
963	2021-08-31	11.89	11.89	11.89	11.89	0
964	2021-09-01	11.89	11.89	11.89	11.89	0
965	2021-09-06	11.89	11.89	11.89	11.89	0
966	2021-09-07	11.89	11.89	11.89	11.89	0
967	2021-09-08	11.89	11.89	11.89	11.89	0
968	2021-09-09	11.89	11.89	11.89	11.89	0
969	2021-09-10	11.89	11.89	11.89	11.89	0
970	2021-09-13	11.89	11.89	11.89	11.89	0
971	2021-09-14	11.89	11.89	11.89	11.89	0
972	2021-09-15	11.89	11.89	11.89	11.89	0
973	2021-09-16	11.89	11.89	11.89	11.89	0
974	2021-09-17	11.89	11.89	11.89	11.89	0
975	2021-09-20	11.89	11.89	11.89	11.89	0
976	2021-09-21	11.89	11.89	11.89	11.89	0
977	2021-09-22	11.89	11.89	11.89	11.89	0
978	2021-09-23	11.89	11.89	11.89	11.89	0
979	2021-09-24	11.89	11.89	11.89	11.89	0
980	2021-09-27	11.89	11.89	11.89	11.89	0
981	2021-09-28	11.89	11.89	11.89	11.89	0
982	2021-09-29	11.89	11.89	11.89	11.89	0
983	2021-09-30	11.89	11.89	11.89	11.89	0
984	2021-10-01	11.89	11.89	11.89	11.89	0
985	2021-10-04	11.89	11.89	11.89	11.89	0
986	2021-10-05	11.89	11.89	11.89	11.89	0
987	2021-10-06	11.89	11.89	11.89	11.89	0
988	2021-10-07	11.89	11.89	11.89	11.89	0
989	2021-10-08	11.89	11.89	11.89	11.89	0
990	2021-10-11	11.89	11.89	11.89	11.89	0
991	2021-10-12	11.89	11.89	11.89	11.89	0
992	2021-10-13	11.89	11.89	11.89	11.89	0
993	2021-10-14	11.89	11.89	11.89	11.89	0
994	2021-10-15	11.89	11.89	11.89	11.89	0
995	2021-10-18	11.89	11.89	11.89	11.89	0
996	2021-10-19	11.89	11.89	11.89	11.89	0
997	2021-10-20	11.89	11.89	11.89	11.89	0
998	2021-10-21	11.89	11.89	11.89	11.89	0
999	2021-10-22	11.89	11.89	11.89	11.89	0
1000	2021-10-25	11.89	11.89	11.89	11.89	0
1001	2021-10-26	11.89	11.89	11.89	11.89	0
1002	2021-10-27	11.89	11.89	11.89	11.89	0
1003	2021-10-28	11.89	11.89	11.89	11.89	0
1004	2021-10-29	11.89	11.89	11.89	11.89	0
1005	2021-11-01	11.89	11.89	11.89	11.89	0
1006	2021-11-02	11.89	11.89	11.89	11.89	0
1007	2021-11-03	11.89	11.89	11.89	11.89	0
1008	2021-11-04	11.89	11.89	11.89	11.89	0
1009	2021-11-05	11.89	11.89	11.89	11.89	0
1010	2021-11-08	11.89	11.89	11.89	11.89	0
1011	2021-11-09	11.89	11.89	11.89	11.89	0
1012	2021-11-10	11.89	11.89	11.89	11.89	0
1013	2021-11-11	11.89	11.89	11.89	11.89	0
1014	2021-11-12	11.89	11.89	11.89	11.89	0
1015	2021-11-15	11.89	11.89	11.89	11.89	0
1016	2021-11-16	11.89	11.89	11.89	11.89	0
1017	2021-11-17	11.89	11.89	11.89	11.89	0
1018	2021-11-18	11.89	11.89	11.89	11.89	0
1019	2021-11-19	11.89	11.89	11.89	11.89	0
1020	2021-11-22	11.89	11.89	11.89	11.89	0
1021	2021-11-23	11.89	11.89	11.89	11.89	0
1022	2021-11-24	11.89	11.89	11.89	11.89	0
1023	2021-11-25	11.89	11.89	11.89	11.89	0
1024	2021-11-26	11.89	11.89	11.89	11.89	0
1025	2021-11-29	11.89	11.89	11.89	11.89	0
1026	2021-11-30	11.89	11.89	11.89	11.89	0
1027	2021-12-01	11.89	11.89	11.89	11.89	0
1028	2021-12-02	11.89	11.89	11.89	11.89	0
1029	2021-12-03	11.89	11.89	11.89	11.89	0
1030	2021-12-06	11.89	11.89	11.89	11.89	0
1031	2021-12-07	11.89	11.89	11.89	11.89	0
1032	2021-12-08	11.89	11.89	11.89	11.89	0
1033	2021-12-09	11.89	11.89	11.89	11.89	0
1034	2021-12-10	11.89	11.89	11.89	11.89	0
1035	2021-12-13	11.89	11.89	11.89	11.89	0
1036	2021-12-14	11.89	11.89	11.89	11.89	0
1037	2021-12-15	11.89	11.89	11.89	11.89	0
1038	2021-12-16	11.89	11.89	11.89	11.89	0
1039	2021-12-17	11.89	11.89	11.89	11.89	0
1040	2021-12-20	11.89	11.89	11.89	11.89	0
1041	2021-12-21	11.89	11.89	11.89	11.89	0
1042	2021-12-22	11.89	11.89	11.89	11.89	0
1043	2021-12-23	11.89	11.89	11.89	11.89	0
1044	2021-12-24	11.89	11.89	11.89	11.89	0
1045	2021-12-27	11.89	11.89	11.89	11.89	0
1046	2021-12-28	11.89	11.89	11.89	11.89	0
1047	2021-12-29	11.89	11.89	11.89	11.89	0
1048	2021-12-30	11.89	11.89	11.89	11.89	0
1049	2021-12-31	11.89	11.89	11.89	11.89	0
1050	2022-01-04	11.89	11.89	11.89	11.89	0
1051	2022-01-05	11.89	11.89	11.89	11.89	0
1052	2022-01-06	11.89	11.89	11.89	11.89	0
1053	2022-01-07	11.89	11.89	11.89	11.89	0
1054	2022-01-10	11.89	11.89	11.89	11.89	0
1055	2022-01-11	11.89	11.89	11.89	11.89	0
1056	2022-01-12	11.89	11.89	11.89	11.89	0
1057	2022-01-13	11.89	11.89	11.89	11.89	0
1058	2022-01-14	11.89	11.89	11.89	11.89	0
1059	2022-01-17	11.89	11.89	11.89	11.89	0
1060	2022-01-18	11.89	11.89	11.89	11.89	0
1061	2022-01-19	11.89	11.89	11.89	11.89	0
1062	2022-01-20	11.89	11.89	11.89	11.89	0
1063	2022-01-21	11.89	11.89	11.89	11.89	0
1064	2022-01-24	11.89	11.89	11.89	11.89	0
1065	2022-01-25	11.89	11.89	11.89	11.89	0
1066	2022-01-26	11.89	11.89	11.89	11.89	0
1067	2022-01-27	11.89	11.89	11.89	11.89	0
1068	2022-01-28	11.89	11.89	11.89	11.89	0
1069	2022-02-07	11.89	11.89	11.89	11.89	0
1070	2022-02-08	11.89	11.89	11.89	11.89	0
1071	2022-02-09	11.89	11.89	11.89	11.89	0
1072	2022-02-10	11.89	11.89	11.89	11.89	0
1073	2022-02-11	11.89	11.89	11.89	11.89	0
1074	2022-02-14	11.89	11.89	11.89	11.89	0
1075	2022-02-15	11.89	11.89	11.89	11.89	0
1076	2022-02-16	11.89	11.89	11.89	11.89	0
1077	2022-02-17	11.89	11.89	11.89	11.89	0
1078	2022-02-18	11.89	11.89	11.89	11.89	0
1079	2022-02-21	11.89	11.89	11.89	11.89	0
1080	2022-02-22	11.89	11.89	11.89	11.89	0
1081	2022-02-23	11.89	11.89	11.89	11.89	0
1082	2022-02-24	11.89	11.89	11.89	11.89	0
1083	2022-02-25	11.89	11.89	11.89	11.89	0
1084	2022-02-28	11.89	11.89	11.89	11.89	0
1085	2022-03-01	11.89	11.89	11.89	11.89	0
1086	2022-03-02	11.89	11.89	11.89	11.89	0
1087	2022-03-03	11.89	11.89	11.89	11.89	0
1088	2022-03-04	11.89	11.89	11.89	11.89	0
1089	2022-03-07	11.89	11.89	11.89	11.89	0
1090	2022-03-08	11.89	11.89	11.89	11.89	0
1091	2022-03-09	11.89	11.89	11.89	11.89	0
1092	2022-03-10	11.89	11.89	11.89	11.89	0
1093	2022-03-11	11.89	11.89	11.89	11.89	0
1094	2022-03-14	11.89	11.89	11.89	11.89	0
1095	2022-03-15	11.89	11.89	11.89	11.89	0
1096	2022-03-16	11.89	11.89	11.89	11.89	0
1097	2022-03-17	11.89	11.89	11.89	11.89	0
1098	2022-03-18	11.89	11.89	11.89	11.89	0
1099	2022-03-21	11.89	11.89	11.89	11.89	0
1100	2022-03-22	11.89	11.89	11.89	11.89	0
1101	2022-03-23	11.89	11.89	11.89	11.89	0
1102	2022-03-24	11.89	11.89	11.89	11.89	0
1103	2022-03-25	11.89	11.89	11.89	11.89	0
1104	2022-03-28	11.89	11.89	11.89	11.89	0
1105	2022-03-29	11.89	11.89	11.89	11.89	0
1106	2022-03-30	11.89	11.89	11.89	11.89	0
1107	2022-03-31	11.89	11.89	11.89	11.89	0
1108	2022-04-01	11.89	11.89	11.89	11.89	0
1109	2022-04-04	11.89	11.89	11.89	11.89	0
1110	2022-04-05	11.89	11.89	11.89	11.89	0
1111	2022-04-06	11.89	11.89	11.89	11.89	0
1112	2022-04-07	11.89	11.89	11.89	11.89	0
1113	2022-04-08	11.89	11.89	11.89	11.89	0
1114	2022-04-12	11.89	11.89	11.89	11.89	0
1115	2022-04-13	11.89	11.89	11.89	11.89	0
1116	2022-04-14	11.89	11.89	11.89	11.89	0
1117	2022-04-15	11.89	11.89	11.89	11.89	0
1118	2022-04-18	11.89	11.89	11.89	11.89	0
1119	2022-04-19	11.89	11.89	11.89	11.89	0
1120	2022-04-20	11.89	11.89	11.89	11.89	0
1121	2022-04-21	11.89	11.89	11.89	11.89	0
1122	2022-04-22	11.89	11.89	11.89	11.89	0
1123	2022-04-25	11.89	11.89	11.89	11.89	0
1124	2022-04-26	11.89	11.89	11.89	11.89	0
1125	2022-04-27	11.89	11.89	11.89	11.89	0
1126	2022-04-28	11.89	11.89	11.89	11.89	0
1127	2022-04-29	11.89	11.89	11.89	11.89	0
1128	2022-05-04	11.89	11.89	11.89	11.89	0
1129	2022-05-05	11.89	11.89	11.89	11.89	0
1130	2022-05-06	11.89	11.89	11.89	11.89	0
1131	2022-05-09	11.89	11.89	11.89	11.89	0
1132	2022-05-10	11.89	11.89	11.89	11.89	0
1133	2022-05-11	11.89	11.89	11.89	11.89	0
1134	2022-05-12	11.89	11.89	11.89	11.89	0
1135	2022-05-13	11.89	11.89	11.89	11.89	0
1136	2022-05-16	11.89	11.89	11.89	11.89	0
1137	2022-05-17	11.89	11.89	11.89	11.89	0
1138	2022-05-18	11.89	11.89	11.89	11.89	0
1139	2022-05-19	11.89	11.89	11.89	11.89	0
1140	2022-05-20	11.89	11.89	11.89	11.89	0
1141	2022-05-23	11.89	11.89	11.89	11.89	0
1142	2022-05-24	11.89	11.89	11.89	11.89	0
1143	2022-05-25	11.89	11.89	11.89	11.89	0
1144	2022-05-26	11.89	11.89	11.89	11.89	0
1145	2022-05-27	11.89	11.89	11.89	11.89	0
1146	2022-05-30	11.89	11.89	11.89	11.89	0
1147	2022-05-31	11.89	11.89	11.89	11.89	0
1148	2022-06-01	11.89	11.89	11.89	11.89	0
1149	2022-06-02	11.89	11.89	11.89	11.89	0
1150	2022-06-03	11.89	11.89	11.89	11.89	0
1151	2022-06-06	11.89	11.89	11.89	11.89	0
1152	2022-06-07	11.89	11.89	11.89	11.89	0
1153	2022-06-08	11.89	11.89	11.89	11.89	0
1154	2022-06-09	11.89	11.89	11.89	11.89	0
1155	2022-06-10	11.89	11.89	11.89	11.89	0
1156	2022-06-13	11.89	11.89	11.89	11.89	0
1157	2022-06-14	11.89	11.89	11.89	11.89	0
1158	2022-06-15	11.89	11.89	11.89	11.89	0
1159	2022-06-16	11.89	11.89	11.89	11.89	0
1160	2022-06-17	11.89	11.89	11.89	11.89	0
1161	2022-06-20	11.89	11.89	11.89	11.89	0
1162	2022-06-21	11.89	11.89	11.89	11.89	0
1163	2022-06-22	11.89	11.89	11.89	11.89	0
1164	2022-06-23	11.89	11.89	11.89	11.89	0
1165	2022-06-24	11.89	11.89	11.89	11.89	0
1166	2022-06-27	11.89	11.89	11.89	11.89	0
1167	2022-06-28	11.89	11.89	11.89	11.89	0
1168	2022-06-29	11.89	11.89	11.89	11.89	0
1169	2022-06-30	11.89	11.89	11.89	11.89	0
1170	2022-07-01	11.89	11.89	11.89	11.89	0
1171	2022-07-04	11.89	11.89	11.89	11.89	0
1172	2022-07-05	11.89	11.89	11.89	11.89	0
1173	2022-07-06	11.89	11.89	11.89	11.89	0
1174	2022-07-07	11.89	11.89	11.89	11.89	0
1175	2022-07-08	11.89	11.89	11.89	11.89	0
1176	2022-07-11	11.89	11.89	11.89	11.89	0
1177	2022-07-12	11.89	11.89	11.89	11.89	0
1178	2022-07-13	11.89	11.89	11.89	11.89	0
1179	2022-07-14	11.89	11.89	11.89	11.89	0
1180	2022-07-15	11.89	11.89	11.89	11.89	0
1181	2022-07-18	11.89	11.89	11.89	11.89	0
1182	2022-07-19	11.89	11.89	11.89	11.89	0
1183	2022-07-20	11.89	11.89	11.89	11.89	0
1184	2022-07-21	11.89	11.89	11.89	11.89	0
1185	2022-07-22	11.89	11.89	11.89	11.89	0
1186	2022-07-25	11.89	11.89	11.89	11.89	0
1187	2022-07-26	11.89	11.89	11.89	11.89	0
1188	2022-07-27	11.89	11.89	11.89	11.89	0
1189	2022-07-28	11.89	11.89	11.89	11.89	0
1190	2022-07-29	11.89	11.89	11.89	11.89	0
1191	2022-08-01	11.89	11.89	11.89	11.89	0
1192	2022-08-02	11.89	11.89	11.89	11.89	0
1193	2022-08-03	11.89	11.89	11.89	11.89	0
1194	2022-08-04	11.89	11.89	11.89	11.89	0
1195	2022-08-05	11.89	11.89	11.89	11.89	0
1196	2022-08-08	11.89	11.89	11.89	11.89	0
1197	2022-08-09	11.89	11.89	11.89	11.89	0
1198	2022-08-10	11.89	11.89	11.89	11.89	0
1199	2022-08-11	11.89	11.89	11.89	11.89	0
1200	2022-08-12	11.89	11.89	11.89	11.89	0
1201	2022-08-15	11.89	11.89	11.89	11.89	0
1202	2022-08-16	11.89	11.89	11.89	11.89	0
1203	2022-08-17	11.89	11.89	11.89	11.89	0
1204	2022-08-18	11.89	11.89	11.89	11.89	0
1205	2022-08-19	11.89	11.89	11.89	11.89	0
1206	2022-08-22	11.89	11.89	11.89	11.89	0
1207	2022-08-23	11.89	11.89	11.89	11.89	0
1208	2022-08-24	11.89	11.89	11.89	11.89	0
1209	2022-08-25	11.89	11.89	11.89	11.89	0
1210	2022-08-26	11.89	11.89	11.89	11.89	0
1211	2022-08-29	11.89	11.89	11.89	11.89	0
1212	2022-08-30	11.89	11.89	11.89	11.89	0
1213	2022-08-31	11.89	11.89	11.89	11.89	0
1214	2022-09-05	11.89	11.89	11.89	11.89	0
1215	2022-09-06	11.89	11.89	11.89	11.89	0
1216	2022-09-07	11.89	11.89	11.89	11.89	0
1217	2022-09-08	11.89	11.89	11.89	11.89	0
1218	2022-09-09	11.89	11.89	11.89	11.89	0
1219	2022-09-12	11.89	11.89	11.89	11.89	0
1220	2022-09-13	11.89	11.89	11.89	11.89	0
1221	2022-09-14	11.89	11.89	11.89	11.89	0
1222	2022-09-15	11.89	11.89	11.89	11.89	0
1223	2022-09-16	11.89	11.89	11.89	11.89	0
1224	2022-09-19	11.89	11.89	11.89	11.89	0
1225	2022-09-20	11.89	11.89	11.89	11.89	0
1226	2022-09-21	11.89	11.89	11.89	11.89	0
1227	2022-09-22	11.89	11.89	11.89	11.89	0
1228	2022-09-23	11.89	11.89	11.89	11.89	0
1229	2022-09-26	11.89	11.89	11.89	11.89	0
1230	2022-09-27	11.89	11.89	11.89	11.89	0
1231	2022-09-28	11.89	11.89	11.89	11.89	0
1232	2022-09-29	11.89	11.89	11.89	11.89	0
1233	2022-09-30	11.89	11.89	11.89	11.89	0
1234	2022-10-03	11.89	11.89	11.89	11.89	0
1235	2022-10-04	11.89	11.89	11.89	11.89	0
1236	2022-10-05	11.89	11.89	11.89	11.89	0
1237	2022-10-06	11.89	11.89	11.89	11.89	0
1238	2022-10-07	11.89	11.89	11.89	11.89	0
1239	2022-10-10	11.89	11.89	11.89	11.89	0
1240	2022-10-11	11.89	11.89	11.89	11.89	0
1241	2022-10-12	11.89	11.89	11.89	11.89	0
1242	2022-10-13	11.89	11.89	11.89	11.89	0
1243	2022-10-14	11.89	11.89	11.89	11.89	0
1244	2022-10-17	11.89	11.89	11.89	11.89	0
1245	2022-10-18	11.89	11.89	11.89	11.89	0
1246	2022-10-19	11.89	11.89	11.89	11.89	0
1247	2022-10-20	11.89	11.89	11.89	11.89	0
1248	2022-10-21	11.89	11.89	11.89	11.89	0
1249	2022-10-24	11.89	11.89	11.89	11.89	0
1250	2022-10-25	11.89	11.89	11.89	11.89	0
1251	2022-10-26	11.89	11.89	11.89	11.89	0
1252	2022-10-27	11.89	11.89	11.89	11.89	0
1253	2022-10-28	11.89	11.89	11.89	11.89	0
1254	2022-10-31	11.89	11.89	11.89	11.89	0
1255	2022-11-01	11.89	11.89	11.89	11.89	0
1256	2022-11-02	11.89	11.89	11.89	11.89	0
1257	2022-11-03	11.89	11.89	11.89	11.89	0
1258	2022-11-04	11.89	11.89	11.89	11.89	0
1259	2022-11-07	11.89	11.89	11.89	11.89	0
1260	2022-11-08	11.89	11.89	11.89	11.89	0
1261	2022-11-09	11.89	11.89	11.89	11.89	0
1262	2022-11-10	11.89	11.89	11.89	11.89	0
1263	2022-11-11	11.89	11.89	11.89	11.89	0
1264	2022-11-14	11.89	11.89	11.89	11.89	0
1265	2022-11-15	11.89	11.89	11.89	11.89	0
1266	2022-11-16	11.89	11.89	11.89	11.89	0
1267	2022-11-17	11.89	11.89	11.89	11.89	0
1268	2022-11-18	11.89	11.89	11.89	11.89	0
1269	2022-11-21	9.15	9.15	9.15	9.15	100
1270	2022-11-22	9.15	9.15	9.15	9.15	0
1271	2022-11-23	9.15	9.15	9.15	9.15	0
1272	2022-11-24	9.15	9.15	9.15	9.15	0
1273	2022-11-25	9.15	9.15	9.15	9.15	0
1274	2022-11-28	9.15	9.15	9.15	9.15	0
1275	2022-11-29	9.15	9.15	9.15	9.15	0
1276	2022-11-30	7.78	7.78	7.78	7.78	1000
1277	2022-12-01	6.68	6.68	6.68	6.68	100
1278	2022-12-02	6.68	6.68	6.68	6.68	100
1279	2022-12-05	5.76	5.76	5.76	5.76	1000
1280	2022-12-06	6.4	6.59	5.76	6.59	8100
1281	2022-12-07	6.77	6.77	6.77	6.77	100
1282	2022-12-08	7.68	7.68	7.68	7.68	100
1283	2022-12-09	8.69	8.69	8.69	8.69	900
1284	2022-12-12	8.69	8.69	8.69	8.69	0
1285	2022-12-13	8.69	8.69	8.69	8.69	0
1286	2022-12-14	8.69	8.69	8.69	8.69	0
1287	2022-12-15	8.69	8.69	8.69	8.69	0
1288	2022-12-16	8.69	8.69	8.69	8.69	0
1289	2022-12-19	8.69	8.69	8.69	8.69	0
1290	2022-12-20	8.69	8.69	8.69	8.69	0
1291	2022-12-21	8.69	8.69	8.69	8.69	0
1292	2022-12-22	8.69	8.69	8.69	8.69	0
1293	2022-12-23	8.69	8.69	8.69	8.69	0
1294	2022-12-26	8.69	8.69	8.69	8.69	0
1295	2022-12-27	8.69	8.69	8.69	8.69	0
1296	2022-12-28	8.69	8.69	8.69	8.69	0
1297	2022-12-29	8.69	8.69	8.69	8.69	0
1298	2022-12-30	8.69	8.69	8.69	8.69	0
1299	2023-01-03	8.69	8.69	8.69	8.69	0
1300	2023-01-04	8.69	8.69	8.69	8.69	0
1301	2023-01-05	8.69	8.69	8.69	8.69	0
1302	2023-01-06	8.69	8.69	8.69	8.69	0
1303	2023-01-09	8.69	8.69	8.69	8.69	0
1304	2023-01-10	8.69	8.69	8.69	8.69	0
1305	2023-01-11	8.69	8.69	8.69	8.69	0
1306	2023-01-12	8.69	8.69	8.69	8.69	0
1307	2023-01-13	8.69	8.69	8.69	8.69	0
1308	2023-01-16	8.69	8.69	8.69	8.69	0
1309	2023-01-17	8.69	8.69	8.69	8.69	0
1310	2023-01-18	8.69	8.69	8.69	8.69	0
1311	2023-01-19	8.69	8.69	8.69	8.69	0
1312	2023-01-27	8.69	8.69	8.69	8.69	0
1313	2023-01-30	8.69	8.69	8.69	8.69	0
1314	2023-01-31	8.69	8.69	8.69	8.69	0
1315	2023-02-01	8.69	8.69	8.69	8.69	0
1316	2023-02-02	8.69	8.69	8.69	8.69	0
1317	2023-02-03	8.69	8.69	8.69	8.69	0
1318	2023-02-06	8.69	8.69	8.69	8.69	0
1319	2023-02-07	8.69	8.69	8.69	8.69	0
1320	2023-02-08	8.69	8.69	8.69	8.69	0
1321	2023-02-09	8.69	8.69	8.69	8.69	0
1322	2023-02-10	8.69	8.69	8.69	8.69	0
1323	2023-02-13	8.69	8.69	8.69	8.69	0
1324	2023-02-14	8.69	8.69	8.69	8.69	0
1325	2023-02-15	8.69	8.69	8.69	8.69	0
1326	2023-02-16	8.69	8.69	8.69	8.69	0
1327	2023-02-17	8.69	8.69	8.69	8.69	0
1328	2023-02-20	8.69	8.69	8.69	8.69	0
1329	2023-02-21	8.69	8.69	8.69	8.69	0
1330	2023-02-22	8.69	8.69	8.69	8.69	0
1331	2023-02-23	8.69	8.69	8.69	8.69	0
1332	2023-02-24	8.69	8.69	8.69	8.69	0
1333	2023-02-27	8.69	8.69	8.69	8.69	0
1334	2023-02-28	8.69	8.69	8.69	8.69	0
1335	2023-03-01	8.69	8.69	8.69	8.69	0
1336	2023-03-02	8.69	8.69	8.69	8.69	0
1337	2023-03-03	8.69	8.69	8.69	8.69	0
1338	2023-03-06	8.69	8.69	8.69	8.69	0
1339	2023-03-07	8.69	8.69	8.69	8.69	0
1340	2023-03-08	8.69	8.69	8.69	8.69	0
1341	2023-03-09	8.69	8.69	8.69	8.69	0
1342	2023-03-10	8.69	8.69	8.69	8.69	0
1343	2023-03-13	8.69	8.69	8.69	8.69	0
1344	2023-03-14	8.69	8.69	8.69	8.69	0
1345	2023-03-15	8.69	8.69	8.69	8.69	0
1346	2023-03-16	8.69	8.69	8.69	8.69	0
1347	2023-03-17	8.69	8.69	8.69	8.69	0
1348	2023-03-20	8.69	8.69	8.69	8.69	0
1349	2023-03-21	8.69	8.69	8.69	8.69	0
1350	2023-03-22	8.69	8.69	8.69	8.69	0
1351	2023-03-23	8.69	8.69	8.69	8.69	0
1352	2023-03-24	8.69	8.69	8.69	8.69	0
1353	2023-03-27	8.69	8.69	8.69	8.69	0
1354	2023-03-28	8.69	8.69	8.69	8.69	0
1355	2023-03-29	8.69	8.69	8.69	8.69	0
1356	2023-03-30	8.69	8.69	8.69	8.69	0
1357	2023-03-31	8.69	8.69	8.69	8.69	0
1358	2023-04-03	8.69	8.69	8.69	8.69	0
1359	2023-04-04	8.69	8.69	8.69	8.69	0
1360	2023-04-05	8.69	8.69	8.69	8.69	0
1361	2023-04-06	8.69	8.69	8.69	8.69	0
1362	2023-04-07	8.69	8.69	8.69	8.69	0
1363	2023-04-10	8.69	8.69	8.69	8.69	0
1364	2023-04-11	8.69	8.69	8.69	8.69	0
1365	2023-04-12	8.69	8.69	8.69	8.69	0
1366	2023-04-13	8.69	8.69	8.69	8.69	0
1367	2023-04-14	8.69	8.69	8.69	8.69	0
1368	2023-04-17	8.69	8.69	8.69	8.69	0
1369	2023-04-18	8.69	8.69	8.69	8.69	0
1370	2023-04-19	8.69	8.69	8.69	8.69	0
1371	2023-04-20	8.69	8.69	8.69	8.69	0
1372	2023-04-21	8.69	8.69	8.69	8.69	0
1373	2023-04-24	8.69	8.69	8.69	8.69	0
1374	2023-04-25	8.69	8.69	8.69	8.69	0
1375	2023-04-26	8.69	8.69	8.69	8.69	0
1376	2023-04-27	8.69	8.69	8.69	8.69	0
1377	2023-04-28	8.69	8.69	8.69	8.69	0
1378	2023-05-04	8.69	8.69	8.69	8.69	0
1379	2023-05-05	8.69	8.69	8.69	8.69	0
1380	2023-05-08	8.69	8.69	8.69	8.69	0
1381	2023-05-09	8.71	8.71	8.71	8.71	0
1382	2023-05-10	8.71	8.71	8.71	8.71	0
1383	2023-05-11	8.71	8.71	8.71	8.71	0
1384	2023-05-12	8.71	8.71	8.71	8.71	0
1385	2023-05-15	8.71	8.71	8.71	8.71	0
1386	2023-05-16	8.71	8.71	8.71	8.71	0
1387	2023-05-17	8.71	8.71	8.71	8.71	0
1388	2023-05-18	8.71	8.71	8.71	8.71	0
1389	2023-05-19	8.71	8.71	8.71	8.71	0
1390	2023-05-22	8.71	8.71	8.71	8.71	0
1391	2023-05-23	8.71	8.71	8.71	8.71	0
1392	2023-05-24	7.75	7.75	7.75	7.75	11400
1393	2023-05-25	7.75	7.75	7.75	7.75	0
1394	2023-05-26	7.75	7.75	7.75	7.75	0
1395	2023-05-29	7.75	7.75	7.75	7.75	0
1396	2023-05-30	7.75	7.75	7.75	7.75	0
1397	2023-05-31	7.75	7.75	7.75	7.75	0
1398	2023-06-01	8.91	8.91	8.91	8.91	100
1399	2023-06-02	10.17	10.17	10.17	10.17	100
1400	2023-06-05	11.62	11.62	11.62	11.62	100
1401	2023-06-06	11.62	11.62	11.62	11.62	0
1402	2023-06-07	11.62	11.62	11.62	11.62	0
1403	2023-06-08	11.62	11.62	11.62	11.62	0
1404	2023-06-09	11.62	11.62	11.62	11.62	0
1405	2023-06-12	11.62	11.62	11.62	11.62	0
1406	2023-06-13	11.62	11.62	11.62	11.62	0
1407	2023-06-14	11.62	11.62	11.62	11.62	0
1408	2023-06-15	13.36	13.36	13.36	13.36	11400
1409	2023-06-16	13.36	13.36	13.36	13.36	0
1410	2023-06-19	11.43	15.3	11.43	15.3	400
1411	2023-06-20	13.36	13.36	13.36	13.36	0
1412	2023-06-21	13.36	13.36	13.36	13.36	0
1413	2023-06-22	15.3	15.3	15.3	15.3	300
1414	2023-06-23	17.53	17.53	17.53	17.53	1300
1415	2023-06-26	19.37	19.37	19.27	19.27	1500
1416	2023-06-27	19.37	19.37	19.27	19.27	500
1417	2023-06-28	19.08	19.08	19.08	19.08	100
1418	2023-06-29	19.08	19.08	19.08	19.08	0
1419	2023-06-30	19.08	19.08	19.08	19.08	0
1420	2023-07-03	19.08	19.08	19.08	19.08	0
1421	2023-07-04	18.98	18.98	16.27	16.27	400
1422	2023-07-05	14.43	19.37	14.43	14.43	900
1423	2023-07-06	12.78	12.88	12.78	12.78	700
1424	2023-07-07	10.94	10.94	10.94	10.94	700
1425	2023-07-10	9.68	9.68	9.68	9.68	1300
1426	2023-07-11	8.23	11.14	8.23	8.23	400
1427	2023-07-12	7.75	7.84	7.75	7.84	300
1428	2023-07-13	6.78	7.17	6.58	6.58	4900
1429	2023-07-14	6.0	6.0	6.0	6.0	200
1430	2023-07-17	6.0	6.0	6.0	6.0	200
1431	2023-07-18	6.29	6.87	6.29	6.87	400
1432	2023-07-19	7.55	7.55	7.26	7.55	1300
1433	2023-07-20	7.55	7.55	7.55	7.55	100
1434	2023-07-21	7.55	7.55	7.46	7.55	700
1435	2023-07-24	8.52	8.52	7.65	8.33	2300
1436	2023-07-25	9.2	9.2	9.2	9.2	1600
1437	2023-07-26	9.2	9.2	9.2	9.2	1500
1438	2023-07-27	9.2	9.2	9.2	9.2	400
1439	2023-07-28	9.2	9.2	9.2	9.2	200
1440	2023-07-31	9.2	9.2	9.2	9.2	500
1441	2023-08-01	9.2	9.2	9.2	9.2	500
1442	2023-08-02	9.2	9.2	9.2	9.2	500
1443	2023-08-03	9.2	9.2	9.2	9.2	1000
1444	2023-08-04	9.2	9.2	9.2	9.2	0
1445	2023-08-07	9.2	9.2	9.2	9.2	400
1446	2023-08-08	9.68	9.68	9.68	9.68	100
1447	2023-08-09	9.68	9.68	9.68	9.68	0
1448	2023-08-10	10.07	10.07	10.07	10.07	300
1449	2023-08-11	10.07	10.07	10.07	10.07	0
1450	2023-08-14	10.07	10.07	10.07	10.07	0
1451	2023-08-15	10.07	10.07	10.07	10.07	0
1452	2023-08-16	10.07	10.07	10.07	10.07	0
1453	2023-08-17	10.07	10.07	10.07	10.07	0
1454	2023-08-18	10.07	10.07	10.07	10.07	0
1455	2023-08-21	10.07	10.07	10.07	10.07	0
1456	2023-08-22	10.07	10.07	10.07	10.07	0
1457	2023-08-23	10.07	10.07	10.07	10.07	0
1458	2023-08-24	10.07	10.07	10.07	10.07	0
1459	2023-08-25	10.07	10.07	10.07	10.07	0
1460	2023-08-28	10.07	10.07	10.07	10.07	0
1461	2023-08-29	10.07	10.07	10.07	10.07	0
1462	2023-08-30	10.07	10.07	10.07	10.07	0
1463	2023-08-31	9.88	9.88	8.62	8.62	800
1464	2023-09-05	8.62	8.62	8.62	8.62	400
1465	2023-09-06	8.62	8.62	8.62	8.62	0
1466	2023-09-07	7.46	7.46	7.36	7.36	300
1467	2023-09-08	7.46	7.46	7.46	7.46	0
1468	2023-09-11	7.46	7.46	7.46	7.46	100
1469	2023-09-12	7.75	8.52	7.75	8.52	2400
1470	2023-09-13	9.2	9.2	9.1	9.2	500
1471	2023-09-14	9.68	10.46	8.71	8.71	800
1472	2023-09-15	8.71	8.71	8.13	8.23	1500
1473	2023-09-18	7.46	7.75	7.36	7.36	1700
1474	2023-09-19	7.65	7.65	7.65	7.65	0
1475	2023-09-20	7.07	7.07	7.07	7.07	100
1476	2023-09-21	7.07	7.07	7.07	7.07	0
1477	2023-09-22	7.07	7.07	7.07	7.07	0
1478	2023-09-25	7.07	7.07	7.07	7.07	0
1479	2023-09-26	7.07	7.07	7.07	7.07	0
1480	2023-09-27	7.07	7.07	7.07	7.07	0
1481	2023-09-28	7.07	7.07	7.07	7.07	0
1482	2023-09-29	7.07	7.07	7.07	7.07	0
1483	2023-10-02	7.07	7.07	7.07	7.07	0
1484	2023-10-03	7.07	7.07	7.07	7.07	0
1485	2023-10-04	7.07	7.07	7.07	7.07	0
1486	2023-10-05	7.07	7.07	7.07	7.07	0
1487	2023-10-06	7.07	7.07	7.07	7.07	0
1488	2023-10-09	7.07	7.07	7.07	7.07	0
1489	2023-10-10	7.07	7.07	7.07	7.07	0
1490	2023-10-11	7.07	7.07	7.07	7.07	0
1491	2023-10-12	7.07	7.07	7.07	7.07	0
1492	2023-10-13	7.07	7.07	7.07	7.07	0
1493	2023-10-16	7.07	7.07	7.07	7.07	0
1494	2023-10-17	7.07	7.07	7.07	7.07	0
1495	2023-10-18	8.04	8.04	8.04	8.04	8256
1496	2023-10-19	9.2	9.2	9.2	9.2	6061
1497	2023-10-20	10.55	10.55	10.55	10.55	3200
1498	2023-10-23	12.1	12.1	12.1	12.1	10300
1499	2023-10-24	12.59	13.85	12.59	13.85	19446
1500	2023-10-25	13.85	13.85	12.39	12.39	1320
1501	2023-10-26	12.59	13.36	11.43	13.36	8350
1502	2023-10-27	12.2	12.2	12.2	12.2	0
1503	2023-10-30	10.46	10.55	10.46	10.55	605
1504	2023-10-31	9.68	9.68	9.68	9.68	695
1505	2023-11-01	9.68	9.68	9.68	9.68	0
1506	2023-11-02	11.04	11.14	11.04	11.14	1205
1507	2023-11-03	12.59	12.59	12.59	12.59	100
1508	2023-11-06	10.75	10.75	10.75	10.75	100
1509	2023-11-07	10.75	10.75	10.75	10.75	7700
1510	2023-11-08	10.75	10.75	10.75	10.75	1
1511	2023-11-09	10.75	10.75	10.75	10.75	0
1512	2023-11-10	9.68	9.68	9.68	9.68	100
1513	2023-11-13	9.68	9.68	9.68	9.68	800
1514	2023-11-14	9.3	9.3	8.81	8.81	2201
1515	2023-11-15	9.68	10.65	9.68	10.65	2800
1516	2023-11-16	11.23	11.33	10.17	10.17	1400
1517	2023-11-17	11.14	12.59	11.14	12.59	400
1518	2023-11-20	13.17	13.17	13.17	13.17	100
1519	2023-11-21	15.01	15.01	11.23	11.62	2000
1520	2023-11-22	13.65	13.65	12.1	12.1	700
1521	2023-11-23	11.23	11.23	11.23	11.23	100
1522	2023-11-24	9.68	12.88	9.68	12.88	9550
1523	2023-11-27	13.07	13.36	12.1	13.36	1000
1524	2023-11-28	14.33	14.33	10.84	14.04	1700
1525	2023-11-29	15.69	15.69	13.94	13.94	200
1526	2023-11-30	13.94	16.27	12.68	16.27	6400
1527	2023-12-01	15.78	15.78	15.78	15.78	100
1528	2023-12-04	13.46	13.56	13.46	13.56	1350
1529	2023-12-05	15.59	15.59	15.59	15.59	100
1530	2023-12-06	13.27	13.85	13.27	13.85	4443
1531	2023-12-07	14.52	14.52	14.52	14.52	100
1532	2023-12-08	14.52	14.52	14.52	14.52	0
1533	2023-12-11	14.52	14.52	14.52	14.52	0
1534	2023-12-12	12.39	12.39	12.39	12.39	10500
1535	2023-12-13	13.46	13.46	10.65	10.65	300
1536	2023-12-14	11.62	11.62	11.62	11.62	0
1537	2023-12-15	11.62	11.62	11.62	11.62	0
1538	2023-12-18	11.62	11.62	11.62	11.62	0
1539	2023-12-19	11.23	11.23	11.23	11.23	200
1540	2023-12-20	11.23	11.23	11.23	11.23	0
1541	2023-12-21	11.62	11.62	9.68	9.68	400
1542	2023-12-22	10.17	10.17	10.17	10.17	1600
1543	2023-12-25	11.62	11.62	11.62	11.62	1800
1544	2023-12-26	13.36	13.36	13.36	13.36	5800
1545	2023-12-27	15.3	15.3	15.11	15.2	15202
1546	2023-12-28	15.3	16.46	15.3	16.27	14550
1547	2023-12-29	15.98	16.46	14.52	14.52	1501
1548	2024-01-02	15.4	15.4	15.4	15.4	0
1549	2024-01-03	13.36	13.36	13.17	13.27	1700
1550	2024-01-04	13.17	13.17	13.17	13.17	300
1551	2024-01-05	13.17	13.17	13.17	13.17	601
1552	2024-01-08	15.01	15.01	15.01	15.01	100
1553	2024-01-09	14.91	15.01	14.91	14.91	601
1554	2024-01-10	14.91	14.91	14.91	14.91	0
1555	2024-01-11	14.14	14.52	14.04	14.52	1200
1556	2024-01-12	14.43	14.43	13.75	13.75	1000
1557	2024-01-15	13.75	13.75	12.1	13.75	1500
1558	2024-01-16	12.59	12.59	12.59	12.59	1600
1559	2024-01-17	12.59	12.59	12.59	12.59	1900
1560	2024-01-18	14.33	14.33	14.33	14.33	100
1561	2024-01-19	14.23	14.33	13.07	13.27	1400
1562	2024-01-22	15.3	15.3	15.3	15.3	100
1563	2024-01-23	15.3	15.3	15.3	15.3	0
1564	2024-01-24	15.3	15.3	15.3	15.3	0
1565	2024-01-25	14.33	14.33	14.23	14.23	400
1566	2024-01-26	14.52	14.72	14.52	14.72	300
1567	2024-01-29	15.49	15.49	13.56	13.56	1600
1568	2024-01-30	13.85	13.85	13.85	13.85	100
1569	2024-01-31	13.85	13.85	13.85	13.85	0
1570	2024-02-01	13.07	13.07	13.07	13.07	500
1571	2024-02-02	14.62	14.62	14.62	14.62	100
1572	2024-02-05	14.04	14.43	13.07	14.43	300
1573	2024-02-06	13.85	13.85	13.85	13.85	0
1574	2024-02-07	13.85	13.85	13.85	13.85	0
1575	2024-02-15	13.85	13.85	13.85	13.85	0
1576	2024-02-16	13.56	13.56	13.56	13.56	200
1577	2024-02-19	13.36	13.36	13.36	13.36	200
1578	2024-02-20	13.36	13.36	13.36	13.36	0
1579	2024-02-21	13.36	13.36	13.36	13.36	0
1580	2024-02-22	13.07	13.07	13.07	13.07	100
1581	2024-02-23	13.36	13.36	13.36	13.36	600
1582	2024-02-26	13.36	13.36	13.36	13.36	0
1583	2024-02-27	13.36	13.36	13.36	13.36	0
1584	2024-02-28	13.36	13.36	13.36	13.36	0
1585	2024-02-29	12.78	13.46	12.78	13.46	2300
1586	2024-03-01	13.94	13.94	13.94	13.94	100
1587	2024-03-04	15.01	15.01	13.07	13.85	800
1588	2024-03-05	13.36	13.36	13.07	13.27	1700
1589	2024-03-06	12.68	13.56	12.68	13.56	500
1590	2024-03-07	13.36	13.36	13.36	13.36	0
1591	2024-03-08	13.36	13.36	13.36	13.36	500
1592	2024-03-11	13.36	13.36	13.36	13.36	0
1593	2024-03-12	13.36	13.36	13.36	13.36	0
1594	2024-03-13	13.36	13.36	13.36	13.36	0
1595	2024-03-14	13.36	13.36	13.36	13.36	0
1596	2024-03-15	13.36	13.36	13.36	13.36	0
1597	2024-03-18	13.36	13.36	13.36	13.36	0
1598	2024-03-19	13.36	13.36	13.36	13.36	0
1599	2024-03-20	13.17	13.17	13.17	13.17	1000
1600	2024-03-21	13.17	13.17	13.17	13.17	0
1601	2024-03-22	13.17	13.17	13.17	13.17	0
1602	2024-03-25	13.17	13.17	13.17	13.17	0
1603	2024-03-26	13.17	13.17	13.17	13.17	0
1604	2024-03-27	13.17	13.17	13.17	13.17	0
1605	2024-03-28	13.17	13.17	13.17	13.17	0
1606	2024-03-29	13.17	13.17	13.17	13.17	0
1607	2024-04-01	15.01	15.11	14.91	15.01	1400
1608	2024-04-02	14.33	14.33	12.78	12.78	1300
1609	2024-04-03	15.78	15.78	14.81	15.69	1600
1610	2024-04-04	15.4	15.4	15.4	15.4	0
1611	2024-04-05	13.17	13.17	13.17	13.17	6201
1612	2024-04-08	15.11	15.11	15.11	15.11	101
1613	2024-04-09	14.52	14.52	12.88	12.88	2200
1614	2024-04-10	13.56	13.56	13.56	13.56	300
1615	2024-04-11	13.56	13.56	13.56	13.56	0
1616	2024-04-12	13.56	13.56	13.56	13.56	0
1617	2024-04-15	13.56	13.56	13.56	13.56	0
1618	2024-04-16	11.62	11.62	11.62	11.62	500
1619	2024-04-17	11.62	11.62	11.62	11.62	0
1620	2024-04-19	11.62	11.62	11.62	11.62	0
1621	2024-04-22	11.62	11.62	11.62	11.62	0
1622	2024-04-23	11.62	11.62	11.62	11.62	0
1623	2024-04-24	11.62	11.62	11.62	11.62	0
1624	2024-04-25	11.62	11.62	11.62	11.62	0
1625	2024-04-26	11.6	11.6	11.6	11.6	0
1626	2024-05-02	11.6	11.6	11.6	11.6	0
1627	2024-05-03	13.3	13.3	13.3	13.3	600
1628	2024-05-06	14.5	14.5	14.5	14.5	1200
1629	2024-05-07	15.7	15.7	15.7	15.7	200
1630	2024-05-08	15.7	15.7	15.5	15.5	1400
1631	2024-05-09	15.4	15.4	15.4	15.4	100
1632	2024-05-10	15.2	15.2	15.0	15.0	500
1633	2024-05-13	15.0	15.0	14.7	14.7	800
1634	2024-05-14	14.5	14.5	14.3	14.3	500
1635	2024-05-15	14.0	14.0	14.0	14.0	300
1636	2024-05-16	13.7	13.7	13.7	13.7	500
1637	2024-05-17	13.7	13.7	13.7	13.7	33
1638	2024-05-20	13.7	13.7	13.7	13.7	0
1639	2024-05-21	13.7	13.7	13.7	13.7	0
1640	2024-05-22	14.5	14.5	14.5	14.5	300
1641	2024-05-23	14.5	14.5	14.5	14.5	0
1642	2024-05-24	14.5	14.5	14.5	14.5	0
1643	2024-05-27	15.4	15.4	15.4	15.4	200
1644	2024-05-28	13.2	13.2	13.2	13.2	301
1645	2024-05-29	13.3	13.3	13.3	13.3	2000
1646	2024-05-30	13.3	13.3	13.3	13.3	100
1647	2024-05-31	13.3	13.3	13.3	13.3	0
1648	2024-06-03	13.3	13.7	13.3	13.7	700
1649	2024-06-04	13.8	14.0	13.5	13.6	3100
1650	2024-06-05	13.9	13.9	13.8	13.8	300
1651	2024-06-06	14.0	14.0	13.7	13.7	1100
1652	2024-06-07	13.6	13.9	12.8	13.9	4000
1653	2024-06-10	13.4	13.7	13.4	13.7	2701
1654	2024-06-11	14.0	14.0	12.0	13.5	4300
1655	2024-06-12	13.3	13.3	13.3	13.3	100
1656	2024-06-13	13.5	13.5	13.5	13.5	100
1657	2024-06-14	13.5	13.5	13.5	13.5	0
1658	2024-06-17	13.5	13.5	13.5	13.5	1
1659	2024-06-18	13.5	13.9	12.6	12.6	300
1660	2024-06-19	13.5	13.9	13.5	13.9	1000
1661	2024-06-20	13.9	13.9	12.3	12.4	2001
1662	2024-06-21	12.4	12.4	12.1	12.2	3400
1663	2024-06-24	12.5	12.5	12.5	12.5	900
1664	2024-06-25	12.2	12.8	12.2	12.8	1900
1665	2024-06-26	12.8	12.8	12.8	12.8	400
1666	2024-06-27	12.8	12.8	12.8	12.8	2
1667	2024-06-28	13.0	13.0	13.0	13.0	100
1668	2024-07-01	13.0	13.0	13.0	13.0	0
1669	2024-07-02	13.0	13.0	13.0	13.0	200
1670	2024-07-03	13.0	13.0	13.0	13.0	100
1671	2024-07-04	12.9	13.0	12.9	12.9	4000
1672	2024-07-05	12.7	12.7	12.5	12.5	7469
1673	2024-07-08	12.5	12.5	12.5	12.5	0
1674	2024-07-09	12.5	12.5	12.5	12.5	0
1675	2024-07-10	12.5	12.5	12.5	12.5	0
1676	2024-07-11	12.5	12.5	12.5	12.5	1
1677	2024-07-12	14.2	14.2	12.5	12.5	3800
1678	2024-07-15	12.5	12.5	12.5	12.5	0
1679	2024-07-16	12.5	12.5	12.5	12.5	0
1680	2024-07-17	12.5	12.5	12.5	12.5	0
1681	2024-07-18	12.5	12.5	12.5	12.5	0
1682	2024-07-19	12.5	12.5	12.5	12.5	0
1683	2024-07-22	11.2	11.3	11.2	11.3	350
1684	2024-07-23	12.0	12.0	12.0	12.0	3100
1685	2024-07-24	12.0	12.0	12.0	12.0	101
1686	2024-07-25	13.0	13.0	13.0	13.0	403
1687	2024-07-26	12.5	12.5	12.2	12.2	1700
1688	2024-07-29	12.0	12.0	12.0	12.0	500
1689	2024-08-06	13.0	13.0	13.0	13.0	100
1690	2024-08-08	12.5	12.5	12.5	12.5	500
1691	2024-08-09	12.0	12.0	12.0	12.0	3200
1692	2024-08-16	12.5	12.5	12.5	12.5	300
1693	2024-08-20	12.5	12.5	12.5	12.5	400
1694	2024-08-21	11.6	11.8	11.6	11.8	2000
1695	2024-08-26	12.4	12.4	12.4	12.4	500
1696	2024-08-28	12.4	12.4	12.4	12.4	1300
1697	2024-08-29	12.4	12.4	12.0	12.0	300
1698	2024-08-30	12.5	12.5	12.5	12.5	100
1699	2024-09-04	12.5	12.5	12.5	12.5	100
1700	2024-09-18	12.5	12.5	12.5	12.5	200
1701	2024-09-19	12.5	12.5	12.5	12.5	100
1702	2024-09-20	12.5	12.5	12.5	12.5	200
1703	2024-09-23	12.7	12.7	12.7	12.7	300
1704	2024-09-24	12.5	12.5	12.5	12.5	400
1705	2024-09-26	12.5	12.5	12.5	12.5	100
1706	2024-09-27	12.5	12.5	12.5	12.5	500
1707	2024-09-30	10.7	10.7	10.7	10.7	100
1708	2024-10-01	11.1	12.3	11.1	12.3	200
1709	2024-10-09	11.7	13.0	11.5	13.0	1200
1710	2024-10-10	13.0	13.0	12.6	12.6	300
1711	2024-10-14	11.8	11.8	11.8	11.8	300
1712	2024-10-16	11.8	11.8	11.8	11.8	500
1713	2024-10-17	11.8	11.8	11.8	11.8	1000
1714	2024-10-18	11.8	11.8	11.8	11.8	400
1715	2024-10-21	11.6	11.6	11.5	11.5	200
1716	2024-10-22	11.5	11.5	10.5	10.5	2100
1717	2024-10-23	10.8	10.8	10.8	10.8	600
1718	2024-10-25	10.7	10.7	10.7	10.7	500
1719	2024-11-01	12.0	12.0	12.0	12.0	400
1720	2024-11-13	12.0	12.0	12.0	12.0	900
1721	2024-11-15	11.9	11.9	11.8	11.8	400
1722	2024-11-21	11.7	11.7	11.7	11.7	100
1723	2024-11-25	11.6	11.6	11.6	11.6	200
1724	2024-11-26	11.6	11.6	11.6	11.6	1000
1725	2024-11-28	9.9	9.9	9.9	9.9	100
1726	2024-11-29	11.3	11.3	11.3	11.3	5500
1727	2024-12-02	12.9	12.9	12.5	12.5	10400
1728	2024-12-03	13.5	13.5	13.5	13.5	100
1729	2024-12-04	12.1	12.1	11.5	11.5	4400
1730	2024-12-05	11.7	11.7	11.3	11.3	1900
1731	2024-12-10	11.7	11.7	11.7	11.7	1000
1732	2024-12-13	12.5	12.5	12.5	12.5	100
1733	2024-12-16	12.0	12.0	11.9	11.9	400
1734	2024-12-18	12.0	12.0	12.0	12.0	1000
1735	2024-12-23	13.0	13.0	13.0	13.0	100
1736	2024-12-25	12.8	12.8	12.8	12.8	100
1737	2025-01-02	11.5	11.5	11.5	11.5	100
1738	2025-01-03	11.4	11.5	11.4	11.5	1300
1739	2025-01-06	11.5	11.5	11.5	11.5	100
1740	2025-01-13	13.2	13.2	13.2	13.2	100
1741	2025-01-14	11.5	11.5	11.5	11.5	2000
1742	2025-01-21	12.0	12.0	11.7	12.0	2000
1743	2025-01-22	12.1	12.1	12.1	12.1	1000
1744	2025-01-23	12.3	12.9	12.3	12.9	1000
1745	2025-01-24	12.9	14.0	12.9	13.6	8400
1746	2025-02-03	13.2	13.2	13.2	13.2	3000
1747	2025-02-04	13.3	13.4	13.3	13.4	4200
1748	2025-02-05	13.4	13.4	13.4	13.4	400
1749	2025-02-06	13.5	14.0	13.5	14.0	5600
1750	2025-02-07	14.5	15.0	14.0	15.0	2400
1751	2025-02-10	14.6	14.6	14.0	14.5	2000
1752	2025-02-11	15.0	16.2	15.0	16.2	15900
1753	2025-02-12	15.6	15.6	15.4	15.4	5400
1754	2025-02-13	14.2	14.2	14.1	14.1	2900
1755	2025-02-17	15.1	15.1	15.0	15.0	200
1756	2025-02-18	15.1	15.7	15.1	15.7	200
1757	2025-02-19	15.5	15.5	15.0	15.0	1500
1758	2025-02-20	16.0	16.0	15.1	15.2	300
1759	2025-02-21	17.7	17.7	17.6	17.6	700
1760	2025-02-24	16.5	16.5	15.2	15.2	4200
1761	2025-02-25	17.6	17.6	17.6	17.6	100
1762	2025-02-27	15.0	15.0	15.0	15.0	8300
1763	2025-02-28	15.5	15.8	15.1	15.8	9900
1764	2025-03-03	14.5	15.5	14.5	14.7	300
1765	2025-03-05	14.9	16.9	14.9	15.3	5300
1766	2025-03-06	17.0	17.0	15.2	15.2	800
1767	2025-03-07	16.9	16.9	16.9	16.9	100
1768	2025-03-10	16.5	16.5	15.1	15.4	2600
1769	2025-03-12	13.6	13.6	13.6	13.6	400
1770	2025-03-13	15.5	15.5	15.5	15.5	5400
1771	2025-03-14	15.5	17.0	15.5	17.0	3500
1772	2025-03-17	17.0	17.2	16.4	16.5	6600
1773	2025-03-18	16.5	16.6	16.5	16.6	500
1774	2025-03-19	16.5	16.5	16.3	16.3	1000
1775	2025-03-20	15.0	15.2	15.0	15.1	1200
1776	2025-03-21	15.0	15.1	15.0	15.0	500
1777	2025-03-24	15.0	15.0	15.0	15.0	5500
1778	2025-03-25	15.1	16.0	15.0	16.0	3700
1779	2025-03-26	16.5	16.9	16.3	16.5	5200
1780	2025-03-27	16.5	17.0	16.5	16.6	6300
1781	2025-03-28	16.6	16.6	16.3	16.3	1400
1782	2025-03-31	16.3	16.3	16.3	16.3	400
1783	2025-04-01	16.0	16.0	15.5	15.5	1000
