	time	open	high	low	close	volume
0	2018-10-10	11.83	11.83	11.83	11.83	16100
1	2018-10-11	13.58	13.58	13.58	13.58	6438
2	2018-10-12	15.57	15.57	15.57	15.57	6039
3	2018-10-15	17.86	17.86	15.57	15.57	6200
4	2018-10-16	14.65	14.65	14.65	14.65	500
5	2018-10-17	12.51	12.51	12.51	12.51	600
6	2018-10-18	10.68	10.68	10.68	10.68	1100
7	2018-10-19	9.08	10.68	9.08	10.68	43060
8	2018-10-22	10.68	10.99	10.68	10.99	9700
9	2018-10-23	11.45	12.21	11.06	11.75	7000
10	2018-10-24	11.45	11.45	10.0	10.0	1980
11	2018-10-25	10.68	10.91	9.84	9.84	2119
12	2018-10-26	10.68	11.06	9.92	10.91	3000
13	2018-10-29	9.39	10.91	9.31	10.61	6600
14	2018-10-30	10.68	10.68	9.69	10.61	2700
15	2018-10-31	10.68	10.68	8.55	8.55	18940
16	2018-11-01	8.7	8.93	7.4	7.4	31160
17	2018-11-02	7.63	8.09	7.63	8.09	300
18	2018-11-05	8.39	8.39	7.78	7.78	521
19	2018-11-06	8.32	8.32	6.79	6.79	20019
20	2018-11-07	7.55	7.55	7.33	7.4	500
21	2018-11-08	6.94	7.25	6.87	7.25	2310
22	2018-11-09	6.33	6.79	6.33	6.33	900
23	2018-11-12	6.87	6.87	6.87	6.87	200
24	2018-11-13	6.56	6.79	6.56	6.79	407
25	2018-11-14	7.02	7.02	6.72	6.72	930
26	2018-11-15	6.94	6.94	6.94	6.94	300
27	2018-11-16	6.94	7.25	6.94	6.94	2800
28	2018-11-19	7.25	7.25	7.1	7.25	2650
29	2018-11-20	7.55	7.55	7.55	7.55	139
30	2018-11-21	7.55	7.55	7.55	7.55	0
31	2018-11-22	7.55	7.55	7.55	7.55	0
32	2018-11-23	7.55	7.55	7.55	7.55	0
33	2018-11-26	7.17	7.25	6.49	6.49	4516
34	2018-11-27	7.17	7.17	7.17	7.17	100
35	2018-11-28	7.17	7.17	7.17	7.17	0
36	2018-11-29	6.94	6.94	6.1	6.18	1760
37	2018-11-30	6.26	6.18	6.18	6.18	0
38	2018-12-03	6.64	6.64	6.64	6.64	449
39	2018-12-04	6.1	6.1	5.65	5.65	2400
40	2018-12-05	6.26	6.26	6.26	6.26	100
41	2018-12-06	6.79	6.79	6.79	6.79	127
42	2018-12-07	6.79	6.79	6.79	6.79	0
43	2018-12-10	6.79	6.79	6.79	6.79	0
44	2018-12-11	7.25	7.25	7.25	7.25	100
45	2018-12-12	6.18	6.18	6.18	6.18	110
46	2018-12-13	6.87	6.87	6.87	6.87	100
47	2018-12-14	5.88	5.95	5.88	5.88	2170
48	2018-12-17	5.88	5.88	5.88	5.88	0
49	2018-12-18	5.88	5.88	5.88	5.88	0
50	2018-12-19	5.88	5.88	5.88	5.88	0
51	2018-12-20	5.27	5.27	5.27	5.27	100
52	2018-12-21	5.72	5.72	5.72	5.72	1700
53	2018-12-24	5.72	5.72	5.72	5.72	10
54	2018-12-25	6.41	6.41	6.41	6.41	100
55	2018-12-26	6.33	6.33	6.26	6.26	300
56	2018-12-27	6.26	7.17	6.26	7.17	1300
57	2018-12-28	6.94	6.94	6.94	6.94	100
58	2019-01-02	7.4	7.4	7.4	7.4	100
59	2019-01-03	7.4	7.4	7.4	7.4	0
60	2019-01-04	7.4	7.4	7.4	7.4	0
61	2019-01-07	7.4	7.4	7.4	7.4	0
62	2019-01-08	7.4	7.4	7.4	7.4	0
63	2019-01-09	7.4	7.4	7.4	7.4	0
64	2019-01-10	7.4	7.4	7.4	7.4	0
65	2019-01-11	7.4	7.4	7.4	7.4	0
66	2019-01-14	7.4	7.4	7.4	7.4	200
67	2019-01-15	7.4	7.4	7.4	7.4	0
68	2019-01-16	6.87	6.87	6.87	6.87	100
69	2019-01-17	6.87	6.87	6.87	6.87	0
70	2019-01-18	6.87	6.87	6.87	6.87	0
71	2019-01-21	6.87	6.87	6.87	6.87	0
72	2019-01-22	6.87	6.87	6.87	6.87	0
73	2019-01-23	6.87	6.87	6.87	6.87	0
74	2019-01-24	6.87	6.87	6.87	6.87	0
75	2019-01-25	5.88	5.88	5.88	5.88	500
76	2019-01-28	6.64	6.64	6.64	6.64	100
77	2019-01-29	7.55	7.55	7.55	7.55	100
78	2019-01-30	7.55	7.55	7.55	7.55	0
79	2019-01-31	7.55	7.55	7.55	7.55	0
80	2019-02-01	7.55	7.55	7.55	7.55	0
81	2019-02-11	7.55	7.55	7.55	7.55	0
82	2019-02-12	7.55	7.55	7.55	7.55	10
83	2019-02-13	7.55	7.55	7.55	7.55	0
84	2019-02-14	6.49	6.49	6.49	6.49	100
85	2019-02-15	5.88	5.88	5.57	5.57	600
86	2019-02-18	6.49	6.49	6.49	6.49	100
87	2019-02-19	6.79	6.79	6.49	6.49	500
88	2019-02-20	6.72	6.49	6.49	6.49	0
89	2019-02-21	6.72	6.49	6.49	6.49	0
90	2019-02-22	5.72	5.72	5.72	5.72	100
91	2019-02-25	5.72	6.33	5.34	6.33	3100
92	2019-02-26	5.57	5.57	5.57	5.57	1000
93	2019-02-27	6.18	6.18	6.18	6.18	100
94	2019-02-28	6.18	6.18	6.18	6.18	0
95	2019-03-01	6.18	6.18	6.18	6.18	0
96	2019-03-04	6.18	6.18	6.18	6.18	0
97	2019-03-05	6.18	6.18	6.18	6.18	0
98	2019-03-06	6.18	6.18	6.18	6.18	0
99	2019-03-07	6.18	6.18	6.18	6.18	0
100	2019-03-08	6.18	6.18	6.18	6.18	0
101	2019-03-11	6.18	6.18	6.18	6.18	0
102	2019-03-12	6.18	6.18	6.18	6.18	0
103	2019-03-13	5.72	5.72	5.49	5.49	1030
104	2019-03-14	5.88	5.88	5.88	5.88	109
105	2019-03-15	5.88	5.88	5.88	5.88	0
106	2019-03-18	6.41	6.41	6.41	6.41	100
107	2019-03-19	6.49	6.64	6.49	6.64	1000
108	2019-03-20	5.8	5.8	5.8	5.8	400
109	2019-03-21	5.8	5.8	5.8	5.8	0
110	2019-03-22	6.1	6.49	6.1	6.41	1200
111	2019-03-25	6.18	6.41	6.41	6.41	0
112	2019-03-26	5.65	6.49	5.49	6.03	3610
113	2019-03-27	6.72	6.72	6.1	6.1	1200
114	2019-03-28	7.1	7.1	7.1	7.1	100
115	2019-03-29	6.1	6.1	6.1	6.1	500
116	2019-04-01	5.88	5.88	5.72	5.72	2300
117	2019-04-02	5.8	5.72	5.72	5.72	0
118	2019-04-03	5.8	5.72	5.72	5.72	0
119	2019-04-04	5.8	5.72	5.72	5.72	0
120	2019-04-05	5.8	5.72	5.72	5.72	0
121	2019-04-08	6.56	6.56	6.56	6.56	100
122	2019-04-09	6.56	6.56	6.56	6.56	0
123	2019-04-10	6.56	6.56	6.56	6.56	300
124	2019-04-11	6.64	6.64	6.64	6.64	1300
125	2019-04-12	6.64	6.64	6.64	6.64	0
126	2019-04-16	6.64	6.64	6.64	6.64	70
127	2019-04-17	6.64	6.64	6.64	6.64	0
128	2019-04-18	6.64	6.64	6.64	6.64	100
129	2019-04-19	6.1	6.1	6.1	6.1	100
130	2019-04-22	6.72	6.72	6.72	6.72	400
131	2019-04-23	6.18	6.18	5.88	5.88	700
132	2019-04-24	5.95	5.88	5.88	5.88	0
133	2019-04-25	5.95	5.88	5.88	5.88	0
134	2019-04-26	5.95	5.88	5.88	5.88	0
135	2019-05-02	5.95	5.88	5.88	5.88	0
136	2019-05-03	5.95	5.88	5.88	5.88	0
137	2019-05-06	5.95	5.88	5.88	5.88	0
138	2019-05-07	5.95	5.88	5.88	5.88	0
139	2019-05-08	6.03	6.03	6.03	6.03	400
140	2019-05-09	6.03	6.03	6.03	6.03	0
141	2019-05-10	6.1	6.1	6.1	6.1	200
142	2019-05-13	6.03	6.03	6.03	6.03	100
143	2019-05-14	6.03	6.03	6.03	6.03	0
144	2019-05-15	6.03	6.03	6.03	6.03	100
145	2019-05-16	5.49	5.49	5.49	5.49	300
146	2019-05-17	5.65	5.65	5.65	5.65	600
147	2019-05-20	5.72	5.88	5.72	5.88	1100
148	2019-05-21	5.8	5.88	5.88	5.88	0
149	2019-05-22	5.8	5.88	5.88	5.88	0
150	2019-05-23	5.79	6.28	6.28	6.28	0
151	2019-05-24	5.79	6.28	6.28	6.28	0
152	2019-05-27	5.79	6.28	6.28	6.28	0
153	2019-05-28	5.79	6.28	6.28	6.28	0
154	2019-05-29	5.79	6.28	6.28	6.28	0
155	2019-05-30	5.54	5.54	5.38	5.38	1000
156	2019-05-31	5.38	5.54	5.38	5.46	4900
157	2019-06-03	5.62	5.62	5.62	5.62	1000
158	2019-06-04	5.71	6.44	5.71	6.44	1100
159	2019-06-05	6.36	6.44	6.36	6.44	300
160	2019-06-06	6.44	6.44	6.44	6.44	0
161	2019-06-07	6.52	6.52	6.52	6.52	100
162	2019-06-10	6.52	6.52	6.52	6.52	200
163	2019-06-11	6.52	6.52	6.52	6.52	0
164	2019-06-12	6.52	6.52	6.52	6.52	0
165	2019-06-13	6.52	6.52	6.52	6.52	0
166	2019-06-14	6.52	6.52	6.52	6.52	0
167	2019-06-17	6.52	6.52	6.52	6.52	0
168	2019-06-18	6.52	6.52	6.52	6.52	0
169	2019-06-19	6.52	6.52	6.52	6.52	0
170	2019-06-20	6.52	6.52	6.52	6.52	0
171	2019-06-21	6.52	6.52	6.52	6.52	0
172	2019-06-24	6.52	6.52	6.52	6.52	0
173	2019-06-25	6.36	6.36	6.36	6.36	519
174	2019-06-26	6.85	6.85	6.85	6.85	500
175	2019-06-27	6.85	6.85	6.85	6.85	0
176	2019-06-28	6.52	6.85	6.52	6.85	1100
177	2019-07-01	6.68	6.85	6.85	6.85	0
178	2019-07-02	6.68	6.85	6.85	6.85	0
179	2019-07-03	6.6	6.6	6.6	6.6	300
180	2019-07-04	6.6	6.6	6.6	6.6	0
181	2019-07-05	6.6	6.6	6.6	6.6	0
182	2019-07-08	5.79	5.79	5.79	5.79	2000
183	2019-07-09	5.79	5.79	5.79	5.79	0
184	2019-07-10	5.79	5.79	5.79	5.79	0
185	2019-07-11	6.52	6.52	6.52	6.52	800
186	2019-07-12	6.52	6.52	6.52	6.52	0
187	2019-07-15	6.11	6.11	5.79	5.79	200
188	2019-07-16	6.44	6.44	6.44	6.44	1300
189	2019-07-17	6.44	6.44	6.44	6.44	0
190	2019-07-18	6.44	6.44	6.44	6.44	0
191	2019-07-19	6.03	6.03	6.03	6.03	6300
192	2019-07-22	6.03	6.03	6.03	6.03	0
193	2019-07-23	6.03	6.03	6.03	6.03	0
194	2019-07-24	6.03	6.03	6.03	6.03	0
195	2019-07-25	6.03	6.03	6.03	6.03	0
196	2019-07-26	6.03	6.03	6.03	6.03	0
197	2019-07-29	6.03	6.03	6.03	6.03	0
198	2019-07-30	6.03	6.03	6.03	6.03	0
199	2019-07-31	6.03	6.03	6.03	6.03	0
200	2019-08-01	6.03	6.03	6.03	6.03	0
201	2019-08-02	5.79	5.79	5.71	5.71	400
202	2019-08-05	5.79	5.79	5.79	5.79	400
203	2019-08-06	5.79	5.79	5.79	5.79	300
204	2019-08-07	5.79	5.79	5.79	5.79	0
205	2019-08-08	5.79	5.79	5.79	5.79	300
206	2019-08-09	5.87	5.87	5.87	5.87	1900
207	2019-08-12	5.87	5.87	5.87	5.87	0
208	2019-08-13	5.87	5.87	5.79	5.87	700
209	2019-08-14	5.87	5.87	5.87	5.87	0
210	2019-08-15	5.87	5.87	5.87	5.87	0
211	2019-08-16	5.87	5.87	5.87	5.87	0
212	2019-08-19	5.79	5.79	5.79	5.79	700
213	2019-08-20	5.79	5.79	5.79	5.79	0
214	2019-08-21	5.79	5.79	5.79	5.79	0
215	2019-08-22	5.79	5.79	5.79	5.79	0
216	2019-08-23	5.79	5.87	5.71	5.87	8000
217	2019-08-26	5.79	5.87	5.87	5.87	0
218	2019-08-27	5.79	5.79	5.79	5.79	100
219	2019-08-28	5.79	5.79	5.79	5.79	0
220	2019-08-29	5.79	5.79	5.79	5.79	100
221	2019-08-30	5.79	5.79	5.79	5.79	1237
222	2019-09-03	5.79	5.79	5.79	5.79	0
223	2019-09-04	5.79	5.79	5.79	5.79	0
224	2019-09-05	5.79	5.79	5.79	5.79	0
225	2019-09-06	5.22	5.71	4.97	5.71	1500
226	2019-09-09	5.46	5.71	5.71	5.71	0
227	2019-09-10	5.46	5.71	5.71	5.71	0
228	2019-09-11	5.54	5.54	5.54	5.54	100
229	2019-09-12	5.54	5.54	5.54	5.54	337
230	2019-09-13	5.54	5.54	5.54	5.54	0
231	2019-09-16	5.54	5.54	5.54	5.54	0
232	2019-09-17	5.54	5.54	5.54	5.54	0
233	2019-09-18	5.54	5.54	5.54	5.54	0
234	2019-09-19	5.54	5.54	5.54	5.54	0
235	2019-09-20	5.54	5.54	5.54	5.54	0
236	2019-09-23	5.54	5.54	5.54	5.54	0
237	2019-09-24	5.54	5.54	5.54	5.54	0
238	2019-09-25	6.28	6.36	6.28	6.36	200
239	2019-09-26	6.36	6.36	6.36	6.36	0
240	2019-09-27	6.36	6.36	6.36	6.36	0
241	2019-09-30	6.36	6.36	6.36	6.36	0
242	2019-10-01	6.36	6.36	6.36	6.36	0
243	2019-10-02	6.36	6.36	6.36	6.36	0
244	2019-10-03	6.36	6.36	6.36	6.36	0
245	2019-10-04	6.36	6.36	6.36	6.36	0
246	2019-10-07	6.36	6.36	6.36	6.36	0
247	2019-10-08	6.36	6.36	6.36	6.36	0
248	2019-10-09	6.36	6.36	6.36	6.36	0
249	2019-10-10	6.36	6.36	6.36	6.36	0
250	2019-10-11	6.36	6.36	6.36	6.36	0
251	2019-10-14	6.36	6.36	6.36	6.36	0
252	2019-10-15	6.36	6.36	6.36	6.36	0
253	2019-10-16	6.36	6.36	6.36	6.36	0
254	2019-10-17	6.36	6.36	6.36	6.36	0
255	2019-10-18	6.36	6.36	6.36	6.36	0
256	2019-10-21	5.95	5.95	5.95	5.95	100
257	2019-10-22	5.3	5.3	5.3	5.3	120
258	2019-10-23	5.3	5.3	5.3	5.3	0
259	2019-10-24	5.3	5.3	5.3	5.3	0
260	2019-10-25	5.3	5.3	5.3	5.3	0
261	2019-10-28	5.05	5.38	5.05	5.38	500
262	2019-10-29	5.38	5.38	5.38	5.38	100
263	2019-10-30	5.38	5.38	5.38	5.38	0
264	2019-10-31	5.38	5.38	5.38	5.38	0
265	2019-11-01	5.71	5.71	5.3	5.3	1600
266	2019-11-04	5.3	5.3	5.3	5.3	0
267	2019-11-05	5.3	5.3	5.3	5.3	0
268	2019-11-06	5.3	5.3	5.3	5.3	0
269	2019-11-07	5.3	5.3	5.3	5.3	0
270	2019-11-08	5.3	5.3	5.3	5.3	0
271	2019-11-11	5.3	5.3	5.3	5.3	0
272	2019-11-12	5.3	5.3	5.3	5.3	0
273	2019-11-13	5.3	5.3	5.3	5.3	0
274	2019-11-14	5.3	5.3	5.3	5.3	0
275	2019-11-15	5.3	5.3	5.3	5.3	0
276	2019-11-18	5.3	5.3	5.3	5.3	0
277	2019-11-19	5.3	5.3	5.3	5.3	0
278	2019-11-20	5.3	5.3	5.3	5.3	0
279	2019-11-21	5.05	5.05	5.05	5.05	1000
280	2019-11-22	5.13	5.13	5.13	5.13	5000
281	2019-11-25	5.13	5.13	5.13	5.13	0
282	2019-11-26	5.13	5.13	5.13	5.13	0
283	2019-11-27	5.13	5.13	5.13	5.13	0
284	2019-11-28	5.13	5.13	5.13	5.13	0
285	2019-11-29	5.13	5.13	5.13	5.13	0
286	2019-12-02	5.13	5.13	5.13	5.13	0
287	2019-12-03	5.13	5.13	5.13	5.13	0
288	2019-12-04	5.13	5.13	5.13	5.13	0
289	2019-12-05	5.13	5.13	5.13	5.13	0
290	2019-12-06	5.13	5.13	5.13	5.13	0
291	2019-12-09	4.48	5.05	4.48	5.05	600
292	2019-12-10	4.97	5.05	5.05	5.05	0
293	2019-12-11	5.3	5.3	5.3	5.3	200
294	2019-12-12	5.3	5.3	5.3	5.3	0
295	2019-12-13	5.3	5.3	5.3	5.3	0
296	2019-12-16	5.3	5.3	5.3	5.3	0
297	2019-12-17	5.3	5.3	5.3	5.3	0
298	2019-12-18	5.3	5.3	5.3	5.3	0
299	2019-12-19	5.3	5.3	5.3	5.3	0
300	2019-12-20	5.3	5.3	5.3	5.3	0
301	2019-12-23	5.3	5.3	5.3	5.3	0
302	2019-12-24	5.3	5.3	5.3	5.3	0
303	2019-12-25	5.3	5.3	5.3	5.3	0
304	2019-12-26	5.3	5.3	5.3	5.3	0
305	2019-12-27	5.3	5.3	5.3	5.3	0
306	2019-12-30	5.3	5.3	5.3	5.3	0
307	2019-12-31	5.3	5.3	5.3	5.3	0
308	2020-01-02	4.97	5.3	4.97	5.3	900
309	2020-01-03	5.22	5.3	5.3	5.3	0
310	2020-01-06	5.22	5.3	5.3	5.3	0
311	2020-01-07	5.22	5.3	5.3	5.3	0
312	2020-01-08	5.22	5.3	5.3	5.3	0
313	2020-01-09	5.22	5.3	5.3	5.3	0
314	2020-01-10	5.22	5.3	5.3	5.3	0
315	2020-01-13	5.22	5.3	5.3	5.3	0
316	2020-01-14	5.22	5.3	5.3	5.3	0
317	2020-01-15	5.22	5.3	5.3	5.3	0
318	2020-01-16	5.22	5.3	5.3	5.3	0
319	2020-01-17	5.22	5.3	5.3	5.3	0
320	2020-01-20	5.22	5.3	5.3	5.3	0
321	2020-01-21	4.56	4.56	4.56	4.56	100
322	2020-01-22	4.56	4.56	4.56	4.56	0
323	2020-01-30	4.56	4.56	4.56	4.56	0
324	2020-01-31	5.22	5.22	5.22	5.22	100
325	2020-02-03	5.22	5.22	5.22	5.22	0
326	2020-02-04	5.22	5.22	5.22	5.22	0
327	2020-02-05	5.22	5.22	5.22	5.22	0
328	2020-02-06	5.22	5.22	5.22	5.22	0
329	2020-02-07	5.22	5.22	5.22	5.22	0
330	2020-02-10	5.22	5.22	5.22	5.22	0
331	2020-02-11	5.22	5.22	5.22	5.22	0
332	2020-02-12	5.05	5.79	5.05	5.79	1300
333	2020-02-13	5.46	5.79	5.79	5.79	0
334	2020-02-14	5.46	5.79	5.79	5.79	0
335	2020-02-17	5.46	5.79	5.79	5.79	0
336	2020-02-18	6.11	6.11	6.11	6.11	3000
337	2020-02-19	6.11	6.11	6.11	6.11	0
338	2020-02-20	6.11	6.11	6.11	6.11	0
339	2020-02-21	6.11	6.11	6.11	6.11	0
340	2020-02-24	6.11	6.11	6.11	6.11	0
341	2020-02-25	6.11	6.11	6.11	6.11	0
342	2020-02-26	6.11	6.11	6.11	6.11	0
343	2020-02-27	6.11	6.11	6.11	6.11	0
344	2020-02-28	6.36	6.36	6.36	6.36	100
345	2020-03-02	5.46	5.46	5.46	5.46	4300
346	2020-03-03	5.62	5.62	5.54	5.54	1500
347	2020-03-04	5.62	5.54	5.54	5.54	0
348	2020-03-05	5.62	5.62	5.62	5.62	1000
349	2020-03-06	5.62	5.62	5.62	5.62	0
350	2020-03-09	5.62	5.62	5.62	5.62	0
351	2020-03-10	4.97	4.97	4.97	4.97	1000
352	2020-03-11	4.97	4.97	4.97	4.97	0
353	2020-03-12	4.65	4.65	4.65	4.65	700
354	2020-03-13	4.65	4.65	4.65	4.65	100
355	2020-03-16	4.65	4.65	4.65	4.65	0
356	2020-03-17	4.65	4.65	4.65	4.65	0
357	2020-03-18	4.65	4.65	4.65	4.65	0
358	2020-03-19	4.65	4.65	4.65	4.65	0
359	2020-03-20	4.65	4.65	4.65	4.65	0
360	2020-03-23	4.65	4.65	4.65	4.65	0
361	2020-03-24	5.22	5.22	5.22	5.22	100
362	2020-03-25	5.22	5.22	5.22	5.22	0
363	2020-03-26	5.22	5.22	5.22	5.22	0
364	2020-03-27	5.22	5.22	5.22	5.22	0
365	2020-03-30	5.22	5.22	5.22	5.22	0
366	2020-03-31	5.22	5.22	5.22	5.22	0
367	2020-04-01	5.22	5.22	5.22	5.22	0
368	2020-04-03	5.22	5.22	5.22	5.22	0
369	2020-04-06	5.22	5.22	5.22	5.22	0
370	2020-04-07	5.22	5.22	5.22	5.22	0
371	2020-04-08	5.22	5.22	5.22	5.22	0
372	2020-04-09	5.22	5.22	5.22	5.22	0
373	2020-04-10	5.22	5.22	5.22	5.22	0
374	2020-04-13	5.22	5.22	5.22	5.22	0
375	2020-04-14	4.48	4.48	4.48	4.48	100
376	2020-04-15	4.48	4.48	4.48	4.48	0
377	2020-04-16	4.48	4.48	4.48	4.48	0
378	2020-04-17	5.13	5.13	5.13	5.13	600
379	2020-04-20	5.13	5.13	5.13	5.13	0
380	2020-04-21	5.13	5.13	5.13	5.13	0
381	2020-04-22	5.13	5.13	5.13	5.13	0
382	2020-04-23	5.13	5.13	5.13	5.13	0
383	2020-04-24	5.13	5.13	5.13	5.13	0
384	2020-04-27	5.13	5.13	5.13	5.13	0
385	2020-04-28	5.13	5.13	5.13	5.13	0
386	2020-04-29	5.13	5.13	5.13	5.13	0
387	2020-05-04	5.13	5.13	5.13	5.13	0
388	2020-05-05	5.13	5.13	5.13	5.13	0
389	2020-05-06	5.13	5.13	5.13	5.13	0
390	2020-05-07	5.13	5.13	5.13	5.13	0
391	2020-05-08	5.13	5.13	5.13	5.13	0
392	2020-05-11	5.13	5.13	5.13	5.13	0
393	2020-05-12	5.13	5.13	5.13	5.13	0
394	2020-05-13	5.13	5.13	5.13	5.13	0
395	2020-05-14	4.81	4.81	4.81	4.81	600
396	2020-05-15	4.81	4.81	4.81	4.81	0
397	2020-05-18	4.81	4.81	4.81	4.81	0
398	2020-05-19	4.81	4.81	4.81	4.81	0
399	2020-05-20	4.81	4.81	4.81	4.81	10
400	2020-05-21	4.81	4.81	4.81	4.81	0
401	2020-05-22	4.81	4.81	4.81	4.81	0
402	2020-05-25	4.81	4.81	4.81	4.81	0
403	2020-05-26	4.81	4.81	4.81	4.81	0
404	2020-05-27	4.81	4.81	4.81	4.81	0
405	2020-05-28	4.81	4.81	4.81	4.81	0
406	2020-05-29	4.81	4.81	4.81	4.81	0
407	2020-06-01	4.81	4.81	4.81	4.81	0
408	2020-06-02	4.89	4.89	4.89	4.89	800
409	2020-06-03	4.89	4.89	4.89	4.89	0
410	2020-06-04	4.89	4.89	4.89	4.89	0
411	2020-06-05	4.89	4.89	4.89	4.89	0
412	2020-06-08	4.89	4.89	4.89	4.89	0
413	2020-06-09	4.89	4.89	4.89	4.89	10
414	2020-06-10	4.89	4.89	4.89	4.89	0
415	2020-06-11	4.56	4.56	4.48	4.48	516
416	2020-06-12	4.48	4.48	4.48	4.48	0
417	2020-06-15	4.48	4.48	4.48	4.48	0
418	2020-06-16	4.48	4.48	4.48	4.48	0
419	2020-06-17	4.48	4.48	4.48	4.48	0
420	2020-06-18	5.05	5.05	5.05	5.05	200
421	2020-06-19	5.05	5.05	5.05	5.05	0
422	2020-06-22	5.05	5.05	5.05	5.05	0
423	2020-06-23	5.05	5.05	5.05	5.05	0
424	2020-06-24	5.05	5.05	5.05	5.05	0
425	2020-06-25	5.05	5.05	5.05	5.05	0
426	2020-06-26	5.05	5.05	5.05	5.05	0
427	2020-06-29	5.05	5.05	5.05	5.05	0
428	2020-06-30	5.05	5.05	5.05	5.05	0
429	2020-07-01	5.05	5.05	5.05	5.05	0
430	2020-07-02	5.05	5.05	5.05	5.05	0
431	2020-07-03	5.05	5.05	5.05	5.05	0
432	2020-07-06	5.05	5.05	5.05	5.05	0
433	2020-07-07	5.05	5.05	5.05	5.05	0
434	2020-07-08	5.05	5.05	5.05	5.05	0
435	2020-07-09	5.05	5.05	5.05	5.05	0
436	2020-07-10	5.05	5.05	5.05	5.05	0
437	2020-07-13	5.05	5.05	5.05	5.05	0
438	2020-07-14	5.05	5.05	5.05	5.05	0
439	2020-07-15	5.05	5.05	5.05	5.05	0
440	2020-07-16	5.05	5.05	5.05	5.05	0
441	2020-07-17	5.05	5.05	5.05	5.05	0
442	2020-07-20	5.06	5.51	5.51	5.51	0
443	2020-07-21	5.06	5.51	5.51	5.51	0
444	2020-07-22	4.97	4.97	4.89	4.89	1100
445	2020-07-23	4.97	4.89	4.89	4.89	0
446	2020-07-24	5.06	5.06	5.06	5.06	1600
447	2020-07-27	5.06	5.06	5.06	5.06	0
448	2020-07-28	5.06	5.06	5.06	5.06	0
449	2020-07-29	5.06	5.06	5.06	5.06	0
450	2020-07-30	5.06	5.06	5.06	5.06	0
451	2020-07-31	5.06	5.06	5.06	5.06	0
452	2020-08-03	5.06	5.06	5.06	5.06	0
453	2020-08-04	5.06	5.06	5.06	5.06	0
454	2020-08-05	5.06	5.06	5.06	5.06	0
455	2020-08-06	5.33	5.33	5.33	5.33	5000
456	2020-08-07	5.33	5.33	5.33	5.33	0
457	2020-08-10	5.42	5.42	5.42	5.42	100
458	2020-08-11	5.42	5.42	5.42	5.42	0
459	2020-08-12	4.89	4.89	4.89	4.89	400
460	2020-08-13	4.89	4.89	4.89	4.89	0
461	2020-08-14	4.89	4.89	4.89	4.89	0
462	2020-08-17	4.89	4.89	4.89	4.89	0
463	2020-08-18	4.89	4.89	4.89	4.89	0
464	2020-08-19	4.89	4.89	4.89	4.89	0
465	2020-08-20	4.89	4.89	4.89	4.89	0
466	2020-08-21	4.89	4.89	4.89	4.89	0
467	2020-08-24	4.89	4.89	4.89	4.89	0
468	2020-08-25	4.89	4.89	4.89	4.89	0
469	2020-08-26	4.89	4.89	4.89	4.89	0
470	2020-08-27	4.89	4.89	4.89	4.89	0
471	2020-08-28	4.89	4.89	4.89	4.89	0
472	2020-08-31	4.89	4.89	4.89	4.89	0
473	2020-09-01	4.89	4.89	4.89	4.89	0
474	2020-09-03	4.89	4.89	4.89	4.89	0
475	2020-09-04	4.89	4.89	4.89	4.89	0
476	2020-09-07	4.89	4.89	4.89	4.89	0
477	2020-09-08	4.89	4.89	4.89	4.89	0
478	2020-09-09	4.89	4.89	4.89	4.89	0
479	2020-09-10	4.89	4.89	4.89	4.89	0
480	2020-09-11	4.89	4.89	4.89	4.89	0
481	2020-09-14	4.89	4.89	4.89	4.89	0
482	2020-09-15	4.89	4.89	4.89	4.89	0
483	2020-09-16	4.89	4.89	4.89	4.89	0
484	2020-09-17	4.89	4.89	4.89	4.89	0
485	2020-09-18	4.89	4.89	4.89	4.89	0
486	2020-09-21	4.89	4.89	4.89	4.89	0
487	2020-09-22	4.89	4.89	4.89	4.89	0
488	2020-09-23	4.89	4.89	4.89	4.89	0
489	2020-09-24	4.89	4.89	4.89	4.89	0
490	2020-09-25	4.89	4.89	4.89	4.89	0
491	2020-09-28	4.89	4.89	4.89	4.89	0
492	2020-09-29	4.89	4.89	4.89	4.89	0
493	2020-09-30	4.89	4.89	4.89	4.89	0
494	2020-10-01	4.89	4.89	4.89	4.89	0
495	2020-10-02	4.89	4.89	4.89	4.89	0
496	2020-10-05	4.89	4.89	4.89	4.89	0
497	2020-10-06	4.89	4.89	4.89	4.89	0
498	2020-10-07	4.89	4.89	4.89	4.89	0
499	2020-10-08	4.89	4.89	4.89	4.89	0
500	2020-10-09	4.89	4.89	4.89	4.89	0
501	2020-10-12	4.89	4.89	4.89	4.89	0
502	2020-10-13	4.89	4.89	4.89	4.89	0
503	2020-10-14	4.89	4.89	4.89	4.89	0
504	2020-10-15	4.89	4.89	4.89	4.89	0
505	2020-10-16	4.89	4.89	4.89	4.89	0
506	2020-10-19	4.89	4.89	4.89	4.89	0
507	2020-10-20	4.89	4.89	4.89	4.89	0
508	2020-10-21	4.89	4.89	4.89	4.89	0
509	2020-10-22	4.89	4.89	4.89	4.89	0
510	2020-10-23	4.89	4.89	4.89	4.89	0
511	2020-10-26	4.89	4.89	4.89	4.89	0
512	2020-10-27	4.89	4.89	4.89	4.89	0
513	2020-10-28	4.89	4.89	4.89	4.89	0
514	2020-10-29	4.89	4.89	4.89	4.89	0
515	2020-10-30	4.89	4.89	4.89	4.89	0
516	2020-11-02	4.89	4.89	4.89	4.89	0
517	2020-11-03	4.89	4.89	4.89	4.89	0
518	2020-11-04	4.89	4.89	4.89	4.89	0
519	2020-11-05	3.02	3.02	3.02	3.02	100
520	2020-11-06	3.02	3.02	3.02	3.02	0
521	2020-11-09	3.02	3.02	3.02	3.02	0
522	2020-11-10	3.02	3.02	3.02	3.02	0
523	2020-11-11	3.46	3.46	3.46	3.46	100
524	2020-11-12	3.91	3.91	3.91	3.91	100
525	2020-11-13	4.44	4.44	4.44	4.44	100
526	2020-11-16	5.06	5.06	5.06	5.06	1400
527	2020-11-17	4.35	4.35	4.35	4.35	100
528	2020-11-18	4.97	4.97	4.97	4.97	500
529	2020-11-19	5.68	5.68	5.68	5.68	100
530	2020-11-20	5.77	5.77	5.77	5.77	100
531	2020-11-23	5.77	5.77	5.77	5.77	0
532	2020-11-24	5.77	5.77	5.77	5.77	0
533	2020-11-25	5.77	5.77	5.77	5.77	0
534	2020-11-26	5.77	5.77	5.77	5.77	0
535	2020-11-27	5.77	5.77	5.77	5.77	0
536	2020-11-30	5.33	5.33	5.33	5.33	1000
537	2020-12-01	5.33	5.33	5.33	5.33	0
538	2020-12-02	5.33	5.33	5.33	5.33	0
539	2020-12-03	4.62	4.71	4.53	4.71	2400
540	2020-12-04	4.53	4.71	4.71	4.71	0
541	2020-12-07	4.09	5.15	4.09	5.15	1500
542	2020-12-08	5.06	5.06	4.44	5.06	2100
543	2020-12-09	4.53	4.53	4.53	4.53	500
544	2020-12-10	4.53	4.53	4.53	4.53	0
545	2020-12-11	4.17	5.15	4.17	5.15	1300
546	2020-12-14	4.44	5.15	5.15	5.15	0
547	2020-12-15	4.44	5.15	5.15	5.15	0
548	2020-12-16	4.44	5.15	5.15	5.15	0
549	2020-12-17	4.44	5.15	5.15	5.15	0
550	2020-12-18	4.44	5.15	5.15	5.15	0
551	2020-12-21	4.44	4.44	4.44	5.15	10
552	2020-12-22	5.06	5.06	5.06	5.06	1000
553	2020-12-23	5.06	5.06	5.06	5.06	0
554	2020-12-24	5.06	5.06	5.06	5.06	0
555	2020-12-25	5.06	5.06	5.06	5.06	0
556	2020-12-28	5.77	5.77	5.77	5.77	100
557	2020-12-29	6.57	6.57	6.57	6.57	700
558	2020-12-30	7.55	7.55	7.55	7.55	100
559	2020-12-31	7.55	7.55	7.55	7.55	500
560	2021-01-04	8.17	8.17	8.17	8.17	900
561	2021-01-05	8.44	8.88	7.11	7.11	12200
562	2021-01-06	8.88	8.88	8.88	8.88	500
563	2021-01-07	9.68	9.68	7.64	7.64	16108
564	2021-01-08	7.19	8.79	7.19	8.79	30400
565	2021-01-11	8.79	8.79	8.79	8.79	14200
566	2021-01-12	8.88	8.88	7.73	7.73	1600
567	2021-01-13	8.88	8.88	8.88	8.88	9600
568	2021-01-14	8.88	8.88	8.88	8.88	100
569	2021-01-15	7.64	7.64	7.64	7.64	200
570	2021-01-18	8.7	8.7	8.7	8.7	200
571	2021-01-19	7.64	8.7	7.64	8.7	500
572	2021-01-20	7.99	7.99	7.99	7.99	3800
573	2021-01-21	7.99	7.99	7.99	7.99	0
574	2021-01-22	7.99	7.99	7.99	6.93	100
575	2021-01-25	7.9	7.9	6.04	6.04	1900
576	2021-01-26	7.02	6.04	6.04	6.04	0
577	2021-01-27	6.22	7.99	6.22	7.99	600
578	2021-01-28	6.4	6.4	6.4	6.4	500
579	2021-01-29	6.31	6.31	6.31	6.31	100
580	2021-02-01	7.19	7.19	5.51	5.51	200
581	2021-02-02	6.4	5.51	5.51	5.51	0
582	2021-02-03	6.4	5.51	5.51	5.51	0
583	2021-02-04	6.4	5.51	5.51	5.51	0
584	2021-02-05	6.4	5.51	5.51	5.51	0
585	2021-02-08	6.4	5.51	5.51	5.51	0
586	2021-02-09	6.4	5.51	5.51	5.51	0
587	2021-02-17	6.4	6.4	6.4	6.4	0
588	2021-02-18	6.4	5.51	5.51	5.51	0
589	2021-02-19	6.4	5.51	5.51	5.51	0
590	2021-02-22	6.4	5.51	5.51	5.51	0
591	2021-02-23	6.4	5.51	5.51	5.51	0
592	2021-02-24	6.4	5.51	5.51	5.51	0
593	2021-02-25	6.4	5.51	5.51	5.51	0
594	2021-02-26	6.4	5.51	5.51	5.51	0
595	2021-03-01	6.4	5.51	5.51	5.51	0
596	2021-03-02	6.4	5.51	5.51	5.51	0
597	2021-03-03	6.4	5.51	5.51	5.51	0
598	2021-03-04	6.4	5.51	5.51	5.51	0
599	2021-03-05	6.4	5.51	5.51	5.51	0
600	2021-03-08	6.4	5.51	5.51	5.51	0
601	2021-03-09	6.4	5.51	5.51	5.51	0
602	2021-03-10	6.4	5.51	5.51	5.51	0
603	2021-03-11	6.4	5.51	5.51	5.51	0
604	2021-03-12	6.4	5.51	5.51	5.51	0
605	2021-03-15	6.4	5.51	5.51	5.51	0
606	2021-03-16	7.28	7.28	7.28	7.28	500
607	2021-03-17	7.28	7.28	7.28	7.28	1
608	2021-03-18	8.35	8.35	8.35	8.35	621
609	2021-03-19	7.19	9.59	7.19	9.59	7100
610	2021-03-22	7.73	9.59	9.59	9.59	0
611	2021-03-23	6.66	6.66	6.66	6.66	700
612	2021-03-24	6.66	6.66	6.66	6.66	0
613	2021-03-25	6.66	6.66	6.66	6.66	0
614	2021-03-26	6.66	6.66	6.66	6.66	0
615	2021-03-29	6.66	6.66	6.66	6.66	0
616	2021-03-30	6.66	6.66	6.66	6.66	0
617	2021-03-31	6.66	6.66	6.66	6.66	0
618	2021-04-01	6.66	6.66	6.66	6.66	0
619	2021-04-02	6.66	6.66	6.66	6.66	0
620	2021-04-05	6.66	6.66	6.66	6.66	0
621	2021-04-06	6.66	6.66	6.66	6.66	0
622	2021-04-07	6.66	6.66	6.66	6.66	0
623	2021-04-08	6.66	6.66	6.66	6.66	0
624	2021-04-09	6.66	6.66	6.66	6.66	0
625	2021-04-12	7.64	7.64	7.64	7.64	100
626	2021-04-13	7.64	7.64	7.64	7.64	0
627	2021-04-14	7.64	7.64	7.64	7.64	0
628	2021-04-15	8.7	8.7	7.73	7.73	200
629	2021-04-16	7.73	7.73	7.73	7.73	300
630	2021-04-19	7.73	7.73	7.73	7.73	0
631	2021-04-20	7.73	7.73	7.73	7.73	0
632	2021-04-22	7.73	7.73	7.73	7.73	0
633	2021-04-23	7.73	7.73	7.73	7.73	0
634	2021-04-26	7.73	7.73	7.73	7.73	0
635	2021-04-27	7.73	7.73	7.73	7.73	0
636	2021-04-28	7.73	7.73	7.73	7.73	0
637	2021-04-29	7.73	7.73	7.73	7.73	0
638	2021-05-04	7.73	7.73	7.73	7.73	0
639	2021-05-05	7.73	7.73	7.73	7.73	0
640	2021-05-06	7.73	7.73	7.73	7.73	0
641	2021-05-07	7.73	7.73	7.73	7.73	0
642	2021-05-10	7.73	7.73	7.73	7.73	0
643	2021-05-11	7.73	7.73	7.73	7.73	0
644	2021-05-12	7.73	7.73	7.73	7.73	0
645	2021-05-13	7.73	7.73	7.73	7.73	0
646	2021-05-14	7.73	7.73	7.73	7.73	0
647	2021-05-17	7.73	7.73	7.73	7.73	0
648	2021-05-18	7.73	7.73	7.73	7.73	0
649	2021-05-19	7.73	7.73	7.73	7.73	0
650	2021-05-20	7.73	7.73	7.73	7.73	0
651	2021-05-21	7.73	7.73	7.73	7.73	0
652	2021-05-24	7.73	7.73	7.73	7.73	0
653	2021-05-25	7.73	7.73	7.73	7.73	0
654	2021-05-26	7.73	7.73	7.73	7.73	0
655	2021-05-27	7.99	7.99	7.99	7.99	100
656	2021-05-28	7.99	7.99	7.99	7.99	0
657	2021-05-31	7.99	7.99	7.99	7.99	0
658	2021-06-01	8.88	8.88	8.88	8.88	600
659	2021-06-02	9.77	9.77	9.77	9.77	100
660	2021-06-03	9.77	9.77	9.77	9.77	0
661	2021-06-04	9.77	9.77	9.77	9.77	0
662	2021-06-07	10.66	11.19	10.66	11.19	4632
663	2021-06-08	12.7	12.7	12.7	12.7	1300
664	2021-06-09	14.57	14.57	14.57	14.57	100
665	2021-06-10	15.99	16.7	12.43	16.7	72395
666	2021-06-11	18.74	18.74	14.21	18.74	16000
667	2021-06-14	14.66	19.81	14.66	14.66	32500
668	2021-06-15	14.12	18.92	14.12	16.88	21700
669	2021-06-16	20.34	20.52	18.65	18.65	9731
670	2021-06-17	16.61	21.32	16.61	16.61	1500
671	2021-06-18	16.43	16.43	16.43	16.43	400
672	2021-06-21	14.03	14.03	14.03	14.03	200
673	2021-06-22	12.08	12.08	12.08	12.08	300
674	2021-06-23	12.08	12.08	11.99	11.99	400
675	2021-06-24	13.32	13.32	13.32	13.32	400
676	2021-06-25	14.39	14.39	14.39	14.39	100
677	2021-06-28	13.32	16.08	13.32	16.08	600
678	2021-06-29	13.41	15.63	12.26	15.54	11400
679	2021-06-30	15.1	15.1	11.46	11.46	5100
680	2021-07-01	13.23	13.32	13.23	13.32	1100
681	2021-07-02	13.77	13.77	13.77	13.77	100
682	2021-07-05	13.77	13.77	13.77	13.77	0
683	2021-07-06	13.77	13.77	13.77	13.77	0
684	2021-07-07	13.77	13.77	13.77	13.77	0
685	2021-07-08	13.51	13.51	13.51	13.51	1500
686	2021-07-09	13.51	13.51	13.51	13.51	0
687	2021-07-12	13.51	13.51	13.51	13.51	0
688	2021-07-13	13.51	13.51	13.51	13.51	0
689	2021-07-14	13.51	13.51	13.51	13.51	0
690	2021-07-15	13.51	13.51	13.51	13.51	0
691	2021-07-16	13.51	13.51	13.51	13.51	0
692	2021-07-19	13.51	13.51	13.51	13.51	0
693	2021-07-20	11.79	11.79	11.79	11.79	100
694	2021-07-21	10.88	12.97	10.88	12.97	200
695	2021-07-22	11.97	12.97	12.97	12.97	0
696	2021-07-23	12.88	12.88	10.34	10.34	2200
697	2021-07-26	13.15	13.15	10.07	10.07	1703
698	2021-07-27	11.88	11.88	11.88	11.88	200
699	2021-07-28	11.88	11.88	11.88	11.88	0
700	2021-07-29	10.25	10.25	10.16	10.16	1100
701	2021-07-30	10.16	10.16	10.16	10.16	0
702	2021-08-02	10.16	10.16	10.16	10.16	0
703	2021-08-03	10.16	10.16	10.16	10.16	0
704	2021-08-04	10.88	10.88	10.88	10.88	100
705	2021-08-05	10.88	10.88	10.88	10.88	0
706	2021-08-06	10.88	10.88	10.88	10.88	0
707	2021-08-09	10.88	10.88	10.88	10.88	0
708	2021-08-10	10.88	10.88	10.88	10.88	0
709	2021-08-11	10.88	10.88	10.88	10.88	0
710	2021-08-12	11.25	11.25	11.25	11.25	300
711	2021-08-13	11.15	11.15	11.15	11.15	100
712	2021-08-16	11.15	11.15	11.15	11.15	0
713	2021-08-17	11.15	11.15	11.15	11.15	0
714	2021-08-18	11.15	11.15	11.15	11.15	0
715	2021-08-19	11.15	11.15	11.15	11.15	0
716	2021-08-20	11.15	11.15	11.15	11.15	0
717	2021-08-23	11.15	11.15	11.15	11.15	0
718	2021-08-24	11.15	11.15	11.15	11.15	0
719	2021-08-25	11.15	11.15	11.15	11.15	0
720	2021-08-26	11.15	11.15	11.15	11.15	0
721	2021-08-27	11.15	11.15	11.15	11.15	0
722	2021-08-30	11.15	11.15	11.15	11.15	0
723	2021-08-31	11.15	11.15	11.15	11.15	0
724	2021-09-01	11.06	11.06	11.06	11.06	202
725	2021-09-06	11.06	11.06	11.06	11.06	0
726	2021-09-07	9.52	9.61	9.52	9.61	6200
727	2021-09-08	9.61	9.61	9.61	9.61	0
728	2021-09-09	9.61	9.61	9.61	9.61	0
729	2021-09-10	9.61	9.61	9.61	9.61	0
730	2021-09-13	9.61	9.61	9.61	9.61	1
731	2021-09-14	9.61	9.61	9.61	9.61	0
732	2021-09-15	9.61	9.61	9.61	9.61	0
733	2021-09-16	9.61	9.61	9.61	9.61	0
734	2021-09-17	9.98	9.98	9.98	9.98	103
735	2021-09-20	9.98	9.98	9.98	9.98	0
736	2021-09-21	9.98	9.98	9.98	9.98	0
737	2021-09-22	8.71	8.71	8.71	8.71	1700
738	2021-09-23	8.89	8.89	8.89	8.89	900
739	2021-09-24	8.89	8.89	8.89	8.89	0
740	2021-09-27	8.89	8.89	8.89	8.89	0
741	2021-09-28	8.89	8.89	8.89	8.89	0
742	2021-09-29	8.89	8.89	8.89	8.89	0
743	2021-09-30	8.89	8.89	8.89	8.89	1000
744	2021-10-01	8.89	8.89	8.89	8.89	0
745	2021-10-04	8.89	8.89	8.89	8.89	0
746	2021-10-05	7.71	9.89	7.71	9.79	1400
747	2021-10-06	6.98	8.16	6.98	8.07	3600
748	2021-10-07	7.98	7.98	7.98	7.98	0
749	2021-10-08	7.98	7.98	7.98	7.98	0
750	2021-10-11	7.16	7.16	7.16	7.16	600
751	2021-10-12	7.16	7.16	7.16	7.16	0
752	2021-10-13	7.16	7.16	7.16	7.16	0
753	2021-10-14	6.62	6.62	6.62	6.62	300
754	2021-10-15	7.53	7.53	7.53	7.53	100
755	2021-10-18	8.62	8.62	8.62	8.62	100
756	2021-10-19	9.89	9.89	9.89	9.89	6100
757	2021-10-20	9.89	11.15	9.89	11.15	400
758	2021-10-21	10.79	12.42	10.79	10.88	9000
759	2021-10-22	12.15	12.15	12.15	12.15	100
760	2021-10-25	12.15	12.15	12.15	12.15	100
761	2021-10-26	12.06	13.15	12.06	13.15	300
762	2021-10-27	12.42	12.42	12.42	12.42	0
763	2021-10-28	10.7	14.24	10.7	14.24	4400
764	2021-10-29	12.15	12.15	10.61	10.61	7600
765	2021-11-01	10.97	10.97	10.97	10.97	0
766	2021-11-02	10.52	10.52	10.52	10.52	1700
767	2021-11-03	10.43	10.43	10.43	10.43	1000
768	2021-11-04	11.52	11.52	11.52	11.52	100
769	2021-11-05	11.52	11.52	11.52	11.52	0
770	2021-11-08	11.52	11.52	11.52	11.52	0
771	2021-11-09	10.88	11.15	10.88	11.15	1100
772	2021-11-10	10.97	11.06	10.97	11.06	1000
773	2021-11-11	11.06	11.06	11.06	11.06	0
774	2021-11-12	9.98	10.97	9.98	10.97	200
775	2021-11-15	10.52	10.52	10.52	10.52	0
776	2021-11-16	10.52	10.52	10.52	10.52	2200
777	2021-11-17	10.52	10.52	10.52	10.52	0
778	2021-11-18	9.16	9.52	9.16	9.52	2100
779	2021-11-19	9.52	9.52	9.52	9.52	0
780	2021-11-22	9.52	9.52	9.52	9.52	0
781	2021-11-23	8.25	8.43	8.25	8.43	400
782	2021-11-24	9.52	9.52	9.52	9.52	200
783	2021-11-25	10.88	10.88	9.07	10.79	3900
784	2021-11-26	10.52	10.79	10.52	10.79	939
785	2021-11-29	9.43	9.43	9.43	9.43	200
786	2021-11-30	10.34	10.34	9.61	9.61	1200
787	2021-12-01	8.8	9.98	8.8	9.98	500
788	2021-12-02	10.34	10.34	10.34	10.34	100
789	2021-12-03	8.98	9.98	8.98	9.98	900
790	2021-12-06	9.07	9.34	9.07	9.34	721
791	2021-12-07	9.07	9.07	8.89	8.89	200
792	2021-12-08	9.34	9.34	9.34	9.34	618
793	2021-12-09	9.34	9.34	9.34	9.34	0
794	2021-12-10	10.16	10.16	9.98	9.98	200
795	2021-12-13	10.07	10.07	10.07	10.07	0
796	2021-12-14	10.07	10.07	10.07	10.07	0
797	2021-12-15	8.71	9.89	8.71	9.89	1200
798	2021-12-16	9.79	9.98	9.61	9.98	3000
799	2021-12-17	8.89	8.89	8.89	8.89	300
800	2021-12-20	8.8	8.89	8.8	8.89	4300
801	2021-12-21	8.89	8.89	8.89	8.89	0
802	2021-12-22	8.89	8.89	8.89	8.89	0
803	2021-12-23	8.89	8.89	8.89	8.89	0
804	2021-12-24	8.89	8.89	8.89	8.89	0
805	2021-12-27	9.79	9.79	9.79	9.79	100
806	2021-12-28	9.25	9.25	9.25	9.25	5100
807	2021-12-29	9.25	9.25	9.25	9.25	0
808	2021-12-30	9.25	9.25	9.25	9.25	0
809	2021-12-31	9.79	9.79	9.52	9.52	200
810	2022-01-04	9.7	9.7	9.7	9.7	0
811	2022-01-05	9.7	9.7	9.7	9.7	0
812	2022-01-06	9.07	9.07	9.07	9.07	100
813	2022-01-07	9.07	9.07	9.07	9.07	0
814	2022-01-10	9.07	9.07	9.07	9.07	6
815	2022-01-11	8.8	8.8	8.8	8.8	441
816	2022-01-12	8.8	8.8	8.8	8.8	0
817	2022-01-13	8.8	8.8	8.8	8.8	0
818	2022-01-14	8.8	8.8	8.8	8.8	0
819	2022-01-17	8.8	8.8	8.8	8.8	400
820	2022-01-18	8.8	8.8	8.8	8.8	0
821	2022-01-19	8.8	8.8	8.8	8.8	0
822	2022-01-20	8.8	8.8	8.8	8.8	0
823	2022-01-21	8.8	8.8	8.8	8.8	0
824	2022-01-24	8.8	8.8	8.8	8.8	0
825	2022-01-25	8.8	8.8	8.8	8.8	0
826	2022-01-26	8.8	8.8	8.8	8.8	0
827	2022-01-27	8.8	8.8	8.8	8.8	6
828	2022-01-28	8.8	8.8	8.8	8.8	0
829	2022-02-07	8.8	8.8	8.8	8.8	0
830	2022-02-08	8.8	8.8	8.8	8.8	0
831	2022-02-09	8.8	8.8	8.8	8.8	0
832	2022-02-10	8.8	8.8	8.8	8.8	0
833	2022-02-11	8.8	8.8	8.8	8.8	0
834	2022-02-14	8.8	8.8	8.8	8.8	0
835	2022-02-15	8.8	8.8	8.8	8.8	0
836	2022-02-16	8.8	8.8	8.8	8.8	1
837	2022-02-17	8.8	8.8	8.8	8.8	6
838	2022-02-18	8.8	8.8	8.8	8.8	0
839	2022-02-21	7.62	7.62	7.62	7.62	300
840	2022-02-22	8.52	8.71	8.52	8.71	1052
841	2022-02-23	9.7	9.7	9.7	9.7	4000
842	2022-02-24	9.79	9.79	9.7	9.7	2800
843	2022-02-25	9.79	9.79	9.79	9.79	0
844	2022-02-28	9.79	9.79	9.79	9.79	0
845	2022-03-01	9.79	9.79	9.79	9.79	0
846	2022-03-02	9.79	9.79	9.79	9.79	0
847	2022-03-03	9.79	9.79	9.79	9.79	0
848	2022-03-04	9.79	9.79	9.79	9.79	0
849	2022-03-07	8.34	9.98	8.34	9.98	300
850	2022-03-08	9.89	9.89	9.89	9.89	200
851	2022-03-09	9.89	9.89	9.89	9.89	2
852	2022-03-10	9.89	9.89	9.89	9.89	0
853	2022-03-11	9.89	9.89	9.89	9.89	0
854	2022-03-14	9.89	9.89	9.89	9.89	0
855	2022-03-15	9.89	9.89	9.89	9.89	0
856	2022-03-16	9.79	9.79	9.79	9.79	200
857	2022-03-17	8.89	8.89	8.89	8.89	1102
858	2022-03-18	8.89	8.89	8.89	8.89	1
859	2022-03-21	9.52	9.52	9.52	9.52	300
860	2022-03-22	9.52	9.52	9.52	9.52	100
861	2022-03-23	9.52	9.52	9.52	9.52	0
862	2022-03-24	9.52	9.52	9.25	9.25	3700
863	2022-03-25	9.25	9.25	9.25	9.25	1
864	2022-03-28	9.25	9.25	9.25	9.25	0
865	2022-03-29	9.25	9.25	9.25	9.25	7
866	2022-03-30	9.25	9.25	9.25	9.25	0
867	2022-03-31	9.34	9.34	9.34	9.34	102
868	2022-04-01	9.34	9.34	9.34	9.34	0
869	2022-04-04	9.34	9.34	9.34	9.34	0
870	2022-04-05	9.34	9.34	9.34	9.34	10
871	2022-04-06	9.34	9.34	9.34	9.34	0
872	2022-04-07	9.34	9.34	9.34	9.34	0
873	2022-04-08	9.34	9.34	9.34	9.34	0
874	2022-04-12	9.34	9.34	9.34	9.34	0
875	2022-04-13	9.34	9.34	9.34	9.34	0
876	2022-04-14	9.43	9.43	9.43	9.43	100
877	2022-04-15	9.43	9.43	9.43	9.43	0
878	2022-04-18	9.43	9.43	9.43	9.43	0
879	2022-04-19	9.43	9.43	9.43	9.43	12
880	2022-04-20	9.43	9.43	9.43	9.43	0
881	2022-04-21	9.43	9.43	9.43	9.43	0
882	2022-04-22	9.43	9.43	9.43	9.43	0
883	2022-04-25	9.34	9.43	9.34	9.43	200
884	2022-04-26	9.43	9.43	9.43	9.43	0
885	2022-04-27	9.43	9.43	9.43	9.43	0
886	2022-04-28	9.43	9.43	9.43	9.43	0
887	2022-04-29	9.43	9.43	9.43	9.43	0
888	2022-05-04	9.07	9.07	9.07	9.07	2000
889	2022-05-05	8.71	8.71	8.71	8.71	900
890	2022-05-06	8.89	8.89	8.8	8.8	1601
891	2022-05-09	8.8	8.8	8.8	8.8	0
892	2022-05-10	8.8	9.07	8.8	8.8	1000
893	2022-05-11	8.98	8.98	8.98	8.98	0
894	2022-05-12	8.98	8.98	8.98	8.98	0
895	2022-05-13	8.98	9.07	8.98	9.07	300
896	2022-05-16	9.07	9.07	9.07	9.07	0
897	2022-05-17	9.07	9.07	9.07	9.07	0
898	2022-05-18	9.07	9.07	9.07	9.07	3
899	2022-05-19	9.07	9.07	9.07	9.07	0
900	2022-05-20	7.8	7.8	7.8	7.8	5500
901	2022-05-23	7.8	7.8	7.8	7.8	7
902	2022-05-24	7.8	7.8	7.8	7.8	0
903	2022-05-25	7.8	7.8	7.8	7.8	21
904	2022-05-26	6.8	6.8	6.8	6.8	3300
905	2022-05-27	6.8	6.8	6.8	6.8	0
906	2022-05-30	6.8	6.8	6.8	6.8	0
907	2022-05-31	6.8	6.8	6.8	6.8	0
908	2022-06-01	6.8	6.8	6.8	6.8	0
909	2022-06-02	6.8	6.8	6.8	6.8	0
910	2022-06-03	6.8	6.8	6.8	6.8	0
911	2022-06-06	6.8	6.8	6.8	6.8	0
912	2022-06-07	7.8	7.8	7.8	7.8	100
913	2022-06-08	8.89	8.89	7.89	7.89	2100
914	2022-06-09	7.98	7.98	7.98	7.98	0
915	2022-06-10	7.98	7.98	7.98	7.98	0
916	2022-06-13	9.16	9.16	6.89	9.16	10500
917	2022-06-14	9.79	9.79	9.79	9.79	105
918	2022-06-15	9.89	9.89	9.89	9.89	200
919	2022-06-16	9.89	9.89	9.89	9.89	0
920	2022-06-17	9.89	9.89	9.89	9.89	100
921	2022-06-20	9.89	9.89	9.89	9.89	0
922	2022-06-21	9.89	9.89	8.52	8.52	2600
923	2022-06-22	9.07	9.98	9.07	9.98	4600
924	2022-06-23	8.13	8.13	8.13	8.13	100
925	2022-06-24	9.33	9.33	9.33	9.33	1300
926	2022-06-27	9.33	9.33	9.33	9.33	0
927	2022-06-28	9.33	9.33	9.33	9.33	0
928	2022-06-29	9.33	9.33	9.33	9.33	0
929	2022-06-30	9.33	9.33	9.33	9.33	0
930	2022-07-01	9.33	9.33	9.33	9.33	0
931	2022-07-04	9.33	9.33	9.33	9.33	0
932	2022-07-05	9.33	9.33	9.33	9.33	0
933	2022-07-06	9.33	9.33	9.33	9.33	0
934	2022-07-07	9.33	9.33	9.33	9.33	3158
935	2022-07-08	9.33	9.33	9.33	9.33	0
936	2022-07-11	9.33	9.33	9.33	9.33	2500
937	2022-07-12	9.23	9.23	9.23	9.23	2000
938	2022-07-13	9.23	9.23	9.23	9.23	0
939	2022-07-14	9.23	9.23	9.23	9.23	1000
940	2022-07-15	9.23	9.23	9.23	9.23	8
941	2022-07-18	9.23	9.23	9.23	9.23	0
942	2022-07-19	9.23	9.23	9.23	9.23	0
943	2022-07-20	9.23	9.23	9.23	9.23	0
944	2022-07-21	9.23	9.23	9.23	9.23	0
945	2022-07-22	9.23	9.23	9.23	9.23	0
946	2022-07-25	9.23	9.23	9.23	9.23	0
947	2022-07-26	9.23	9.23	9.23	9.23	0
948	2022-07-27	9.23	9.23	9.23	9.23	0
949	2022-07-28	9.23	9.23	9.23	9.23	0
950	2022-07-29	9.23	9.23	9.23	9.23	0
951	2022-08-01	9.23	9.23	9.23	9.23	0
952	2022-08-02	9.23	9.23	9.23	9.23	7
953	2022-08-03	9.97	9.97	9.97	9.97	100
954	2022-08-04	9.79	9.79	9.23	9.23	15000
955	2022-08-05	9.69	11.08	8.86	8.86	4402
956	2022-08-08	9.42	9.42	9.42	9.42	0
957	2022-08-09	8.22	8.22	8.22	8.22	100
958	2022-08-10	9.42	9.42	9.42	9.42	100
959	2022-08-11	9.42	9.42	9.42	9.42	0
960	2022-08-12	10.71	10.71	10.71	10.71	100
961	2022-08-15	12.19	12.19	12.19	12.19	100
962	2022-08-16	13.57	13.57	13.57	13.57	105
963	2022-08-17	13.57	13.57	13.57	13.57	41
964	2022-08-18	13.57	13.57	13.57	13.57	0
965	2022-08-19	13.57	13.57	13.57	13.57	0
966	2022-08-22	13.57	13.57	13.57	13.57	0
967	2022-08-23	11.54	11.54	11.54	11.54	100
968	2022-08-24	9.88	11.54	9.88	11.54	400
969	2022-08-25	9.05	11.08	8.86	11.08	700
970	2022-08-26	9.23	9.23	9.23	9.23	0
971	2022-08-29	9.23	9.23	9.23	9.23	0
972	2022-08-30	9.23	9.23	9.23	9.23	0
973	2022-08-31	8.31	8.31	8.31	8.31	100
974	2022-09-05	8.31	8.31	8.31	8.31	0
975	2022-09-06	8.31	8.31	8.31	8.31	0
976	2022-09-07	8.31	8.31	8.31	8.31	51
977	2022-09-08	8.31	8.31	8.31	8.31	0
978	2022-09-09	8.31	8.31	8.31	8.31	0
979	2022-09-12	8.31	8.31	8.31	8.31	0
980	2022-09-13	8.31	8.31	8.31	8.31	0
981	2022-09-14	8.31	8.31	8.31	8.31	0
982	2022-09-15	7.2	8.49	7.2	8.49	4200
983	2022-09-16	8.22	8.22	8.22	8.22	100
984	2022-09-19	8.22	8.22	8.22	8.22	0
985	2022-09-20	8.22	8.22	8.22	8.22	0
986	2022-09-21	8.22	8.22	8.22	8.22	0
987	2022-09-22	7.39	8.13	7.2	8.13	12200
988	2022-09-23	6.92	6.92	6.92	6.92	1700
989	2022-09-26	6.92	6.92	6.92	6.92	0
990	2022-09-27	6.92	6.92	6.92	6.92	20
991	2022-09-28	6.92	6.92	6.92	6.92	300
992	2022-09-29	7.85	7.85	7.85	7.85	108
993	2022-09-30	7.85	7.85	7.85	7.85	5
994	2022-10-03	7.85	7.85	7.85	7.85	0
995	2022-10-04	7.85	7.85	7.85	7.85	0
996	2022-10-05	8.77	8.77	8.77	8.77	101
997	2022-10-06	8.77	8.77	8.77	8.77	0
998	2022-10-07	9.88	9.88	9.88	9.88	1000
999	2022-10-10	9.88	9.88	9.88	9.88	0
1000	2022-10-11	8.4	8.4	8.4	8.4	100
1001	2022-10-12	8.4	8.4	8.4	8.4	1
1002	2022-10-13	8.4	8.4	8.4	8.4	0
1003	2022-10-14	9.42	9.42	9.42	9.42	2400
1004	2022-10-17	8.03	8.03	8.03	8.03	100
1005	2022-10-18	9.05	9.05	9.05	9.05	202
1006	2022-10-19	7.76	7.76	7.76	7.76	100
1007	2022-10-20	8.59	8.59	8.59	8.59	100
1008	2022-10-21	7.39	8.68	7.39	7.39	1400
1009	2022-10-24	7.57	7.57	7.57	7.57	0
1010	2022-10-25	8.49	8.49	8.49	8.49	100
1011	2022-10-26	8.49	8.49	8.49	8.49	0
1012	2022-10-27	7.39	7.39	7.29	7.29	600
1013	2022-10-28	7.39	7.39	7.39	7.39	8
1014	2022-10-31	7.39	7.39	7.39	7.39	0
1015	2022-11-01	7.39	7.39	7.39	7.39	6
1016	2022-11-02	7.39	7.39	7.39	7.39	0
1017	2022-11-03	6.46	6.46	6.46	6.46	100
1018	2022-11-04	6.46	6.46	6.46	6.46	0
1019	2022-11-07	6.46	6.46	6.46	6.46	0
1020	2022-11-08	6.46	6.46	6.46	6.46	0
1021	2022-11-09	6.46	6.46	6.46	6.46	0
1022	2022-11-10	6.46	6.46	6.46	6.46	0
1023	2022-11-11	6.46	6.46	6.46	6.46	0
1024	2022-11-14	6.46	6.46	6.46	6.46	0
1025	2022-11-15	6.46	6.46	6.46	6.46	0
1026	2022-11-16	6.46	6.46	6.46	6.46	0
1027	2022-11-17	6.46	6.46	6.46	6.46	0
1028	2022-11-18	7.29	7.29	6.56	6.56	300
1029	2022-11-21	7.02	7.02	7.02	7.02	0
1030	2022-11-22	7.02	7.02	7.02	7.02	18
1031	2022-11-23	7.02	7.02	7.02	7.02	2
1032	2022-11-24	7.02	7.02	7.02	7.02	100
1033	2022-11-25	7.02	7.02	7.02	7.02	0
1034	2022-11-28	7.02	7.02	7.02	7.02	4
1035	2022-11-29	7.02	7.02	7.02	7.02	10
1036	2022-11-30	7.02	7.02	7.02	7.02	6
1037	2022-12-01	6.09	6.28	6.09	6.28	11003
1038	2022-12-02	6.0	6.0	6.0	6.0	3507
1039	2022-12-05	6.0	6.0	6.0	6.0	8
1040	2022-12-06	6.0	6.0	6.0	6.0	0
1041	2022-12-07	6.0	6.0	6.0	6.0	1
1042	2022-12-08	6.0	6.0	6.0	6.0	0
1043	2022-12-09	6.0	6.0	6.0	6.0	1
1044	2022-12-12	6.0	6.0	6.0	6.0	0
1045	2022-12-13	6.0	6.0	6.0	6.0	0
1046	2022-12-14	6.0	6.0	6.0	6.0	0
1047	2022-12-15	6.09	6.09	6.09	6.09	200
1048	2022-12-16	6.09	6.09	6.09	6.09	0
1049	2022-12-19	6.09	6.09	6.09	6.09	0
1050	2022-12-20	6.09	6.09	6.09	6.09	0
1051	2022-12-21	6.09	6.09	6.09	6.09	0
1052	2022-12-22	6.09	6.09	6.09	6.09	0
1053	2022-12-23	6.09	6.09	6.09	6.09	0
1054	2022-12-26	6.09	6.09	6.09	6.09	0
1055	2022-12-27	6.09	6.09	6.09	6.09	0
1056	2022-12-28	6.09	6.09	6.09	6.09	0
1057	2022-12-29	6.09	6.09	6.09	6.09	0
1058	2022-12-30	6.09	6.09	6.09	6.09	0
1059	2023-01-03	6.0	6.0	5.45	5.45	8000
1060	2023-01-04	5.54	5.54	5.54	5.54	0
1061	2023-01-05	5.54	5.54	5.54	5.54	0
1062	2023-01-06	5.54	5.54	5.54	5.54	0
1063	2023-01-09	5.54	5.54	5.54	5.54	0
1064	2023-01-10	5.54	5.54	5.54	5.54	0
1065	2023-01-11	5.54	5.54	5.54	5.54	0
1066	2023-01-12	5.54	5.54	5.54	5.54	0
1067	2023-01-13	5.54	5.54	5.54	5.54	0
1068	2023-01-16	5.54	5.54	5.54	5.54	0
1069	2023-01-17	5.54	5.54	5.54	5.54	0
1070	2023-01-18	5.54	5.54	5.54	5.54	0
1071	2023-01-19	5.54	5.54	5.54	5.54	0
1072	2023-01-27	5.54	5.54	5.54	5.54	0
1073	2023-01-30	5.54	5.54	5.54	5.54	0
1074	2023-01-31	5.54	5.54	5.54	5.54	0
1075	2023-02-01	5.54	5.54	5.54	5.54	0
1076	2023-02-02	5.54	5.54	5.54	5.54	0
1077	2023-02-03	5.54	5.54	5.54	5.54	0
1078	2023-02-06	5.54	5.54	5.54	5.54	0
1079	2023-02-07	5.54	5.54	5.54	5.54	0
1080	2023-02-08	6.37	6.37	6.37	6.37	100
1081	2023-02-09	7.29	7.29	7.29	7.29	300
1082	2023-02-10	8.22	8.31	8.22	8.22	2800
1083	2023-02-13	8.22	8.22	8.22	8.22	700
1084	2023-02-14	8.22	8.22	8.22	8.22	0
1085	2023-02-15	8.22	8.22	8.22	8.22	0
1086	2023-02-16	8.22	8.22	8.22	8.22	10
1087	2023-02-17	8.22	8.22	8.22	8.22	0
1088	2023-02-20	8.22	8.22	8.22	8.22	0
1089	2023-02-21	7.11	8.13	7.02	8.13	310
1090	2023-02-22	7.39	7.39	7.39	7.39	0
1091	2023-02-23	7.39	7.39	7.39	7.39	0
1092	2023-02-24	6.74	6.74	6.74	6.74	200
1093	2023-02-27	6.19	6.19	6.19	6.19	100
1094	2023-02-28	6.19	6.19	6.19	6.19	0
1095	2023-03-01	6.19	6.19	6.19	6.19	0
1096	2023-03-02	6.19	6.19	6.19	6.19	0
1097	2023-03-03	6.19	6.19	6.19	6.19	0
1098	2023-03-06	6.19	6.19	6.19	6.19	0
1099	2023-03-07	7.11	7.11	7.11	7.11	200
1100	2023-03-08	8.03	8.03	8.03	8.03	100
1101	2023-03-09	6.83	6.83	6.83	6.83	100
1102	2023-03-10	6.83	6.83	6.83	6.83	3
1103	2023-03-13	6.83	6.83	6.83	6.83	0
1104	2023-03-14	7.11	7.11	7.11	7.11	100
1105	2023-03-15	7.11	7.11	7.11	7.11	0
1106	2023-03-16	7.11	7.11	7.11	7.11	0
1107	2023-03-17	7.11	7.11	7.11	7.11	0
1108	2023-03-20	7.11	7.11	7.11	7.11	29
1109	2023-03-21	7.11	7.11	7.11	7.11	0
1110	2023-03-22	7.11	7.11	7.11	7.11	0
1111	2023-03-23	7.11	7.11	7.11	7.11	0
1112	2023-03-24	7.11	7.11	7.11	7.11	0
1113	2023-03-27	7.11	7.11	7.11	7.11	0
1114	2023-03-28	7.85	8.13	7.85	8.13	300
1115	2023-03-29	7.94	7.94	7.94	7.94	0
1116	2023-03-30	8.96	9.05	8.96	9.05	1218
1117	2023-03-31	10.06	10.06	10.06	10.06	100
1118	2023-04-03	10.8	10.8	10.8	10.8	101
1119	2023-04-04	11.73	11.73	11.73	11.73	100
1120	2023-04-05	11.73	11.73	11.73	11.73	0
1121	2023-04-06	11.73	11.73	11.73	11.73	0
1122	2023-04-07	9.97	13.48	9.97	13.48	200
1123	2023-04-10	11.73	11.73	11.73	11.73	30
1124	2023-04-11	13.39	13.39	9.97	9.97	2728
1125	2023-04-12	11.73	11.73	11.73	11.73	108
1126	2023-04-13	11.73	11.73	11.73	11.73	0
1127	2023-04-14	11.54	11.54	11.54	11.54	540
1128	2023-04-17	11.54	11.54	11.54	11.54	0
1129	2023-04-18	11.54	11.54	11.54	11.54	530
1130	2023-04-19	11.54	11.54	11.54	11.54	126
1131	2023-04-20	9.88	10.99	9.88	10.99	601
1132	2023-04-21	10.06	10.06	10.06	10.06	0
1133	2023-04-24	10.06	10.06	10.06	10.06	0
1134	2023-04-25	8.59	10.34	8.59	10.34	635
1135	2023-04-26	9.97	9.97	9.97	9.97	0
1136	2023-04-27	9.97	9.97	9.97	9.97	99
1137	2023-04-28	10.06	10.06	10.06	10.06	357
1138	2023-05-04	10.06	10.06	10.06	10.06	99
1139	2023-05-05	10.06	10.06	10.06	10.06	156
1140	2023-05-08	10.06	10.06	10.06	10.06	198
1141	2023-05-09	11.54	11.54	11.54	11.54	266
1142	2023-05-10	11.54	11.54	11.54	11.54	198
1143	2023-05-11	12.83	12.83	12.83	12.83	1099
1144	2023-05-12	12.83	12.83	12.83	12.83	99
1145	2023-05-15	12.83	12.83	12.83	12.83	99
1146	2023-05-16	10.99	10.99	10.99	10.99	365
1147	2023-05-17	10.99	10.99	10.99	10.99	99
1148	2023-05-18	10.99	10.99	10.99	10.99	166
1149	2023-05-19	10.99	10.99	10.99	10.99	99
1150	2023-05-22	9.42	9.42	9.42	9.42	298
1151	2023-05-23	9.42	9.42	9.42	9.42	166
1152	2023-05-24	9.42	9.42	9.42	9.42	198
1153	2023-05-25	10.8	10.8	8.13	8.13	466
1154	2023-05-26	7.85	7.85	7.85	7.85	9698
1155	2023-05-29	7.29	8.86	7.29	7.76	666
1156	2023-05-30	7.66	7.66	7.66	7.66	198
1157	2023-05-31	8.81	8.81	7.76	7.76	300
1158	2023-06-01	8.14	8.14	8.14	8.14	365
1159	2023-06-02	8.14	8.14	8.14	8.14	49
1160	2023-06-05	7.38	7.38	7.18	7.18	698
1161	2023-06-06	8.33	8.33	8.33	8.33	266
1162	2023-06-07	8.33	8.33	8.33	8.33	99
1163	2023-06-08	9.39	9.39	9.39	9.39	397
1164	2023-06-09	10.73	10.73	8.52	8.52	1200
1165	2023-06-12	8.24	8.24	8.24	8.24	898
1166	2023-06-13	9.39	9.39	9.39	9.39	298
1167	2023-06-14	8.14	8.43	8.14	8.43	1899
1168	2023-06-15	8.14	8.14	8.14	8.14	99
1169	2023-06-16	8.14	8.14	8.14	8.14	233
1170	2023-06-19	9.29	9.29	9.29	9.29	598
1171	2023-06-20	9.29	9.29	9.29	9.29	0
1172	2023-06-21	10.25	10.25	10.25	10.25	333
1173	2023-06-22	10.25	10.25	10.25	10.25	298
1174	2023-06-23	10.25	10.25	10.25	10.25	0
1175	2023-06-26	10.25	10.25	10.25	10.25	198
1176	2023-06-27	10.06	10.06	10.06	10.06	298
1177	2023-06-28	10.06	10.06	10.06	10.06	5
1178	2023-06-29	8.72	8.72	8.72	8.72	298
1179	2023-06-30	8.72	8.72	8.72	8.72	256
1180	2023-07-03	8.72	9.58	8.72	9.58	403
1181	2023-07-04	10.44	10.44	10.44	10.44	100
1182	2023-07-05	10.44	10.44	10.44	10.44	198
1183	2023-07-06	10.44	10.44	10.44	10.44	198
1184	2023-07-07	11.4	11.4	11.4	11.4	100
1185	2023-07-10	11.4	11.4	11.4	11.4	198
1186	2023-07-11	12.36	12.36	12.36	12.36	100
1187	2023-07-12	10.54	10.54	10.54	10.54	398
1188	2023-07-13	11.3	11.3	9.0	9.0	1299
1189	2023-07-14	10.54	10.54	9.19	9.19	399
1190	2023-07-17	8.33	8.33	8.33	8.33	1098
1191	2023-07-18	9.48	9.58	9.48	9.58	430
1192	2023-07-19	8.62	9.96	8.62	9.96	602
1193	2023-07-20	10.92	10.92	10.92	10.92	398
1194	2023-07-21	12.45	12.45	12.45	12.45	309
1195	2023-07-24	12.45	12.45	12.45	12.45	6
1196	2023-07-25	12.45	12.45	12.45	12.45	239
1197	2023-07-26	12.45	12.45	12.45	12.45	0
1198	2023-07-27	12.45	12.45	12.45	12.45	0
1199	2023-07-28	12.36	12.36	12.36	12.36	100
1200	2023-07-31	12.36	12.36	12.36	12.36	214
1201	2023-08-01	14.08	14.08	12.36	14.08	499
1202	2023-08-02	13.7	13.7	13.7	13.7	198
1203	2023-08-03	13.7	13.7	13.7	13.7	198
1204	2023-08-04	13.7	13.7	13.7	13.7	0
1205	2023-08-07	13.7	13.7	13.7	13.7	198
1206	2023-08-08	13.7	13.7	13.7	13.7	198
1207	2023-08-09	11.69	11.69	11.69	11.69	199
1208	2023-08-10	11.69	11.69	11.69	11.69	100
1209	2023-08-11	11.69	11.69	11.69	11.69	200
1210	2023-08-14	11.69	11.69	11.69	11.69	200
1211	2023-08-15	11.69	11.69	11.69	11.69	198
1212	2023-08-16	11.69	11.69	11.69	11.69	0
1213	2023-08-17	11.69	11.69	11.69	11.69	216
1214	2023-08-18	11.69	11.69	11.69	11.69	198
1215	2023-08-21	11.69	11.69	11.69	11.69	198
1216	2023-08-22	11.3	13.31	11.01	11.01	1100
1217	2023-08-23	10.73	10.73	10.54	10.54	1298
1218	2023-08-24	11.97	11.97	9.1	9.1	1698
1219	2023-08-25	10.63	10.63	8.62	8.62	1306
1220	2023-08-28	10.44	10.44	10.44	10.44	100
1221	2023-08-29	11.88	11.88	11.88	11.88	437
1222	2023-08-30	13.31	13.31	11.88	11.88	399
1223	2023-08-31	13.98	13.98	13.98	13.98	328
1224	2023-09-05	11.97	15.71	11.97	13.41	5498
1225	2023-09-06	12.36	14.37	12.36	12.45	5031
1226	2023-09-07	15.13	16.28	14.85	14.94	9999
1227	2023-09-08	15.71	16.0	13.41	14.37	2417
1228	2023-09-11	14.56	14.65	14.56	14.65	499
1229	2023-09-12	14.65	14.65	14.65	14.65	199
1230	2023-09-13	14.65	14.65	14.65	14.65	227
1231	2023-09-14	14.65	14.65	14.65	14.65	198
1232	2023-09-15	14.85	14.85	14.85	14.85	902
1233	2023-09-18	14.85	14.85	14.85	14.85	0
1234	2023-09-19	12.83	12.83	12.83	12.83	100
1235	2023-09-20	11.01	11.01	10.92	10.92	700
1236	2023-09-21	10.92	12.55	9.39	12.55	1400
1237	2023-09-22	10.82	10.82	10.82	10.82	0
1238	2023-09-25	12.26	12.26	12.26	12.26	200
1239	2023-09-26	10.44	10.44	10.44	10.44	100
1240	2023-09-27	8.91	11.88	8.91	11.88	200
1241	2023-09-28	10.54	10.54	10.54	10.54	100
1242	2023-09-29	10.54	10.54	10.54	10.54	0
1243	2023-10-02	10.54	10.54	10.54	10.54	0
1244	2023-10-03	10.54	10.54	10.54	10.54	0
1245	2023-10-04	11.97	11.97	11.97	11.97	100
1246	2023-10-05	12.74	12.74	12.74	12.74	100
1247	2023-10-06	12.74	12.74	12.74	12.74	0
1248	2023-10-09	14.27	14.27	14.27	14.27	100
1249	2023-10-10	14.27	14.27	14.27	14.27	0
1250	2023-10-11	12.16	14.37	12.16	14.37	2134
1251	2023-10-12	14.85	14.85	14.85	14.85	100
1252	2023-10-13	16.19	16.19	14.85	16.0	2100
1253	2023-10-16	13.22	13.22	13.22	13.22	601
1254	2023-10-17	13.22	13.22	13.22	13.22	0
1255	2023-10-18	11.3	11.3	11.3	11.3	600
1256	2023-10-19	11.3	11.3	11.3	11.3	300
1257	2023-10-20	11.3	11.3	11.3	11.3	100
1258	2023-10-23	11.3	11.3	11.3	11.3	11
1259	2023-10-24	11.11	11.11	11.11	11.11	100
1260	2023-10-25	11.11	11.11	11.11	11.11	0
1261	2023-10-26	11.11	11.11	11.11	11.11	200
1262	2023-10-27	10.54	10.54	10.54	10.54	200
1263	2023-10-30	10.54	10.54	10.54	10.54	0
1264	2023-10-31	9.1	9.1	9.0	9.0	500
1265	2023-11-01	9.0	9.0	9.0	9.0	0
1266	2023-11-02	9.0	9.0	9.0	9.0	0
1267	2023-11-03	8.14	8.14	8.14	8.14	200
1268	2023-11-06	8.14	8.14	8.14	8.14	900
1269	2023-11-07	7.76	7.76	7.76	7.76	400
1270	2023-11-08	7.76	7.76	7.76	7.76	50
1271	2023-11-09	7.76	7.76	7.76	7.76	0
1272	2023-11-10	7.76	7.76	7.76	7.76	69
1273	2023-11-13	7.76	7.76	7.76	7.76	0
1274	2023-11-14	7.76	7.76	7.76	7.76	0
1275	2023-11-15	7.76	7.76	7.76	7.76	0
1276	2023-11-16	7.76	7.76	7.76	7.76	0
1277	2023-11-17	8.91	8.91	8.91	8.91	101
1278	2023-11-20	8.91	8.91	8.91	8.91	0
1279	2023-11-21	8.91	8.91	8.91	8.91	0
1280	2023-11-22	8.91	8.91	8.91	8.91	0
1281	2023-11-23	8.91	8.91	8.91	8.91	0
1282	2023-11-24	8.91	8.91	8.91	8.91	0
1283	2023-11-27	8.91	8.91	8.91	8.91	0
1284	2023-11-28	8.91	8.91	8.91	8.91	0
1285	2023-11-29	10.15	10.15	7.85	7.85	7600
1286	2023-11-30	9.0	9.0	6.8	6.8	12900
1287	2023-12-01	7.38	8.43	6.9	7.38	6245
1288	2023-12-04	7.38	7.38	6.99	6.99	1400
1289	2023-12-05	8.24	8.24	8.24	8.24	800
1290	2023-12-06	8.24	8.24	8.24	8.24	500
1291	2023-12-07	8.24	8.24	8.24	8.24	0
1292	2023-12-08	8.24	8.24	8.24	8.24	0
1293	2023-12-11	8.24	8.24	8.24	8.24	100
1294	2023-12-12	8.24	8.24	8.24	8.24	100
1295	2023-12-13	9.39	9.39	9.39	9.39	100
1296	2023-12-14	9.39	9.39	9.39	9.39	0
1297	2023-12-15	9.39	9.39	9.39	9.39	0
1298	2023-12-18	10.44	10.44	10.44	10.44	100
1299	2023-12-19	10.44	10.44	10.44	10.44	0
1300	2023-12-20	10.44	10.44	10.44	10.44	0
1301	2023-12-21	9.0	9.0	9.0	9.0	200
1302	2023-12-22	9.0	9.0	9.0	9.0	4
1303	2023-12-25	9.0	9.0	9.0	9.0	0
1304	2023-12-26	9.0	9.0	9.0	9.0	0
1305	2023-12-27	9.0	9.0	9.0	9.0	0
1306	2023-12-28	9.0	9.0	9.0	9.0	0
1307	2023-12-29	7.95	8.14	7.85	8.14	1600
1308	2024-01-02	7.95	7.95	7.95	7.95	0
1309	2024-01-03	7.95	7.95	7.95	7.95	0
1310	2024-01-04	7.95	7.95	7.95	7.95	5
1311	2024-01-05	7.95	7.95	7.95	7.95	0
1312	2024-01-08	7.95	7.95	7.95	7.95	0
1313	2024-01-09	9.0	9.0	9.0	9.0	100
1314	2024-01-10	7.95	8.52	7.95	8.43	2100
1315	2024-01-11	8.14	8.14	8.14	8.14	500
1316	2024-01-12	9.0	9.0	9.0	9.0	1100
1317	2024-01-15	9.0	9.0	9.0	9.0	0
1318	2024-01-16	8.14	8.14	8.14	8.14	100
1319	2024-01-17	8.14	8.14	8.14	8.14	0
1320	2024-01-18	8.14	8.14	8.14	8.14	500
1321	2024-01-19	8.24	8.24	8.14	8.14	200
1322	2024-01-22	7.85	7.85	7.66	7.66	900
1323	2024-01-23	7.76	7.76	7.76	7.76	30
1324	2024-01-24	7.76	7.76	7.76	7.76	0
1325	2024-01-25	7.66	7.66	7.28	7.28	801
1326	2024-01-26	8.43	8.43	8.43	8.43	200
1327	2024-01-29	7.66	7.66	7.66	7.66	100
1328	2024-01-30	7.66	7.66	7.66	7.66	0
1329	2024-01-31	8.62	8.62	8.62	8.62	100
1330	2024-02-01	8.62	8.62	8.62	8.62	0
1331	2024-02-02	8.62	8.62	8.62	8.62	0
1332	2024-02-05	8.52	8.52	8.52	8.52	100
1333	2024-02-06	8.52	8.52	8.52	8.52	0
1334	2024-02-07	8.52	8.52	8.52	8.52	100
1335	2024-02-15	8.05	8.05	7.66	7.66	4000
1336	2024-02-16	7.85	7.85	7.85	7.85	0
1337	2024-02-19	7.85	7.85	7.85	7.85	0
1338	2024-02-20	8.14	8.14	8.14	8.14	1200
1339	2024-02-21	8.14	8.14	8.14	8.14	0
1340	2024-02-22	7.85	7.85	7.85	7.85	3900
1341	2024-02-23	7.85	7.85	7.85	7.85	300
1342	2024-02-26	7.85	7.85	7.85	7.85	0
1343	2024-02-27	7.85	7.85	7.85	7.85	0
1344	2024-02-28	7.66	7.66	7.66	7.66	300
1345	2024-02-29	7.66	7.66	7.66	7.66	0
1346	2024-03-01	7.66	7.66	7.66	7.66	0
1347	2024-03-04	7.66	7.66	7.66	7.66	0
1348	2024-03-05	7.66	7.66	7.66	7.66	0
1349	2024-03-06	7.66	7.66	7.66	7.66	0
1350	2024-03-07	7.66	7.66	7.66	7.66	0
1351	2024-03-08	7.66	7.66	7.66	7.66	0
1352	2024-03-11	7.66	7.66	7.66	7.66	0
1353	2024-03-12	7.66	7.66	7.66	7.66	0
1354	2024-03-13	7.66	7.66	7.66	7.66	0
1355	2024-03-14	7.66	7.66	7.66	7.66	0
1356	2024-03-15	7.66	7.66	7.66	7.66	0
1357	2024-03-18	7.66	7.66	7.66	7.66	0
1358	2024-03-19	7.66	7.66	7.66	7.66	0
1359	2024-03-20	7.66	7.66	7.66	7.66	0
1360	2024-03-21	7.66	7.66	7.66	7.66	0
1361	2024-03-22	7.76	7.76	7.76	7.76	800
1362	2024-03-25	7.76	7.76	7.76	7.76	0
1363	2024-03-26	7.76	7.76	7.76	7.76	0
1364	2024-03-27	8.62	8.62	8.62	8.62	100
1365	2024-03-28	8.62	8.62	8.62	8.62	0
1366	2024-03-29	7.47	7.47	7.47	7.47	3000
1367	2024-04-01	7.38	7.38	7.38	7.38	300
1368	2024-04-02	7.38	7.38	7.38	7.38	0
1369	2024-04-03	7.38	7.38	7.38	7.38	0
1370	2024-04-04	7.38	7.38	7.38	7.38	0
1371	2024-04-05	7.38	7.38	7.38	7.38	0
1372	2024-04-08	7.38	7.38	7.38	7.38	0
1373	2024-04-09	7.38	7.38	7.38	7.38	0
1374	2024-04-10	7.38	7.38	7.38	7.38	0
1375	2024-04-11	8.33	8.43	8.33	8.43	1000
1376	2024-04-12	7.28	7.28	7.28	7.28	1300
1377	2024-04-15	6.8	6.8	6.8	6.8	5000
1378	2024-04-16	7.76	7.76	7.76	7.76	600
1379	2024-04-17	7.18	7.18	7.18	7.18	2700
1380	2024-04-19	8.24	8.24	8.24	8.24	200
1381	2024-04-22	9.39	9.39	9.39	9.39	106
1382	2024-04-23	10.73	10.73	8.14	8.14	200
1383	2024-04-24	9.48	9.48	9.48	9.48	3
1384	2024-04-25	9.48	9.48	9.48	9.48	2
1385	2024-04-26	8.14	8.14	8.14	8.14	100
1386	2024-05-02	7.18	7.18	7.18	7.18	150
1387	2024-05-03	8.24	8.24	7.18	7.18	300
1388	2024-05-06	7.85	7.85	7.85	7.85	0
1389	2024-05-07	8.72	8.72	8.72	8.72	800
1390	2024-05-08	7.57	7.57	7.57	7.57	600
1391	2024-05-09	7.57	7.57	7.57	7.57	0
1392	2024-05-10	7.57	7.57	7.57	7.57	50
1393	2024-05-13	7.57	7.57	7.57	7.57	0
1394	2024-05-14	7.57	7.57	7.57	7.57	0
1395	2024-05-15	7.57	7.57	7.57	7.57	0
1396	2024-05-16	7.57	7.57	7.57	7.57	0
1397	2024-05-17	7.57	7.57	7.57	7.57	0
1398	2024-05-20	7.57	7.57	7.57	7.57	50
1399	2024-05-21	7.57	7.57	7.57	7.57	0
1400	2024-05-22	7.57	7.57	7.57	7.57	0
1401	2024-05-23	7.57	7.57	7.57	7.57	0
1402	2024-05-24	7.57	7.57	7.57	7.57	0
1403	2024-05-27	7.76	7.76	7.66	7.66	200
1404	2024-05-28	7.85	7.85	7.85	7.85	100
1405	2024-05-29	7.85	7.85	7.85	7.85	0
1406	2024-05-30	7.85	7.85	7.85	7.85	0
1407	2024-05-31	7.85	7.85	7.85	7.85	0
1408	2024-06-03	7.85	7.85	7.85	7.85	23
1409	2024-06-04	7.85	7.85	7.85	7.85	10
1410	2024-06-05	7.85	7.85	7.85	7.85	0
1411	2024-06-06	7.85	7.85	7.85	7.85	6
1412	2024-06-07	7.85	7.85	7.85	7.85	11
1413	2024-06-10	7.85	7.85	7.85	7.85	0
1414	2024-06-11	7.85	7.85	7.85	7.85	0
1415	2024-06-12	7.85	7.85	7.85	7.85	0
1416	2024-06-13	7.85	7.85	7.85	7.85	0
1417	2024-06-14	7.85	7.85	7.85	7.85	0
1418	2024-06-17	7.85	7.85	7.85	7.85	0
1419	2024-06-18	7.85	7.85	7.85	7.85	7
1420	2024-06-19	7.9	7.9	7.9	7.9	0
1421	2024-06-20	7.9	7.9	7.9	7.9	5
1422	2024-06-21	8.9	8.9	8.9	8.9	300
1423	2024-06-24	8.9	8.9	8.9	8.9	0
1424	2024-06-25	8.9	8.9	8.9	8.9	0
1425	2024-06-26	8.9	8.9	8.9	8.9	0
1426	2024-06-27	9.7	9.7	9.7	9.7	1016
1427	2024-06-28	9.7	9.7	9.7	9.7	1
1428	2024-07-01	9.7	9.7	9.7	9.7	0
1429	2024-07-02	9.7	9.7	9.7	9.7	0
1430	2024-07-03	9.5	9.5	9.5	9.5	205
1431	2024-07-04	8.4	8.4	8.4	8.4	100
1432	2024-07-05	8.4	8.4	8.4	8.4	0
1433	2024-07-08	8.4	8.4	8.4	8.4	0
1434	2024-07-09	8.4	8.4	8.4	8.4	0
1435	2024-07-10	8.4	8.4	8.4	8.4	0
1436	2024-07-11	8.4	8.4	8.4	8.4	0
1437	2024-07-12	8.4	8.4	8.4	8.4	1
1438	2024-07-15	8.4	8.4	8.4	8.4	0
1439	2024-07-16	8.4	8.4	8.4	8.4	2
1440	2024-07-17	8.4	8.4	8.4	8.4	3
1441	2024-07-18	8.4	8.4	8.4	8.4	1
1442	2024-07-19	8.4	8.4	8.4	8.4	2
1443	2024-07-22	8.4	8.4	8.4	8.4	0
1444	2024-07-23	8.4	8.4	8.4	8.4	0
1445	2024-07-24	8.4	8.4	8.4	8.4	0
1446	2024-07-25	8.7	8.7	8.7	8.7	100
1447	2024-08-15	7.5	7.5	7.5	7.5	100
1448	2024-08-16	7.2	7.2	7.2	7.2	400
1449	2024-08-20	8.2	8.2	8.2	8.2	300
1450	2024-09-12	8.1	8.1	8.1	8.1	100
1451	2024-09-24	8.1	8.1	8.1	8.1	100
1452	2024-10-25	7.7	7.7	7.7	7.7	100
1453	2024-10-28	8.4	8.4	8.4	8.4	100
1454	2024-10-29	8.4	8.4	8.4	8.4	500
1455	2024-10-31	8.4	8.4	8.4	8.4	100
1456	2024-11-04	7.5	7.5	7.5	7.5	100
1457	2024-11-06	7.7	7.7	7.7	7.7	100
1458	2024-11-18	7.9	7.9	7.9	7.9	100
1459	2024-11-27	7.6	7.6	7.5	7.5	700
1460	2024-11-28	7.6	7.6	7.6	7.6	100
1461	2024-11-29	8.2	8.2	7.6	7.6	200
1462	2024-12-04	7.5	7.5	7.5	7.5	100
1463	2024-12-05	7.6	7.6	7.6	7.6	100
1464	2024-12-09	7.5	7.6	7.5	7.6	1900
1465	2024-12-10	7.6	7.6	7.6	7.6	100
1466	2024-12-11	7.6	7.6	7.6	7.6	700
1467	2024-12-24	7.5	7.5	7.5	7.5	300
1468	2025-01-06	7.5	7.5	7.5	7.5	100
1469	2025-01-08	7.5	7.5	7.5	7.5	200
1470	2025-01-09	7.5	7.5	7.5	7.5	300
1471	2025-01-13	7.5	7.5	7.5	7.5	500
1472	2025-01-16	7.6	7.6	7.6	7.6	500
1473	2025-01-21	7.8	7.8	7.8	7.8	300
1474	2025-01-23	7.7	7.7	7.7	7.7	100
1475	2025-02-17	8.0	8.0	8.0	8.0	200
1476	2025-03-04	9.2	9.2	9.2	9.2	300
1477	2025-03-07	7.9	8.0	7.9	8.0	200
1478	2025-03-10	7.6	7.6	7.6	7.6	300
1479	2025-03-18	7.7	7.7	7.7	7.7	100
1480	2025-03-19	7.5	7.5	7.5	7.5	700
1481	2025-03-20	8.5	8.5	6.5	6.5	1500
