	time	open	high	low	close	volume
0	2021-12-27	14.74	14.74	14.74	14.74	100
1	2021-12-28	14.74	14.74	14.74	14.74	10
2	2021-12-29	16.88	16.88	16.88	16.88	100
3	2021-12-30	19.38	19.38	19.38	19.38	100
4	2021-12-31	22.24	22.24	22.24	22.24	100
5	2022-01-04	25.55	25.55	25.55	25.55	100
6	2022-01-05	29.3	29.3	29.3	29.3	500
7	2022-01-06	33.68	33.68	33.68	33.68	400
8	2022-01-07	38.68	38.68	38.68	38.68	60400
9	2022-01-10	44.4	44.4	43.77	44.4	93171
10	2022-01-11	50.92	50.92	37.79	41.09	69010
11	2022-01-12	39.75	39.75	35.02	36.54	66701
12	2022-01-13	37.16	37.25	31.8	31.98	55108
13	2022-01-14	31.27	35.55	30.37	33.86	30800
14	2022-01-17	33.05	33.05	32.16	32.16	16800
15	2022-01-18	31.35	32.16	31.27	31.62	16606
16	2022-01-19	31.27	34.39	31.27	33.95	11000
17	2022-01-20	33.95	33.95	33.05	33.5	6500
18	2022-01-21	34.39	35.73	34.39	35.2	18000
19	2022-01-24	34.93	34.93	33.5	33.5	10700
20	2022-01-25	33.5	34.84	32.43	33.05	16706
21	2022-01-26	33.32	33.95	33.32	33.5	3200
22	2022-01-27	32.16	33.05	31.98	33.05	4900
23	2022-01-28	33.68	33.68	32.16	32.16	6900
24	2022-02-07	33.05	33.14	33.05	33.14	3500
25	2022-02-08	35.64	35.64	33.14	33.86	3401
26	2022-02-09	33.5	34.39	33.5	33.59	23100
27	2022-02-10	33.23	33.5	33.05	33.5	6800
28	2022-02-11	33.32	33.86	33.32	33.59	10100
29	2022-02-14	33.05	33.5	33.05	33.41	13000
30	2022-02-15	33.05	33.68	31.62	33.68	4800
31	2022-02-16	33.05	33.32	32.69	33.32	12600
32	2022-02-17	33.41	33.68	33.05	33.68	6400
33	2022-02-18	33.5	33.5	33.32	33.32	400
34	2022-02-21	33.41	33.41	32.87	33.41	5500
35	2022-02-22	33.05	33.14	32.61	32.78	7900
36	2022-02-23	32.96	33.5	32.69	33.14	23900
37	2022-02-24	33.05	33.05	33.05	33.05	4000
38	2022-02-25	33.05	37.07	33.05	34.39	136400
39	2022-02-28	33.95	34.39	33.32	33.95	5400
40	2022-03-01	33.95	34.3	33.95	34.3	700
41	2022-03-02	33.59	33.59	32.69	32.69	13100
42	2022-03-03	32.78	33.41	32.78	32.87	11600
43	2022-03-04	33.14	33.86	32.43	33.23	9800
44	2022-03-07	33.41	33.41	32.96	32.96	14000
45	2022-03-08	32.87	33.05	32.34	33.05	13000
46	2022-03-09	32.87	32.87	32.78	32.78	6800
47	2022-03-10	32.69	32.96	32.69	32.78	7300
48	2022-03-11	32.78	32.78	32.78	32.78	100
49	2022-03-14	32.16	32.78	32.16	32.78	5200
50	2022-03-15	32.43	33.05	32.25	33.05	8700
51	2022-03-16	32.61	32.61	32.16	32.16	4300
52	2022-03-17	32.43	32.61	32.34	32.52	8100
53	2022-03-18	32.43	32.43	32.25	32.43	6500
54	2022-03-21	32.61	32.61	32.25	32.61	4300
55	2022-03-22	32.25	32.61	32.25	32.34	4200
56	2022-03-23	32.43	32.52	32.25	32.34	8300
57	2022-03-24	32.16	32.34	32.16	32.16	6900
58	2022-03-25	31.98	32.16	31.27	31.71	20900
59	2022-03-28	31.71	32.16	31.27	31.89	12700
60	2022-03-29	31.89	34.39	31.89	32.87	28600
61	2022-03-30	33.5	33.86	33.23	33.41	46100
62	2022-03-31	33.5	34.21	33.41	33.86	40600
63	2022-04-01	33.86	33.95	33.23	33.77	35500
64	2022-04-04	33.77	34.39	33.5	34.3	57100
65	2022-04-05	33.86	36.18	33.86	35.73	138800
66	2022-04-06	35.73	36.71	35.64	36.18	85300
67	2022-04-07	36.0	36.0	34.39	35.2	43400
68	2022-04-08	34.66	35.73	33.59	34.39	45600
69	2022-04-12	34.39	34.75	34.39	34.39	32300
70	2022-04-13	33.5	34.84	33.5	34.84	43400
71	2022-04-14	33.68	35.91	33.68	35.64	41700
72	2022-04-15	35.55	35.64	34.93	35.64	13300
73	2022-04-18	35.64	38.05	35.64	36.0	102400
74	2022-04-19	37.07	37.52	31.44	35.02	23300
75	2022-04-20	35.64	35.64	35.11	35.55	31000
76	2022-04-21	34.38	34.38	30.22	32.12	53200
77	2022-04-22	27.41	34.83	27.41	33.65	80800
78	2022-04-25	33.56	34.83	33.56	34.65	42800
79	2022-04-26	34.29	36.19	34.29	36.19	55800
80	2022-04-27	35.28	35.65	35.28	35.65	2500
81	2022-04-28	33.47	35.46	30.4	34.38	25600
82	2022-04-29	34.38	35.28	34.38	35.28	17200
83	2022-05-04	35.92	35.92	34.83	34.83	11200
84	2022-05-05	34.74	35.28	34.38	35.19	12900
85	2022-05-06	34.38	34.83	34.38	34.83	30700
86	2022-05-09	34.83	34.83	29.67	34.83	53600
87	2022-05-10	32.03	34.83	32.03	34.83	9600
88	2022-05-11	34.83	34.83	34.83	34.83	100
89	2022-05-12	34.38	35.65	34.38	34.83	33400
90	2022-05-13	34.74	34.74	34.38	34.38	7800
91	2022-05-16	34.38	34.38	33.93	33.93	6100
92	2022-05-17	33.47	34.74	33.47	34.74	14400
93	2022-05-18	33.93	35.19	33.93	34.83	48400
94	2022-05-19	34.74	34.83	34.74	34.83	14500
95	2022-05-20	34.74	34.74	34.38	34.38	5600
96	2022-05-23	30.85	33.93	30.85	33.93	17400
97	2022-05-24	32.57	33.93	32.57	33.93	2600
98	2022-05-25	35.28	35.28	35.28	35.28	100
99	2022-05-26	35.74	35.74	35.74	35.74	100
100	2022-05-27	33.47	33.56	33.47	33.47	900
101	2022-05-30	34.38	34.74	34.38	34.74	25000
102	2022-05-31	34.38	34.38	34.38	34.38	3300
103	2022-06-01	34.38	34.38	34.38	34.38	700
104	2022-06-02	34.38	34.38	34.38	34.38	6000
105	2022-06-03	32.12	34.83	32.12	34.83	200
106	2022-06-06	33.47	33.47	33.47	33.47	1000
107	2022-06-07	33.47	33.47	33.47	33.47	900
108	2022-06-08	33.47	33.93	33.47	33.75	5200
109	2022-06-09	33.84	33.93	33.84	33.93	800
110	2022-06-10	33.84	33.84	33.84	33.84	0
111	2022-06-13	32.03	34.38	32.03	34.38	5100
112	2022-06-14	32.75	34.38	32.75	34.38	200
113	2022-06-15	38.0	38.0	33.47	33.47	3900
114	2022-06-16	33.47	33.47	33.47	33.47	700
115	2022-06-17	32.57	33.93	32.57	33.93	200
116	2022-06-20	37.0	37.0	32.84	32.84	5600
117	2022-06-21	33.02	33.02	33.02	33.02	5000
118	2022-06-22	32.84	32.84	32.57	32.57	500
119	2022-06-23	32.3	32.3	32.3	32.3	200
120	2022-06-24	33.84	33.84	33.84	33.84	3300
121	2022-06-27	33.84	33.84	33.38	33.38	600
122	2022-06-28	33.29	33.29	33.29	33.29	2000
123	2022-06-29	33.11	33.11	32.57	32.57	700
124	2022-06-30	32.57	32.57	32.57	32.57	100
125	2022-07-01	32.57	32.57	32.57	32.57	0
126	2022-07-04	32.57	32.57	27.86	32.48	8900
127	2022-07-05	28.5	29.95	28.5	29.95	1200
128	2022-07-06	29.49	29.49	29.49	29.49	0
129	2022-07-07	29.95	32.21	29.86	32.21	4100
130	2022-07-08	29.95	29.95	29.95	29.95	100
131	2022-07-11	31.66	31.66	31.66	31.66	5600
132	2022-07-12	32.12	32.12	32.12	32.12	100
133	2022-07-13	30.04	32.57	30.04	32.57	500
134	2022-07-14	31.57	31.57	31.57	31.57	0
135	2022-07-15	32.21	32.21	32.12	32.12	400
136	2022-07-18	32.12	32.12	32.12	32.12	300
137	2022-07-19	32.12	32.12	32.12	32.12	1000
138	2022-07-20	29.95	29.95	29.95	29.95	600
139	2022-07-21	29.95	29.95	29.95	29.95	0
140	2022-07-22	30.85	31.66	30.85	31.66	1900
141	2022-07-25	31.66	31.66	31.66	31.66	0
142	2022-07-26	31.75	31.75	31.75	31.75	3000
143	2022-07-27	31.75	31.75	31.75	31.75	0
144	2022-07-28	33.84	33.84	33.84	33.84	400
145	2022-07-29	33.84	33.84	33.84	33.84	200
146	2022-08-01	33.84	33.93	33.84	33.93	600
147	2022-08-02	31.21	33.93	30.85	33.93	1300
148	2022-08-03	31.66	31.66	31.66	31.66	200
149	2022-08-04	31.66	31.66	31.66	31.66	0
150	2022-08-05	31.66	31.66	31.66	31.66	0
151	2022-08-08	28.77	32.57	28.77	32.57	1100
152	2022-08-09	30.85	34.38	30.85	34.38	200
153	2022-08-10	30.85	34.38	30.85	33.02	2200
154	2022-08-11	33.47	33.47	32.03	32.03	3300
155	2022-08-12	31.66	31.66	31.66	31.66	500
156	2022-08-15	32.12	32.12	31.66	31.66	2400
157	2022-08-16	31.94	32.57	31.85	32.57	2800
158	2022-08-17	32.12	32.12	32.12	32.12	1000
159	2022-08-18	32.48	32.48	32.48	32.48	200
160	2022-08-19	32.12	32.12	32.12	32.12	1000
161	2022-08-22	32.12	32.12	32.12	32.12	2100
162	2022-08-23	31.94	31.94	31.94	31.94	100
163	2022-08-24	29.09	32.12	29.09	32.12	400
164	2022-08-25	28.91	32.58	28.91	32.58	800
165	2022-08-26	31.75	31.75	31.75	31.75	0
166	2022-08-29	31.75	31.75	31.75	31.75	0
167	2022-08-30	32.12	32.12	31.2	31.2	2000
168	2022-08-31	31.57	31.57	31.57	31.57	0
169	2022-09-05	32.12	32.12	32.12	32.12	500
170	2022-09-06	32.03	32.03	32.03	32.03	100
171	2022-09-07	31.94	32.12	31.94	32.12	10000
172	2022-09-08	31.2	31.2	31.2	31.2	2400
173	2022-09-09	31.2	31.2	31.2	31.2	2000
174	2022-09-12	31.2	31.2	31.2	31.2	1000
175	2022-09-13	31.2	31.2	31.2	31.2	1000
176	2022-09-14	31.2	31.2	31.2	31.2	0
177	2022-09-15	29.0	29.0	29.0	29.0	700
178	2022-09-16	29.0	29.0	29.0	29.0	0
179	2022-09-19	29.0	33.04	29.0	32.12	24300
180	2022-09-20	31.66	32.3	31.66	32.3	13000
181	2022-09-21	31.2	33.04	31.2	33.04	74100
182	2022-09-22	33.04	33.04	30.93	30.93	12300
183	2022-09-23	29.0	29.0	29.0	29.0	200
184	2022-09-26	29.46	29.64	29.37	29.37	1400
185	2022-09-27	32.58	32.58	32.49	32.58	46900
186	2022-09-28	29.0	32.58	29.0	29.83	21300
187	2022-09-29	32.3	32.49	32.3	32.49	20000
188	2022-09-30	29.92	30.29	29.92	30.29	700
189	2022-10-03	30.29	30.29	30.19	30.19	1000
190	2022-10-04	25.88	31.2	25.88	31.2	200
191	2022-10-05	24.41	30.29	24.41	30.19	1200
192	2022-10-06	29.0	29.0	29.0	29.0	0
193	2022-10-07	25.24	32.03	25.24	32.03	300
194	2022-10-10	29.73	29.73	29.73	29.73	0
195	2022-10-11	25.88	30.29	25.7	30.29	1300
196	2022-10-12	30.29	30.29	30.19	30.29	2100
197	2022-10-13	30.29	32.12	30.29	32.12	22700
198	2022-10-14	32.03	32.03	32.03	32.03	0
199	2022-10-17	32.03	32.03	32.03	32.03	200
200	2022-10-18	27.44	32.3	27.44	32.3	200
201	2022-10-19	32.12	33.04	32.12	33.04	13000
202	2022-10-20	29.83	33.04	28.45	33.04	6000
203	2022-10-21	28.63	32.21	28.63	32.21	13800
204	2022-10-24	27.81	32.12	27.81	32.12	200
205	2022-10-25	32.12	32.12	27.9	32.03	700
206	2022-10-26	30.29	30.29	30.29	30.29	0
207	2022-10-27	30.29	30.29	30.29	30.29	0
208	2022-10-28	28.45	32.12	28.45	32.12	1900
209	2022-10-31	32.12	32.12	28.45	30.29	500
210	2022-11-01	30.38	30.38	30.38	30.38	300
211	2022-11-02	30.38	30.38	30.38	30.38	0
212	2022-11-03	30.38	30.38	30.38	30.38	0
213	2022-11-04	30.29	30.29	30.29	30.29	200
214	2022-11-07	30.29	30.29	29.37	29.37	4100
215	2022-11-08	31.2	31.2	31.2	31.2	100
216	2022-11-09	32.12	32.12	32.12	32.12	100
217	2022-11-10	32.12	32.12	32.12	32.12	0
218	2022-11-11	30.29	31.2	29.37	31.2	300
219	2022-11-14	30.29	30.29	30.29	30.29	100
220	2022-11-15	26.71	32.12	26.71	32.12	200
221	2022-11-16	30.29	30.29	30.29	30.29	200
222	2022-11-17	30.29	30.29	30.29	30.29	100
223	2022-11-18	30.29	30.29	30.29	30.29	100
224	2022-11-21	30.29	30.29	30.29	30.29	1100
225	2022-11-22	29.37	29.37	29.37	29.37	200
226	2022-11-23	30.29	30.29	30.29	30.29	100
227	2022-11-24	30.29	30.29	30.29	30.29	0
228	2022-11-25	30.29	30.29	30.29	30.29	0
229	2022-11-28	30.29	30.29	30.29	30.29	0
230	2022-11-29	30.29	30.29	30.29	30.29	0
231	2022-11-30	28.89	28.89	28.89	28.89	200
232	2022-12-01	31.68	31.68	31.68	31.68	100
233	2022-12-02	31.68	31.68	31.68	31.68	0
234	2022-12-05	31.68	31.68	31.68	31.68	0
235	2022-12-06	31.68	31.68	31.68	31.68	0
236	2022-12-07	27.02	27.02	27.02	27.02	100
237	2022-12-08	31.03	31.03	31.03	31.03	200
238	2022-12-09	31.03	31.03	31.03	31.03	0
239	2022-12-12	31.03	31.03	31.03	31.03	0
240	2022-12-13	27.21	27.21	27.21	27.21	8100
241	2022-12-14	31.22	31.22	31.22	31.22	100
242	2022-12-15	31.03	31.03	31.03	31.03	200
243	2022-12-16	30.94	30.94	30.75	30.75	400
244	2022-12-19	30.85	30.85	30.85	30.85	0
245	2022-12-20	27.02	27.02	27.02	27.02	500
246	2022-12-21	27.02	27.02	27.02	27.02	0
247	2022-12-22	27.02	27.02	27.02	27.02	0
248	2022-12-23	30.57	30.57	30.57	30.57	10700
249	2022-12-26	30.57	30.57	30.57	30.57	0
250	2022-12-27	30.57	30.57	30.57	30.57	0
251	2022-12-28	27.02	27.02	26.0	26.0	3500
252	2022-12-29	30.38	30.38	30.38	30.38	100
253	2022-12-30	30.38	30.38	30.38	30.38	0
254	2023-01-03	30.38	30.38	30.38	30.38	0
255	2023-01-04	30.38	30.38	30.38	30.38	0
256	2023-01-05	30.38	30.38	30.38	30.38	0
257	2023-01-06	30.38	30.38	30.38	30.38	0
258	2023-01-09	27.02	27.02	27.02	27.02	400
259	2023-01-10	27.02	27.02	26.09	26.09	700
260	2023-01-11	25.25	25.25	25.25	25.25	100
261	2023-01-12	25.25	25.25	25.25	25.25	600
262	2023-01-13	25.25	28.61	25.25	28.61	1500
263	2023-01-16	29.82	29.82	29.82	29.82	1000
264	2023-01-17	33.46	33.46	33.46	33.46	100
265	2023-01-18	28.98	28.98	28.89	28.89	300
266	2023-01-19	28.89	28.89	28.89	28.89	0
267	2023-01-27	32.99	32.99	32.99	32.99	100
268	2023-01-30	32.99	32.99	32.99	32.99	0
269	2023-01-31	29.82	29.82	28.89	28.89	400
270	2023-02-01	27.96	29.82	27.96	29.35	16000
271	2023-02-02	27.96	27.96	27.96	27.96	1700
272	2023-02-03	27.96	27.96	27.96	27.96	800
273	2023-02-06	29.82	30.01	29.82	30.01	18800
274	2023-02-07	29.82	29.82	29.82	29.82	200
275	2023-02-08	29.82	29.82	29.82	29.82	1900
276	2023-02-09	29.82	29.82	29.82	29.82	0
277	2023-02-10	29.82	29.82	29.82	29.82	0
278	2023-02-13	29.82	29.82	29.82	29.82	0
279	2023-02-14	29.82	29.82	29.82	29.82	0
280	2023-02-15	29.82	29.82	29.82	29.82	0
281	2023-02-16	29.82	30.75	29.82	30.75	21000
282	2023-02-17	30.29	30.29	30.29	30.29	0
283	2023-02-20	30.29	30.29	30.29	30.29	0
284	2023-02-21	30.75	30.75	30.75	30.75	10000
285	2023-02-22	30.75	30.75	30.75	30.75	11000
286	2023-02-23	30.75	30.75	30.75	30.75	0
287	2023-02-24	30.75	30.75	30.75	30.75	0
288	2023-02-27	30.75	30.75	30.75	30.75	0
289	2023-02-28	27.96	27.96	27.96	27.96	1600
290	2023-03-01	27.02	27.12	27.02	27.12	1200
291	2023-03-02	26.19	26.19	26.19	26.19	800
292	2023-03-03	25.25	25.25	25.25	25.25	400
293	2023-03-06	25.25	25.25	25.25	25.25	0
294	2023-03-07	28.98	28.98	28.98	28.98	100
295	2023-03-08	30.75	30.75	29.82	29.82	800
296	2023-03-09	30.57	30.57	30.57	30.57	0
297	2023-03-10	30.57	30.57	30.57	30.57	0
298	2023-03-13	30.57	30.57	30.57	30.57	0
299	2023-03-14	30.57	30.57	30.57	30.57	0
300	2023-03-15	30.57	30.57	30.57	30.57	0
301	2023-03-16	30.57	30.57	30.57	30.57	0
302	2023-03-17	30.57	30.57	30.57	30.57	0
303	2023-03-20	30.57	30.57	30.57	30.57	0
304	2023-03-21	30.57	30.57	30.57	30.57	0
305	2023-03-22	30.57	30.57	30.57	30.57	0
306	2023-03-23	30.57	30.57	30.57	30.57	0
307	2023-03-24	30.57	30.57	30.57	30.57	0
308	2023-03-27	30.57	30.57	30.57	30.57	0
309	2023-03-28	30.57	30.57	30.57	30.57	0
310	2023-03-29	30.57	30.57	30.57	30.57	0
311	2023-03-30	30.57	30.57	30.57	30.57	0
312	2023-03-31	30.57	30.57	30.57	30.57	0
313	2023-04-03	30.57	30.57	30.57	30.57	0
314	2023-04-04	30.57	30.57	30.57	30.57	3000
315	2023-04-05	30.57	30.57	30.57	30.57	0
316	2023-04-06	30.57	30.57	30.57	30.57	0
317	2023-04-07	30.57	30.57	30.57	30.57	0
318	2023-04-10	30.57	30.57	30.57	30.57	0
319	2023-04-11	30.57	30.57	30.57	30.57	0
320	2023-04-12	27.12	27.12	27.12	27.12	100
321	2023-04-13	27.96	27.96	27.96	27.96	3000
322	2023-04-14	27.96	27.96	27.96	27.96	0
323	2023-04-17	29.82	29.82	29.82	29.82	100
324	2023-04-18	29.82	29.82	29.82	29.82	0
325	2023-04-19	29.82	29.82	29.82	29.82	0
326	2023-04-20	29.82	29.82	29.82	29.82	0
327	2023-04-21	29.82	29.82	29.82	29.82	0
328	2023-04-24	30.66	30.75	30.66	30.75	4300
329	2023-04-25	30.75	30.75	30.75	30.75	0
330	2023-04-26	30.75	30.75	30.75	30.75	0
331	2023-04-27	30.75	30.75	30.75	30.75	0
332	2023-04-28	30.75	30.75	30.75	30.75	0
333	2023-05-04	30.75	30.75	30.75	30.75	0
334	2023-05-05	30.75	30.75	30.75	30.75	0
335	2023-05-08	28.05	28.05	27.96	27.96	200
336	2023-05-09	28.05	28.05	28.05	28.05	0
337	2023-05-10	30.75	30.75	30.75	30.75	100
338	2023-05-11	27.58	27.58	27.49	27.58	300
339	2023-05-12	26.75	26.75	26.56	26.56	300
340	2023-05-15	30.29	30.29	30.29	30.29	100
341	2023-05-16	26.65	26.65	26.56	26.56	300
342	2023-05-17	26.65	26.65	26.65	26.65	0
343	2023-05-18	26.65	26.65	26.65	26.65	0
344	2023-05-19	26.65	26.65	26.65	26.65	0
345	2023-05-22	29.73	29.73	29.73	29.73	100
346	2023-05-23	29.73	29.73	29.73	29.73	0
347	2023-05-24	29.73	29.73	29.73	29.73	0
348	2023-05-25	29.73	29.73	29.73	29.73	0
349	2023-05-26	29.73	29.73	29.73	29.73	0
350	2023-05-29	29.73	29.73	29.73	29.73	0
351	2023-05-30	34.11	34.11	34.11	34.11	100
352	2023-05-31	29.08	33.55	29.08	31.68	9300
353	2023-06-01	32.62	32.62	32.62	32.62	100
354	2023-06-02	32.62	34.48	32.62	34.48	800
355	2023-06-05	33.18	33.55	33.18	33.55	800
356	2023-06-06	33.46	33.46	33.46	33.46	0
357	2023-06-07	33.46	33.46	33.46	33.46	0
358	2023-06-08	31.68	31.68	31.68	31.68	4000
359	2023-06-09	32.52	32.52	32.52	32.52	200
360	2023-06-12	32.52	32.52	32.52	32.52	0
361	2023-06-13	32.43	32.43	32.43	32.43	2300
362	2023-06-14	32.62	32.62	32.62	32.62	2000
363	2023-06-15	32.62	32.62	32.62	32.62	0
364	2023-06-16	32.52	32.52	28.05	28.14	5700
365	2023-06-19	28.24	28.24	28.24	28.24	1000
366	2023-06-20	28.24	28.24	28.24	28.24	0
367	2023-06-21	28.24	28.24	28.24	28.24	0
368	2023-06-22	28.24	28.24	28.24	28.24	0
369	2023-06-23	32.24	32.24	31.87	31.87	4600
370	2023-06-26	32.06	32.06	32.06	32.06	0
371	2023-06-27	28.05	28.05	28.05	28.05	1800
372	2023-06-28	28.05	28.05	28.05	28.05	0
373	2023-06-29	28.05	28.05	28.05	28.05	0
374	2023-06-30	28.05	28.05	28.05	28.05	0
375	2023-07-03	28.05	28.05	28.05	28.05	0
376	2023-07-04	28.05	28.05	28.05	28.05	0
377	2023-07-05	28.05	28.05	28.05	28.05	0
378	2023-07-06	28.05	28.05	28.05	28.05	0
379	2023-07-07	28.05	28.05	28.05	28.05	0
380	2023-07-10	28.05	28.05	28.05	28.05	0
381	2023-07-11	28.05	28.05	28.05	28.05	0
382	2023-07-12	26.09	26.09	26.09	26.09	100
383	2023-07-13	26.65	26.65	26.65	26.65	100
384	2023-07-14	29.54	29.82	26.84	26.84	1100
385	2023-07-17	29.45	33.73	29.45	32.62	11000
386	2023-07-18	35.41	35.41	32.62	32.71	14900
387	2023-07-19	32.62	32.71	32.62	32.71	1500
388	2023-07-20	29.82	29.82	29.82	29.82	100
389	2023-07-21	28.05	32.52	28.05	32.52	400
390	2023-07-24	28.14	33.36	28.14	32.43	1400
391	2023-07-25	29.35	29.73	29.08	29.63	900
392	2023-07-26	28.05	29.35	28.05	29.35	2600
393	2023-07-27	28.33	29.45	28.33	29.35	3500
394	2023-07-28	30.29	30.29	30.29	30.29	500
395	2023-07-31	28.98	29.08	28.98	28.98	5300
396	2023-08-01	29.73	29.82	28.52	28.52	1600
397	2023-08-02	29.35	29.35	28.89	28.89	4200
398	2023-08-03	29.08	29.08	29.08	29.08	100
399	2023-08-04	28.14	28.42	28.14	28.42	500
400	2023-08-07	28.52	28.89	28.52	28.89	2000
401	2023-08-08	28.89	29.26	28.89	29.26	600
402	2023-08-09	30.19	30.29	29.35	29.35	1700
403	2023-08-10	29.45	29.82	29.45	29.82	3100
404	2023-08-11	30.01	30.01	30.01	30.01	500
405	2023-08-14	30.1	30.19	30.1	30.19	4500
406	2023-08-15	30.29	30.75	28.61	30.01	29400
407	2023-08-16	30.01	30.01	30.01	30.01	400
408	2023-08-17	30.01	30.01	30.01	30.01	0
409	2023-08-18	30.01	30.01	30.01	30.01	11005
410	2023-08-21	28.42	28.42	28.42	28.42	190
411	2023-08-22	28.42	28.42	28.42	28.42	0
412	2023-08-23	30.29	30.29	30.29	30.29	4000
413	2023-08-24	30.29	30.75	30.29	30.29	9900
414	2023-08-25	32.62	32.8	29.17	29.17	104400
415	2023-08-28	28.98	31.68	28.98	31.68	16000
416	2023-08-29	31.68	31.68	31.68	31.68	5000
417	2023-08-30	31.68	31.68	31.68	31.68	0
418	2023-08-31	32.24	32.24	32.24	32.24	100
419	2023-09-05	32.62	32.62	32.62	32.62	172005
420	2023-09-06	32.62	32.62	32.62	32.62	0
421	2023-09-07	32.62	32.62	32.62	32.62	0
422	2023-09-08	32.99	32.99	29.82	29.91	300
423	2023-09-11	29.91	32.62	29.91	32.62	700
424	2023-09-12	32.62	32.62	30.75	30.75	34200
425	2023-09-13	32.52	32.62	32.52	32.62	7000
426	2023-09-14	33.38	33.38	33.38	33.38	105000
427	2023-09-15	33.38	33.38	33.38	33.38	0
428	2023-09-18	33.38	33.38	33.38	33.38	0
429	2023-09-19	33.38	33.38	33.38	33.38	0
430	2023-09-20	33.38	33.38	33.38	33.38	0
431	2023-09-21	33.38	33.38	33.38	33.38	142100
432	2023-09-22	33.38	33.38	33.38	33.38	0
433	2023-09-25	33.29	33.29	33.29	33.29	100
434	2023-09-26	33.29	33.29	33.29	33.29	0
435	2023-09-27	33.29	34.33	33.29	34.33	35000
436	2023-09-28	33.38	33.38	33.38	33.38	3100
437	2023-09-29	33.38	33.38	33.38	33.38	0
438	2023-10-02	33.38	33.38	33.38	33.38	0
439	2023-10-03	29.57	29.57	29.57	29.57	100
440	2023-10-04	33.95	33.95	33.95	33.95	100
441	2023-10-05	35.19	35.29	35.1	35.1	28000
442	2023-10-06	32.43	32.43	32.43	32.43	300
443	2023-10-09	32.43	32.43	32.43	32.43	200
444	2023-10-10	32.43	32.43	32.43	32.43	0
445	2023-10-11	32.43	32.43	32.43	32.43	200
446	2023-10-12	32.43	32.43	32.43	32.43	0
447	2023-10-13	32.43	32.43	32.43	32.43	100
448	2023-10-16	34.81	35.29	34.33	35.29	26200
449	2023-10-17	36.05	36.24	35.1	35.1	1700
450	2023-10-18	33.38	35.29	33.38	35.29	300
451	2023-10-19	33.38	33.38	33.38	33.38	300
452	2023-10-20	33.38	33.57	32.9	33.57	2200
453	2023-10-23	33.19	33.19	33.19	33.19	0
454	2023-10-24	33.19	33.19	33.19	33.19	5100
455	2023-10-25	33.19	33.19	33.19	33.19	0
456	2023-10-26	33.19	33.19	33.19	33.19	0
457	2023-10-27	33.19	33.19	33.19	33.19	0
458	2023-10-30	29.18	33.19	29.18	33.19	700
459	2023-10-31	33.38	33.38	33.38	33.38	100
460	2023-11-01	33.38	33.38	33.38	33.38	0
461	2023-11-02	33.38	33.38	33.38	33.38	0
462	2023-11-03	35.77	35.77	33.38	33.38	16300
463	2023-11-06	35.19	36.24	35.19	36.24	10000
464	2023-11-07	36.24	36.24	36.24	36.24	0
465	2023-11-08	36.24	36.24	36.24	36.24	0
466	2023-11-09	35.29	35.29	35.29	35.29	1001
467	2023-11-10	35.29	35.29	35.29	35.29	0
468	2023-11-13	35.29	35.29	35.29	35.29	0
469	2023-11-14	35.29	35.29	35.29	35.29	0
470	2023-11-15	35.29	35.29	35.29	35.29	0
471	2023-11-16	35.29	35.29	35.29	35.29	0
472	2023-11-17	35.29	35.29	35.29	35.29	0
473	2023-11-20	35.29	35.29	35.29	35.29	0
474	2023-11-21	35.29	35.29	35.29	35.29	0
475	2023-11-22	35.29	35.29	35.29	35.29	0
476	2023-11-23	30.52	34.81	30.52	34.81	200
477	2023-11-24	32.71	32.71	32.71	32.71	0
478	2023-11-27	32.71	32.71	32.71	32.71	0
479	2023-11-28	29.57	29.57	29.57	29.57	500
480	2023-11-29	29.95	30.05	29.95	30.05	400
481	2023-11-30	30.15	30.53	30.15	30.34	3200
482	2023-12-01	30.53	30.53	30.44	30.44	200
483	2023-12-04	30.53	30.53	30.53	30.53	0
484	2023-12-05	30.53	30.53	30.53	30.53	0
485	2023-12-06	30.53	30.53	30.53	30.53	0
486	2023-12-07	30.53	30.53	30.53	30.53	0
487	2023-12-08	33.82	35.07	33.82	34.98	29601
488	2023-12-11	35.07	35.07	35.07	35.07	0
489	2023-12-12	35.07	35.07	35.07	35.07	0
490	2023-12-13	35.07	35.07	35.07	35.07	0
491	2023-12-14	35.07	35.07	35.07	35.07	0
492	2023-12-15	35.07	35.07	35.07	35.07	0
493	2023-12-18	35.07	35.07	35.07	35.07	0
494	2023-12-19	35.07	35.07	35.07	35.07	0
495	2023-12-20	35.07	35.07	35.07	35.07	0
496	2023-12-21	35.07	35.07	35.07	35.07	0
497	2023-12-22	35.07	35.07	35.07	35.07	0
498	2023-12-25	35.07	35.07	35.07	35.07	100
499	2023-12-26	30.92	30.92	30.53	30.53	500
500	2023-12-27	35.17	35.17	35.07	35.17	18601
501	2023-12-28	34.78	34.78	34.78	34.78	600
502	2023-12-29	34.78	34.78	34.78	34.78	0
503	2024-01-02	34.78	34.78	34.78	34.78	0
504	2024-01-03	34.78	34.78	34.78	34.78	0
505	2024-01-04	34.78	34.78	34.78	34.78	0
506	2024-01-05	34.78	34.78	34.78	34.78	0
507	2024-01-08	34.78	34.78	34.78	34.78	0
508	2024-01-09	32.85	32.85	32.85	32.85	501
509	2024-01-10	32.85	32.85	30.92	30.92	3800
510	2024-01-11	32.17	32.17	32.17	32.17	0
511	2024-01-12	32.17	32.17	32.17	32.17	0
512	2024-01-15	32.17	32.17	32.17	32.17	0
513	2024-01-16	32.17	32.17	32.17	32.17	0
514	2024-01-17	32.17	32.17	32.17	32.17	0
515	2024-01-18	32.17	32.17	32.17	32.17	0
516	2024-01-19	32.17	32.17	32.17	32.17	0
517	2024-01-22	32.17	32.17	32.17	32.17	0
518	2024-01-23	32.17	32.17	32.17	32.17	0
519	2024-01-24	32.17	32.17	32.17	32.17	0
520	2024-01-25	32.85	32.85	32.85	32.85	100
521	2024-01-26	32.85	32.85	32.85	32.85	0
522	2024-01-29	32.85	32.85	32.85	32.85	0
523	2024-01-30	32.85	32.85	32.85	32.85	0
524	2024-01-31	32.85	32.85	32.85	32.85	0
525	2024-02-01	32.85	32.85	32.85	32.85	0
526	2024-02-02	32.85	32.85	32.85	32.85	0
527	2024-02-05	32.85	32.85	32.85	32.85	0
528	2024-02-06	32.85	32.85	32.85	32.85	0
529	2024-02-07	32.85	32.85	32.85	32.85	0
530	2024-02-15	32.85	32.85	32.85	32.85	0
531	2024-02-16	32.85	32.85	32.85	32.85	0
532	2024-02-19	32.85	32.85	32.85	32.85	0
533	2024-02-20	30.44	30.44	30.44	30.44	300
534	2024-02-21	30.44	30.44	30.44	30.44	0
535	2024-02-22	30.44	30.44	30.44	30.44	0
536	2024-02-23	30.44	30.44	30.44	30.44	0
537	2024-02-26	30.44	30.44	30.44	30.44	0
538	2024-02-27	30.44	30.44	30.44	30.44	0
539	2024-02-28	30.92	31.88	30.92	31.88	200
540	2024-02-29	32.85	32.85	32.85	32.85	900
541	2024-03-01	33.43	33.43	33.43	33.43	1700
542	2024-03-04	33.43	33.43	33.43	33.43	0
543	2024-03-05	33.43	33.43	33.43	33.43	0
544	2024-03-06	29.95	29.95	29.95	29.95	100
545	2024-03-07	29.95	29.95	29.95	29.95	0
546	2024-03-08	29.95	29.95	29.95	29.95	0
547	2024-03-11	29.95	29.95	29.95	29.95	0
548	2024-03-12	31.4	31.4	31.4	31.4	100
549	2024-03-13	31.88	32.46	31.88	32.46	200
550	2024-03-14	32.17	32.17	32.17	32.17	0
551	2024-03-15	32.17	32.17	32.17	32.17	0
552	2024-03-18	32.17	32.17	32.17	32.17	1800
553	2024-03-19	32.17	32.17	32.17	32.17	200
554	2024-03-20	32.17	32.17	32.17	32.17	0
555	2024-03-21	32.17	32.17	32.17	32.17	0
556	2024-03-22	32.17	32.17	32.17	32.17	0
557	2024-03-25	32.17	32.17	32.17	32.17	0
558	2024-03-26	30.05	30.05	29.95	29.95	5000
559	2024-03-27	30.15	30.15	30.15	30.15	100
560	2024-03-28	30.15	30.15	30.15	30.15	100
561	2024-03-29	30.15	30.15	30.15	30.15	0
562	2024-04-01	30.92	30.92	30.92	30.92	2000
563	2024-04-02	30.92	30.92	30.92	30.92	0
564	2024-04-03	30.92	30.92	30.92	30.92	0
565	2024-04-04	30.92	30.92	30.92	30.92	0
566	2024-04-05	30.92	30.92	30.92	30.92	0
567	2024-04-08	30.92	30.92	30.92	30.92	1000
568	2024-04-09	30.92	30.92	30.92	30.92	0
569	2024-04-10	30.44	30.44	30.15	30.15	2400
570	2024-04-11	30.92	30.92	30.92	30.92	1000
571	2024-04-12	30.92	30.92	30.92	30.92	100
572	2024-04-15	30.53	30.53	30.53	30.53	500
573	2024-04-16	30.53	30.53	30.53	30.53	0
574	2024-04-17	30.53	30.53	30.53	30.53	500
575	2024-04-19	30.53	30.53	30.53	30.53	0
576	2024-04-22	30.92	30.92	30.92	30.92	1000
577	2024-04-23	30.92	30.92	30.92	30.92	3000
578	2024-04-24	31.5	31.5	31.5	31.5	200
579	2024-04-25	31.5	31.5	31.5	31.5	0
580	2024-04-26	30.92	30.92	30.92	30.92	201
581	2024-05-02	30.92	30.92	30.92	30.92	0
582	2024-05-03	30.92	30.92	30.92	30.92	0
583	2024-05-06	28.99	28.99	28.99	28.99	300
584	2024-05-07	28.99	28.99	28.99	28.99	0
585	2024-05-08	30.92	30.92	30.44	30.92	1200
586	2024-05-09	30.92	30.92	29.47	30.92	2400
587	2024-05-10	29.08	30.92	29.08	30.92	1500
588	2024-05-13	29.76	29.76	29.47	29.47	1000
589	2024-05-14	30.05	30.05	30.05	30.05	1000
590	2024-05-15	30.53	30.53	30.53	30.53	100
591	2024-05-16	30.73	30.92	30.73	30.92	1100
592	2024-05-17	30.92	30.92	30.92	30.92	10200
593	2024-05-20	30.92	30.92	30.92	30.92	0
594	2024-05-21	30.92	30.92	30.92	30.92	500
595	2024-05-22	30.92	30.92	30.92	30.92	1500
596	2024-05-23	30.92	30.92	30.92	30.92	0
597	2024-05-24	30.92	30.92	30.92	30.92	0
598	2024-05-27	30.15	30.15	30.05	30.05	3000
599	2024-05-28	30.92	30.92	30.05	30.05	4000
600	2024-05-29	30.44	30.44	27.54	28.31	8100
601	2024-05-30	28.31	28.5	28.31	28.5	4300
602	2024-05-31	28.5	29.95	28.21	29.95	2700
603	2024-06-03	29.37	29.37	27.73	29.28	5400
604	2024-06-04	28.31	30.92	28.12	29.95	600
605	2024-06-05	28.99	30.92	28.12	30.15	10700
606	2024-06-06	28.79	28.79	28.41	28.41	8200
607	2024-06-07	28.6	30.92	28.6	30.92	5700
608	2024-06-10	29.28	29.28	29.28	29.28	0
609	2024-06-11	32.37	32.56	32.37	32.56	500
610	2024-06-12	30.53	30.92	30.53	30.92	4000
611	2024-06-13	31.02	31.11	31.02	31.11	600
612	2024-06-14	31.11	31.21	31.11	31.21	2200
613	2024-06-17	30.05	32.17	30.05	32.17	1100
614	2024-06-18	30.92	30.92	30.92	30.92	400
615	2024-06-19	30.82	30.92	30.63	30.92	3600
616	2024-06-20	31.02	31.88	26.09	31.88	15900
617	2024-06-21	28.99	31.88	28.6	31.88	5600
618	2024-06-24	29.18	31.02	29.18	30.92	3600
619	2024-06-25	29.28	29.28	29.28	29.28	3000
620	2024-06-26	30.24	30.24	30.24	30.24	3000
621	2024-06-27	29.66	29.66	29.66	29.66	3000
622	2024-06-28	29.86	31.02	29.86	30.92	13200
623	2024-07-01	30.92	30.92	26.28	26.28	20000
624	2024-07-02	28.99	30.73	23.48	30.73	31800
625	2024-07-03	29.66	29.66	29.57	29.66	2400
626	2024-07-04	31.88	32.85	29.86	31.88	26600
627	2024-07-05	32.85	32.85	31.4	31.4	3500
628	2024-07-08	31.59	31.59	31.59	31.59	0
629	2024-07-09	31.88	32.85	31.88	32.85	900
630	2024-07-10	32.66	32.75	32.66	32.75	400
631	2024-07-11	32.75	32.75	32.75	32.75	0
632	2024-07-12	32.75	32.75	32.75	32.75	0
633	2024-07-15	32.75	32.75	32.75	32.75	0
634	2024-07-16	30.05	31.02	30.05	30.92	32700
635	2024-07-17	32.75	32.85	32.75	32.75	1100
636	2024-07-18	32.85	32.85	32.85	32.85	0
637	2024-07-19	29.95	29.95	29.86	29.86	200
638	2024-07-22	29.95	30.44	29.95	30.44	10800
639	2024-07-23	29.95	30.34	29.95	30.34	4100
640	2024-07-24	30.34	30.34	30.34	30.34	0
641	2024-07-25	30.34	30.34	30.34	30.34	0
642	2024-07-26	30.34	30.34	30.34	30.34	0
643	2024-07-29	30.34	33.72	30.34	33.72	7000
644	2024-07-30	33.24	33.24	33.24	33.24	0
645	2024-07-31	33.24	33.24	33.24	33.24	0
646	2024-08-01	29.47	32.75	29.08	32.75	11500
647	2024-08-02	32.37	32.37	32.37	32.37	0
648	2024-08-05	32.37	32.37	32.37	32.37	0
649	2024-08-06	31.88	32.37	31.88	31.88	2200
650	2024-08-07	32.08	32.08	32.08	32.08	0
651	2024-08-08	32.08	32.08	32.08	32.08	0
652	2024-08-09	32.08	32.08	32.08	32.08	0
653	2024-08-12	31.79	31.79	29.95	29.95	1700
654	2024-08-13	31.69	31.69	31.69	31.69	400
655	2024-08-14	31.69	31.69	31.69	31.69	0
656	2024-08-15	31.69	31.69	31.69	31.69	0
657	2024-08-16	31.69	31.69	31.69	31.69	0
658	2024-08-19	31.69	31.69	31.69	31.69	0
659	2024-08-20	31.69	31.69	31.69	31.69	0
660	2024-08-21	31.79	31.79	31.79	31.79	6700
661	2024-08-22	31.79	31.79	31.79	31.79	0
662	2024-08-23	31.4	31.4	31.4	31.4	200
663	2024-08-26	31.4	31.59	31.4	31.4	5200
664	2024-08-27	31.4	31.69	31.4	31.69	1100
665	2024-08-28	31.4	31.4	31.4	31.4	0
666	2024-08-29	31.4	31.4	31.4	31.4	0
667	2024-08-30	31.4	31.4	31.4	31.4	0
668	2024-09-04	31.4	31.4	31.4	31.4	0
669	2024-09-05	32.0	32.0	32.0	32.0	2000
670	2024-09-06	31.9	31.9	31.9	31.9	100
671	2024-09-09	32.0	32.0	31.9	31.9	4900
672	2024-09-10	32.0	32.0	32.0	32.0	1600
673	2024-09-11	32.0	32.0	32.0	32.0	100
674	2024-09-12	32.5	32.5	32.5	32.5	500
675	2024-09-16	32.5	32.5	32.5	32.5	600
676	2024-09-17	33.0	33.0	33.0	33.0	1400
677	2024-09-27	33.0	33.0	28.7	28.7	7000
678	2024-09-30	33.5	33.5	33.5	33.5	100
679	2024-10-04	31.1	31.1	31.0	31.0	1100
680	2024-10-09	31.0	31.0	31.0	31.0	3000
681	2024-10-11	31.0	31.0	31.0	31.0	2000
682	2024-10-15	30.9	30.9	30.9	30.9	200
683	2024-10-17	34.0	34.0	34.0	34.0	100
684	2024-10-23	33.9	33.9	33.5	33.5	400
685	2024-10-29	33.5	33.6	33.5	33.6	2000
686	2024-11-04	33.5	33.5	33.5	33.5	600
687	2024-11-06	33.6	33.6	33.6	33.6	2500
688	2024-11-07	33.6	33.6	33.6	33.6	4800
689	2024-11-08	33.6	33.6	33.6	33.6	7800
690	2024-11-11	33.6	34.0	33.6	34.0	7300
691	2024-11-13	34.0	34.0	34.0	34.0	4100
692	2024-11-21	34.0	34.0	34.0	34.0	1800
693	2024-11-22	34.0	34.0	34.0	34.0	2200
694	2024-11-25	34.0	34.0	34.0	34.0	3700
695	2024-11-26	34.0	34.0	34.0	34.0	200
696	2024-11-27	34.0	34.0	34.0	34.0	1000
697	2024-11-28	34.0	34.0	34.0	34.0	21000
698	2024-12-03	35.0	35.0	35.0	35.0	100
699	2024-12-05	35.0	35.0	35.0	35.0	200
700	2024-12-06	34.5	34.5	34.5	34.5	100
701	2024-12-09	35.0	35.0	35.0	35.0	100
702	2024-12-10	35.0	35.0	35.0	35.0	300
703	2024-12-12	35.0	35.0	35.0	35.0	500
704	2024-12-18	34.0	34.0	34.0	34.0	100
705	2024-12-19	34.0	34.0	34.0	34.0	600
706	2024-12-20	35.2	35.2	35.2	35.2	200
707	2024-12-24	34.5	34.5	34.5	34.5	100
708	2024-12-30	34.4	34.4	34.0	34.0	1000
709	2025-01-02	34.0	34.0	34.0	34.0	200
710	2025-01-08	33.0	33.0	33.0	33.0	1000
711	2025-01-10	33.0	33.0	33.0	33.0	1000
712	2025-01-14	33.0	33.0	33.0	33.0	500
713	2025-01-16	33.5	33.5	33.5	33.5	1000
714	2025-01-17	34.0	34.0	34.0	34.0	1100
715	2025-01-20	34.0	35.0	34.0	35.0	3500
716	2025-01-22	34.0	34.5	34.0	34.5	200
717	2025-01-23	34.0	35.0	34.0	35.0	9300
718	2025-01-24	34.0	34.0	34.0	34.0	100
719	2025-02-03	34.0	34.0	34.0	34.0	100
720	2025-02-04	36.5	36.9	36.5	36.9	4800
721	2025-02-06	36.9	36.9	36.9	36.9	1000
722	2025-02-11	36.9	36.9	36.9	36.9	9000
723	2025-02-12	36.9	36.9	36.9	36.9	2100
724	2025-02-14	36.8	38.0	36.8	37.5	18300
725	2025-02-17	37.8	38.0	37.8	38.0	12200
726	2025-02-18	37.9	38.0	37.5	38.0	2900
727	2025-02-19	38.0	39.5	37.5	37.5	2100
728	2025-02-20	37.5	38.5	37.5	38.5	3000
729	2025-02-21	37.5	37.5	37.5	37.5	100
730	2025-02-24	38.0	38.0	37.5	37.5	25400
731	2025-02-26	37.5	37.6	37.5	37.6	600
732	2025-02-27	38.0	38.0	38.0	38.0	4000
733	2025-02-28	38.0	38.0	38.0	38.0	3000
734	2025-03-04	38.0	38.0	38.0	38.0	3000
735	2025-03-06	37.0	37.0	37.0	37.0	2000
736	2025-03-07	37.0	37.5	37.0	37.0	5600
737	2025-03-10	37.5	37.9	37.5	37.9	2000
738	2025-03-11	37.5	37.5	37.5	37.5	100
739	2025-03-13	37.5	37.5	37.5	37.5	500
740	2025-03-14	37.5	37.5	37.5	37.5	100
741	2025-03-18	38.8	38.8	37.5	37.5	1600
742	2025-03-21	36.6	36.6	36.6	36.6	100
743	2025-03-25	37.8	37.8	37.8	37.8	100
744	2025-03-27	37.8	37.8	36.5	37.5	6800
745	2025-03-28	37.1	37.1	37.0	37.0	4300
746	2025-03-31	37.0	37.0	37.0	37.0	2800
