	time	open	high	low	close	volume
0	2017-11-28	10.06	10.06	9.8	9.8	400
1	2017-11-29	9.93	9.93	9.93	9.93	0
2	2017-11-30	9.93	9.93	9.93	9.93	100
3	2017-12-01	9.93	9.93	9.93	9.93	0
4	2017-12-04	9.93	9.93	9.93	9.93	0
5	2017-12-05	9.93	9.93	9.93	9.93	0
6	2017-12-06	9.93	9.93	9.93	9.93	0
7	2017-12-07	9.93	9.93	9.93	9.93	0
8	2017-12-08	11.04	11.04	10.97	11.04	1200
9	2017-12-11	10.97	10.97	10.97	10.97	0
10	2017-12-12	10.97	10.97	10.97	10.97	0
11	2017-12-13	10.97	10.97	10.97	10.97	0
12	2017-12-14	10.97	10.97	10.97	10.97	0
13	2017-12-15	10.97	10.97	10.97	10.97	500
14	2017-12-18	10.97	10.97	10.97	10.97	0
15	2017-12-19	10.97	10.97	10.97	10.97	0
16	2017-12-20	10.97	10.97	10.97	10.97	700
17	2017-12-21	10.97	10.97	10.97	10.97	0
18	2017-12-22	10.97	10.97	10.97	10.97	1000
19	2017-12-25	10.97	10.97	10.97	10.97	100
20	2017-12-26	10.97	10.97	10.97	10.97	0
21	2017-12-27	10.97	10.97	10.97	10.97	0
22	2017-12-28	10.97	10.97	10.97	10.97	0
23	2017-12-29	10.97	10.97	10.97	10.97	0
24	2018-01-02	10.97	10.97	10.97	10.97	0
25	2018-01-03	10.97	10.97	10.97	10.97	0
26	2018-01-04	10.97	10.97	10.97	10.97	0
27	2018-01-05	10.97	10.97	10.97	10.97	0
28	2018-01-08	10.97	10.97	10.97	10.97	0
29	2018-01-09	10.97	10.97	10.97	10.97	0
30	2018-01-10	10.97	10.97	10.97	10.97	0
31	2018-01-11	10.97	10.97	10.97	10.97	0
32	2018-01-12	10.97	10.97	10.97	10.97	0
33	2018-01-15	10.97	10.97	10.97	10.97	0
34	2018-01-16	10.97	10.97	10.97	10.97	0
35	2018-01-17	10.97	10.97	10.97	10.97	0
36	2018-01-18	10.97	10.97	10.97	10.97	0
37	2018-01-19	10.97	10.97	10.97	10.97	0
38	2018-01-22	10.97	10.97	10.97	10.97	0
39	2018-01-23	10.97	10.97	10.97	10.97	0
40	2018-01-24	10.97	10.97	10.97	10.97	0
41	2018-01-25	10.97	10.97	10.97	10.97	0
42	2018-01-26	10.97	10.97	10.97	10.97	0
43	2018-01-29	10.97	10.97	10.97	10.97	0
44	2018-01-30	10.97	10.97	10.97	10.97	0
45	2018-01-31	10.97	10.97	10.97	10.97	0
46	2018-02-01	10.97	10.97	10.97	10.97	0
47	2018-02-02	10.97	10.97	10.97	10.97	0
48	2018-02-05	10.97	10.97	10.97	10.97	0
49	2018-02-06	6.6	6.6	6.6	6.6	1400
50	2018-02-07	6.47	7.18	6.47	7.18	2000
51	2018-02-08	6.86	6.86	6.86	6.86	0
52	2018-02-09	6.86	6.86	6.86	6.86	0
53	2018-02-12	6.86	6.86	6.86	6.86	0
54	2018-02-13	6.86	6.86	6.86	6.86	0
55	2018-02-21	6.86	6.86	6.86	6.86	0
56	2018-02-22	5.88	5.94	5.88	5.94	2000
57	2018-02-23	5.23	5.23	5.09	5.09	2000
58	2018-02-26	4.44	4.44	4.44	4.44	1000
59	2018-02-27	4.44	4.44	4.44	4.44	0
60	2018-02-28	3.98	3.98	3.92	3.92	1200
61	2018-03-01	3.98	3.98	3.98	3.98	0
62	2018-03-02	3.66	3.66	3.59	3.59	3200
63	2018-03-05	3.59	3.59	3.59	3.59	0
64	2018-03-06	3.59	3.59	3.59	3.59	0
65	2018-03-07	3.59	3.59	3.59	3.59	0
66	2018-03-08	3.59	3.59	3.59	3.59	0
67	2018-03-09	3.59	3.59	3.59	3.59	7600
68	2018-03-12	3.59	3.59	3.59	3.59	0
69	2018-03-13	3.59	3.59	3.59	3.59	5200
70	2018-03-14	3.59	3.59	3.59	3.59	0
71	2018-03-15	3.59	3.59	3.59	3.59	2000
72	2018-03-16	3.59	3.59	3.59	3.59	0
73	2018-03-19	3.59	3.59	3.59	3.59	4800
74	2018-03-20	3.98	3.98	3.98	3.98	100
75	2018-03-21	3.98	3.98	3.98	3.98	0
76	2018-03-22	4.57	4.57	4.57	4.57	100
77	2018-03-23	4.57	4.57	4.57	4.57	0
78	2018-03-26	4.57	4.57	4.57	4.57	0
79	2018-03-27	4.57	4.57	4.57	4.57	500
80	2018-03-28	5.09	5.09	5.09	5.09	200
81	2018-03-29	5.09	5.09	5.09	5.09	0
82	2018-03-30	5.09	5.09	5.09	5.09	0
83	2018-04-02	5.09	5.09	5.09	5.09	0
84	2018-04-03	4.38	4.38	4.38	4.38	100
85	2018-04-04	4.38	4.38	4.38	4.38	0
86	2018-04-05	4.38	4.38	4.38	4.38	0
87	2018-04-06	4.9	4.9	4.9	4.9	100
88	2018-04-09	4.9	4.9	4.9	4.9	0
89	2018-04-10	4.9	4.9	4.9	4.9	0
90	2018-04-11	4.9	4.9	4.9	4.9	0
91	2018-04-12	4.9	4.9	4.9	4.9	0
92	2018-04-13	4.9	4.9	4.9	4.9	0
93	2018-04-16	4.9	4.9	4.9	4.9	0
94	2018-04-17	4.9	4.9	4.9	4.9	0
95	2018-04-18	4.9	4.9	4.9	4.9	0
96	2018-04-19	4.9	4.9	4.9	4.9	0
97	2018-04-20	4.9	4.9	4.9	4.9	0
98	2018-04-23	4.9	4.9	4.9	4.9	0
99	2018-04-24	5.42	5.42	5.42	5.42	100
100	2018-04-26	5.42	5.42	5.42	5.42	0
101	2018-04-27	5.42	5.42	5.42	5.42	0
102	2018-05-02	5.42	5.42	5.42	5.42	0
103	2018-05-03	5.42	5.42	5.42	5.42	0
104	2018-05-04	5.42	5.42	5.42	5.42	0
105	2018-05-07	5.42	5.42	5.42	5.42	0
106	2018-05-08	5.42	5.42	5.42	5.42	0
107	2018-05-09	5.42	5.42	5.42	5.42	0
108	2018-05-10	5.42	5.42	5.42	5.42	0
109	2018-05-11	5.42	5.42	5.42	5.42	0
110	2018-05-14	5.42	5.42	5.42	5.42	0
111	2018-05-15	5.42	5.42	5.42	5.42	0
112	2018-05-16	5.42	5.42	5.42	5.42	0
113	2018-05-17	4.64	4.64	4.64	4.64	200
114	2018-05-18	3.98	3.98	3.98	3.98	900
115	2018-05-21	4.51	4.51	4.51	4.51	100
116	2018-05-22	3.92	3.92	3.92	3.92	400
117	2018-05-23	3.4	4.18	3.4	4.18	200
118	2018-05-24	4.18	4.18	4.18	4.18	100
119	2018-05-25	4.18	4.18	4.18	4.18	0
120	2018-05-28	4.18	4.18	4.18	4.18	0
121	2018-05-29	4.18	4.18	4.18	4.18	0
122	2018-05-30	4.18	4.18	4.18	4.18	0
123	2018-05-31	4.18	4.18	4.18	4.18	0
124	2018-06-01	3.66	3.66	3.66	3.66	1300
125	2018-06-04	4.11	4.11	4.11	4.11	100
126	2018-06-05	4.11	4.11	4.11	4.11	0
127	2018-06-06	4.11	4.11	4.11	4.11	0
128	2018-06-07	4.11	4.11	4.11	4.11	0
129	2018-06-08	4.11	4.11	4.11	4.11	0
130	2018-06-11	4.11	4.11	4.11	4.11	0
131	2018-06-12	4.11	4.11	4.11	4.11	0
132	2018-06-13	4.11	4.11	4.11	4.11	0
133	2018-06-14	4.64	4.64	4.64	4.64	100
134	2018-06-15	4.64	4.64	4.64	4.64	0
135	2018-06-18	4.64	4.64	4.64	4.64	0
136	2018-06-19	4.64	4.64	4.64	4.64	0
137	2018-06-20	4.64	4.64	4.64	4.64	0
138	2018-06-21	4.64	4.64	4.64	4.64	0
139	2018-06-22	4.64	4.64	4.64	4.64	0
140	2018-06-25	3.98	3.98	3.98	3.98	200
141	2018-06-26	3.4	3.4	3.4	3.4	2800
142	2018-06-27	3.0	3.72	2.94	3.59	3000
143	2018-06-28	3.53	3.53	3.53	3.53	100
144	2018-06-29	3.59	3.59	3.53	3.53	1100
145	2018-07-02	3.59	3.59	3.59	3.59	0
146	2018-07-03	3.59	3.59	3.59	3.59	0
147	2018-07-04	3.59	3.59	3.59	3.59	0
148	2018-07-05	3.59	3.59	3.59	3.59	0
149	2018-07-06	3.59	3.59	3.59	3.59	0
150	2018-07-09	3.59	3.59	3.59	3.59	0
151	2018-07-10	3.59	3.59	3.59	3.59	0
152	2018-07-11	3.59	3.59	3.59	3.59	0
153	2018-07-12	3.59	3.59	3.59	3.59	300
154	2018-07-13	3.59	3.59	3.59	3.59	0
155	2018-07-16	3.59	3.59	3.59	3.59	0
156	2018-07-17	3.59	3.59	3.59	3.59	0
157	2018-07-18	3.59	3.59	3.59	3.59	0
158	2018-07-19	3.59	3.59	3.59	3.59	0
159	2018-07-20	3.59	3.59	3.59	3.59	0
160	2018-07-23	3.59	3.59	3.59	3.59	0
161	2018-07-24	3.59	3.59	3.59	3.59	0
162	2018-07-25	3.59	3.59	3.59	3.59	0
163	2018-07-26	3.59	3.59	3.59	3.59	0
164	2018-07-27	3.59	3.59	3.59	3.59	0
165	2018-07-30	3.59	3.59	3.59	3.59	0
166	2018-07-31	3.59	3.59	3.59	3.59	0
167	2018-08-01	3.59	3.59	3.59	3.59	0
168	2018-08-02	3.59	3.59	3.59	3.59	0
169	2018-08-03	3.59	3.59	3.59	3.59	0
170	2018-08-06	3.59	3.59	3.59	3.59	0
171	2018-08-07	3.59	3.59	3.59	3.59	200
172	2018-08-08	3.59	3.59	3.59	3.59	1800
173	2018-08-09	3.59	3.72	3.59	3.72	1200
174	2018-08-10	4.05	4.05	4.05	4.05	100
175	2018-08-13	4.44	4.44	4.44	4.44	100
176	2018-08-14	4.57	4.57	4.57	4.57	300
177	2018-08-15	4.51	4.51	4.44	4.44	300
178	2018-08-16	4.43	4.43	4.43	4.43	0
179	2018-08-17	4.43	4.43	4.43	4.43	0
180	2018-08-20	4.43	4.43	4.43	4.43	0
181	2018-08-21	4.43	4.43	4.43	4.43	0
182	2018-08-22	4.43	4.43	4.43	4.43	500
183	2018-08-23	4.43	4.43	4.43	4.43	0
184	2018-08-24	4.43	4.43	4.43	4.43	0
185	2018-08-27	4.43	4.43	4.43	4.43	0
186	2018-08-28	4.43	4.43	4.43	4.43	0
187	2018-08-29	4.43	4.43	4.43	4.43	0
188	2018-08-30	4.43	4.43	4.43	4.43	0
189	2018-08-31	4.43	4.43	4.43	4.43	0
190	2018-09-04	4.43	4.43	4.43	4.43	0
191	2018-09-05	4.43	4.43	4.43	4.43	0
192	2018-09-06	4.43	4.43	4.43	4.43	0
193	2018-09-07	4.43	4.43	4.43	4.43	0
194	2018-09-10	4.43	4.43	4.43	4.43	0
195	2018-09-11	4.43	4.43	4.43	4.43	0
196	2018-09-12	4.43	4.43	4.43	4.43	0
197	2018-09-13	4.43	4.43	4.43	4.43	0
198	2018-09-14	4.43	4.43	4.43	4.43	0
199	2018-09-17	4.43	4.43	4.43	4.43	0
200	2018-09-18	4.43	4.43	4.43	4.43	0
201	2018-09-19	4.43	4.43	4.43	4.43	0
202	2018-09-20	4.43	4.43	4.43	4.43	1800
203	2018-09-21	4.43	4.43	4.43	4.43	0
204	2018-09-24	4.43	4.43	4.43	4.43	0
205	2018-09-25	4.43	4.43	4.43	4.43	0
206	2018-09-26	4.43	4.43	4.43	4.43	0
207	2018-09-27	4.43	4.43	4.43	4.43	0
208	2018-09-28	4.43	4.43	4.43	4.43	500
209	2018-10-01	4.43	4.43	4.43	4.43	0
210	2018-10-02	4.43	4.43	4.43	4.43	0
211	2018-10-03	4.43	4.43	4.43	4.43	0
212	2018-10-04	4.43	4.43	4.43	4.43	500
213	2018-10-05	4.43	4.43	4.43	4.43	0
214	2018-10-08	4.43	4.43	4.43	4.43	0
215	2018-10-09	3.77	4.13	3.77	4.13	400
216	2018-10-10	3.99	3.99	3.99	3.99	0
217	2018-10-11	3.99	3.99	3.99	3.99	0
218	2018-10-12	3.99	3.99	3.99	3.99	0
219	2018-10-15	3.99	3.99	3.99	3.99	0
220	2018-10-16	3.99	3.99	3.99	3.99	0
221	2018-10-17	3.99	3.99	3.99	3.99	0
222	2018-10-18	3.99	3.99	3.99	3.99	0
223	2018-10-19	3.99	3.99	3.99	3.99	0
224	2018-10-22	3.99	3.99	3.99	3.99	0
225	2018-10-23	4.13	4.13	4.13	4.13	200
226	2018-10-24	4.13	4.13	4.13	4.13	0
227	2018-10-25	4.13	4.13	4.13	4.13	0
228	2018-10-26	4.13	4.13	4.13	4.13	0
229	2018-10-29	4.13	4.13	4.13	4.13	0
230	2018-10-30	4.13	4.13	4.13	4.13	0
231	2018-10-31	4.13	4.13	4.13	4.13	0
232	2018-11-01	4.13	4.13	4.13	4.13	0
233	2018-11-02	4.13	4.13	4.13	4.13	0
234	2018-11-05	4.13	4.13	4.13	4.13	0
235	2018-11-06	4.13	4.13	4.13	4.13	0
236	2018-11-07	4.13	4.13	4.13	4.13	0
237	2018-11-08	4.13	4.13	4.13	4.13	0
238	2018-11-09	4.13	4.13	4.13	4.13	0
239	2018-11-12	4.13	4.13	4.13	4.13	0
240	2018-11-13	4.13	4.13	4.13	4.13	0
241	2018-11-14	4.13	4.13	4.13	4.13	0
242	2018-11-15	4.13	4.13	4.13	4.13	0
243	2018-11-16	4.36	4.36	4.36	4.36	100
244	2018-11-19	4.36	4.36	4.36	4.36	0
245	2018-11-20	4.36	4.36	4.36	4.36	0
246	2018-11-21	4.36	4.36	4.36	4.36	0
247	2018-11-22	4.36	4.36	4.36	4.36	0
248	2018-11-23	4.36	4.36	4.36	4.36	0
249	2018-11-26	4.36	4.36	4.36	4.36	0
250	2018-11-27	4.36	4.36	4.36	4.36	0
251	2018-11-28	4.36	4.36	4.36	4.36	0
252	2018-11-29	4.36	4.36	4.36	4.36	0
253	2018-11-30	4.36	4.36	4.36	4.36	0
254	2018-12-03	4.36	4.36	4.36	4.36	0
255	2018-12-04	4.36	4.36	4.36	4.36	0
256	2018-12-05	4.36	4.36	4.36	4.36	0
257	2018-12-06	4.36	4.36	4.36	4.36	0
258	2018-12-07	4.36	4.36	4.36	4.36	0
259	2018-12-10	4.43	4.43	4.43	4.43	400
260	2018-12-11	4.43	4.43	4.43	4.43	0
261	2018-12-12	4.43	4.43	4.43	4.43	0
262	2018-12-13	4.43	4.43	4.43	4.43	0
263	2018-12-14	4.43	4.43	4.43	4.43	0
264	2018-12-17	4.43	4.43	4.43	4.43	0
265	2018-12-18	4.43	4.43	4.43	4.43	0
266	2018-12-19	3.77	3.77	3.77	3.77	3000
267	2018-12-20	3.4	3.62	3.4	3.62	200
268	2018-12-21	3.17	3.17	3.17	3.17	100
269	2018-12-24	3.62	3.62	3.62	3.62	100
270	2018-12-25	3.77	3.77	3.77	3.77	100
271	2018-12-26	3.32	3.32	3.32	3.32	200
272	2018-12-27	3.32	3.32	3.32	3.32	200
273	2018-12-28	3.32	3.32	3.32	3.32	0
274	2019-01-02	3.32	3.32	3.32	3.32	0
275	2019-01-03	3.32	3.32	3.32	3.32	0
276	2019-01-04	3.32	3.32	3.32	3.32	0
277	2019-01-07	3.32	3.32	3.32	3.32	0
278	2019-01-08	3.32	3.32	3.32	3.32	0
279	2019-01-09	3.77	3.77	3.77	3.77	100
280	2019-01-10	3.84	3.84	3.84	3.84	400
281	2019-01-11	4.28	4.28	4.28	4.28	100
282	2019-01-14	4.28	4.28	4.28	4.28	0
283	2019-01-15	4.28	4.28	4.28	4.28	0
284	2019-01-16	3.84	3.84	3.84	3.84	300
285	2019-01-17	3.84	3.84	3.84	3.84	0
286	2019-01-18	3.84	3.84	3.84	3.84	0
287	2019-01-21	3.84	3.84	3.84	3.84	0
288	2019-01-22	3.62	3.62	3.62	3.62	100
289	2019-01-23	3.62	3.62	3.62	3.62	0
290	2019-01-24	3.62	3.62	3.62	3.62	0
291	2019-01-25	3.62	3.62	3.62	3.62	0
292	2019-01-28	3.62	3.62	3.62	3.62	0
293	2019-01-29	3.62	3.62	3.62	3.62	0
294	2019-01-30	3.77	3.77	3.77	3.77	500
295	2019-01-31	3.77	3.77	3.77	3.77	0
296	2019-02-01	3.77	3.77	3.77	3.77	0
297	2019-02-11	3.77	3.77	3.77	3.77	0
298	2019-02-12	4.06	4.06	4.06	4.06	500
299	2019-02-13	4.06	4.06	4.06	4.06	0
300	2019-02-14	4.06	4.06	4.06	4.06	0
301	2019-02-15	4.06	4.06	4.06	4.06	0
302	2019-02-18	4.06	4.06	4.06	4.06	0
303	2019-02-19	4.06	4.06	4.06	4.06	0
304	2019-02-20	4.06	4.06	4.06	4.06	0
305	2019-02-21	4.06	4.06	4.06	4.06	0
306	2019-02-22	4.06	4.06	4.06	4.06	0
307	2019-02-25	4.06	4.06	4.06	4.06	0
308	2019-02-26	4.06	4.06	4.06	4.06	0
309	2019-02-27	4.06	4.06	4.06	4.06	0
310	2019-02-28	4.06	4.06	4.06	4.06	0
311	2019-03-01	4.06	4.06	4.06	4.06	0
312	2019-03-04	3.99	3.99	3.91	3.99	6500
313	2019-03-05	3.99	4.36	3.99	4.36	25700
314	2019-03-06	4.5	4.5	4.5	4.5	5000
315	2019-03-07	4.58	4.58	4.58	4.58	2800
316	2019-03-08	4.58	4.58	4.58	4.58	0
317	2019-03-11	4.58	4.58	4.58	4.58	0
318	2019-03-12	4.58	4.58	4.58	4.58	0
319	2019-03-13	4.58	4.58	4.58	4.58	0
320	2019-03-14	3.99	3.99	3.91	3.91	40400
321	2019-03-15	4.5	4.5	4.5	4.5	100
322	2019-03-18	4.5	4.5	4.5	4.5	0
323	2019-03-19	4.5	4.5	4.5	4.5	0
324	2019-03-20	4.5	4.5	4.5	4.5	0
325	2019-03-21	4.5	4.5	4.5	4.5	0
326	2019-03-22	4.5	4.5	4.5	4.5	0
327	2019-03-25	4.5	4.5	4.5	4.5	0
328	2019-03-26	4.5	4.5	4.5	4.5	0
329	2019-03-27	5.17	5.17	5.17	5.17	100
330	2019-03-28	5.17	5.17	5.17	5.17	0
331	2019-03-29	5.17	5.17	5.17	5.17	0
332	2019-04-01	4.43	4.43	4.43	4.43	500
333	2019-04-02	4.43	4.43	4.43	4.43	0
334	2019-04-03	4.43	4.43	4.43	4.43	0
335	2019-04-04	4.43	4.43	4.43	4.43	0
336	2019-04-05	4.43	4.43	4.43	4.43	0
337	2019-04-08	4.43	4.43	4.43	4.43	0
338	2019-04-09	4.43	4.43	4.43	4.43	0
339	2019-04-10	4.43	4.43	4.43	4.43	0
340	2019-04-11	3.91	3.91	3.91	3.91	1000
341	2019-04-12	3.91	3.91	3.91	3.91	0
342	2019-04-16	3.91	3.91	3.91	3.91	0
343	2019-04-17	3.91	3.91	3.91	3.91	0
344	2019-04-18	3.91	3.91	3.91	3.91	0
345	2019-04-19	3.91	3.91	3.91	3.91	0
346	2019-04-22	4.43	4.43	4.43	4.43	600
347	2019-04-23	4.43	4.43	4.43	4.43	300
348	2019-04-24	4.43	4.43	4.43	4.43	0
349	2019-04-25	4.43	4.43	4.43	4.43	0
350	2019-04-26	4.43	4.43	4.43	4.43	0
351	2019-05-02	4.43	4.43	4.21	4.21	5200
352	2019-05-03	4.43	4.21	4.21	4.21	0
353	2019-05-06	4.43	4.43	4.43	4.43	2000
354	2019-05-07	4.87	4.87	4.87	4.87	600
355	2019-05-08	4.87	4.87	4.87	4.87	0
356	2019-05-09	4.87	4.87	4.87	4.87	0
357	2019-05-10	4.87	4.87	4.87	4.87	0
358	2019-05-13	4.87	4.87	4.87	4.87	0
359	2019-05-14	4.87	4.87	4.87	4.87	0
360	2019-05-15	4.87	4.87	4.87	4.87	0
361	2019-05-16	4.87	4.87	4.87	4.87	0
362	2019-05-17	4.87	4.87	4.87	4.87	0
363	2019-05-20	4.87	4.87	4.87	4.87	0
364	2019-05-21	4.87	4.87	4.87	4.87	0
365	2019-05-22	4.87	4.87	4.87	4.87	0
366	2019-05-23	5.09	5.09	5.09	5.09	100
367	2019-05-24	5.09	5.09	5.09	5.09	0
368	2019-05-27	5.09	5.09	5.09	5.09	0
369	2019-05-28	5.09	5.09	5.09	5.09	0
370	2019-05-29	5.09	5.09	5.09	5.09	0
371	2019-05-30	5.09	5.09	5.09	5.09	0
372	2019-05-31	5.09	5.09	5.09	5.09	0
373	2019-06-03	5.09	5.09	5.09	5.09	0
374	2019-06-04	5.09	5.09	5.09	5.09	0
375	2019-06-05	5.09	5.09	5.09	5.09	0
376	2019-06-06	5.09	5.09	5.09	5.09	0
377	2019-06-07	5.09	5.09	5.09	5.09	0
378	2019-06-10	5.09	5.09	5.09	5.09	0
379	2019-06-11	5.09	5.09	5.09	5.09	0
380	2019-06-12	5.09	5.09	5.09	5.09	0
381	2019-06-13	5.09	5.09	5.09	5.09	0
382	2019-06-14	5.09	5.09	5.09	5.09	0
383	2019-06-17	5.09	5.09	5.09	5.09	0
384	2019-06-18	5.09	5.09	5.09	5.09	0
385	2019-06-19	5.09	5.09	5.09	5.09	0
386	2019-06-20	5.09	5.09	5.09	5.09	0
387	2019-06-21	5.09	5.09	5.09	5.09	0
388	2019-06-24	5.09	5.09	5.09	5.09	0
389	2019-06-25	5.09	5.09	5.09	5.09	0
390	2019-06-26	5.09	5.09	5.09	5.09	0
391	2019-06-27	5.17	5.17	5.17	5.17	100
392	2019-06-28	5.17	5.17	5.17	5.17	0
393	2019-07-01	5.17	5.17	5.17	5.17	0
394	2019-07-02	5.17	5.17	5.17	5.17	0
395	2019-07-03	5.17	5.17	5.17	5.17	0
396	2019-07-04	5.17	5.17	5.17	5.17	0
397	2019-07-05	5.17	5.17	5.17	5.17	0
398	2019-07-08	5.17	5.17	5.17	5.17	0
399	2019-07-09	5.17	5.17	5.17	5.17	0
400	2019-07-10	4.65	4.65	4.65	4.65	4000
401	2019-07-11	4.65	4.65	4.65	4.65	800
402	2019-07-12	4.65	4.65	4.65	4.65	0
403	2019-07-15	4.8	4.8	4.8	4.8	400
404	2019-07-16	4.8	4.8	4.8	4.8	0
405	2019-07-17	4.8	4.8	4.8	4.8	0
406	2019-07-18	4.8	4.8	4.8	4.8	0
407	2019-07-19	4.8	4.8	4.8	4.8	0
408	2019-07-22	4.8	4.8	4.8	4.8	0
409	2019-07-23	4.8	4.8	4.8	4.8	0
410	2019-07-24	4.8	4.8	4.8	4.8	0
411	2019-07-25	4.8	4.8	4.8	4.8	0
412	2019-07-26	4.8	4.8	4.8	4.8	0
413	2019-07-29	4.8	4.8	4.8	4.8	0
414	2019-07-30	4.8	4.8	4.8	4.8	0
415	2019-07-31	5.32	5.32	5.32	5.32	4000
416	2019-08-01	5.17	5.17	5.02	5.02	4000
417	2019-08-02	5.02	5.02	5.02	5.02	3100
418	2019-08-05	5.02	5.02	5.02	5.02	1600
419	2019-08-06	5.02	5.02	5.02	5.02	0
420	2019-08-07	5.02	5.02	5.02	5.02	0
421	2019-08-08	5.02	5.02	5.02	5.02	0
422	2019-08-09	5.02	5.02	5.02	5.02	0
423	2019-08-12	5.02	5.02	5.02	5.02	0
424	2019-08-13	5.02	5.02	5.02	5.02	0
425	2019-08-14	5.02	5.02	5.02	5.02	0
426	2019-08-15	5.02	5.02	5.02	5.02	0
427	2019-08-16	5.02	5.02	5.02	5.02	0
428	2019-08-19	5.02	5.02	5.02	5.02	0
429	2019-08-20	5.02	5.02	5.02	5.02	0
430	2019-08-21	5.02	5.02	5.02	5.02	0
431	2019-08-22	5.02	5.02	5.02	5.02	0
432	2019-08-23	5.02	5.02	5.02	5.02	0
433	2019-08-26	5.02	5.02	5.02	5.02	0
434	2019-08-27	5.02	5.02	5.02	5.02	0
435	2019-08-28	5.02	5.02	5.02	5.02	0
436	2019-08-29	5.02	5.02	5.02	5.02	0
437	2019-08-30	5.02	5.02	5.02	5.02	1600
438	2019-09-03	5.02	5.02	5.02	5.02	0
439	2019-09-04	5.02	5.02	5.02	5.02	0
440	2019-09-05	5.02	5.02	5.02	5.02	0
441	2019-09-06	5.02	5.02	5.02	5.02	0
442	2019-09-09	5.02	5.02	5.02	5.02	0
443	2019-09-10	5.02	5.02	5.02	5.02	0
444	2019-09-11	5.02	5.02	5.02	5.02	0
445	2019-09-12	5.02	5.02	5.02	5.02	0
446	2019-09-13	5.54	5.76	5.54	5.76	5500
447	2019-09-16	6.05	6.5	6.05	6.5	5300
448	2019-09-17	5.98	6.64	5.91	6.64	1600
449	2019-09-18	5.98	6.64	6.64	6.64	0
450	2019-09-19	6.5	6.5	6.5	6.5	400
451	2019-09-20	6.64	6.64	5.54	6.28	4300
452	2019-09-23	6.11	7.21	7.21	7.21	0
453	2019-09-24	6.11	7.21	7.21	7.21	0
454	2019-09-25	5.26	5.26	5.26	5.26	1100
455	2019-09-26	4.5	4.58	4.5	4.58	1800
456	2019-09-27	4.58	4.58	4.58	4.58	0
457	2019-09-30	4.67	4.67	4.5	4.5	1100
458	2019-10-01	4.33	4.33	3.9	3.9	1400
459	2019-10-02	4.07	3.9	3.9	3.9	0
460	2019-10-03	4.07	3.9	3.9	3.9	0
461	2019-10-04	4.67	4.67	4.67	4.67	1500
462	2019-10-07	4.67	4.67	4.67	4.67	0
463	2019-10-08	5.17	5.17	5.17	5.17	500
464	2019-10-09	5.17	5.17	5.17	5.17	0
465	2019-10-10	5.26	5.26	5.26	5.26	600
466	2019-10-11	5.26	5.26	5.26	5.26	0
467	2019-10-14	5.26	5.68	5.17	5.17	3200
468	2019-10-15	5.51	5.51	5.51	5.51	0
469	2019-10-16	5.51	5.17	5.17	5.17	0
470	2019-10-17	5.26	5.26	5.26	5.26	100
471	2019-10-18	5.09	5.09	5.09	5.09	700
472	2019-10-21	5.09	5.09	5.09	5.09	0
473	2019-10-22	5.51	5.51	5.09	5.09	400
474	2019-10-23	5.34	5.09	5.09	5.09	0
475	2019-10-24	5.34	5.09	5.09	5.09	0
476	2019-10-25	5.34	5.09	5.09	5.09	0
477	2019-10-28	5.34	5.09	5.09	5.09	0
478	2019-10-29	5.17	5.17	5.17	5.17	300
479	2019-10-30	5.17	5.17	5.17	5.17	0
480	2019-10-31	5.17	5.17	5.17	5.17	0
481	2019-11-01	5.17	5.17	5.17	5.17	0
482	2019-11-04	4.5	4.5	4.5	4.5	100
483	2019-11-05	4.5	4.5	4.5	4.5	0
484	2019-11-06	5.09	5.09	5.09	5.09	100
485	2019-11-07	5.09	5.09	5.09	5.09	0
486	2019-11-08	5.09	5.09	5.09	5.09	0
487	2019-11-11	5.09	5.09	5.09	5.09	0
488	2019-11-12	5.09	5.09	5.09	5.09	0
489	2019-11-13	5.09	5.09	5.09	5.09	0
490	2019-11-14	4.67	5.0	4.67	5.0	2400
491	2019-11-15	4.67	4.67	4.67	4.67	300
492	2019-11-18	4.67	4.67	4.67	4.67	0
493	2019-11-19	4.67	4.67	4.67	4.67	10700
494	2019-11-20	4.67	4.67	4.67	4.67	28000
495	2019-11-21	4.67	4.92	4.67	4.92	1900
496	2019-11-22	4.67	4.67	4.67	4.67	0
497	2019-11-25	4.67	4.92	4.92	4.92	0
498	2019-11-26	4.67	4.92	4.92	4.92	0
499	2019-11-27	4.67	4.92	4.92	4.92	0
500	2019-11-28	4.67	4.92	4.92	4.92	0
501	2019-11-29	4.67	4.92	4.92	4.92	0
502	2019-12-02	4.67	4.67	4.67	4.67	0
503	2019-12-03	4.67	4.92	4.92	4.92	0
504	2019-12-04	4.67	4.92	4.92	4.92	0
505	2019-12-05	4.67	4.92	4.92	4.92	0
506	2019-12-06	4.67	4.92	4.92	4.92	0
507	2019-12-09	4.67	4.92	4.92	4.92	0
508	2019-12-10	4.67	4.92	4.92	4.92	0
509	2019-12-11	4.67	4.92	4.92	4.92	0
510	2019-12-12	4.67	4.92	4.92	4.92	0
511	2019-12-13	4.67	4.92	4.92	4.92	0
512	2019-12-16	4.67	4.92	4.92	4.92	0
513	2019-12-17	4.67	4.92	4.92	4.92	0
514	2019-12-18	4.67	4.92	4.92	4.92	0
515	2019-12-19	4.67	4.92	4.92	4.92	0
516	2019-12-20	4.67	4.92	4.92	4.92	0
517	2019-12-23	5.09	5.09	5.09	5.09	900
518	2019-12-24	5.09	5.09	5.09	5.09	0
519	2019-12-25	5.09	5.09	5.09	5.09	0
520	2019-12-26	5.09	5.09	5.09	5.09	0
521	2019-12-27	5.09	5.09	5.09	5.09	0
522	2019-12-30	5.09	5.09	5.09	5.09	200
523	2019-12-31	5.09	5.09	5.09	5.09	100
524	2020-01-02	5.09	5.09	5.09	5.09	100
525	2020-01-03	5.09	5.09	5.09	5.09	0
526	2020-01-06	5.09	5.09	5.09	5.09	0
527	2020-01-07	5.09	5.09	5.09	5.09	0
528	2020-01-08	5.09	5.09	5.09	5.09	500
529	2020-01-09	5.09	5.09	5.09	5.09	0
530	2020-01-10	5.09	5.09	5.09	5.09	0
531	2020-01-13	5.09	5.09	5.09	5.09	200
532	2020-01-14	5.09	5.09	5.09	5.09	0
533	2020-01-15	5.09	5.09	5.09	5.09	0
534	2020-01-16	5.09	5.09	5.09	5.09	0
535	2020-01-17	5.09	5.09	5.09	5.09	0
536	2020-01-20	5.09	5.09	5.09	5.09	0
537	2020-01-21	5.09	5.09	5.09	5.09	0
538	2020-01-22	5.09	5.09	5.09	5.09	100
539	2020-01-30	5.09	5.09	5.09	5.09	0
540	2020-01-31	5.09	5.09	5.09	5.09	0
541	2020-02-03	5.09	5.09	5.09	5.09	0
542	2020-02-04	5.09	5.09	5.09	5.09	0
543	2020-02-05	5.09	5.09	5.09	5.09	0
544	2020-02-06	5.09	5.09	5.09	5.09	0
545	2020-02-07	5.09	5.09	5.09	5.09	0
546	2020-02-10	5.09	5.09	5.09	5.09	0
547	2020-02-11	5.09	5.09	5.09	5.09	0
548	2020-02-12	5.09	5.09	5.09	5.09	0
549	2020-02-13	5.09	5.09	5.09	5.09	100
550	2020-02-14	5.09	5.09	5.09	5.09	0
551	2020-02-17	5.09	5.09	5.09	5.09	0
552	2020-02-18	5.09	5.09	5.09	5.09	0
553	2020-02-19	4.67	4.67	4.67	4.67	400
554	2020-02-20	4.67	4.67	4.67	4.67	400
555	2020-02-21	4.67	4.67	4.67	4.67	0
556	2020-02-24	4.92	4.92	4.92	4.92	300
557	2020-02-25	4.67	4.67	4.67	4.67	1100
558	2020-02-26	4.67	4.67	4.67	4.67	2000
559	2020-02-27	3.99	3.99	3.99	3.99	100
560	2020-02-28	4.58	4.58	4.58	4.58	1500
561	2020-03-02	4.58	4.58	4.58	4.58	0
562	2020-03-03	4.58	4.58	4.58	4.58	0
563	2020-03-04	4.24	4.24	4.24	4.24	100
564	2020-03-05	4.83	4.83	4.41	4.41	300
565	2020-03-06	4.67	4.67	4.67	4.67	1100
566	2020-03-09	4.67	4.67	4.67	4.67	1100
567	2020-03-10	4.16	4.16	4.16	4.16	100
568	2020-03-11	4.16	4.16	4.16	4.16	0
569	2020-03-12	4.16	4.16	4.16	4.16	0
570	2020-03-13	4.16	4.16	4.16	4.16	100
571	2020-03-16	4.67	4.67	4.67	4.67	200
572	2020-03-17	4.67	4.67	4.67	4.67	0
573	2020-03-18	4.67	4.67	4.67	4.67	0
574	2020-03-19	4.67	4.67	4.67	4.67	0
575	2020-03-20	4.67	4.67	4.67	4.67	0
576	2020-03-23	4.16	4.16	4.16	4.16	300
577	2020-03-24	4.16	4.16	4.16	4.16	0
578	2020-03-25	4.16	4.16	4.16	4.16	0
579	2020-03-26	4.16	4.16	4.16	4.16	0
580	2020-03-27	4.16	4.16	4.16	4.16	0
581	2020-03-30	4.16	4.16	4.16	4.16	0
582	2020-03-31	4.16	4.16	4.16	4.16	0
583	2020-04-01	4.16	4.16	4.16	4.16	0
584	2020-04-03	4.16	4.16	4.16	4.16	0
585	2020-04-06	4.16	4.16	4.16	4.16	0
586	2020-04-07	4.16	4.16	4.16	4.16	0
587	2020-04-08	4.16	4.16	4.16	4.16	0
588	2020-04-09	4.16	4.16	4.16	4.16	0
589	2020-04-10	4.33	4.33	4.33	4.33	3600
590	2020-04-13	4.33	4.33	4.33	4.33	0
591	2020-04-14	4.33	4.33	4.33	4.33	0
592	2020-04-15	4.33	4.33	4.33	4.33	0
593	2020-04-16	4.33	4.33	4.33	4.33	0
594	2020-04-17	4.33	4.33	4.33	4.33	6400
595	2020-04-20	4.67	4.67	4.67	4.67	1000
596	2020-04-21	4.67	4.67	4.67	4.67	1000
597	2020-04-22	4.67	4.67	4.67	4.67	0
598	2020-04-23	4.67	4.67	4.67	4.67	0
599	2020-04-24	4.67	4.67	4.67	4.67	0
600	2020-04-27	4.75	4.75	4.75	4.75	7100
601	2020-04-28	4.75	4.75	4.75	4.75	0
602	2020-04-29	4.75	4.75	4.75	4.75	0
603	2020-05-04	4.75	4.75	4.75	4.75	2100
604	2020-05-05	5.0	5.0	5.0	5.0	100
605	2020-05-06	5.0	5.0	5.0	5.0	0
606	2020-05-07	5.0	5.0	5.0	5.0	0
607	2020-05-08	5.0	5.0	5.0	5.0	0
608	2020-05-11	5.0	5.0	5.0	5.0	0
609	2020-05-12	5.0	5.0	5.0	5.0	0
610	2020-05-13	5.0	5.0	5.0	5.0	0
611	2020-05-14	5.0	5.0	5.0	5.0	0
612	2020-05-15	5.6	5.6	5.6	5.6	100
613	2020-05-18	5.6	5.6	5.6	5.6	0
614	2020-05-19	5.6	5.6	5.6	5.6	0
615	2020-05-20	6.02	6.02	5.85	5.85	200
616	2020-05-21	5.51	6.11	5.51	6.11	600
617	2020-05-22	6.02	6.11	6.11	6.11	0
618	2020-05-25	6.02	6.11	6.11	6.11	0
619	2020-05-26	5.77	5.77	5.77	5.77	100
620	2020-05-27	5.77	5.77	5.77	5.77	0
621	2020-05-28	5.77	5.77	5.77	5.77	0
622	2020-05-29	5.77	5.77	5.77	5.77	0
623	2020-06-01	5.51	5.51	5.51	5.51	2000
624	2020-06-02	5.51	5.51	5.51	5.51	0
625	2020-06-03	5.51	5.51	5.51	5.51	0
626	2020-06-04	5.51	5.51	5.51	5.51	0
627	2020-06-05	5.51	5.51	5.51	5.51	0
628	2020-06-08	5.0	5.43	4.92	4.92	3200
629	2020-06-09	4.58	4.92	4.58	4.92	2400
630	2020-06-10	4.75	4.75	4.75	4.75	300
631	2020-06-11	4.75	4.75	4.75	4.75	100
632	2020-06-12	5.34	5.34	5.09	5.09	3100
633	2020-06-15	5.17	5.09	5.09	5.09	0
634	2020-06-16	5.17	5.09	5.09	5.09	0
635	2020-06-17	5.17	5.09	5.09	5.09	0
636	2020-06-18	5.17	5.09	5.09	5.09	0
637	2020-06-19	5.17	5.09	5.09	5.09	0
638	2020-06-22	5.17	5.09	5.09	5.09	0
639	2020-06-23	5.17	5.09	5.09	5.09	0
640	2020-06-24	5.17	5.09	5.09	5.09	0
641	2020-06-25	5.85	5.85	5.85	5.85	100
642	2020-06-26	5.85	5.85	5.85	5.85	0
643	2020-06-29	5.85	5.85	5.85	5.85	0
644	2020-06-30	6.36	6.36	6.36	6.36	100
645	2020-07-01	5.43	5.43	5.43	5.43	7300
646	2020-07-02	5.43	5.43	5.43	5.43	0
647	2020-07-03	5.43	5.43	5.43	5.43	100
648	2020-07-06	5.43	5.43	5.43	5.43	0
649	2020-07-07	5.43	5.43	5.43	5.43	500
650	2020-07-08	5.43	5.43	5.43	5.43	0
651	2020-07-09	5.51	5.51	5.51	5.51	100
652	2020-07-10	5.51	5.51	5.51	5.51	0
653	2020-07-13	5.51	5.51	5.51	5.51	0
654	2020-07-14	5.51	5.51	5.51	5.51	0
655	2020-07-15	5.51	5.51	5.51	5.51	0
656	2020-07-16	5.51	5.51	5.51	5.51	0
657	2020-07-17	5.85	5.85	5.85	5.85	100
658	2020-07-20	5.85	5.85	5.85	5.85	0
659	2020-07-21	5.85	5.85	5.85	5.85	0
660	2020-07-22	5.85	5.85	5.85	5.85	0
661	2020-07-23	5.85	5.85	5.85	5.85	0
662	2020-07-24	5.85	5.85	5.85	5.85	0
663	2020-07-27	5.85	5.85	5.85	5.85	0
664	2020-07-28	5.85	5.85	5.85	5.85	0
665	2020-07-29	5.85	5.85	5.85	5.85	0
666	2020-07-30	5.85	5.85	5.85	5.85	0
667	2020-07-31	5.85	5.85	5.85	5.85	0
668	2020-08-03	5.85	5.85	5.85	5.85	0
669	2020-08-04	5.85	5.85	5.85	5.85	0
670	2020-08-05	6.7	6.7	6.7	6.7	100
671	2020-08-06	6.7	6.7	6.7	6.7	0
672	2020-08-07	6.7	6.7	6.7	6.7	400
673	2020-08-10	6.7	6.7	6.7	6.7	0
674	2020-08-11	6.7	6.7	6.7	6.7	0
675	2020-08-12	6.7	6.7	6.7	6.7	0
676	2020-08-13	6.7	6.7	6.7	6.7	0
677	2020-08-14	6.7	6.7	6.7	6.7	11600
678	2020-08-17	6.7	6.7	6.7	6.7	0
679	2020-08-18	6.7	6.7	6.7	6.7	0
680	2020-08-19	6.7	6.7	6.7	6.7	0
681	2020-08-20	6.7	6.7	6.7	6.7	0
682	2020-08-21	6.7	6.7	6.7	6.7	0
683	2020-08-24	6.7	6.7	6.7	6.7	0
684	2020-08-25	6.7	6.7	6.7	6.7	0
685	2020-08-26	6.7	6.7	6.7	6.7	0
686	2020-08-27	6.7	6.7	6.7	6.7	0
687	2020-08-28	6.7	6.7	6.7	6.7	0
688	2020-08-31	6.7	6.7	6.7	6.7	0
689	2020-09-01	6.7	6.7	6.7	6.7	0
690	2020-09-03	6.7	6.7	6.7	6.7	0
691	2020-09-04	6.7	6.7	6.7	6.7	0
692	2020-09-07	6.7	6.7	6.7	6.7	0
693	2020-09-08	7.55	7.55	7.55	7.55	100
694	2020-09-09	7.55	7.55	7.55	7.55	0
695	2020-09-10	7.55	7.55	7.55	7.55	0
696	2020-09-11	7.55	7.55	7.55	7.55	0
697	2020-09-14	7.55	7.55	7.55	7.55	0
698	2020-09-15	7.55	7.55	7.55	7.55	0
699	2020-09-16	7.55	7.55	7.55	7.55	0
700	2020-09-17	7.55	7.55	7.55	7.55	0
701	2020-09-18	7.55	7.55	7.55	7.55	0
702	2020-09-21	7.55	7.55	7.55	7.55	0
703	2020-09-22	7.55	7.55	7.55	7.55	0
704	2020-09-23	7.55	7.55	7.55	7.55	0
705	2020-09-24	7.55	7.55	7.55	7.55	0
706	2020-09-25	7.55	7.55	7.55	7.55	0
707	2020-09-28	7.55	7.55	7.55	7.55	0
708	2020-09-29	7.55	7.55	7.55	7.55	0
709	2020-09-30	7.55	7.55	7.55	7.55	0
710	2020-10-01	7.55	7.55	7.55	7.55	0
711	2020-10-02	7.55	7.55	7.55	7.55	0
712	2020-10-05	7.55	7.55	7.55	7.55	0
713	2020-10-06	7.55	7.55	7.55	7.55	0
714	2020-10-07	7.55	7.55	7.55	7.55	0
715	2020-10-08	7.55	7.55	7.55	7.55	0
716	2020-10-09	7.55	7.55	7.55	7.55	0
717	2020-10-12	7.55	7.55	7.55	7.55	0
718	2020-10-13	7.55	7.55	7.55	7.55	0
719	2020-10-14	7.55	7.55	7.55	7.55	0
720	2020-10-15	7.55	7.55	7.55	7.55	0
721	2020-10-16	7.55	7.55	7.55	7.55	0
722	2020-10-19	7.55	7.55	7.55	7.55	0
723	2020-10-20	7.55	7.55	7.55	7.55	0
724	2020-10-21	7.55	7.55	7.55	7.55	0
725	2020-10-22	7.55	7.55	7.55	7.55	0
726	2020-10-23	7.55	7.55	7.55	7.55	0
727	2020-10-26	7.55	7.55	7.55	7.55	0
728	2020-10-27	7.55	7.55	7.55	7.55	0
729	2020-10-28	7.55	7.55	7.55	7.55	0
730	2020-10-29	7.55	7.55	7.55	7.55	0
731	2020-10-30	7.55	7.55	7.55	7.55	0
732	2020-11-02	7.55	7.55	7.55	7.55	0
733	2020-11-03	7.55	7.55	7.55	7.55	0
734	2020-11-04	7.55	7.55	7.55	7.55	0
735	2020-11-05	7.55	7.55	7.55	7.55	0
736	2020-11-06	7.55	7.55	7.55	7.55	0
737	2020-11-09	7.55	7.55	7.55	7.55	0
738	2020-11-10	7.55	7.55	7.55	7.55	0
739	2020-11-11	7.55	7.55	7.55	7.55	0
740	2020-11-12	7.55	7.55	7.55	7.55	0
741	2020-11-13	7.55	7.55	7.55	7.55	0
742	2020-11-16	7.55	7.55	7.55	7.55	0
743	2020-11-17	7.55	7.55	7.55	7.55	0
744	2020-11-18	7.55	7.55	7.55	7.55	0
745	2020-11-19	7.55	7.55	7.55	7.55	0
746	2020-11-20	7.55	7.55	7.55	7.55	0
747	2020-11-23	7.55	7.55	7.55	7.55	0
748	2020-11-24	5.26	5.26	5.26	5.26	40000
749	2020-11-25	6.02	6.02	6.02	6.02	100
750	2020-11-26	6.87	6.87	6.87	6.87	100
751	2020-11-27	6.87	6.87	6.87	6.87	0
752	2020-11-30	6.96	6.96	6.87	6.87	800
753	2020-12-01	6.87	6.87	6.87	6.87	0
754	2020-12-02	6.87	6.87	6.87	6.87	1000
755	2020-12-03	6.87	6.87	6.87	6.87	0
756	2020-12-04	6.11	6.11	6.11	6.11	500
757	2020-12-07	6.11	6.11	6.11	6.11	0
758	2020-12-08	6.62	6.79	6.02	6.02	18800
759	2020-12-09	6.28	6.02	6.02	6.02	0
760	2020-12-10	6.28	6.02	6.02	6.02	0
761	2020-12-11	6.36	6.53	6.19	6.19	21000
762	2020-12-14	6.3	7.3	7.3	7.3	0
763	2020-12-15	6.3	7.3	7.3	7.3	0
764	2020-12-16	6.3	6.3	6.3	6.3	100
765	2020-12-17	6.9	7.2	6.9	7.2	31600
766	2020-12-18	7.1	7.2	7.2	7.2	0
767	2020-12-21	7.1	7.2	7.2	7.2	0
768	2020-12-22	7.1	7.2	7.2	7.2	0
769	2020-12-23	7.1	7.2	7.2	7.2	0
770	2020-12-24	6.8	6.8	6.8	6.8	1000
771	2020-12-25	6.8	6.8	6.8	6.8	0
772	2020-12-28	6.8	6.8	6.8	6.8	0
773	2020-12-29	6.8	6.8	6.8	6.8	0
774	2020-12-30	7.2	7.2	7.2	7.2	500
775	2020-12-31	6.8	6.8	6.8	6.8	2000
776	2021-01-04	7.0	7.0	7.0	7.0	200
777	2021-01-05	7.0	7.5	7.0	7.5	1300
778	2021-01-06	7.2	7.5	7.5	7.5	0
779	2021-01-07	7.2	7.2	7.2	7.2	0
780	2021-01-08	7.2	7.5	7.5	7.5	0
781	2021-01-11	7.2	7.5	7.5	7.5	0
782	2021-01-12	7.2	7.5	7.5	7.5	0
783	2021-01-13	7.2	7.5	7.5	7.5	0
784	2021-01-14	7.2	7.5	7.5	7.5	0
785	2021-01-15	7.2	7.5	7.5	7.5	0
786	2021-01-18	7.2	7.5	7.5	7.5	0
787	2021-01-19	7.7	7.7	7.7	7.7	500
788	2021-01-20	7.7	7.7	7.7	7.7	0
789	2021-01-21	7.7	7.7	7.7	7.7	0
790	2021-01-22	7.7	7.7	7.7	7.7	0
791	2021-01-25	7.7	7.7	7.7	7.7	0
792	2021-01-26	7.7	7.7	7.7	7.7	0
793	2021-01-27	7.7	7.7	7.7	7.7	0
794	2021-01-28	7.7	7.7	7.7	7.7	0
795	2021-01-29	7.7	7.7	7.7	7.7	0
796	2021-02-01	7.7	7.7	7.7	7.7	0
797	2021-02-02	7.7	7.7	7.7	7.7	0
798	2021-02-03	7.7	7.7	7.7	7.7	0
799	2021-02-04	7.7	7.7	7.7	7.7	0
800	2021-02-05	7.7	7.7	7.7	7.7	0
801	2021-02-08	7.7	7.7	7.7	7.7	0
802	2021-02-09	7.7	7.7	7.7	7.7	0
803	2021-02-17	7.7	7.7	7.7	7.7	0
804	2021-02-18	7.7	7.7	7.7	7.7	0
805	2021-02-19	7.7	7.7	7.7	7.7	0
806	2021-02-22	7.7	7.7	7.7	7.7	0
807	2021-02-23	7.7	7.7	7.7	7.7	0
808	2021-02-24	7.7	7.7	7.7	7.7	0
809	2021-02-25	7.7	7.7	7.7	7.7	0
810	2021-02-26	7.7	7.7	7.7	7.7	0
811	2021-03-01	7.7	7.7	7.7	7.7	0
812	2021-03-02	7.7	7.7	7.7	7.7	0
813	2021-03-03	7.7	7.7	7.7	7.7	0
814	2021-03-04	7.7	7.7	7.7	7.7	0
815	2021-03-05	7.7	7.7	7.7	7.7	0
816	2021-03-08	7.7	7.7	7.7	7.7	0
817	2021-03-09	7.7	7.7	7.7	7.7	0
818	2021-03-10	7.7	7.7	7.7	7.7	0
819	2021-03-11	7.7	7.7	7.7	7.7	0
820	2021-03-12	7.7	7.7	7.7	7.7	0
821	2021-03-15	7.7	7.7	7.7	7.7	0
822	2021-03-16	7.7	7.7	7.7	7.7	0
823	2021-03-17	7.7	7.7	7.7	7.7	0
824	2021-03-18	7.2	7.2	7.1	7.1	700
825	2021-03-19	7.1	7.1	7.1	7.1	0
826	2021-03-22	7.1	7.1	7.1	7.1	0
827	2021-03-23	8.0	8.0	8.0	8.0	200
828	2021-03-24	7.2	7.2	7.2	7.2	100
829	2021-03-25	7.2	7.2	7.2	7.2	0
830	2021-03-26	7.2	7.2	7.2	7.2	800
831	2021-03-29	7.2	7.2	7.2	7.2	0
832	2021-03-30	7.2	7.2	7.2	7.2	0
833	2021-03-31	7.2	7.2	7.2	7.2	0
834	2021-04-01	7.2	7.2	7.2	7.2	0
835	2021-04-02	7.2	7.2	7.2	7.2	0
836	2021-04-05	7.2	7.2	7.2	7.2	0
837	2021-04-06	7.2	7.2	7.2	7.2	0
838	2021-04-07	8.0	8.0	8.0	8.0	100
839	2021-04-08	8.0	8.0	8.0	8.0	0
840	2021-04-09	8.0	8.0	8.0	8.0	0
841	2021-04-12	7.7	7.7	7.7	7.7	100
842	2021-04-13	7.7	7.7	7.7	7.7	0
843	2021-04-14	7.7	7.7	7.7	7.7	0
844	2021-04-15	7.6	7.6	7.3	7.3	1000
845	2021-04-16	7.4	7.3	7.3	7.3	0
846	2021-04-19	7.4	7.3	7.3	7.3	0
847	2021-04-20	7.4	7.3	7.3	7.3	0
848	2021-04-22	7.4	7.3	7.3	7.3	0
849	2021-04-23	7.4	7.3	7.3	7.3	0
850	2021-04-26	7.4	7.3	7.3	7.3	0
851	2021-04-27	7.4	7.3	7.3	7.3	0
852	2021-04-28	7.4	7.3	7.3	7.3	0
853	2021-04-29	7.4	7.3	7.3	7.3	0
854	2021-05-04	7.4	7.3	7.3	7.3	0
855	2021-05-05	7.4	7.3	7.3	7.3	0
856	2021-05-06	7.4	7.3	7.3	7.3	0
857	2021-05-07	7.4	7.3	7.3	7.3	0
858	2021-05-10	7.4	7.3	7.3	7.3	0
859	2021-05-11	7.4	7.3	7.3	7.3	0
860	2021-05-12	7.4	7.3	7.3	7.3	0
861	2021-05-13	7.3	7.3	7.3	7.3	500
862	2021-05-14	7.3	7.3	7.3	7.3	0
863	2021-05-17	7.3	7.3	7.3	7.3	0
864	2021-05-18	7.3	7.3	7.3	7.3	0
865	2021-05-19	7.3	7.3	7.3	7.3	0
866	2021-05-20	7.3	7.3	7.3	7.3	0
867	2021-05-21	7.1	7.3	7.1	7.3	600
868	2021-05-24	7.1	7.1	7.1	7.1	500
869	2021-05-25	7.1	7.1	7.1	7.1	0
870	2021-05-26	7.9	7.9	7.9	7.9	100
871	2021-05-27	7.9	7.9	7.9	7.9	0
872	2021-05-28	7.9	7.9	7.9	7.9	0
873	2021-05-31	7.0	7.0	7.0	7.0	2500
874	2021-06-01	7.9	7.9	7.0	7.0	5700
875	2021-06-02	7.7	7.7	7.7	7.7	100
876	2021-06-03	7.7	7.7	7.7	7.7	0
877	2021-06-04	7.7	7.7	7.7	7.7	0
878	2021-06-07	7.7	7.7	7.7	7.7	0
879	2021-06-08	7.7	7.7	7.7	7.7	0
880	2021-06-09	7.7	7.7	7.7	7.7	0
881	2021-06-10	7.8	7.8	7.8	7.8	100
882	2021-06-11	7.8	7.8	7.8	7.8	0
883	2021-06-14	7.8	7.8	7.8	7.8	0
884	2021-06-15	7.8	7.8	7.8	7.8	0
885	2021-06-16	7.8	7.8	7.8	7.8	0
886	2021-06-17	7.8	7.8	7.8	7.8	0
887	2021-06-18	7.8	7.8	7.8	7.8	0
888	2021-06-21	7.8	7.8	7.8	7.8	0
889	2021-06-22	7.8	7.8	7.8	7.8	0
890	2021-06-23	7.8	7.8	7.8	7.8	0
891	2021-06-24	7.8	7.8	7.8	7.8	0
892	2021-06-25	7.8	7.8	7.8	7.8	0
893	2021-06-28	7.8	7.8	7.8	7.8	0
894	2021-06-29	7.8	7.8	7.8	7.8	0
895	2021-06-30	7.8	7.8	7.8	7.8	0
896	2021-07-01	7.8	7.8	7.8	7.8	0
897	2021-07-02	7.8	7.8	7.8	7.8	0
898	2021-07-05	7.8	7.8	7.8	7.8	0
899	2021-07-06	7.8	7.8	7.8	7.8	0
900	2021-07-07	7.8	7.8	7.8	7.8	0
901	2021-07-08	7.8	7.8	7.8	7.8	0
902	2021-07-09	7.8	7.8	7.8	7.8	0
903	2021-07-12	7.8	7.8	7.8	7.8	0
904	2021-07-13	7.8	7.8	7.8	7.8	0
905	2021-07-14	7.8	7.8	7.8	7.8	0
906	2021-07-15	7.8	7.8	7.8	7.8	0
907	2021-07-16	7.8	7.8	7.8	7.8	0
908	2021-07-19	7.8	7.8	7.8	7.8	0
909	2021-07-20	7.8	7.8	7.8	7.8	0
910	2021-07-21	7.8	7.8	7.8	7.8	0
911	2021-07-22	6.9	6.9	6.9	6.9	1000
912	2021-07-23	7.8	7.8	6.9	6.9	5300
913	2021-07-26	6.9	6.9	6.9	6.9	0
914	2021-07-27	6.9	6.9	6.9	6.9	0
915	2021-07-28	6.9	6.9	6.9	6.9	0
916	2021-07-29	6.9	6.9	6.9	6.9	0
917	2021-07-30	6.9	6.9	6.9	6.9	100
918	2021-08-02	6.9	6.9	6.9	6.9	0
919	2021-08-03	6.9	6.9	6.9	6.9	0
920	2021-08-04	6.9	6.9	6.9	6.9	0
921	2021-08-05	6.9	6.9	6.9	6.9	0
922	2021-08-06	6.9	6.9	6.9	6.9	0
923	2021-08-09	6.9	6.9	6.9	6.9	1000
924	2021-08-10	6.9	6.9	6.9	6.9	0
925	2021-08-11	6.9	6.9	6.9	6.9	0
926	2021-08-12	6.9	6.9	6.9	6.9	0
927	2021-08-13	6.9	6.9	6.9	6.9	0
928	2021-08-16	6.9	6.9	6.9	6.9	0
929	2021-08-17	6.9	6.9	6.9	6.9	0
930	2021-08-18	6.9	6.9	6.9	6.9	0
931	2021-08-19	6.8	6.9	6.8	6.9	300
932	2021-08-20	6.8	6.8	6.8	6.8	4000
933	2021-08-23	6.8	6.8	6.8	6.8	0
934	2021-08-24	7.4	7.4	7.4	7.4	100
935	2021-08-25	7.2	7.2	7.2	7.2	700
936	2021-08-26	7.2	7.2	7.0	7.0	500
937	2021-08-27	7.1	7.1	7.1	7.1	0
938	2021-08-30	7.1	7.1	7.1	7.1	50
939	2021-08-31	7.3	7.3	7.3	7.3	100
940	2021-09-01	7.3	7.3	7.3	7.3	500
941	2021-09-06	7.0	7.6	7.0	7.6	9900
942	2021-09-07	7.4	7.4	7.4	7.6	12
943	2021-09-08	7.4	7.4	7.4	7.4	0
944	2021-09-09	7.4	7.4	7.4	7.4	0
945	2021-09-10	7.0	7.2	7.0	7.2	1100
946	2021-09-13	7.3	7.4	7.3	7.4	2200
947	2021-09-14	7.5	7.5	7.5	7.5	1300
948	2021-09-15	7.5	7.5	7.5	7.5	100
949	2021-09-16	7.8	8.0	7.8	8.0	4600
950	2021-09-17	7.9	7.9	7.9	7.9	0
951	2021-09-20	8.0	8.3	8.0	8.3	2800
952	2021-09-21	8.2	8.2	8.0	8.0	9000
953	2021-09-22	8.0	9.3	8.0	9.3	6337
954	2021-09-23	8.6	8.6	8.6	8.6	0
955	2021-09-24	8.6	8.6	8.6	8.6	0
956	2021-09-27	8.6	8.6	8.6	8.6	0
957	2021-09-28	8.6	8.6	8.6	8.6	300
958	2021-09-29	8.6	8.6	8.6	8.6	0
959	2021-09-30	8.6	8.6	8.6	8.6	0
960	2021-10-01	8.6	8.6	8.6	8.6	0
961	2021-10-04	8.6	8.6	8.6	8.6	0
962	2021-10-05	8.6	8.6	8.6	8.6	0
963	2021-10-06	8.6	8.6	8.6	8.6	0
964	2021-10-07	8.6	8.6	8.6	8.6	0
965	2021-10-08	8.6	8.6	8.6	8.6	0
966	2021-10-11	8.6	8.6	8.6	8.6	0
967	2021-10-12	8.6	8.6	8.6	8.6	0
968	2021-10-13	8.6	8.6	8.6	8.6	200
969	2021-10-14	8.6	8.6	8.6	8.6	0
970	2021-10-15	8.6	8.6	8.6	8.6	0
971	2021-10-18	8.6	8.6	8.6	8.6	0
972	2021-10-19	9.5	9.5	9.5	9.5	500
973	2021-10-20	9.5	9.5	9.5	9.5	0
974	2021-10-21	9.5	9.5	9.5	9.5	0
975	2021-10-22	9.5	9.5	9.5	9.5	0
976	2021-10-25	9.5	9.5	9.5	9.5	0
977	2021-10-26	8.5	8.5	8.5	8.5	500
978	2021-10-27	8.5	8.5	8.5	8.5	0
979	2021-10-28	8.1	8.1	8.0	8.0	1000
980	2021-10-29	8.5	8.5	8.5	8.5	600
981	2021-11-01	8.6	8.6	8.6	8.6	600
982	2021-11-02	8.8	9.0	8.8	9.0	2710
983	2021-11-03	8.8	8.9	8.8	8.8	4100
984	2021-11-04	8.9	8.9	8.9	8.9	100
985	2021-11-05	8.9	9.2	8.9	9.2	2000
986	2021-11-08	8.9	9.0	8.9	9.0	2110
987	2021-11-09	9.0	9.5	9.0	9.4	1500
988	2021-11-10	9.4	9.4	9.4	9.4	1000
989	2021-11-11	9.4	9.4	9.4	9.4	0
990	2021-11-12	9.4	9.4	9.4	9.4	0
991	2021-11-15	9.6	9.8	9.6	9.8	3600
992	2021-11-16	9.7	9.8	9.7	9.7	1600
993	2021-11-17	9.8	9.8	9.8	9.8	100
994	2021-11-18	9.8	9.8	9.8	9.8	100
995	2021-11-19	10.0	10.0	9.8	9.8	1100
996	2021-11-22	10.0	10.0	10.0	10.0	0
997	2021-11-23	10.5	10.5	10.5	10.5	6553
998	2021-11-24	10.5	10.5	10.5	10.5	800
999	2021-11-25	10.5	10.5	10.5	10.5	301
1000	2021-11-26	10.5	10.5	10.5	10.5	200
1001	2021-11-29	10.5	10.5	10.5	10.5	500
1002	2021-11-30	10.5	10.5	10.5	10.5	1
1003	2021-12-01	10.5	10.5	10.5	10.5	0
1004	2021-12-02	10.5	10.5	10.5	10.5	0
1005	2021-12-03	10.5	10.5	10.5	10.5	0
1006	2021-12-06	10.5	10.5	10.5	10.5	1500
1007	2021-12-07	10.5	10.5	10.5	10.5	0
1008	2021-12-08	11.4	11.4	11.4	11.4	1000
1009	2021-12-09	11.4	11.4	11.4	11.4	0
1010	2021-12-10	11.4	11.4	11.4	11.4	5
1011	2021-12-13	10.0	10.0	10.0	10.0	500
1012	2021-12-14	10.6	10.6	10.6	10.6	1000
1013	2021-12-15	10.6	10.6	10.6	10.6	0
1014	2021-12-16	10.6	10.6	10.6	10.6	0
1015	2021-12-17	10.6	10.6	10.6	10.6	0
1016	2021-12-20	10.1	10.1	10.1	10.1	200
1017	2021-12-21	10.5	10.5	10.5	10.5	300
1018	2021-12-22	9.0	9.0	9.0	9.0	1000
1019	2021-12-23	10.3	10.3	10.3	10.3	2500
1020	2021-12-24	11.5	11.8	11.5	11.8	1500
1021	2021-12-27	11.7	11.7	11.7	11.7	0
1022	2021-12-28	12.0	12.0	12.0	12.0	3200
1023	2021-12-29	13.3	13.3	13.3	13.3	500
1024	2021-12-30	14.8	14.8	14.8	14.8	500
1025	2021-12-31	15.9	15.9	15.7	15.7	600
1026	2022-01-04	16.4	16.4	16.2	16.2	1200
1027	2022-01-05	16.3	16.3	16.3	16.3	0
1028	2022-01-06	16.3	16.3	16.3	16.3	0
1029	2022-01-07	16.3	16.3	16.3	16.3	0
1030	2022-01-10	13.9	14.0	13.9	14.0	500
1031	2022-01-11	14.0	14.0	14.0	14.0	0
1032	2022-01-12	14.0	14.0	14.0	14.0	0
1033	2022-01-13	14.0	14.0	14.0	14.0	0
1034	2022-01-14	15.9	15.9	15.9	15.9	300
1035	2022-01-17	13.6	13.6	13.6	13.6	300
1036	2022-01-18	15.5	15.5	15.5	15.5	300
1037	2022-01-19	15.5	15.5	15.5	15.5	0
1038	2022-01-20	15.5	15.5	15.5	15.5	0
1039	2022-01-21	15.5	15.5	15.5	15.5	0
1040	2022-01-24	15.5	15.5	15.5	15.5	0
1041	2022-01-25	15.5	15.5	15.5	15.5	0
1042	2022-01-26	15.5	15.5	15.5	15.5	0
1043	2022-01-27	15.5	15.5	15.5	15.5	0
1044	2022-01-28	15.5	15.5	15.5	15.5	0
1045	2022-02-07	15.5	15.5	15.5	15.5	0
1046	2022-02-08	15.5	15.5	15.5	15.5	0
1047	2022-02-09	15.5	15.5	15.5	15.5	0
1048	2022-02-10	15.5	15.5	15.5	15.5	0
1049	2022-02-11	15.5	15.5	15.5	15.5	0
1050	2022-02-14	15.5	15.5	15.5	15.5	0
1051	2022-02-15	15.5	15.5	15.5	15.5	0
1052	2022-02-16	15.5	15.5	15.5	15.5	0
1053	2022-02-17	15.5	15.5	15.5	15.5	0
1054	2022-02-18	15.5	15.5	15.5	15.5	0
1055	2022-02-21	15.5	15.5	15.5	15.5	100
1056	2022-02-22	15.5	15.5	15.5	15.5	0
1057	2022-02-23	15.5	15.5	15.5	15.5	0
1058	2022-02-24	15.5	15.5	15.5	15.5	100
1059	2022-02-25	13.2	13.2	13.2	13.2	200
1060	2022-02-28	15.1	15.1	15.1	15.1	100
1061	2022-03-01	12.9	12.9	12.9	12.9	300
1062	2022-03-02	14.7	14.7	14.7	14.7	100
1063	2022-03-03	14.7	14.7	14.7	14.7	0
1064	2022-03-04	14.7	14.7	14.7	14.7	0
1065	2022-03-07	14.7	14.7	14.7	14.7	0
1066	2022-03-08	14.7	14.7	14.7	14.7	0
1067	2022-03-09	14.7	14.7	14.7	14.7	0
1068	2022-03-10	14.7	14.7	14.7	14.7	0
1069	2022-03-11	14.7	14.7	14.7	14.7	0
1070	2022-03-14	14.7	14.7	14.7	14.7	0
1071	2022-03-15	14.7	14.7	14.7	14.7	0
1072	2022-03-16	12.6	12.6	12.6	12.6	1000
1073	2022-03-17	12.6	13.3	12.6	13.3	200
1074	2022-03-18	14.0	14.0	14.0	14.0	100
1075	2022-03-21	14.0	14.0	14.0	14.0	0
1076	2022-03-22	14.0	14.0	14.0	14.0	100
1077	2022-03-23	14.0	14.0	14.0	14.0	0
1078	2022-03-24	12.0	12.0	12.0	12.0	200
1079	2022-03-25	12.0	12.0	12.0	12.0	0
1080	2022-03-28	12.5	12.5	12.5	12.5	200
1081	2022-03-29	13.4	13.4	13.4	13.4	100
1082	2022-03-30	13.4	13.4	13.4	13.4	0
1083	2022-03-31	13.4	13.4	13.4	13.4	0
1084	2022-04-01	13.4	13.4	13.4	13.4	0
1085	2022-04-04	13.4	13.4	13.4	13.4	0
1086	2022-04-05	14.0	14.0	14.0	14.0	500
1087	2022-04-06	14.0	14.0	14.0	14.0	0
1088	2022-04-07	12.2	12.2	12.0	12.0	1300
1089	2022-04-08	13.5	13.5	12.0	12.0	1000
1090	2022-04-12	12.8	12.8	12.8	12.8	0
1091	2022-04-13	11.5	13.3	11.5	13.3	900
1092	2022-04-14	10.7	13.2	10.7	13.2	700
1093	2022-04-15	13.4	13.4	13.4	13.4	500
1094	2022-04-18	13.4	13.4	13.4	13.4	0
1095	2022-04-19	13.4	13.4	13.4	13.4	0
1096	2022-04-20	13.4	13.4	13.4	13.4	0
1097	2022-04-21	13.4	13.4	13.4	13.4	0
1098	2022-04-22	13.4	13.4	13.4	13.4	0
1099	2022-04-25	13.4	13.4	13.4	13.4	0
1100	2022-04-26	13.4	13.4	13.4	13.4	0
1101	2022-04-27	13.4	13.4	13.4	13.4	0
1102	2022-04-28	15.0	15.0	15.0	15.0	100
1103	2022-04-29	15.0	15.0	15.0	15.0	0
1104	2022-05-04	15.0	15.0	15.0	15.0	0
1105	2022-05-05	15.0	15.0	15.0	15.0	0
1106	2022-05-06	15.0	15.0	15.0	15.0	0
1107	2022-05-09	15.0	15.0	15.0	15.0	0
1108	2022-05-10	15.0	15.0	15.0	15.0	0
1109	2022-05-11	15.0	15.0	15.0	15.0	0
1110	2022-05-12	15.0	15.0	15.0	15.0	0
1111	2022-05-13	15.0	15.0	15.0	15.0	0
1112	2022-05-16	15.0	15.0	15.0	15.0	0
1113	2022-05-17	15.0	15.0	15.0	15.0	0
1114	2022-05-18	15.0	15.0	15.0	15.0	0
1115	2022-05-19	15.0	15.0	15.0	15.0	0
1116	2022-05-20	15.0	15.0	15.0	15.0	0
1117	2022-05-23	15.0	15.0	15.0	15.0	0
1118	2022-05-24	15.0	15.0	15.0	15.0	0
1119	2022-05-25	15.0	15.0	15.0	15.0	0
1120	2022-05-26	15.0	15.0	15.0	15.0	0
1121	2022-05-27	15.0	15.0	15.0	15.0	0
1122	2022-05-30	15.0	15.0	15.0	15.0	0
1123	2022-05-31	15.0	15.0	15.0	15.0	0
1124	2022-06-01	15.0	15.0	15.0	15.0	0
1125	2022-06-02	15.0	15.0	15.0	15.0	0
1126	2022-06-03	15.0	15.0	15.0	15.0	0
1127	2022-06-06	15.0	15.0	15.0	15.0	0
1128	2022-06-07	15.0	15.0	15.0	15.0	0
1129	2022-06-08	15.0	15.0	15.0	15.0	0
1130	2022-06-09	15.0	15.0	15.0	15.0	0
1131	2022-06-10	15.0	15.0	15.0	15.0	0
1132	2022-06-13	15.0	15.0	15.0	15.0	0
1133	2022-06-14	15.0	15.0	15.0	15.0	0
1134	2022-06-15	15.0	15.0	15.0	15.0	0
1135	2022-06-16	15.0	15.0	15.0	15.0	0
1136	2022-06-17	15.0	15.0	15.0	15.0	0
1137	2022-06-20	15.0	15.0	15.0	15.0	0
1138	2022-06-21	15.0	15.0	15.0	15.0	0
1139	2022-06-22	9.0	13.9	9.0	13.9	300
1140	2022-06-23	14.0	14.0	14.0	14.0	100
1141	2022-06-24	14.0	14.0	14.0	14.0	0
1142	2022-06-27	14.0	14.0	14.0	14.0	0
1143	2022-06-28	14.0	14.0	14.0	14.0	0
1144	2022-06-29	14.0	14.0	14.0	14.0	0
1145	2022-06-30	14.0	14.0	14.0	14.0	0
1146	2022-07-01	14.0	14.0	14.0	14.0	0
1147	2022-07-04	14.0	14.0	14.0	14.0	0
1148	2022-07-05	14.0	14.0	14.0	14.0	0
1149	2022-07-06	14.0	14.0	14.0	14.0	0
1150	2022-07-07	14.0	14.0	14.0	14.0	0
1151	2022-07-08	14.0	14.0	14.0	14.0	100
1152	2022-07-11	14.0	14.0	14.0	14.0	0
1153	2022-07-12	14.0	14.0	14.0	14.0	0
1154	2022-07-13	14.0	14.0	14.0	14.0	0
1155	2022-07-14	14.0	14.0	14.0	14.0	0
1156	2022-07-15	14.0	14.0	14.0	14.0	0
1157	2022-07-18	14.0	14.0	14.0	14.0	0
1158	2022-07-19	14.0	14.0	14.0	14.0	0
1159	2022-07-20	14.0	14.0	14.0	14.0	0
1160	2022-07-21	14.0	14.0	14.0	14.0	0
1161	2022-07-22	14.0	14.0	14.0	14.0	2
1162	2022-07-25	14.0	14.0	14.0	14.0	0
1163	2022-07-26	14.0	14.0	14.0	14.0	0
1164	2022-07-27	14.0	14.0	14.0	14.0	0
1165	2022-07-28	14.0	14.0	14.0	14.0	0
1166	2022-07-29	14.0	14.0	14.0	14.0	0
1167	2022-08-01	14.0	14.0	14.0	14.0	0
1168	2022-08-02	14.0	14.0	14.0	14.0	0
1169	2022-08-03	14.0	14.0	14.0	14.0	0
1170	2022-08-04	14.0	14.0	14.0	14.0	0
1171	2022-08-05	14.0	14.0	14.0	14.0	0
1172	2022-08-08	14.0	14.0	14.0	14.0	0
1173	2022-08-09	14.0	14.0	14.0	14.0	0
1174	2022-08-10	14.0	14.0	14.0	14.0	0
1175	2022-08-11	14.0	14.0	14.0	14.0	0
1176	2022-08-12	14.0	14.0	14.0	14.0	0
1177	2022-08-15	14.0	14.0	14.0	14.0	0
1178	2022-08-16	14.0	14.0	14.0	14.0	0
1179	2022-08-17	14.0	14.0	14.0	14.0	0
1180	2022-08-18	14.0	14.0	14.0	14.0	0
1181	2022-08-19	14.0	14.0	14.0	14.0	0
1182	2022-08-22	14.0	14.0	14.0	14.0	0
1183	2022-08-23	14.0	14.0	14.0	14.0	0
1184	2022-08-24	14.0	14.0	14.0	14.0	0
1185	2022-08-25	14.0	14.0	14.0	14.0	0
1186	2022-08-26	14.0	14.0	14.0	14.0	0
1187	2022-08-29	14.0	14.0	14.0	14.0	0
1188	2022-08-30	14.0	14.0	14.0	14.0	0
1189	2022-08-31	14.0	14.0	14.0	14.0	0
1190	2022-09-05	14.0	14.0	14.0	14.0	0
1191	2022-09-06	14.0	14.0	14.0	14.0	0
1192	2022-09-07	14.0	14.0	14.0	14.0	0
1193	2022-09-08	14.0	14.0	14.0	14.0	0
1194	2022-09-09	14.0	14.0	14.0	14.0	0
1195	2022-09-12	14.0	14.0	14.0	14.0	0
1196	2022-09-13	14.0	14.0	14.0	14.0	0
1197	2022-09-14	14.0	14.0	14.0	14.0	0
1198	2022-09-15	14.0	14.0	14.0	14.0	0
1199	2022-09-16	13.9	13.9	13.9	13.9	100
1200	2022-09-19	13.9	13.9	13.9	13.9	0
1201	2022-09-20	13.9	13.9	13.9	13.9	0
1202	2022-09-21	13.9	13.9	13.9	13.9	0
1203	2022-09-22	13.9	13.9	13.9	13.9	0
1204	2022-09-23	13.9	13.9	13.9	13.9	0
1205	2022-09-26	13.9	13.9	13.9	13.9	0
1206	2022-09-27	13.9	13.9	13.9	13.9	0
1207	2022-09-28	13.9	13.9	13.9	13.9	0
1208	2022-09-29	13.9	13.9	13.9	13.9	0
1209	2022-09-30	13.9	13.9	13.9	13.9	1
1210	2022-10-03	13.9	13.9	13.9	13.9	0
1211	2022-10-04	13.9	13.9	13.9	13.9	0
1212	2022-10-05	13.9	13.9	13.9	13.9	0
1213	2022-10-06	13.9	13.9	13.9	13.9	0
1214	2022-10-07	13.9	13.9	13.9	13.9	0
1215	2022-10-10	13.9	13.9	13.9	13.9	0
1216	2022-10-11	13.9	13.9	13.9	13.9	0
1217	2022-10-12	13.9	13.9	13.9	13.9	0
1218	2022-10-13	13.9	13.9	13.9	13.9	0
1219	2022-10-14	13.9	13.9	13.9	13.9	0
1220	2022-10-17	13.9	13.9	13.9	13.9	0
1221	2022-10-18	13.9	13.9	13.9	13.9	0
1222	2022-10-19	13.9	13.9	13.9	13.9	0
1223	2022-10-20	13.9	13.9	13.9	13.9	0
1224	2022-10-21	13.9	13.9	13.9	13.9	0
1225	2022-10-24	13.9	13.9	13.9	13.9	0
1226	2022-10-25	13.9	13.9	13.9	13.9	0
1227	2022-10-26	13.9	13.9	13.9	13.9	0
1228	2022-10-27	13.9	13.9	13.9	13.9	0
1229	2022-10-28	13.9	13.9	13.9	13.9	0
1230	2022-10-31	13.9	13.9	13.9	13.9	0
1231	2022-11-01	13.9	13.9	13.9	13.9	0
1232	2022-11-02	13.9	13.9	13.9	13.9	0
1233	2022-11-03	13.9	13.9	13.9	13.9	0
1234	2022-11-04	13.9	13.9	13.9	13.9	0
1235	2022-11-07	13.9	13.9	13.9	13.9	0
1236	2022-11-08	13.9	13.9	13.9	13.9	0
1237	2022-11-09	13.9	13.9	13.9	13.9	0
1238	2022-11-10	13.9	13.9	13.9	13.9	0
1239	2022-11-11	13.9	13.9	13.9	13.9	0
1240	2022-11-14	13.9	13.9	13.9	13.9	0
1241	2022-11-15	13.9	13.9	13.9	13.9	0
1242	2022-11-16	13.9	13.9	13.9	13.9	0
1243	2022-11-17	13.9	13.9	13.9	13.9	0
1244	2022-11-18	13.9	13.9	13.9	13.9	0
1245	2022-11-21	13.9	13.9	13.9	13.9	0
1246	2022-11-22	13.9	13.9	13.9	13.9	0
1247	2022-11-23	13.9	13.9	13.9	13.9	0
1248	2022-11-24	13.9	13.9	13.9	13.9	0
1249	2022-11-25	13.9	13.9	13.9	13.9	0
1250	2022-11-28	13.9	13.9	13.9	13.9	0
1251	2022-11-29	13.9	13.9	13.9	13.9	0
1252	2022-11-30	13.9	13.9	13.9	13.9	0
1253	2022-12-01	13.9	13.9	13.9	13.9	0
1254	2022-12-02	13.9	13.9	13.9	13.9	0
1255	2022-12-05	13.9	13.9	13.9	13.9	0
1256	2022-12-06	13.9	13.9	13.9	13.9	0
1257	2022-12-07	13.9	13.9	13.9	13.9	0
1258	2022-12-08	13.9	13.9	13.9	13.9	0
1259	2022-12-09	13.9	13.9	13.9	13.9	0
1260	2022-12-12	13.9	13.9	13.9	13.9	0
1261	2022-12-13	13.9	13.9	13.9	13.9	0
1262	2022-12-14	13.9	13.9	13.9	13.9	0
1263	2022-12-15	13.9	13.9	13.9	13.9	0
1264	2022-12-16	13.9	13.9	13.9	13.9	0
1265	2022-12-19	13.9	13.9	13.9	13.9	0
1266	2022-12-20	13.9	13.9	13.9	13.9	0
1267	2022-12-21	13.9	13.9	13.9	13.9	0
1268	2022-12-22	13.9	13.9	13.9	13.9	0
1269	2022-12-23	13.9	13.9	13.9	13.9	0
1270	2022-12-26	13.9	13.9	13.9	13.9	0
1271	2022-12-27	13.9	13.9	13.9	13.9	0
1272	2022-12-28	13.9	13.9	13.9	13.9	0
1273	2022-12-29	13.9	13.9	13.9	13.9	0
1274	2022-12-30	13.9	13.9	13.9	13.9	0
1275	2023-01-03	13.9	13.9	13.9	13.9	0
1276	2023-01-04	13.9	13.9	13.9	13.9	0
1277	2023-01-05	13.9	13.9	13.9	13.9	0
1278	2023-01-06	13.9	13.9	13.9	13.9	0
1279	2023-01-09	13.9	13.9	13.9	13.9	0
1280	2023-01-10	13.9	13.9	13.9	13.9	0
1281	2023-01-11	13.9	13.9	13.9	13.9	0
1282	2023-01-12	13.9	13.9	13.9	13.9	0
1283	2023-01-13	13.9	13.9	13.9	13.9	0
1284	2023-01-16	13.9	13.9	13.9	13.9	0
1285	2023-01-17	13.9	13.9	13.9	13.9	0
1286	2023-01-18	13.9	13.9	13.9	13.9	0
1287	2023-01-19	13.9	13.9	13.9	13.9	0
1288	2023-01-27	13.9	13.9	13.9	13.9	0
1289	2023-01-30	13.9	13.9	13.9	13.9	0
1290	2023-01-31	13.9	13.9	13.9	13.9	0
1291	2023-02-01	13.9	13.9	13.9	13.9	0
1292	2023-02-02	13.9	13.9	13.9	13.9	0
1293	2023-02-03	13.9	13.9	13.9	13.9	0
1294	2023-02-06	13.9	13.9	13.9	13.9	0
1295	2023-02-07	13.9	13.9	13.9	13.9	0
1296	2023-02-08	13.9	13.9	13.9	13.9	0
1297	2023-02-09	13.9	13.9	13.9	13.9	0
1298	2023-02-10	13.9	13.9	13.9	13.9	0
1299	2023-02-13	13.9	13.9	13.9	13.9	0
1300	2023-02-14	13.9	13.9	13.9	13.9	0
1301	2023-02-15	13.9	13.9	13.9	13.9	0
1302	2023-02-16	13.9	13.9	13.9	13.9	0
1303	2023-02-17	13.9	13.9	13.9	13.9	0
1304	2023-02-20	13.9	13.9	13.9	13.9	0
1305	2023-02-21	13.9	13.9	13.9	13.9	0
1306	2023-02-22	13.9	13.9	13.9	13.9	0
1307	2023-02-23	13.9	13.9	13.9	13.9	0
1308	2023-02-24	13.9	13.9	13.9	13.9	0
1309	2023-02-27	13.9	13.9	13.9	13.9	0
1310	2023-02-28	13.9	13.9	13.9	13.9	0
1311	2023-03-01	13.9	13.9	13.9	13.9	0
1312	2023-03-02	13.9	13.9	13.9	13.9	0
1313	2023-03-03	13.9	13.9	13.9	13.9	0
1314	2023-03-06	13.9	13.9	13.9	13.9	0
1315	2023-03-07	13.9	13.9	13.9	13.9	0
1316	2023-03-08	13.9	13.9	13.9	13.9	0
1317	2023-03-09	13.9	13.9	13.9	13.9	0
1318	2023-03-10	13.9	13.9	13.9	13.9	0
1319	2023-03-13	13.9	13.9	13.9	13.9	0
1320	2023-03-14	13.9	13.9	13.9	13.9	0
1321	2023-03-15	13.9	13.9	13.9	13.9	0
1322	2023-03-16	13.9	13.9	13.9	13.9	0
1323	2023-03-17	13.9	13.9	13.9	13.9	0
1324	2023-03-20	13.9	13.9	13.9	13.9	0
1325	2023-03-21	13.9	13.9	13.9	13.9	0
1326	2023-03-22	13.9	13.9	13.9	13.9	0
1327	2023-03-23	13.9	13.9	13.9	13.9	0
1328	2023-03-24	13.9	13.9	13.9	13.9	0
1329	2023-03-27	13.9	13.9	13.9	13.9	0
1330	2023-03-28	13.9	13.9	13.9	13.9	0
1331	2023-03-29	13.9	13.9	13.9	13.9	0
1332	2023-03-30	13.9	13.9	13.9	13.9	0
1333	2023-03-31	13.9	13.9	13.9	13.9	0
1334	2023-04-03	13.9	13.9	13.9	13.9	0
1335	2023-04-04	13.9	13.9	13.9	13.9	0
1336	2023-04-05	13.9	13.9	13.9	13.9	0
1337	2023-04-06	13.9	13.9	13.9	13.9	0
1338	2023-04-07	13.9	13.9	13.9	13.9	0
1339	2023-04-10	13.9	13.9	13.9	13.9	0
1340	2023-04-11	13.9	13.9	13.9	13.9	0
1341	2023-04-12	13.9	13.9	13.9	13.9	0
1342	2023-04-13	13.9	13.9	13.9	13.9	0
1343	2023-04-14	13.9	13.9	13.9	13.9	0
1344	2023-04-17	13.9	13.9	13.9	13.9	0
1345	2023-04-18	13.9	13.9	13.9	13.9	0
1346	2023-04-19	13.9	13.9	13.9	13.9	0
1347	2023-04-20	13.9	13.9	13.9	13.9	0
1348	2023-04-21	13.9	13.9	13.9	13.9	0
1349	2023-04-24	13.9	13.9	13.9	13.9	0
1350	2023-04-25	13.9	13.9	13.9	13.9	0
1351	2023-04-26	13.9	13.9	13.9	13.9	0
1352	2023-04-27	13.9	13.9	13.9	13.9	0
1353	2023-04-28	13.9	13.9	13.9	13.9	0
1354	2023-05-04	13.9	13.9	13.9	13.9	0
1355	2023-05-05	13.9	13.9	13.9	13.9	0
1356	2023-05-08	13.9	13.9	13.9	13.9	0
1357	2023-05-09	13.9	13.9	13.9	13.9	0
1358	2023-05-10	13.9	13.9	13.9	13.9	0
1359	2023-05-11	13.9	13.9	13.9	13.9	0
1360	2023-05-12	13.9	13.9	13.9	13.9	0
1361	2023-05-15	13.9	13.9	13.9	13.9	0
1362	2023-05-16	13.9	13.9	13.9	13.9	0
1363	2023-05-17	13.9	13.9	13.9	13.9	0
1364	2023-05-18	13.9	13.9	13.9	13.9	0
1365	2023-05-19	13.9	13.9	13.9	13.9	0
1366	2023-05-22	13.9	13.9	13.9	13.9	0
1367	2023-05-23	13.9	13.9	13.9	13.9	0
1368	2023-05-24	13.9	13.9	13.9	13.9	0
1369	2023-05-25	13.9	13.9	13.9	13.9	0
1370	2023-05-26	13.9	13.9	13.9	13.9	0
1371	2023-05-29	13.9	13.9	13.9	13.9	0
1372	2023-05-30	13.9	13.9	13.9	13.9	0
1373	2023-05-31	13.9	13.9	13.9	13.9	0
1374	2023-06-01	13.9	13.9	13.9	13.9	0
1375	2023-06-02	13.9	13.9	13.9	13.9	0
1376	2023-06-05	13.9	13.9	13.9	13.9	0
1377	2023-06-06	13.9	13.9	13.9	13.9	0
1378	2023-06-07	13.9	13.9	13.9	13.9	0
1379	2023-06-08	13.9	13.9	13.9	13.9	0
1380	2023-06-09	13.9	13.9	13.9	13.9	0
1381	2023-06-12	13.9	13.9	13.9	13.9	0
1382	2023-06-13	13.9	13.9	13.9	13.9	0
1383	2023-06-14	13.9	13.9	13.9	13.9	0
1384	2023-06-15	13.9	13.9	13.9	13.9	0
1385	2023-06-16	13.9	13.9	13.9	13.9	0
1386	2023-06-19	13.9	13.9	13.9	13.9	0
1387	2023-06-20	13.9	13.9	13.9	13.9	0
1388	2023-06-21	13.9	13.9	13.9	13.9	0
1389	2023-06-22	13.9	13.9	13.9	13.9	0
1390	2023-06-23	13.9	13.9	13.9	13.9	0
1391	2023-06-26	13.9	13.9	13.9	13.9	0
1392	2023-06-27	13.9	13.9	13.9	13.9	500
1393	2023-06-28	13.9	13.9	13.9	13.9	59
1394	2023-06-29	13.9	13.9	13.9	13.9	0
1395	2023-06-30	13.9	13.9	13.9	13.9	0
1396	2023-07-03	13.9	13.9	13.9	13.9	0
1397	2023-07-04	13.9	13.9	13.9	13.9	0
1398	2023-07-05	13.9	13.9	13.9	13.9	0
1399	2023-07-06	13.9	13.9	13.9	13.9	0
1400	2023-07-07	13.9	13.9	13.9	13.9	0
1401	2023-07-10	13.9	13.9	13.9	13.9	0
1402	2023-07-11	13.9	13.9	13.9	13.9	0
1403	2023-07-12	13.9	13.9	13.9	13.9	0
1404	2023-07-13	13.9	13.9	13.9	13.9	0
1405	2023-07-14	13.9	13.9	13.9	13.9	0
1406	2023-07-17	13.9	13.9	13.9	13.9	0
1407	2023-07-18	13.9	13.9	13.9	13.9	0
1408	2023-07-19	13.9	13.9	13.9	13.9	0
1409	2023-07-20	13.9	13.9	13.9	13.9	0
1410	2023-07-21	13.9	13.9	13.9	13.9	0
1411	2023-07-24	13.9	13.9	13.9	13.9	0
1412	2023-07-25	13.9	13.9	13.9	13.9	0
1413	2023-07-26	13.9	13.9	13.9	13.9	0
1414	2023-07-27	13.9	13.9	13.9	13.9	0
1415	2023-07-28	13.9	13.9	13.9	13.9	0
1416	2023-07-31	13.9	13.9	13.9	13.9	0
1417	2023-08-01	13.9	13.9	13.9	13.9	0
1418	2023-08-02	13.9	13.9	13.9	13.9	0
1419	2023-08-03	13.9	13.9	13.9	13.9	0
1420	2023-08-04	13.9	13.9	13.9	13.9	0
1421	2023-08-07	13.9	13.9	13.9	13.9	0
1422	2023-08-08	13.9	13.9	13.9	13.9	0
1423	2023-08-09	13.9	13.9	13.9	13.9	0
1424	2023-08-10	13.9	13.9	13.9	13.9	0
1425	2023-08-11	13.9	13.9	13.9	13.9	0
1426	2023-08-14	13.9	13.9	13.9	13.9	0
1427	2023-08-15	13.9	13.9	13.9	13.9	0
1428	2023-08-16	13.9	13.9	13.9	13.9	0
1429	2023-08-17	13.9	13.9	13.9	13.9	0
1430	2023-08-18	13.9	13.9	13.9	13.9	0
1431	2023-08-21	13.9	13.9	13.9	13.9	0
1432	2023-08-22	13.9	13.9	13.9	13.9	0
1433	2023-08-23	13.9	13.9	13.9	13.9	0
1434	2023-08-24	13.9	13.9	13.9	13.9	0
1435	2023-08-25	13.9	13.9	13.9	13.9	0
1436	2023-08-28	13.9	13.9	13.9	13.9	0
1437	2023-08-29	13.9	13.9	13.9	13.9	0
1438	2023-08-30	13.9	13.9	13.9	13.9	0
1439	2023-08-31	8.4	12.9	8.4	12.9	600
1440	2023-09-05	12.2	12.2	12.2	12.2	0
1441	2023-09-06	12.2	12.2	12.2	12.2	0
1442	2023-09-07	12.2	12.2	12.2	12.2	0
1443	2023-09-08	12.2	12.2	12.2	12.2	0
1444	2023-09-11	12.2	12.2	12.2	12.2	0
1445	2023-09-12	12.2	12.2	12.2	12.2	0
1446	2023-09-13	12.2	12.2	12.2	12.2	0
1447	2023-09-14	12.2	12.2	12.2	12.2	0
1448	2023-09-15	12.2	12.2	12.2	12.2	0
1449	2023-09-18	12.2	12.2	12.2	12.2	0
1450	2023-09-19	12.2	12.2	12.2	12.2	0
1451	2023-09-20	12.2	12.2	12.2	12.2	0
1452	2023-09-21	12.2	12.2	12.2	12.2	0
1453	2023-09-22	12.2	12.2	12.2	12.2	0
1454	2023-09-25	12.2	12.2	12.2	12.2	0
1455	2023-09-26	12.2	12.2	12.2	12.2	0
1456	2023-09-27	12.2	12.2	12.2	12.2	0
1457	2023-09-28	12.2	12.2	12.2	12.2	0
1458	2023-09-29	12.2	12.2	12.2	12.2	0
1459	2023-10-02	12.2	12.2	12.2	12.2	0
1460	2023-10-03	12.2	12.2	12.2	12.2	0
1461	2023-10-04	12.2	12.2	12.2	12.2	0
1462	2023-10-05	12.2	12.2	12.2	12.2	0
1463	2023-10-06	12.2	12.2	12.2	12.2	0
1464	2023-10-09	12.2	12.2	12.2	12.2	0
1465	2023-10-10	12.2	12.2	12.2	12.2	0
1466	2023-10-11	12.2	12.2	12.2	12.2	0
1467	2023-10-12	12.2	12.2	12.2	12.2	0
1468	2023-10-13	12.2	12.2	12.2	12.2	0
1469	2023-10-16	12.2	12.2	12.2	12.2	0
1470	2023-10-17	12.2	12.2	12.2	12.2	0
1471	2023-10-18	12.2	12.2	12.2	12.2	0
1472	2023-10-19	12.2	12.2	12.2	12.2	0
1473	2023-10-20	12.2	12.2	12.2	12.2	0
1474	2023-10-23	12.2	12.2	12.2	12.2	0
1475	2023-10-24	12.2	12.2	12.2	12.2	0
1476	2023-10-25	12.2	12.2	12.2	12.2	0
1477	2023-10-26	12.2	12.2	12.2	12.2	0
1478	2023-10-27	12.2	12.2	12.2	12.2	0
1479	2023-10-30	12.2	12.2	12.2	12.2	0
1480	2023-10-31	12.2	12.2	12.2	12.2	0
1481	2023-11-01	12.2	12.2	12.2	12.2	0
1482	2023-11-02	12.2	12.2	12.2	12.2	0
1483	2023-11-03	12.2	12.2	12.2	12.2	0
1484	2023-11-06	12.2	12.2	12.2	12.2	0
1485	2023-11-07	12.2	12.2	12.2	12.2	0
1486	2023-11-08	12.2	12.2	12.2	12.2	0
1487	2023-11-09	12.2	12.2	12.2	12.2	0
1488	2023-11-10	12.2	12.2	12.2	12.2	0
1489	2023-11-13	12.2	12.2	12.2	12.2	0
1490	2023-11-14	12.2	12.2	12.2	12.2	0
1491	2023-11-15	12.2	12.2	12.2	12.2	0
1492	2023-11-16	12.2	12.2	12.2	12.2	0
1493	2023-11-17	12.2	12.2	12.2	12.2	0
1494	2023-11-20	12.2	12.2	12.2	12.2	0
1495	2023-11-21	12.2	12.2	12.2	12.2	0
1496	2023-11-22	12.2	12.2	12.2	12.2	0
1497	2023-11-23	12.2	12.2	12.2	12.2	0
1498	2023-11-24	12.2	12.2	12.2	12.2	0
1499	2023-11-27	12.2	12.2	12.2	12.2	0
1500	2023-11-28	12.2	12.2	12.2	12.2	0
1501	2023-11-29	12.2	12.2	12.2	12.2	0
1502	2023-11-30	12.2	12.2	12.2	12.2	0
1503	2023-12-01	12.2	12.2	12.2	12.2	0
1504	2023-12-04	12.2	12.2	12.2	12.2	0
1505	2023-12-05	12.2	12.2	12.2	12.2	0
1506	2023-12-06	12.2	12.2	12.2	12.2	0
1507	2023-12-07	12.2	12.2	12.2	12.2	0
1508	2023-12-08	12.2	12.2	12.2	12.2	0
1509	2023-12-11	12.2	12.2	12.2	12.2	0
1510	2023-12-12	12.2	12.2	12.2	12.2	0
1511	2023-12-13	7.4	12.0	7.4	12.0	600
1512	2023-12-14	11.2	11.2	11.2	11.2	0
1513	2023-12-15	11.2	11.2	11.2	11.2	0
1514	2023-12-18	11.2	11.2	11.2	11.2	0
1515	2023-12-19	11.2	11.2	11.2	11.2	0
1516	2023-12-20	11.2	11.2	11.2	11.2	0
1517	2023-12-21	11.2	11.2	11.2	11.2	0
1518	2023-12-22	11.2	11.2	11.2	11.2	0
1519	2023-12-25	11.2	11.2	11.2	11.2	0
1520	2023-12-26	11.2	11.2	11.2	11.2	0
1521	2023-12-27	11.2	11.2	11.2	11.2	0
1522	2023-12-28	11.2	11.2	11.2	11.2	0
1523	2023-12-29	11.2	11.2	11.2	11.2	0
1524	2024-01-02	11.2	11.2	11.2	11.2	0
1525	2024-01-03	11.2	11.2	11.2	11.2	0
1526	2024-01-04	11.2	11.2	11.2	11.2	0
1527	2024-01-05	11.2	11.2	11.2	11.2	0
1528	2024-01-08	11.2	11.2	11.2	11.2	0
1529	2024-01-09	11.2	11.2	11.2	11.2	1
1530	2024-01-10	11.2	11.2	11.2	11.2	0
1531	2024-01-11	11.2	11.2	11.2	11.2	0
1532	2024-01-12	11.2	11.2	11.2	11.2	0
1533	2024-01-15	11.2	11.2	11.2	11.2	0
1534	2024-01-16	11.2	11.2	11.2	11.2	0
1535	2024-01-17	11.2	11.2	11.2	11.2	0
1536	2024-01-18	11.2	11.2	11.2	11.2	0
1537	2024-01-19	11.2	11.2	11.2	11.2	0
1538	2024-01-22	11.2	11.2	11.2	11.2	0
1539	2024-01-23	11.2	11.2	11.2	11.2	0
1540	2024-01-24	6.8	10.7	6.8	10.4	1300
1541	2024-01-25	7.8	10.4	7.8	10.4	200
1542	2024-01-26	9.1	9.1	9.1	9.1	0
1543	2024-01-29	9.1	9.1	9.1	9.1	34
1544	2024-01-30	9.1	9.1	9.1	9.1	0
1545	2024-01-31	9.1	9.1	9.1	9.1	0
1546	2024-02-01	9.9	9.9	9.9	9.9	100
1547	2024-02-02	9.9	9.9	9.9	9.9	0
1548	2024-02-05	9.9	9.9	9.9	9.9	0
1549	2024-02-06	9.9	9.9	9.9	9.9	0
1550	2024-02-07	9.9	9.9	9.9	9.9	0
1551	2024-02-15	9.9	9.9	9.9	9.9	0
1552	2024-02-16	9.9	9.9	9.9	9.9	0
1553	2024-02-19	9.9	9.9	9.9	9.9	1
1554	2024-02-20	9.9	9.9	9.9	9.9	0
1555	2024-02-21	9.9	9.9	9.9	9.9	700
1556	2024-02-22	9.9	9.9	9.9	9.9	0
1557	2024-02-23	9.9	9.9	9.9	9.9	0
1558	2024-02-26	9.9	9.9	9.9	9.9	0
1559	2024-02-27	9.9	9.9	9.9	9.9	0
1560	2024-02-28	9.9	9.9	9.9	9.9	0
1561	2024-02-29	9.9	9.9	9.9	9.9	0
1562	2024-03-01	9.9	9.9	9.9	9.9	0
1563	2024-03-04	9.9	9.9	9.9	9.9	0
1564	2024-03-05	9.9	9.9	9.9	9.9	0
1565	2024-03-06	9.9	9.9	9.9	9.9	0
1566	2024-03-07	9.9	9.9	9.9	9.9	0
1567	2024-03-08	9.9	9.9	9.9	9.9	0
1568	2024-03-11	9.9	9.9	9.9	9.9	0
1569	2024-03-12	9.9	9.9	9.9	9.9	0
1570	2024-03-13	9.9	9.9	9.9	9.9	0
1571	2024-03-14	9.9	9.9	9.9	9.9	0
1572	2024-03-15	9.9	9.9	9.9	9.9	0
1573	2024-03-18	9.9	9.9	9.9	9.9	0
1574	2024-03-19	9.9	9.9	9.9	9.9	0
1575	2024-03-20	9.9	9.9	9.9	9.9	0
1576	2024-03-21	9.9	9.9	9.9	9.9	0
1577	2024-03-22	9.9	9.9	9.9	9.9	0
1578	2024-03-25	9.9	9.9	9.9	9.9	0
1579	2024-03-26	8.5	8.5	8.5	8.5	1100
1580	2024-03-27	8.5	8.5	8.5	8.5	0
1581	2024-03-28	8.5	8.5	8.5	8.5	0
1582	2024-03-29	8.5	8.5	8.5	8.5	0
1583	2024-04-01	8.0	8.0	8.0	8.0	100
1584	2024-04-02	8.0	8.0	8.0	8.0	0
1585	2024-04-03	8.0	8.0	8.0	8.0	0
1586	2024-04-04	7.0	7.0	7.0	7.0	1500
1587	2024-04-05	7.0	7.0	7.0	7.0	1
1588	2024-04-08	6.2	6.2	6.2	6.2	701
1589	2024-04-09	6.5	6.5	6.5	6.5	300
1590	2024-04-10	6.5	6.5	6.5	6.5	0
1591	2024-04-11	6.5	6.5	6.5	6.5	0
1592	2024-04-12	6.5	6.5	6.5	6.5	0
1593	2024-04-15	6.5	6.5	6.5	6.5	0
1594	2024-04-16	6.5	6.5	6.5	6.5	0
1595	2024-04-17	6.5	6.5	6.5	6.5	0
1596	2024-04-19	6.5	6.5	6.5	6.5	0
1597	2024-04-22	6.5	6.5	6.5	6.5	0
1598	2024-04-23	6.5	6.5	6.5	6.5	0
1599	2024-04-24	6.5	6.5	6.5	6.5	0
1600	2024-04-25	6.5	6.5	6.5	6.5	0
1601	2024-04-26	6.5	6.5	6.5	6.5	0
1602	2024-05-02	6.5	6.5	6.5	6.5	0
1603	2024-05-03	6.5	6.5	6.5	6.5	0
1604	2024-05-06	6.5	6.5	6.5	6.5	0
1605	2024-05-07	6.5	6.5	6.5	6.5	200
1606	2024-05-08	6.5	6.5	6.5	6.5	0
1607	2024-05-09	6.5	6.5	6.5	6.5	0
1608	2024-05-10	6.5	6.5	6.5	6.5	0
1609	2024-05-13	6.5	6.5	6.5	6.5	2400
1610	2024-05-14	6.5	6.5	6.5	6.5	0
1611	2024-05-15	6.5	6.5	6.5	6.5	0
1612	2024-05-16	6.5	6.5	6.5	6.5	1700
1613	2024-05-17	7.4	7.4	6.5	6.5	500
1614	2024-05-20	7.7	7.7	7.6	7.6	702
1615	2024-05-21	8.6	8.6	8.6	8.6	100
1616	2024-05-22	8.6	8.6	8.6	8.6	23
1617	2024-05-23	8.6	8.6	8.6	8.6	0
1618	2024-05-24	8.6	8.6	8.6	8.6	0
1619	2024-05-27	9.6	9.6	9.6	9.6	100
1620	2024-05-28	9.6	9.6	9.6	9.6	0
1621	2024-05-29	9.6	9.6	9.6	9.6	0
1622	2024-05-30	9.6	9.6	9.6	9.6	0
1623	2024-05-31	9.6	9.6	9.6	9.6	0
1624	2024-06-03	9.6	9.6	9.6	9.6	0
1625	2024-06-04	9.6	9.6	9.6	9.6	0
1626	2024-06-05	9.6	9.6	9.6	9.6	0
1627	2024-06-06	9.6	9.6	9.6	9.6	0
1628	2024-06-07	9.6	9.6	9.6	9.6	2
1629	2024-06-10	9.6	9.6	9.6	9.6	0
1630	2024-06-11	9.6	9.6	9.6	9.6	0
1631	2024-06-12	9.6	9.6	9.6	9.6	0
1632	2024-06-13	9.6	9.6	9.6	9.6	0
1633	2024-06-14	9.6	9.6	9.6	9.6	0
1634	2024-06-17	8.2	8.2	8.2	8.2	1000
1635	2024-06-18	9.4	9.4	9.4	9.4	100
1636	2024-06-19	9.4	9.4	9.4	9.4	1
1637	2024-06-20	9.4	9.4	9.4	9.4	0
1638	2024-06-21	9.4	9.4	9.4	9.4	0
1639	2024-06-24	9.4	9.4	9.4	9.4	0
1640	2024-06-25	9.4	9.4	9.4	9.4	0
1641	2024-06-26	9.4	9.4	9.4	9.4	0
1642	2024-06-27	9.4	9.4	9.4	9.4	0
1643	2024-06-28	9.4	9.4	9.4	9.4	0
1644	2024-07-01	10.8	10.8	10.8	10.8	100
1645	2024-07-02	10.8	10.8	10.8	10.8	2
1646	2024-07-03	10.8	10.8	10.8	10.8	0
1647	2024-07-04	10.8	10.8	10.8	10.8	0
1648	2024-07-05	10.8	10.8	10.8	10.8	0
1649	2024-07-08	10.8	10.8	10.8	10.8	0
1650	2024-07-09	10.8	10.8	10.8	10.8	0
1651	2024-07-10	12.3	12.3	12.3	12.3	101
1652	2024-07-11	12.3	12.3	12.3	12.3	0
1653	2024-07-12	12.3	12.3	12.3	12.3	0
1654	2024-07-15	12.3	12.3	12.3	12.3	0
1655	2024-07-16	14.1	14.1	14.1	14.1	100
1656	2024-07-17	14.1	14.1	14.1	14.1	0
1657	2024-07-18	16.2	16.2	16.2	16.2	100
1658	2024-07-19	16.2	16.2	16.2	16.2	0
1659	2024-07-22	18.1	18.1	18.1	18.1	100
1660	2024-07-23	18.1	18.1	18.1	18.1	0
1661	2024-07-24	18.1	18.1	18.1	18.1	0
1662	2024-07-25	20.5	20.5	15.4	18.1	1100
1663	2024-08-05	19.8	19.8	19.8	19.8	100
1664	2024-08-13	20.9	20.9	20.9	20.9	100
1665	2024-08-14	22.5	22.5	17.8	17.8	200
1666	2024-08-15	17.2	17.2	17.2	17.2	100
1667	2024-10-03	23.8	23.8	15.6	15.6	200
1668	2024-10-29	16.8	16.8	16.8	16.8	100
1669	2024-10-30	14.3	14.3	14.3	14.3	100
1670	2024-11-01	12.2	12.2	12.2	12.2	100
1671	2024-11-04	14.0	14.0	10.4	13.4	300
1672	2024-12-06	14.4	14.4	10.8	10.8	300
1673	2024-12-13	10.2	10.2	10.2	10.2	200
1674	2024-12-16	11.7	11.7	11.7	11.7	100
1675	2024-12-27	10.0	10.0	10.0	10.0	200
1676	2024-12-31	8.6	8.6	8.6	8.6	200
1677	2025-01-03	9.8	9.8	9.8	9.8	100
1678	2025-01-09	8.6	11.2	8.6	11.2	200
1679	2025-01-16	11.3	11.3	11.3	11.3	100
1680	2025-02-19	10.5	10.5	9.7	9.7	800
1681	2025-02-21	9.8	9.8	9.2	9.2	700
1682	2025-02-27	8.2	8.2	8.2	8.2	1000
1683	2025-02-28	9.4	9.4	9.4	9.4	100
1684	2025-03-03	9.4	9.4	9.4	9.4	4300
1685	2025-03-06	8.8	8.8	8.8	8.8	800
1686	2025-03-07	10.1	10.1	10.1	10.1	100
1687	2025-03-21	9.2	9.2	9.2	9.2	100
