	time	open	high	low	close	volume
0	2015-12-01	4.54	4.66	4.54	4.66	1300
1	2015-12-02	4.66	4.66	4.66	4.66	0
2	2015-12-03	4.66	4.66	4.66	4.66	0
3	2015-12-04	4.66	4.66	4.66	4.66	0
4	2015-12-07	4.66	4.66	4.66	4.66	0
5	2015-12-08	4.66	4.66	4.66	4.66	0
6	2015-12-09	4.66	4.66	4.66	4.66	0
7	2015-12-10	4.66	4.66	4.66	4.66	0
8	2015-12-11	5.02	5.26	5.02	5.26	2100
9	2015-12-14	5.26	5.26	5.26	5.26	0
10	2015-12-15	5.74	5.74	5.74	5.74	1000
11	2015-12-16	5.74	5.74	5.74	5.74	0
12	2015-12-17	6.46	6.46	6.46	6.46	100
13	2015-12-18	6.46	6.46	6.46	6.46	0
14	2015-12-21	6.46	6.46	6.46	6.46	0
15	2015-12-22	6.46	6.46	6.46	6.46	0
16	2015-12-23	6.46	6.46	6.46	6.46	0
17	2015-12-24	6.46	6.7	6.46	6.7	3000
18	2015-12-25	6.7	6.7	6.7	6.7	0
19	2015-12-28	6.7	6.7	6.7	6.7	0
20	2015-12-29	6.7	6.7	6.7	6.7	0
21	2015-12-30	6.7	6.7	6.7	6.7	0
22	2015-12-31	6.58	6.58	6.46	6.46	3900
23	2016-01-04	6.46	6.46	6.46	6.46	0
24	2016-01-05	6.46	6.46	6.46	6.46	0
25	2016-01-06	6.46	6.46	6.46	6.46	0
26	2016-01-07	6.46	6.46	6.46	6.46	0
27	2016-01-08	6.22	6.22	6.22	6.22	2000
28	2016-01-11	6.22	6.22	6.22	6.22	0
29	2016-01-12	6.22	6.22	6.22	6.22	0
30	2016-01-13	6.22	6.22	6.22	6.22	0
31	2016-01-14	5.29	6.58	5.29	6.58	200
32	2016-01-15	6.58	6.58	6.58	6.58	0
33	2016-01-18	6.58	6.58	6.58	6.58	0
34	2016-01-19	6.58	6.58	6.58	6.58	0
35	2016-01-20	6.7	6.7	6.7	6.7	100
36	2016-01-21	5.69	5.98	5.69	5.98	4100
37	2016-01-22	5.98	5.98	5.98	5.98	2000
38	2016-01-25	5.98	5.98	5.98	5.98	0
39	2016-01-26	5.98	5.98	5.98	5.98	0
40	2016-01-27	5.98	5.98	5.98	5.98	0
41	2016-01-28	5.98	5.98	5.98	5.98	0
42	2016-01-29	5.98	5.98	5.98	5.98	0
43	2016-02-01	5.98	5.98	5.98	5.98	0
44	2016-02-02	5.98	5.98	5.98	5.98	0
45	2016-02-03	5.98	5.98	5.98	5.98	0
46	2016-02-04	5.98	5.98	5.98	5.98	0
47	2016-02-05	5.98	5.98	5.98	5.98	0
48	2016-02-15	5.98	5.98	5.98	5.98	0
49	2016-02-16	5.98	5.98	5.98	5.98	0
50	2016-02-17	5.98	5.98	5.98	5.98	0
51	2016-02-18	5.98	5.98	5.98	5.98	0
52	2016-02-19	5.98	5.98	5.98	5.98	0
53	2016-02-22	5.98	5.98	5.98	5.98	0
54	2016-02-23	5.98	5.98	5.98	5.98	0
55	2016-02-24	5.98	5.98	5.98	5.98	0
56	2016-02-25	5.98	5.98	5.98	5.98	0
57	2016-02-26	5.98	5.98	5.98	5.98	0
58	2016-02-29	5.98	5.98	5.98	5.98	0
59	2016-03-01	5.98	5.98	5.98	5.98	0
60	2016-03-02	5.98	5.98	5.98	5.98	0
61	2016-03-03	6.58	6.58	6.58	6.58	200
62	2016-03-04	6.58	6.58	6.58	6.58	0
63	2016-03-07	6.58	6.58	6.58	6.58	0
64	2016-03-08	6.58	6.58	6.58	6.58	0
65	2016-03-09	5.6	6.46	5.6	6.46	2500
66	2016-03-10	5.98	5.98	5.98	5.98	100
67	2016-03-11	5.98	5.98	5.98	5.98	0
68	2016-03-14	5.26	5.26	5.26	5.26	100
69	2016-03-15	5.26	5.26	5.26	5.26	0
70	2016-03-16	5.26	5.26	5.26	5.26	0
71	2016-03-17	5.26	5.26	5.26	5.26	0
72	2016-03-18	5.26	5.26	5.26	5.26	0
73	2016-03-21	5.26	5.26	5.26	5.26	0
74	2016-03-22	5.26	5.26	5.26	5.26	0
75	2016-03-23	6.05	6.05	6.05	6.05	100
76	2016-03-24	6.05	6.05	6.05	6.05	0
77	2016-03-25	6.05	6.05	6.05	6.05	0
78	2016-03-28	6.05	6.05	6.05	6.05	0
79	2016-03-29	6.05	6.05	6.05	6.05	0
80	2016-03-30	6.05	6.05	6.05	6.05	0
81	2016-03-31	6.05	6.05	6.05	6.05	0
82	2016-04-01	6.05	6.05	6.05	6.05	0
83	2016-04-04	6.46	6.94	6.46	6.94	1900
84	2016-04-05	7.53	7.73	7.53	7.73	12000
85	2016-04-06	8.85	8.85	8.85	8.85	100
86	2016-04-07	7.53	7.53	7.53	7.53	100
87	2016-04-08	7.53	7.53	7.53	7.53	0
88	2016-04-11	6.41	6.98	6.41	6.98	300
89	2016-04-12	7.18	7.18	7.18	7.18	100
90	2016-04-13	7.18	7.18	7.18	7.18	0
91	2016-04-14	7.18	7.18	7.18	7.18	0
92	2016-04-15	7.18	7.18	7.18	7.18	0
93	2016-04-19	6.1	6.58	6.1	6.1	6900
94	2016-04-20	6.1	6.1	6.1	6.1	0
95	2016-04-21	6.1	6.1	6.1	6.1	0
96	2016-04-22	6.1	6.1	6.1	6.1	0
97	2016-04-25	6.46	6.46	6.46	6.46	400
98	2016-04-26	6.46	6.46	6.46	6.46	100
99	2016-04-27	6.46	6.46	6.46	6.46	0
100	2016-04-28	6.46	6.46	6.46	6.46	2000
101	2016-04-29	6.46	6.46	6.46	6.46	0
102	2016-05-04	6.46	6.46	6.46	6.46	0
103	2016-05-05	6.46	6.46	6.46	6.46	0
104	2016-05-06	6.46	6.46	6.46	6.46	0
105	2016-05-09	6.46	6.46	6.46	6.46	0
106	2016-05-10	6.46	6.46	6.46	6.46	0
107	2016-05-11	6.46	6.46	6.46	6.46	0
108	2016-05-12	6.46	6.46	6.46	6.46	0
109	2016-05-13	7.41	7.41	7.41	7.41	100
110	2016-05-16	7.41	7.41	7.41	7.41	0
111	2016-05-17	6.58	6.58	6.58	6.58	200
112	2016-05-18	6.58	6.58	6.58	6.58	0
113	2016-05-19	6.58	6.58	6.58	6.58	0
114	2016-05-20	6.58	6.58	6.58	6.58	0
115	2016-05-23	6.58	6.58	6.58	6.58	0
116	2016-05-24	7.01	7.01	7.01	7.01	0
117	2016-05-25	7.01	7.01	7.01	7.01	0
118	2016-05-26	7.01	7.01	7.01	7.01	0
119	2016-05-27	7.55	7.55	7.55	7.55	100
120	2016-05-30	7.55	7.55	7.55	7.55	0
121	2016-05-31	7.55	7.55	7.55	7.55	0
122	2016-06-01	7.55	7.55	7.55	7.55	0
123	2016-06-02	7.55	7.55	7.55	7.55	0
124	2016-06-03	7.55	7.55	7.55	7.55	0
125	2016-06-06	6.42	6.42	6.42	6.42	100
126	2016-06-07	5.51	5.51	5.51	5.51	100
127	2016-06-08	5.51	5.51	5.51	5.51	0
128	2016-06-09	5.51	5.51	5.51	5.51	0
129	2016-06-10	5.51	5.51	5.51	5.51	0
130	2016-06-13	6.32	6.32	6.32	6.32	3000
131	2016-06-14	6.32	6.32	6.32	6.32	0
132	2016-06-15	6.32	6.32	6.32	6.32	0
133	2016-06-16	5.48	5.48	5.48	5.48	100
134	2016-06-17	5.48	5.48	5.48	5.48	0
135	2016-06-20	5.48	5.48	5.48	5.48	0
136	2016-06-21	6.3	6.3	6.3	6.3	3000
137	2016-06-22	6.3	6.3	6.3	6.3	0
138	2016-06-23	7.24	7.24	7.24	7.24	1000
139	2016-06-24	6.17	8.11	6.17	8.11	200
140	2016-06-27	6.91	6.91	6.17	6.27	5200
141	2016-06-28	6.37	6.37	6.37	6.37	1000
142	2016-06-29	6.37	6.37	6.37	6.37	0
143	2016-06-30	6.37	6.37	6.37	6.37	0
144	2016-07-01	6.37	6.37	6.37	6.37	0
145	2016-07-04	6.37	6.37	6.37	6.37	100
146	2016-07-05	6.37	6.37	6.37	6.37	10000
147	2016-07-06	6.37	6.37	6.37	6.37	0
148	2016-07-07	7.32	7.32	7.32	7.32	100
149	2016-07-08	7.32	7.32	7.32	7.32	0
150	2016-07-11	6.22	6.22	6.22	6.22	100
151	2016-07-12	6.22	6.22	6.22	6.22	0
152	2016-07-13	6.22	6.22	6.22	6.22	0
153	2016-07-14	6.22	6.22	6.22	6.22	0
154	2016-07-15	6.22	6.22	6.22	6.22	0
155	2016-07-18	6.22	6.22	6.22	6.22	0
156	2016-07-19	6.22	6.22	6.22	6.22	0
157	2016-07-20	6.22	6.22	6.22	6.22	0
158	2016-07-21	6.22	6.22	6.22	6.22	0
159	2016-07-22	6.19	6.19	6.19	6.19	100
160	2016-07-25	6.19	6.19	6.19	6.19	0
161	2016-07-26	7.11	7.11	7.11	7.11	600
162	2016-07-27	6.07	6.07	6.07	6.07	100
163	2016-07-28	6.07	6.07	6.07	6.07	0
164	2016-07-29	6.07	6.07	6.07	6.07	0
165	2016-08-01	6.07	6.07	6.07	6.07	0
166	2016-08-02	6.07	6.07	6.07	6.07	0
167	2016-08-03	6.96	6.96	6.96	6.96	1000
168	2016-08-04	6.96	6.96	6.96	6.96	2000
169	2016-08-05	6.96	6.96	6.96	6.96	0
170	2016-08-08	7.14	7.14	6.93	6.93	7000
171	2016-08-09	6.93	6.93	6.93	6.93	0
172	2016-08-10	6.93	6.93	6.93	6.93	0
173	2016-08-11	6.93	6.93	6.93	6.93	0
174	2016-08-12	6.93	6.93	6.93	6.93	0
175	2016-08-15	6.93	6.93	6.93	6.93	0
176	2016-08-16	7.01	7.01	7.01	7.01	3000
177	2016-08-17	7.65	7.9	7.65	7.9	1000
178	2016-08-18	7.9	7.9	7.9	7.9	0
179	2016-08-19	7.9	7.9	7.9	7.9	0
180	2016-08-22	7.9	7.9	7.9	7.9	0
181	2016-08-23	7.9	7.9	7.9	7.9	0
182	2016-08-24	6.63	6.63	6.63	6.63	100
183	2016-08-25	6.63	6.63	6.63	6.63	0
184	2016-08-26	6.63	6.63	6.63	6.63	0
185	2016-08-29	6.63	6.63	6.63	6.63	0
186	2016-08-30	6.63	6.63	6.63	6.63	0
187	2016-08-31	6.63	6.63	6.63	6.63	0
188	2016-09-01	6.63	6.63	6.63	6.63	0
189	2016-09-05	6.63	6.63	6.63	6.63	0
190	2016-09-06	7.62	7.62	7.62	7.62	100
191	2016-09-07	6.5	6.5	6.5	6.5	100
192	2016-09-08	7.47	7.47	7.47	7.47	100
193	2016-09-09	7.47	7.47	7.47	7.47	0
194	2016-09-12	7.47	7.47	7.47	7.47	0
195	2016-09-13	6.53	6.53	6.53	6.53	100
196	2016-09-14	6.53	6.53	6.53	6.53	0
197	2016-09-15	6.53	6.53	6.53	6.53	0
198	2016-09-16	7.47	7.47	7.47	7.47	100
199	2016-09-19	6.53	6.53	6.53	6.53	100
200	2016-09-20	6.53	6.53	6.53	6.53	0
201	2016-09-21	6.53	6.53	6.53	6.53	0
202	2016-09-22	6.53	6.53	6.53	6.53	0
203	2016-09-23	6.53	6.53	6.53	6.53	0
204	2016-09-26	6.53	6.53	6.53	6.53	0
205	2016-09-27	6.53	6.53	6.53	6.53	0
206	2016-09-28	6.53	6.53	6.53	6.53	0
207	2016-09-29	6.53	6.53	6.53	6.53	0
208	2016-09-30	6.53	6.53	6.53	6.53	0
209	2016-10-03	6.53	6.53	6.53	6.53	0
210	2016-10-04	6.53	6.53	6.53	6.53	0
211	2016-10-05	6.53	6.53	6.53	6.53	0
212	2016-10-06	6.53	6.53	6.53	6.53	0
213	2016-10-07	7.49	7.49	7.49	7.49	100
214	2016-10-10	7.49	7.49	7.49	7.49	0
215	2016-10-11	7.49	7.49	7.49	7.49	0
216	2016-10-12	6.63	6.63	6.55	6.55	2300
217	2016-10-13	6.55	6.55	6.55	6.55	0
218	2016-10-14	6.55	6.55	6.55	6.55	0
219	2016-10-17	6.55	6.55	6.55	6.55	0
220	2016-10-18	6.55	6.55	6.55	6.55	0
221	2016-10-19	6.55	6.55	6.55	6.55	0
222	2016-10-20	6.55	6.55	6.55	6.55	0
223	2016-10-21	6.76	6.76	6.76	6.76	600
224	2016-10-24	6.76	6.76	6.76	6.76	0
225	2016-10-25	6.76	6.76	6.76	6.76	0
226	2016-10-26	6.76	6.76	6.76	6.76	0
227	2016-10-27	6.76	6.76	6.76	6.76	0
228	2016-10-28	6.76	6.76	6.76	6.76	0
229	2016-10-31	7.75	7.75	7.75	7.75	100
230	2016-11-01	7.75	7.75	7.75	7.75	0
231	2016-11-02	7.75	7.75	7.75	7.75	0
232	2016-11-03	7.75	7.75	7.75	7.75	0
233	2016-11-04	7.75	7.75	7.75	7.75	0
234	2016-11-07	7.75	7.75	7.75	7.75	0
235	2016-11-08	6.6	6.6	6.6	6.6	115
236	2016-11-09	6.6	6.6	6.6	6.6	0
237	2016-11-10	6.6	6.6	6.6	6.6	0
238	2016-11-11	6.6	6.6	6.6	6.6	0
239	2016-11-14	6.6	6.6	6.6	6.6	0
240	2016-11-15	6.6	6.6	6.6	6.6	15
241	2016-11-16	6.6	6.6	6.6	6.6	0
242	2016-11-17	7.57	7.57	7.57	7.57	100
243	2016-11-18	6.45	6.45	6.45	6.45	100
244	2016-11-21	6.45	6.45	6.45	6.45	0
245	2016-11-22	6.45	6.45	6.45	6.45	0
246	2016-11-23	6.45	6.45	6.45	6.45	0
247	2016-11-24	6.45	6.45	6.45	6.45	0
248	2016-11-25	7.34	7.34	7.34	7.34	100
249	2016-11-28	7.34	7.34	7.34	7.34	0
250	2016-11-29	6.25	6.25	6.25	6.25	100
251	2016-11-30	7.16	7.16	7.16	7.16	100
252	2016-12-01	7.16	7.16	7.16	7.16	13
253	2016-12-02	7.16	7.16	7.16	7.16	0
254	2016-12-05	6.09	6.09	6.09	6.09	100
255	2016-12-06	6.09	6.09	6.09	6.09	0
256	2016-12-07	6.09	6.09	6.09	6.09	0
257	2016-12-08	6.09	6.09	6.09	6.09	0
258	2016-12-09	6.09	6.09	6.09	6.09	13
259	2016-12-12	6.09	6.09	6.09	6.09	0
260	2016-12-13	6.09	6.09	6.09	6.09	0
261	2016-12-14	6.09	6.09	6.09	6.09	0
262	2016-12-15	6.09	6.09	6.09	6.09	0
263	2016-12-16	6.09	6.09	6.09	6.09	0
264	2016-12-19	6.09	6.09	6.09	6.09	0
265	2016-12-20	6.09	6.09	6.09	6.09	0
266	2016-12-21	6.09	6.09	6.09	6.09	0
267	2016-12-22	6.09	6.09	6.09	6.09	0
268	2016-12-23	6.09	6.09	6.09	6.09	0
269	2016-12-26	6.09	6.09	6.09	6.09	0
270	2016-12-27	6.09	6.09	6.09	6.09	0
271	2016-12-28	6.09	6.09	6.09	6.09	0
272	2016-12-29	6.98	6.98	6.98	6.98	100
273	2016-12-30	6.98	6.98	6.98	6.98	0
274	2017-01-03	6.98	6.98	6.98	6.98	0
275	2017-01-04	6.98	6.98	6.98	6.98	0
276	2017-01-05	6.17	8.03	6.17	8.03	1400
277	2017-01-06	6.73	6.73	6.73	6.73	100
278	2017-01-09	6.73	6.73	6.73	6.73	0
279	2017-01-10	6.73	6.73	6.73	6.73	0
280	2017-01-11	6.73	6.73	6.73	6.73	0
281	2017-01-12	7.72	7.72	7.72	7.72	100
282	2017-01-13	7.72	7.72	7.72	7.72	0
283	2017-01-16	7.72	7.72	7.72	7.72	0
284	2017-01-17	7.72	7.72	7.72	7.72	0
285	2017-01-18	7.72	7.72	7.72	7.72	0
286	2017-01-19	7.65	7.65	7.65	7.65	1000
287	2017-01-20	7.65	7.65	7.65	7.65	0
288	2017-01-23	7.65	7.65	7.65	7.65	0
289	2017-01-24	7.65	7.65	7.65	7.65	0
290	2017-01-25	7.65	7.65	7.65	7.65	0
291	2017-02-02	7.65	7.65	7.65	7.65	0
292	2017-02-03	7.65	7.65	7.65	7.65	0
293	2017-02-06	7.65	7.65	7.65	7.65	0
294	2017-02-07	7.65	7.65	7.65	7.65	0
295	2017-02-08	7.65	7.65	7.65	7.65	0
296	2017-02-09	7.65	7.65	7.65	7.65	0
297	2017-02-10	7.65	7.65	7.65	7.65	0
298	2017-02-13	7.65	7.65	7.65	7.65	0
299	2017-02-14	7.65	7.65	7.65	7.65	0
300	2017-02-15	7.9	8.41	7.9	8.41	1500
301	2017-02-16	8.41	8.41	8.41	8.41	0
302	2017-02-17	8.41	8.41	8.41	8.41	0
303	2017-02-20	8.41	8.41	8.41	8.41	0
304	2017-02-21	8.41	8.41	8.41	8.41	0
305	2017-02-22	8.41	8.41	8.41	8.41	0
306	2017-02-23	8.41	8.41	8.41	8.41	0
307	2017-02-24	8.41	8.41	8.41	8.41	0
308	2017-02-27	8.41	8.41	8.41	8.41	0
309	2017-02-28	8.41	8.41	8.41	8.41	0
310	2017-03-01	8.41	8.41	8.41	8.41	0
311	2017-03-02	8.41	8.41	8.41	8.41	0
312	2017-03-03	8.41	8.41	8.41	8.41	0
313	2017-03-06	8.41	8.41	8.41	8.41	0
314	2017-03-07	8.41	8.41	8.41	8.41	0
315	2017-03-08	8.41	8.41	8.41	8.41	0
316	2017-03-09	8.41	8.41	8.41	8.41	0
317	2017-03-10	9.18	9.18	9.18	9.18	100
318	2017-03-13	10.45	10.45	10.45	10.45	100
319	2017-03-14	10.45	10.45	10.45	10.45	0
320	2017-03-15	11.98	11.98	11.98	11.98	100
321	2017-03-16	11.98	11.98	11.98	11.98	0
322	2017-03-17	11.98	11.98	11.98	11.98	0
323	2017-03-20	11.98	11.98	11.98	11.98	0
324	2017-03-21	11.98	11.98	11.98	11.98	0
325	2017-03-22	13.26	13.26	13.26	13.26	100
326	2017-03-23	13.26	13.26	13.26	13.26	14
327	2017-03-24	13.26	13.26	13.26	13.26	0
328	2017-03-27	13.26	13.26	13.26	13.26	0
329	2017-03-28	13.26	13.26	13.26	13.26	14
330	2017-03-29	13.26	13.26	13.26	13.26	0
331	2017-03-30	13.26	13.26	13.26	13.26	0
332	2017-03-31	13.26	13.26	13.26	13.26	0
333	2017-04-03	11.27	11.27	11.27	11.27	300
334	2017-04-04	9.59	9.59	9.59	9.59	100
335	2017-04-05	9.59	9.59	9.59	9.59	0
336	2017-04-07	8.16	8.16	8.16	8.16	200
337	2017-04-10	8.16	8.16	8.16	8.16	0
338	2017-04-11	8.16	8.16	8.16	8.16	0
339	2017-04-12	8.16	8.16	8.16	8.16	0
340	2017-04-13	8.16	8.16	8.16	8.16	0
341	2017-04-14	8.16	8.16	8.16	8.16	0
342	2017-04-17	8.16	8.16	8.16	8.16	0
343	2017-04-18	8.16	8.16	8.16	8.16	0
344	2017-04-19	8.16	8.16	8.16	8.16	0
345	2017-04-20	8.16	8.16	8.16	8.16	2100
346	2017-04-21	8.16	8.16	8.16	8.16	0
347	2017-04-24	8.16	8.16	8.16	8.16	0
348	2017-04-25	8.16	8.16	8.16	8.16	0
349	2017-04-26	8.16	8.16	8.16	8.16	0
350	2017-04-27	8.16	8.16	8.16	8.16	0
351	2017-04-28	6.96	6.96	6.96	6.96	100
352	2017-05-03	6.96	6.96	6.96	6.96	0
353	2017-05-04	6.96	6.96	6.96	6.96	0
354	2017-05-05	6.96	6.96	6.96	6.96	0
355	2017-05-08	6.96	6.96	6.96	6.96	0
356	2017-05-09	6.96	6.96	6.96	6.96	0
357	2017-05-10	6.96	6.96	6.96	6.96	0
358	2017-05-11	6.96	6.96	6.96	6.96	0
359	2017-05-12	6.96	6.96	6.96	6.96	0
360	2017-05-15	6.96	6.96	6.96	6.96	0
361	2017-05-16	6.96	6.96	6.96	6.96	0
362	2017-05-17	6.96	6.96	6.96	6.96	0
363	2017-05-18	6.96	6.96	6.96	6.96	0
364	2017-05-19	6.96	6.96	6.96	6.96	0
365	2017-05-22	6.96	6.96	6.96	6.96	0
366	2017-05-23	6.96	6.96	6.96	6.96	0
367	2017-05-24	6.96	6.96	6.96	6.96	0
368	2017-05-25	6.96	6.96	6.96	6.96	0
369	2017-05-26	6.96	6.96	6.96	6.96	0
370	2017-05-29	6.96	6.96	6.96	6.96	0
371	2017-05-30	6.96	6.96	6.96	6.96	0
372	2017-05-31	6.96	6.96	6.96	6.96	0
373	2017-06-01	6.96	6.96	6.96	6.96	0
374	2017-06-02	6.96	6.96	6.96	6.96	0
375	2017-06-05	6.96	6.96	6.96	6.96	0
376	2017-06-06	6.96	6.96	6.96	6.96	0
377	2017-06-07	6.96	6.96	6.96	6.96	0
378	2017-06-08	6.96	6.96	6.96	6.96	0
379	2017-06-09	6.96	6.96	6.96	6.96	0
380	2017-06-12	6.96	6.96	6.96	6.96	0
381	2017-06-13	6.96	6.96	6.96	6.96	0
382	2017-06-14	6.96	6.96	6.96	6.96	0
383	2017-06-15	6.96	6.96	6.96	6.96	0
384	2017-06-16	6.96	6.96	6.96	6.96	0
385	2017-06-19	6.96	6.96	6.96	6.96	0
386	2017-06-20	6.96	6.96	6.96	6.96	0
387	2017-06-21	6.96	6.96	6.96	6.96	0
388	2017-06-22	6.96	6.96	6.96	6.96	0
389	2017-06-23	6.96	6.96	6.96	6.96	0
390	2017-06-26	6.96	6.96	6.96	6.96	0
391	2017-06-27	6.96	6.96	6.96	6.96	0
392	2017-06-28	6.96	6.96	6.96	6.96	0
393	2017-06-29	6.96	6.96	6.96	6.96	0
394	2017-06-30	6.96	6.96	6.96	6.96	0
395	2017-07-03	6.96	6.96	6.96	7.45	100
396	2017-07-04	6.96	6.96	6.96	6.96	0
397	2017-07-05	6.96	6.96	6.96	6.96	0
398	2017-07-06	8.0	8.0	7.37	7.37	9108
399	2017-07-07	7.48	7.48	7.48	7.48	0
400	2017-07-10	7.48	7.48	7.48	7.48	0
401	2017-07-11	7.48	7.48	7.48	7.48	0
402	2017-07-12	7.48	7.48	7.48	7.48	0
403	2017-07-13	7.48	7.48	7.48	7.48	0
404	2017-07-14	7.48	7.48	7.48	7.48	0
405	2017-07-17	7.48	7.48	7.48	7.48	0
406	2017-07-18	7.48	7.48	7.48	7.48	0
407	2017-07-19	7.48	7.48	7.48	7.48	0
408	2017-07-20	7.48	7.48	7.48	7.37	1
409	2017-07-21	7.48	7.48	7.48	7.48	0
410	2017-07-24	7.48	7.48	7.48	7.48	0
411	2017-07-25	7.48	7.48	7.48	7.48	0
412	2017-07-26	7.48	7.48	7.48	7.48	0
413	2017-07-27	7.48	7.48	7.48	7.48	0
414	2017-07-28	7.48	7.48	7.48	7.48	0
415	2017-07-31	7.48	7.48	7.48	7.48	0
416	2017-08-01	7.48	7.48	7.48	7.48	0
417	2017-08-02	7.48	7.48	7.48	7.48	0
418	2017-08-03	7.48	7.48	7.48	7.48	0
419	2017-08-04	7.48	7.48	7.48	7.48	0
420	2017-08-07	7.48	7.48	7.48	7.48	0
421	2017-08-08	7.48	7.48	7.48	7.48	0
422	2017-08-09	7.48	7.48	7.48	7.48	0
423	2017-08-10	7.48	7.48	7.48	7.48	0
424	2017-08-11	7.48	7.48	7.48	7.48	0
425	2017-08-14	7.48	7.48	7.48	7.48	0
426	2017-08-15	7.48	7.48	7.48	7.48	0
427	2017-08-16	7.48	7.48	7.48	7.48	0
428	2017-08-17	7.48	7.48	7.48	7.48	0
429	2017-08-18	7.48	7.48	7.48	7.48	0
430	2017-08-21	7.48	7.48	7.48	7.48	0
431	2017-08-22	7.48	7.48	7.48	7.48	0
432	2017-08-23	7.48	7.48	7.48	7.48	0
433	2017-08-24	7.48	7.48	7.48	7.48	0
434	2017-08-25	7.48	7.48	7.48	7.48	0
435	2017-08-28	7.48	7.48	7.48	7.48	0
436	2017-08-29	7.48	7.48	7.48	7.48	0
437	2017-08-30	7.48	7.48	7.48	7.48	0
438	2017-08-31	7.48	7.48	7.48	7.48	0
439	2017-09-01	10.1	10.1	10.1	10.1	100
440	2017-09-05	10.08	10.08	10.08	10.08	0
441	2017-09-06	10.08	10.08	10.08	10.08	0
442	2017-09-07	11.54	11.54	11.54	11.54	200
443	2017-09-08	13.22	13.22	13.22	13.22	100
444	2017-09-11	13.22	13.22	13.22	13.22	0
445	2017-09-12	11.38	11.48	11.27	11.48	2100
446	2017-09-13	11.32	11.32	11.32	11.32	0
447	2017-09-14	10.02	12.46	10.02	12.46	400
448	2017-09-15	13.27	13.27	13.27	13.27	100
449	2017-09-18	13.27	13.27	13.27	13.27	0
450	2017-09-19	13.27	13.27	13.27	13.27	0
451	2017-09-20	13.27	13.27	13.27	13.27	0
452	2017-09-21	13.27	13.27	13.27	13.27	0
453	2017-09-22	13.27	13.27	13.27	13.27	0
454	2017-09-25	13.27	13.27	13.27	13.27	0
455	2017-09-26	13.27	13.27	13.27	13.27	0
456	2017-09-27	13.27	13.27	13.27	13.27	0
457	2017-09-28	13.54	13.54	13.54	13.54	200
458	2017-09-29	13.54	13.54	13.54	13.54	0
459	2017-10-02	13.54	13.54	13.54	13.54	0
460	2017-10-03	13.54	13.54	13.54	13.54	0
461	2017-10-04	13.54	13.54	13.54	13.54	0
462	2017-10-05	13.54	13.54	13.54	13.54	103
463	2017-10-06	13.54	13.54	13.54	13.54	0
464	2017-10-09	13.54	13.54	13.54	13.54	0
465	2017-10-10	13.54	13.54	13.54	13.54	0
466	2017-10-11	13.54	13.54	13.54	13.54	0
467	2017-10-12	13.54	13.54	13.54	13.54	0
468	2017-10-13	13.54	13.54	13.54	13.54	0
469	2017-10-16	13.54	13.54	13.54	13.54	0
470	2017-10-17	13.54	13.54	13.54	13.54	0
471	2017-10-18	13.54	13.54	13.54	13.54	0
472	2017-10-19	13.54	13.54	13.54	13.54	0
473	2017-10-20	13.54	13.54	13.54	13.54	0
474	2017-10-23	13.54	13.54	13.54	13.54	0
475	2017-10-24	14.08	14.08	14.08	14.08	100
476	2017-10-25	14.08	14.08	14.08	14.08	0
477	2017-10-26	14.08	14.08	14.08	14.08	0
478	2017-10-27	14.08	14.08	14.08	14.08	0
479	2017-10-30	14.08	14.08	14.08	14.08	0
480	2017-10-31	14.08	14.08	14.08	14.08	0
481	2017-11-01	14.08	14.08	14.08	14.08	0
482	2017-11-02	14.08	14.08	14.08	14.08	0
483	2017-11-03	14.08	14.08	14.08	14.08	0
484	2017-11-06	14.08	14.08	14.08	14.08	0
485	2017-11-07	14.08	14.08	14.08	14.08	0
486	2017-11-08	14.08	14.08	14.08	14.08	0
487	2017-11-09	14.08	14.08	14.08	14.08	0
488	2017-11-10	14.08	14.08	14.08	14.08	0
489	2017-11-13	14.08	14.08	14.08	14.08	0
490	2017-11-14	14.08	14.08	14.08	14.08	0
491	2017-11-15	14.08	14.08	14.08	14.08	0
492	2017-11-16	15.71	15.71	15.71	15.71	100
493	2017-11-17	15.71	15.71	15.71	15.71	0
494	2017-11-20	15.71	15.71	15.71	15.71	0
495	2017-11-21	17.33	17.33	17.33	17.33	100
496	2017-11-22	17.33	17.33	17.33	17.33	0
497	2017-11-23	17.33	17.33	17.33	17.33	0
498	2017-11-24	17.33	17.33	17.33	17.33	0
499	2017-11-27	17.33	17.33	17.33	17.33	0
500	2017-11-28	17.33	17.33	17.33	17.33	0
501	2017-11-29	17.33	17.33	17.33	17.33	0
502	2017-11-30	17.33	17.33	17.33	17.33	0
503	2017-12-01	17.33	17.33	17.33	17.33	0
504	2017-12-04	17.33	17.33	17.33	17.33	0
505	2017-12-05	17.33	17.33	17.33	17.33	0
506	2017-12-06	17.33	17.33	17.33	17.33	0
507	2017-12-07	14.73	17.33	14.73	14.73	3300
508	2017-12-08	14.73	14.73	14.73	14.73	0
509	2017-12-11	14.73	14.73	14.73	14.73	0
510	2017-12-12	14.73	14.73	14.73	14.73	0
511	2017-12-13	14.73	14.73	14.73	14.73	0
512	2017-12-14	14.73	14.73	14.73	14.73	0
513	2017-12-15	14.08	14.08	14.08	14.08	100
514	2017-12-18	11.97	11.97	11.97	11.97	4362
515	2017-12-19	11.97	11.97	11.97	11.97	0
516	2017-12-20	11.97	11.97	11.97	11.97	0
517	2017-12-21	13.76	13.76	10.35	10.35	1200
518	2017-12-22	11.97	12.19	11.97	12.19	5375
519	2017-12-25	10.83	13.81	10.29	10.29	9600
520	2017-12-26	13.54	13.54	13.54	13.54	100
521	2017-12-27	14.36	14.36	14.36	14.36	100
522	2017-12-28	14.36	14.36	14.36	14.36	0
523	2017-12-29	14.36	14.36	14.36	14.36	0
524	2018-01-02	14.36	14.36	14.36	14.36	0
525	2018-01-03	12.24	12.24	12.24	12.24	1000
526	2018-01-04	13.54	14.03	13.54	14.03	1100
527	2018-01-05	13.98	13.98	13.98	13.98	0
528	2018-01-08	13.98	13.98	13.98	13.98	0
529	2018-01-09	13.98	13.98	13.98	13.98	0
530	2018-01-10	13.98	13.98	13.98	13.98	0
531	2018-01-11	13.98	13.98	13.98	13.98	0
532	2018-01-12	13.98	13.98	13.98	13.98	0
533	2018-01-15	13.98	13.98	13.98	13.98	0
534	2018-01-16	13.98	13.98	13.98	13.98	0
535	2018-01-17	13.98	13.98	13.98	13.98	0
536	2018-01-18	13.98	13.98	13.98	14.03	30
537	2018-01-19	13.98	13.98	13.98	13.98	0
538	2018-01-22	12.19	12.19	12.19	12.19	100
539	2018-01-23	12.19	12.19	12.19	12.19	0
540	2018-01-24	12.19	12.19	12.19	12.19	0
541	2018-01-25	12.19	12.19	12.19	12.19	0
542	2018-01-26	12.19	12.19	12.19	12.19	0
543	2018-01-29	12.19	12.19	12.19	12.19	0
544	2018-01-30	12.19	12.19	12.19	12.19	0
545	2018-01-31	12.19	12.19	12.19	12.19	0
546	2018-02-01	12.19	12.19	12.19	12.19	0
547	2018-02-02	12.19	12.19	12.19	12.19	0
548	2018-02-05	12.19	12.19	12.19	12.19	0
549	2018-02-06	12.19	12.19	12.19	12.19	0
550	2018-02-07	12.19	12.19	12.19	12.19	0
551	2018-02-08	12.19	12.19	12.19	12.19	0
552	2018-02-09	12.19	12.19	12.19	12.19	0
553	2018-02-12	12.19	12.19	12.19	12.19	0
554	2018-02-13	12.19	12.19	12.19	12.19	0
555	2018-02-21	12.19	12.19	12.19	12.19	3
556	2018-02-22	12.19	12.19	12.19	12.19	0
557	2018-02-23	12.19	12.19	12.19	12.19	0
558	2018-02-26	12.19	12.19	12.19	12.19	0
559	2018-02-27	12.19	12.19	12.19	12.19	0
560	2018-02-28	12.19	12.19	12.19	12.19	0
561	2018-03-01	12.19	12.19	12.19	12.19	0
562	2018-03-02	12.19	12.19	12.19	12.19	0
563	2018-03-05	12.19	12.19	12.19	12.19	0
564	2018-03-06	12.19	12.19	12.19	12.19	0
565	2018-03-07	12.19	12.19	12.19	12.19	0
566	2018-03-08	12.19	12.19	12.19	12.19	0
567	2018-03-09	12.19	12.19	12.19	12.19	0
568	2018-03-12	12.19	12.19	12.19	12.19	0
569	2018-03-13	12.19	12.19	12.19	12.19	0
570	2018-03-14	12.19	12.19	12.19	12.19	0
571	2018-03-15	12.19	12.19	12.19	12.19	0
572	2018-03-16	12.19	12.19	12.19	12.19	0
573	2018-03-19	12.19	12.19	12.19	12.19	0
574	2018-03-20	12.19	12.19	12.19	12.19	0
575	2018-03-21	12.46	12.46	12.46	12.46	100
576	2018-03-22	12.46	12.46	12.46	12.46	0
577	2018-03-23	12.46	12.46	12.46	12.46	0
578	2018-03-26	12.46	12.46	12.46	12.46	0
579	2018-03-27	12.46	12.46	12.46	12.46	0
580	2018-03-28	12.46	12.46	12.46	12.46	0
581	2018-03-29	12.46	12.46	12.46	12.46	0
582	2018-03-30	12.46	12.46	12.46	12.46	0
583	2018-04-02	11.38	11.38	11.38	11.38	100
584	2018-04-03	11.38	11.38	11.38	11.38	0
585	2018-04-04	11.38	11.38	11.38	11.38	0
586	2018-04-05	11.38	11.38	11.38	11.38	0
587	2018-04-06	11.38	11.38	11.38	11.38	0
588	2018-04-09	11.38	11.38	11.38	11.38	0
589	2018-04-10	11.38	11.38	11.38	11.38	0
590	2018-04-11	11.38	11.38	11.38	11.38	0
591	2018-04-12	11.38	11.38	11.38	11.38	0
592	2018-04-13	9.7	13.06	9.7	13.06	1300
593	2018-04-16	10.51	10.51	10.51	10.51	100
594	2018-04-17	12.08	12.08	12.08	12.08	100
595	2018-04-18	13.87	13.87	13.87	13.87	100
596	2018-04-19	15.71	15.71	15.71	15.71	100
597	2018-04-20	13.38	16.25	13.38	16.25	300
598	2018-04-23	13.0	17.55	13.0	17.55	400
599	2018-04-24	13.92	18.8	13.92	18.8	600
600	2018-04-26	15.33	15.33	15.33	15.33	100
601	2018-04-27	14.08	14.08	14.08	14.08	100
602	2018-05-02	14.08	14.08	14.08	14.08	0
603	2018-05-03	14.08	14.08	14.08	14.08	0
604	2018-05-04	14.08	14.08	14.08	14.08	0
605	2018-05-07	14.08	14.08	14.08	14.08	0
606	2018-05-08	14.08	14.08	14.08	14.08	0
607	2018-05-09	14.08	14.08	14.08	14.08	0
608	2018-05-10	14.08	14.08	14.08	14.08	0
609	2018-05-11	14.08	14.08	14.08	14.08	0
610	2018-05-14	14.08	14.08	14.08	14.08	0
611	2018-05-15	14.08	14.08	14.08	14.08	0
612	2018-05-16	14.08	14.08	14.08	14.08	0
613	2018-05-17	14.08	14.08	14.08	14.08	0
614	2018-05-18	14.08	14.08	14.08	14.08	0
615	2018-05-21	14.08	14.08	14.08	14.08	0
616	2018-05-22	14.08	14.08	14.08	14.08	0
617	2018-05-23	14.08	14.08	14.08	15.26	2
618	2018-05-24	14.08	14.08	14.08	14.08	0
619	2018-05-25	14.08	14.08	14.08	14.08	0
620	2018-05-28	14.08	14.08	14.08	14.08	0
621	2018-05-29	14.08	14.08	14.08	14.08	0
622	2018-05-30	11.97	11.97	11.97	11.97	100
623	2018-05-31	11.97	11.97	11.97	11.97	0
624	2018-06-01	11.97	11.97	11.97	11.97	0
625	2018-06-04	11.97	11.97	11.97	11.97	0
626	2018-06-05	11.97	11.97	11.97	11.97	0
627	2018-06-06	11.97	11.97	11.97	11.97	0
628	2018-06-07	11.97	11.97	11.97	11.97	0
629	2018-06-08	11.97	11.97	11.97	11.97	0
630	2018-06-11	11.97	11.97	11.97	11.97	0
631	2018-06-12	11.97	11.97	11.97	11.97	0
632	2018-06-13	11.97	11.97	11.97	11.97	0
633	2018-06-14	11.97	11.97	11.97	11.97	0
634	2018-06-15	11.97	11.97	11.97	11.97	0
635	2018-06-18	11.97	11.97	11.97	11.97	0
636	2018-06-19	11.97	11.97	11.97	11.97	0
637	2018-06-20	11.97	11.97	11.97	11.97	0
638	2018-06-21	11.97	11.97	11.97	11.97	0
639	2018-06-22	11.97	11.97	11.97	11.97	0
640	2018-06-25	11.97	11.97	11.97	11.97	0
641	2018-06-26	11.97	11.97	11.97	11.97	0
642	2018-06-27	11.97	11.97	11.97	11.97	0
643	2018-06-28	11.97	11.97	11.97	11.97	0
644	2018-06-29	11.97	11.97	11.97	11.97	0
645	2018-07-02	11.97	11.97	11.97	11.97	0
646	2018-07-03	11.97	11.97	11.97	11.97	0
647	2018-07-04	11.97	11.97	11.97	11.97	0
648	2018-07-05	11.74	11.74	11.74	11.74	100
649	2018-07-06	11.74	11.74	11.74	11.74	0
650	2018-07-09	11.74	11.74	11.74	11.74	0
651	2018-07-10	11.74	11.74	11.74	11.74	0
652	2018-07-11	11.74	11.74	11.74	11.74	0
653	2018-07-12	11.74	11.74	11.74	11.74	0
654	2018-07-13	11.74	11.74	11.74	11.74	0
655	2018-07-16	11.74	11.74	11.74	11.74	0
656	2018-07-17	11.74	11.74	11.74	11.74	0
657	2018-07-18	11.74	11.74	11.74	11.74	0
658	2018-07-19	11.74	11.74	11.74	11.74	0
659	2018-07-20	11.74	11.74	11.74	11.74	0
660	2018-07-23	11.74	11.74	11.74	11.74	0
661	2018-07-24	11.74	11.74	11.74	11.74	0
662	2018-07-25	11.74	11.74	11.74	11.74	0
663	2018-07-26	11.74	11.74	11.74	11.74	0
664	2018-07-27	11.74	11.74	11.74	11.74	0
665	2018-07-30	11.74	11.74	11.74	11.74	0
666	2018-07-31	11.74	11.74	11.74	11.74	0
667	2018-08-01	11.74	11.74	11.74	11.74	0
668	2018-08-02	11.74	11.74	11.74	11.74	0
669	2018-08-03	11.74	11.74	11.74	11.74	0
670	2018-08-06	11.74	11.74	11.74	11.74	0
671	2018-08-07	11.74	11.74	11.74	11.74	0
672	2018-08-08	11.74	11.74	11.74	11.74	0
673	2018-08-09	11.74	11.74	11.74	11.74	0
674	2018-08-10	11.74	11.74	11.74	11.74	0
675	2018-08-13	11.74	11.74	11.74	11.74	0
676	2018-08-14	15.84	15.84	15.84	15.84	1800
677	2018-08-15	13.56	13.56	13.56	13.56	100
678	2018-08-16	13.56	13.56	13.56	13.56	0
679	2018-08-17	13.56	13.56	13.56	13.56	0
680	2018-08-20	11.56	11.56	11.56	11.56	100
681	2018-08-21	11.56	11.56	11.56	11.56	0
682	2018-08-22	11.56	11.56	11.56	11.56	0
683	2018-08-23	11.56	11.56	11.56	11.56	0
684	2018-08-24	11.56	11.56	11.56	11.56	0
685	2018-08-27	11.56	11.56	11.56	11.56	0
686	2018-08-28	11.56	11.56	11.56	11.56	0
687	2018-08-29	11.56	11.56	11.56	11.56	0
688	2018-08-30	11.56	11.56	11.56	11.56	0
689	2018-08-31	11.56	11.56	11.56	11.56	0
690	2018-09-04	11.56	11.56	11.56	11.56	0
691	2018-09-05	11.56	11.56	11.56	11.56	0
692	2018-09-06	13.26	13.26	13.26	13.26	200
693	2018-09-07	11.33	15.2	11.33	15.2	200
694	2018-09-10	13.26	13.26	13.26	13.26	0
695	2018-09-11	13.26	13.26	13.26	13.26	0
696	2018-09-12	15.2	15.2	15.2	15.2	100
697	2018-09-13	17.43	17.43	17.43	17.43	100
698	2018-09-14	17.43	17.43	17.43	17.43	0
699	2018-09-17	19.95	19.95	19.95	19.95	200
700	2018-09-18	22.89	22.89	19.95	19.95	200
701	2018-09-19	21.42	21.42	21.42	21.42	0
702	2018-09-20	21.42	21.42	21.42	21.42	0
703	2018-09-21	21.42	21.42	21.42	21.42	0
704	2018-09-24	18.25	20.54	18.25	20.54	200
705	2018-09-25	19.42	19.42	19.42	19.42	0
706	2018-09-26	22.3	22.3	22.3	22.3	100
707	2018-09-27	21.71	21.71	21.71	21.71	600
708	2018-09-28	23.47	23.47	20.54	20.54	300
709	2018-10-01	20.54	20.54	20.54	20.54	100
710	2018-10-02	20.54	20.54	17.6	17.6	2500
711	2018-10-03	20.54	22.95	20.54	22.95	1200
712	2018-10-04	21.95	21.95	21.95	21.95	0
713	2018-10-05	21.95	21.95	21.95	21.95	0
714	2018-10-08	18.66	18.66	18.66	18.66	100
715	2018-10-09	15.9	15.9	15.9	15.9	100
716	2018-10-10	13.56	13.56	13.56	13.56	100
717	2018-10-11	15.55	15.55	15.55	15.55	2000
718	2018-10-12	17.84	17.84	17.84	17.84	2600
719	2018-10-15	17.84	20.48	17.84	20.48	1700
720	2018-10-16	17.6	23.3	17.6	17.6	1700
721	2018-10-17	18.25	18.25	18.25	18.25	0
722	2018-10-18	18.25	18.25	18.25	18.25	0
723	2018-10-19	18.25	18.25	18.25	18.25	0
724	2018-10-22	18.25	18.25	18.25	18.25	0
725	2018-10-23	18.25	18.25	18.25	18.25	0
726	2018-10-24	18.25	18.25	18.25	18.25	0
727	2018-10-25	19.42	19.42	19.42	19.42	2500
728	2018-10-26	19.42	19.42	19.42	19.42	0
729	2018-10-29	19.42	19.42	19.42	19.42	0
730	2018-10-30	19.42	19.42	19.42	19.42	2500
731	2018-10-31	19.42	19.42	19.42	19.42	0
732	2018-11-01	17.02	17.02	17.02	17.02	2000
733	2018-11-02	17.02	17.02	17.02	17.02	0
734	2018-11-05	17.02	17.02	17.02	17.02	0
735	2018-11-06	14.49	14.49	14.49	14.49	100
736	2018-11-07	14.49	14.49	14.49	14.49	0
737	2018-11-08	14.49	14.49	14.49	14.49	0
738	2018-11-09	16.67	16.67	16.67	16.67	100
739	2018-11-12	16.67	16.67	16.67	16.67	0
740	2018-11-13	14.38	14.38	14.38	14.38	100
741	2018-11-14	14.38	14.38	14.38	14.38	0
742	2018-11-15	14.38	14.38	14.38	14.38	0
743	2018-11-16	16.49	16.49	16.49	16.49	100
744	2018-11-19	14.03	14.03	14.03	14.03	100
745	2018-11-20	14.03	14.03	14.03	14.03	0
746	2018-11-21	14.03	14.03	14.03	14.03	0
747	2018-11-22	16.08	16.08	16.08	16.08	100
748	2018-11-23	16.08	16.08	16.08	16.08	0
749	2018-11-26	16.08	16.08	16.08	16.08	0
750	2018-11-27	14.14	14.14	14.14	14.14	100
751	2018-11-28	14.14	14.14	14.14	14.14	0
752	2018-11-29	14.14	14.14	14.14	14.14	0
753	2018-11-30	14.14	14.14	14.14	14.14	0
754	2018-12-03	12.32	14.2	12.32	14.2	200
755	2018-12-04	13.26	14.2	14.2	14.2	0
756	2018-12-05	13.26	14.2	14.2	14.2	0
757	2018-12-06	15.2	15.2	15.2	15.2	100
758	2018-12-07	15.2	15.2	15.2	15.2	0
759	2018-12-10	15.2	15.2	15.2	15.2	0
760	2018-12-11	15.2	15.2	15.2	15.2	0
761	2018-12-12	15.2	15.2	15.2	15.2	0
762	2018-12-13	15.2	15.2	15.2	15.2	0
763	2018-12-14	17.43	17.43	17.43	17.43	100
764	2018-12-17	20.01	20.01	20.01	20.01	100
765	2018-12-18	23.0	23.0	23.0	23.0	200
766	2018-12-19	23.0	23.47	23.0	23.47	2700
767	2018-12-20	19.78	19.78	19.78	19.78	100
768	2018-12-21	16.84	16.84	16.84	16.84	100
769	2018-12-24	14.44	14.44	14.44	14.44	100
770	2018-12-25	14.44	14.44	14.44	14.44	0
771	2018-12-26	14.44	14.44	14.44	14.44	0
772	2018-12-27	16.37	16.37	16.37	16.37	100
773	2018-12-28	18.78	18.78	18.78	18.78	100
774	2019-01-02	21.6	21.6	21.6	21.6	100
775	2019-01-03	24.82	24.82	24.82	24.82	200
776	2019-01-04	21.13	28.17	21.13	28.17	200
777	2019-01-07	20.95	20.95	20.95	20.95	100
778	2019-01-08	17.84	24.06	17.84	24.06	300
779	2019-01-09	22.01	24.06	24.06	24.06	0
780	2019-01-10	24.65	24.65	24.65	24.65	600
781	2019-01-11	24.65	27.24	27.24	27.24	0
782	2019-01-14	23.22	23.22	23.22	23.22	100
783	2019-01-15	26.66	26.66	26.66	26.66	900
784	2019-01-16	26.66	26.66	26.66	26.66	0
785	2019-01-17	26.66	26.66	26.66	26.66	0
786	2019-01-18	26.66	26.66	26.66	26.66	1
787	2019-01-21	26.66	26.66	26.66	26.66	0
788	2019-01-22	26.66	26.66	26.66	26.66	0
789	2019-01-23	26.66	26.66	26.66	26.66	0
790	2019-01-24	26.66	26.66	26.66	26.66	0
791	2019-01-25	26.66	26.66	26.66	26.66	0
792	2019-01-28	26.66	26.66	26.66	26.66	0
793	2019-01-29	26.66	26.66	26.66	26.66	0
794	2019-01-30	26.66	26.66	26.66	26.66	0
795	2019-01-31	26.66	26.66	26.66	26.66	0
796	2019-02-01	26.66	26.66	26.66	26.66	0
797	2019-02-11	30.61	30.61	30.61	30.61	100
798	2019-02-12	34.37	34.37	34.37	34.37	100
799	2019-02-13	38.27	38.27	29.25	29.25	200
800	2019-02-14	33.79	29.25	29.25	29.25	0
801	2019-02-15	33.79	29.25	29.25	29.25	0
802	2019-02-18	33.79	29.25	29.25	29.25	0
803	2019-02-19	33.79	29.25	29.25	29.25	0
804	2019-02-20	33.79	29.25	29.25	29.25	0
805	2019-02-21	33.79	29.25	29.25	29.25	0
806	2019-02-22	33.79	29.25	29.25	29.25	0
807	2019-02-25	33.79	29.25	29.25	29.25	0
808	2019-02-26	28.73	28.73	28.73	28.73	300
809	2019-02-27	28.73	28.73	28.73	28.73	0
810	2019-02-28	28.73	28.73	28.73	28.73	0
811	2019-03-01	28.73	28.73	28.73	28.73	0
812	2019-03-04	28.73	28.73	28.73	28.73	0
813	2019-03-05	28.73	28.73	28.73	28.73	0
814	2019-03-06	25.94	25.94	25.94	25.94	1000
815	2019-03-07	25.94	25.94	25.94	25.94	0
816	2019-03-08	25.94	25.94	25.94	25.94	0
817	2019-03-11	25.94	25.94	25.94	25.94	0
818	2019-03-12	29.83	29.83	29.83	29.83	300
819	2019-03-13	33.08	33.08	33.08	33.08	1000
820	2019-03-14	33.08	33.08	33.08	33.08	0
821	2019-03-15	28.15	37.29	28.15	37.29	200
822	2019-03-18	37.29	37.62	37.29	37.62	13200
823	2019-03-19	43.26	43.26	31.97	31.97	200
824	2019-03-20	37.62	31.97	31.97	31.97	0
825	2019-03-21	31.97	31.97	31.97	31.97	100
826	2019-03-22	31.97	31.97	31.97	31.97	0
827	2019-03-25	32.43	32.43	32.43	32.43	9100
828	2019-03-26	32.43	32.43	32.43	32.43	0
829	2019-03-27	34.96	34.96	34.96	34.96	500
830	2019-03-28	34.96	34.96	34.96	34.96	0
831	2019-03-29	34.96	34.96	34.96	34.96	0
832	2019-04-01	40.15	40.15	40.15	40.15	900
833	2019-04-02	40.15	40.15	40.15	40.15	0
834	2019-04-03	40.15	40.15	40.15	40.15	0
835	2019-04-04	40.15	40.15	40.15	40.15	0
836	2019-04-05	40.15	40.15	40.15	40.15	0
837	2019-04-08	34.18	34.18	34.18	34.18	100
838	2019-04-09	34.18	34.18	34.18	34.18	0
839	2019-04-10	34.18	34.18	34.18	34.18	0
840	2019-04-11	34.18	34.18	34.18	34.18	0
841	2019-04-12	34.18	34.18	34.18	34.18	0
842	2019-04-16	34.18	34.18	34.18	34.18	0
843	2019-04-17	34.18	34.18	34.18	34.18	0
844	2019-04-18	34.18	34.18	34.18	34.18	0
845	2019-04-19	34.18	34.18	34.18	34.18	0
846	2019-04-22	32.43	32.43	32.43	32.43	100
847	2019-04-23	32.43	32.43	32.43	32.43	0
848	2019-04-24	32.43	32.43	32.43	32.43	0
849	2019-04-25	32.43	32.43	32.43	32.43	0
850	2019-04-26	32.43	32.43	32.43	32.43	0
851	2019-05-02	32.43	32.43	32.43	32.43	0
852	2019-05-03	32.43	32.43	32.43	32.43	0
853	2019-05-06	32.43	32.43	32.43	32.43	0
854	2019-05-07	32.43	32.43	32.43	32.43	0
855	2019-05-08	32.43	32.43	32.43	32.43	0
856	2019-05-09	32.43	32.43	32.43	32.43	0
857	2019-05-10	27.56	27.56	27.56	27.56	100
858	2019-05-13	27.56	27.56	27.56	27.56	0
859	2019-05-14	27.56	27.56	27.56	27.56	0
860	2019-05-15	25.29	31.13	25.29	31.13	200
861	2019-05-16	28.21	31.13	31.13	31.13	0
862	2019-05-17	28.21	31.13	31.13	31.13	0
863	2019-05-20	28.21	31.13	31.13	31.13	0
864	2019-05-21	28.21	31.13	31.13	31.13	0
865	2019-05-22	28.21	31.13	31.13	31.13	0
866	2019-05-23	28.21	31.13	31.13	31.13	0
867	2019-05-24	28.21	31.13	31.13	31.13	0
868	2019-05-27	28.21	31.13	31.13	31.13	0
869	2019-05-28	24.71	24.71	24.71	24.71	100
870	2019-05-29	21.4	21.4	21.4	21.4	100
871	2019-05-30	18.87	18.87	18.87	18.87	100
872	2019-05-31	18.87	18.87	18.87	18.87	0
873	2019-06-03	18.87	18.87	18.87	18.87	0
874	2019-06-04	18.87	18.87	18.87	18.87	0
875	2019-06-05	18.87	18.87	18.87	18.87	0
876	2019-06-06	16.28	16.28	16.28	16.28	100
877	2019-06-07	15.7	15.7	15.7	15.7	100
878	2019-06-10	15.7	15.7	15.7	15.7	0
879	2019-06-11	15.7	15.7	15.7	15.7	0
880	2019-06-12	15.7	15.7	15.7	15.7	0
881	2019-06-13	15.7	15.7	15.7	15.7	0
882	2019-06-14	15.7	15.7	15.7	15.7	0
883	2019-06-17	15.7	15.7	15.7	15.7	0
884	2019-06-18	15.7	15.7	15.7	15.7	0
885	2019-06-19	15.7	15.7	15.7	15.7	0
886	2019-06-20	18.03	18.03	18.03	18.03	100
887	2019-06-21	20.69	20.69	20.69	20.69	100
888	2019-06-24	23.74	23.74	23.74	23.74	100
889	2019-06-25	23.74	23.74	23.74	23.74	0
890	2019-06-26	20.24	26.53	20.24	26.53	200
891	2019-06-27	25.94	25.94	25.94	25.94	100
892	2019-06-28	22.05	22.05	22.05	22.05	100
893	2019-07-01	25.29	25.29	25.29	25.29	100
894	2019-07-02	22.05	22.05	22.05	22.05	100
895	2019-07-03	22.38	22.38	21.66	22.05	2300
896	2019-07-04	19.2	24.97	19.2	21.92	4800
897	2019-07-05	22.7	22.7	22.7	22.7	500
898	2019-07-08	20.75	20.75	20.75	20.75	100
899	2019-07-09	20.75	20.75	20.75	20.75	0
900	2019-07-10	20.75	20.75	20.75	20.75	0
901	2019-07-11	21.73	21.73	21.73	21.73	100
902	2019-07-12	21.73	21.73	21.73	21.73	0
903	2019-07-15	21.73	21.73	21.73	21.73	0
904	2019-07-16	21.73	21.73	21.73	21.73	0
905	2019-07-17	23.35	23.87	23.35	23.87	500
906	2019-07-18	20.17	20.17	20.17	20.17	100
907	2019-07-19	20.17	20.17	20.17	20.17	0
908	2019-07-22	20.17	20.17	20.17	20.17	1
909	2019-07-23	21.73	21.73	21.73	21.73	100
910	2019-07-24	24.0	24.0	24.0	24.0	100
911	2019-07-25	20.43	20.43	20.43	20.43	100
912	2019-07-26	19.91	19.91	19.91	19.91	100
913	2019-07-29	19.91	19.91	19.91	19.91	0
914	2019-07-30	19.91	19.91	19.91	19.91	0
915	2019-07-31	22.7	22.7	22.7	22.7	100
916	2019-08-01	19.33	19.33	19.33	19.33	100
917	2019-08-02	19.33	19.33	19.33	19.33	0
918	2019-08-05	22.18	22.18	22.18	22.18	300
919	2019-08-06	24.58	24.58	24.58	24.58	100
920	2019-08-07	24.58	24.58	24.58	24.58	0
921	2019-08-08	24.58	24.58	24.58	24.58	0
922	2019-08-09	24.58	24.58	24.58	24.58	0
923	2019-08-12	28.15	28.15	28.15	28.15	2500
924	2019-08-13	28.54	32.36	28.54	32.36	1600
925	2019-08-14	32.36	32.36	32.36	32.36	3000
926	2019-08-15	32.36	32.36	32.36	32.36	0
927	2019-08-16	27.56	27.56	27.56	27.56	100
928	2019-08-19	27.56	27.56	27.56	27.56	0
929	2019-08-20	27.56	27.56	27.56	27.56	0
930	2019-08-21	27.56	27.56	27.56	27.56	0
931	2019-08-22	27.56	27.56	27.56	27.56	0
932	2019-08-23	27.56	27.56	27.56	27.56	0
933	2019-08-26	27.56	27.56	27.56	27.56	0
934	2019-08-27	27.56	27.56	27.56	27.56	0
935	2019-08-28	27.56	27.56	27.56	27.56	0
936	2019-08-29	27.56	27.56	27.56	27.56	0
937	2019-08-30	27.56	27.56	27.56	27.56	0
938	2019-09-03	27.56	27.56	27.56	27.56	0
939	2019-09-04	27.56	27.56	27.56	27.56	0
940	2019-09-05	27.56	27.56	27.56	27.56	0
941	2019-09-06	27.56	27.56	27.56	27.56	0
942	2019-09-09	27.56	27.56	27.56	27.56	0
943	2019-09-10	27.56	27.56	27.56	27.56	0
944	2019-09-11	27.56	27.56	27.56	27.56	0
945	2019-09-12	27.56	27.56	27.56	27.56	0
946	2019-09-13	27.56	27.56	27.56	27.56	0
947	2019-09-16	27.56	27.56	27.56	27.56	0
948	2019-09-17	27.56	27.56	27.56	27.56	0
949	2019-09-18	27.56	27.56	27.56	27.56	0
950	2019-09-19	27.56	27.56	27.56	27.56	0
951	2019-09-20	27.56	27.56	27.56	27.56	1000
952	2019-09-23	27.56	27.56	27.56	27.56	0
953	2019-09-24	27.56	27.56	27.56	27.56	0
954	2019-09-25	27.56	27.56	27.56	27.56	0
955	2019-09-26	27.56	27.56	27.56	27.56	0
956	2019-09-27	27.56	27.56	27.56	27.56	0
957	2019-09-30	27.56	27.56	27.56	27.56	0
958	2019-10-01	27.56	27.56	27.56	27.56	0
959	2019-10-02	27.56	27.56	27.56	27.56	0
960	2019-10-03	27.56	27.56	27.56	27.56	0
961	2019-10-04	27.56	27.56	27.56	27.56	0
962	2019-10-07	27.56	27.56	27.56	27.56	0
963	2019-10-08	27.56	27.56	27.56	27.56	0
964	2019-10-09	27.56	27.56	27.56	27.56	0
965	2019-10-10	27.56	27.56	27.56	27.56	0
966	2019-10-11	27.56	27.56	27.56	27.56	0
967	2019-10-14	27.56	27.56	27.56	27.56	0
968	2019-10-15	27.56	27.56	27.56	27.56	0
969	2019-10-16	27.56	27.56	27.56	27.56	0
970	2019-10-17	27.56	27.56	27.56	27.56	0
971	2019-10-18	27.56	27.56	27.56	27.56	0
972	2019-10-21	27.56	27.56	27.56	27.56	0
973	2019-10-22	23.67	23.67	23.67	23.67	100
974	2019-10-23	23.67	23.67	23.67	23.67	0
975	2019-10-24	23.67	23.67	23.67	23.67	0
976	2019-10-25	23.67	23.67	23.67	23.67	0
977	2019-10-28	23.67	23.67	23.67	23.67	0
978	2019-10-29	23.67	23.67	23.67	23.67	0
979	2019-10-30	23.67	23.67	23.67	23.67	0
980	2019-10-31	22.7	22.7	22.7	23.67	400
981	2019-11-01	22.7	22.7	22.7	22.7	0
982	2019-11-04	22.7	22.7	22.7	22.7	0
983	2019-11-05	25.94	25.94	25.94	25.94	10000
984	2019-11-06	25.94	25.94	25.94	25.94	0
985	2019-11-07	28.54	29.83	28.54	29.83	13800
986	2019-11-08	25.03	25.03	25.03	25.03	100
987	2019-11-11	21.47	21.47	21.47	21.47	100
988	2019-11-12	21.47	21.47	21.47	21.47	0
989	2019-11-13	21.47	21.47	21.47	21.47	0
990	2019-11-14	21.47	21.47	21.47	21.47	0
991	2019-11-15	21.47	21.47	21.47	21.47	0
992	2019-11-18	21.47	21.47	21.47	21.47	0
993	2019-11-19	21.47	21.47	21.47	21.47	0
994	2019-11-20	21.47	21.47	21.47	21.47	0
995	2019-11-21	21.47	21.47	21.47	21.47	0
996	2019-11-22	21.47	21.47	21.47	21.47	0
997	2019-11-25	21.47	21.47	21.47	21.47	0
998	2019-11-26	21.47	21.47	21.47	21.47	0
999	2019-11-27	21.47	21.47	21.47	21.47	0
1000	2019-11-28	21.47	21.47	21.47	21.47	0
1001	2019-11-29	21.47	21.47	21.47	21.47	0
1002	2019-12-02	21.47	21.47	21.47	21.47	0
1003	2019-12-03	21.47	21.47	21.47	21.47	0
1004	2019-12-04	21.47	21.47	21.47	21.47	0
1005	2019-12-05	21.47	21.47	21.47	21.47	0
1006	2019-12-06	21.47	21.47	21.47	21.47	0
1007	2019-12-09	21.47	21.47	21.47	21.47	0
1008	2019-12-10	21.47	21.47	21.47	21.47	20
1009	2019-12-11	21.47	21.47	21.47	21.47	0
1010	2019-12-12	21.47	21.47	21.47	21.47	0
1011	2019-12-13	21.47	21.47	21.47	21.47	0
1012	2019-12-16	21.47	21.47	21.47	21.47	0
1013	2019-12-17	21.47	21.47	21.47	21.47	0
1014	2019-12-18	21.47	21.47	21.47	21.47	0
1015	2019-12-19	21.47	21.47	21.47	21.47	0
1016	2019-12-20	21.47	21.47	21.47	21.47	0
1017	2019-12-23	21.47	21.47	21.47	21.47	0
1018	2019-12-24	21.47	21.47	21.47	21.47	0
1019	2019-12-25	21.47	21.47	21.47	21.47	0
1020	2019-12-26	21.47	21.47	21.47	21.47	0
1021	2019-12-27	21.47	21.47	21.47	21.47	0
1022	2019-12-30	21.47	21.47	21.47	21.47	0
1023	2019-12-31	21.47	21.47	21.47	21.47	0
1024	2020-01-02	21.47	21.47	21.47	21.47	0
1025	2020-01-03	21.47	21.47	21.47	21.47	0
1026	2020-01-06	21.47	21.47	21.47	21.47	0
1027	2020-01-07	21.47	21.47	21.47	21.47	0
1028	2020-01-08	21.47	21.47	21.47	21.47	0
1029	2020-01-09	21.47	21.47	21.47	21.47	0
1030	2020-01-10	21.47	21.47	21.47	21.47	0
1031	2020-01-13	21.47	21.47	21.47	21.47	0
1032	2020-01-14	21.47	21.47	21.47	21.47	0
1033	2020-01-15	21.47	21.47	21.47	21.47	0
1034	2020-01-16	21.47	21.47	21.47	21.47	0
1035	2020-01-17	21.47	21.47	21.47	21.47	0
1036	2020-01-20	21.47	21.47	21.47	21.47	0
1037	2020-01-21	21.47	21.47	21.47	21.47	0
1038	2020-01-22	21.47	21.47	21.47	21.47	0
1039	2020-01-30	21.47	21.47	21.47	21.47	0
1040	2020-01-31	21.47	21.47	21.47	21.47	0
1041	2020-02-03	21.47	21.47	21.47	21.47	0
1042	2020-02-04	21.47	21.47	21.47	21.47	0
1043	2020-02-05	21.47	21.47	21.47	21.47	0
1044	2020-02-06	21.47	21.47	21.47	21.47	0
1045	2020-02-07	21.47	21.47	21.47	21.47	0
1046	2020-02-10	21.47	21.47	21.47	21.47	0
1047	2020-02-11	21.47	21.47	21.47	21.47	0
1048	2020-02-12	21.47	21.47	21.47	21.47	0
1049	2020-02-13	21.47	21.47	21.47	21.47	0
1050	2020-02-14	21.47	21.47	21.47	21.47	0
1051	2020-02-17	23.35	23.35	23.35	23.35	100
1052	2020-02-18	19.85	19.85	19.85	19.85	100
1053	2020-02-19	17.64	17.64	17.64	17.64	100
1054	2020-02-20	17.64	17.64	17.64	17.64	0
1055	2020-02-21	17.64	17.64	17.64	17.64	0
1056	2020-02-24	17.64	17.64	17.64	17.64	0
1057	2020-02-25	17.64	18.32	18.32	18.32	0
1058	2020-02-26	17.64	18.32	18.32	18.32	0
1059	2020-02-27	17.64	18.32	18.32	18.32	0
1060	2020-02-28	17.64	18.32	18.32	18.32	0
1061	2020-03-02	17.64	18.32	18.32	18.32	0
1062	2020-03-03	17.64	18.32	18.32	18.32	0
1063	2020-03-04	20.27	20.27	20.27	20.27	102
1064	2020-03-05	20.27	20.27	20.27	20.27	0
1065	2020-03-06	23.3	23.3	23.3	23.3	100
1066	2020-03-09	23.3	23.3	23.3	23.3	0
1067	2020-03-10	23.3	23.3	23.3	23.3	0
1068	2020-03-11	23.3	23.3	23.3	23.3	0
1069	2020-03-12	23.3	23.3	23.3	23.3	10
1070	2020-03-13	23.3	23.3	23.3	23.3	0
1071	2020-03-16	23.3	23.3	23.3	23.3	0
1072	2020-03-17	23.3	23.3	23.3	23.3	0
1073	2020-03-18	23.3	23.3	23.3	23.3	0
1074	2020-03-19	23.3	23.3	23.3	23.3	0
1075	2020-03-20	23.3	23.3	23.3	23.3	0
1076	2020-03-23	23.3	23.3	23.3	23.3	0
1077	2020-03-24	23.3	23.3	23.3	23.3	0
1078	2020-03-25	23.3	23.3	23.3	23.3	0
1079	2020-03-26	23.3	23.3	23.3	23.3	0
1080	2020-03-27	23.3	23.3	23.3	23.3	0
1081	2020-03-30	23.3	23.3	23.3	23.3	0
1082	2020-03-31	23.3	23.3	23.3	23.3	0
1083	2020-04-01	23.3	23.3	23.3	23.3	0
1084	2020-04-03	23.3	23.3	23.3	23.3	0
1085	2020-04-06	23.3	23.3	23.3	23.3	0
1086	2020-04-07	23.3	23.3	23.3	23.3	0
1087	2020-04-08	23.3	23.3	23.3	23.3	0
1088	2020-04-09	23.3	23.3	23.3	23.3	0
1089	2020-04-10	23.3	23.3	23.3	23.3	0
1090	2020-04-13	23.3	23.3	23.3	23.3	0
1091	2020-04-14	23.3	23.3	23.3	23.3	0
1092	2020-04-15	23.3	23.3	23.3	23.3	0
1093	2020-04-16	23.3	23.3	23.3	23.3	0
1094	2020-04-17	23.3	23.3	23.3	23.3	0
1095	2020-04-20	23.3	23.3	23.3	23.3	0
1096	2020-04-21	23.3	23.3	23.3	23.3	0
1097	2020-04-22	23.3	23.3	23.3	23.3	0
1098	2020-04-23	23.3	23.3	23.3	23.3	0
1099	2020-04-24	23.3	23.3	23.3	23.3	0
1100	2020-04-27	23.3	23.3	23.3	23.3	0
1101	2020-04-28	23.3	23.3	23.3	23.3	0
1102	2020-04-29	23.3	23.3	23.3	23.3	0
1103	2020-05-04	23.3	23.3	23.3	23.3	0
1104	2020-05-05	15.49	15.49	15.49	15.49	100
1105	2020-05-06	15.49	15.49	15.49	15.49	0
1106	2020-05-07	15.49	15.49	15.49	15.49	0
1107	2020-05-08	15.49	15.49	15.49	15.49	0
1108	2020-05-11	15.49	15.49	15.49	15.49	0
1109	2020-05-12	15.49	15.49	15.49	15.49	0
1110	2020-05-13	15.49	15.49	15.49	15.49	10
1111	2020-05-14	15.49	15.49	15.49	15.49	0
1112	2020-05-15	15.49	15.49	15.49	15.49	0
1113	2020-05-18	15.49	15.49	15.49	15.49	0
1114	2020-05-19	15.49	15.49	15.49	15.49	87
1115	2020-05-20	15.49	15.49	15.49	15.49	0
1116	2020-05-21	15.49	15.49	15.49	15.49	0
1117	2020-05-22	15.49	15.49	15.49	15.49	87
1118	2020-05-25	15.49	15.49	15.49	15.49	0
1119	2020-05-26	15.49	15.49	15.49	15.49	0
1120	2020-05-27	15.49	15.49	15.49	15.49	0
1121	2020-05-28	15.49	15.49	15.49	15.49	0
1122	2020-05-29	15.49	15.49	15.49	15.49	0
1123	2020-06-01	15.49	15.49	15.49	15.49	0
1124	2020-06-02	15.49	15.49	15.49	15.49	0
1125	2020-06-03	15.49	15.49	15.49	15.49	0
1126	2020-06-04	15.49	15.49	15.49	15.49	0
1127	2020-06-05	17.78	17.78	17.78	17.78	100
1128	2020-06-08	20.4	20.4	20.4	20.4	100
1129	2020-06-09	23.23	23.23	23.23	23.23	100
1130	2020-06-10	25.92	25.92	25.92	25.92	100
1131	2020-06-11	28.01	28.01	28.01	28.01	100
1132	2020-06-12	23.84	23.84	23.84	23.84	300
1133	2020-06-15	23.84	23.84	23.84	23.84	0
1134	2020-06-16	23.84	23.84	23.84	23.84	0
1135	2020-06-17	23.84	23.84	23.84	23.84	0
1136	2020-06-18	23.84	23.84	23.84	23.84	0
1137	2020-06-19	23.84	23.84	23.84	23.84	0
1138	2020-06-22	23.84	23.84	23.84	23.84	0
1139	2020-06-23	26.93	26.93	26.93	26.93	100
1140	2020-06-24	26.93	26.93	26.93	26.93	0
1141	2020-06-25	26.93	26.93	26.93	26.93	0
1142	2020-06-26	26.93	26.93	26.93	26.93	0
1143	2020-06-29	26.93	26.93	26.93	26.93	0
1144	2020-06-30	26.93	26.93	26.93	26.93	0
1145	2020-07-01	26.93	26.93	26.93	26.93	0
1146	2020-07-02	26.93	26.93	26.93	26.93	0
1147	2020-07-03	26.93	26.93	26.93	26.93	0
1148	2020-07-06	26.93	26.93	26.93	26.93	0
1149	2020-07-07	26.93	26.93	26.93	26.93	0
1150	2020-07-08	26.93	26.93	26.93	26.93	0
1151	2020-07-09	26.93	26.93	26.93	26.93	0
1152	2020-07-10	24.24	24.24	24.24	24.24	1100
1153	2020-07-13	24.24	24.51	24.51	24.51	0
1154	2020-07-14	24.24	24.51	24.51	24.51	0
1155	2020-07-15	24.24	24.24	24.24	24.51	20
1156	2020-07-16	22.47	22.47	22.47	22.47	100
1157	2020-07-17	22.47	22.47	22.47	22.47	0
1158	2020-07-20	22.47	22.47	22.47	22.47	0
1159	2020-07-21	23.15	23.15	23.15	23.15	100
1160	2020-07-22	23.76	23.76	23.76	23.76	100
1161	2020-07-23	23.83	23.83	23.83	23.83	100
1162	2020-07-24	23.83	23.83	23.83	23.83	0
1163	2020-07-27	23.83	23.83	23.83	23.83	100
1164	2020-07-28	23.83	23.83	23.83	23.83	0
1165	2020-07-29	23.83	23.83	23.83	23.83	0
1166	2020-07-30	23.15	23.15	23.15	23.15	200
1167	2020-07-31	23.15	23.15	23.15	23.15	0
1168	2020-08-03	23.15	23.15	23.15	23.15	0
1169	2020-08-04	23.15	23.15	23.15	23.15	0
1170	2020-08-05	23.15	23.15	23.15	23.15	0
1171	2020-08-06	23.15	23.15	23.15	23.15	0
1172	2020-08-07	23.15	23.15	23.15	23.15	0
1173	2020-08-10	23.15	23.15	23.15	23.15	0
1174	2020-08-11	23.15	23.15	23.15	23.15	0
1175	2020-08-12	23.15	23.15	23.15	23.15	0
1176	2020-08-13	23.15	23.15	23.15	23.15	5
1177	2020-08-14	23.15	23.15	23.15	23.15	0
1178	2020-08-17	20.77	21.11	20.43	20.43	3600
1179	2020-08-18	17.5	17.5	17.5	17.5	100
1180	2020-08-19	17.5	17.5	17.5	17.5	0
1181	2020-08-20	17.5	17.5	17.5	17.5	0
1182	2020-08-21	20.09	20.09	20.09	20.09	100
1183	2020-08-24	20.09	20.09	20.09	20.09	0
1184	2020-08-25	23.01	23.01	23.01	23.01	100
1185	2020-08-26	23.01	23.01	23.01	23.01	0
1186	2020-08-27	23.01	23.01	23.01	23.01	1
1187	2020-08-28	23.01	23.01	23.01	23.01	0
1188	2020-08-31	23.01	23.01	23.01	23.01	0
1189	2020-09-01	25.87	25.87	25.87	25.87	5000
1190	2020-09-03	21.99	22.06	21.99	21.99	11225
1191	2020-09-04	21.11	21.11	20.43	20.43	15000
1192	2020-09-07	20.77	23.7	20.43	21.11	30100
1193	2020-09-08	23.49	23.49	23.49	23.49	100
1194	2020-09-09	20.5	26.56	20.5	26.56	300
1195	2020-09-10	20.5	21.11	20.5	21.11	15100
1196	2020-09-11	21.11	21.11	21.11	21.11	0
1197	2020-09-14	21.11	21.11	21.11	21.11	1
1198	2020-09-15	20.63	20.63	20.63	20.63	100
1199	2020-09-16	20.63	20.63	20.63	20.63	0
1200	2020-09-17	20.63	20.63	20.63	20.63	0
1201	2020-09-18	20.63	20.63	20.63	20.63	0
1202	2020-09-21	20.63	20.63	20.63	20.63	0
1203	2020-09-22	20.63	20.63	20.63	20.63	0
1204	2020-09-23	20.63	20.63	20.63	20.63	0
1205	2020-09-24	20.63	20.63	20.63	20.63	0
1206	2020-09-25	21.11	21.11	21.11	21.11	15000
1207	2020-09-28	21.18	21.18	21.18	21.18	4001
1208	2020-09-29	21.18	21.18	21.18	21.18	0
1209	2020-09-30	21.11	21.11	21.11	21.11	15000
1210	2020-10-01	21.11	21.11	21.11	21.11	0
1211	2020-10-02	18.45	18.45	18.45	18.45	102
1212	2020-10-05	18.45	18.45	18.45	18.45	0
1213	2020-10-06	18.45	18.45	18.45	18.45	0
1214	2020-10-07	18.45	18.45	18.45	18.45	0
1215	2020-10-08	18.45	18.45	18.45	18.45	0
1216	2020-10-09	18.45	18.45	18.45	18.45	0
1217	2020-10-12	18.45	18.45	18.45	18.45	0
1218	2020-10-13	18.45	18.45	18.45	18.45	0
1219	2020-10-14	18.45	18.45	18.45	18.45	0
1220	2020-10-15	18.45	18.45	18.45	18.45	0
1221	2020-10-16	18.45	18.45	18.45	18.45	0
1222	2020-10-19	18.45	18.45	18.45	18.45	0
1223	2020-10-20	18.45	18.45	18.45	18.45	0
1224	2020-10-21	18.45	18.45	18.45	18.45	0
1225	2020-10-22	21.18	21.18	21.18	21.18	100
1226	2020-10-23	21.18	21.18	21.18	21.18	0
1227	2020-10-26	21.18	21.18	21.18	21.18	0
1228	2020-10-27	21.18	21.18	21.18	21.18	0
1229	2020-10-28	20.43	20.43	20.43	20.43	10000
1230	2020-10-29	20.43	20.43	20.43	20.43	0
1231	2020-10-30	23.08	23.08	23.08	23.08	100
1232	2020-11-02	23.08	23.08	23.08	23.08	0
1233	2020-11-03	23.08	23.08	23.08	23.08	0
1234	2020-11-04	19.81	19.81	19.81	19.81	100
1235	2020-11-05	19.81	19.81	19.81	19.81	0
1236	2020-11-06	19.81	19.81	19.81	19.81	0
1237	2020-11-09	17.77	17.77	17.77	17.77	100
1238	2020-11-10	17.77	17.77	17.77	17.77	0
1239	2020-11-11	17.77	17.77	17.77	17.77	0
1240	2020-11-12	17.77	17.77	17.77	17.77	0
1241	2020-11-13	20.43	20.43	20.43	20.43	5000
1242	2020-11-16	20.43	20.43	20.43	20.43	10000
1243	2020-11-17	20.43	20.43	20.43	20.43	0
1244	2020-11-18	20.43	20.43	20.43	20.43	10000
1245	2020-11-19	20.43	20.43	20.43	20.43	0
1246	2020-11-20	20.43	20.43	20.43	20.43	0
1247	2020-11-23	20.77	20.77	20.77	20.77	100
1248	2020-11-24	20.77	20.77	20.77	20.77	0
1249	2020-11-25	20.77	20.77	20.77	20.77	0
1250	2020-11-26	20.77	20.77	20.77	20.77	0
1251	2020-11-27	20.77	20.77	20.77	20.77	0
1252	2020-11-30	20.77	20.77	20.77	20.77	0
1253	2020-12-01	20.77	20.77	20.77	20.77	0
1254	2020-12-02	20.77	20.77	20.77	20.77	0
1255	2020-12-03	20.77	20.77	20.77	20.77	0
1256	2020-12-04	20.77	20.77	20.77	20.77	0
1257	2020-12-07	20.77	20.77	20.77	20.77	0
1258	2020-12-08	20.77	20.77	20.77	20.77	0
1259	2020-12-09	20.77	20.77	20.77	20.77	0
1260	2020-12-10	20.77	20.77	20.77	20.77	0
1261	2020-12-11	20.77	20.77	20.77	20.77	0
1262	2020-12-14	20.77	20.77	20.77	20.77	0
1263	2020-12-15	20.77	20.77	20.77	20.77	0
1264	2020-12-16	20.77	20.77	20.77	20.77	12
1265	2020-12-17	20.77	20.77	20.77	20.77	0
1266	2020-12-18	20.77	20.77	20.77	20.77	0
1267	2020-12-21	20.77	20.77	20.77	20.77	37
1268	2020-12-22	20.77	20.77	20.77	20.77	0
1269	2020-12-23	20.77	20.77	20.77	20.77	0
1270	2020-12-24	23.15	23.7	23.15	23.7	200
1271	2020-12-25	23.42	23.7	23.7	23.7	0
1272	2020-12-28	19.95	19.95	19.95	19.95	100
1273	2020-12-29	19.95	19.95	19.95	19.95	0
1274	2020-12-30	19.95	21.03	21.03	21.03	0
1275	2020-12-31	19.95	21.03	21.03	21.03	0
1276	2021-01-04	19.95	21.03	21.03	21.03	0
1277	2021-01-05	19.95	21.03	21.03	21.03	0
1278	2021-01-06	21.53	21.53	21.53	21.53	200
1279	2021-01-07	21.89	21.89	21.53	21.53	1100
1280	2021-01-08	21.53	21.97	21.97	21.97	0
1281	2021-01-11	21.53	21.97	21.97	21.97	0
1282	2021-01-12	21.97	21.97	21.97	21.97	1100
1283	2021-01-13	21.97	21.97	21.97	21.97	0
1284	2021-01-14	21.97	21.97	21.97	21.97	0
1285	2021-01-15	21.97	21.97	21.97	21.97	0
1286	2021-01-18	21.97	21.97	21.97	21.97	0
1287	2021-01-19	21.97	21.97	21.97	21.97	0
1288	2021-01-20	21.97	21.97	21.97	21.97	0
1289	2021-01-21	21.97	21.97	21.97	21.97	0
1290	2021-01-22	21.97	21.97	21.97	21.97	100
1291	2021-01-25	24.9	24.9	24.9	24.9	300
1292	2021-01-26	22.04	22.04	22.04	22.04	100
1293	2021-01-27	22.04	22.04	22.04	22.04	0
1294	2021-01-28	21.97	21.97	21.97	21.97	400
1295	2021-01-29	21.97	21.97	21.97	21.97	500
1296	2021-02-01	21.97	21.97	21.97	21.97	200
1297	2021-02-02	21.97	21.97	21.97	21.97	0
1298	2021-02-03	21.97	21.97	21.97	21.97	0
1299	2021-02-04	21.97	21.97	21.97	21.97	0
1300	2021-02-05	21.97	21.97	21.97	21.97	0
1301	2021-02-08	21.97	21.97	21.97	21.97	0
1302	2021-02-09	21.97	21.97	21.97	21.97	0
1303	2021-02-17	21.97	21.97	21.97	21.97	0
1304	2021-02-18	25.26	25.26	25.26	25.26	100
1305	2021-02-19	25.26	25.26	25.26	25.26	0
1306	2021-02-22	25.26	25.26	25.26	25.26	0
1307	2021-02-23	25.26	25.26	25.26	25.26	0
1308	2021-02-24	25.26	25.26	25.26	25.26	0
1309	2021-02-25	25.26	25.26	25.26	25.26	0
1310	2021-02-26	25.26	25.26	25.26	25.26	0
1311	2021-03-01	25.26	25.26	25.26	25.26	0
1312	2021-03-02	25.26	25.26	25.26	25.26	0
1313	2021-03-03	25.26	25.26	25.26	25.26	0
1314	2021-03-04	25.26	25.26	25.26	25.26	0
1315	2021-03-05	25.26	25.26	25.26	25.26	0
1316	2021-03-08	25.26	25.26	25.26	25.26	0
1317	2021-03-09	25.26	25.26	25.26	25.26	0
1318	2021-03-10	25.26	25.26	25.26	25.26	0
1319	2021-03-11	25.26	25.26	25.26	25.26	0
1320	2021-03-12	22.34	22.34	22.04	22.04	1000
1321	2021-03-15	22.12	22.04	22.04	22.04	0
1322	2021-03-16	22.12	22.04	22.04	22.04	0
1323	2021-03-17	22.12	22.04	22.04	22.04	0
1324	2021-03-18	22.12	22.04	22.04	22.04	0
1325	2021-03-19	22.12	22.04	22.04	22.04	0
1326	2021-03-22	22.12	22.04	22.04	22.04	0
1327	2021-03-23	22.12	22.04	22.04	22.04	0
1328	2021-03-24	22.12	22.04	22.04	22.04	0
1329	2021-03-25	22.12	22.04	22.04	22.04	0
1330	2021-03-26	22.12	22.04	22.04	22.04	0
1331	2021-03-29	22.12	22.04	22.04	22.04	0
1332	2021-03-30	22.12	22.04	22.04	22.04	0
1333	2021-03-31	22.12	22.04	22.04	22.04	0
1334	2021-04-01	22.12	22.04	22.04	22.04	0
1335	2021-04-02	22.12	22.04	22.04	22.04	0
1336	2021-04-05	22.12	22.04	22.04	22.04	0
1337	2021-04-06	22.12	22.04	22.04	22.04	0
1338	2021-04-07	22.12	22.04	22.04	22.04	0
1339	2021-04-08	22.12	22.04	22.04	22.04	0
1340	2021-04-09	22.12	22.04	22.04	22.04	0
1341	2021-04-12	22.12	22.04	22.04	22.04	0
1342	2021-04-13	22.12	22.04	22.04	22.04	0
1343	2021-04-14	22.12	22.04	22.04	22.04	0
1344	2021-04-15	22.12	22.04	22.04	22.04	0
1345	2021-04-16	22.12	22.04	22.04	22.04	0
1346	2021-04-19	22.12	22.04	22.04	22.04	0
1347	2021-04-20	22.12	22.04	22.04	22.04	0
1348	2021-04-22	22.12	22.04	22.04	22.04	0
1349	2021-04-23	22.12	22.04	22.04	22.04	0
1350	2021-04-26	22.34	22.34	22.34	22.34	100
1351	2021-04-27	22.34	22.34	22.34	22.34	0
1352	2021-04-28	22.34	22.34	22.34	22.34	0
1353	2021-04-29	22.34	22.34	22.34	22.34	0
1354	2021-05-04	22.34	22.34	22.34	22.34	0
1355	2021-05-05	22.34	22.34	22.34	22.34	0
1356	2021-05-06	22.34	22.34	22.34	22.34	0
1357	2021-05-07	22.34	22.34	22.34	22.34	0
1358	2021-05-10	22.34	22.34	22.34	22.34	0
1359	2021-05-11	22.34	22.34	22.34	22.34	0
1360	2021-05-12	22.34	22.34	22.34	22.34	0
1361	2021-05-13	22.34	22.34	22.34	22.34	0
1362	2021-05-14	22.34	22.34	22.34	22.34	0
1363	2021-05-17	22.34	22.34	22.34	22.34	0
1364	2021-05-18	22.34	22.34	22.34	22.34	0
1365	2021-05-19	22.34	22.34	22.34	22.34	0
1366	2021-05-20	22.34	22.34	22.34	22.34	0
1367	2021-05-21	22.34	22.34	22.34	22.34	0
1368	2021-05-24	22.34	22.34	22.34	22.34	0
1369	2021-05-25	22.34	22.34	22.34	22.34	0
1370	2021-05-26	22.34	22.34	22.34	22.34	0
1371	2021-05-27	22.34	22.34	22.34	22.34	0
1372	2021-05-28	22.34	22.34	22.34	22.34	0
1373	2021-05-31	22.34	22.34	22.34	22.34	0
1374	2021-06-01	22.34	22.34	22.34	22.34	0
1375	2021-06-02	22.34	22.34	22.34	22.34	0
1376	2021-06-03	22.34	22.34	22.34	22.34	0
1377	2021-06-04	22.34	22.34	22.34	22.34	0
1378	2021-06-07	22.34	22.34	22.34	22.34	0
1379	2021-06-08	22.34	22.34	22.34	22.34	0
1380	2021-06-09	22.34	22.71	22.71	22.71	0
1381	2021-06-10	22.34	22.71	22.71	22.71	0
1382	2021-06-11	22.34	22.71	22.71	22.71	0
1383	2021-06-14	22.34	22.71	22.71	22.71	0
1384	2021-06-15	22.34	22.71	22.71	22.71	0
1385	2021-06-16	22.34	22.71	22.71	22.71	0
1386	2021-06-17	22.34	22.71	22.71	22.71	0
1387	2021-06-18	22.34	22.71	22.71	22.71	0
1388	2021-06-21	22.34	22.71	22.71	22.71	0
1389	2021-06-22	22.34	22.71	22.71	22.71	0
1390	2021-06-23	22.34	22.71	22.71	22.71	0
1391	2021-06-24	22.34	22.71	22.71	22.71	0
1392	2021-06-25	22.34	22.71	22.71	22.71	0
1393	2021-06-28	22.34	22.71	22.71	22.71	0
1394	2021-06-29	22.34	22.71	22.71	22.71	0
1395	2021-06-30	22.34	22.71	22.71	22.71	0
1396	2021-07-01	22.34	22.71	22.71	22.71	0
1397	2021-07-02	22.34	22.71	22.71	22.71	0
1398	2021-07-05	22.34	22.71	22.71	22.71	0
1399	2021-07-06	22.34	22.71	22.71	22.71	0
1400	2021-07-07	22.34	22.71	22.71	22.71	0
1401	2021-07-08	22.34	22.71	22.71	22.71	0
1402	2021-07-09	22.34	22.71	22.71	22.71	0
1403	2021-07-12	22.34	22.71	22.71	22.71	0
1404	2021-07-13	22.34	22.71	22.71	22.71	0
1405	2021-07-14	22.34	22.71	22.71	22.71	0
1406	2021-07-15	22.34	22.71	22.71	22.71	0
1407	2021-07-16	22.34	22.71	22.71	22.71	0
1408	2021-07-19	22.34	22.71	22.71	22.71	0
1409	2021-07-20	22.34	22.71	22.71	22.71	0
1410	2021-07-21	22.34	22.71	22.71	22.71	0
1411	2021-07-22	22.34	22.71	22.71	22.71	0
1412	2021-07-23	22.34	22.71	22.71	22.71	0
1413	2021-07-26	22.34	22.71	22.71	22.71	0
1414	2021-07-27	22.34	22.71	22.71	22.71	0
1415	2021-07-28	22.34	22.71	22.71	22.71	0
1416	2021-07-29	22.34	22.71	22.71	22.71	0
1417	2021-07-30	22.34	22.71	22.71	22.71	0
1418	2021-08-02	22.34	22.34	22.34	22.34	0
1419	2021-08-03	22.34	22.71	22.71	22.71	0
1420	2021-08-04	22.34	22.71	22.71	22.71	0
1421	2021-08-05	22.34	22.71	22.71	22.71	0
1422	2021-08-06	22.34	22.71	22.71	22.71	0
1423	2021-08-09	22.34	22.71	22.71	22.71	0
1424	2021-08-10	22.34	22.71	22.71	22.71	0
1425	2021-08-11	22.34	22.71	22.71	22.71	0
1426	2021-08-12	22.34	22.71	22.71	22.71	0
1427	2021-08-13	22.34	22.71	22.71	22.71	0
1428	2021-08-16	22.34	22.71	22.71	22.71	0
1429	2021-08-17	22.34	22.71	22.71	22.71	0
1430	2021-08-18	22.34	22.71	22.71	22.71	0
1431	2021-08-19	22.34	22.71	22.71	22.71	0
1432	2021-08-20	22.34	22.34	22.34	22.34	0
1433	2021-08-23	22.34	22.71	22.71	22.71	0
1434	2021-08-24	22.34	22.71	22.71	22.71	0
1435	2021-08-25	22.34	22.71	22.71	22.71	0
1436	2021-08-26	22.34	22.71	22.71	22.71	0
1437	2021-08-27	22.34	22.34	22.34	22.34	0
1438	2021-08-30	22.34	22.34	22.34	22.34	0
1439	2021-08-31	22.34	22.34	22.34	22.34	0
1440	2021-09-01	22.34	22.34	22.34	22.34	0
1441	2021-09-06	22.34	22.71	22.71	22.71	0
1442	2021-09-07	22.34	22.71	22.71	22.71	0
1443	2021-09-08	22.34	22.34	22.34	22.34	0
1444	2021-09-09	22.34	22.34	22.34	22.34	0
1445	2021-09-10	22.34	22.34	22.34	22.34	0
1446	2021-09-13	22.34	22.34	22.34	22.34	0
1447	2021-09-14	22.34	22.34	22.34	22.34	0
1448	2021-09-15	22.34	22.34	22.34	22.34	0
1449	2021-09-16	22.34	22.34	22.34	22.34	0
1450	2021-09-17	22.34	22.34	22.34	22.34	0
1451	2021-09-20	22.34	22.34	22.34	22.34	0
1452	2021-09-21	22.34	22.34	22.34	22.34	0
1453	2021-09-22	22.34	22.34	22.34	22.34	0
1454	2021-09-23	22.34	22.34	22.34	22.34	0
1455	2021-09-24	22.34	22.34	22.34	22.34	0
1456	2021-09-27	22.34	22.34	22.34	22.34	0
1457	2021-09-28	22.34	22.34	22.34	22.34	0
1458	2021-09-29	22.34	22.34	22.34	22.34	0
1459	2021-09-30	22.34	22.34	22.34	22.34	0
1460	2021-10-01	22.34	22.34	22.34	22.34	0
1461	2021-10-04	22.34	22.34	22.34	22.34	0
1462	2021-10-05	22.34	22.34	22.34	22.34	0
1463	2021-10-06	22.34	22.34	22.34	22.34	0
1464	2021-10-07	22.34	22.34	22.34	22.34	0
1465	2021-10-08	22.34	22.34	22.34	22.34	0
1466	2021-10-11	22.34	22.34	22.34	22.34	0
1467	2021-10-12	22.34	22.34	22.34	22.34	0
1468	2021-10-13	22.34	22.34	22.34	22.34	0
1469	2021-10-14	22.34	22.34	22.34	22.34	0
1470	2021-10-15	22.34	22.34	22.34	22.34	0
1471	2021-10-18	22.34	22.34	22.34	22.34	0
1472	2021-10-19	22.34	22.34	22.34	22.34	0
1473	2021-10-20	22.34	22.34	22.34	22.34	0
1474	2021-10-21	22.34	22.34	22.34	22.34	0
1475	2021-10-22	22.34	22.34	22.34	22.34	0
1476	2021-10-25	22.34	22.34	22.34	22.34	0
1477	2021-10-26	22.34	22.34	22.34	22.34	0
1478	2021-10-27	22.34	22.34	22.34	22.34	0
1479	2021-10-28	22.34	22.34	22.34	22.34	0
1480	2021-10-29	22.34	22.34	22.34	22.34	0
1481	2021-11-01	22.34	22.34	22.34	22.34	0
1482	2021-11-02	22.34	22.34	22.34	22.34	0
1483	2021-11-03	22.34	22.34	22.34	22.34	0
1484	2021-11-04	22.34	22.34	22.34	22.34	0
1485	2021-11-05	22.34	22.34	22.34	22.34	0
1486	2021-11-08	22.34	22.34	22.34	22.34	0
1487	2021-11-09	22.34	22.34	22.34	22.34	0
1488	2021-11-10	22.34	22.34	22.34	22.34	0
1489	2021-11-11	22.34	22.34	22.34	22.34	0
1490	2021-11-12	22.34	22.34	22.34	22.34	0
1491	2021-11-15	22.34	22.34	22.34	22.34	0
1492	2021-11-16	22.34	22.34	22.34	22.34	0
1493	2021-11-17	22.34	22.34	22.34	22.34	0
1494	2021-11-18	21.29	21.29	21.29	21.29	100
1495	2021-11-19	21.29	21.29	21.29	21.29	0
1496	2021-11-22	21.29	21.29	21.29	21.29	0
1497	2021-11-23	21.29	21.29	21.29	21.29	0
1498	2021-11-24	21.29	21.29	21.29	21.29	0
1499	2021-11-25	21.29	21.29	21.29	21.29	0
1500	2021-11-26	21.29	21.29	21.29	21.29	0
1501	2021-11-29	21.29	21.29	21.29	21.29	0
1502	2021-11-30	21.29	21.29	21.29	21.29	12
1503	2021-12-01	21.29	21.29	21.29	21.29	0
1504	2021-12-02	21.29	21.29	21.29	21.29	0
1505	2021-12-03	21.29	21.29	21.29	21.29	0
1506	2021-12-06	21.29	21.29	21.29	21.29	0
1507	2021-12-07	21.29	21.29	21.29	21.29	0
1508	2021-12-08	21.29	21.29	21.29	21.29	0
1509	2021-12-09	21.29	21.29	21.29	21.29	0
1510	2021-12-10	21.29	21.29	21.29	21.29	0
1511	2021-12-13	21.29	21.29	21.29	21.29	0
1512	2021-12-14	21.29	21.29	21.29	21.29	0
1513	2021-12-15	21.29	21.29	21.29	21.29	0
1514	2021-12-16	21.29	21.29	21.29	21.29	0
1515	2021-12-17	21.29	21.29	21.29	21.29	0
1516	2021-12-20	21.29	21.29	21.29	21.29	0
1517	2021-12-21	21.29	21.29	21.29	21.29	0
1518	2021-12-22	21.29	21.29	21.29	21.29	0
1519	2021-12-23	21.29	21.29	21.29	21.29	0
1520	2021-12-24	21.29	21.29	21.29	21.29	0
1521	2021-12-27	21.29	21.29	21.29	21.29	0
1522	2021-12-28	21.29	21.29	21.29	21.29	0
1523	2021-12-29	21.29	21.29	21.29	21.29	0
1524	2021-12-30	21.29	21.29	21.29	21.29	0
1525	2021-12-31	21.29	21.29	21.29	21.29	0
1526	2022-01-04	21.29	21.29	21.29	21.29	0
1527	2022-01-05	21.29	21.29	21.29	21.29	0
1528	2022-01-06	21.29	21.29	21.29	21.29	0
1529	2022-01-07	21.29	21.29	21.29	21.29	0
1530	2022-01-10	21.29	21.29	21.29	21.29	0
1531	2022-01-11	21.29	21.29	21.29	21.29	0
1532	2022-01-12	21.29	21.29	21.29	21.29	0
1533	2022-01-13	21.29	21.29	21.29	21.29	0
1534	2022-01-14	21.29	21.29	21.29	21.29	0
1535	2022-01-17	21.29	21.29	21.29	21.29	0
1536	2022-01-18	21.29	21.29	21.29	21.29	0
1537	2022-01-19	21.29	21.29	21.29	21.29	0
1538	2022-01-20	21.29	21.29	21.29	21.29	0
1539	2022-01-21	21.29	21.29	21.29	21.29	0
1540	2022-01-24	21.29	21.29	21.29	21.29	0
1541	2022-01-25	21.29	21.29	21.29	21.29	0
1542	2022-01-26	21.29	21.29	21.29	21.29	0
1543	2022-01-27	21.29	21.29	21.29	21.29	0
1544	2022-01-28	21.29	21.29	21.29	21.29	0
1545	2022-02-07	21.29	21.29	21.29	21.29	0
1546	2022-02-08	21.29	21.29	21.29	21.29	0
1547	2022-02-09	21.29	21.29	21.29	21.29	0
1548	2022-02-10	21.29	21.29	21.29	21.29	0
1549	2022-02-11	21.29	21.29	21.29	21.29	0
1550	2022-02-14	21.29	21.29	21.29	21.29	0
1551	2022-02-15	21.29	21.29	21.29	21.29	0
1552	2022-02-16	21.29	21.29	21.29	21.29	0
1553	2022-02-17	21.29	21.29	21.29	21.29	0
1554	2022-02-18	21.29	21.29	21.29	21.29	0
1555	2022-02-21	21.29	21.29	21.29	21.29	0
1556	2022-02-22	21.29	21.29	21.29	21.29	0
1557	2022-02-23	29.78	29.78	29.78	29.78	100
1558	2022-02-24	29.78	29.78	29.78	29.78	0
1559	2022-02-25	29.78	29.78	29.78	29.78	0
1560	2022-02-28	29.78	29.78	29.78	29.78	0
1561	2022-03-01	29.78	29.78	29.78	29.78	0
1562	2022-03-02	29.78	29.78	29.78	29.78	0
1563	2022-03-03	29.78	29.78	29.78	29.78	0
1564	2022-03-04	29.78	29.78	29.78	29.78	0
1565	2022-03-07	29.78	29.78	29.78	29.78	0
1566	2022-03-08	29.78	29.78	29.78	29.78	0
1567	2022-03-09	29.78	29.78	29.78	29.78	0
1568	2022-03-10	29.78	29.78	29.78	29.78	0
1569	2022-03-11	29.78	29.78	29.78	29.78	0
1570	2022-03-14	29.78	29.78	29.78	29.78	0
1571	2022-03-15	29.78	29.78	29.78	29.78	0
1572	2022-03-16	29.78	29.78	29.78	29.78	0
1573	2022-03-17	29.78	29.78	29.78	29.78	0
1574	2022-03-18	29.78	29.78	29.78	29.78	0
1575	2022-03-21	29.78	29.78	29.78	29.78	0
1576	2022-03-22	29.78	29.78	29.78	29.78	0
1577	2022-03-23	29.78	29.78	29.78	29.78	0
1578	2022-03-24	29.78	29.78	29.78	29.78	0
1579	2022-03-25	29.78	29.78	29.78	29.78	0
1580	2022-03-28	29.78	29.78	29.78	29.78	0
1581	2022-03-29	29.78	29.78	29.78	29.78	0
1582	2022-03-30	29.78	29.78	29.78	29.78	0
1583	2022-03-31	29.78	29.78	29.78	29.78	0
1584	2022-04-01	29.78	29.78	29.78	29.78	0
1585	2022-04-04	29.78	29.78	29.78	29.78	0
1586	2022-04-05	29.78	29.78	29.78	29.78	0
1587	2022-04-06	29.78	29.78	29.78	29.78	0
1588	2022-04-07	29.78	29.78	29.78	29.78	0
1589	2022-04-08	29.78	29.78	29.78	29.78	0
1590	2022-04-12	20.92	20.92	20.92	20.92	100
1591	2022-04-13	20.92	20.92	20.92	20.92	0
1592	2022-04-14	20.92	20.92	20.92	20.92	0
1593	2022-04-15	20.92	20.92	20.92	20.92	0
1594	2022-04-18	20.92	20.92	20.92	20.92	0
1595	2022-04-19	20.92	20.92	20.92	20.92	0
1596	2022-04-20	20.92	20.92	20.92	20.92	0
1597	2022-04-21	20.92	20.92	20.92	20.92	0
1598	2022-04-22	20.92	20.92	20.92	20.92	0
1599	2022-04-25	20.92	20.92	20.92	20.92	0
1600	2022-04-26	20.92	20.92	20.92	20.92	0
1601	2022-04-27	20.92	20.92	20.92	20.92	0
1602	2022-04-28	20.92	20.92	20.92	20.92	0
1603	2022-04-29	20.92	20.92	20.92	20.92	0
1604	2022-05-04	20.92	20.92	20.92	20.92	0
1605	2022-05-05	20.92	20.92	20.92	20.92	0
1606	2022-05-06	20.92	20.92	20.92	20.92	0
1607	2022-05-09	20.92	20.92	20.92	20.92	0
1608	2022-05-10	20.92	20.92	20.92	20.92	0
1609	2022-05-11	20.92	20.92	20.92	20.92	0
1610	2022-05-12	20.92	20.92	20.92	20.92	0
1611	2022-05-13	20.92	20.92	20.92	20.92	0
1612	2022-05-16	20.92	20.92	20.92	20.92	0
1613	2022-05-17	20.92	20.92	20.92	20.92	0
1614	2022-05-18	20.92	20.92	20.92	20.92	0
1615	2022-05-19	20.92	20.92	20.92	20.92	0
1616	2022-05-20	20.92	20.92	20.92	20.92	0
1617	2022-05-23	20.92	20.92	20.92	20.92	0
1618	2022-05-24	20.92	20.92	20.92	20.92	0
1619	2022-05-25	20.92	20.92	20.92	20.92	0
1620	2022-05-26	20.92	20.92	20.92	20.92	0
1621	2022-05-27	20.92	20.92	20.92	20.92	0
1622	2022-05-30	20.92	20.92	20.92	20.92	0
1623	2022-05-31	20.92	20.92	20.92	20.92	0
1624	2022-06-01	20.92	20.92	20.92	20.92	0
1625	2022-06-02	20.92	20.92	20.92	20.92	0
1626	2022-06-03	20.92	20.92	20.92	20.92	0
1627	2022-06-06	20.92	20.92	20.92	20.92	0
1628	2022-06-07	20.92	20.92	20.92	20.92	0
1629	2022-06-08	20.92	20.92	20.92	20.92	0
1630	2022-06-09	20.92	20.92	20.92	20.92	0
1631	2022-06-10	20.92	20.92	20.92	20.92	0
1632	2022-06-13	20.92	20.92	20.92	20.92	0
1633	2022-06-14	20.92	20.92	20.92	20.92	0
1634	2022-06-15	20.92	20.92	20.92	20.92	0
1635	2022-06-16	20.92	20.92	20.92	20.92	0
1636	2022-06-17	20.92	20.92	20.92	20.92	0
1637	2022-06-20	20.92	20.92	20.92	20.92	0
1638	2022-06-21	20.92	20.92	20.92	20.92	0
1639	2022-06-22	20.92	20.92	20.92	20.92	0
1640	2022-06-23	20.92	20.92	20.92	20.92	0
1641	2022-06-24	20.92	20.92	20.92	20.92	0
1642	2022-06-27	20.92	20.92	20.92	20.92	0
1643	2022-06-28	20.92	20.92	20.92	20.92	0
1644	2022-06-29	20.92	20.92	20.92	20.92	0
1645	2022-06-30	20.92	20.92	20.92	20.92	0
1646	2022-07-01	20.92	20.92	20.92	20.92	0
1647	2022-07-04	20.92	20.92	20.92	20.92	0
1648	2022-07-05	20.92	20.92	20.92	20.92	0
1649	2022-07-06	20.92	20.92	20.92	20.92	0
1650	2022-07-07	20.92	20.92	20.92	20.92	0
1651	2022-07-08	20.92	20.92	20.92	20.92	0
1652	2022-07-11	20.92	20.92	20.92	20.92	0
1653	2022-07-12	20.92	20.92	20.92	20.92	0
1654	2022-07-13	20.92	20.92	20.92	20.92	0
1655	2022-07-14	20.92	20.92	20.92	20.92	0
1656	2022-07-15	20.92	20.92	20.92	20.92	0
1657	2022-07-18	20.92	20.92	20.92	20.92	0
1658	2022-07-19	20.92	20.92	20.92	20.92	0
1659	2022-07-20	20.92	20.92	20.92	20.92	0
1660	2022-07-21	20.92	20.92	20.92	20.92	0
1661	2022-07-22	20.92	20.92	20.92	20.92	0
1662	2022-07-25	20.92	20.92	20.92	20.92	0
1663	2022-07-26	20.92	20.92	20.92	20.92	0
1664	2022-07-27	20.92	20.92	20.92	20.92	0
1665	2022-07-28	20.92	20.92	20.92	20.92	0
1666	2022-07-29	20.92	20.92	20.92	20.92	0
1667	2022-08-01	20.92	20.92	20.92	20.92	0
1668	2022-08-02	20.92	20.92	20.92	20.92	0
1669	2022-08-03	20.92	20.92	20.92	20.92	0
1670	2022-08-04	20.92	20.92	20.92	20.92	0
1671	2022-08-05	20.92	20.92	20.92	20.92	0
1672	2022-08-08	20.92	20.92	20.92	20.92	0
1673	2022-08-09	20.92	20.92	20.92	20.92	0
1674	2022-08-10	20.92	20.92	20.92	20.92	0
1675	2022-08-11	20.92	20.92	20.92	20.92	0
1676	2022-08-12	20.92	20.92	20.92	20.92	0
1677	2022-08-15	20.92	20.92	20.92	20.92	0
1678	2022-08-16	20.92	20.92	20.92	20.92	0
1679	2022-08-17	20.92	20.92	20.92	20.92	0
1680	2022-08-18	20.92	20.92	20.92	20.92	0
1681	2022-08-19	20.92	20.92	20.92	20.92	0
1682	2022-08-22	20.92	20.92	20.92	20.92	0
1683	2022-08-23	20.92	20.92	20.92	20.92	0
1684	2022-08-24	20.92	20.92	20.92	20.92	0
1685	2022-08-25	20.92	20.92	20.92	20.92	0
1686	2022-08-26	20.92	20.92	20.92	20.92	0
1687	2022-08-29	20.92	20.92	20.92	20.92	0
1688	2022-08-30	20.92	20.92	20.92	20.92	0
1689	2022-08-31	20.92	20.92	20.92	20.92	0
1690	2022-09-05	20.92	20.92	20.92	20.92	0
1691	2022-09-06	20.92	20.92	20.92	20.92	0
1692	2022-09-07	20.92	20.92	20.92	20.92	0
1693	2022-09-08	20.92	20.92	20.92	20.92	0
1694	2022-09-09	20.92	20.92	20.92	20.92	0
1695	2022-09-12	20.92	20.92	20.92	20.92	0
1696	2022-09-13	20.92	20.92	20.92	20.92	0
1697	2022-09-14	20.92	20.92	20.92	20.92	0
1698	2022-09-15	20.92	20.92	20.92	20.92	0
1699	2022-09-16	20.92	20.92	20.92	20.92	0
1700	2022-09-19	20.92	20.92	20.92	20.92	0
1701	2022-09-20	20.92	20.92	20.92	20.92	0
1702	2022-09-21	20.92	20.92	20.92	20.92	0
1703	2022-09-22	20.92	20.92	20.92	20.92	0
1704	2022-09-23	20.92	20.92	20.92	20.92	0
1705	2022-09-26	20.92	20.92	20.92	20.92	0
1706	2022-09-27	20.92	20.92	20.92	20.92	0
1707	2022-09-28	20.92	20.92	20.92	20.92	0
1708	2022-09-29	20.92	20.92	20.92	20.92	0
1709	2022-09-30	20.92	20.92	20.92	20.92	0
1710	2022-10-03	20.92	20.92	20.92	20.92	0
1711	2022-10-04	20.92	20.92	20.92	20.92	0
1712	2022-10-05	20.92	20.92	20.92	20.92	0
1713	2022-10-06	20.92	20.92	20.92	20.92	0
1714	2022-10-07	20.92	20.92	20.92	20.92	0
1715	2022-10-10	20.92	20.92	20.92	20.92	0
1716	2022-10-11	20.92	20.92	20.92	20.92	0
1717	2022-10-12	20.92	20.92	20.92	20.92	0
1718	2022-10-13	20.92	20.92	20.92	20.92	0
1719	2022-10-14	20.92	20.92	20.92	20.92	0
1720	2022-10-17	20.92	20.92	20.92	20.92	0
1721	2022-10-18	20.92	20.92	20.92	20.92	0
1722	2022-10-19	20.92	20.92	20.92	20.92	0
1723	2022-10-20	20.92	20.92	20.92	20.92	0
1724	2022-10-21	20.92	20.92	20.92	20.92	0
1725	2022-10-24	20.92	20.92	20.92	20.92	0
1726	2022-10-25	20.92	20.92	20.92	20.92	0
1727	2022-10-26	20.92	20.92	20.92	20.92	0
1728	2022-10-27	20.92	20.92	20.92	20.92	0
1729	2022-10-28	20.92	20.92	20.92	20.92	0
1730	2022-10-31	20.92	20.92	20.92	20.92	0
1731	2022-11-01	20.92	20.92	20.92	20.92	0
1732	2022-11-02	20.92	20.92	20.92	20.92	0
1733	2022-11-03	20.92	20.92	20.92	20.92	0
1734	2022-11-04	20.92	20.92	20.92	20.92	0
1735	2022-11-07	20.92	20.92	20.92	20.92	0
1736	2022-11-08	20.92	20.92	20.92	20.92	0
1737	2022-11-09	20.92	20.92	20.92	20.92	0
1738	2022-11-10	20.92	20.92	20.92	20.92	0
1739	2022-11-11	20.92	20.92	20.92	20.92	0
1740	2022-11-14	20.92	20.92	20.92	20.92	0
1741	2022-11-15	20.92	20.92	20.92	20.92	0
1742	2022-11-16	20.92	20.92	20.92	20.92	0
1743	2022-11-17	20.92	20.92	20.92	20.92	0
1744	2022-11-18	20.92	20.92	20.92	20.92	0
1745	2022-11-21	20.92	20.92	20.92	20.92	0
1746	2022-11-22	20.92	20.92	20.92	20.92	0
1747	2022-11-23	20.92	20.92	20.92	20.92	0
1748	2022-11-24	20.92	20.92	20.92	20.92	0
1749	2022-11-25	20.92	20.92	20.92	20.92	0
1750	2022-11-28	20.92	20.92	20.92	20.92	0
1751	2022-11-29	20.92	20.92	20.92	20.92	0
1752	2022-11-30	20.92	20.92	20.92	20.92	0
1753	2022-12-01	20.92	20.92	20.92	20.92	0
1754	2022-12-02	20.92	20.92	20.92	20.92	0
1755	2022-12-05	20.92	20.92	20.92	20.92	0
1756	2022-12-06	20.92	20.92	20.92	20.92	0
1757	2022-12-07	20.92	20.92	20.92	20.92	0
1758	2022-12-08	20.92	20.92	20.92	20.92	0
1759	2022-12-09	20.92	20.92	20.92	20.92	0
1760	2022-12-12	20.92	20.92	20.92	20.92	0
1761	2022-12-13	20.92	20.92	20.92	20.92	0
1762	2022-12-14	20.92	20.92	20.92	20.92	0
1763	2022-12-15	20.92	20.92	20.92	20.92	0
1764	2022-12-16	20.92	20.92	20.92	20.92	0
1765	2022-12-19	20.92	20.92	20.92	20.92	0
1766	2022-12-20	20.92	20.92	20.92	20.92	0
1767	2022-12-21	20.92	20.92	20.92	20.92	0
1768	2022-12-22	20.92	20.92	20.92	20.92	0
1769	2022-12-23	20.92	20.92	20.92	20.92	0
1770	2022-12-26	20.92	20.92	20.92	20.92	0
1771	2022-12-27	20.92	20.92	20.92	20.92	0
1772	2022-12-28	20.92	20.92	20.92	20.92	0
1773	2022-12-29	20.92	20.92	20.92	20.92	0
1774	2022-12-30	20.92	20.92	20.92	20.92	0
1775	2023-01-03	20.92	20.92	20.92	20.92	0
1776	2023-01-04	20.92	20.92	20.92	20.92	0
1777	2023-01-05	20.92	20.92	20.92	20.92	0
1778	2023-01-06	20.92	20.92	20.92	20.92	0
1779	2023-01-09	20.92	20.92	20.92	20.92	0
1780	2023-01-10	20.92	20.92	20.92	20.92	0
1781	2023-01-11	12.6	12.6	12.6	12.6	100
1782	2023-01-12	12.6	12.6	12.6	12.6	0
1783	2023-01-13	12.6	12.6	12.6	12.6	0
1784	2023-01-16	12.6	12.6	12.6	12.6	0
1785	2023-01-17	12.6	12.6	12.6	12.6	0
1786	2023-01-18	12.6	12.6	12.6	12.6	0
1787	2023-01-19	12.6	12.6	12.6	12.6	0
1788	2023-01-27	12.6	12.6	12.6	12.6	0
1789	2023-01-30	12.6	12.6	12.6	12.6	0
1790	2023-01-31	12.6	12.6	12.6	12.6	0
1791	2023-02-01	12.6	12.6	12.6	12.6	0
1792	2023-02-02	12.6	12.6	12.6	12.6	0
1793	2023-02-03	12.6	12.6	12.6	12.6	0
1794	2023-02-06	12.6	12.6	12.6	12.6	0
1795	2023-02-07	12.6	12.6	12.6	12.6	0
1796	2023-02-08	12.6	12.6	12.6	12.6	0
1797	2023-02-09	12.6	12.6	12.6	12.6	0
1798	2023-02-10	12.6	12.6	12.6	12.6	0
1799	2023-02-13	12.6	12.6	12.6	12.6	0
1800	2023-02-14	12.6	12.6	12.6	12.6	0
1801	2023-02-15	12.6	12.6	12.6	12.6	0
1802	2023-02-16	12.6	12.6	12.6	12.6	0
1803	2023-02-17	12.6	12.6	12.6	12.6	0
1804	2023-02-20	12.6	12.6	12.6	12.6	0
1805	2023-02-21	12.6	12.6	12.6	12.6	0
1806	2023-02-22	12.6	12.6	12.6	12.6	0
1807	2023-02-23	12.6	12.6	12.6	12.6	0
1808	2023-02-24	12.6	12.6	12.6	12.6	0
1809	2023-02-27	12.6	12.6	12.6	12.6	0
1810	2023-02-28	12.6	12.6	12.6	12.6	0
1811	2023-03-01	12.6	12.6	12.6	12.6	0
1812	2023-03-02	12.6	12.6	12.6	12.6	0
1813	2023-03-03	12.6	12.6	12.6	12.6	0
1814	2023-03-06	12.6	12.6	12.6	12.6	0
1815	2023-03-07	12.6	12.6	12.6	12.6	0
1816	2023-03-08	12.6	12.6	12.6	12.6	0
1817	2023-03-09	12.6	12.6	12.6	12.6	0
1818	2023-03-10	12.6	12.6	12.6	12.6	0
1819	2023-03-13	12.6	12.6	12.6	12.6	0
1820	2023-03-14	12.6	12.6	12.6	12.6	0
1821	2023-03-15	12.6	12.6	12.6	12.6	0
1822	2023-03-16	12.6	12.6	12.6	12.6	0
1823	2023-03-17	12.6	12.6	12.6	12.6	0
1824	2023-03-20	12.6	12.6	12.6	12.6	0
1825	2023-03-21	12.6	12.6	12.6	12.6	0
1826	2023-03-22	12.6	12.6	12.6	12.6	0
1827	2023-03-23	12.6	12.6	12.6	12.6	0
1828	2023-03-24	12.6	12.6	12.6	12.6	0
1829	2023-03-27	12.6	12.6	12.6	12.6	0
1830	2023-03-28	12.6	12.6	12.6	12.6	0
1831	2023-03-29	12.6	12.6	12.6	12.6	0
1832	2023-03-30	12.6	12.6	12.6	12.6	0
1833	2023-03-31	12.6	12.6	12.6	12.6	0
1834	2023-04-03	12.6	12.6	12.6	12.6	0
1835	2023-04-04	12.6	12.6	12.6	12.6	0
1836	2023-04-05	12.6	12.6	12.6	12.6	0
1837	2023-04-06	12.6	12.6	12.6	12.6	0
1838	2023-04-07	12.6	12.6	12.6	12.6	0
1839	2023-04-10	12.6	12.6	12.6	12.6	0
1840	2023-04-11	12.6	12.6	12.6	12.6	0
1841	2023-04-12	12.6	12.6	12.6	12.6	0
1842	2023-04-13	12.6	12.6	12.6	12.6	0
1843	2023-04-14	12.6	12.6	12.6	12.6	0
1844	2023-04-17	17.58	17.58	17.58	17.58	200
1845	2023-04-18	15.01	15.01	15.01	15.01	1100
1846	2023-04-19	17.19	17.19	15.01	17.19	2200
1847	2023-04-20	16.95	16.95	16.95	16.95	0
1848	2023-04-21	16.95	16.95	16.95	16.95	0
1849	2023-04-24	16.95	16.95	16.95	16.95	0
1850	2023-04-25	16.95	16.95	16.95	16.95	0
1851	2023-04-26	16.95	16.95	16.95	16.95	0
1852	2023-04-27	16.95	16.95	16.95	16.95	0
1853	2023-04-28	16.95	16.95	16.95	16.95	0
1854	2023-05-04	16.95	16.95	16.95	16.95	0
1855	2023-05-05	16.95	16.95	16.72	16.72	5400
1856	2023-05-08	16.95	16.95	16.95	16.95	0
1857	2023-05-09	16.33	16.95	16.33	16.95	2100
1858	2023-05-10	13.92	16.8	13.92	16.8	1000
1859	2023-05-11	14.15	14.15	14.15	14.15	100
1860	2023-05-12	16.25	16.25	16.25	16.25	100
1861	2023-05-15	16.25	16.25	16.25	16.25	1
1862	2023-05-16	16.25	16.25	16.25	16.25	0
1863	2023-05-17	16.25	16.25	16.25	16.25	0
1864	2023-05-18	16.25	16.25	16.25	16.25	0
1865	2023-05-19	14.08	14.08	14.08	14.08	100
1866	2023-05-22	16.18	16.18	16.18	16.18	100
1867	2023-05-23	14.08	14.08	14.08	14.08	100
1868	2023-05-24	13.45	16.18	13.45	16.18	200
1869	2023-05-25	13.45	16.18	13.45	16.18	200
1870	2023-05-26	13.45	13.45	13.45	13.45	100
1871	2023-05-29	15.4	15.4	15.4	15.4	200
1872	2023-05-30	13.45	15.94	13.45	15.94	200
1873	2023-05-31	14.7	14.7	14.7	14.7	0
1874	2023-06-01	14.7	14.7	14.7	14.7	0
1875	2023-06-02	15.94	15.94	15.94	15.94	100
1876	2023-06-05	13.84	18.28	13.84	18.28	400
1877	2023-06-06	14.7	14.7	14.7	14.7	100
1878	2023-06-07	16.02	16.02	16.02	16.02	100
1879	2023-06-08	14.08	14.08	14.08	14.08	100
1880	2023-06-09	16.18	16.18	16.18	16.18	100
1881	2023-06-12	13.77	16.18	13.77	16.18	200
1882	2023-06-13	15.01	15.01	15.01	15.01	0
1883	2023-06-14	16.18	16.18	16.18	16.18	100
1884	2023-06-15	14.08	14.08	14.08	14.08	100
1885	2023-06-16	14.08	14.08	14.08	14.08	0
1886	2023-06-19	16.18	16.18	15.94	16.18	700
1887	2023-06-20	14.0	14.0	14.0	14.0	100
1888	2023-06-21	14.0	14.0	14.0	14.0	0
1889	2023-06-22	16.08	16.08	16.08	16.08	100
1890	2023-06-23	13.75	13.75	13.75	13.75	100
1891	2023-06-26	13.75	13.75	13.75	13.75	0
1892	2023-06-27	13.75	13.75	13.75	13.75	0
1893	2023-06-28	13.75	13.75	13.75	13.75	0
1894	2023-06-29	13.75	13.75	13.75	13.75	0
1895	2023-06-30	13.75	13.75	13.75	13.75	0
1896	2023-07-03	13.75	13.75	13.75	13.75	0
1897	2023-07-04	13.75	13.75	13.75	13.75	0
1898	2023-07-05	13.75	13.75	13.75	13.75	0
1899	2023-07-06	13.75	13.75	13.75	13.75	0
1900	2023-07-07	13.75	13.75	13.75	13.75	0
1901	2023-07-10	13.75	13.75	13.75	13.75	0
1902	2023-07-11	13.75	13.75	13.75	13.75	0
1903	2023-07-12	13.75	13.75	13.75	13.75	0
1904	2023-07-13	13.75	13.75	13.75	13.75	0
1905	2023-07-14	13.75	13.75	13.75	13.75	0
1906	2023-07-17	13.75	13.75	13.75	13.75	0
1907	2023-07-18	13.75	13.75	13.75	13.75	0
1908	2023-07-19	13.75	13.75	13.75	13.75	0
1909	2023-07-20	13.75	13.75	13.75	13.75	0
1910	2023-07-21	13.75	13.75	13.75	13.75	0
1911	2023-07-24	13.75	13.75	13.75	13.75	0
1912	2023-07-25	13.75	13.75	13.75	13.75	0
1913	2023-07-26	13.75	13.75	13.75	13.75	0
1914	2023-07-27	13.75	13.75	13.75	13.75	0
1915	2023-07-28	13.75	13.75	13.75	13.75	0
1916	2023-07-31	13.75	13.75	13.75	13.75	0
1917	2023-08-01	13.75	13.75	13.75	13.75	0
1918	2023-08-02	13.75	13.75	13.75	13.75	0
1919	2023-08-03	13.75	13.75	13.75	13.75	0
1920	2023-08-04	13.75	13.75	13.75	13.75	0
1921	2023-08-07	13.75	13.75	13.75	13.75	0
1922	2023-08-08	13.75	13.75	13.75	13.75	0
1923	2023-08-09	13.75	13.75	13.75	13.75	0
1924	2023-08-10	13.75	13.75	13.75	13.75	0
1925	2023-08-11	13.75	13.75	13.75	13.75	0
1926	2023-08-14	13.75	13.75	13.75	13.75	0
1927	2023-08-15	13.75	13.75	13.75	13.75	0
1928	2023-08-16	13.75	13.75	13.75	13.75	0
1929	2023-08-17	13.75	13.75	13.75	13.75	0
1930	2023-08-18	13.75	13.75	13.75	13.75	0
1931	2023-08-21	13.75	13.75	13.75	13.75	0
1932	2023-08-22	13.75	13.75	13.75	13.75	0
1933	2023-08-23	13.75	13.75	13.75	13.75	0
1934	2023-08-24	13.75	13.75	13.75	13.75	0
1935	2023-08-25	13.75	13.75	13.75	13.75	0
1936	2023-08-28	13.75	13.75	13.75	13.75	0
1937	2023-08-29	13.75	13.75	13.75	13.75	0
1938	2023-08-30	13.75	13.75	13.75	13.75	0
1939	2023-08-31	13.75	13.75	13.75	13.75	0
1940	2023-09-05	13.75	13.75	13.75	13.75	0
1941	2023-09-06	13.75	13.75	13.75	13.75	0
1942	2023-09-07	13.75	13.75	13.75	13.75	0
1943	2023-09-08	13.75	13.75	13.75	13.75	0
1944	2023-09-11	13.75	13.75	13.75	13.75	0
1945	2023-09-12	13.75	13.75	13.75	13.75	0
1946	2023-09-13	13.75	13.75	13.75	13.75	0
1947	2023-09-14	13.75	13.75	13.75	13.75	0
1948	2023-09-15	13.75	13.75	13.75	13.75	0
1949	2023-09-18	13.75	13.75	13.75	13.75	0
1950	2023-09-19	13.75	13.75	13.75	13.75	0
1951	2023-09-20	13.75	13.75	13.75	13.75	0
1952	2023-09-21	13.75	13.75	13.75	13.75	0
1953	2023-09-22	13.75	13.75	13.75	13.75	0
1954	2023-09-25	13.75	13.75	13.75	13.75	0
1955	2023-09-26	13.75	13.75	13.75	13.75	0
1956	2023-09-27	13.75	13.75	13.75	13.75	0
1957	2023-09-28	13.75	13.75	13.75	13.75	0
1958	2023-09-29	13.75	13.75	13.75	13.75	0
1959	2023-10-02	13.75	13.75	13.75	13.75	0
1960	2023-10-03	13.75	13.75	13.75	13.75	0
1961	2023-10-04	13.75	13.75	13.75	13.75	0
1962	2023-10-05	13.75	13.75	13.75	13.75	0
1963	2023-10-06	13.75	13.75	13.75	13.75	0
1964	2023-10-09	13.75	13.75	13.75	13.75	0
1965	2023-10-10	13.75	13.75	13.75	13.75	0
1966	2023-10-11	13.75	13.75	13.75	13.75	0
1967	2023-10-12	13.75	13.75	13.75	13.75	0
1968	2023-10-13	13.75	13.75	13.75	13.75	0
1969	2023-10-16	13.75	13.75	13.75	13.75	0
1970	2023-10-17	13.75	13.75	13.75	13.75	0
1971	2023-10-18	13.75	13.75	13.75	13.75	0
1972	2023-10-19	13.75	13.75	13.75	13.75	0
1973	2023-10-20	13.75	13.75	13.75	13.75	0
1974	2023-10-23	13.75	13.75	13.75	13.75	0
1975	2023-10-24	13.75	13.75	13.75	13.75	0
1976	2023-10-25	13.75	13.75	13.75	13.75	0
1977	2023-10-26	13.75	13.75	13.75	13.75	0
1978	2023-10-27	13.75	13.75	13.75	13.75	0
1979	2023-10-30	13.75	13.75	13.75	13.75	0
1980	2023-10-31	13.75	13.75	13.75	13.75	0
1981	2023-11-01	13.75	13.75	13.75	13.75	0
1982	2023-11-02	13.75	13.75	13.75	13.75	0
1983	2023-11-03	13.75	13.75	13.75	13.75	0
1984	2023-11-06	13.75	13.75	13.75	13.75	0
1985	2023-11-07	13.75	13.75	13.75	13.75	0
1986	2023-11-08	13.75	13.75	13.75	13.75	0
1987	2023-11-09	13.75	13.75	13.75	13.75	0
1988	2023-11-10	13.75	13.75	13.75	13.75	0
1989	2023-11-13	13.75	13.75	13.75	13.75	0
1990	2023-11-14	13.75	13.75	13.75	13.75	0
1991	2023-11-15	13.75	13.75	13.75	13.75	0
1992	2023-11-16	13.75	13.75	13.75	13.75	0
1993	2023-11-17	13.75	13.75	13.75	13.75	0
1994	2023-11-20	13.75	13.75	13.75	13.75	0
1995	2023-11-21	13.75	13.75	13.75	13.75	0
1996	2023-11-22	13.75	13.75	13.75	13.75	0
1997	2023-11-23	13.75	13.75	13.75	13.75	0
1998	2023-11-24	13.75	13.75	13.75	13.75	0
1999	2023-11-27	13.75	13.75	13.75	13.75	0
2000	2023-11-28	13.75	13.75	13.75	13.75	0
2001	2023-11-29	13.75	13.75	13.75	13.75	0
2002	2023-11-30	13.75	13.75	13.75	13.75	0
2003	2023-12-01	13.75	13.75	13.75	13.75	0
2004	2023-12-04	13.75	13.75	13.75	13.75	0
2005	2023-12-05	13.75	13.75	13.75	13.75	0
2006	2023-12-06	13.75	13.75	13.75	13.75	0
2007	2023-12-07	13.75	13.75	13.75	13.75	0
2008	2023-12-08	13.75	13.75	13.75	13.75	0
2009	2023-12-11	13.75	13.75	13.75	13.75	0
2010	2023-12-12	13.75	13.75	13.75	13.75	0
2011	2023-12-13	13.75	13.75	13.75	13.75	0
2012	2023-12-14	13.75	13.75	13.75	13.75	0
2013	2023-12-15	13.75	13.75	13.75	13.75	0
2014	2023-12-18	13.75	13.75	13.75	13.75	0
2015	2023-12-19	13.75	13.75	13.75	13.75	0
2016	2023-12-20	13.75	13.75	13.75	13.75	0
2017	2023-12-21	13.75	13.75	13.75	13.75	0
2018	2023-12-22	13.75	13.75	13.75	13.75	0
2019	2023-12-25	13.75	13.75	13.75	13.75	0
2020	2023-12-26	13.75	13.75	13.75	13.75	0
2021	2023-12-27	13.75	13.75	13.75	13.75	0
2022	2023-12-28	13.75	13.75	13.75	13.75	0
2023	2023-12-29	12.5	12.5	12.5	12.5	2700
2024	2024-01-02	12.5	12.5	12.5	12.5	0
2025	2024-01-03	12.5	12.5	12.5	12.5	0
2026	2024-01-04	12.5	12.5	12.5	12.5	0
2027	2024-01-05	12.5	12.5	12.5	12.5	0
2028	2024-01-08	12.5	12.5	12.5	12.5	0
2029	2024-01-09	12.5	12.5	12.5	12.5	0
2030	2024-01-10	12.5	12.5	12.5	12.5	0
2031	2024-01-11	12.5	12.5	12.5	12.5	0
2032	2024-01-12	12.5	12.5	12.5	12.5	0
2033	2024-01-15	12.5	12.5	12.5	12.5	0
2034	2024-01-16	12.5	12.5	12.5	12.5	0
2035	2024-01-17	12.5	12.5	12.5	12.5	0
2036	2024-01-18	12.5	12.5	12.5	12.5	0
2037	2024-01-19	12.5	12.5	12.5	12.5	0
2038	2024-01-22	12.5	12.5	12.5	12.5	0
2039	2024-01-23	12.5	12.5	12.5	12.5	0
2040	2024-01-24	12.5	12.5	12.5	12.5	0
2041	2024-01-25	12.5	12.5	12.5	12.5	0
2042	2024-01-26	12.5	12.5	12.5	12.5	0
2043	2024-01-29	12.5	12.5	12.5	12.5	0
2044	2024-01-30	12.5	12.5	12.5	12.5	0
2045	2024-01-31	12.5	12.5	12.5	12.5	0
2046	2024-02-01	12.5	12.5	12.5	12.5	0
2047	2024-02-02	12.5	12.5	12.5	12.5	0
2048	2024-02-05	12.5	12.5	12.5	12.5	0
2049	2024-02-06	12.5	12.5	12.5	12.5	0
2050	2024-02-07	12.5	12.5	12.5	12.5	0
2051	2024-02-15	12.5	12.5	12.5	12.5	0
2052	2024-02-16	12.5	12.5	12.5	12.5	0
2053	2024-02-19	12.5	12.5	12.5	12.5	0
2054	2024-02-20	12.5	12.5	12.5	12.5	0
2055	2024-02-21	12.5	12.5	12.5	12.5	0
2056	2024-02-22	12.5	12.5	12.5	12.5	0
2057	2024-02-23	12.5	12.5	12.5	12.5	0
2058	2024-02-26	12.5	12.5	12.5	12.5	0
2059	2024-02-27	12.5	12.5	12.5	12.5	0
2060	2024-02-28	12.5	12.5	12.5	12.5	0
2061	2024-02-29	12.5	12.5	12.5	12.5	0
2062	2024-03-01	12.5	12.5	12.5	12.5	0
2063	2024-03-04	12.5	12.5	12.5	12.5	0
2064	2024-03-05	12.5	12.5	12.5	12.5	0
2065	2024-03-06	12.5	12.5	12.5	12.5	0
2066	2024-03-07	12.5	12.5	12.5	12.5	0
2067	2024-03-08	12.5	12.5	12.5	12.5	0
2068	2024-03-11	12.5	12.5	12.5	12.5	0
2069	2024-03-12	12.5	12.5	12.5	12.5	0
2070	2024-03-13	12.5	12.5	12.5	12.5	0
2071	2024-03-14	12.5	12.5	12.5	12.5	0
2072	2024-03-15	12.5	12.5	12.5	12.5	0
2073	2024-03-18	12.5	12.5	12.5	12.5	0
2074	2024-03-19	12.5	12.5	12.5	12.5	0
2075	2024-03-20	12.5	12.5	12.5	12.5	0
2076	2024-03-21	12.5	12.5	12.5	12.5	0
2077	2024-03-22	12.5	12.5	12.5	12.5	0
2078	2024-03-25	12.5	12.5	12.5	12.5	0
2079	2024-03-26	12.5	12.5	12.5	12.5	0
2080	2024-03-27	12.5	12.5	12.5	12.5	0
2081	2024-03-28	12.5	12.5	12.5	12.5	0
2082	2024-03-29	12.5	12.5	12.5	12.5	0
2083	2024-04-01	12.5	12.5	12.5	12.5	0
2084	2024-04-02	12.5	12.5	12.5	12.5	0
2085	2024-04-03	12.5	12.5	12.5	12.5	0
2086	2024-04-04	12.5	12.5	12.5	12.5	0
2087	2024-04-05	12.5	12.5	12.5	12.5	0
2088	2024-04-08	12.5	12.5	12.5	12.5	0
2089	2024-04-09	12.5	12.5	12.5	12.5	0
2090	2024-04-10	12.5	12.5	12.5	12.5	0
2091	2024-04-11	12.5	12.5	12.5	12.5	0
2092	2024-04-12	12.5	12.5	12.5	12.5	0
2093	2024-04-15	12.5	12.5	12.5	12.5	0
2094	2024-04-16	12.5	12.5	12.5	12.5	0
2095	2024-04-17	12.5	12.5	12.5	12.5	0
2096	2024-04-19	12.5	12.5	12.5	12.5	0
2097	2024-04-22	12.5	12.5	12.5	12.5	0
2098	2024-04-23	12.5	12.5	12.5	12.5	0
2099	2024-04-24	12.5	12.5	12.5	12.5	0
2100	2024-04-25	12.5	12.5	12.5	12.5	0
2101	2024-04-26	12.5	12.5	12.5	12.5	0
2102	2024-05-02	12.5	12.5	12.5	12.5	0
2103	2024-05-03	12.5	12.5	12.5	12.5	0
2104	2024-05-06	12.5	12.5	12.5	12.5	0
2105	2024-05-07	12.5	12.5	12.5	12.5	0
2106	2024-05-08	12.5	12.5	12.5	12.5	0
2107	2024-05-09	12.5	12.5	12.5	12.5	0
2108	2024-05-10	12.5	12.5	12.5	12.5	0
2109	2024-05-13	12.5	12.5	12.5	12.5	0
2110	2024-05-14	15.0	15.0	15.0	15.0	4900
2111	2024-05-15	15.0	15.0	15.0	15.0	0
2112	2024-05-16	15.0	15.0	15.0	15.0	0
2113	2024-05-17	15.0	15.0	15.0	15.0	0
2114	2024-05-20	15.0	15.0	15.0	15.0	0
2115	2024-05-21	15.0	15.0	15.0	15.0	0
2116	2024-05-22	15.0	15.0	15.0	15.0	0
2117	2024-05-23	15.0	15.0	15.0	15.0	0
2118	2024-05-24	15.0	15.0	15.0	15.0	0
2119	2024-05-27	15.0	15.0	15.0	15.0	0
2120	2024-05-28	15.0	15.0	15.0	15.0	0
2121	2024-05-29	15.0	15.0	15.0	15.0	0
2122	2024-05-30	15.0	15.0	15.0	15.0	0
2123	2024-05-31	15.0	15.0	15.0	15.0	0
2124	2024-06-03	15.0	15.0	15.0	15.0	0
2125	2024-06-04	15.0	15.0	15.0	15.0	0
2126	2024-06-05	15.0	15.0	15.0	15.0	0
2127	2024-06-06	15.0	15.0	15.0	15.0	0
2128	2024-06-07	15.0	15.0	15.0	15.0	0
2129	2024-06-10	15.0	15.0	15.0	15.0	0
2130	2024-06-11	15.0	15.0	15.0	15.0	0
2131	2024-06-12	15.0	15.0	15.0	15.0	0
2132	2024-06-13	15.0	15.0	15.0	15.0	0
2133	2024-06-14	15.0	15.0	15.0	15.0	0
2134	2024-06-17	15.0	15.0	15.0	15.0	0
2135	2024-06-18	15.0	15.0	15.0	15.0	0
2136	2024-06-19	15.0	15.0	15.0	15.0	0
2137	2024-06-20	15.0	15.0	15.0	15.0	0
2138	2024-06-21	15.0	15.0	15.0	15.0	0
2139	2024-06-24	15.0	15.0	15.0	15.0	0
2140	2024-06-25	15.0	15.0	15.0	15.0	0
2141	2024-06-26	15.0	15.0	15.0	15.0	0
2142	2024-06-27	15.0	15.0	15.0	15.0	0
2143	2024-06-28	15.0	15.0	15.0	15.0	0
2144	2024-07-01	15.0	15.0	15.0	15.0	0
2145	2024-07-02	15.0	15.0	15.0	15.0	0
2146	2024-07-03	15.0	15.0	15.0	15.0	0
2147	2024-07-04	15.0	15.0	15.0	15.0	0
2148	2024-07-05	15.0	15.0	15.0	15.0	0
2149	2024-07-08	15.0	15.0	15.0	15.0	0
2150	2024-07-09	15.0	15.0	15.0	15.0	0
2151	2024-07-10	15.0	15.0	15.0	15.0	0
2152	2024-07-11	15.0	15.0	15.0	15.0	0
2153	2024-07-12	15.0	15.0	15.0	15.0	0
2154	2024-07-15	15.0	15.0	15.0	15.0	0
2155	2024-07-16	19.0	19.0	19.0	19.0	100
2156	2024-07-17	19.0	19.0	19.0	19.0	0
2157	2024-07-18	19.0	19.0	19.0	19.0	0
2158	2024-07-19	19.0	19.0	19.0	19.0	0
2159	2024-07-22	19.0	19.0	19.0	19.0	0
2160	2024-07-23	19.0	19.0	19.0	19.0	0
2161	2024-07-24	19.0	19.0	19.0	19.0	0
2162	2024-07-25	21.8	21.8	21.8	21.8	100
2163	2024-07-26	18.6	18.6	18.6	18.6	100
2164	2024-09-19	26.0	26.0	26.0	26.0	100
2165	2024-09-20	22.5	29.9	22.5	29.9	200
2166	2024-09-23	22.6	22.6	22.6	22.6	100
2167	2024-09-25	25.9	25.9	25.9	25.9	100
2168	2024-09-26	23.2	29.7	23.2	29.7	300
2169	2024-09-27	24.1	24.1	24.1	24.1	100
2170	2024-09-30	27.7	27.7	27.7	27.7	100
2171	2024-10-01	27.7	31.8	27.7	31.8	300
2172	2024-10-02	29.0	29.0	29.0	29.0	100
2173	2024-10-17	28.0	28.0	28.0	28.0	19000
2174	2024-10-21	28.0	28.0	28.0	28.0	100
2175	2024-10-29	28.0	32.2	28.0	32.2	600
2176	2024-10-30	34.6	34.6	34.6	34.6	300
2177	2024-11-01	35.6	35.6	35.6	35.6	100
2178	2024-11-04	30.3	33.0	30.3	33.0	300
2179	2024-11-11	34.1	34.1	34.1	34.1	100
2180	2024-11-12	29.4	29.4	29.4	29.4	100
2181	2024-11-13	33.8	33.8	33.8	33.8	100
2182	2024-11-14	29.6	31.7	29.6	31.7	400
2183	2024-11-19	32.3	32.3	32.3	32.3	200
2184	2024-11-20	31.0	31.0	31.0	31.0	100
2185	2024-11-27	31.2	31.2	31.2	31.2	300
2186	2024-12-09	35.5	35.5	35.5	35.5	100
2187	2024-12-10	30.6	30.6	30.6	30.6	100
2188	2024-12-16	34.1	34.1	34.1	34.1	100
2189	2024-12-17	30.5	33.9	30.5	33.0	300
2190	2024-12-31	37.0	37.0	37.0	37.0	500
2191	2025-01-02	33.0	33.0	33.0	33.0	100
2192	2025-01-06	28.2	31.0	28.2	31.0	200
2193	2025-01-10	32.1	32.1	32.1	32.1	100
2194	2025-01-13	32.0	32.0	32.0	32.0	100
2195	2025-02-03	33.1	33.1	33.1	33.1	100
2196	2025-02-04	31.5	31.5	31.5	31.5	100
2197	2025-02-11	33.0	33.0	33.0	33.0	100
2198	2025-02-12	32.1	34.1	32.1	34.1	300
2199	2025-02-19	38.3	38.3	35.4	35.4	200
2200	2025-02-20	35.2	35.2	35.2	35.2	100
2201	2025-02-24	40.4	40.4	40.4	40.4	100
2202	2025-02-27	45.0	45.0	39.0	39.0	200
2203	2025-02-28	41.0	48.0	41.0	48.0	200
2204	2025-03-03	42.0	42.0	42.0	42.0	100
2205	2025-03-06	42.0	42.0	42.0	42.0	100
2206	2025-03-10	48.0	48.0	48.0	48.0	100
2207	2025-03-11	41.1	41.1	41.1	41.1	100
2208	2025-03-14	44.0	44.0	44.0	44.0	400
2209	2025-03-17	41.3	47.2	41.3	47.2	200
2210	2025-03-18	41.6	46.0	41.6	46.0	200
2211	2025-03-19	42.0	46.0	42.0	46.0	200
2212	2025-03-20	41.6	46.1	41.6	46.1	200
2213	2025-03-24	43.5	50.0	43.5	50.0	900
2214	2025-03-25	42.1	52.0	42.1	52.0	200
2215	2025-03-26	42.5	52.0	42.5	51.9	300
2216	2025-03-27	44.0	44.0	44.0	44.0	100
2217	2025-04-01	48.0	48.0	48.0	48.0	100
