	time	open	high	low	close	volume
0	2017-02-06	24.08	0.0	0.0	0.0	0
1	2017-02-07	24.08	0.0	0.0	0.0	0
2	2017-02-08	24.08	0.0	0.0	0.0	0
3	2017-02-09	33.71	33.71	26.15	26.15	10000
4	2017-02-10	26.15	26.15	26.15	26.15	0
5	2017-02-13	26.15	26.15	26.15	26.15	0
6	2017-02-14	26.15	26.15	26.15	26.15	0
7	2017-02-15	30.1	30.1	30.1	30.1	100
8	2017-02-16	30.1	30.1	30.1	30.1	0
9	2017-02-17	27.76	31.44	27.76	31.44	4000
10	2017-02-20	28.43	28.43	28.43	28.43	1500
11	2017-02-21	28.43	28.43	28.43	28.43	0
12	2017-02-22	28.43	28.43	28.43	28.43	0
13	2017-02-23	30.1	31.1	30.1	31.1	2500
14	2017-02-24	31.1	31.1	31.1	31.1	0
15	2017-02-27	26.15	26.15	26.15	26.15	200
16	2017-02-28	30.03	30.03	22.27	30.03	4800
17	2017-03-01	30.03	30.03	30.03	30.03	0
18	2017-03-02	30.03	30.03	30.03	30.03	0
19	2017-03-03	30.03	30.03	30.03	30.03	0
20	2017-03-06	26.89	26.89	26.89	26.89	100
21	2017-03-07	30.9	30.9	26.89	26.89	3300
22	2017-03-08	26.89	26.89	26.89	26.89	0
23	2017-03-09	26.89	26.89	26.89	26.89	0
24	2017-03-10	26.89	26.89	26.89	26.89	0
25	2017-03-13	26.89	26.89	26.89	26.89	0
26	2017-03-14	33.45	33.45	33.45	33.45	100
27	2017-03-15	33.45	33.45	33.45	33.45	0
28	2017-03-16	33.45	33.45	33.45	33.45	0
29	2017-03-17	28.43	28.43	28.43	28.43	100
30	2017-03-20	27.16	27.16	27.16	27.16	200
31	2017-03-21	31.17	31.17	27.16	31.17	200
32	2017-03-22	33.45	33.45	33.45	33.45	800
33	2017-03-23	33.45	33.45	33.45	33.45	0
34	2017-03-24	28.5	28.5	28.5	28.5	100
35	2017-03-27	28.5	28.5	28.5	28.5	0
36	2017-03-28	28.5	28.5	28.5	28.5	0
37	2017-03-29	32.71	32.71	32.71	32.71	1000
38	2017-03-30	33.45	33.45	33.45	33.45	700
39	2017-03-31	33.45	33.45	33.45	33.45	0
40	2017-04-03	33.45	33.45	33.45	33.45	0
41	2017-04-04	32.31	32.31	32.31	32.31	100
42	2017-04-05	32.31	32.31	32.31	32.31	0
43	2017-04-07	27.76	27.76	27.76	27.76	200
44	2017-04-10	31.91	31.91	31.91	31.91	100
45	2017-04-11	31.91	31.91	31.91	31.91	0
46	2017-04-12	31.91	31.91	31.91	31.91	0
47	2017-04-13	31.91	31.91	31.91	31.91	0
48	2017-04-14	31.91	31.91	31.91	31.91	0
49	2017-04-17	33.11	33.11	33.11	33.11	100
50	2017-04-18	33.11	33.11	33.11	33.11	0
51	2017-04-19	33.11	33.11	33.11	33.11	0
52	2017-04-20	33.11	33.11	33.11	33.11	0
53	2017-04-21	33.11	33.11	33.11	33.11	0
54	2017-04-24	33.11	33.11	33.11	33.11	0
55	2017-04-25	33.11	33.11	33.11	33.11	0
56	2017-04-26	33.45	33.45	33.38	33.38	1000
57	2017-04-27	33.45	33.45	33.45	33.45	0
58	2017-04-28	33.71	33.71	33.71	33.71	200
59	2017-05-03	33.71	33.71	33.71	33.71	0
60	2017-05-04	33.38	33.38	33.24	33.24	1000
61	2017-05-05	33.31	33.31	33.31	33.31	0
62	2017-05-08	33.31	33.31	33.31	33.31	0
63	2017-05-09	33.31	33.31	33.31	33.31	0
64	2017-05-10	33.31	33.31	33.31	33.31	0
65	2017-05-11	33.31	33.31	33.31	33.31	0
66	2017-05-12	33.31	33.31	33.31	33.31	0
67	2017-05-15	33.31	33.31	33.31	33.31	0
68	2017-05-16	33.31	33.31	33.31	33.31	0
69	2017-05-17	33.31	33.31	33.31	33.31	0
70	2017-05-18	33.11	33.11	33.11	33.11	500
71	2017-05-19	33.11	33.11	33.11	33.11	0
72	2017-05-22	33.11	33.11	33.11	33.11	0
73	2017-05-23	34.13	34.47	34.13	34.47	1400
74	2017-05-24	34.13	34.13	34.13	34.13	0
75	2017-05-25	34.13	34.13	34.13	34.13	0
76	2017-05-26	34.13	34.13	34.13	34.13	500
77	2017-05-29	34.13	34.13	34.13	34.13	0
78	2017-05-30	34.06	34.13	34.06	34.13	800
79	2017-05-31	34.06	34.06	34.06	34.06	0
80	2017-06-01	34.13	34.13	33.45	33.45	1500
81	2017-06-02	33.93	33.93	33.79	33.79	1300
82	2017-06-05	34.13	34.13	34.13	34.13	2200
83	2017-06-06	29.35	33.45	29.35	33.45	3200
84	2017-06-07	32.08	32.08	32.08	32.08	100
85	2017-06-08	32.08	34.13	32.08	34.13	9200
86	2017-06-09	30.72	30.72	30.72	30.72	300
87	2017-06-12	30.72	30.72	30.72	30.72	1000
88	2017-06-13	30.72	30.72	30.72	30.72	0
89	2017-06-14	30.72	33.45	30.72	33.45	1200
90	2017-06-15	31.2	31.2	31.2	31.2	0
91	2017-06-16	30.72	32.08	30.72	32.08	400
92	2017-06-19	33.65	33.65	33.65	33.65	500
93	2017-06-20	32.77	32.77	32.77	32.77	1000
94	2017-06-21	32.77	32.77	32.77	32.77	600
95	2017-06-22	32.77	32.83	32.77	32.83	5900
96	2017-06-23	32.77	32.77	32.77	32.77	0
97	2017-06-26	33.45	33.45	33.45	33.45	1400
98	2017-06-27	33.45	33.45	33.45	33.45	1000
99	2017-06-28	33.45	33.45	33.45	33.45	1500
100	2017-06-29	33.45	33.45	33.45	33.45	0
101	2017-06-30	32.77	32.77	32.77	32.77	1000
102	2017-07-03	32.77	32.77	32.77	32.77	0
103	2017-07-04	32.77	32.77	32.77	32.77	0
104	2017-07-05	31.4	31.4	31.4	31.4	2000
105	2017-07-06	31.4	31.4	31.4	31.4	900
106	2017-07-07	31.4	31.4	31.4	31.4	0
107	2017-07-10	31.4	31.4	31.4	31.4	0
108	2017-07-11	31.4	31.4	31.4	31.4	0
109	2017-07-12	31.4	31.4	31.4	31.4	0
110	2017-07-13	31.4	31.4	31.4	31.4	0
111	2017-07-14	31.4	31.4	31.4	31.4	0
112	2017-07-17	31.4	31.4	31.4	31.4	0
113	2017-07-18	31.4	31.4	31.4	31.4	0
114	2017-07-19	31.4	31.4	31.4	31.4	0
115	2017-07-20	31.4	31.4	31.4	31.4	0
116	2017-07-21	31.4	31.4	31.4	31.4	40000
117	2017-07-24	30.38	30.38	30.38	30.38	100
118	2017-07-25	30.38	30.38	30.38	30.38	0
119	2017-07-26	30.38	30.38	30.38	30.38	0
120	2017-07-27	30.38	30.38	30.38	30.38	0
121	2017-07-28	30.38	30.38	30.38	30.38	0
122	2017-07-31	30.38	30.38	30.38	30.38	0
123	2017-08-01	31.4	31.4	31.4	31.4	500
124	2017-08-02	31.4	31.4	31.4	31.4	0
125	2017-08-03	31.4	31.4	31.4	31.4	0
126	2017-08-04	33.49	33.49	33.49	33.49	2000
127	2017-08-07	33.49	33.49	33.49	33.49	2300
128	2017-08-08	33.49	33.49	33.49	33.49	2000
129	2017-08-09	33.49	33.49	33.49	33.49	4100
130	2017-08-10	32.17	32.17	32.17	32.17	100
131	2017-08-11	33.49	33.49	33.49	33.49	2000
132	2017-08-14	33.49	33.49	33.49	33.49	5000
133	2017-08-15	33.49	33.49	33.49	33.49	0
134	2017-08-16	31.54	32.17	31.54	32.17	16800
135	2017-08-17	32.79	32.79	32.79	32.79	1000
136	2017-08-18	32.79	32.79	32.79	32.79	300
137	2017-08-21	32.79	32.79	32.79	32.79	1000
138	2017-08-22	32.79	32.79	32.79	32.79	0
139	2017-08-23	32.45	32.45	32.45	32.45	900
140	2017-08-24	32.45	32.45	32.45	32.45	0
141	2017-08-25	32.1	32.1	32.1	32.1	17500
142	2017-08-28	32.1	32.1	32.1	32.1	0
143	2017-08-29	32.1	32.1	32.1	32.1	1100
144	2017-08-30	32.1	32.1	32.1	32.1	100
145	2017-08-31	32.1	32.1	32.1	32.1	0
146	2017-09-01	32.1	32.1	32.1	32.1	1000
147	2017-09-05	32.1	32.1	32.1	32.1	2000
148	2017-09-06	32.1	32.1	32.1	32.1	100
149	2017-09-07	32.1	32.1	32.1	32.1	1000
150	2017-09-08	32.1	32.1	32.1	32.1	0
151	2017-09-11	32.1	32.1	32.1	32.1	100
152	2017-09-12	32.1	32.1	32.1	32.1	500
153	2017-09-13	32.1	32.1	32.1	32.1	100
154	2017-09-14	32.1	32.1	32.1	32.1	1000
155	2017-09-15	32.1	32.1	32.1	32.1	100
156	2017-09-18	32.1	32.1	32.1	32.1	0
157	2017-09-19	32.1	32.1	32.1	32.1	0
158	2017-09-20	32.1	32.1	32.1	32.1	0
159	2017-09-21	32.1	32.1	32.1	32.1	0
160	2017-09-22	32.1	32.1	32.1	32.1	100
161	2017-09-25	32.1	32.1	32.1	32.1	0
162	2017-09-26	32.1	32.1	32.1	32.1	0
163	2017-09-27	29.45	29.45	29.45	29.45	100
164	2017-09-28	29.45	29.45	29.45	29.45	0
165	2017-09-29	30.7	31.4	30.7	31.05	31100
166	2017-10-02	31.12	31.12	31.12	31.12	0
167	2017-10-03	31.12	31.12	31.12	31.12	0
168	2017-10-04	31.12	31.12	31.12	31.12	600
169	2017-10-05	31.12	31.12	31.12	31.12	0
170	2017-10-06	31.12	31.12	31.12	31.12	1000
171	2017-10-09	30.77	30.77	30.7	30.7	1400
172	2017-10-10	30.7	30.7	30.7	30.7	0
173	2017-10-11	30.0	30.0	30.0	30.0	100
174	2017-10-12	30.0	30.0	30.0	30.0	0
175	2017-10-13	30.0	30.0	30.0	30.0	0
176	2017-10-16	30.0	30.0	30.0	30.0	0
177	2017-10-17	32.03	32.1	32.03	32.1	900
178	2017-10-18	32.03	32.03	32.03	32.03	0
179	2017-10-19	31.4	31.4	31.4	31.4	300
180	2017-10-20	31.4	31.4	31.4	31.4	100
181	2017-10-23	30.7	30.7	30.7	30.7	2200
182	2017-10-24	30.7	30.7	30.7	30.7	1400
183	2017-10-25	32.1	32.1	32.1	32.1	100
184	2017-10-26	33.49	33.49	33.49	33.49	200
185	2017-10-27	34.19	34.89	34.19	34.89	3400
186	2017-10-30	34.89	34.89	34.89	34.89	400
187	2017-10-31	34.89	34.89	34.89	34.89	1600
188	2017-11-01	34.89	34.89	34.89	34.89	1000
189	2017-11-02	34.89	34.89	34.89	34.89	700
190	2017-11-03	34.89	34.89	34.89	34.89	200
191	2017-11-06	34.89	34.89	34.89	34.89	0
192	2017-11-07	34.89	34.89	34.89	34.89	0
193	2017-11-08	36.28	36.28	36.28	36.28	100
194	2017-11-09	36.42	37.68	36.42	37.68	700
195	2017-11-10	37.47	37.47	37.47	37.47	0
196	2017-11-13	37.47	37.47	37.47	37.47	0
197	2017-11-14	37.47	37.47	37.47	37.47	0
198	2017-11-15	37.47	37.47	37.47	37.47	900
199	2017-11-16	37.54	37.54	37.54	37.54	700
200	2017-11-17	38.1	39.07	38.1	38.38	1500
201	2017-11-20	38.87	39.77	38.87	39.77	1100
202	2017-11-21	38.94	38.94	38.87	38.87	1400
203	2017-11-22	38.87	39.07	38.87	39.0	4700
204	2017-11-23	39.42	39.63	39.42	39.63	6000
205	2017-11-24	39.63	39.77	39.63	39.77	3100
206	2017-11-27	40.4	40.4	40.4	40.4	500
207	2017-11-28	42.56	42.56	42.56	42.56	100
208	2017-11-29	48.91	48.91	48.91	48.91	100
209	2017-11-30	42.63	42.63	42.63	42.63	200
210	2017-12-01	42.63	42.91	42.63	42.91	1600
211	2017-12-04	42.77	42.77	42.77	42.77	0
212	2017-12-05	42.63	42.63	42.63	42.63	18800
213	2017-12-06	42.63	42.63	42.63	42.63	0
214	2017-12-07	42.63	42.63	42.63	42.63	0
215	2017-12-08	42.63	42.63	42.63	42.63	0
216	2017-12-11	42.91	42.91	42.91	42.91	200
217	2017-12-12	42.91	42.91	42.91	42.91	0
218	2017-12-13	42.91	42.91	42.91	42.91	0
219	2017-12-14	42.91	42.91	42.91	42.91	0
220	2017-12-15	42.91	42.91	42.91	42.91	0
221	2017-12-18	42.91	42.91	42.91	42.91	0
222	2017-12-19	42.91	42.91	42.91	42.91	0
223	2017-12-20	42.91	42.91	42.91	42.91	0
224	2017-12-21	42.91	42.91	42.91	42.91	0
225	2017-12-22	48.15	48.15	48.15	48.15	1000
226	2017-12-25	48.15	48.15	48.15	48.15	0
227	2017-12-26	48.15	48.15	48.15	48.15	0
228	2017-12-27	48.15	48.15	48.15	48.15	0
229	2017-12-28	48.15	48.15	48.15	48.15	0
230	2017-12-29	48.15	48.15	48.15	48.15	0
231	2018-01-02	48.15	48.15	48.15	48.15	0
232	2018-01-03	41.87	42.91	41.87	42.91	1100
233	2018-01-04	42.56	42.56	42.56	42.56	100
234	2018-01-05	42.56	42.56	42.56	42.56	0
235	2018-01-08	42.56	42.56	42.56	42.56	0
236	2018-01-09	42.56	42.56	42.56	42.56	0
237	2018-01-10	42.56	42.56	42.56	42.56	100
238	2018-01-11	42.56	42.56	42.56	42.56	0
239	2018-01-12	42.56	42.56	42.56	42.56	0
240	2018-01-15	42.56	42.56	42.56	42.56	0
241	2018-01-16	42.56	42.56	42.56	42.56	0
242	2018-01-17	42.92	42.92	42.92	42.92	1000
243	2018-01-18	42.92	42.92	42.92	42.92	0
244	2018-01-19	42.92	42.92	42.92	42.92	0
245	2018-01-22	42.92	42.92	42.92	42.92	0
246	2018-01-23	42.92	42.92	42.92	42.92	0
247	2018-01-24	42.92	42.92	42.92	42.92	0
248	2018-01-25	42.92	42.92	42.92	42.92	0
249	2018-01-26	42.92	42.92	42.92	42.92	0
250	2018-01-29	43.27	43.27	43.27	43.27	200
251	2018-01-30	43.27	43.27	43.27	43.27	0
252	2018-01-31	43.27	43.27	43.27	43.27	0
253	2018-02-01	43.98	43.98	43.98	43.98	400
254	2018-02-02	44.69	44.69	44.69	44.69	600
255	2018-02-05	44.69	44.69	44.69	44.69	0
256	2018-02-06	44.69	45.4	44.69	45.4	700
257	2018-02-07	44.83	44.83	44.83	44.83	1500
258	2018-02-08	44.83	44.9	44.83	44.9	6700
259	2018-02-09	45.4	45.4	45.4	45.4	500
260	2018-02-12	45.4	45.4	45.4	45.4	0
261	2018-02-13	45.4	45.4	45.4	45.4	0
262	2018-02-21	45.05	45.05	44.98	44.98	1600
263	2018-02-22	44.98	44.98	44.98	44.98	0
264	2018-02-23	44.98	45.4	44.98	45.4	600
265	2018-02-26	45.26	45.26	45.26	45.26	0
266	2018-02-27	45.26	45.26	45.26	45.26	0
267	2018-02-28	44.12	45.4	43.98	45.4	8700
268	2018-03-01	43.98	43.98	42.92	42.92	4900
269	2018-03-02	43.27	43.27	43.27	43.27	400
270	2018-03-05	43.27	43.27	43.27	43.27	100
271	2018-03-06	43.63	43.63	43.63	43.63	900
272	2018-03-07	43.63	43.63	43.63	43.63	0
273	2018-03-08	43.63	43.63	43.63	43.63	0
274	2018-03-09	43.63	43.63	43.63	43.63	0
275	2018-03-12	44.34	44.34	44.34	44.34	1100
276	2018-03-13	44.34	44.69	44.34	44.69	1500
277	2018-03-14	45.05	46.11	43.63	45.4	3300
278	2018-03-15	45.19	45.19	43.27	43.27	1200
279	2018-03-16	44.69	44.69	43.27	43.27	15500
280	2018-03-19	43.42	43.42	43.27	43.42	27300
281	2018-03-20	45.4	45.4	45.4	45.4	100
282	2018-03-21	46.11	46.11	46.11	46.11	100
283	2018-03-22	46.11	46.11	43.27	43.27	13600
284	2018-03-23	46.11	46.11	46.11	46.11	100
285	2018-03-26	46.11	46.11	46.11	46.11	100
286	2018-03-27	44.34	44.34	43.27	43.27	3500
287	2018-03-28	46.82	46.82	42.56	42.56	14700
288	2018-03-29	48.95	48.95	48.95	48.95	100
289	2018-03-30	51.79	51.79	51.79	51.79	100
290	2018-04-02	52.42	52.42	44.05	44.05	4500
291	2018-04-03	44.27	44.27	44.27	44.05	16
292	2018-04-04	42.56	42.56	42.56	42.56	200
293	2018-04-05	43.91	43.91	43.91	43.91	100
294	2018-04-06	42.56	42.56	42.56	42.56	1016
295	2018-04-09	43.2	43.2	41.15	41.15	3100
296	2018-04-10	46.11	46.11	42.56	42.56	200
297	2018-04-11	42.56	42.56	42.49	42.49	300
298	2018-04-12	42.56	42.56	42.56	42.56	0
299	2018-04-13	42.56	42.56	42.56	42.56	2100
300	2018-04-16	42.56	42.56	42.56	42.56	0
301	2018-04-17	41.85	41.85	36.82	36.82	4500
302	2018-04-18	46.04	46.04	41.15	41.15	3200
303	2018-04-19	41.43	41.43	39.02	39.02	2600
304	2018-04-20	41.15	41.15	39.09	39.09	1300
305	2018-04-23	41.07	41.07	41.07	41.07	100
306	2018-04-24	43.84	43.84	39.02	39.58	5200
307	2018-04-26	41.0	41.85	41.0	41.78	36600
308	2018-04-27	42.56	43.27	42.56	43.27	6500
309	2018-05-02	42.99	42.99	42.99	42.99	0
310	2018-05-03	46.82	46.82	42.99	42.99	200
311	2018-05-04	44.9	44.9	44.9	44.9	0
312	2018-05-07	39.44	41.85	39.44	41.85	300
313	2018-05-08	41.07	41.07	41.07	41.07	0
314	2018-05-09	41.07	41.07	41.07	41.07	0
315	2018-05-10	41.08	41.08	41.08	41.08	0
316	2018-05-11	41.08	41.08	41.08	41.08	0
317	2018-05-14	40.64	40.64	40.64	40.64	1800
318	2018-05-15	40.64	40.64	40.64	40.64	1200
319	2018-05-16	40.64	40.64	40.64	40.64	0
320	2018-05-17	40.64	40.64	40.64	40.64	0
321	2018-05-18	45.65	45.65	45.65	45.65	100
322	2018-05-21	45.65	45.65	45.65	45.65	0
323	2018-05-22	42.09	42.09	42.09	42.09	200
324	2018-05-23	42.09	42.09	42.09	42.09	500
325	2018-05-24	42.09	42.09	42.09	42.09	2300
326	2018-05-25	42.09	42.09	42.09	42.09	0
327	2018-05-28	42.09	42.09	42.09	42.09	0
328	2018-05-29	42.09	42.09	42.09	42.09	0
329	2018-05-30	42.82	42.82	42.82	42.82	100
330	2018-05-31	42.82	42.82	42.82	42.82	0
331	2018-06-01	42.82	42.82	42.82	42.82	0
332	2018-06-04	42.82	42.82	42.82	42.82	0
333	2018-06-05	42.82	42.82	42.82	42.82	0
334	2018-06-06	42.82	42.82	42.82	42.82	0
335	2018-06-07	42.82	42.82	42.82	42.82	0
336	2018-06-08	42.82	42.82	42.82	42.82	1000
337	2018-06-11	42.82	42.82	42.82	42.82	0
338	2018-06-12	42.09	42.09	42.09	42.09	1000
339	2018-06-13	42.09	42.09	42.09	42.09	0
340	2018-06-14	43.54	43.54	42.09	42.09	1400
341	2018-06-15	43.11	43.11	43.11	43.11	0
342	2018-06-18	43.11	43.11	43.11	43.11	0
343	2018-06-19	39.26	39.26	39.19	39.19	3000
344	2018-06-20	40.64	40.64	40.64	40.64	5000
345	2018-06-21	40.64	40.64	40.64	40.64	500
346	2018-06-22	40.64	40.64	40.64	40.64	0
347	2018-06-25	42.09	42.09	42.09	42.09	100
348	2018-06-26	42.02	42.09	42.02	42.09	1400
349	2018-06-27	42.09	42.09	42.09	42.09	0
350	2018-06-28	42.09	42.09	42.09	42.09	2000
351	2018-06-29	41.73	41.73	41.73	41.73	2000
352	2018-07-02	36.36	40.64	36.29	40.64	2700
353	2018-07-03	37.08	37.08	37.08	37.08	0
354	2018-07-04	41.37	41.37	41.37	41.37	100
355	2018-07-05	41.37	41.37	41.37	41.37	0
356	2018-07-06	41.37	41.37	41.37	41.37	0
357	2018-07-09	41.37	41.37	41.37	41.37	0
358	2018-07-10	41.37	41.37	41.37	41.37	0
359	2018-07-11	39.19	39.19	39.19	39.19	4000
360	2018-07-12	39.19	39.19	39.19	39.19	0
361	2018-07-13	39.19	39.19	39.19	39.19	0
362	2018-07-16	39.19	39.19	39.19	39.19	0
363	2018-07-17	39.19	39.19	39.19	39.19	0
364	2018-07-18	39.19	39.19	39.19	39.19	0
365	2018-07-19	39.19	39.19	39.19	39.19	0
366	2018-07-20	39.19	39.19	39.19	39.19	0
367	2018-07-23	40.64	42.02	40.64	0.0	1500
368	2018-07-24	41.37	41.37	41.37	41.37	200
369	2018-07-25	40.7	40.7	40.7	40.7	1200
370	2018-07-26	39.37	39.37	39.22	39.22	1000
371	2018-07-27	39.29	39.29	39.29	39.29	0
372	2018-07-30	39.29	39.29	39.29	39.29	300
373	2018-07-31	39.29	39.29	39.29	39.29	3000
374	2018-08-01	39.29	39.29	39.29	39.29	0
375	2018-08-02	40.03	40.03	40.03	40.03	800
376	2018-08-03	40.18	40.7	40.03	40.7	2500
377	2018-08-06	40.33	40.33	40.33	40.33	0
378	2018-08-07	41.44	41.44	41.44	41.44	100
379	2018-08-08	41.44	41.44	41.44	41.44	0
380	2018-08-09	39.96	39.96	39.22	39.22	1000
381	2018-08-10	40.7	40.7	40.7	40.7	900
382	2018-08-13	40.7	40.7	40.7	40.7	0
383	2018-08-14	40.7	40.7	40.7	40.7	4700
384	2018-08-15	39.96	39.96	39.96	39.96	1000
385	2018-08-16	39.96	39.96	39.96	39.96	0
386	2018-08-17	40.7	40.7	40.7	40.7	200
387	2018-08-20	41.44	41.44	41.07	41.07	1100
388	2018-08-21	41.44	41.44	41.44	41.44	1000
389	2018-08-22	41.81	41.81	41.81	41.81	100
390	2018-08-23	40.7	40.7	40.7	40.7	500
391	2018-08-24	41.81	41.81	41.81	41.81	100
392	2018-08-27	41.81	41.81	41.81	41.81	200
393	2018-08-28	41.81	41.81	41.81	41.81	0
394	2018-08-29	41.81	41.81	41.81	41.81	100
395	2018-08-30	41.81	41.81	41.81	41.81	0
396	2018-08-31	41.74	41.74	41.74	41.74	1400
397	2018-09-04	41.81	41.81	41.81	41.81	100
398	2018-09-05	41.81	41.81	41.81	41.81	0
399	2018-09-06	41.81	41.81	41.81	41.81	0
400	2018-09-07	41.44	41.44	41.44	41.44	900
401	2018-09-10	41.44	41.44	41.44	41.44	0
402	2018-09-11	40.7	40.7	40.7	40.7	1000
403	2018-09-12	40.7	40.7	40.7	40.7	0
404	2018-09-13	40.7	40.7	40.7	40.7	0
405	2018-09-14	40.7	40.7	40.7	40.7	0
406	2018-09-17	40.7	40.7	40.7	40.7	0
407	2018-09-18	41.44	41.44	41.44	41.44	100
408	2018-09-19	41.44	41.44	41.44	41.44	0
409	2018-09-20	41.44	41.44	41.44	41.44	0
410	2018-09-21	41.44	41.44	41.44	41.44	0
411	2018-09-24	39.29	39.29	39.29	39.29	500
412	2018-09-25	40.85	40.85	40.7	40.7	1000
413	2018-09-26	40.18	40.18	40.18	40.18	200
414	2018-09-27	39.22	39.29	39.22	39.22	10000
415	2018-09-28	41.44	41.44	41.44	41.44	100
416	2018-10-01	42.18	42.18	42.18	42.18	100
417	2018-10-02	42.18	42.18	42.18	42.18	0
418	2018-10-03	39.59	41.81	39.59	41.81	1200
419	2018-10-04	40.33	40.33	40.33	40.33	300
420	2018-10-05	40.33	40.33	40.33	40.33	0
421	2018-10-08	40.33	40.33	40.33	40.33	0
422	2018-10-09	40.33	40.33	40.33	40.33	0
423	2018-10-10	39.29	39.29	39.29	39.29	100
424	2018-10-11	39.29	39.29	39.29	39.29	0
425	2018-10-12	39.29	39.29	39.29	39.29	0
426	2018-10-15	39.29	39.29	39.29	39.29	0
427	2018-10-16	39.29	39.29	39.29	39.29	900
428	2018-10-17	39.29	39.29	39.29	39.29	0
429	2018-10-18	39.29	39.29	39.29	39.29	0
430	2018-10-19	39.29	39.29	39.29	39.29	0
431	2018-10-22	39.29	39.29	39.29	39.29	0
432	2018-10-23	39.29	39.29	39.29	39.29	0
433	2018-10-24	39.29	39.29	39.29	39.29	0
434	2018-10-25	44.4	44.4	44.4	44.4	100
435	2018-10-26	44.4	44.4	44.4	44.4	0
436	2018-10-29	44.03	44.03	44.03	44.03	200
437	2018-10-30	44.03	44.03	44.03	44.03	0
438	2018-10-31	44.03	44.03	44.03	44.03	0
439	2018-11-01	44.03	44.03	44.03	44.03	0
440	2018-11-02	41.07	41.07	41.07	41.07	1400
441	2018-11-05	41.07	41.07	41.07	41.07	0
442	2018-11-06	41.07	41.07	41.07	41.07	0
443	2018-11-07	41.07	41.07	41.07	41.07	0
444	2018-11-08	41.07	41.07	41.07	41.07	0
445	2018-11-09	41.07	41.07	41.07	41.07	0
446	2018-11-12	41.07	41.07	41.07	41.07	0
447	2018-11-13	41.07	41.07	41.07	41.07	0
448	2018-11-14	41.07	41.07	41.07	41.07	0
449	2018-11-15	41.07	41.07	41.07	41.07	0
450	2018-11-16	41.07	41.07	41.07	41.07	0
451	2018-11-19	41.07	41.07	41.07	41.07	0
452	2018-11-20	41.07	41.07	41.07	41.07	0
453	2018-11-21	41.07	41.07	41.07	41.07	0
454	2018-11-22	41.07	41.07	41.07	41.07	0
455	2018-11-23	41.07	41.07	41.07	41.07	0
456	2018-11-26	41.07	41.07	41.07	41.07	0
457	2018-11-27	41.07	41.07	41.07	41.07	0
458	2018-11-28	41.07	41.07	41.07	41.07	0
459	2018-11-29	39.59	39.59	39.59	39.59	2600
460	2018-11-30	39.59	39.59	39.59	39.59	300
461	2018-12-03	39.59	39.59	39.59	39.59	0
462	2018-12-04	38.48	38.48	38.48	38.48	500
463	2018-12-05	38.48	38.48	38.48	38.48	0
464	2018-12-06	38.48	38.48	38.48	38.48	0
465	2018-12-07	38.48	38.48	38.48	38.48	0
466	2018-12-10	38.48	38.48	38.48	38.48	0
467	2018-12-11	38.48	38.48	38.48	38.48	0
468	2018-12-12	38.48	38.48	38.48	38.48	500
469	2018-12-13	38.48	38.48	38.48	38.48	0
470	2018-12-14	38.48	38.48	38.48	38.48	0
471	2018-12-17	38.48	38.48	38.48	38.48	0
472	2018-12-18	38.48	38.48	38.48	38.48	0
473	2018-12-19	39.22	39.22	39.22	39.22	800
474	2018-12-20	39.22	39.22	39.22	39.22	0
475	2018-12-21	38.48	38.48	38.48	38.48	300
476	2018-12-24	38.48	38.48	38.48	38.48	4000
477	2018-12-25	38.48	38.48	38.48	38.48	0
478	2018-12-26	41.44	41.44	41.44	41.44	100
479	2018-12-27	41.44	41.44	41.44	41.44	100
480	2018-12-28	41.44	41.44	41.44	41.44	100
481	2019-01-02	41.44	41.44	41.44	41.44	0
482	2019-01-03	42.92	42.92	42.92	42.92	100
483	2019-01-04	42.92	42.92	42.92	42.92	0
484	2019-01-07	42.92	42.92	42.92	42.92	0
485	2019-01-08	42.92	43.75	43.75	43.75	0
486	2019-01-09	42.92	43.75	43.75	43.75	0
487	2019-01-10	42.92	43.75	43.75	43.75	0
488	2019-01-11	42.92	43.75	43.75	43.75	0
489	2019-01-14	42.92	43.75	43.75	43.75	0
490	2019-01-15	43.0	43.0	43.0	43.0	300
491	2019-01-16	43.0	43.0	43.0	43.0	0
492	2019-01-17	43.0	43.0	43.0	43.0	0
493	2019-01-18	45.26	45.26	45.26	45.26	100
494	2019-01-21	45.26	45.26	45.26	45.26	0
495	2019-01-22	45.26	47.67	45.26	47.67	500
496	2019-01-23	45.71	47.67	47.67	47.67	0
497	2019-01-24	45.26	45.26	42.24	42.24	1300
498	2019-01-25	42.92	42.24	42.24	42.24	0
499	2019-01-28	42.92	42.24	42.24	42.24	0
500	2019-01-29	42.92	42.24	42.24	42.24	0
501	2019-01-30	42.92	42.24	42.24	42.24	0
502	2019-01-31	42.92	42.24	42.24	42.24	0
503	2019-02-01	42.92	42.24	42.24	42.24	0
504	2019-02-11	42.92	42.24	42.24	42.24	0
505	2019-02-12	42.92	42.24	42.24	42.24	0
506	2019-02-13	46.01	46.77	46.01	46.77	800
507	2019-02-14	46.01	46.01	45.26	46.01	4000
508	2019-02-15	46.39	46.77	46.39	46.77	11300
509	2019-02-18	44.66	46.77	44.66	46.77	19200
510	2019-02-19	45.71	45.71	45.26	45.26	47900
511	2019-02-20	45.26	45.26	45.26	45.26	3000
512	2019-02-21	45.26	45.26	45.26	45.26	24500
513	2019-02-22	45.26	45.26	45.26	45.26	17200
514	2019-02-25	45.26	45.26	45.26	45.26	0
515	2019-02-26	45.26	45.26	45.26	45.26	0
516	2019-02-27	45.26	45.26	45.26	45.26	0
517	2019-02-28	45.26	45.26	45.26	45.26	0
518	2019-03-01	45.26	45.26	45.26	45.26	0
519	2019-03-04	45.26	45.26	45.26	45.26	0
520	2019-03-05	45.26	45.26	45.26	45.26	0
521	2019-03-06	45.26	45.26	45.26	45.26	1800
522	2019-03-07	45.26	45.26	45.26	45.26	100
523	2019-03-08	45.26	45.26	45.26	45.26	0
524	2019-03-11	49.18	49.18	45.26	45.26	3300
525	2019-03-12	47.67	45.26	45.26	45.26	0
526	2019-03-13	47.67	45.26	45.26	45.26	0
527	2019-03-14	47.67	45.26	45.26	45.26	0
528	2019-03-15	47.67	45.26	45.26	45.26	0
529	2019-03-18	47.67	45.26	45.26	45.26	0
530	2019-03-19	45.26	45.26	45.26	45.26	900
531	2019-03-20	45.26	45.26	45.26	45.26	18
532	2019-03-21	45.26	45.26	45.26	45.26	1000
533	2019-03-22	43.83	44.51	43.83	44.51	800
534	2019-03-25	44.13	44.51	44.51	44.51	0
535	2019-03-26	44.13	44.51	44.51	44.51	0
536	2019-03-27	44.13	44.51	44.51	44.51	0
537	2019-03-28	44.13	44.51	44.51	44.51	0
538	2019-03-29	44.13	44.51	44.51	44.51	0
539	2019-04-01	44.13	44.51	44.51	44.51	0
540	2019-04-02	44.13	44.51	44.51	44.51	0
541	2019-04-03	44.51	44.51	44.51	44.51	118
542	2019-04-04	44.51	44.51	44.51	44.51	0
543	2019-04-05	44.51	44.51	44.51	44.51	0
544	2019-04-08	44.51	44.51	44.51	44.51	0
545	2019-04-09	44.51	44.51	44.51	44.51	0
546	2019-04-10	44.51	44.51	44.51	44.51	0
547	2019-04-11	44.51	44.51	44.51	44.51	0
548	2019-04-12	44.51	44.51	44.51	44.51	0
549	2019-04-16	44.51	44.51	44.51	44.51	0
550	2019-04-17	44.51	44.51	44.51	44.51	0
551	2019-04-18	44.51	44.51	44.51	44.51	0
552	2019-04-19	44.51	44.51	44.51	44.51	0
553	2019-04-22	44.51	44.51	44.51	44.51	0
554	2019-04-23	45.18	45.18	45.18	45.18	100
555	2019-04-24	45.18	45.18	45.18	45.18	0
556	2019-04-25	44.51	44.51	44.51	44.51	100
557	2019-04-26	45.26	45.26	45.26	45.26	700
558	2019-05-02	45.26	45.26	45.26	45.26	0
559	2019-05-03	45.26	45.26	45.26	45.26	0
560	2019-05-06	45.26	45.26	45.26	45.26	0
561	2019-05-07	45.26	45.26	45.26	45.26	0
562	2019-05-08	44.51	44.51	44.51	44.51	200
563	2019-05-09	44.51	44.51	44.51	44.51	0
564	2019-05-10	44.51	44.51	44.51	44.51	500
565	2019-05-13	44.51	44.51	44.51	44.51	0
566	2019-05-14	44.81	44.81	44.81	44.81	100
567	2019-05-15	44.5	44.97	44.5	44.97	800
568	2019-05-16	44.73	44.97	44.97	44.97	0
569	2019-05-17	44.73	44.97	44.97	44.97	0
570	2019-05-20	44.97	44.97	44.97	44.97	100
571	2019-05-21	44.97	44.97	44.97	44.97	0
572	2019-05-22	44.97	44.97	44.97	44.97	0
573	2019-05-23	44.97	44.97	44.97	44.97	0
574	2019-05-24	44.58	44.58	44.58	44.58	300
575	2019-05-27	44.58	44.58	44.58	44.58	0
576	2019-05-28	44.58	44.58	44.58	44.58	0
577	2019-05-29	44.58	44.58	44.58	44.58	0
578	2019-05-30	44.58	44.58	44.58	44.58	0
579	2019-05-31	44.58	44.58	44.58	44.58	0
580	2019-06-03	43.04	43.04	43.04	43.04	200
581	2019-06-04	43.04	43.04	43.04	43.04	0
582	2019-06-05	43.04	43.04	42.28	42.28	2100
583	2019-06-06	42.28	42.28	42.28	42.28	200
584	2019-06-07	42.28	42.28	42.28	42.28	0
585	2019-06-10	41.51	41.51	41.51	41.51	500
586	2019-06-11	41.51	41.51	41.51	41.51	1000
587	2019-06-12	41.51	41.51	41.51	41.51	0
588	2019-06-13	41.51	41.51	41.51	41.51	500
589	2019-06-14	41.51	41.51	41.51	41.51	2500
590	2019-06-17	41.51	41.51	41.51	41.51	1000
591	2019-06-18	43.81	43.81	43.81	43.81	1000
592	2019-06-19	43.81	43.81	43.81	43.81	0
593	2019-06-20	43.81	43.81	43.81	43.81	0
594	2019-06-21	43.81	43.81	43.81	43.81	1000
595	2019-06-24	43.81	43.81	43.81	43.81	0
596	2019-06-25	43.81	43.81	43.81	43.81	0
597	2019-06-26	43.81	43.81	43.81	43.81	0
598	2019-06-27	43.81	43.81	43.81	43.81	1000
599	2019-06-28	43.81	43.81	43.81	43.81	0
600	2019-07-01	43.81	43.81	43.81	43.81	0
601	2019-07-02	43.81	43.81	43.81	43.81	0
602	2019-07-03	43.81	43.81	43.81	43.81	0
603	2019-07-04	43.81	43.81	43.81	43.81	0
604	2019-07-05	43.81	43.81	43.81	43.81	0
605	2019-07-08	43.81	43.81	43.81	43.81	9500
606	2019-07-09	44.58	44.58	44.58	44.58	100
607	2019-07-10	43.81	43.81	43.81	43.81	100
608	2019-07-11	43.81	43.81	43.81	43.81	0
609	2019-07-12	43.81	43.81	43.81	43.81	0
610	2019-07-15	44.35	44.35	44.35	44.35	100
611	2019-07-16	44.35	44.35	44.35	44.35	0
612	2019-07-17	44.35	44.35	44.35	44.35	0
613	2019-07-18	44.35	44.35	44.35	44.35	0
614	2019-07-19	44.35	44.35	44.35	44.35	0
615	2019-07-22	41.51	41.51	41.51	41.51	500
616	2019-07-23	41.51	41.51	41.51	41.51	0
617	2019-07-24	42.28	42.28	42.28	42.28	1100
618	2019-07-25	42.28	42.28	42.28	42.28	0
619	2019-07-26	42.28	42.28	42.28	42.28	0
620	2019-07-29	42.28	42.28	42.28	42.28	0
621	2019-07-30	42.28	42.28	42.28	42.28	0
622	2019-07-31	42.28	42.28	42.28	42.28	0
623	2019-08-01	42.28	42.28	42.28	42.28	0
624	2019-08-02	41.89	41.89	41.89	41.89	900
625	2019-08-05	41.89	41.89	41.89	41.89	0
626	2019-08-06	39.97	39.97	39.97	39.97	100
627	2019-08-07	41.58	41.58	41.58	41.58	100
628	2019-08-08	42.37	42.37	42.37	42.37	1100
629	2019-08-09	42.37	42.37	42.37	42.37	0
630	2019-08-12	42.37	42.37	42.37	42.37	0
631	2019-08-13	42.37	42.37	42.37	42.37	0
632	2019-08-14	42.37	42.37	42.37	42.37	0
633	2019-08-15	42.37	42.37	42.37	42.37	0
634	2019-08-16	43.07	43.07	43.07	43.07	100
635	2019-08-19	43.07	43.07	43.07	43.07	0
636	2019-08-20	43.07	43.07	43.07	43.07	0
637	2019-08-21	43.07	43.07	43.07	43.07	0
638	2019-08-22	43.07	43.07	43.07	43.07	0
639	2019-08-23	42.76	42.84	42.76	42.84	600
640	2019-08-26	42.76	42.84	42.84	42.84	0
641	2019-08-27	42.76	42.84	42.84	42.84	0
642	2019-08-28	42.76	42.84	42.84	42.84	0
643	2019-08-29	42.76	42.76	42.76	42.76	600
644	2019-08-30	42.76	42.76	42.76	42.76	3600
645	2019-09-03	42.76	42.76	42.76	42.76	0
646	2019-09-04	42.76	42.76	42.76	42.76	0
647	2019-09-05	42.76	42.76	42.76	42.76	500
648	2019-09-06	42.6	42.6	42.6	42.6	1500
649	2019-09-09	42.6	42.6	42.6	42.6	0
650	2019-09-10	42.6	42.6	42.6	42.6	0
651	2019-09-11	42.6	42.6	42.6	42.6	0
652	2019-09-12	42.6	42.6	42.6	42.6	0
653	2019-09-13	42.6	42.6	42.6	42.6	0
654	2019-09-16	42.6	42.6	42.6	42.6	0
655	2019-09-17	42.6	42.6	42.6	42.6	0
656	2019-09-18	42.6	42.6	42.6	42.6	0
657	2019-09-19	41.74	41.74	41.66	41.66	2100
658	2019-09-20	41.74	41.74	41.74	41.74	1800
659	2019-09-23	41.58	41.74	38.44	38.44	1900
660	2019-09-24	40.41	38.44	38.44	38.44	0
661	2019-09-25	40.41	38.44	38.44	38.44	0
662	2019-09-26	40.41	38.44	38.44	38.44	0
663	2019-09-27	40.41	38.44	38.44	38.44	0
664	2019-09-30	40.41	38.44	38.44	38.44	0
665	2019-10-01	40.41	38.44	38.44	38.44	0
666	2019-10-02	40.41	38.44	38.44	38.44	0
667	2019-10-03	40.41	38.44	38.44	38.44	0
668	2019-10-04	39.23	40.01	39.23	40.01	3800
669	2019-10-07	40.01	40.01	40.01	40.01	2000
670	2019-10-08	40.01	40.01	40.01	40.01	0
671	2019-10-09	40.01	40.01	40.01	40.01	0
672	2019-10-10	40.01	40.01	40.01	40.01	300
673	2019-10-11	42.37	42.37	42.37	42.37	1000
674	2019-10-14	42.37	42.37	42.37	42.37	0
675	2019-10-15	40.01	40.01	40.01	40.01	500
676	2019-10-16	40.01	40.01	40.01	40.01	2
677	2019-10-17	41.97	42.37	41.97	42.37	7697
678	2019-10-18	42.29	42.37	42.37	42.37	0
679	2019-10-21	42.37	42.68	42.37	42.68	1600
680	2019-10-22	40.8	43.94	40.8	43.94	1800
681	2019-10-23	41.58	41.58	41.58	41.58	205
682	2019-10-24	41.58	41.58	41.58	41.58	2000
683	2019-10-25	41.58	41.58	41.58	41.58	500
684	2019-10-28	43.15	43.15	43.15	43.15	500
685	2019-10-29	43.15	43.15	43.15	43.15	0
686	2019-10-30	43.15	43.15	43.15	43.15	0
687	2019-10-31	43.15	43.15	43.15	43.15	0
688	2019-11-01	43.15	43.15	43.15	43.15	0
689	2019-11-04	43.86	43.86	43.86	43.86	100
690	2019-11-05	43.86	43.86	43.86	43.86	0
691	2019-11-06	43.86	43.86	43.86	43.86	0
692	2019-11-07	43.86	43.86	43.86	43.86	0
693	2019-11-08	43.86	44.74	44.74	44.74	0
694	2019-11-11	43.86	43.86	43.86	44.74	40
695	2019-11-12	43.86	43.86	43.86	44.74	240
696	2019-11-13	43.22	43.22	43.22	43.22	621
697	2019-11-14	43.22	43.22	43.22	43.22	0
698	2019-11-15	43.22	43.22	43.22	43.22	0
699	2019-11-18	43.22	43.22	43.22	43.22	0
700	2019-11-19	43.22	43.3	43.22	43.3	2600
701	2019-11-20	43.3	43.3	43.3	43.3	0
702	2019-11-21	43.3	43.3	43.3	43.3	21
703	2019-11-22	43.3	43.3	43.3	43.3	0
704	2019-11-25	43.3	43.3	43.3	43.3	0
705	2019-11-26	43.3	43.3	43.3	43.3	200
706	2019-11-27	43.22	43.22	43.22	43.22	6000
707	2019-11-28	42.82	42.82	41.62	41.62	18100
708	2019-11-29	41.62	41.62	41.62	41.62	5600
709	2019-12-02	41.54	41.54	40.98	41.62	4000
710	2019-12-03	41.62	41.62	41.14	41.14	6500
711	2019-12-04	41.14	41.46	41.14	41.46	2300
712	2019-12-05	41.14	41.14	41.14	41.14	300
713	2019-12-06	41.3	41.62	41.14	41.14	4900
714	2019-12-09	41.38	41.14	41.14	41.14	0
715	2019-12-10	41.14	41.14	41.14	41.14	9900
716	2019-12-11	41.14	41.14	41.14	41.14	0
717	2019-12-12	41.14	41.14	41.14	41.14	10300
718	2019-12-13	41.14	41.14	41.14	41.14	5000
719	2019-12-16	41.14	41.14	41.14	41.14	8200
720	2019-12-17	41.06	41.14	41.06	41.14	1300
721	2019-12-18	41.14	41.14	41.14	41.14	0
722	2019-12-19	41.14	41.14	41.14	41.14	0
723	2019-12-20	41.14	41.14	41.14	41.14	500
724	2019-12-23	41.14	41.14	41.14	41.14	0
725	2019-12-24	41.14	41.14	41.14	41.14	0
726	2019-12-25	41.14	41.14	41.14	41.14	0
727	2019-12-26	40.82	40.82	40.82	40.82	204
728	2019-12-27	40.82	41.38	40.82	41.38	3600
729	2019-12-30	41.06	41.38	41.38	41.38	0
730	2019-12-31	41.06	41.38	41.38	41.38	0
731	2020-01-02	41.06	41.38	41.38	41.38	0
732	2020-01-03	41.38	41.38	41.38	41.38	5000
733	2020-01-06	41.38	41.38	41.38	41.38	14000
734	2020-01-07	41.38	41.62	41.38	41.38	3204
735	2020-01-08	41.62	41.62	41.62	41.62	600
736	2020-01-09	41.62	41.62	41.62	41.62	1000
737	2020-01-10	41.62	41.62	41.62	41.62	0
738	2020-01-13	41.38	41.38	41.38	41.38	4500
739	2020-01-14	41.38	41.38	41.38	41.38	2000
740	2020-01-15	41.38	41.38	41.38	41.38	2000
741	2020-01-16	41.38	41.38	41.38	41.38	3000
742	2020-01-17	41.46	41.46	41.46	41.46	100
743	2020-01-20	41.46	41.46	41.46	41.46	0
744	2020-01-21	41.62	42.42	41.62	42.42	6500
745	2020-01-22	42.26	42.42	42.42	42.42	0
746	2020-01-30	42.26	42.42	42.42	42.42	0
747	2020-01-31	41.38	41.62	41.38	41.62	13000
748	2020-02-03	42.02	42.02	41.54	41.54	5100
749	2020-02-04	42.02	42.02	42.02	42.02	1000
750	2020-02-05	42.02	42.02	42.02	42.02	0
751	2020-02-06	42.02	42.02	42.02	42.02	4000
752	2020-02-07	42.02	42.02	42.02	42.02	0
753	2020-02-10	42.02	42.02	42.02	42.02	100
754	2020-02-11	42.02	42.02	42.02	42.02	0
755	2020-02-12	42.02	42.02	42.02	42.02	0
756	2020-02-13	42.02	42.02	42.02	42.02	0
757	2020-02-14	47.14	47.14	43.22	43.22	600
758	2020-02-17	43.86	43.22	43.22	43.22	0
759	2020-02-18	42.02	42.02	42.02	42.02	900
760	2020-02-19	42.02	42.02	42.02	42.02	0
761	2020-02-20	42.02	42.02	42.02	42.02	0
762	2020-02-21	42.02	42.02	42.02	42.02	400
763	2020-02-24	42.02	42.02	42.02	42.02	0
764	2020-02-25	42.02	42.02	42.02	42.02	0
765	2020-02-26	41.7	41.7	41.7	41.7	100
766	2020-02-27	41.7	41.7	41.7	41.7	100
767	2020-02-28	41.7	41.7	41.7	41.7	0
768	2020-03-02	41.7	41.7	41.7	41.7	0
769	2020-03-03	41.7	41.7	41.7	41.7	0
770	2020-03-04	41.38	41.38	41.38	41.38	100
771	2020-03-05	41.38	41.38	41.38	41.38	0
772	2020-03-06	41.38	41.38	41.38	41.38	0
773	2020-03-09	41.38	41.38	41.38	41.38	600
774	2020-03-10	41.38	41.38	41.38	41.38	400
775	2020-03-11	41.38	41.38	41.38	41.38	500
776	2020-03-12	46.42	46.42	46.42	46.42	500
777	2020-03-13	39.46	39.46	39.46	39.46	11500
778	2020-03-16	45.3	45.3	44.02	44.02	600
779	2020-03-17	44.02	44.02	44.02	44.02	400
780	2020-03-18	44.02	44.02	44.02	44.02	0
781	2020-03-19	43.22	44.02	43.22	44.02	900
782	2020-03-20	43.22	43.22	39.62	39.62	400
783	2020-03-23	40.42	40.42	40.42	40.42	400
784	2020-03-24	40.42	40.42	40.02	40.02	2000
785	2020-03-25	40.02	40.02	40.02	40.02	0
786	2020-03-26	40.02	40.02	40.02	40.02	0
787	2020-03-27	40.02	40.02	40.02	40.02	0
788	2020-03-30	40.02	40.02	40.02	40.02	0
789	2020-03-31	40.02	40.02	40.02	40.02	0
790	2020-04-01	40.02	40.02	34.89	34.89	3100
791	2020-04-03	39.62	39.62	39.54	39.62	4600
792	2020-04-06	39.62	39.62	39.62	39.62	0
793	2020-04-07	39.62	39.7	36.17	36.17	10200
794	2020-04-08	36.09	36.09	36.09	36.09	100
795	2020-04-09	40.02	40.02	39.62	39.62	2800
796	2020-04-10	36.9	36.9	36.9	36.9	100
797	2020-04-13	36.9	36.9	36.9	36.9	0
798	2020-04-14	36.9	36.9	36.9	36.9	0
799	2020-04-15	37.62	39.22	37.62	39.22	200
800	2020-04-16	38.42	39.22	39.22	39.22	0
801	2020-04-17	38.42	39.22	39.22	39.22	0
802	2020-04-20	40.02	40.02	40.02	40.02	300
803	2020-04-21	40.02	40.02	37.06	37.06	700
804	2020-04-22	39.62	37.06	37.06	37.06	0
805	2020-04-23	39.62	37.06	37.06	37.06	0
806	2020-04-24	39.62	37.06	37.06	37.06	0
807	2020-04-27	39.62	37.06	37.06	37.06	0
808	2020-04-28	39.62	37.06	37.06	37.06	0
809	2020-04-29	39.62	37.06	37.06	37.06	0
810	2020-05-04	39.62	37.06	37.06	37.06	0
811	2020-05-05	39.62	37.06	37.06	37.06	0
812	2020-05-06	38.82	38.82	38.82	38.82	100
813	2020-05-07	39.62	40.02	33.05	33.05	300
814	2020-05-08	33.29	33.29	33.29	33.29	100
815	2020-05-11	38.26	38.26	38.26	38.26	500
816	2020-05-12	38.26	38.26	38.26	38.26	0
817	2020-05-13	38.26	39.16	39.16	39.16	0
818	2020-05-14	38.26	39.16	39.16	39.16	0
819	2020-05-15	38.26	39.16	39.16	39.16	0
820	2020-05-18	38.26	39.16	39.16	39.16	0
821	2020-05-19	38.26	39.16	39.16	39.16	0
822	2020-05-20	38.26	39.16	39.16	39.16	0
823	2020-05-21	40.14	40.96	40.14	40.96	11300
824	2020-05-22	40.96	40.96	40.96	40.96	0
825	2020-05-25	40.96	40.96	40.96	40.96	0
826	2020-05-26	40.96	40.96	40.96	40.96	0
827	2020-05-27	40.96	40.96	40.96	40.96	0
828	2020-05-28	40.96	40.96	40.96	40.96	0
829	2020-05-29	40.96	40.96	40.96	40.96	0
830	2020-06-01	41.78	41.78	41.78	41.78	1200
831	2020-06-02	41.78	41.78	41.78	41.78	0
832	2020-06-03	41.78	41.78	41.78	41.78	0
833	2020-06-04	37.76	37.76	37.76	37.76	100
834	2020-06-05	43.42	43.42	38.99	38.99	8200
835	2020-06-08	43.99	43.99	43.99	43.99	100
836	2020-06-09	43.99	43.99	43.99	43.99	0
837	2020-06-10	39.4	39.4	39.4	39.4	100
838	2020-06-11	37.76	37.76	37.76	37.76	100
839	2020-06-12	37.76	37.76	37.76	37.76	0
840	2020-06-15	37.76	37.76	37.76	37.76	0
841	2020-06-16	37.76	37.76	37.76	37.76	0
842	2020-06-17	37.76	37.76	37.76	37.76	0
843	2020-06-18	43.42	43.42	38.99	38.99	3800
844	2020-06-19	38.58	38.58	38.58	38.58	100
845	2020-06-22	38.58	38.58	38.58	38.58	0
846	2020-06-23	38.58	38.58	38.58	38.58	0
847	2020-06-24	38.58	38.58	38.58	38.58	0
848	2020-06-25	38.58	38.58	38.58	38.58	0
849	2020-06-26	38.58	38.58	38.58	38.58	0
850	2020-06-29	38.58	38.58	38.58	38.58	0
851	2020-06-30	38.58	38.58	38.58	38.58	0
852	2020-07-01	38.58	38.58	38.58	38.58	0
853	2020-07-02	39.32	39.32	39.32	39.32	200
854	2020-07-03	39.32	39.32	39.32	39.32	0
855	2020-07-06	39.32	39.32	39.32	39.32	0
856	2020-07-07	40.14	40.14	40.14	40.14	200
857	2020-07-08	40.14	40.14	40.14	40.14	0
858	2020-07-09	40.96	40.96	40.96	40.96	200
859	2020-07-10	43.42	44.24	43.42	44.24	2000
860	2020-07-13	43.83	44.24	44.24	44.24	0
861	2020-07-14	40.96	40.96	40.96	40.96	100
862	2020-07-15	40.96	40.96	40.96	40.96	0
863	2020-07-16	40.96	40.96	40.96	40.96	0
864	2020-07-17	40.96	40.96	40.96	40.96	0
865	2020-07-20	40.96	40.96	40.96	40.96	100
866	2020-07-21	40.96	40.96	40.96	40.96	0
867	2020-07-22	40.96	40.96	40.96	40.96	0
868	2020-07-23	45.87	47.1	39.48	39.81	14000
869	2020-07-24	46.86	39.81	39.81	39.81	0
870	2020-07-27	46.86	39.81	39.81	39.81	0
871	2020-07-28	46.86	39.81	39.81	39.81	0
872	2020-07-29	46.86	39.81	39.81	39.81	0
873	2020-07-30	46.86	39.81	39.81	39.81	0
874	2020-07-31	46.86	39.81	39.81	39.81	0
875	2020-08-03	46.86	39.81	39.81	39.81	0
876	2020-08-04	46.86	39.81	39.81	39.81	0
877	2020-08-05	46.86	40.23	40.23	40.23	0
878	2020-08-06	46.86	40.23	40.23	40.23	0
879	2020-08-07	40.65	40.65	40.65	40.65	100
880	2020-08-10	40.65	40.65	40.65	40.65	0
881	2020-08-11	43.88	46.69	41.56	43.13	77600
882	2020-08-12	43.05	51.33	43.05	51.33	1600
883	2020-08-13	45.62	48.84	45.62	48.84	3100
884	2020-08-14	48.76	48.84	48.84	48.84	0
885	2020-08-17	45.62	45.62	45.62	45.62	100
886	2020-08-18	48.76	48.84	45.62	45.62	1600
887	2020-08-19	48.6	45.62	45.62	45.62	0
888	2020-08-20	45.62	45.62	45.62	45.62	100
889	2020-08-21	45.53	45.53	43.96	43.96	200
890	2020-08-24	44.7	44.7	43.88	43.88	6100
891	2020-08-25	44.7	44.7	43.63	44.7	26400
892	2020-08-26	44.54	44.7	44.7	44.7	0
893	2020-08-27	44.54	44.7	44.7	44.7	0
894	2020-08-28	43.55	43.55	43.55	43.55	200
895	2020-08-31	43.55	43.55	43.55	43.55	0
896	2020-09-01	43.55	43.55	43.55	43.55	0
897	2020-09-03	43.55	43.55	43.55	43.55	0
898	2020-09-04	43.55	43.55	43.55	43.55	0
899	2020-09-07	43.55	43.55	43.55	43.55	0
900	2020-09-08	43.55	43.55	43.55	43.55	0
901	2020-09-09	43.55	43.55	43.55	43.55	0
902	2020-09-10	43.71	43.71	43.71	43.71	100
903	2020-09-11	43.79	43.79	43.79	43.79	100
904	2020-09-14	43.79	43.79	43.79	43.79	0
905	2020-09-15	43.79	43.79	43.79	43.79	0
906	2020-09-16	43.79	43.79	43.79	43.79	0
907	2020-09-17	43.79	43.79	43.79	43.79	0
908	2020-09-18	47.11	47.11	47.11	47.11	100
909	2020-09-21	44.7	44.7	43.63	43.79	10200
910	2020-09-22	44.7	43.79	43.79	43.79	0
911	2020-09-23	49.67	49.67	49.67	49.67	100
912	2020-09-24	43.88	43.88	43.88	43.88	100
913	2020-09-25	43.88	43.88	43.88	43.88	0
914	2020-09-28	43.88	43.88	43.88	43.88	17900
915	2020-09-29	43.88	43.88	43.88	43.88	0
916	2020-09-30	43.96	43.96	43.96	43.96	800
917	2020-10-01	41.48	43.63	41.48	43.63	800
918	2020-10-02	44.7	44.7	44.7	44.7	600
919	2020-10-05	44.7	44.7	44.7	44.7	0
920	2020-10-06	44.7	44.7	44.7	44.7	0
921	2020-10-07	44.37	44.37	44.37	44.37	500
922	2020-10-08	44.04	44.04	44.04	44.04	500
923	2020-10-09	44.04	44.04	44.04	44.04	0
924	2020-10-12	44.04	44.04	44.04	44.04	0
925	2020-10-13	44.37	44.37	44.37	44.37	400
926	2020-10-14	44.37	44.37	44.37	44.37	0
927	2020-10-15	44.37	44.37	44.37	44.37	0
928	2020-10-16	44.37	44.37	44.37	44.37	500
929	2020-10-19	41.48	42.22	38.74	42.22	1600
930	2020-10-20	42.22	46.53	42.22	46.53	500
931	2020-10-21	42.39	42.39	42.39	42.39	100
932	2020-10-22	42.39	42.39	42.39	42.39	0
933	2020-10-23	42.39	42.39	42.39	42.39	0
934	2020-10-26	42.39	42.39	42.39	42.39	0
935	2020-10-27	43.88	43.88	43.79	43.79	600
936	2020-10-28	43.88	43.79	43.79	43.79	0
937	2020-10-29	43.88	43.79	43.79	43.79	0
938	2020-10-30	43.88	43.79	43.79	43.79	0
939	2020-11-02	44.7	44.7	44.7	44.7	200
940	2020-11-03	43.88	43.88	43.88	43.88	200
941	2020-11-04	43.88	43.88	43.88	43.88	0
942	2020-11-05	43.88	43.88	42.47	42.47	7700
943	2020-11-06	43.88	42.47	42.47	42.47	0
944	2020-11-09	43.88	42.47	42.47	42.47	0
945	2020-11-10	43.88	42.47	42.47	42.47	0
946	2020-11-11	43.88	42.47	42.47	42.47	0
947	2020-11-12	43.88	42.47	42.47	42.47	0
948	2020-11-13	43.88	42.47	42.47	42.47	0
949	2020-11-16	43.88	43.88	43.88	43.88	200
950	2020-11-17	43.88	43.88	43.88	43.88	0
951	2020-11-18	43.88	43.88	43.88	43.88	0
952	2020-11-19	43.88	43.88	43.88	43.88	0
953	2020-11-20	43.88	43.88	43.88	43.88	0
954	2020-11-23	43.88	43.88	43.88	43.88	0
955	2020-11-24	43.88	43.88	43.88	43.88	0
956	2020-11-25	43.88	43.88	43.88	43.88	5200
957	2020-11-26	44.62	44.62	43.88	43.88	5200
958	2020-11-27	43.88	43.88	43.88	43.88	300
959	2020-11-30	43.88	43.88	43.88	43.88	0
960	2020-12-01	43.88	43.88	42.22	42.22	9500
961	2020-12-02	43.88	42.22	42.22	42.22	0
962	2020-12-03	43.88	42.22	42.22	42.22	0
963	2020-12-04	43.88	42.22	42.22	42.22	0
964	2020-12-07	43.88	42.22	42.22	42.22	0
965	2020-12-08	44.62	46.28	44.62	46.28	400
966	2020-12-09	45.04	46.28	46.28	46.28	0
967	2020-12-10	45.04	46.28	46.28	46.28	0
968	2020-12-11	45.04	46.28	46.28	46.28	0
969	2020-12-14	45.04	46.28	46.28	46.28	0
970	2020-12-15	45.04	45.04	45.04	45.04	500
971	2020-12-16	45.04	45.04	45.04	45.04	0
972	2020-12-17	45.04	45.04	45.04	45.04	0
973	2020-12-18	45.04	45.04	45.04	45.04	0
974	2020-12-21	44.87	44.87	44.87	44.87	100
975	2020-12-22	44.87	44.87	44.87	44.87	0
976	2020-12-23	44.87	44.87	44.87	44.87	0
977	2020-12-24	44.7	44.7	44.7	44.7	200
978	2020-12-25	44.7	44.7	44.7	44.7	0
979	2020-12-28	44.7	44.7	44.7	44.7	300
980	2020-12-29	43.13	43.13	43.13	43.13	100
981	2020-12-30	43.13	43.13	43.13	43.13	0
982	2020-12-31	43.81	43.81	43.3	43.3	600
983	2021-01-04	43.64	43.3	43.3	43.3	0
984	2021-01-05	43.64	43.3	43.3	43.3	0
985	2021-01-06	43.64	43.64	43.64	43.64	1800
986	2021-01-07	42.88	42.88	42.88	42.88	900
987	2021-01-08	42.88	42.88	42.88	42.88	0
988	2021-01-11	42.88	42.88	42.88	42.88	0
989	2021-01-12	42.88	42.88	42.88	42.88	0
990	2021-01-13	42.88	42.88	42.88	42.88	0
991	2021-01-14	42.88	42.88	42.88	42.88	0
992	2021-01-15	42.88	42.88	42.88	42.88	500
993	2021-01-18	42.88	42.88	42.88	42.88	0
994	2021-01-19	41.2	43.72	41.2	43.72	300
995	2021-01-20	42.04	43.72	43.72	43.72	0
996	2021-01-21	46.24	46.24	42.12	42.12	9200
997	2021-01-22	45.32	46.24	45.32	42.12	2300
998	2021-01-25	45.99	45.99	45.99	45.99	0
999	2021-01-26	42.88	43.3	42.88	42.88	1100
1000	2021-01-27	42.97	42.88	42.88	42.88	0
1001	2021-01-28	39.6	39.6	39.6	39.6	100
1002	2021-01-29	45.49	45.49	45.49	45.49	2900
1003	2021-02-01	40.44	40.44	40.44	40.44	100
1004	2021-02-02	44.56	44.56	40.7	40.7	2100
1005	2021-02-03	40.86	40.86	40.86	40.86	100
1006	2021-02-04	40.86	40.86	40.86	40.86	0
1007	2021-02-05	40.86	40.86	40.86	40.86	0
1008	2021-02-08	42.04	42.04	42.04	42.04	10000
1009	2021-02-09	43.72	43.72	43.72	43.72	400
1010	2021-02-17	43.72	43.72	43.72	43.72	0
1011	2021-02-18	43.72	43.72	43.72	43.72	0
1012	2021-02-19	43.72	43.72	43.72	43.72	0
1013	2021-02-22	42.88	42.88	42.12	42.12	98000
1014	2021-02-23	42.88	42.12	42.12	42.12	0
1015	2021-02-24	42.88	42.12	42.12	42.12	0
1016	2021-02-25	41.7	42.04	41.7	41.7	14800
1017	2021-02-26	41.87	41.7	41.7	41.7	0
1018	2021-03-01	41.87	41.7	41.7	41.7	0
1019	2021-03-02	41.87	41.7	41.7	41.7	0
1020	2021-03-03	41.87	41.7	41.7	41.7	0
1021	2021-03-04	41.87	41.7	41.7	41.7	0
1022	2021-03-05	42.04	42.04	42.04	42.04	200
1023	2021-03-08	45.24	45.4	45.24	45.4	501
1024	2021-03-09	41.79	41.79	41.79	41.79	100
1025	2021-03-10	48.01	48.01	42.29	42.63	400
1026	2021-03-11	43.3	43.3	41.45	41.45	600
1027	2021-03-12	42.12	42.12	42.12	42.12	100
1028	2021-03-15	42.88	42.88	42.88	42.88	300
1029	2021-03-16	42.88	42.88	42.88	42.88	1000
1030	2021-03-17	47.0	47.0	47.0	47.0	100
1031	2021-03-18	44.48	44.48	44.48	44.48	308
1032	2021-03-19	44.48	44.48	44.48	44.48	0
1033	2021-03-22	44.56	44.56	44.48	44.48	400
1034	2021-03-23	44.56	44.48	44.48	44.48	0
1035	2021-03-24	44.56	44.48	44.48	44.48	0
1036	2021-03-25	44.56	44.48	44.48	44.48	0
1037	2021-03-26	43.39	45.82	43.39	45.82	700
1038	2021-03-29	44.06	44.06	44.06	44.06	100
1039	2021-03-30	44.06	44.06	44.06	44.06	0
1040	2021-03-31	44.14	44.48	43.97	44.48	300
1041	2021-04-01	44.23	44.48	44.48	44.48	0
1042	2021-04-02	44.23	44.48	44.48	44.48	0
1043	2021-04-05	44.23	44.48	44.48	44.48	0
1044	2021-04-06	45.74	46.67	45.74	46.67	400
1045	2021-04-07	46.24	46.24	46.24	46.67	3
1046	2021-04-08	46.24	46.67	46.67	46.67	0
1047	2021-04-09	46.24	46.67	46.67	46.67	0
1048	2021-04-12	46.24	46.24	46.24	46.67	1
1049	2021-04-13	46.24	46.67	46.67	46.67	0
1050	2021-04-14	46.24	46.67	46.67	46.67	0
1051	2021-04-15	46.24	46.67	46.67	46.67	0
1052	2021-04-16	43.47	43.47	43.47	43.47	200
1053	2021-04-19	43.47	43.47	43.47	43.47	0
1054	2021-04-20	43.47	43.47	43.47	43.47	0
1055	2021-04-22	43.47	43.47	43.47	43.47	400
1056	2021-04-23	43.47	43.47	43.47	43.47	0
1057	2021-04-26	43.72	43.72	43.72	43.72	300
1058	2021-04-27	43.72	43.72	43.72	43.72	0
1059	2021-04-28	43.72	43.72	43.72	43.72	0
1060	2021-04-29	43.72	43.72	43.72	43.72	0
1061	2021-05-04	43.72	43.72	43.72	43.72	0
1062	2021-05-05	43.72	43.72	43.72	43.72	0
1063	2021-05-06	43.72	43.72	43.72	43.72	0
1064	2021-05-07	43.72	43.72	43.72	43.72	0
1065	2021-05-10	43.3	43.3	43.3	43.3	900
1066	2021-05-11	43.3	43.3	43.3	43.3	0
1067	2021-05-12	43.3	43.3	43.3	43.3	100
1068	2021-05-13	43.3	43.3	43.3	44.51	1
1069	2021-05-14	44.51	44.51	44.51	44.51	100
1070	2021-05-17	43.3	43.3	43.3	43.3	100
1071	2021-05-18	43.65	43.65	43.65	43.65	2000
1072	2021-05-19	43.65	43.65	43.65	43.65	0
1073	2021-05-20	43.39	43.39	43.3	43.3	2100
1074	2021-05-21	43.3	43.3	43.3	43.3	0
1075	2021-05-24	43.3	43.3	43.3	43.3	0
1076	2021-05-25	43.3	43.3	43.3	43.3	0
1077	2021-05-26	40.71	40.71	40.71	40.71	100
1078	2021-05-27	40.71	40.71	40.71	40.71	0
1079	2021-05-28	40.71	40.71	40.71	40.71	0
1080	2021-05-31	40.71	40.71	40.71	40.71	0
1081	2021-06-01	43.22	43.22	43.22	43.22	100
1082	2021-06-02	43.22	43.22	43.22	43.22	0
1083	2021-06-03	43.22	43.22	43.22	43.22	0
1084	2021-06-04	43.22	43.22	43.22	43.22	0
1085	2021-06-07	43.22	43.22	43.22	43.22	0
1086	2021-06-08	43.22	43.22	43.22	43.22	10100
1087	2021-06-09	43.22	43.22	43.22	43.22	600
1088	2021-06-10	43.22	43.22	43.22	43.22	23000
1089	2021-06-11	43.22	43.22	42.44	43.22	36200
1090	2021-06-14	43.22	43.22	43.22	43.22	0
1091	2021-06-15	43.22	43.22	43.22	43.22	0
1092	2021-06-16	43.22	43.22	43.22	43.22	0
1093	2021-06-17	43.22	43.22	43.22	43.22	0
1094	2021-06-18	43.22	43.22	43.22	43.22	2000
1095	2021-06-21	43.22	43.22	43.22	43.22	0
1096	2021-06-22	43.22	43.22	42.78	42.78	200
1097	2021-06-23	43.22	43.22	43.22	43.22	100
1098	2021-06-24	43.22	43.22	43.22	43.22	200
1099	2021-06-25	43.22	43.22	43.22	43.22	0
1100	2021-06-28	43.22	43.22	43.22	43.22	0
1101	2021-06-29	43.22	43.22	43.22	43.22	0
1102	2021-06-30	43.22	43.22	43.22	43.22	0
1103	2021-07-01	43.22	43.22	43.22	43.22	0
1104	2021-07-02	43.22	43.22	43.22	43.22	0
1105	2021-07-05	41.49	41.49	41.49	41.49	100
1106	2021-07-06	41.49	41.49	41.49	41.49	100
1107	2021-07-07	42.35	42.35	42.35	42.35	100
1108	2021-07-08	42.35	42.35	42.35	42.35	0
1109	2021-07-09	42.35	42.35	42.35	42.35	0
1110	2021-07-12	42.35	42.35	42.35	42.35	0
1111	2021-07-13	42.35	42.35	42.35	42.35	0
1112	2021-07-14	42.35	42.35	42.35	42.35	0
1113	2021-07-15	42.35	42.35	42.35	42.35	0
1114	2021-07-16	42.35	42.35	42.35	42.35	0
1115	2021-07-19	45.64	45.64	45.64	45.64	1100
1116	2021-07-20	45.64	45.64	45.64	45.64	0
1117	2021-07-21	40.71	40.71	40.62	40.62	200
1118	2021-07-22	40.71	40.62	40.62	40.62	0
1119	2021-07-23	40.71	40.62	40.62	40.62	0
1120	2021-07-26	42.35	42.35	42.35	42.35	200
1121	2021-07-27	42.35	42.35	42.35	42.35	0
1122	2021-07-28	42.35	42.35	42.35	42.35	0
1123	2021-07-29	42.35	42.35	42.35	42.35	0
1124	2021-07-30	42.35	42.35	42.35	42.35	0
1125	2021-08-02	38.98	38.98	38.98	38.98	100
1126	2021-08-03	42.35	42.35	39.07	42.35	600
1127	2021-08-04	42.78	42.78	37.17	42.78	6500
1128	2021-08-05	38.98	38.98	38.98	38.98	100
1129	2021-08-06	39.07	39.07	39.07	39.07	1000
1130	2021-08-09	37.25	38.98	37.25	38.98	1100
1131	2021-08-10	41.92	41.92	40.36	40.36	3100
1132	2021-08-11	41.92	41.92	41.92	41.92	31000
1133	2021-08-12	41.92	41.92	41.49	41.49	10000
1134	2021-08-13	41.92	41.92	41.92	41.92	1000
1135	2021-08-16	43.22	44.08	43.22	44.08	1700
1136	2021-08-17	43.22	44.08	40.28	44.08	810
1137	2021-08-18	43.22	43.65	43.22	43.65	3610
1138	2021-08-19	44.94	44.94	40.71	40.88	4200
1139	2021-08-20	44.08	44.08	40.88	44.08	30000
1140	2021-08-23	43.99	44.08	39.41	43.22	3210
1141	2021-08-24	43.22	43.22	43.22	43.22	2728
1142	2021-08-25	43.22	43.22	43.22	43.22	100
1143	2021-08-26	40.71	40.71	40.71	40.71	100
1144	2021-08-27	44.34	44.51	44.34	44.51	200
1145	2021-08-30	44.94	46.24	42.44	46.24	1900
1146	2021-08-31	42.44	46.67	42.44	46.67	700
1147	2021-09-01	41.14	45.46	41.14	45.46	2600
1148	2021-09-06	43.39	44.08	42.44	43.22	6100
1149	2021-09-07	43.3	43.22	43.22	43.22	0
1150	2021-09-08	43.3	43.3	43.3	43.3	100
1151	2021-09-09	36.82	43.65	36.82	39.85	800
1152	2021-09-10	42.35	48.4	41.57	41.75	1400
1153	2021-09-13	43.48	43.48	43.48	43.48	0
1154	2021-09-14	43.22	43.65	43.22	43.65	900
1155	2021-09-15	43.48	43.48	43.48	43.48	0
1156	2021-09-16	42.44	43.22	42.44	43.22	900
1157	2021-09-17	43.13	43.13	43.13	43.13	0
1158	2021-09-20	44.51	49.44	44.51	44.6	14600
1159	2021-09-21	44.86	44.86	44.86	44.86	100
1160	2021-09-22	44.08	44.08	44.08	44.08	100
1161	2021-09-23	44.34	44.34	44.34	44.34	500
1162	2021-09-24	44.34	44.34	44.34	44.34	0
1163	2021-09-27	44.51	44.51	44.51	44.51	100
1164	2021-09-28	44.34	44.34	44.34	44.34	2000
1165	2021-09-29	44.51	44.94	44.51	44.94	1000
1166	2021-09-30	44.94	47.54	44.86	45.03	12100
1167	2021-10-01	47.54	47.54	45.03	45.03	2200
1168	2021-10-04	44.6	44.6	44.6	44.6	100
1169	2021-10-05	44.6	47.54	44.6	45.46	2500
1170	2021-10-06	45.12	45.12	45.12	45.12	100
1171	2021-10-07	47.54	47.54	46.67	46.67	3200
1172	2021-10-08	44.43	44.43	44.43	44.43	100
1173	2021-10-11	44.43	44.43	44.43	44.43	0
1174	2021-10-12	44.43	44.43	44.43	44.43	0
1175	2021-10-13	44.43	44.43	44.43	44.43	0
1176	2021-10-14	44.43	44.43	44.43	44.43	0
1177	2021-10-15	50.99	50.99	44.43	45.12	14200
1178	2021-10-18	45.98	45.98	45.98	45.98	100
1179	2021-10-19	45.98	45.98	45.98	45.98	0
1180	2021-10-20	45.98	45.98	45.98	45.98	0
1181	2021-10-21	45.98	45.98	45.98	45.98	0
1182	2021-10-22	45.98	45.98	45.98	45.98	0
1183	2021-10-25	45.98	45.98	45.98	45.98	0
1184	2021-10-26	45.98	45.98	45.98	45.98	0
1185	2021-10-27	50.13	50.13	50.13	50.13	200
1186	2021-10-28	50.13	50.13	50.13	50.13	0
1187	2021-10-29	50.13	50.13	50.13	50.13	0
1188	2021-11-01	50.13	50.13	50.13	50.13	0
1189	2021-11-02	50.13	50.13	50.13	50.13	0
1190	2021-11-03	50.13	50.13	50.13	50.13	0
1191	2021-11-04	50.13	50.13	50.13	50.13	0
1192	2021-11-05	50.13	50.13	50.13	50.13	0
1193	2021-11-08	50.13	50.13	50.13	50.13	0
1194	2021-11-09	47.54	47.54	47.11	47.11	1500
1195	2021-11-10	47.28	47.28	47.28	47.28	0
1196	2021-11-11	48.4	53.59	47.62	47.62	600
1197	2021-11-12	47.62	47.62	47.62	47.62	100
1198	2021-11-15	47.62	47.62	47.62	47.62	0
1199	2021-11-16	47.62	47.62	47.62	47.62	0
1200	2021-11-17	47.19	47.97	47.19	47.97	200
1201	2021-11-18	48.06	48.06	48.06	48.06	200
1202	2021-11-19	48.06	48.06	48.06	48.06	0
1203	2021-11-22	47.62	47.62	47.54	47.54	800
1204	2021-11-23	47.54	47.54	47.54	47.54	0
1205	2021-11-24	49.27	49.27	47.54	47.62	2100
1206	2021-11-25	47.19	47.19	47.19	47.19	100
1207	2021-11-26	47.19	47.19	47.19	47.19	0
1208	2021-11-29	47.19	47.19	47.19	47.19	0
1209	2021-11-30	47.19	47.19	47.19	47.19	0
1210	2021-12-01	47.19	47.19	47.19	47.19	0
1211	2021-12-02	51.86	51.86	46.76	46.76	400
1212	2021-12-03	50.56	50.56	50.56	50.56	0
1213	2021-12-06	50.56	50.56	50.56	50.56	0
1214	2021-12-07	50.56	50.56	50.56	50.56	0
1215	2021-12-08	45.9	45.9	45.9	45.9	100
1216	2021-12-09	45.9	45.9	45.9	45.9	0
1217	2021-12-10	45.9	45.9	45.9	45.9	0
1218	2021-12-13	45.9	45.9	45.9	45.9	0
1219	2021-12-14	45.9	45.9	45.9	45.9	0
1220	2021-12-15	45.9	45.9	45.9	45.9	0
1221	2021-12-16	45.9	45.9	45.9	45.9	0
1222	2021-12-17	45.9	45.9	45.9	45.9	0
1223	2021-12-20	45.9	45.9	45.9	45.9	0
1224	2021-12-21	45.9	45.9	45.9	45.9	0
1225	2021-12-22	50.13	50.13	43.3	43.3	1100
1226	2021-12-23	42.52	42.52	42.52	42.52	100
1227	2021-12-24	47.54	47.54	36.82	39.85	1700
1228	2021-12-27	46.41	46.41	46.41	46.41	0
1229	2021-12-28	46.41	46.41	46.41	46.41	0
1230	2021-12-29	46.41	46.41	46.41	46.41	0
1231	2021-12-30	46.41	46.41	46.41	46.41	0
1232	2021-12-31	39.5	39.5	39.5	39.5	311100
1233	2022-01-04	45.38	45.38	45.38	45.38	100
1234	2022-01-05	49.27	49.27	49.27	49.27	100
1235	2022-01-06	47.54	47.54	47.54	47.54	200
1236	2022-01-07	47.54	47.54	47.54	47.54	0
1237	2022-01-10	46.67	46.67	46.67	46.67	200
1238	2022-01-11	46.67	46.67	46.67	46.67	300
1239	2022-01-12	47.54	47.54	42.44	42.44	1100
1240	2022-01-13	43.73	43.73	43.73	43.73	100
1241	2022-01-14	43.22	43.3	43.22	43.3	200
1242	2022-01-17	42.78	42.78	42.78	42.78	300
1243	2022-01-18	42.78	42.78	42.78	42.78	0
1244	2022-01-19	47.11	47.54	41.66	47.54	1100
1245	2022-01-20	43.3	43.3	43.3	43.3	100
1246	2022-01-21	47.54	47.54	42.87	42.87	1100
1247	2022-01-24	42.87	42.87	42.87	42.87	100
1248	2022-01-25	42.87	42.87	42.87	42.87	0
1249	2022-01-26	43.22	43.22	43.22	43.22	300
1250	2022-01-27	43.3	43.3	43.3	43.3	500
1251	2022-01-28	43.65	45.81	43.3	43.3	1100
1252	2022-02-07	44.94	44.94	44.94	44.94	100
1253	2022-02-08	45.81	45.81	38.2	41.66	5900
1254	2022-02-09	42.35	42.35	42.35	42.35	100
1255	2022-02-10	42.35	42.35	42.35	42.35	0
1256	2022-02-11	42.35	42.35	42.35	42.35	0
1257	2022-02-14	42.35	42.35	42.35	42.35	0
1258	2022-02-15	41.57	41.57	41.57	41.57	100
1259	2022-02-16	41.57	41.57	41.57	41.57	0
1260	2022-02-17	41.57	41.57	41.57	41.57	0
1261	2022-02-18	41.57	41.57	41.57	41.57	0
1262	2022-02-21	45.81	45.81	45.81	45.81	300
1263	2022-02-22	45.81	45.81	45.81	45.81	200
1264	2022-02-23	38.98	38.98	38.98	38.98	100
1265	2022-02-24	38.98	38.98	38.98	38.98	0
1266	2022-02-25	38.98	38.98	38.98	38.98	0
1267	2022-02-28	38.98	38.98	38.98	38.98	0
1268	2022-03-01	34.66	34.66	34.66	34.66	100
1269	2022-03-02	34.66	34.66	34.66	34.66	0
1270	2022-03-03	34.66	34.66	34.66	34.66	0
1271	2022-03-04	34.66	34.66	34.66	34.66	0
1272	2022-03-07	34.66	34.66	34.66	34.66	0
1273	2022-03-08	34.66	34.66	34.66	34.66	0
1274	2022-03-09	34.66	34.66	34.66	34.66	0
1275	2022-03-10	34.66	34.66	34.66	34.66	0
1276	2022-03-11	34.66	34.66	34.66	34.66	0
1277	2022-03-14	34.66	34.66	34.66	34.66	0
1278	2022-03-15	34.66	34.66	34.66	34.66	0
1279	2022-03-16	34.66	34.66	34.66	34.66	0
1280	2022-03-17	34.66	34.66	34.66	34.66	0
1281	2022-03-18	39.85	39.85	39.85	39.85	100
1282	2022-03-21	42.35	42.35	42.35	42.35	200
1283	2022-03-22	42.35	42.35	42.35	42.35	0
1284	2022-03-23	43.22	48.66	43.22	44.17	52800
1285	2022-03-24	43.99	43.99	43.99	43.99	0
1286	2022-03-25	43.99	43.99	43.99	43.99	0
1287	2022-03-28	47.54	47.54	37.43	37.43	400
1288	2022-03-29	38.98	38.98	38.98	38.98	100
1289	2022-03-30	38.98	38.98	38.98	38.98	0
1290	2022-03-31	38.98	38.98	38.98	38.98	0
1291	2022-04-01	38.98	38.98	38.98	38.98	0
1292	2022-04-04	38.98	38.98	38.98	38.98	0
1293	2022-04-05	38.98	38.98	38.98	38.98	0
1294	2022-04-06	38.98	38.98	38.98	38.98	0
1295	2022-04-07	33.28	37.17	33.28	37.17	200
1296	2022-04-08	35.26	35.26	35.26	35.26	0
1297	2022-04-12	40.54	40.54	40.54	40.54	100
1298	2022-04-13	40.54	40.54	40.54	40.54	0
1299	2022-04-14	40.54	40.54	40.54	40.54	0
1300	2022-04-15	41.14	46.59	41.14	46.59	300
1301	2022-04-18	42.96	42.96	42.96	42.96	0
1302	2022-04-19	43.22	45.81	40.8	43.65	5700
1303	2022-04-20	44.34	44.34	44.34	44.34	0
1304	2022-04-21	37.77	37.77	37.77	37.77	100
1305	2022-04-22	37.77	37.77	37.77	37.77	0
1306	2022-04-25	43.39	43.39	43.39	43.39	200
1307	2022-04-26	49.27	49.87	43.39	43.39	6300
1308	2022-04-27	46.15	46.15	46.15	46.15	0
1309	2022-04-28	46.15	46.15	46.15	46.15	0
1310	2022-04-29	39.85	46.15	39.85	46.15	300
1311	2022-05-04	44.08	44.08	44.08	44.08	0
1312	2022-05-05	50.04	50.04	50.04	50.04	100
1313	2022-05-06	44.08	44.08	44.08	44.08	200
1314	2022-05-09	50.04	50.65	50.04	50.65	300
1315	2022-05-10	47.11	49.27	45.03	45.03	1700
1316	2022-05-11	44.17	49.27	44.17	49.27	600
1317	2022-05-12	44.08	44.08	44.08	44.08	800
1318	2022-05-13	37.68	37.68	37.68	37.68	100
1319	2022-05-16	37.68	37.68	37.68	37.68	0
1320	2022-05-17	43.26	43.26	43.26	43.26	100
1321	2022-05-18	45.03	45.03	45.03	45.03	1200
1322	2022-05-19	45.03	45.03	45.03	45.03	0
1323	2022-05-20	46.88	47.32	38.3	47.32	700
1324	2022-05-23	45.11	45.11	45.11	45.11	200
1325	2022-05-24	45.11	45.11	45.11	45.11	400
1326	2022-05-25	47.32	47.32	45.2	45.2	600
1327	2022-05-26	39.98	47.77	39.98	44.76	3600
1328	2022-05-27	46.97	46.97	46.97	46.97	0
1329	2022-05-30	43.43	43.43	43.43	43.43	100
1330	2022-05-31	43.43	43.43	43.43	43.43	0
1331	2022-06-01	46.88	46.88	43.43	43.43	1100
1332	2022-06-02	43.43	43.43	43.43	43.43	100
1333	2022-06-03	43.43	43.43	43.43	43.43	0
1334	2022-06-06	43.34	43.34	43.34	43.34	5000
1335	2022-06-07	43.34	43.34	43.34	43.34	1000
1336	2022-06-08	43.34	43.34	43.34	43.34	0
1337	2022-06-09	46.88	46.88	43.43	43.43	1100
1338	2022-06-10	43.43	43.43	43.43	43.43	100
1339	2022-06-13	43.43	43.43	43.43	43.43	0
1340	2022-06-14	46.88	46.88	43.43	43.43	1100
1341	2022-06-15	43.26	43.26	43.17	43.17	2200
1342	2022-06-16	43.17	43.17	43.17	43.17	0
1343	2022-06-17	45.11	45.11	43.43	45.11	3100
1344	2022-06-20	45.03	45.03	45.03	45.03	500
1345	2022-06-21	38.3	38.3	38.3	38.3	100
1346	2022-06-22	38.3	38.3	38.3	38.3	0
1347	2022-06-23	38.3	38.3	38.3	38.3	0
1348	2022-06-24	43.17	43.17	43.17	43.17	1000
1349	2022-06-27	43.17	43.17	43.17	43.17	0
1350	2022-06-28	43.17	43.17	43.17	43.17	0
1351	2022-06-29	43.17	43.17	43.17	43.17	0
1352	2022-06-30	46.44	46.44	46.44	46.44	200
1353	2022-07-01	43.26	43.26	43.26	43.26	100
1354	2022-07-04	46.0	46.0	43.26	43.26	1100
1355	2022-07-05	43.26	43.26	43.26	43.26	100
1356	2022-07-06	43.26	43.26	43.26	43.26	0
1357	2022-07-07	46.44	46.44	43.43	43.43	1100
1358	2022-07-08	43.26	43.26	43.26	43.26	100
1359	2022-07-11	43.26	43.26	43.26	43.26	0
1360	2022-07-12	43.26	43.26	43.26	43.26	30
1361	2022-07-13	43.26	43.26	43.26	43.26	0
1362	2022-07-14	45.11	45.11	45.11	45.11	200
1363	2022-07-15	45.11	45.11	45.11	45.11	0
1364	2022-07-18	45.11	45.11	43.43	43.43	600
1365	2022-07-19	44.85	44.85	44.85	44.85	0
1366	2022-07-20	46.0	46.0	43.43	43.43	500
1367	2022-07-21	43.26	43.26	43.26	43.26	100
1368	2022-07-22	43.26	43.26	43.26	43.26	0
1369	2022-07-25	43.26	43.26	43.26	43.26	0
1370	2022-07-26	43.26	43.26	43.26	43.26	0
1371	2022-07-27	43.26	43.26	43.26	43.26	0
1372	2022-07-28	43.26	43.26	43.26	43.26	0
1373	2022-07-29	43.26	43.26	43.26	43.26	0
1374	2022-08-01	43.26	43.26	43.26	43.26	0
1375	2022-08-02	43.26	43.26	43.26	43.26	0
1376	2022-08-03	43.26	43.26	43.26	43.26	0
1377	2022-08-04	49.54	49.54	49.54	49.54	100
1378	2022-08-05	50.44	50.44	50.44	50.44	100
1379	2022-08-08	50.44	50.44	50.44	50.44	0
1380	2022-08-09	44.04	44.04	44.04	44.04	100
1381	2022-08-10	44.04	44.04	44.04	44.04	0
1382	2022-08-11	44.04	44.04	44.04	44.04	11
1383	2022-08-12	44.04	44.04	44.04	44.04	0
1384	2022-08-15	44.04	44.04	44.04	44.04	0
1385	2022-08-16	44.04	44.04	44.04	44.04	0
1386	2022-08-17	44.04	44.04	44.04	44.04	0
1387	2022-08-18	48.19	48.19	45.13	45.13	3100
1388	2022-08-19	45.04	45.94	45.04	45.94	10000
1389	2022-08-22	44.04	44.04	44.04	44.04	100
1390	2022-08-23	44.04	44.04	44.04	44.04	0
1391	2022-08-24	48.19	48.19	45.04	45.04	4200
1392	2022-08-25	45.13	45.13	45.13	45.13	100
1393	2022-08-26	48.19	48.19	45.13	45.13	6200
1394	2022-08-29	48.19	48.19	45.13	45.13	1800
1395	2022-08-30	40.89	40.89	40.89	40.89	100
1396	2022-08-31	40.89	40.89	40.89	40.89	0
1397	2022-09-05	40.89	40.89	40.89	40.89	0
1398	2022-09-06	40.89	40.89	40.89	40.89	0
1399	2022-09-07	40.89	40.89	40.89	40.89	0
1400	2022-09-08	40.89	40.89	40.89	40.89	0
1401	2022-09-09	40.89	40.89	40.89	40.89	0
1402	2022-09-12	40.89	40.89	40.89	40.89	0
1403	2022-09-13	40.89	40.89	40.89	40.89	0
1404	2022-09-14	40.89	40.89	40.89	40.89	0
1405	2022-09-15	40.89	40.89	40.89	40.89	0
1406	2022-09-16	40.89	40.89	40.89	40.89	0
1407	2022-09-19	45.04	47.02	45.04	47.02	7300
1408	2022-09-20	49.54	51.34	49.54	51.34	2000
1409	2022-09-21	50.8	50.8	50.8	50.8	0
1410	2022-09-22	52.15	54.04	45.13	54.04	6100
1411	2022-09-23	52.42	52.42	52.42	52.42	0
1412	2022-09-26	45.13	45.13	45.13	45.13	100
1413	2022-09-27	45.04	51.34	45.04	51.34	1500
1414	2022-09-28	45.49	45.49	45.49	45.49	0
1415	2022-09-29	45.49	45.49	45.49	45.49	0
1416	2022-09-30	45.49	45.49	45.49	45.49	1
1417	2022-10-03	45.13	45.13	45.13	45.13	100
1418	2022-10-04	45.13	45.13	45.13	45.13	0
1419	2022-10-05	45.13	45.13	45.13	45.13	0
1420	2022-10-06	44.22	44.22	44.22	44.22	200
1421	2022-10-07	44.22	44.22	44.22	44.22	0
1422	2022-10-10	44.22	44.22	44.22	44.22	0
1423	2022-10-11	44.22	44.22	44.22	44.22	0
1424	2022-10-12	43.95	43.95	43.95	43.95	800
1425	2022-10-13	47.74	47.74	47.74	47.74	100
1426	2022-10-14	47.74	47.74	47.74	47.74	0
1427	2022-10-17	46.75	46.84	46.75	46.84	400
1428	2022-10-18	44.04	46.84	44.04	44.04	600
1429	2022-10-19	45.94	45.94	45.94	45.94	0
1430	2022-10-20	46.84	46.84	44.04	44.04	400
1431	2022-10-21	46.12	46.12	46.12	46.12	0
1432	2022-10-24	50.44	50.44	44.13	44.13	1300
1433	2022-10-25	44.04	50.44	43.95	50.44	700
1434	2022-10-26	49.54	49.54	49.54	49.54	100
1435	2022-10-27	45.22	45.22	45.22	45.22	100
1436	2022-10-28	45.22	45.22	45.22	45.22	0
1437	2022-10-31	45.22	45.22	45.22	45.22	0
1438	2022-11-01	45.22	45.22	45.22	45.22	0
1439	2022-11-02	45.22	45.22	45.22	45.22	0
1440	2022-11-03	45.22	45.22	45.22	45.22	0
1441	2022-11-04	45.22	45.22	45.22	45.22	0
1442	2022-11-07	45.22	45.22	45.22	45.22	0
1443	2022-11-08	51.79	51.79	44.13	44.13	600
1444	2022-11-09	44.13	44.13	44.13	44.13	100
1445	2022-11-10	44.13	44.13	44.13	44.13	0
1446	2022-11-11	44.13	44.13	44.13	44.13	0
1447	2022-11-14	43.95	43.95	43.95	43.95	100
1448	2022-11-15	43.95	43.95	43.95	43.95	0
1449	2022-11-16	50.44	50.44	44.04	44.04	200
1450	2022-11-17	40.26	40.26	40.26	40.26	100
1451	2022-11-18	40.26	40.26	40.26	40.26	0
1452	2022-11-21	40.26	40.26	40.26	40.26	0
1453	2022-11-22	40.26	40.26	40.26	40.26	0
1454	2022-11-23	40.26	40.26	40.26	40.26	0
1455	2022-11-24	40.26	40.26	40.26	40.26	0
1456	2022-11-25	40.26	40.26	40.26	40.26	0
1457	2022-11-28	40.26	40.26	40.26	40.26	0
1458	2022-11-29	40.26	40.26	40.26	40.26	0
1459	2022-11-30	40.26	40.26	40.26	40.26	0
1460	2022-12-01	40.26	40.26	40.26	40.26	0
1461	2022-12-02	40.26	40.26	40.26	40.26	0
1462	2022-12-05	40.26	40.26	40.26	40.26	0
1463	2022-12-06	40.26	40.26	40.26	40.26	0
1464	2022-12-07	40.26	40.26	40.26	40.26	0
1465	2022-12-08	40.26	40.26	40.26	40.26	0
1466	2022-12-09	40.26	40.26	40.26	40.26	0
1467	2022-12-12	40.26	40.26	40.26	40.26	0
1468	2022-12-13	40.26	40.26	40.26	40.26	0
1469	2022-12-14	40.26	40.26	40.26	40.26	0
1470	2022-12-15	40.26	40.26	40.26	40.26	0
1471	2022-12-16	40.26	40.26	40.26	40.26	0
1472	2022-12-19	40.26	40.26	40.26	40.26	0
1473	2022-12-20	46.3	46.3	46.3	46.3	100
1474	2022-12-21	53.14	53.23	45.13	45.13	800
1475	2022-12-22	58.55	58.55	45.13	45.13	300
1476	2022-12-23	59.0	62.15	46.21	46.3	1100
1477	2022-12-26	58.28	58.28	58.28	58.28	0
1478	2022-12-27	49.99	66.65	49.54	49.63	5600
1479	2022-12-28	50.71	50.71	50.71	50.71	100
1480	2022-12-29	58.28	58.28	58.28	58.28	100
1481	2022-12-30	64.41	66.97	49.77	50.41	9000
1482	2023-01-03	56.54	68.62	56.54	56.54	300
1483	2023-01-04	60.57	60.57	60.57	60.57	0
1484	2023-01-05	51.87	51.87	51.87	51.87	100
1485	2023-01-06	59.47	59.47	59.01	59.47	2800
1486	2023-01-09	67.7	67.7	59.47	59.47	2200
1487	2023-01-10	67.52	68.16	59.47	67.24	5311
1488	2023-01-11	71.36	77.4	59.56	59.65	10001
1489	2023-01-12	74.56	75.02	63.49	63.49	400
1490	2023-01-13	61.3	61.3	61.3	61.3	100
1491	2023-01-16	70.45	70.45	56.81	56.81	1200
1492	2023-01-17	59.56	79.59	59.56	59.74	7600
1493	2023-01-18	67.06	67.7	67.06	67.7	200
1494	2023-01-19	64.87	77.4	64.87	65.14	300
1495	2023-01-27	69.17	69.17	69.17	69.17	0
1496	2023-01-30	69.17	69.17	69.17	69.17	0
1497	2023-01-31	60.02	60.02	60.02	60.02	100
1498	2023-02-01	60.02	60.02	60.02	60.02	0
1499	2023-02-02	51.05	68.98	51.05	60.2	500
1500	2023-02-03	68.62	68.62	68.62	68.62	100
1501	2023-02-06	68.62	68.62	68.62	68.62	0
1502	2023-02-07	65.87	78.86	65.87	65.96	12700
1503	2023-02-08	66.6	66.6	66.6	66.6	100
1504	2023-02-09	66.6	66.6	66.6	66.6	0
1505	2023-02-10	66.6	66.6	66.6	66.6	100
1506	2023-02-13	73.01	73.01	73.01	73.01	101
1507	2023-02-14	73.37	73.56	73.37	73.56	200
1508	2023-02-15	64.04	64.04	64.04	64.04	100
1509	2023-02-16	73.1	73.65	64.13	64.13	500
1510	2023-02-17	65.87	65.87	65.87	65.87	100
1511	2023-02-20	65.87	73.19	60.47	73.19	1200
1512	2023-02-21	70.45	73.19	70.45	73.19	400
1513	2023-02-22	72.28	73.19	72.28	73.19	500
1514	2023-02-23	62.76	62.76	62.76	62.76	100
1515	2023-02-24	62.76	62.76	62.76	62.76	0
1516	2023-02-27	64.04	71.36	64.04	64.13	800
1517	2023-02-28	62.21	73.1	62.21	64.41	400
1518	2023-03-01	64.22	64.22	64.13	64.13	200
1519	2023-03-02	73.1	73.1	73.1	73.1	100
1520	2023-03-03	64.59	64.59	64.59	64.59	100
1521	2023-03-06	64.59	64.59	64.59	64.59	0
1522	2023-03-07	64.59	64.59	64.59	64.59	0
1523	2023-03-08	64.59	64.59	64.59	64.59	0
1524	2023-03-09	69.07	69.07	69.07	69.07	100
1525	2023-03-10	63.04	63.04	63.04	63.04	100
1526	2023-03-13	72.46	72.46	68.8	68.8	600
1527	2023-03-14	71.82	71.82	71.82	71.82	0
1528	2023-03-15	69.07	69.07	61.11	61.11	10000
1529	2023-03-16	61.39	61.39	61.39	61.39	0
1530	2023-03-17	70.54	70.54	61.48	68.62	601
1531	2023-03-20	61.39	61.39	61.39	61.39	100
1532	2023-03-21	61.39	61.39	61.39	61.39	0
1533	2023-03-22	61.48	70.54	61.48	61.85	1901
1534	2023-03-23	61.3	61.3	61.3	61.3	100
1535	2023-03-24	61.3	61.3	61.3	61.3	0
1536	2023-03-27	61.3	61.3	61.3	61.3	0
1537	2023-03-28	61.3	61.3	61.3	61.3	0
1538	2023-03-29	61.3	61.3	61.3	61.3	0
1539	2023-03-30	61.3	61.3	61.3	61.3	0
1540	2023-03-31	69.44	69.44	69.44	69.44	100
1541	2023-04-03	61.48	61.48	61.48	61.48	100
1542	2023-04-04	61.48	61.48	61.48	61.48	0
1543	2023-04-05	61.48	61.48	61.48	61.48	0
1544	2023-04-06	61.48	61.48	61.48	61.48	0
1545	2023-04-07	61.75	61.75	61.75	61.75	100
1546	2023-04-10	61.75	61.75	61.75	61.75	0
1547	2023-04-11	61.75	61.75	61.75	61.75	0
1548	2023-04-12	53.61	66.79	53.61	66.79	1000
1549	2023-04-13	61.48	61.48	61.48	61.48	0
1550	2023-04-14	61.48	61.48	61.48	61.48	0
1551	2023-04-17	64.04	64.04	64.04	64.04	100
1552	2023-04-18	64.04	73.65	57.73	57.73	8002
1553	2023-04-19	72.09	72.09	72.09	72.09	0
1554	2023-04-20	61.66	61.66	61.66	61.66	100
1555	2023-04-21	61.66	61.66	61.66	61.66	0
1556	2023-04-24	61.66	61.66	61.66	61.66	0
1557	2023-04-25	58.64	58.64	58.64	58.64	100
1558	2023-04-26	58.64	58.64	58.64	58.64	0
1559	2023-04-27	58.64	58.64	58.64	58.64	0
1560	2023-04-28	58.64	58.64	58.64	58.64	0
1561	2023-05-04	58.64	58.64	58.64	58.64	0
1562	2023-05-05	67.43	67.43	67.43	67.43	200
1563	2023-05-08	67.43	67.43	67.43	67.43	0
1564	2023-05-09	68.62	68.62	68.62	68.62	200
1565	2023-05-10	78.68	78.68	59.1	64.22	6200
1566	2023-05-11	68.71	68.71	68.71	68.71	100
1567	2023-05-12	70.45	70.45	69.99	69.99	301
1568	2023-05-15	78.68	78.68	68.89	68.89	2000
1569	2023-05-16	78.68	78.68	78.68	78.68	1000
1570	2023-05-17	66.88	66.88	66.88	66.88	100
1571	2023-05-18	66.88	66.88	66.88	66.88	0
1572	2023-05-19	66.88	66.88	66.88	66.88	0
1573	2023-05-22	66.88	66.88	66.88	66.88	0
1574	2023-05-23	66.88	66.88	66.88	66.88	0
1575	2023-05-24	66.88	66.88	66.88	66.88	0
1576	2023-05-25	62.24	76.9	62.24	76.9	300
1577	2023-05-26	61.22	61.22	61.22	61.22	100
1578	2023-05-29	61.22	61.22	61.22	61.22	0
1579	2023-05-30	61.22	61.22	61.22	61.22	0
1580	2023-05-31	61.22	61.22	61.22	61.22	0
1581	2023-06-01	70.4	70.4	70.4	70.4	500
1582	2023-06-02	80.89	80.89	65.02	69.66	3700
1583	2023-06-05	68.18	68.18	68.18	68.18	100
1584	2023-06-06	78.38	78.38	63.54	63.54	200
1585	2023-06-07	70.96	70.96	70.96	70.96	0
1586	2023-06-08	70.96	70.96	70.96	70.96	0
1587	2023-06-09	61.78	61.78	61.78	61.78	100
1588	2023-06-12	61.78	61.78	61.78	61.78	30
1589	2023-06-13	70.96	70.96	70.96	70.96	100
1590	2023-06-14	70.96	70.96	70.96	70.96	0
1591	2023-06-15	70.96	70.96	70.96	70.96	0
1592	2023-06-16	62.33	81.54	62.33	69.66	13600
1593	2023-06-19	80.33	80.33	80.33	80.33	0
1594	2023-06-20	68.46	68.46	68.46	68.46	100
1595	2023-06-21	78.66	78.66	78.66	78.66	100
1596	2023-06-22	67.81	67.81	67.81	67.81	100
1597	2023-06-23	62.24	62.24	62.24	62.24	100
1598	2023-06-26	71.52	71.52	62.33	62.33	300
1599	2023-06-27	68.46	68.46	68.46	68.46	0
1600	2023-06-28	68.46	68.46	68.46	68.46	0
1601	2023-06-29	78.66	78.66	63.17	78.66	600
1602	2023-06-30	76.06	79.77	66.97	66.97	1200
1603	2023-07-03	67.81	67.81	67.81	67.81	100
1604	2023-07-04	67.81	67.81	67.81	67.81	0
1605	2023-07-05	67.81	67.81	67.81	67.81	0
1606	2023-07-06	67.81	67.81	67.81	67.81	0
1607	2023-07-07	67.81	67.81	67.81	67.81	0
1608	2023-07-10	67.81	67.81	67.81	67.81	0
1609	2023-07-11	67.81	67.81	67.81	67.81	0
1610	2023-07-12	67.81	67.81	67.81	67.81	0
1611	2023-07-13	67.81	67.81	67.81	67.81	0
1612	2023-07-14	67.81	67.81	67.81	67.81	0
1613	2023-07-17	67.81	67.81	67.81	67.81	0
1614	2023-07-18	67.81	67.81	67.81	67.81	0
1615	2023-07-19	61.68	61.68	61.68	61.68	100
1616	2023-07-20	61.68	61.68	61.68	61.68	0
1617	2023-07-21	61.68	61.68	61.68	61.68	0
1618	2023-07-24	61.68	61.68	61.68	61.68	0
1619	2023-07-25	61.68	61.68	61.68	61.68	0
1620	2023-07-26	61.68	61.68	61.68	61.68	0
1621	2023-07-27	61.68	61.68	61.68	61.68	0
1622	2023-07-28	61.68	61.68	61.68	61.68	0
1623	2023-07-31	61.68	61.68	61.68	61.68	0
1624	2023-08-01	70.91	70.91	70.91	70.91	400
1625	2023-08-02	80.99	81.46	71.1	71.19	8300
1626	2023-08-03	68.75	82.87	68.75	70.72	3200
1627	2023-08-04	69.88	69.88	69.88	69.88	100
1628	2023-08-07	80.33	80.33	69.97	69.97	200
1629	2023-08-08	64.04	64.04	64.04	64.04	100
1630	2023-08-09	73.64	73.64	73.64	73.64	100
1631	2023-08-10	66.2	66.2	66.2	66.2	100
1632	2023-08-11	63.19	63.19	63.19	63.19	100
1633	2023-08-14	63.19	63.19	63.19	63.19	0
1634	2023-08-15	63.19	63.19	63.19	63.19	0
1635	2023-08-16	63.19	63.19	63.19	63.19	0
1636	2023-08-17	63.19	63.19	63.19	63.19	0
1637	2023-08-18	63.19	63.19	63.19	63.19	0
1638	2023-08-21	63.19	63.19	63.19	63.19	0
1639	2023-08-22	63.19	63.19	63.19	63.19	0
1640	2023-08-23	63.19	63.19	63.19	63.19	0
1641	2023-08-24	63.19	63.19	63.19	63.19	0
1642	2023-08-25	63.19	63.19	63.19	63.19	0
1643	2023-08-28	63.19	63.19	63.19	63.19	0
1644	2023-08-29	72.61	72.61	65.92	69.69	8500
1645	2023-08-30	68.56	78.82	68.56	78.82	200
1646	2023-08-31	84.75	84.75	75.34	75.34	200
1647	2023-09-05	80.05	82.78	79.57	82.78	2300
1648	2023-09-06	80.05	80.05	79.1	79.1	600
1649	2023-09-07	79.57	79.57	79.1	79.1	200
1650	2023-09-08	79.57	79.57	68.84	68.84	400
1651	2023-09-11	79.57	79.57	79.57	79.57	100
1652	2023-09-12	79.57	79.57	77.22	77.22	900
1653	2023-09-13	77.97	77.97	77.97	77.97	0
1654	2023-09-14	77.97	77.97	77.97	77.97	0
1655	2023-09-15	78.63	78.63	78.16	78.16	300
1656	2023-09-18	78.35	78.35	78.35	78.35	0
1657	2023-09-19	78.35	78.35	78.35	78.35	0
1658	2023-09-20	78.35	78.35	78.35	78.35	0
1659	2023-09-21	78.35	78.35	78.35	78.35	0
1660	2023-09-22	78.35	78.35	78.35	78.35	1
1661	2023-09-25	70.63	70.63	70.63	70.63	1000
1662	2023-09-26	70.63	70.63	70.63	70.63	0
1663	2023-09-27	60.55	76.75	60.55	76.75	200
1664	2023-09-28	75.34	75.34	60.65	60.65	300
1665	2023-09-29	70.44	70.44	70.44	70.44	0
1666	2023-10-02	70.44	70.44	70.44	70.44	0
1667	2023-10-03	70.44	70.44	70.44	70.44	0
1668	2023-10-04	70.44	70.44	70.44	70.44	0
1669	2023-10-05	70.44	70.44	70.44	70.44	0
1670	2023-10-06	70.44	70.44	70.44	70.44	0
1671	2023-10-09	75.24	75.24	75.24	75.24	100
1672	2023-10-10	75.24	75.24	75.24	75.24	0
1673	2023-10-11	75.24	75.24	75.24	75.24	700
1674	2023-10-12	75.24	75.24	75.24	75.24	0
1675	2023-10-13	75.24	75.24	75.24	75.24	0
1676	2023-10-16	75.24	75.24	75.24	75.24	0
1677	2023-10-17	75.24	75.24	75.24	75.24	0
1678	2023-10-18	75.24	75.24	75.24	75.24	0
1679	2023-10-19	75.24	75.24	75.24	75.24	0
1680	2023-10-20	75.24	75.24	75.24	75.24	0
1681	2023-10-23	75.24	75.24	75.24	75.24	200
1682	2023-10-24	64.22	74.4	64.22	74.4	200
1683	2023-10-25	64.32	64.32	64.32	64.32	100
1684	2023-10-26	64.32	64.32	64.32	64.32	0
1685	2023-10-27	73.92	73.92	73.92	73.92	600
1686	2023-10-30	73.92	73.92	73.92	73.92	0
1687	2023-10-31	64.22	64.22	64.22	64.22	100
1688	2023-11-01	64.22	64.22	64.22	64.22	0
1689	2023-11-02	73.83	73.83	73.83	73.83	200
1690	2023-11-03	73.83	73.83	73.83	73.83	0
1691	2023-11-06	73.83	73.83	73.83	73.83	0
1692	2023-11-07	73.83	73.83	73.83	73.83	0
1693	2023-11-08	73.83	73.83	73.83	73.83	0
1694	2023-11-09	73.83	73.83	73.83	73.83	0
1695	2023-11-10	73.83	73.83	73.83	73.83	0
1696	2023-11-13	80.05	80.05	80.05	80.05	500
1697	2023-11-14	80.05	80.05	80.05	80.05	100
1698	2023-11-15	80.05	80.05	80.05	80.05	300
1699	2023-11-16	80.05	80.05	80.05	80.05	1000
1700	2023-11-17	80.05	80.05	80.05	80.05	1001
1701	2023-11-20	80.05	80.05	80.05	80.05	0
1702	2023-11-21	80.05	80.05	80.05	80.05	0
1703	2023-11-22	80.05	80.05	80.05	80.05	1000
1704	2023-11-23	68.27	75.34	68.09	68.09	28000
1705	2023-11-24	59.89	59.89	58.2	58.2	8500
1706	2023-11-27	67.24	67.24	58.39	59.05	7600
1707	2023-11-28	68.93	68.93	61.21	68.93	4000
1708	2023-11-29	67.33	67.33	67.33	67.33	600
1709	2023-11-30	68.75	68.75	68.75	68.75	200
1710	2023-12-01	68.75	68.75	68.75	68.75	200
1711	2023-12-04	69.5	69.5	67.43	67.43	1300
1712	2023-12-05	67.99	67.99	67.8	67.8	800
1713	2023-12-06	67.9	67.9	67.9	67.9	500
1714	2023-12-07	67.9	67.9	67.9	67.9	0
1715	2023-12-08	67.9	67.9	67.9	67.9	2200
1716	2023-12-11	70.16	70.16	70.16	70.16	100
1717	2023-12-12	70.16	70.16	70.16	70.16	0
1718	2023-12-13	70.16	70.16	70.16	70.16	100
1719	2023-12-14	64.98	65.45	64.98	65.45	1000
1720	2023-12-15	65.26	65.26	65.26	65.26	0
1721	2023-12-18	65.26	65.26	65.26	65.26	0
1722	2023-12-19	70.44	70.44	70.44	70.44	100
1723	2023-12-20	70.44	70.44	70.44	70.44	0
1724	2023-12-21	65.07	65.07	65.07	65.07	100
1725	2023-12-22	69.22	69.22	69.22	69.22	100
1726	2023-12-25	70.16	70.63	65.54	69.22	500
1727	2023-12-26	69.69	70.16	66.01	66.01	800
1728	2023-12-27	65.26	66.86	65.26	66.86	554900
1729	2023-12-28	71.18	71.18	71.18	71.18	100
1730	2023-12-29	71.18	81.22	66.98	67.07	24300
1731	2024-01-02	68.7	70.71	68.7	70.71	200
1732	2024-01-03	69.75	69.75	69.75	69.75	0
1733	2024-01-04	66.02	76.34	66.02	76.34	300
1734	2024-01-05	83.8	83.8	70.04	70.04	200
1735	2024-01-08	88.38	88.38	76.44	76.44	200
1736	2024-01-09	94.5	94.5	70.8	80.74	300
1737	2024-01-10	70.8	92.59	70.8	70.8	300
1738	2024-01-11	79.3	79.3	79.3	79.3	100
1739	2024-01-12	79.3	79.3	79.3	79.3	0
1740	2024-01-15	79.3	79.3	79.3	79.3	0
1741	2024-01-16	78.35	78.35	78.35	78.35	200
1742	2024-01-17	77.87	79.78	68.41	79.78	3000
1743	2024-01-18	77.97	78.16	76.44	78.16	300
1744	2024-01-19	66.88	80.16	66.88	80.16	900
1745	2024-01-22	75.77	75.77	75.77	75.77	1000
1746	2024-01-23	79.78	79.78	79.78	79.78	100
1747	2024-01-24	76.44	76.44	76.44	76.44	200
1748	2024-01-25	76.44	76.44	76.44	76.44	0
1749	2024-01-26	77.39	77.39	77.39	77.39	100
1750	2024-01-29	77.39	77.39	77.39	77.39	0
1751	2024-01-30	76.92	76.92	76.92	76.92	200
1752	2024-01-31	76.92	76.92	76.92	76.92	0
1753	2024-02-01	76.92	76.92	76.92	76.92	0
1754	2024-02-02	77.39	77.39	77.39	77.39	1001
1755	2024-02-05	77.39	77.39	77.39	77.39	0
1756	2024-02-06	71.76	75.48	71.76	75.48	2100
1757	2024-02-07	75.48	75.48	75.48	75.48	1000
1758	2024-02-15	75.48	75.48	75.48	75.48	0
1759	2024-02-16	67.27	80.16	67.27	80.16	200
1760	2024-02-19	67.93	67.93	67.93	67.93	100
1761	2024-02-20	67.93	67.93	67.93	67.93	0
1762	2024-02-21	67.93	67.93	67.93	67.93	0
1763	2024-02-22	67.93	67.93	67.93	67.93	0
1764	2024-02-23	77.97	77.97	77.97	77.97	100
1765	2024-02-26	77.97	77.97	77.97	77.97	0
1766	2024-02-27	77.97	77.97	77.97	77.97	0
1767	2024-02-28	77.97	77.97	77.97	77.97	100
1768	2024-02-29	77.97	77.97	77.97	77.97	0
1769	2024-03-01	79.3	79.3	69.94	69.94	1100
1770	2024-03-04	78.35	78.35	78.35	78.35	300
1771	2024-03-05	76.34	81.12	70.32	81.12	330
1772	2024-03-06	70.42	81.12	70.42	81.12	400
1773	2024-03-07	76.15	76.15	76.15	76.15	0
1774	2024-03-08	76.15	76.15	76.15	76.15	0
1775	2024-03-11	76.15	76.15	76.15	76.15	0
1776	2024-03-12	76.15	76.15	76.15	76.15	0
1777	2024-03-13	76.15	76.15	76.15	76.15	0
1778	2024-03-14	76.15	76.15	76.15	76.15	0
1779	2024-03-15	80.07	80.07	71.76	80.07	302
1780	2024-03-18	71.76	77.3	71.76	77.3	200
1781	2024-03-19	74.53	74.53	74.53	74.53	30
1782	2024-03-20	74.53	74.53	74.53	74.53	100
1783	2024-03-21	74.53	74.53	74.53	74.53	4
1784	2024-03-22	74.53	74.53	74.53	74.53	100
1785	2024-03-25	74.53	74.53	74.53	74.53	4
1786	2024-03-26	74.53	74.53	74.53	74.53	0
1787	2024-03-27	74.53	74.53	74.53	74.53	0
1788	2024-03-28	74.53	74.53	74.53	74.53	0
1789	2024-03-29	74.53	74.53	74.53	74.53	400
1790	2024-04-01	74.53	74.53	66.98	66.98	600
1791	2024-04-02	73.28	73.28	73.28	73.28	0
1792	2024-04-03	73.28	73.28	73.28	73.28	0
1793	2024-04-04	73.28	73.28	73.28	73.28	0
1794	2024-04-05	73.28	73.28	73.28	73.28	0
1795	2024-04-08	73.28	73.28	73.28	73.28	1
1796	2024-04-09	73.28	73.28	73.28	73.28	0
1797	2024-04-10	73.28	73.28	73.28	73.28	0
1798	2024-04-11	73.28	73.28	73.28	73.28	0
1799	2024-04-12	76.34	76.34	76.34	76.34	100
1800	2024-04-15	72.62	73.57	72.62	73.57	200
1801	2024-04-16	73.09	73.09	73.09	73.09	500
1802	2024-04-17	73.57	73.57	73.09	73.09	1000
1803	2024-04-19	74.43	74.43	74.43	74.43	100
1804	2024-04-22	74.05	74.05	74.05	74.05	500
1805	2024-04-23	74.05	74.05	74.05	74.05	0
1806	2024-04-24	74.05	74.05	74.05	74.05	0
1807	2024-04-25	74.05	74.05	74.05	74.05	0
1808	2024-04-26	74.05	74.05	74.05	74.05	0
1809	2024-05-02	74.05	74.05	74.05	74.05	0
1810	2024-05-03	74.05	74.05	74.05	74.05	0
1811	2024-05-06	74.05	74.05	74.05	74.05	1
1812	2024-05-07	72.42	73.09	72.42	73.09	4100
1813	2024-05-08	72.9	72.9	72.9	72.9	1
1814	2024-05-09	73.09	73.09	72.42	72.42	1100
1815	2024-05-10	73.0	73.0	73.0	73.0	100
1816	2024-05-13	73.0	73.0	73.0	73.0	0
1817	2024-05-14	73.0	73.0	73.0	73.0	100
1818	2024-05-15	73.0	73.0	73.0	73.0	0
1819	2024-05-16	73.87	73.87	73.58	73.58	1200
1820	2024-05-17	73.77	73.77	73.77	73.77	0
1821	2024-05-20	73.77	73.77	73.77	73.77	0
1822	2024-05-21	71.93	77.66	71.93	77.27	1001
1823	2024-05-22	73.09	73.09	73.09	73.09	10
1824	2024-05-23	72.9	72.9	72.9	72.9	100
1825	2024-05-24	72.9	72.9	68.53	68.53	1200
1826	2024-05-27	72.9	72.9	72.8	72.8	300
1827	2024-05-28	68.14	68.14	68.14	68.14	800
1828	2024-05-29	68.14	68.14	68.04	68.04	802
1829	2024-05-30	66.1	66.1	66.1	66.1	100
1830	2024-05-31	67.55	67.55	67.55	67.55	1200
1831	2024-06-03	66.1	66.1	66.1	66.1	1000
1832	2024-06-04	66.1	66.1	66.1	66.1	4800
1833	2024-06-05	67.07	70.47	67.07	70.47	2166
1834	2024-06-06	67.26	67.26	67.26	67.26	0
1835	2024-06-07	66.19	66.19	66.1	66.1	200
1836	2024-06-10	65.71	65.71	65.71	65.71	160
1837	2024-06-11	66.1	66.1	66.1	66.1	430
1838	2024-06-12	66.1	66.1	66.1	66.1	0
1839	2024-06-13	66.1	66.1	66.1	66.1	0
1840	2024-06-14	66.1	66.1	66.1	66.1	10
1841	2024-06-17	69.98	70.86	69.98	70.86	244
1842	2024-06-18	70.47	70.47	70.47	70.47	0
1843	2024-06-19	66.19	66.19	66.19	66.19	126
1844	2024-06-20	66.19	66.19	66.19	66.19	0
1845	2024-06-21	66.19	66.19	66.19	66.19	0
1846	2024-06-24	66.19	66.19	66.19	66.19	6
1847	2024-06-25	66.29	66.29	66.29	66.29	1500
1848	2024-06-26	66.29	66.29	66.29	66.29	0
1849	2024-06-27	66.29	66.29	66.29	66.29	0
1850	2024-06-28	66.29	66.29	66.29	66.29	0
1851	2024-07-01	66.29	66.29	66.29	66.29	50
1852	2024-07-02	66.29	66.29	66.29	66.29	11
1853	2024-07-03	66.29	66.29	66.29	66.29	0
1854	2024-07-04	66.29	66.29	66.29	66.29	20
1855	2024-07-05	71.93	72.9	71.93	72.9	700
1856	2024-07-08	72.71	72.71	72.71	72.71	0
1857	2024-07-09	72.71	72.71	72.71	72.71	0
1858	2024-07-10	72.71	72.71	72.71	72.71	0
1859	2024-07-11	72.71	72.71	72.71	72.71	0
1860	2024-07-12	72.71	72.71	72.71	72.71	31
1861	2024-07-15	72.71	72.71	72.71	72.71	0
1862	2024-07-16	72.9	78.73	72.9	78.73	800
1863	2024-07-17	75.62	75.62	75.62	75.62	0
1864	2024-07-18	75.62	75.62	75.62	75.62	1
1865	2024-07-19	75.82	75.82	75.82	75.82	100
1866	2024-07-22	75.82	75.82	75.82	75.82	0
1867	2024-07-23	66.1	66.1	65.61	65.61	700
1868	2024-07-24	66.0	66.0	66.0	66.0	1200
1869	2024-07-25	66.0	66.0	66.0	66.0	0
1870	2024-07-26	71.93	74.84	71.93	74.84	200
1871	2024-07-29	73.39	73.39	73.39	73.39	0
1872	2024-07-30	73.39	73.39	73.39	73.39	0
1873	2024-07-31	75.84	75.84	75.84	75.84	100
1874	2024-08-01	75.84	75.84	75.84	75.84	0
1875	2024-08-02	75.84	75.84	75.84	75.84	0
1876	2024-08-05	75.84	75.84	75.84	75.84	0
1877	2024-08-06	75.84	75.84	75.84	75.84	0
1878	2024-08-07	75.84	75.84	75.84	75.84	0
1879	2024-08-08	75.84	75.84	75.84	75.84	0
1880	2024-08-09	75.84	75.84	75.84	75.84	0
1881	2024-08-12	75.84	75.84	75.84	75.84	0
1882	2024-08-13	68.95	68.95	68.95	68.95	401
1883	2024-08-14	68.95	68.95	68.95	68.95	0
1884	2024-08-15	68.95	68.95	68.95	68.95	400
1885	2024-08-16	68.95	68.95	68.95	68.95	0
1886	2024-08-19	68.95	68.95	68.95	68.95	0
1887	2024-08-20	68.95	68.95	68.95	68.95	0
1888	2024-08-21	72.79	72.79	72.4	72.4	200
1889	2024-08-22	72.59	72.59	72.59	72.59	0
1890	2024-08-23	72.59	72.59	72.59	72.59	0
1891	2024-08-26	72.59	72.59	72.59	72.59	0
1892	2024-08-27	72.59	72.59	72.59	72.59	0
1893	2024-08-28	72.59	72.59	72.59	72.59	0
1894	2024-08-29	72.5	72.5	72.5	72.5	100
1895	2024-08-30	66.49	66.49	66.49	66.49	101
1896	2024-09-04	66.49	66.49	66.49	66.49	0
1897	2024-09-05	65.01	66.0	61.07	61.07	14429
1898	2024-09-06	66.49	66.49	59.1	59.1	8400
1899	2024-09-09	63.93	64.03	63.93	63.93	1600
1900	2024-09-10	62.06	63.53	62.06	63.53	7000
1901	2024-09-11	62.15	63.04	60.08	63.04	4950
1902	2024-09-12	60.68	62.06	60.08	60.77	7936
1903	2024-09-13	61.27	61.27	59.1	60.08	2712
1904	2024-09-16	59.59	59.59	59.59	59.59	0
1905	2024-09-17	59.59	61.56	59.59	61.56	1302
1906	2024-09-18	61.07	61.07	61.07	61.07	400
1907	2024-09-19	61.07	61.07	61.07	61.07	1100
1908	2024-09-20	61.07	61.07	61.07	61.07	0
1909	2024-09-23	60.08	61.07	60.08	61.07	3000
1910	2024-09-24	60.77	60.77	60.77	60.77	0
1911	2024-09-25	59.3	61.07	59.3	61.07	610
1912	2024-09-26	61.07	61.07	60.08	60.08	1115
1913	2024-09-27	61.96	61.96	60.28	60.28	805
1914	2024-09-30	60.68	60.68	60.68	60.68	201
1915	2024-10-01	61.07	61.07	61.07	61.07	101
1916	2024-10-02	62.06	62.06	62.06	62.06	102
1917	2024-10-03	64.03	64.03	59.79	61.07	411
1918	2024-10-04	61.46	61.46	61.46	61.46	1
1919	2024-10-07	61.07	61.07	56.34	56.34	6757
1920	2024-10-08	60.08	60.08	59.79	59.79	300
1921	2024-10-09	59.89	59.89	59.89	59.89	0
1922	2024-10-10	60.08	60.08	60.08	60.08	1603
1923	2024-10-11	60.08	60.08	60.08	60.08	301
1924	2024-10-14	60.08	60.08	60.08	60.08	0
1925	2024-10-15	60.08	60.08	60.08	60.08	1
1926	2024-10-16	59.2	59.2	59.1	59.1	4400
1927	2024-10-17	59.1	59.89	59.1	59.89	6200
1928	2024-10-18	62.06	62.06	61.86	61.86	399
1929	2024-10-21	61.96	61.96	61.96	61.96	1
1930	2024-10-22	61.96	61.96	61.96	61.96	108
1931	2024-10-23	61.96	61.96	61.96	61.96	200
1932	2024-10-24	61.96	61.96	61.96	61.96	41
1933	2024-10-25	61.96	61.96	61.96	61.96	0
1934	2024-10-28	62.45	62.45	62.45	62.45	110
1935	2024-10-29	60.38	71.81	60.38	71.81	1400
1936	2024-10-30	69.54	69.54	69.54	69.54	2501
1937	2024-10-31	69.34	69.54	69.34	69.54	1601
1938	2024-11-01	69.44	69.44	68.95	68.95	340
1939	2024-11-04	68.95	68.95	68.95	68.95	100
1940	2024-11-05	64.12	64.12	64.12	64.12	100
1941	2024-11-06	64.12	64.12	64.12	64.12	200
1942	2024-11-07	63.83	63.83	63.83	63.83	105
1943	2024-11-08	63.83	63.83	63.83	63.83	3
1944	2024-11-11	61.37	61.37	61.37	61.37	138
1945	2024-11-12	61.37	61.37	61.37	61.37	0
1946	2024-11-13	61.37	61.37	61.37	61.37	1
1947	2024-11-14	61.37	61.37	61.37	61.37	1
1948	2024-11-15	61.37	61.37	61.37	61.37	0
1949	2024-11-18	61.37	61.37	61.37	61.37	101
1950	2024-11-19	61.37	61.37	61.37	61.37	1
1951	2024-11-20	61.37	61.37	61.37	61.37	0
1952	2024-11-21	61.37	61.37	61.37	61.37	0
1953	2024-11-22	61.37	61.37	61.37	61.37	20
1954	2024-11-25	52.89	52.89	52.89	52.89	100
1955	2024-11-26	52.89	52.89	52.89	52.89	0
1956	2024-11-27	52.89	52.89	52.89	52.89	0
1957	2024-11-28	52.89	52.89	52.89	52.89	0
1958	2024-11-29	52.89	52.89	52.89	52.89	0
1959	2024-12-02	60.77	60.77	60.77	60.77	100
1960	2024-12-03	69.64	69.74	69.64	69.74	400
1961	2024-12-04	69.74	69.74	69.74	69.74	71
1962	2024-12-05	68.95	68.95	68.95	68.95	100
1963	2024-12-06	67.96	67.96	62.06	62.06	400
1964	2024-12-09	66.0	66.0	66.0	66.0	100
1965	2024-12-10	66.0	66.0	66.0	66.0	402
1966	2024-12-11	68.95	69.44	68.95	69.44	200
1967	2024-12-12	69.25	69.25	69.25	69.25	0
1968	2024-12-13	69.25	69.25	69.25	69.25	0
1969	2024-12-16	69.25	69.25	69.25	69.25	0
1970	2024-12-17	69.25	69.25	69.25	69.25	0
1971	2024-12-18	69.25	69.25	69.25	69.25	7
1972	2024-12-19	69.25	69.25	69.25	69.25	0
1973	2024-12-20	69.25	69.25	69.25	69.25	0
1974	2024-12-23	69.25	69.25	69.25	69.25	0
1975	2024-12-24	69.25	69.44	69.25	69.44	700
1976	2024-12-25	69.25	69.25	69.25	69.25	0
1977	2024-12-26	69.25	69.25	69.25	69.25	0
1978	2024-12-27	69.25	69.25	69.25	69.25	0
1979	2024-12-30	69.94	69.94	68.95	68.95	403
1980	2024-12-31	69.44	69.44	69.44	69.44	0
1981	2025-01-02	69.44	69.44	69.44	69.44	200
1982	2025-01-03	65.01	66.0	65.01	66.0	300
1983	2025-01-06	65.31	65.31	65.31	65.31	200
1984	2025-01-07	66.0	66.0	65.31	65.31	242
1985	2025-01-08	65.7	65.7	65.7	65.7	104
1986	2025-01-09	65.7	65.7	65.5	65.5	202
1987	2025-01-10	65.6	65.6	65.6	65.6	0
1988	2025-01-13	65.6	65.6	65.6	65.6	0
1989	2025-01-14	65.5	65.6	65.5	65.6	2100
1990	2025-01-15	61.5	61.5	61.5	61.5	100
1991	2025-01-16	61.6	61.6	61.6	61.6	653
1992	2025-01-17	61.6	61.6	61.6	61.6	0
1993	2025-01-20	61.6	61.6	61.6	61.6	0
1994	2025-01-21	61.6	61.6	61.6	61.6	0
1995	2025-01-22	65.0	65.0	62.0	62.0	200
1996	2025-01-24	65.0	65.0	65.0	65.0	300
1997	2025-02-04	65.0	66.0	65.0	66.0	300
1998	2025-02-05	67.0	67.0	67.0	67.0	200
1999	2025-02-06	67.1	68.0	67.1	68.0	400
2000	2025-02-07	67.8	67.8	67.8	67.8	700
2001	2025-02-10	67.9	67.9	67.8	67.8	500
2002	2025-02-11	67.0	67.0	67.0	67.0	100
2003	2025-02-13	67.1	67.1	67.1	67.1	100
2004	2025-02-18	74.0	77.1	67.6	67.9	11100
2005	2025-02-19	76.5	76.5	67.0	67.0	1200
2006	2025-02-20	68.3	68.3	68.3	68.3	200
2007	2025-02-21	68.5	68.5	68.5	68.5	100
2008	2025-02-24	68.5	68.5	68.5	68.5	100
2009	2025-03-05	68.5	68.8	68.5	68.8	600
2010	2025-03-06	68.6	68.6	68.6	68.6	200
2011	2025-03-07	68.5	68.5	68.5	68.5	500
2012	2025-03-10	68.6	68.6	68.6	68.6	200
2013	2025-03-12	68.6	68.6	68.6	68.6	200
2014	2025-03-14	68.6	68.6	68.6	68.6	100
2015	2025-03-19	78.0	78.0	68.1	68.1	900
2016	2025-03-20	74.0	74.0	68.3	68.3	400
2017	2025-03-26	74.0	74.0	69.1	69.1	300
2018	2025-03-28	69.1	69.1	69.0	69.0	300
