	time	open	high	low	close	volume
0	2017-02-21	6.51	0.0	0.0	0.0	0
1	2017-02-22	6.51	0.0	0.0	0.0	0
2	2017-02-23	5.43	5.43	5.43	5.43	4500
3	2017-02-24	5.43	5.43	5.43	5.43	0
4	2017-02-27	5.43	5.43	5.43	5.43	6541
5	2017-02-28	5.43	5.43	5.43	5.43	0
6	2017-03-01	5.43	5.43	5.43	5.43	0
7	2017-03-02	5.73	5.73	5.73	5.73	100
8	2017-03-03	5.73	5.73	5.73	5.73	0
9	2017-03-06	5.73	5.73	5.73	5.73	1700
10	2017-03-07	5.73	5.73	5.73	5.73	0
11	2017-03-08	5.73	5.73	5.73	5.73	0
12	2017-03-09	5.73	5.73	5.73	5.73	1100
13	2017-03-10	5.73	5.73	5.73	5.73	400
14	2017-03-13	5.91	5.91	5.91	5.91	1000
15	2017-03-14	5.73	5.91	5.73	5.91	4600
16	2017-03-15	5.73	5.73	5.73	5.73	1400
17	2017-03-16	5.85	5.91	5.73	5.73	3600
18	2017-03-17	5.91	5.91	5.91	5.91	1000
19	2017-03-20	5.85	5.91	5.85	5.91	9170
20	2017-03-21	5.91	5.91	5.91	5.91	400
21	2017-03-22	5.91	5.91	5.91	5.91	330
22	2017-03-23	5.91	5.91	5.91	5.91	2400
23	2017-03-24	5.91	5.91	5.91	5.91	1400
24	2017-03-27	5.91	5.91	5.12	5.91	3600
25	2017-03-28	5.91	5.91	5.91	5.91	0
26	2017-03-29	5.97	6.03	5.97	6.03	1700
27	2017-03-30	5.97	5.97	5.97	5.97	0
28	2017-03-31	6.09	6.09	6.09	6.09	600
29	2017-04-03	6.09	6.27	6.09	6.09	1500
30	2017-04-04	6.03	6.21	5.31	6.21	3400
31	2017-04-05	6.03	6.03	5.25	6.03	3900
32	2017-04-07	6.03	6.03	6.03	6.03	0
33	2017-04-10	6.03	6.03	6.03	6.03	0
34	2017-04-11	6.03	6.03	6.03	6.03	1200
35	2017-04-12	5.91	5.91	5.91	5.91	400
36	2017-04-13	5.91	5.91	5.91	5.91	1000
37	2017-04-14	5.91	5.91	5.91	5.91	0
38	2017-04-17	5.91	5.91	5.91	5.91	0
39	2017-04-18	5.91	5.91	5.91	5.91	0
40	2017-04-19	5.49	5.49	5.49	5.49	600
41	2017-04-20	5.49	5.49	5.49	5.49	0
42	2017-04-21	5.49	5.49	5.49	5.49	0
43	2017-04-24	5.49	5.49	5.49	5.49	0
44	2017-04-25	6.03	6.03	6.03	6.03	100
45	2017-04-26	6.03	6.03	6.03	6.03	0
46	2017-04-27	6.03	6.03	6.03	6.03	11
47	2017-04-28	6.03	6.03	6.03	6.03	0
48	2017-05-03	6.03	6.03	6.03	6.03	0
49	2017-05-04	6.03	6.03	6.03	6.03	0
50	2017-05-05	6.03	6.03	6.03	6.03	0
51	2017-05-08	6.03	6.03	6.03	6.03	0
52	2017-05-09	6.03	6.03	6.03	6.03	0
53	2017-05-10	5.79	5.79	5.12	5.73	1900
54	2017-05-11	5.73	5.73	5.73	5.73	100
55	2017-05-12	5.73	5.73	5.73	5.73	0
56	2017-05-15	4.94	4.94	4.88	4.88	1600
57	2017-05-16	4.82	5.55	4.82	5.55	2000
58	2017-05-17	5.55	5.55	5.55	5.55	100
59	2017-05-18	5.43	5.43	4.94	4.94	2100
60	2017-05-19	5.61	5.61	5.61	5.61	100
61	2017-05-22	5.12	5.79	5.12	5.79	600
62	2017-05-23	5.25	5.25	5.25	5.25	0
63	2017-05-24	5.19	5.61	5.12	5.61	200
64	2017-05-25	5.73	5.73	5.73	5.73	200
65	2017-05-26	5.73	5.73	5.73	5.73	0
66	2017-05-29	5.73	5.73	5.73	5.73	0
67	2017-05-30	5.73	5.73	5.73	5.73	0
68	2017-05-31	5.73	5.73	5.73	5.73	0
69	2017-06-01	5.73	5.73	5.73	5.73	0
70	2017-06-02	5.0	5.0	5.0	5.0	2000
71	2017-06-05	5.0	5.0	5.0	5.0	0
72	2017-06-06	5.0	5.0	5.0	5.0	0
73	2017-06-07	5.0	5.0	5.0	5.0	0
74	2017-06-08	5.67	5.67	5.67	5.67	100
75	2017-06-09	5.67	5.67	5.67	5.67	0
76	2017-06-12	6.45	6.45	5.12	5.12	1011
77	2017-06-13	5.37	5.37	5.37	5.37	100
78	2017-06-14	5.37	5.37	5.37	5.37	0
79	2017-06-15	5.37	5.37	5.37	5.37	0
80	2017-06-16	5.55	5.55	5.55	5.55	100
81	2017-06-19	5.55	5.55	5.55	5.55	0
82	2017-06-20	6.21	6.21	6.21	6.21	100
83	2017-06-21	6.21	6.21	6.21	6.21	0
84	2017-06-22	6.99	6.99	6.99	6.99	100
85	2017-06-23	6.99	6.99	6.99	6.99	0
86	2017-06-26	6.99	6.99	6.99	6.99	0
87	2017-06-27	6.99	6.99	6.99	6.99	0
88	2017-06-28	5.97	5.97	5.97	5.97	1100
89	2017-06-29	5.43	5.43	5.37	5.37	3100
90	2017-06-30	5.37	5.37	5.37	5.37	3000
91	2017-07-03	5.37	5.37	5.37	5.37	0
92	2017-07-04	5.37	5.37	5.37	5.37	0
93	2017-07-05	6.15	6.15	6.15	6.15	200
94	2017-07-06	6.15	6.15	6.15	6.15	0
95	2017-07-07	6.15	6.15	6.15	6.15	11
96	2017-07-10	6.15	6.15	6.15	6.15	0
97	2017-07-11	6.15	6.15	6.15	6.15	0
98	2017-07-12	6.15	6.15	6.15	6.15	0
99	2017-07-13	6.15	6.15	6.15	6.15	0
100	2017-07-14	6.15	6.15	6.15	6.15	0
101	2017-07-17	6.15	6.15	6.15	6.15	0
102	2017-07-18	6.15	6.15	6.15	6.15	0
103	2017-07-19	6.15	6.15	6.15	6.15	0
104	2017-07-20	6.15	6.15	6.15	6.15	0
105	2017-07-21	6.15	6.15	6.15	6.15	0
106	2017-07-24	6.15	6.15	6.15	6.15	0
107	2017-07-25	6.15	6.15	6.15	6.15	0
108	2017-07-26	6.15	6.15	6.15	6.15	0
109	2017-07-27	6.15	6.15	6.15	6.15	0
110	2017-07-28	6.15	6.15	6.15	6.15	0
111	2017-07-31	5.31	5.31	5.25	5.25	2500
112	2017-08-01	5.31	5.31	5.31	5.31	0
113	2017-08-02	6.09	6.09	6.09	6.09	100
114	2017-08-03	5.43	5.43	5.43	5.43	900
115	2017-08-04	5.43	5.43	5.43	5.43	0
116	2017-08-07	5.43	5.43	5.43	5.43	0
117	2017-08-08	5.43	5.43	5.43	5.43	0
118	2017-08-09	6.03	6.03	6.03	6.03	100
119	2017-08-10	6.03	6.03	6.03	6.03	0
120	2017-08-11	6.03	6.03	6.03	6.03	0
121	2017-08-14	6.93	6.93	6.93	6.93	100
122	2017-08-15	6.93	6.93	6.93	6.93	0
123	2017-08-16	6.93	6.93	6.93	6.93	0
124	2017-08-17	6.93	6.93	6.93	6.93	0
125	2017-08-18	6.93	6.93	6.93	6.93	0
126	2017-08-21	6.27	6.27	6.27	6.27	100
127	2017-08-22	6.27	6.27	6.27	6.27	0
128	2017-08-23	6.27	6.27	6.27	6.27	900
129	2017-08-24	6.27	6.27	6.27	6.27	1800
130	2017-08-25	6.27	6.27	6.27	6.27	0
131	2017-08-28	6.27	6.27	6.27	6.27	0
132	2017-08-29	6.27	6.27	6.27	6.27	0
133	2017-08-30	6.27	6.27	6.27	6.27	300
134	2017-08-31	6.27	6.27	6.27	6.27	0
135	2017-09-01	6.27	6.27	6.27	6.27	0
136	2017-09-05	6.27	6.27	6.27	6.27	0
137	2017-09-06	6.27	6.27	6.27	6.27	0
138	2017-09-07	6.27	6.27	6.27	6.27	0
139	2017-09-08	6.27	6.27	6.27	6.27	0
140	2017-09-11	6.27	6.27	6.27	6.27	0
141	2017-09-12	6.27	6.27	6.27	6.27	0
142	2017-09-13	6.27	6.27	6.27	6.27	0
143	2017-09-14	6.27	6.27	6.27	6.27	0
144	2017-09-15	5.94	5.94	5.94	5.94	1000
145	2017-09-18	5.94	5.94	5.94	5.94	0
146	2017-09-19	5.61	5.61	5.61	5.61	1400
147	2017-09-20	5.61	5.61	5.61	5.61	0
148	2017-09-21	5.61	5.61	5.61	5.61	0
149	2017-09-22	5.61	5.61	5.61	5.61	0
150	2017-09-25	5.61	5.61	5.61	5.61	0
151	2017-09-26	4.82	4.89	4.82	4.89	1300
152	2017-09-27	4.82	4.82	4.82	4.82	0
153	2017-09-28	4.16	4.16	4.16	4.16	100
154	2017-09-29	4.75	4.75	4.75	4.75	1200
155	2017-10-02	4.75	4.75	4.75	4.75	0
156	2017-10-03	5.28	5.28	5.28	5.28	100
157	2017-10-04	5.28	5.28	5.28	5.28	0
158	2017-10-05	5.28	5.28	5.28	5.28	0
159	2017-10-06	5.28	5.28	5.28	5.28	0
160	2017-10-09	5.28	5.28	5.28	5.28	0
161	2017-10-10	5.28	5.28	5.28	5.28	0
162	2017-10-11	5.28	5.28	5.28	5.28	0
163	2017-10-12	5.28	5.28	5.28	5.28	1200
164	2017-10-13	4.69	4.69	4.69	4.69	100
165	2017-10-16	4.69	4.69	4.69	4.69	0
166	2017-10-17	5.35	5.35	5.35	5.35	100
167	2017-10-18	5.35	5.35	5.35	5.35	0
168	2017-10-19	5.35	5.35	5.35	5.35	0
169	2017-10-20	5.35	5.35	5.35	5.35	0
170	2017-10-23	5.35	5.35	5.35	5.35	0
171	2017-10-24	5.35	5.35	5.35	5.35	0
172	2017-10-25	5.35	5.35	5.35	5.35	0
173	2017-10-26	5.35	5.35	5.35	5.35	0
174	2017-10-27	5.35	5.35	5.35	5.35	0
175	2017-10-30	5.35	5.35	5.35	5.35	0
176	2017-10-31	5.35	5.35	5.35	5.35	0
177	2017-11-01	5.35	5.35	5.35	5.35	0
178	2017-11-02	5.35	5.35	5.35	5.35	1000
179	2017-11-03	5.35	5.35	5.35	5.35	0
180	2017-11-06	5.35	5.35	5.35	5.35	0
181	2017-11-07	5.35	5.35	5.35	5.35	0
182	2017-11-08	5.48	5.48	5.48	5.48	700
183	2017-11-09	5.48	5.48	5.48	5.48	0
184	2017-11-10	5.48	5.48	5.48	5.48	0
185	2017-11-13	5.48	5.48	5.48	5.48	0
186	2017-11-14	5.48	5.48	5.48	5.48	0
187	2017-11-15	5.48	5.48	5.48	5.48	0
188	2017-11-16	5.48	5.48	5.48	5.48	0
189	2017-11-17	5.48	5.48	5.48	5.48	0
190	2017-11-20	5.48	5.48	5.48	5.48	0
191	2017-11-21	5.48	5.48	5.48	5.48	0
192	2017-11-22	5.35	5.35	5.35	5.35	500
193	2017-11-23	5.35	5.35	5.35	5.35	0
194	2017-11-24	5.35	5.35	5.35	5.35	0
195	2017-11-27	5.48	5.48	5.48	5.48	1500
196	2017-11-28	5.48	5.48	5.48	5.48	0
197	2017-11-29	5.48	5.48	5.48	5.48	0
198	2017-11-30	5.48	5.48	5.48	5.48	0
199	2017-12-01	5.48	5.48	5.48	5.48	0
200	2017-12-04	5.48	5.48	5.48	5.48	0
201	2017-12-05	5.48	5.48	5.48	5.48	0
202	2017-12-06	5.48	5.48	5.48	5.48	0
203	2017-12-07	5.48	5.48	5.48	5.48	0
204	2017-12-08	5.48	5.48	5.48	5.48	0
205	2017-12-11	5.48	5.48	5.48	5.48	0
206	2017-12-12	4.75	4.75	4.75	4.75	100
207	2017-12-13	4.75	4.75	4.75	4.75	0
208	2017-12-14	4.75	4.75	4.75	4.75	0
209	2017-12-15	5.28	5.28	5.28	5.28	1100
210	2017-12-18	5.28	5.28	5.28	5.28	0
211	2017-12-19	5.28	5.28	5.28	5.28	0
212	2017-12-20	5.28	5.28	5.28	5.28	0
213	2017-12-21	5.28	5.28	5.28	5.28	0
214	2017-12-22	5.28	5.28	5.28	5.28	1700
215	2017-12-25	4.62	4.62	4.62	4.62	100
216	2017-12-26	4.62	4.62	4.62	4.62	0
217	2017-12-27	4.62	4.62	4.62	4.62	0
218	2017-12-28	4.62	4.62	4.62	4.62	0
219	2017-12-29	4.62	4.62	4.62	4.62	0
220	2018-01-02	4.62	4.62	4.62	4.62	0
221	2018-01-03	4.62	4.62	4.62	4.62	0
222	2018-01-04	4.62	4.62	4.62	4.62	0
223	2018-01-05	4.62	4.62	4.62	4.62	0
224	2018-01-08	4.62	4.62	4.62	4.62	0
225	2018-01-09	4.62	4.62	4.62	4.62	0
226	2018-01-10	4.62	4.62	4.62	4.62	0
227	2018-01-11	4.62	4.62	4.62	4.62	0
228	2018-01-12	4.62	4.62	4.62	4.62	0
229	2018-01-15	4.82	5.28	4.82	5.28	1900
230	2018-01-16	5.22	5.22	5.22	5.22	0
231	2018-01-17	5.22	5.22	5.22	5.22	0
232	2018-01-18	5.22	5.22	5.22	5.22	0
233	2018-01-19	5.22	5.22	5.22	5.22	0
234	2018-01-22	4.62	4.62	4.62	4.62	100
235	2018-01-23	4.62	4.62	4.62	4.62	0
236	2018-01-24	4.62	4.62	4.62	4.62	0
237	2018-01-25	4.62	4.62	4.62	4.62	0
238	2018-01-26	3.96	3.96	3.96	3.96	100
239	2018-01-29	3.96	3.96	3.96	3.96	0
240	2018-01-30	3.96	3.96	3.96	3.96	0
241	2018-01-31	3.96	3.96	3.96	3.96	0
242	2018-02-01	4.56	4.56	4.56	4.56	100
243	2018-02-02	4.56	4.56	4.56	4.56	0
244	2018-02-05	4.56	4.56	4.56	4.56	0
245	2018-02-06	4.56	4.56	4.56	4.56	0
246	2018-02-07	4.56	4.56	4.56	4.56	0
247	2018-02-08	5.08	5.08	4.29	5.08	900
248	2018-02-09	4.16	5.08	4.16	5.08	1200
249	2018-02-12	4.42	4.95	4.42	4.95	200
250	2018-02-13	4.42	4.42	4.03	4.03	200
251	2018-02-21	3.63	4.82	3.63	3.76	1400
252	2018-02-22	3.7	4.82	3.7	4.82	900
253	2018-02-23	5.08	5.08	5.08	5.08	200
254	2018-02-26	4.42	4.42	4.42	4.42	100
255	2018-02-27	3.9	5.08	3.9	4.49	4400
256	2018-02-28	4.03	4.03	4.03	4.03	100
257	2018-03-01	4.62	4.62	4.62	4.62	100
258	2018-03-02	3.96	4.62	3.96	4.62	600
259	2018-03-05	4.36	4.36	4.36	4.36	0
260	2018-03-06	3.76	3.76	3.76	3.76	100
261	2018-03-07	3.76	3.76	3.76	3.76	0
262	2018-03-08	3.76	3.76	3.76	3.76	0
263	2018-03-09	3.76	3.76	3.76	3.76	0
264	2018-03-12	3.76	3.76	3.76	3.76	0
265	2018-03-13	3.76	3.76	3.76	3.76	0
266	2018-03-14	3.76	3.76	3.76	3.76	0
267	2018-03-15	3.76	3.76	3.76	3.76	0
268	2018-03-16	3.76	3.76	3.76	3.76	0
269	2018-03-19	3.76	3.76	3.76	3.76	0
270	2018-03-20	4.29	4.29	4.29	4.29	100
271	2018-03-21	3.7	3.7	3.7	3.7	100
272	2018-03-22	3.7	3.7	3.7	3.7	0
273	2018-03-23	3.7	3.7	3.7	3.7	0
274	2018-03-26	3.7	3.7	3.7	3.7	0
275	2018-03-27	3.7	3.7	3.7	3.7	0
276	2018-03-28	3.7	3.7	3.7	3.7	0
277	2018-03-29	3.7	3.7	3.7	3.7	0
278	2018-03-30	3.7	3.7	3.7	3.7	0
279	2018-04-02	3.7	3.7	3.7	3.7	0
280	2018-04-03	3.7	3.7	3.7	3.7	0
281	2018-04-04	3.7	3.7	3.7	3.7	0
282	2018-04-05	3.7	3.7	3.7	3.7	0
283	2018-04-06	3.7	3.7	3.7	3.7	0
284	2018-04-09	3.7	3.7	3.7	3.7	0
285	2018-04-10	3.24	3.24	3.24	3.24	100
286	2018-04-11	3.24	3.24	3.24	3.24	0
287	2018-04-12	3.24	3.24	3.24	3.24	0
288	2018-04-13	3.24	3.24	3.24	3.24	0
289	2018-04-16	3.24	3.24	3.24	3.24	0
290	2018-04-17	3.24	3.24	3.24	3.24	0
291	2018-04-18	3.7	3.7	3.7	3.7	100
292	2018-04-19	4.23	4.23	4.23	4.23	100
293	2018-04-20	4.82	4.82	4.82	4.82	100
294	2018-04-23	4.16	4.16	4.16	4.16	100
295	2018-04-24	4.75	4.75	3.57	3.57	200
296	2018-04-26	4.75	4.75	3.63	4.75	600
297	2018-04-27	4.56	4.56	4.56	4.56	0
298	2018-05-02	4.56	4.56	4.56	4.56	0
299	2018-05-03	4.56	4.56	4.56	4.56	0
300	2018-05-04	4.56	4.56	4.56	4.56	0
301	2018-05-07	4.62	4.62	4.62	4.62	2000
302	2018-05-08	4.75	4.75	4.75	4.75	300
303	2018-05-09	4.75	4.75	4.75	4.75	0
304	2018-05-10	4.09	4.62	4.09	4.09	400
305	2018-05-11	4.36	4.36	4.36	4.36	0
306	2018-05-14	3.76	4.62	3.76	3.76	700
307	2018-05-15	4.62	4.62	4.62	4.62	100
308	2018-05-16	4.62	4.62	4.62	4.62	0
309	2018-05-17	3.96	3.96	3.96	3.96	100
310	2018-05-18	4.56	4.56	4.56	4.56	100
311	2018-05-21	4.56	4.56	4.56	4.56	0
312	2018-05-22	4.56	4.56	4.56	4.56	0
313	2018-05-23	4.56	4.56	4.56	4.56	0
314	2018-05-24	4.56	4.56	4.56	4.56	0
315	2018-05-25	4.56	4.56	4.56	4.56	0
316	2018-05-28	4.56	4.56	4.56	4.56	0
317	2018-05-29	4.56	4.56	4.56	4.56	0
318	2018-05-30	3.9	3.9	3.9	3.9	100
319	2018-05-31	3.37	3.37	3.37	3.37	100
320	2018-06-01	3.37	3.37	3.37	3.37	0
321	2018-06-04	3.37	3.37	3.37	3.37	0
322	2018-06-05	3.37	3.37	3.37	3.37	0
323	2018-06-06	3.37	3.37	3.37	3.37	0
324	2018-06-07	3.37	3.37	3.37	3.37	0
325	2018-06-08	3.37	3.37	3.37	3.37	0
326	2018-06-11	3.37	3.37	3.37	3.37	0
327	2018-06-12	3.37	3.37	3.37	3.37	0
328	2018-06-13	3.37	3.37	3.37	3.37	0
329	2018-06-14	3.37	3.37	3.37	3.37	0
330	2018-06-15	3.37	3.37	3.37	3.37	0
331	2018-06-18	3.37	3.37	3.37	3.37	0
332	2018-06-19	3.37	3.37	3.37	3.37	0
333	2018-06-20	2.91	2.91	2.91	2.91	100
334	2018-06-21	2.91	2.91	2.91	2.91	0
335	2018-06-22	2.91	2.91	2.91	2.91	0
336	2018-06-25	2.77	2.77	2.77	2.77	100
337	2018-06-26	2.77	2.77	2.77	2.77	0
338	2018-06-27	2.77	2.77	2.77	2.77	0
339	2018-06-28	2.77	2.77	2.77	2.77	0
340	2018-06-29	2.77	2.77	2.77	2.77	0
341	2018-07-02	2.77	2.77	2.77	2.77	0
342	2018-07-03	2.77	2.77	2.77	2.77	0
343	2018-07-04	2.77	2.77	2.77	2.77	0
344	2018-07-05	2.77	2.77	2.77	2.77	0
345	2018-07-06	2.77	2.77	2.77	2.77	0
346	2018-07-09	2.77	2.77	2.77	2.77	0
347	2018-07-10	2.77	2.77	2.77	2.77	0
348	2018-07-11	2.77	2.77	2.77	2.77	0
349	2018-07-12	2.77	2.77	2.77	2.77	0
350	2018-07-13	2.77	2.77	2.77	2.77	0
351	2018-07-16	2.77	2.77	2.77	2.77	0
352	2018-07-17	2.77	2.77	2.77	2.77	0
353	2018-07-18	2.77	2.77	2.77	2.77	0
354	2018-07-19	2.77	2.77	2.77	2.77	0
355	2018-07-20	2.77	2.77	2.77	2.77	0
356	2018-07-23	2.77	2.77	2.77	2.77	0
357	2018-07-24	2.77	2.77	2.77	2.77	0
358	2018-07-25	2.77	2.77	2.77	2.77	0
359	2018-07-26	2.77	2.77	2.77	2.77	0
360	2018-07-27	2.77	2.77	2.77	2.77	0
361	2018-07-30	2.77	2.77	2.77	2.77	0
362	2018-07-31	2.77	2.77	2.77	2.77	0
363	2018-08-01	3.83	3.83	3.83	3.83	100
364	2018-08-02	4.36	4.36	4.36	4.36	100
365	2018-08-03	4.56	4.56	4.56	4.56	200
366	2018-08-06	4.56	4.56	4.56	4.56	0
367	2018-08-07	4.56	4.56	4.56	4.56	0
368	2018-08-08	5.22	5.22	3.9	4.56	400
369	2018-08-09	3.9	4.56	3.9	4.56	200
370	2018-08-10	4.62	4.82	4.62	4.82	600
371	2018-08-13	4.75	4.75	4.75	4.75	0
372	2018-08-14	4.56	4.75	4.56	4.75	500
373	2018-08-15	4.69	4.69	4.69	4.69	0
374	2018-08-16	4.69	4.69	4.69	4.69	0
375	2018-08-17	4.69	4.69	4.69	4.69	0
376	2018-08-20	4.69	4.69	4.69	4.69	0
377	2018-08-21	4.69	4.69	4.69	4.69	0
378	2018-08-22	4.56	4.75	4.56	4.56	300
379	2018-08-23	4.62	4.62	4.62	4.62	0
380	2018-08-24	4.62	4.62	4.62	4.62	0
381	2018-08-27	3.96	3.96	3.96	3.96	100
382	2018-08-28	3.96	3.96	3.96	3.96	0
383	2018-08-29	3.96	3.96	3.96	3.96	0
384	2018-08-30	3.37	4.56	3.37	4.56	200
385	2018-08-31	3.37	4.56	3.37	4.56	300
386	2018-09-04	4.75	4.75	4.75	4.75	100
387	2018-09-05	4.75	4.75	4.75	4.75	0
388	2018-09-06	4.75	4.75	4.75	4.75	0
389	2018-09-07	4.56	4.75	4.56	4.56	1400
390	2018-09-10	4.75	4.75	4.75	4.75	100
391	2018-09-11	4.75	4.75	4.75	4.75	0
392	2018-09-12	4.75	4.75	4.75	4.75	0
393	2018-09-13	4.56	4.56	4.56	4.56	100
394	2018-09-14	4.56	4.56	4.56	4.56	0
395	2018-09-17	4.56	4.56	4.56	4.56	0
396	2018-09-18	4.56	4.56	4.56	4.56	0
397	2018-09-19	4.82	4.82	4.82	4.82	600
398	2018-09-20	4.16	4.16	4.16	4.16	100
399	2018-09-21	3.57	4.69	3.57	4.69	200
400	2018-09-24	4.69	4.69	4.69	4.69	200
401	2018-09-25	4.69	4.69	4.69	4.69	0
402	2018-09-26	4.03	5.35	4.03	4.16	1200
403	2018-09-27	4.62	4.62	4.62	4.62	0
404	2018-09-28	4.62	4.62	4.62	4.62	0
405	2018-10-01	4.62	4.62	4.62	4.62	0
406	2018-10-02	4.62	4.62	4.62	4.62	0
407	2018-10-03	4.62	4.62	4.62	4.62	0
408	2018-10-04	4.62	4.62	4.62	4.62	0
409	2018-10-05	4.62	4.62	4.62	4.62	0
410	2018-10-08	4.75	4.75	4.75	4.75	200
411	2018-10-09	4.75	4.75	4.75	4.75	0
412	2018-10-10	4.75	4.75	4.75	4.75	0
413	2018-10-11	4.75	4.75	4.75	4.75	0
414	2018-10-12	4.75	4.75	4.75	4.75	0
415	2018-10-15	4.75	4.75	4.75	4.75	0
416	2018-10-16	4.09	4.09	4.09	4.09	100
417	2018-10-17	3.5	4.69	3.5	3.5	300
418	2018-10-18	3.9	3.9	3.9	3.9	0
419	2018-10-19	4.42	4.42	4.42	4.42	100
420	2018-10-22	4.42	4.42	4.42	4.42	0
421	2018-10-23	4.42	4.42	4.42	4.42	0
422	2018-10-24	4.42	4.42	4.42	4.42	0
423	2018-10-25	4.42	4.42	4.42	4.42	0
424	2018-10-26	4.42	4.42	4.42	4.42	0
425	2018-10-29	4.75	4.75	4.03	4.03	1500
426	2018-10-30	4.69	4.69	4.69	4.69	0
427	2018-10-31	4.56	4.69	4.56	4.56	700
428	2018-11-01	4.56	4.69	4.56	4.56	400
429	2018-11-02	4.62	4.62	4.62	4.62	0
430	2018-11-05	4.56	4.56	4.56	4.56	100
431	2018-11-06	4.56	4.56	4.56	4.56	0
432	2018-11-07	4.56	4.56	4.56	4.56	0
433	2018-11-08	4.69	4.69	4.69	4.69	200
434	2018-11-09	4.69	4.69	4.69	4.69	0
435	2018-11-12	4.56	4.56	4.56	4.56	100
436	2018-11-13	4.49	4.49	4.49	4.49	100
437	2018-11-14	4.36	4.69	4.36	4.36	600
438	2018-11-15	4.69	4.69	4.69	4.69	200
439	2018-11-16	4.95	5.35	4.95	5.35	14700
440	2018-11-19	4.75	5.02	4.75	5.02	500
441	2018-11-20	5.02	5.02	5.02	5.02	100
442	2018-11-21	5.08	5.08	5.08	5.08	200
443	2018-11-22	5.35	5.81	5.35	5.81	7100
444	2018-11-23	5.94	6.08	5.94	6.08	1900
445	2018-11-26	6.08	6.14	6.08	6.14	800
446	2018-11-27	6.07	6.07	6.07	6.07	100
447	2018-11-28	6.07	6.07	6.07	6.07	0
448	2018-11-29	6.07	6.07	6.07	6.07	0
449	2018-11-30	6.07	6.07	6.07	6.07	0
450	2018-12-03	6.07	6.07	6.07	6.07	0
451	2018-12-04	6.07	6.07	6.07	6.07	0
452	2018-12-05	6.07	6.07	6.07	6.07	0
453	2018-12-06	5.26	6.44	5.26	6.44	220
454	2018-12-07	5.85	6.44	6.44	6.44	0
455	2018-12-10	5.85	6.44	6.44	6.44	0
456	2018-12-11	5.04	6.22	5.04	6.22	200
457	2018-12-12	5.63	6.22	6.22	6.22	0
458	2018-12-13	4.81	4.81	4.81	4.81	100
459	2018-12-14	5.48	5.48	5.48	5.48	200
460	2018-12-17	5.48	5.48	5.48	5.48	0
461	2018-12-18	5.48	5.48	5.48	5.48	0
462	2018-12-19	5.48	5.48	5.48	5.48	0
463	2018-12-20	5.48	5.48	5.48	5.48	0
464	2018-12-21	5.48	5.48	5.48	5.48	0
465	2018-12-24	5.48	5.48	5.48	5.48	0
466	2018-12-25	5.48	5.48	5.48	5.48	0
467	2018-12-26	5.48	5.48	5.48	5.48	0
468	2018-12-27	5.18	5.93	5.18	5.93	800
469	2018-12-28	5.55	5.93	5.93	5.93	0
470	2019-01-02	5.18	5.18	5.18	5.18	100
471	2019-01-03	5.18	5.18	5.18	5.18	0
472	2019-01-04	5.18	5.18	5.18	5.18	600
473	2019-01-07	5.18	5.18	5.18	5.18	0
474	2019-01-08	5.18	5.18	5.18	5.18	0
475	2019-01-09	5.18	5.18	5.18	5.18	0
476	2019-01-10	4.44	4.44	4.44	4.44	100
477	2019-01-11	4.44	4.44	4.44	4.44	0
478	2019-01-14	4.44	4.44	4.44	4.44	0
479	2019-01-15	5.11	5.11	5.11	5.11	100
480	2019-01-16	5.18	5.18	5.18	5.18	400
481	2019-01-17	5.18	5.18	5.18	5.18	0
482	2019-01-18	5.18	5.18	5.18	5.18	0
483	2019-01-21	5.18	5.18	5.18	5.18	0
484	2019-01-22	4.96	4.96	4.89	4.89	500
485	2019-01-23	4.89	4.89	4.89	4.89	0
486	2019-01-24	4.89	4.89	4.89	4.89	0
487	2019-01-25	4.89	4.89	4.89	4.89	0
488	2019-01-28	4.89	4.89	4.89	4.89	0
489	2019-01-29	4.89	4.89	4.89	4.89	0
490	2019-01-30	4.89	4.89	4.89	4.89	0
491	2019-01-31	4.89	4.89	4.89	4.89	0
492	2019-02-01	4.89	4.89	4.89	4.89	0
493	2019-02-11	4.89	4.89	4.89	4.89	0
494	2019-02-12	4.89	4.89	4.89	4.89	0
495	2019-02-13	4.89	4.89	4.89	4.89	0
496	2019-02-14	4.89	4.89	4.89	4.89	0
497	2019-02-15	4.89	4.89	4.89	4.89	0
498	2019-02-18	4.89	4.89	4.89	4.89	0
499	2019-02-19	4.89	4.89	4.89	4.89	0
500	2019-02-20	4.89	4.89	4.89	4.89	0
501	2019-02-21	4.89	4.89	4.89	4.89	0
502	2019-02-22	4.89	4.89	4.89	4.89	0
503	2019-02-25	4.22	4.22	4.22	4.22	100
504	2019-02-26	4.22	4.22	4.22	4.22	0
505	2019-02-27	4.22	4.22	4.22	4.22	0
506	2019-02-28	4.22	4.22	4.22	4.22	0
507	2019-03-01	4.22	4.22	4.22	4.22	0
508	2019-03-04	4.22	4.22	4.22	4.22	0
509	2019-03-05	4.81	4.81	4.81	4.81	100
510	2019-03-06	4.81	4.81	4.81	4.81	0
511	2019-03-07	4.81	4.81	4.81	4.81	0
512	2019-03-08	4.81	4.81	4.81	4.81	0
513	2019-03-11	4.81	4.81	4.81	4.81	0
514	2019-03-12	4.81	4.81	4.81	4.81	0
515	2019-03-13	4.81	4.81	4.81	4.81	0
516	2019-03-14	4.81	4.81	4.81	4.81	0
517	2019-03-15	4.81	4.81	4.81	4.81	0
518	2019-03-18	4.81	4.81	4.81	4.81	0
519	2019-03-19	4.81	4.81	4.81	4.81	0
520	2019-03-20	4.81	4.81	4.81	4.81	0
521	2019-03-21	4.81	4.81	4.81	4.81	0
522	2019-03-22	4.81	4.81	4.81	4.81	0
523	2019-03-25	4.81	4.81	4.81	4.81	0
524	2019-03-26	4.81	4.81	4.81	4.81	0
525	2019-03-27	4.81	4.81	4.81	4.81	0
526	2019-03-28	4.96	5.41	4.96	5.41	1600
527	2019-03-29	5.33	5.41	5.41	5.41	0
528	2019-04-01	5.33	5.41	5.41	5.41	0
529	2019-04-02	4.96	4.96	4.96	4.96	100
530	2019-04-03	4.96	4.96	4.96	4.96	0
531	2019-04-04	4.96	4.96	4.96	4.96	0
532	2019-04-05	5.48	5.48	5.33	5.33	3400
533	2019-04-08	5.33	5.33	5.33	5.33	0
534	2019-04-09	5.33	5.33	5.33	5.33	0
535	2019-04-10	5.48	5.48	5.48	5.48	400
536	2019-04-11	5.48	5.48	5.48	5.48	0
537	2019-04-12	5.26	5.26	5.26	5.26	100
538	2019-04-16	5.26	5.26	5.26	5.26	0
539	2019-04-17	5.26	5.26	5.26	5.26	0
540	2019-04-18	5.26	5.26	5.26	5.26	0
541	2019-04-19	5.63	5.63	5.63	5.63	500
542	2019-04-22	5.63	5.63	5.63	5.63	0
543	2019-04-23	6.44	6.44	6.44	6.44	100
544	2019-04-24	6.44	6.44	6.44	6.44	0
545	2019-04-25	6.44	6.44	6.44	6.44	0
546	2019-04-26	6.44	6.44	6.44	6.44	0
547	2019-05-02	6.44	6.44	6.44	6.44	0
548	2019-05-03	6.44	6.44	6.44	6.44	0
549	2019-05-06	6.44	6.44	6.44	6.44	0
550	2019-05-07	5.48	5.48	5.48	5.48	100
551	2019-05-08	5.48	5.48	5.48	5.48	0
552	2019-05-09	5.11	5.11	5.11	5.11	100
553	2019-05-10	5.11	5.11	5.11	5.11	0
554	2019-05-13	5.11	5.11	5.11	5.11	0
555	2019-05-14	5.11	5.11	5.11	5.11	0
556	2019-05-15	5.11	5.11	5.11	5.11	0
557	2019-05-16	5.11	5.11	5.11	5.11	0
558	2019-05-17	5.11	5.11	5.11	5.11	0
559	2019-05-20	5.11	5.11	5.11	5.11	0
560	2019-05-21	5.11	5.11	5.11	5.11	0
561	2019-05-22	5.11	5.11	5.11	5.11	0
562	2019-05-23	5.78	5.78	5.78	5.78	100
563	2019-05-24	5.78	5.78	5.78	5.78	600
564	2019-05-27	5.78	5.78	5.78	5.78	400
565	2019-05-28	5.33	5.33	5.33	5.33	100
566	2019-05-29	5.33	5.33	5.33	5.33	0
567	2019-05-30	6.07	6.07	6.07	6.07	100
568	2019-05-31	6.07	6.07	6.07	6.07	0
569	2019-06-03	6.96	6.96	6.96	6.96	100
570	2019-06-04	5.93	5.93	5.93	5.93	500
571	2019-06-05	5.93	5.93	5.93	5.93	0
572	2019-06-06	5.93	5.93	5.93	5.93	0
573	2019-06-07	5.93	5.93	5.93	5.93	0
574	2019-06-10	5.93	5.93	5.93	5.93	0
575	2019-06-11	5.93	5.93	5.93	5.93	0
576	2019-06-12	5.93	5.93	5.93	5.93	0
577	2019-06-13	5.93	5.93	5.93	5.93	0
578	2019-06-14	5.93	5.93	5.93	5.93	0
579	2019-06-17	5.93	5.93	5.93	5.93	0
580	2019-06-18	5.93	5.93	5.93	5.93	0
581	2019-06-19	5.93	5.93	5.93	5.93	0
582	2019-06-20	5.63	5.63	5.04	5.04	2400
583	2019-06-21	5.63	5.63	5.63	5.63	500
584	2019-06-24	5.63	5.63	5.63	5.63	0
585	2019-06-25	5.63	5.63	5.63	5.63	300
586	2019-06-26	5.63	5.63	5.63	5.63	0
587	2019-06-27	5.63	5.63	5.63	5.63	100
588	2019-06-28	5.63	5.63	5.63	5.63	10
589	2019-07-01	5.63	5.63	5.63	5.63	0
590	2019-07-02	6.22	6.22	6.22	6.22	100
591	2019-07-03	5.63	5.63	5.63	5.63	3400
592	2019-07-04	5.63	5.63	5.63	5.63	0
593	2019-07-05	6.22	6.22	6.22	6.22	100
594	2019-07-08	6.22	6.22	6.22	6.22	0
595	2019-07-09	6.22	6.22	6.22	6.22	0
596	2019-07-10	5.41	5.41	5.41	5.41	1000
597	2019-07-11	5.41	5.41	5.41	5.41	0
598	2019-07-12	5.41	5.41	5.41	5.41	0
599	2019-07-15	5.41	5.41	5.41	5.41	0
600	2019-07-16	5.41	5.41	5.41	5.41	0
601	2019-07-17	5.41	5.41	5.41	5.41	0
602	2019-07-18	5.41	5.41	5.41	5.41	0
603	2019-07-19	5.41	5.41	5.41	5.41	0
604	2019-07-22	5.41	5.41	5.41	5.41	0
605	2019-07-23	5.41	5.41	5.41	5.41	0
606	2019-07-24	5.41	5.41	5.41	5.41	0
607	2019-07-25	5.41	5.41	5.41	5.41	0
608	2019-07-26	5.55	5.55	5.55	5.55	100
609	2019-07-29	6.07	6.07	6.07	6.07	100
610	2019-07-30	6.07	6.07	6.07	6.07	0
611	2019-07-31	6.59	6.59	6.59	6.59	100
612	2019-08-01	6.59	6.59	6.59	6.59	0
613	2019-08-02	7.33	7.33	7.33	7.33	100
614	2019-08-05	7.33	7.33	7.33	7.33	0
615	2019-08-06	7.33	7.33	7.33	7.33	0
616	2019-08-07	7.33	7.33	7.33	7.33	0
617	2019-08-08	6.3	6.3	6.3	6.3	400
618	2019-08-09	6.3	6.3	6.3	6.3	0
619	2019-08-12	6.3	6.3	6.3	6.3	0
620	2019-08-13	5.63	5.78	5.63	5.78	600
621	2019-08-14	5.78	5.78	5.78	5.78	0
622	2019-08-15	5.78	5.78	5.78	5.78	0
623	2019-08-16	5.78	5.78	5.78	5.78	0
624	2019-08-19	6.15	6.15	6.15	6.15	100
625	2019-08-20	6.15	6.15	6.15	6.15	0
626	2019-08-21	6.15	6.15	6.15	6.15	0
627	2019-08-22	6.15	6.15	6.15	6.15	100
628	2019-08-23	6.15	6.15	6.15	6.15	2800
629	2019-08-26	6.15	6.15	6.15	6.15	0
630	2019-08-27	6.15	6.15	6.15	6.15	0
631	2019-08-28	6.15	6.15	6.15	6.15	100
632	2019-08-29	7.04	7.04	7.04	7.04	100
633	2019-08-30	8.07	8.07	6.0	6.0	600
634	2019-09-03	6.3	6.3	6.3	6.3	100
635	2019-09-04	6.3	6.3	6.3	6.3	0
636	2019-09-05	6.3	6.3	6.3	6.3	0
637	2019-09-06	5.78	5.93	5.78	5.93	1000
638	2019-09-09	5.93	5.93	5.93	5.93	0
639	2019-09-10	5.93	5.93	5.93	5.93	0
640	2019-09-11	5.93	5.93	5.93	5.93	0
641	2019-09-12	5.93	5.93	5.93	5.93	0
642	2019-09-13	5.93	5.93	5.93	5.93	0
643	2019-09-16	5.93	5.93	5.93	5.93	0
644	2019-09-17	5.93	5.93	5.93	5.93	0
645	2019-09-18	5.93	5.93	5.93	5.93	0
646	2019-09-19	5.93	5.93	5.93	5.93	0
647	2019-09-20	5.93	5.93	5.93	5.93	0
648	2019-09-23	5.93	5.93	5.93	5.93	0
649	2019-09-24	5.93	5.93	5.93	5.93	0
650	2019-09-25	5.93	5.93	5.93	5.93	0
651	2019-09-26	5.93	5.93	5.93	5.93	0
652	2019-09-27	5.93	5.93	5.93	5.93	0
653	2019-09-30	5.93	5.93	5.93	5.93	0
654	2019-10-01	5.93	5.93	5.93	5.93	0
655	2019-10-02	5.93	5.93	5.93	5.93	0
656	2019-10-03	5.93	5.93	5.93	5.93	0
657	2019-10-04	5.93	5.93	5.93	5.93	0
658	2019-10-07	5.93	5.93	5.93	5.93	0
659	2019-10-08	5.93	5.93	5.93	5.93	0
660	2019-10-09	5.93	5.93	5.93	5.93	0
661	2019-10-10	5.93	5.93	5.93	5.93	0
662	2019-10-11	5.93	5.93	5.93	5.93	0
663	2019-10-14	5.93	5.93	5.93	5.93	0
664	2019-10-15	5.93	5.93	5.93	5.93	0
665	2019-10-16	5.93	5.93	5.93	5.93	0
666	2019-10-17	5.93	5.93	5.93	5.93	0
667	2019-10-18	5.93	5.93	5.93	5.93	0
668	2019-10-21	5.93	5.93	5.93	5.93	0
669	2019-10-22	5.93	5.93	5.93	5.93	0
670	2019-10-23	5.93	5.93	5.93	5.93	0
671	2019-10-24	5.93	5.93	5.93	5.93	0
672	2019-10-25	7.33	7.33	7.33	7.33	100
673	2019-10-28	8.37	8.37	8.37	8.37	100
674	2019-10-29	7.18	7.18	7.18	7.18	100
675	2019-10-30	7.18	7.18	7.18	7.18	0
676	2019-10-31	7.18	7.18	7.18	7.18	0
677	2019-11-01	7.18	7.18	7.18	7.18	0
678	2019-11-04	7.18	7.18	7.18	7.18	0
679	2019-11-05	7.18	7.18	7.18	7.18	0
680	2019-11-06	6.67	6.67	6.67	6.67	100
681	2019-11-07	6.67	6.67	6.67	6.67	0
682	2019-11-08	6.67	6.67	6.67	6.67	0
683	2019-11-11	6.67	6.67	6.67	6.67	0
684	2019-11-12	6.67	6.67	6.67	6.67	0
685	2019-11-13	7.55	7.55	7.55	7.55	100
686	2019-11-14	7.55	7.55	7.55	7.55	0
687	2019-11-15	7.55	7.55	7.55	7.55	0
688	2019-11-18	7.55	7.55	7.55	7.55	0
689	2019-11-19	7.55	7.55	7.55	7.55	0
690	2019-11-20	7.55	7.55	7.55	7.55	0
691	2019-11-21	7.55	7.55	7.55	7.55	0
692	2019-11-22	7.55	7.55	7.55	7.55	0
693	2019-11-25	8.59	8.59	8.59	8.59	100
694	2019-11-26	7.33	7.33	7.33	7.33	100
695	2019-11-27	6.67	6.67	6.67	6.67	3000
696	2019-11-28	6.67	6.67	6.67	6.67	0
697	2019-11-29	6.67	6.67	6.67	6.67	0
698	2019-12-02	6.74	6.74	6.67	6.67	500
699	2019-12-03	6.67	6.67	6.67	6.67	0
700	2019-12-04	6.67	6.67	6.67	6.67	0
701	2019-12-05	6.67	6.67	6.67	6.67	0
702	2019-12-06	6.67	6.67	6.67	6.67	0
703	2019-12-09	6.67	6.67	6.67	6.67	0
704	2019-12-10	6.67	6.67	6.67	6.67	0
705	2019-12-11	6.67	6.67	6.67	6.67	600
706	2019-12-12	6.67	7.5	7.5	7.5	0
707	2019-12-13	6.67	7.5	7.5	7.5	0
708	2019-12-16	6.67	7.5	7.5	7.5	0
709	2019-12-17	6.67	7.5	7.5	7.5	0
710	2019-12-18	6.67	7.5	7.5	7.5	0
711	2019-12-19	6.67	7.5	7.5	7.5	0
712	2019-12-20	6.67	7.5	7.5	7.5	0
713	2019-12-23	6.67	7.5	7.5	7.5	0
714	2019-12-24	6.67	7.5	7.5	7.5	0
715	2019-12-25	6.67	7.5	7.5	7.5	0
716	2019-12-26	6.67	7.5	7.5	7.5	0
717	2019-12-27	6.67	7.5	7.5	7.5	0
718	2019-12-30	6.67	7.5	7.5	7.5	0
719	2019-12-31	6.67	7.5	7.5	7.5	0
720	2020-01-02	6.67	6.67	6.67	6.67	200
721	2020-01-03	6.67	6.67	6.67	6.67	0
722	2020-01-06	6.67	6.67	6.67	6.67	0
723	2020-01-07	6.67	6.67	6.67	6.67	800
724	2020-01-08	6.67	6.67	6.67	6.67	0
725	2020-01-09	6.67	6.67	6.67	6.67	0
726	2020-01-10	6.67	6.67	6.67	6.67	0
727	2020-01-13	6.83	6.83	6.75	6.75	200
728	2020-01-14	6.83	6.75	6.75	6.75	0
729	2020-01-15	6.83	6.75	6.75	6.75	0
730	2020-01-16	6.83	6.75	6.75	6.75	0
731	2020-01-17	6.83	6.75	6.75	6.75	0
732	2020-01-20	6.83	6.75	6.75	6.75	0
733	2020-01-21	7.75	7.75	7.75	7.75	100
734	2020-01-22	7.75	7.75	7.75	7.75	0
735	2020-01-30	7.75	7.75	7.75	7.75	0
736	2020-01-31	8.25	8.25	8.25	8.25	100
737	2020-02-03	8.25	8.25	8.25	8.25	0
738	2020-02-04	8.25	8.25	8.25	8.25	0
739	2020-02-05	9.33	9.33	9.33	9.33	100
740	2020-02-06	10.5	10.5	10.5	10.5	100
741	2020-02-07	10.5	10.5	10.5	10.5	0
742	2020-02-10	11.92	11.92	11.92	11.92	100
743	2020-02-11	11.92	11.92	11.92	11.92	0
744	2020-02-12	11.92	11.92	11.92	11.92	0
745	2020-02-13	11.92	11.92	11.92	11.92	0
746	2020-02-14	11.92	11.92	11.92	11.92	0
747	2020-02-17	11.92	11.92	11.92	11.92	0
748	2020-02-18	11.92	11.92	11.92	11.92	0
749	2020-02-19	11.92	11.92	11.92	11.92	0
750	2020-02-20	11.92	11.92	11.92	11.92	0
751	2020-02-21	11.92	11.92	11.92	11.92	0
752	2020-02-24	11.92	11.92	11.92	11.92	0
753	2020-02-25	11.92	11.92	11.92	11.92	0
754	2020-02-26	11.92	11.92	11.92	11.92	0
755	2020-02-27	11.92	11.92	11.92	11.92	0
756	2020-02-28	11.92	11.92	11.92	11.92	0
757	2020-03-02	11.92	11.92	11.92	11.92	0
758	2020-03-03	11.92	11.92	11.92	11.92	0
759	2020-03-04	11.92	11.92	11.92	11.92	0
760	2020-03-05	11.92	11.92	11.92	11.92	0
761	2020-03-06	11.92	11.92	11.92	11.92	0
762	2020-03-09	11.92	11.92	11.92	11.92	0
763	2020-03-10	11.92	11.92	11.92	11.92	0
764	2020-03-11	11.92	11.92	11.92	11.92	0
765	2020-03-12	11.92	11.92	11.92	11.92	0
766	2020-03-13	11.92	11.92	11.92	11.92	0
767	2020-03-16	11.92	11.92	11.92	11.92	0
768	2020-03-17	11.92	11.92	11.92	11.92	0
769	2020-03-18	11.92	11.92	11.92	11.92	0
770	2020-03-19	16.58	16.58	7.17	7.17	1000
771	2020-03-20	8.08	7.17	7.17	7.17	0
772	2020-03-23	8.08	7.17	7.17	7.17	0
773	2020-03-24	8.08	7.17	7.17	7.17	0
774	2020-03-25	8.08	7.17	7.17	7.17	0
775	2020-03-26	8.08	7.17	7.17	7.17	0
776	2020-03-27	8.08	7.17	7.17	7.17	0
777	2020-03-30	8.08	7.17	7.17	7.17	0
778	2020-03-31	8.08	7.17	7.17	7.17	0
779	2020-04-01	8.08	7.17	7.17	7.17	0
780	2020-04-03	8.08	7.17	7.17	7.17	0
781	2020-04-06	8.08	7.17	7.17	7.17	0
782	2020-04-07	8.08	7.17	7.17	7.17	0
783	2020-04-08	8.08	7.17	7.17	7.17	0
784	2020-04-09	8.08	7.17	7.17	7.17	0
785	2020-04-10	6.92	6.92	6.92	6.92	500
786	2020-04-13	6.92	6.92	6.92	6.92	0
787	2020-04-14	6.0	6.0	6.0	6.0	100
788	2020-04-15	6.0	6.0	6.0	6.0	0
789	2020-04-16	6.0	6.0	6.0	6.0	0
790	2020-04-17	6.0	6.0	6.0	6.0	0
791	2020-04-20	6.0	6.0	6.0	6.0	0
792	2020-04-21	6.0	6.0	6.0	6.0	0
793	2020-04-22	6.0	6.0	6.0	6.0	0
794	2020-04-23	6.0	6.0	6.0	6.0	0
795	2020-04-24	6.0	6.0	6.0	6.0	0
796	2020-04-27	5.17	5.17	5.17	5.17	100
797	2020-04-28	5.17	5.17	5.17	5.17	0
798	2020-04-29	5.17	5.17	5.17	5.17	0
799	2020-05-04	5.92	5.92	5.92	5.92	13600
800	2020-05-05	5.92	5.92	5.92	5.92	0
801	2020-05-06	5.92	5.92	5.92	5.92	0
802	2020-05-07	5.92	5.92	5.92	5.92	0
803	2020-05-08	5.92	5.92	5.92	5.92	0
804	2020-05-11	6.58	6.58	6.58	6.58	100
805	2020-05-12	6.58	6.58	6.58	6.58	0
806	2020-05-13	7.5	7.5	7.5	7.5	100
807	2020-05-14	6.42	6.42	6.42	6.42	4200
808	2020-05-15	6.42	6.42	6.42	6.42	0
809	2020-05-18	6.42	6.42	6.42	6.42	0
810	2020-05-19	5.83	6.67	5.83	6.67	700
811	2020-05-20	6.42	6.67	6.67	6.67	0
812	2020-05-21	6.42	6.42	6.42	6.42	100
813	2020-05-22	6.42	6.42	6.42	6.42	100
814	2020-05-25	6.42	6.42	6.42	6.42	100
815	2020-05-26	6.42	6.42	6.42	6.42	0
816	2020-05-27	6.42	6.42	6.42	6.42	0
817	2020-05-28	6.42	6.42	6.42	6.42	0
818	2020-05-29	6.42	6.42	6.42	6.42	0
819	2020-06-01	6.42	6.42	6.42	6.42	0
820	2020-06-02	6.42	6.42	6.42	6.42	0
821	2020-06-03	6.42	6.42	6.42	6.42	100
822	2020-06-04	7.17	7.17	7.08	7.08	300
823	2020-06-05	7.08	7.08	7.08	7.08	0
824	2020-06-08	7.08	7.08	7.08	7.08	0
825	2020-06-09	7.83	7.83	7.83	7.83	100
826	2020-06-10	7.83	7.83	7.83	7.83	0
827	2020-06-11	7.83	7.83	7.83	7.83	0
828	2020-06-12	6.67	6.67	6.67	6.67	500
829	2020-06-15	7.42	7.42	7.42	7.42	100
830	2020-06-16	7.42	7.42	7.42	7.42	0
831	2020-06-17	7.42	7.42	7.42	7.42	0
832	2020-06-18	7.08	7.08	7.08	7.08	500
833	2020-06-19	7.08	7.08	7.08	7.08	0
834	2020-06-22	7.08	7.08	6.92	7.08	500
835	2020-06-23	7.42	7.42	7.08	7.08	600
836	2020-06-24	8.08	8.08	8.08	8.08	100
837	2020-06-25	8.92	8.92	8.92	8.92	100
838	2020-06-26	8.92	8.92	8.92	8.92	0
839	2020-06-29	8.92	8.92	8.92	8.92	0
840	2020-06-30	8.92	8.92	8.92	8.92	0
841	2020-07-01	8.92	8.92	8.92	8.92	0
842	2020-07-02	8.92	8.92	8.92	8.92	0
843	2020-07-03	8.92	8.92	8.92	8.92	0
844	2020-07-06	8.92	8.92	8.92	8.92	0
845	2020-07-07	8.92	8.92	8.92	8.92	0
846	2020-07-08	8.92	8.92	8.92	8.92	0
847	2020-07-09	7.58	7.58	7.58	7.58	100
848	2020-07-10	7.58	7.58	7.58	7.58	0
849	2020-07-13	7.08	7.08	7.08	7.08	100
850	2020-07-14	7.75	7.75	7.08	7.08	200
851	2020-07-15	7.33	7.42	7.33	7.42	1000
852	2020-07-16	7.33	7.42	7.42	7.42	0
853	2020-07-17	8.25	8.25	8.25	8.25	100
854	2020-07-20	8.25	8.25	8.25	8.25	0
855	2020-07-21	9.08	9.08	9.08	9.08	100
856	2020-07-22	9.92	9.92	9.92	9.92	100
857	2020-07-23	9.92	9.92	9.92	9.92	0
858	2020-07-24	9.92	9.92	9.92	9.92	0
859	2020-07-27	9.92	9.92	9.92	9.92	0
860	2020-07-28	9.92	9.92	9.92	9.92	0
861	2020-07-29	9.92	9.92	9.92	9.92	0
862	2020-07-30	9.92	9.92	9.92	9.92	0
863	2020-07-31	9.92	9.92	9.92	9.92	0
864	2020-08-03	9.92	9.92	9.92	9.92	0
865	2020-08-04	9.92	9.92	9.92	9.92	0
866	2020-08-05	9.92	9.92	9.92	9.92	0
867	2020-08-06	9.92	9.92	9.92	9.92	0
868	2020-08-07	8.5	8.5	8.5	8.5	1900
869	2020-08-10	9.58	9.58	7.5	7.5	800
870	2020-08-11	8.75	8.75	7.33	7.33	600
871	2020-08-12	8.58	8.58	7.5	7.5	700
872	2020-08-13	8.58	8.58	8.58	8.58	100
873	2020-08-14	9.42	9.42	9.42	9.42	100
874	2020-08-17	10.67	10.67	10.67	10.67	100
875	2020-08-18	9.08	9.08	9.08	9.08	100
876	2020-08-19	7.75	7.75	7.75	7.75	1200
877	2020-08-20	7.75	7.75	7.75	7.75	0
878	2020-08-21	8.75	8.75	8.75	8.75	100
879	2020-08-24	8.33	8.33	7.5	7.5	2300
880	2020-08-25	8.33	8.33	8.33	8.33	100
881	2020-08-26	7.92	7.92	7.5	7.5	200
882	2020-08-27	7.75	7.5	7.5	7.5	0
883	2020-08-28	7.75	7.5	7.5	7.5	0
884	2020-08-31	7.75	7.5	7.5	7.5	0
885	2020-09-01	7.75	7.5	7.5	7.5	0
886	2020-09-03	7.75	7.75	7.75	7.75	100
887	2020-09-04	7.75	7.75	7.75	7.75	300
888	2020-09-07	7.92	7.92	7.75	7.75	500
889	2020-09-08	7.83	7.75	7.75	7.75	0
890	2020-09-09	7.83	7.75	7.75	7.75	0
891	2020-09-10	7.83	7.75	7.75	7.75	0
892	2020-09-11	8.58	8.58	8.58	8.58	100
893	2020-09-14	8.58	8.58	8.58	8.58	0
894	2020-09-15	8.5	8.5	8.5	8.5	400
895	2020-09-16	8.5	8.5	8.5	8.5	0
896	2020-09-17	8.5	8.5	8.5	8.5	0
897	2020-09-18	8.5	8.5	8.5	8.5	0
898	2020-09-21	8.5	8.5	8.5	8.5	0
899	2020-09-22	7.75	7.75	7.58	7.58	1000
900	2020-09-23	7.67	7.58	7.58	7.58	0
901	2020-09-24	7.67	7.58	7.58	7.58	0
902	2020-09-25	7.67	7.58	7.58	7.58	0
903	2020-09-28	7.67	7.58	7.58	7.58	0
904	2020-09-29	8.67	8.67	8.67	8.67	100
905	2020-09-30	9.83	9.83	9.83	9.83	100
906	2020-10-01	10.75	10.75	10.75	10.75	100
907	2020-10-02	10.75	10.75	10.75	10.75	0
908	2020-10-05	10.75	10.75	10.75	10.75	0
909	2020-10-06	10.75	10.75	10.75	10.75	0
910	2020-10-07	12.17	12.17	12.17	12.17	100
911	2020-10-08	13.25	13.25	13.25	13.25	100
912	2020-10-09	13.25	13.25	13.25	13.25	0
913	2020-10-12	13.25	13.25	13.25	13.25	0
914	2020-10-13	13.25	13.25	13.25	13.25	0
915	2020-10-14	13.25	13.25	13.25	13.25	0
916	2020-10-15	14.91	14.91	14.91	14.91	100
917	2020-10-16	14.91	14.91	14.91	14.91	0
918	2020-10-19	14.91	14.91	14.91	14.91	0
919	2020-10-20	14.91	14.91	14.91	14.91	0
920	2020-10-21	14.91	14.91	14.91	14.91	0
921	2020-10-22	14.91	14.91	14.91	14.91	0
922	2020-10-23	14.91	14.91	14.91	14.91	0
923	2020-10-26	14.91	14.91	14.91	14.91	0
924	2020-10-27	14.91	14.91	14.91	14.91	0
925	2020-10-28	14.91	14.91	14.91	14.91	0
926	2020-10-29	14.91	14.91	14.91	14.91	0
927	2020-10-30	14.91	14.91	14.91	14.91	0
928	2020-11-02	14.91	14.91	14.91	14.91	0
929	2020-11-03	14.91	14.91	14.91	14.91	0
930	2020-11-04	14.91	14.91	14.91	14.91	0
931	2020-11-05	14.91	14.91	14.91	14.91	0
932	2020-11-06	14.91	14.91	14.91	14.91	0
933	2020-11-09	14.91	14.91	14.91	14.91	0
934	2020-11-10	14.91	14.91	14.91	14.91	0
935	2020-11-11	14.91	14.91	14.91	14.91	0
936	2020-11-12	14.91	14.91	14.91	14.91	0
937	2020-11-13	14.91	14.91	14.91	14.91	0
938	2020-11-16	14.91	14.91	14.91	14.91	0
939	2020-11-17	14.91	14.91	14.91	14.91	0
940	2020-11-18	14.91	14.91	14.91	14.91	0
941	2020-11-19	14.91	14.91	14.91	14.91	0
942	2020-11-20	14.91	14.91	14.91	14.91	0
943	2020-11-23	12.75	12.75	12.75	12.75	200
944	2020-11-24	12.75	12.75	12.75	12.75	0
945	2020-11-25	12.75	12.75	12.75	12.75	0
946	2020-11-26	12.75	12.75	12.75	12.75	0
947	2020-11-27	12.75	12.75	12.75	12.75	0
948	2020-11-30	12.75	12.75	12.75	12.75	0
949	2020-12-01	12.75	12.75	12.75	12.75	0
950	2020-12-02	12.75	12.75	12.75	12.75	0
951	2020-12-03	14.5	14.5	10.92	10.92	300
952	2020-12-04	10.33	10.33	10.33	10.33	200
953	2020-12-07	8.83	8.83	8.83	8.83	700
954	2020-12-08	9.92	9.92	9.92	9.92	100
955	2020-12-09	9.92	9.92	9.92	9.92	0
956	2020-12-10	9.92	9.92	9.92	9.92	0
957	2020-12-11	9.92	9.92	9.92	9.92	0
958	2020-12-14	9.92	9.92	9.92	9.92	0
959	2020-12-15	9.92	9.92	9.92	9.92	0
960	2020-12-16	9.92	9.92	9.92	9.92	0
961	2020-12-17	9.92	9.92	9.92	9.92	0
962	2020-12-18	9.92	9.92	9.92	9.92	0
963	2020-12-21	9.92	9.92	9.92	9.92	0
964	2020-12-22	9.92	9.92	9.92	9.92	0
965	2020-12-23	8.75	8.75	8.75	8.75	600
966	2020-12-24	8.75	8.75	8.75	8.75	0
967	2020-12-25	8.42	8.42	8.25	8.25	1700
968	2020-12-28	8.25	8.25	8.25	8.25	0
969	2020-12-29	8.25	8.25	8.25	8.25	0
970	2020-12-30	8.75	8.75	8.75	8.75	1800
971	2020-12-31	8.75	8.75	8.75	8.75	0
972	2021-01-04	9.17	9.17	9.17	9.17	5200
973	2021-01-05	9.17	9.17	9.17	9.17	200
974	2021-01-06	9.17	9.17	9.17	9.17	0
975	2021-01-07	9.17	9.17	9.17	9.17	0
976	2021-01-08	10.42	10.42	10.42	10.42	100
977	2021-01-11	10.42	10.42	10.42	10.42	0
978	2021-01-12	10.42	10.42	10.42	10.42	0
979	2021-01-13	10.0	10.08	10.0	10.08	8400
980	2021-01-14	10.0	10.0	10.0	10.0	100
981	2021-01-15	10.0	10.0	10.0	10.0	100
982	2021-01-18	10.0	10.0	10.0	10.0	0
983	2021-01-19	10.83	11.33	10.83	10.92	8100
984	2021-01-20	11.08	11.08	10.92	10.92	2200
985	2021-01-21	11.09	11.09	11.09	11.09	10000
986	2021-01-22	11.09	11.09	11.09	11.09	0
987	2021-01-25	11.09	11.09	11.09	11.09	0
988	2021-01-26	11.09	11.09	11.09	11.09	0
989	2021-01-27	11.09	11.09	11.09	11.09	0
990	2021-01-28	11.09	11.09	11.09	11.09	0
991	2021-01-29	11.09	11.09	11.09	11.09	10000
992	2021-02-01	11.09	11.09	11.09	11.09	0
993	2021-02-02	11.09	11.09	11.09	11.09	0
994	2021-02-03	11.09	11.09	11.09	11.09	12100
995	2021-02-04	11.09	11.09	11.09	11.09	0
996	2021-02-05	12.71	12.71	12.71	12.71	100
997	2021-02-08	14.51	14.51	14.51	14.51	100
998	2021-02-09	16.59	16.59	16.59	16.59	100
999	2021-02-17	17.04	17.04	17.04	17.04	100
1000	2021-02-18	19.56	19.56	19.56	19.56	100
1001	2021-02-19	19.56	19.56	19.56	19.56	0
1002	2021-02-22	19.56	19.56	19.56	19.56	0
1003	2021-02-23	20.64	20.64	20.64	20.64	100
1004	2021-02-24	20.64	20.64	20.64	20.64	0
1005	2021-02-25	20.64	20.64	20.64	20.64	0
1006	2021-02-26	20.64	20.64	20.64	20.64	0
1007	2021-03-01	20.64	20.64	20.64	20.64	0
1008	2021-03-02	20.64	20.64	20.64	20.64	0
1009	2021-03-03	20.64	20.64	20.64	20.64	0
1010	2021-03-04	17.58	17.58	17.58	17.58	1100
1011	2021-03-05	17.58	17.58	17.58	17.58	0
1012	2021-03-08	14.96	14.96	14.96	14.96	400
1013	2021-03-09	13.07	13.07	12.8	12.8	3120
1014	2021-03-10	12.8	12.8	12.8	12.8	0
1015	2021-03-11	12.8	12.8	12.8	12.8	0
1016	2021-03-12	12.8	12.8	12.8	12.8	0
1017	2021-03-15	12.8	12.8	12.8	12.8	0
1018	2021-03-16	12.8	12.8	12.8	12.8	0
1019	2021-03-17	14.69	14.69	14.69	14.69	400
1020	2021-03-18	13.07	13.07	13.07	13.07	200
1021	2021-03-19	13.07	13.07	13.07	13.07	0
1022	2021-03-22	13.07	13.07	13.07	13.07	0
1023	2021-03-23	13.07	13.07	13.07	13.07	0
1024	2021-03-24	13.07	13.07	13.07	13.07	400
1025	2021-03-25	13.07	13.07	13.07	13.07	0
1026	2021-03-26	13.07	13.07	13.07	13.07	0
1027	2021-03-29	13.07	13.07	13.07	13.07	0
1028	2021-03-30	13.52	14.42	13.52	14.42	700
1029	2021-03-31	13.52	13.52	13.52	13.52	400
1030	2021-04-01	13.52	13.52	13.52	13.52	0
1031	2021-04-02	13.52	13.52	13.52	13.52	0
1032	2021-04-05	13.52	13.52	13.52	13.52	0
1033	2021-04-06	13.97	14.42	13.97	14.42	10000
1034	2021-04-07	14.24	14.42	14.42	14.42	0
1035	2021-04-08	14.24	14.42	14.42	14.42	0
1036	2021-04-09	14.24	14.42	14.42	14.42	0
1037	2021-04-12	14.42	14.42	14.42	14.42	15900
1038	2021-04-13	14.51	14.51	14.51	14.51	100
1039	2021-04-14	14.42	14.42	14.42	14.42	6000
1040	2021-04-15	14.42	14.42	14.42	14.42	0
1041	2021-04-16	14.51	14.51	14.42	14.42	2600
1042	2021-04-19	14.78	15.14	14.78	15.14	5300
1043	2021-04-20	14.78	15.14	15.14	15.14	0
1044	2021-04-22	15.78	15.78	15.78	15.78	1000
1045	2021-04-23	15.78	15.78	15.78	15.78	0
1046	2021-04-26	15.78	15.78	15.78	15.78	0
1047	2021-04-27	15.33	15.78	15.33	15.78	75500
1048	2021-04-28	17.58	17.58	15.33	15.33	300
1049	2021-04-29	16.05	15.33	15.33	15.33	0
1050	2021-05-04	18.3	18.3	15.33	15.33	12300
1051	2021-05-05	17.85	17.85	15.33	15.33	6000
1052	2021-05-06	15.33	15.33	15.33	15.33	0
1053	2021-05-07	15.33	15.33	15.33	15.33	5000
1054	2021-05-10	14.42	14.42	13.52	13.52	1400
1055	2021-05-11	14.15	13.52	13.52	13.52	0
1056	2021-05-12	14.15	13.52	13.52	13.52	0
1057	2021-05-13	13.52	15.23	12.71	15.23	700
1058	2021-05-14	15.51	15.51	15.51	15.51	100
1059	2021-05-17	17.76	17.76	17.76	17.76	100
1060	2021-05-18	19.83	19.83	19.83	19.83	100
1061	2021-05-19	19.83	19.83	19.83	19.83	0
1062	2021-05-20	19.83	19.83	19.83	19.83	0
1063	2021-05-21	19.83	19.83	19.83	19.83	0
1064	2021-05-24	19.83	19.83	19.83	19.83	0
1065	2021-05-25	19.83	19.83	19.83	19.83	0
1066	2021-05-26	19.83	19.83	19.83	19.83	0
1067	2021-05-27	19.83	19.83	19.83	19.83	0
1068	2021-05-28	19.83	19.83	19.83	19.83	0
1069	2021-05-31	19.83	19.83	19.83	19.83	0
1070	2021-06-01	19.83	19.83	19.83	19.83	0
1071	2021-06-02	19.83	19.83	19.83	19.83	0
1072	2021-06-03	19.83	19.83	19.83	19.83	0
1073	2021-06-04	19.83	19.83	19.83	19.83	0
1074	2021-06-07	19.83	19.83	19.83	19.83	0
1075	2021-06-08	19.83	19.83	19.83	19.83	0
1076	2021-06-09	19.83	19.83	19.83	19.83	0
1077	2021-06-10	19.83	19.83	19.83	19.83	0
1078	2021-06-11	19.83	19.83	19.83	19.83	0
1079	2021-06-14	19.83	19.83	19.83	19.83	0
1080	2021-06-15	19.83	19.83	19.83	19.83	0
1081	2021-06-16	19.83	19.83	19.83	19.83	0
1082	2021-06-17	19.83	19.83	19.83	19.83	0
1083	2021-06-18	19.83	19.83	19.83	19.83	0
1084	2021-06-21	19.83	19.83	19.83	19.83	0
1085	2021-06-22	19.83	19.83	19.83	19.83	0
1086	2021-06-23	19.83	19.83	19.83	19.83	0
1087	2021-06-24	19.83	19.83	19.83	19.83	0
1088	2021-06-25	14.87	14.87	14.87	14.87	2000
1089	2021-06-28	14.87	14.87	14.87	14.87	0
1090	2021-06-29	14.87	14.87	14.87	14.87	0
1091	2021-06-30	14.87	14.87	14.87	14.87	0
1092	2021-07-01	14.87	14.87	14.87	14.87	0
1093	2021-07-02	14.42	14.42	14.42	14.42	2200
1094	2021-07-05	14.42	14.42	14.42	14.42	0
1095	2021-07-06	14.42	14.42	14.42	14.42	0
1096	2021-07-07	14.42	14.42	14.42	14.42	0
1097	2021-07-08	14.42	14.42	14.42	14.42	0
1098	2021-07-09	14.42	14.42	14.42	14.42	0
1099	2021-07-12	14.42	14.42	14.42	14.42	0
1100	2021-07-13	14.42	14.42	14.42	14.42	0
1101	2021-07-14	14.42	14.42	14.42	14.42	0
1102	2021-07-15	14.42	14.42	14.42	14.42	0
1103	2021-07-16	14.42	14.42	14.42	14.42	0
1104	2021-07-19	14.42	14.42	14.42	14.42	0
1105	2021-07-20	14.42	14.42	14.42	14.42	0
1106	2021-07-21	12.35	12.35	12.35	12.35	2000
1107	2021-07-22	14.15	14.15	14.06	14.06	400
1108	2021-07-23	14.06	14.06	14.06	14.06	0
1109	2021-07-26	14.06	14.06	14.06	14.06	0
1110	2021-07-27	14.06	14.06	14.06	14.06	0
1111	2021-07-28	14.06	14.06	14.06	14.06	0
1112	2021-07-29	14.06	14.06	14.06	14.06	0
1113	2021-07-30	14.06	14.06	14.06	14.06	0
1114	2021-08-02	14.06	14.06	14.06	14.06	0
1115	2021-08-03	14.06	14.06	14.06	14.06	0
1116	2021-08-04	14.06	14.06	14.06	14.06	0
1117	2021-08-05	14.06	14.06	14.06	14.06	0
1118	2021-08-06	14.06	14.06	14.06	14.06	0
1119	2021-08-09	14.06	14.06	14.06	14.06	0
1120	2021-08-10	14.06	14.06	14.06	14.06	0
1121	2021-08-11	14.06	14.06	14.06	14.06	0
1122	2021-08-12	14.06	14.06	14.06	14.06	0
1123	2021-08-13	13.97	13.97	13.97	13.97	1500
1124	2021-08-16	14.42	14.42	14.42	14.42	100
1125	2021-08-17	14.42	14.42	14.42	14.42	0
1126	2021-08-18	14.42	14.42	14.42	14.42	0
1127	2021-08-19	15.33	15.51	15.14	15.51	1500
1128	2021-08-20	15.42	15.42	15.42	15.42	1
1129	2021-08-23	15.42	15.51	15.51	15.51	0
1130	2021-08-24	15.42	15.51	15.51	15.51	0
1131	2021-08-25	15.42	15.51	15.51	15.51	0
1132	2021-08-26	15.42	15.51	15.51	15.51	0
1133	2021-08-27	15.42	15.42	15.42	15.42	0
1134	2021-08-30	15.42	15.42	15.42	15.42	0
1135	2021-08-31	15.42	15.42	15.42	15.42	0
1136	2021-09-01	15.42	15.42	15.42	15.42	0
1137	2021-09-06	15.42	15.51	15.51	15.51	0
1138	2021-09-07	13.25	13.25	13.25	13.25	1100
1139	2021-09-08	13.25	13.25	13.25	13.25	0
1140	2021-09-09	15.23	15.23	15.23	15.23	300
1141	2021-09-10	17.49	17.49	17.49	17.49	100
1142	2021-09-13	17.13	17.13	17.13	17.13	5000
1143	2021-09-14	15.33	15.33	15.33	15.33	1000
1144	2021-09-15	15.33	15.33	15.33	15.33	0
1145	2021-09-16	15.33	15.33	15.33	15.33	200
1146	2021-09-17	15.33	15.33	15.33	15.33	0
1147	2021-09-20	15.33	15.33	15.33	15.33	0
1148	2021-09-21	15.33	15.33	15.33	15.33	0
1149	2021-09-22	15.33	15.33	15.33	15.33	0
1150	2021-09-23	13.79	14.42	13.79	14.42	300
1151	2021-09-24	13.97	13.97	13.97	13.97	0
1152	2021-09-27	13.97	13.97	13.97	13.97	0
1153	2021-09-28	13.97	13.97	13.97	13.97	0
1154	2021-09-29	13.97	13.97	13.97	13.97	0
1155	2021-09-30	13.97	13.97	13.97	13.97	0
1156	2021-10-01	13.97	13.97	13.97	13.97	0
1157	2021-10-04	13.97	13.97	13.97	13.97	0
1158	2021-10-05	15.96	15.96	15.96	15.96	100
1159	2021-10-06	15.96	15.96	15.96	15.96	0
1160	2021-10-07	15.96	15.96	15.96	15.96	0
1161	2021-10-08	15.96	15.96	15.96	15.96	0
1162	2021-10-11	15.96	15.96	15.96	15.96	0
1163	2021-10-12	15.96	15.96	15.96	15.96	0
1164	2021-10-13	15.96	15.96	15.96	15.96	0
1165	2021-10-14	15.96	15.96	15.96	15.96	0
1166	2021-10-15	15.96	15.96	15.96	15.96	0
1167	2021-10-18	15.96	15.96	15.96	15.96	0
1168	2021-10-19	15.96	15.96	15.96	15.96	0
1169	2021-10-20	15.96	15.96	15.96	15.96	0
1170	2021-10-21	15.96	15.96	15.96	15.96	0
1171	2021-10-22	15.33	15.33	15.33	15.33	1100
1172	2021-10-25	16.23	16.23	16.23	16.23	100
1173	2021-10-26	16.23	16.23	16.23	16.23	600
1174	2021-10-27	16.23	16.23	16.23	16.23	0
1175	2021-10-28	16.23	16.23	16.23	16.23	0
1176	2021-10-29	16.23	16.23	16.23	16.23	0
1177	2021-11-01	16.23	16.23	16.23	16.23	0
1178	2021-11-02	16.23	16.23	16.23	16.23	0
1179	2021-11-03	16.23	16.23	16.23	16.23	0
1180	2021-11-04	16.23	17.13	16.23	16.23	1100
1181	2021-11-05	16.95	16.95	16.95	16.95	0
1182	2021-11-08	16.95	16.95	16.95	16.95	0
1183	2021-11-09	16.95	16.95	16.95	16.95	0
1184	2021-11-10	16.95	16.95	16.95	16.95	0
1185	2021-11-11	16.95	16.95	16.95	16.95	0
1186	2021-11-12	16.95	16.95	16.95	16.95	0
1187	2021-11-15	16.95	16.95	16.95	16.95	0
1188	2021-11-16	15.33	15.33	15.33	15.33	400
1189	2021-11-17	15.33	15.33	15.33	15.33	0
1190	2021-11-18	16.23	16.23	16.23	16.23	100
1191	2021-11-19	16.23	16.23	16.23	16.23	0
1192	2021-11-22	16.23	16.23	16.23	16.23	0
1193	2021-11-23	16.23	16.23	16.23	16.23	0
1194	2021-11-24	16.23	16.23	16.23	16.23	0
1195	2021-11-25	16.23	16.23	16.23	16.23	0
1196	2021-11-26	16.23	16.23	16.23	16.23	0
1197	2021-11-29	16.23	16.23	16.23	16.23	0
1198	2021-11-30	17.13	17.13	17.13	17.13	5000
1199	2021-12-01	17.13	17.13	17.13	17.13	0
1200	2021-12-02	17.13	17.13	17.13	17.13	0
1201	2021-12-03	17.13	17.13	17.13	17.13	0
1202	2021-12-06	17.13	17.13	17.13	17.13	0
1203	2021-12-07	17.13	17.13	17.13	17.13	0
1204	2021-12-08	17.13	17.13	17.13	17.13	0
1205	2021-12-09	17.13	17.13	17.13	17.13	0
1206	2021-12-10	17.13	17.13	17.13	17.13	0
1207	2021-12-13	17.13	17.13	17.13	17.13	0
1208	2021-12-14	17.13	17.13	17.13	17.13	0
1209	2021-12-15	17.13	17.13	17.13	17.13	0
1210	2021-12-16	17.13	17.13	17.13	17.13	0
1211	2021-12-17	17.13	17.13	17.13	17.13	0
1212	2021-12-20	19.65	19.65	19.65	19.65	100
1213	2021-12-21	19.65	19.65	19.65	19.65	0
1214	2021-12-22	19.65	19.65	19.65	19.65	0
1215	2021-12-23	19.65	19.65	19.65	19.65	0
1216	2021-12-24	19.65	19.65	19.65	19.65	0
1217	2021-12-27	19.65	19.65	19.65	19.65	0
1218	2021-12-28	19.65	19.65	19.65	19.65	0
1219	2021-12-29	19.65	19.65	19.65	19.65	0
1220	2021-12-30	19.65	19.65	19.65	19.65	0
1221	2021-12-31	19.65	19.65	19.65	19.65	0
1222	2022-01-04	19.65	19.65	19.65	19.65	0
1223	2022-01-05	19.65	19.65	19.65	19.65	0
1224	2022-01-06	19.65	19.65	19.65	19.65	0
1225	2022-01-07	19.65	19.65	19.65	19.65	0
1226	2022-01-10	19.65	19.65	19.65	19.65	0
1227	2022-01-11	19.65	19.65	19.65	19.65	0
1228	2022-01-12	19.65	19.65	19.65	19.65	0
1229	2022-01-13	19.65	19.65	19.65	19.65	0
1230	2022-01-14	19.65	19.65	19.65	19.65	0
1231	2022-01-17	19.65	19.65	19.65	19.65	0
1232	2022-01-18	19.65	19.65	19.65	19.65	0
1233	2022-01-19	19.65	19.65	19.65	19.65	100
1234	2022-01-20	19.65	19.65	19.65	19.65	0
1235	2022-01-21	19.65	19.65	19.65	19.65	0
1236	2022-01-24	19.65	19.65	19.65	19.65	0
1237	2022-01-25	19.65	19.65	19.65	19.65	0
1238	2022-01-26	19.65	19.65	19.65	19.65	0
1239	2022-01-27	19.65	19.65	19.65	19.65	900
1240	2022-01-28	19.65	19.65	19.65	19.65	0
1241	2022-02-07	19.65	19.65	19.65	19.65	0
1242	2022-02-08	20.39	20.39	20.39	20.39	1000
1243	2022-02-09	20.39	20.39	20.39	20.39	0
1244	2022-02-10	20.39	20.39	20.39	20.39	0
1245	2022-02-11	22.71	22.71	20.39	20.39	700
1246	2022-02-14	22.15	22.15	22.15	22.15	0
1247	2022-02-15	22.15	22.15	22.15	22.15	0
1248	2022-02-16	18.91	18.91	18.91	18.91	500
1249	2022-02-17	16.13	16.13	16.13	16.13	5100
1250	2022-02-18	16.13	16.13	16.13	16.13	0
1251	2022-02-21	16.13	16.13	16.13	16.13	0
1252	2022-02-22	16.13	16.13	16.13	16.13	0
1253	2022-02-23	16.13	16.13	16.13	16.13	0
1254	2022-02-24	16.13	16.13	16.13	16.13	0
1255	2022-02-25	16.13	16.13	16.13	16.13	0
1256	2022-02-28	16.13	16.13	16.13	16.13	0
1257	2022-03-01	16.96	16.96	16.96	16.96	100
1258	2022-03-02	16.96	16.96	16.96	16.96	0
1259	2022-03-03	19.47	19.47	19.47	19.47	100
1260	2022-03-04	19.47	19.47	19.47	19.47	0
1261	2022-03-07	16.69	16.69	16.69	16.69	100
1262	2022-03-08	16.69	16.69	15.29	15.29	4100
1263	2022-03-09	16.04	16.04	16.04	16.04	0
1264	2022-03-10	18.35	18.35	15.76	15.76	3000
1265	2022-03-11	15.76	15.76	15.76	15.76	1500
1266	2022-03-14	15.85	15.85	15.85	15.85	1700
1267	2022-03-15	15.85	15.85	15.85	15.85	0
1268	2022-03-16	15.85	15.85	15.85	15.85	0
1269	2022-03-17	15.94	15.94	15.94	15.94	400
1270	2022-03-18	15.94	15.94	15.94	15.94	0
1271	2022-03-21	15.76	15.76	15.76	15.76	700
1272	2022-03-22	15.76	15.76	15.76	15.76	0
1273	2022-03-23	15.76	15.76	15.76	15.76	0
1274	2022-03-24	15.76	15.76	15.76	15.76	0
1275	2022-03-25	15.76	15.76	15.76	15.76	0
1276	2022-03-28	15.76	15.76	15.76	15.76	8100
1277	2022-03-29	17.61	17.61	17.61	17.61	500
1278	2022-03-30	17.61	17.61	17.61	17.61	0
1279	2022-03-31	17.61	17.61	17.61	17.61	100
1280	2022-04-01	17.61	17.61	17.61	17.61	0
1281	2022-04-04	17.61	17.61	17.61	17.61	0
1282	2022-04-05	15.02	15.02	15.02	15.02	400
1283	2022-04-06	17.24	17.24	15.76	15.76	5000
1284	2022-04-07	15.76	15.76	15.76	15.76	0
1285	2022-04-08	15.76	15.76	15.76	15.76	0
1286	2022-04-12	15.76	15.76	15.76	15.76	0
1287	2022-04-13	15.76	15.76	15.76	15.76	4600
1288	2022-04-14	15.76	15.76	15.76	15.76	0
1289	2022-04-15	15.76	15.76	15.76	15.76	0
1290	2022-04-18	15.76	15.76	15.76	15.76	0
1291	2022-04-19	13.44	17.52	13.44	17.43	400
1292	2022-04-20	16.5	16.5	16.5	16.5	0
1293	2022-04-21	16.5	16.5	16.5	16.5	0
1294	2022-04-22	18.72	18.72	18.72	18.72	100
1295	2022-04-25	15.94	18.54	15.94	18.54	200
1296	2022-04-26	18.54	18.54	18.54	18.54	100
1297	2022-04-27	15.76	18.54	15.76	18.54	1200
1298	2022-04-28	16.04	16.04	16.04	16.04	0
1299	2022-04-29	18.35	18.35	15.76	18.35	1400
1300	2022-05-04	15.29	18.54	14.83	14.83	8500
1301	2022-05-05	15.29	15.29	15.29	15.29	0
1302	2022-05-06	15.29	15.29	15.29	15.29	0
1303	2022-05-09	17.52	17.52	17.52	17.52	100
1304	2022-05-10	17.52	17.52	17.52	17.52	0
1305	2022-05-11	18.08	18.08	15.76	15.76	3200
1306	2022-05-12	16.69	17.43	16.69	17.43	300
1307	2022-05-13	16.96	16.96	16.96	16.96	0
1308	2022-05-16	16.96	16.96	16.96	16.96	0
1309	2022-05-17	16.96	16.96	16.96	16.96	0
1310	2022-05-18	16.96	16.96	16.96	16.96	0
1311	2022-05-19	16.96	16.96	16.96	16.96	0
1312	2022-05-20	15.76	17.43	15.76	17.43	300
1313	2022-05-23	17.43	17.43	17.43	17.43	100
1314	2022-05-24	17.43	17.43	17.43	17.43	0
1315	2022-05-25	17.43	17.43	17.43	17.43	100
1316	2022-05-26	17.43	17.43	17.43	17.43	0
1317	2022-05-27	17.43	17.43	17.43	17.43	0
1318	2022-05-30	17.43	17.43	17.43	17.43	0
1319	2022-05-31	17.43	17.43	17.43	17.43	0
1320	2022-06-01	17.43	17.43	17.43	17.43	0
1321	2022-06-02	17.43	17.43	17.43	17.43	0
1322	2022-06-03	17.43	17.43	17.43	17.43	0
1323	2022-06-06	17.43	17.43	17.43	17.43	0
1324	2022-06-07	17.43	17.43	17.43	17.43	0
1325	2022-06-08	17.43	17.43	17.43	17.43	0
1326	2022-06-09	17.43	17.43	17.43	17.43	0
1327	2022-06-10	17.15	20.02	17.15	20.02	3100
1328	2022-06-13	17.15	18.54	17.15	17.15	600
1329	2022-06-14	17.43	17.43	17.43	17.43	0
1330	2022-06-15	17.43	17.43	17.43	17.43	0
1331	2022-06-16	17.43	17.43	17.43	17.43	0
1332	2022-06-17	17.61	17.61	17.61	17.61	300
1333	2022-06-20	17.61	17.61	17.61	17.61	0
1334	2022-06-21	15.11	15.11	15.11	15.11	100
1335	2022-06-22	17.06	17.06	17.06	17.06	100
1336	2022-06-23	17.06	17.06	17.06	17.06	0
1337	2022-06-24	17.06	17.06	17.06	17.06	900
1338	2022-06-27	17.06	17.06	17.06	17.06	0
1339	2022-06-28	17.06	17.06	17.06	17.06	0
1340	2022-06-29	17.06	17.06	17.06	17.06	0
1341	2022-06-30	17.06	17.06	17.06	17.06	0
1342	2022-07-01	17.06	17.06	17.06	17.06	0
1343	2022-07-04	17.06	17.06	17.06	17.06	0
1344	2022-07-05	17.06	17.06	17.06	17.06	0
1345	2022-07-06	17.06	17.06	17.06	17.06	0
1346	2022-07-07	17.06	17.06	17.06	17.06	0
1347	2022-07-08	17.06	17.06	17.06	17.06	0
1348	2022-07-11	17.06	17.06	17.06	17.06	0
1349	2022-07-12	17.06	17.06	17.06	17.06	0
1350	2022-07-13	17.06	17.06	17.06	17.06	0
1351	2022-07-14	17.06	17.06	17.06	17.06	0
1352	2022-07-15	17.06	17.06	17.06	17.06	0
1353	2022-07-18	17.06	17.06	17.06	17.06	0
1354	2022-07-19	17.06	17.06	17.06	17.06	0
1355	2022-07-20	17.06	17.06	17.06	17.06	0
1356	2022-07-21	17.06	17.06	17.06	17.06	0
1357	2022-07-22	17.06	17.06	17.06	17.06	0
1358	2022-07-25	17.06	17.06	17.06	17.06	0
1359	2022-07-26	17.06	17.06	17.06	17.06	0
1360	2022-07-27	17.06	17.06	17.06	17.06	0
1361	2022-07-28	17.06	17.06	17.06	17.06	0
1362	2022-07-29	17.06	17.06	17.06	17.06	0
1363	2022-08-01	17.06	17.06	17.06	17.06	0
1364	2022-08-02	17.06	17.06	17.06	17.06	0
1365	2022-08-03	17.06	17.06	17.06	17.06	0
1366	2022-08-04	17.06	17.06	17.06	17.06	0
1367	2022-08-05	17.06	17.06	17.06	17.06	0
1368	2022-08-08	17.06	17.06	17.06	17.06	0
1369	2022-08-09	17.06	17.06	17.06	17.06	0
1370	2022-08-10	16.96	16.96	16.96	16.96	100
1371	2022-08-11	16.96	17.06	16.96	16.96	2900
1372	2022-08-12	16.96	17.06	16.96	17.06	3000
1373	2022-08-15	17.06	17.06	17.06	17.06	0
1374	2022-08-16	17.06	17.06	17.06	17.06	0
1375	2022-08-17	17.06	17.06	17.06	17.06	0
1376	2022-08-18	17.06	17.06	17.06	17.06	0
1377	2022-08-19	17.06	17.06	17.06	17.06	0
1378	2022-08-22	17.06	17.06	17.06	17.06	0
1379	2022-08-23	17.06	17.06	17.06	17.06	0
1380	2022-08-24	17.06	17.06	17.06	17.06	0
1381	2022-08-25	14.83	14.83	14.83	14.83	1000
1382	2022-08-26	14.83	14.83	14.83	14.83	1000
1383	2022-08-29	17.06	17.06	17.06	17.06	100
1384	2022-08-30	17.06	17.06	17.06	17.06	0
1385	2022-08-31	17.06	17.06	17.06	17.06	0
1386	2022-09-05	17.06	17.06	17.06	17.06	0
1387	2022-09-06	17.06	17.06	17.06	17.06	100
1388	2022-09-07	17.06	17.06	17.06	17.06	0
1389	2022-09-08	17.06	17.06	17.06	17.06	0
1390	2022-09-09	17.06	17.06	17.06	17.06	0
1391	2022-09-12	14.92	14.92	14.92	14.92	121
1392	2022-09-13	17.15	17.15	17.15	17.15	100
1393	2022-09-14	17.15	17.15	17.15	17.15	0
1394	2022-09-15	14.83	14.83	14.83	14.83	200
1395	2022-09-16	14.92	16.96	14.92	16.96	2055
1396	2022-09-19	15.02	15.02	15.02	15.02	100
1397	2022-09-20	14.83	14.83	14.83	14.83	2200
1398	2022-09-21	14.83	14.83	14.83	14.83	0
1399	2022-09-22	14.83	14.83	14.83	14.83	0
1400	2022-09-23	14.83	14.83	14.83	14.83	0
1401	2022-09-26	16.41	16.41	16.41	16.41	100
1402	2022-09-27	16.41	16.41	16.41	16.41	0
1403	2022-09-28	16.41	16.41	16.41	16.41	0
1404	2022-09-29	16.41	16.41	16.41	16.41	0
1405	2022-09-30	14.37	16.22	14.37	16.22	300
1406	2022-10-03	15.02	15.02	15.02	15.02	0
1407	2022-10-04	15.02	15.02	15.02	15.02	0
1408	2022-10-05	15.76	15.76	15.76	15.76	701
1409	2022-10-06	15.76	15.76	15.76	15.76	0
1410	2022-10-07	15.76	15.76	15.76	15.76	0
1411	2022-10-10	15.76	15.76	15.76	15.76	0
1412	2022-10-11	15.76	15.76	15.76	15.76	0
1413	2022-10-12	15.76	15.76	15.76	15.76	0
1414	2022-10-13	15.76	15.76	15.76	15.76	0
1415	2022-10-14	15.76	15.76	15.76	15.76	0
1416	2022-10-17	15.76	15.76	15.76	15.76	0
1417	2022-10-18	15.76	15.76	15.76	15.76	0
1418	2022-10-19	15.76	15.76	15.76	15.76	100
1419	2022-10-20	15.76	15.76	15.76	15.76	0
1420	2022-10-21	18.08	18.08	18.08	18.08	100
1421	2022-10-24	18.08	18.08	18.08	18.08	0
1422	2022-10-25	18.08	18.08	18.08	18.08	0
1423	2022-10-26	18.08	18.08	18.08	18.08	0
1424	2022-10-27	18.08	18.08	18.08	18.08	0
1425	2022-10-28	18.08	18.08	18.08	18.08	0
1426	2022-10-31	18.08	18.08	18.08	18.08	0
1427	2022-11-01	18.08	18.08	18.08	18.08	0
1428	2022-11-02	18.08	18.08	18.08	18.08	0
1429	2022-11-03	18.08	18.08	18.08	18.08	0
1430	2022-11-04	18.08	18.08	18.08	18.08	0
1431	2022-11-07	18.08	18.08	18.08	18.08	0
1432	2022-11-08	18.08	18.08	18.08	18.08	0
1433	2022-11-09	18.08	18.08	18.08	18.08	0
1434	2022-11-10	18.08	18.08	18.08	18.08	0
1435	2022-11-11	18.08	18.08	18.08	18.08	0
1436	2022-11-14	18.08	18.08	18.08	18.08	0
1437	2022-11-15	18.08	18.08	18.08	18.08	0
1438	2022-11-16	18.08	18.08	18.08	18.08	0
1439	2022-11-17	18.08	18.08	18.08	18.08	0
1440	2022-11-18	18.08	18.08	18.08	18.08	0
1441	2022-11-21	18.08	18.08	18.08	18.08	0
1442	2022-11-22	18.08	18.08	18.08	18.08	0
1443	2022-11-23	18.08	18.08	18.08	18.08	0
1444	2022-11-24	18.08	18.08	18.08	18.08	0
1445	2022-11-25	18.08	18.08	18.08	18.08	0
1446	2022-11-28	18.08	18.08	18.08	18.08	0
1447	2022-11-29	18.08	18.08	18.08	18.08	0
1448	2022-11-30	18.08	18.08	18.08	18.08	0
1449	2022-12-01	18.08	18.08	18.08	18.08	0
1450	2022-12-02	18.08	18.08	18.08	18.08	0
1451	2022-12-05	18.08	18.08	18.08	18.08	0
1452	2022-12-06	18.08	18.08	18.08	18.08	0
1453	2022-12-07	18.08	18.08	18.08	18.08	0
1454	2022-12-08	18.08	18.08	18.08	18.08	0
1455	2022-12-09	18.08	18.08	18.08	18.08	0
1456	2022-12-12	18.08	18.08	18.08	18.08	0
1457	2022-12-13	18.08	18.08	18.08	18.08	0
1458	2022-12-14	18.08	18.08	18.08	18.08	0
1459	2022-12-15	18.08	18.08	18.08	18.08	0
1460	2022-12-16	18.08	18.08	18.08	18.08	0
1461	2022-12-19	18.08	18.08	18.08	18.08	0
1462	2022-12-20	18.08	18.08	18.08	18.08	0
1463	2022-12-21	18.08	18.08	18.08	18.08	0
1464	2022-12-22	18.08	18.08	18.08	18.08	0
1465	2022-12-23	10.85	10.85	10.85	10.85	2200
1466	2022-12-26	12.42	12.42	12.42	12.42	2800
1467	2022-12-27	14.28	14.28	14.28	14.28	500
1468	2022-12-28	14.28	14.28	14.28	14.28	0
1469	2022-12-29	14.28	14.28	14.28	14.28	0
1470	2022-12-30	14.28	14.28	14.28	14.28	0
1471	2023-01-03	14.28	14.28	14.28	14.28	0
1472	2023-01-04	14.28	14.28	14.28	14.28	0
1473	2023-01-05	14.28	14.28	14.28	14.28	0
1474	2023-01-06	16.41	16.41	16.41	16.41	100
1475	2023-01-09	16.41	16.41	16.41	16.41	0
1476	2023-01-10	16.41	16.41	16.41	16.41	0
1477	2023-01-11	16.41	16.41	16.41	16.41	0
1478	2023-01-12	16.41	16.41	16.41	16.41	0
1479	2023-01-13	16.41	16.41	16.41	16.41	0
1480	2023-01-16	16.41	16.41	16.41	16.41	0
1481	2023-01-17	16.41	16.41	16.41	16.41	0
1482	2023-01-18	16.41	16.41	16.41	16.41	0
1483	2023-01-19	16.41	16.41	16.41	16.41	0
1484	2023-01-27	17.61	17.61	17.61	17.61	100
1485	2023-01-30	15.02	15.02	15.02	15.02	600
1486	2023-01-31	15.02	15.02	15.02	15.02	0
1487	2023-02-01	15.02	15.02	15.02	15.02	0
1488	2023-02-02	15.02	15.02	15.02	15.02	0
1489	2023-02-03	15.02	15.02	15.02	15.02	0
1490	2023-02-06	15.02	15.02	15.02	15.02	0
1491	2023-02-07	15.02	15.02	15.02	15.02	0
1492	2023-02-08	15.02	15.02	15.02	15.02	0
1493	2023-02-09	15.02	15.02	15.02	15.02	0
1494	2023-02-10	15.02	15.02	15.02	15.02	0
1495	2023-02-13	15.02	15.02	15.02	15.02	0
1496	2023-02-14	15.02	15.02	15.02	15.02	0
1497	2023-02-15	15.02	15.02	15.02	15.02	0
1498	2023-02-16	15.02	15.02	15.02	15.02	0
1499	2023-02-17	15.02	15.02	15.02	15.02	0
1500	2023-02-20	15.02	15.02	15.02	15.02	0
1501	2023-02-21	15.02	15.02	15.02	15.02	0
1502	2023-02-22	15.02	15.02	15.02	15.02	500
1503	2023-02-23	15.02	15.02	15.02	15.02	1000
1504	2023-02-24	15.02	15.02	15.02	15.02	0
1505	2023-02-27	15.02	15.02	15.02	15.02	0
1506	2023-02-28	15.02	15.02	15.02	15.02	0
1507	2023-03-01	17.24	17.24	17.24	17.24	100
1508	2023-03-02	17.24	17.24	17.24	17.24	0
1509	2023-03-03	17.24	17.24	17.24	17.24	0
1510	2023-03-06	17.24	17.24	17.24	17.24	0
1511	2023-03-07	17.24	17.24	17.24	17.24	0
1512	2023-03-08	17.24	17.24	17.24	17.24	0
1513	2023-03-09	17.24	17.24	17.24	17.24	0
1514	2023-03-10	17.24	17.24	17.24	17.24	0
1515	2023-03-13	17.24	17.24	17.24	17.24	0
1516	2023-03-14	17.24	17.24	17.24	17.24	0
1517	2023-03-15	17.24	17.24	17.24	17.24	0
1518	2023-03-16	17.24	17.24	17.24	17.24	0
1519	2023-03-17	17.24	17.24	17.24	17.24	0
1520	2023-03-20	17.24	17.24	17.24	17.24	0
1521	2023-03-21	17.24	17.24	17.24	17.24	0
1522	2023-03-22	17.24	17.24	17.24	17.24	0
1523	2023-03-23	17.24	17.24	17.24	17.24	0
1524	2023-03-24	17.24	17.24	17.24	17.24	0
1525	2023-03-27	17.24	17.24	17.24	17.24	900
1526	2023-03-28	17.24	17.24	17.24	17.24	0
1527	2023-03-29	17.24	17.24	17.24	17.24	0
1528	2023-03-30	14.74	14.74	14.74	14.74	100
1529	2023-03-31	14.74	14.74	14.74	14.74	0
1530	2023-04-03	14.74	14.74	14.74	14.74	0
1531	2023-04-04	14.74	14.74	14.74	14.74	0
1532	2023-04-05	14.74	14.74	14.74	14.74	0
1533	2023-04-06	14.74	14.74	14.74	14.74	0
1534	2023-04-07	14.74	14.74	14.74	14.74	0
1535	2023-04-10	14.74	14.74	14.74	14.74	0
1536	2023-04-11	14.74	14.74	14.74	14.74	500
1537	2023-04-12	14.74	14.74	14.74	14.74	0
1538	2023-04-13	14.74	14.83	14.74	14.83	1200
1539	2023-04-14	14.83	14.83	14.83	14.83	0
1540	2023-04-17	14.83	14.83	14.83	14.83	0
1541	2023-04-18	14.83	14.83	14.83	14.83	0
1542	2023-04-19	14.37	14.37	14.37	14.37	1400
1543	2023-04-20	14.37	14.37	14.37	14.37	500
1544	2023-04-21	14.37	16.5	14.37	16.5	2100
1545	2023-04-24	14.46	14.46	14.46	14.46	0
1546	2023-04-25	14.46	14.46	14.46	14.46	0
1547	2023-04-26	12.98	14.46	12.98	14.46	700
1548	2023-04-27	13.53	13.53	13.53	13.53	100
1549	2023-04-28	13.53	13.53	13.53	13.53	0
1550	2023-05-04	13.53	13.53	13.53	13.53	0
1551	2023-05-05	13.53	13.53	13.53	13.53	0
1552	2023-05-08	15.48	15.48	15.29	15.29	600
1553	2023-05-09	13.16	15.48	13.16	15.48	300
1554	2023-05-10	14.83	14.83	14.83	14.83	200
1555	2023-05-11	14.83	14.83	14.83	14.83	400
1556	2023-05-12	14.83	14.83	14.83	14.83	0
1557	2023-05-15	14.83	14.83	14.83	14.83	0
1558	2023-05-16	14.83	14.83	14.83	14.83	0
1559	2023-05-17	14.83	14.83	14.83	14.83	0
1560	2023-05-18	14.83	14.83	14.83	14.83	0
1561	2023-05-19	14.83	14.83	14.83	14.83	0
1562	2023-05-22	14.83	14.83	14.83	14.83	200
1563	2023-05-23	14.83	14.83	14.83	14.83	0
1564	2023-05-24	14.83	14.83	14.83	14.83	0
1565	2023-05-25	14.83	14.83	14.83	14.83	0
1566	2023-05-26	14.83	14.83	14.83	14.83	0
1567	2023-05-29	14.83	14.83	14.83	14.83	0
1568	2023-05-30	14.83	14.83	14.83	14.83	0
1569	2023-05-31	15.29	15.29	14.83	14.83	800
1570	2023-06-01	14.92	14.92	14.92	14.92	0
1571	2023-06-02	14.92	14.92	14.92	14.92	0
1572	2023-06-05	15.29	15.29	15.29	15.29	2100
1573	2023-06-06	15.29	15.29	15.29	15.29	0
1574	2023-06-07	15.29	15.29	15.29	15.29	0
1575	2023-06-08	15.29	15.29	15.29	15.29	0
1576	2023-06-09	15.29	15.29	15.29	15.29	2200
1577	2023-06-12	13.07	15.29	13.07	15.29	1500
1578	2023-06-13	15.11	15.11	15.11	15.11	0
1579	2023-06-14	15.29	15.29	15.2	15.2	300
1580	2023-06-15	15.2	15.2	15.2	15.2	0
1581	2023-06-16	13.16	15.29	13.16	14.83	1200
1582	2023-06-19	13.53	13.72	13.53	13.63	1200
1583	2023-06-20	14.74	14.83	14.74	14.83	400
1584	2023-06-21	14.74	14.74	14.74	14.74	0
1585	2023-06-22	13.53	14.65	13.53	14.65	600
1586	2023-06-23	14.46	14.46	14.46	14.46	0
1587	2023-06-26	14.55	14.55	14.55	14.55	100
1588	2023-06-27	14.55	14.55	14.55	14.55	0
1589	2023-06-28	14.55	14.55	14.55	14.55	0
1590	2023-06-29	14.55	14.55	14.55	14.55	0
1591	2023-06-30	14.55	14.55	14.55	14.55	0
1592	2023-07-03	14.55	14.55	14.55	14.55	0
1593	2023-07-04	14.55	14.55	14.55	14.55	0
1594	2023-07-05	14.55	14.55	14.55	14.55	0
1595	2023-07-06	14.55	14.55	14.55	14.55	0
1596	2023-07-07	14.55	14.55	14.55	14.55	0
1597	2023-07-10	14.55	14.55	14.55	14.55	0
1598	2023-07-11	14.55	14.55	14.55	14.55	0
1599	2023-07-12	13.53	13.53	13.53	13.53	100
1600	2023-07-13	13.53	13.53	13.53	13.53	0
1601	2023-07-14	13.53	13.53	13.53	13.53	0
1602	2023-07-17	13.53	13.53	13.53	13.53	0
1603	2023-07-18	13.53	13.53	13.53	13.53	0
1604	2023-07-19	13.53	13.53	13.53	13.53	0
1605	2023-07-20	13.53	13.53	13.53	13.53	0
1606	2023-07-21	13.53	13.53	13.53	13.53	0
1607	2023-07-24	13.53	13.53	13.53	13.53	0
1608	2023-07-25	15.56	15.56	15.56	15.56	100
1609	2023-07-26	15.56	15.56	15.56	15.56	0
1610	2023-07-27	13.53	13.53	13.53	13.53	100
1611	2023-07-28	15.56	15.56	15.56	15.56	100
1612	2023-07-31	13.63	16.43	13.63	16.43	200
1613	2023-08-01	15.08	15.08	15.08	15.08	0
1614	2023-08-02	15.08	15.08	15.08	15.08	0
1615	2023-08-03	15.08	15.08	15.08	15.08	0
1616	2023-08-04	13.53	13.53	13.53	13.53	100
1617	2023-08-07	13.53	13.53	13.53	13.53	0
1618	2023-08-08	13.53	13.53	13.53	13.53	0
1619	2023-08-09	13.53	13.53	13.53	13.53	0
1620	2023-08-10	15.56	15.56	15.47	15.56	2100
1621	2023-08-11	14.11	14.11	14.11	14.11	100
1622	2023-08-14	14.11	14.11	14.11	14.11	0
1623	2023-08-15	14.89	14.89	14.89	14.89	101
1624	2023-08-16	14.89	14.89	14.89	14.89	0
1625	2023-08-17	14.89	14.89	14.89	14.89	0
1626	2023-08-18	14.89	14.89	14.89	14.89	3300
1627	2023-08-21	14.89	14.89	14.89	14.89	0
1628	2023-08-22	14.89	14.89	14.89	14.89	0
1629	2023-08-23	14.89	14.89	14.89	14.89	0
1630	2023-08-24	16.43	16.43	16.43	16.43	100
1631	2023-08-25	14.5	14.5	14.5	14.5	3400
1632	2023-08-28	14.5	14.5	14.5	14.5	0
1633	2023-08-29	14.5	14.5	14.5	14.5	0
1634	2023-08-30	14.5	14.5	14.5	14.5	0
1635	2023-08-31	14.5	14.5	14.5	14.5	0
1636	2023-09-05	14.5	14.5	14.5	14.5	0
1637	2023-09-06	15.47	15.47	15.47	15.47	200
1638	2023-09-07	14.31	14.31	14.31	14.31	100
1639	2023-09-08	14.31	16.43	14.31	16.43	201
1640	2023-09-11	14.31	14.31	14.31	14.31	100
1641	2023-09-12	14.98	14.98	14.98	14.98	600
1642	2023-09-13	14.98	14.98	14.98	14.98	0
1643	2023-09-14	14.98	14.98	14.98	14.98	0
1644	2023-09-15	14.98	15.08	14.98	15.08	1100
1645	2023-09-18	15.08	15.08	15.08	15.08	100
1646	2023-09-19	15.08	15.08	15.08	15.08	0
1647	2023-09-20	15.08	15.08	15.08	15.08	0
1648	2023-09-21	15.08	15.08	15.08	15.08	0
1649	2023-09-22	15.08	15.08	14.5	14.5	3200
1650	2023-09-25	14.5	14.5	14.5	14.5	0
1651	2023-09-26	14.31	14.31	14.31	14.31	100
1652	2023-09-27	14.31	14.31	14.31	14.31	0
1653	2023-09-28	14.5	14.5	14.5	14.5	100
1654	2023-09-29	14.5	14.5	14.5	14.5	400
1655	2023-10-02	12.95	12.95	12.95	12.95	100
1656	2023-10-03	14.89	14.89	14.89	14.89	100
1657	2023-10-04	14.89	14.89	14.89	14.89	1
1658	2023-10-05	13.05	13.05	13.05	13.05	100
1659	2023-10-06	14.79	14.98	14.79	14.98	1700
1660	2023-10-09	13.15	13.15	13.15	13.15	100
1661	2023-10-10	14.98	14.98	14.5	14.5	1300
1662	2023-10-11	13.92	14.98	13.92	14.98	400
1663	2023-10-12	14.5	14.5	14.5	14.5	800
1664	2023-10-13	14.5	14.5	14.5	14.5	0
1665	2023-10-16	14.5	14.5	14.5	14.5	0
1666	2023-10-17	14.5	14.5	14.5	14.5	100
1667	2023-10-18	14.5	14.5	14.5	14.5	0
1668	2023-10-19	14.5	14.5	14.5	14.5	0
1669	2023-10-20	14.5	14.5	14.5	14.5	1
1670	2023-10-23	14.5	14.5	14.5	14.5	0
1671	2023-10-24	14.5	14.5	14.5	14.5	0
1672	2023-10-25	14.5	14.5	14.5	14.5	0
1673	2023-10-26	14.5	14.5	14.5	14.5	0
1674	2023-10-27	14.5	14.5	14.5	14.5	0
1675	2023-10-30	14.31	14.31	14.31	14.31	100
1676	2023-10-31	12.76	13.63	12.18	13.63	2200
1677	2023-11-01	14.5	14.5	14.5	14.5	100
1678	2023-11-02	14.98	15.95	14.5	14.5	400
1679	2023-11-03	15.27	15.27	15.27	15.27	100
1680	2023-11-06	15.27	15.27	15.27	15.27	0
1681	2023-11-07	15.27	15.27	15.27	15.27	0
1682	2023-11-08	15.27	15.27	15.27	15.27	0
1683	2023-11-09	15.27	15.27	15.27	15.27	0
1684	2023-11-10	15.27	15.27	15.27	15.27	0
1685	2023-11-13	15.27	15.27	15.27	15.27	0
1686	2023-11-14	15.27	15.27	15.27	15.27	0
1687	2023-11-15	14.5	14.5	14.5	14.5	700
1688	2023-11-16	14.5	14.5	14.5	14.5	0
1689	2023-11-17	14.5	14.5	14.5	14.5	1
1690	2023-11-20	14.5	14.5	14.5	14.5	0
1691	2023-11-21	14.5	14.5	14.5	14.5	500
1692	2023-11-22	14.5	14.5	14.5	14.5	1
1693	2023-11-23	14.5	14.5	14.5	14.5	500
1694	2023-11-24	14.02	14.02	14.02	14.02	300
1695	2023-11-27	14.02	14.02	14.02	14.02	0
1696	2023-11-28	14.4	14.4	14.4	14.4	400
1697	2023-11-29	14.4	14.4	14.4	14.4	0
1698	2023-11-30	14.4	14.4	14.4	14.4	0
1699	2023-12-01	14.4	14.4	14.4	14.4	1
1700	2023-12-04	14.4	14.4	14.4	14.4	0
1701	2023-12-05	14.5	14.98	14.5	14.98	1420
1702	2023-12-06	14.5	14.5	14.5	14.5	0
1703	2023-12-07	14.5	14.5	14.5	14.5	100
1704	2023-12-08	13.73	14.4	12.57	14.4	1400
1705	2023-12-11	14.5	14.5	14.5	14.5	100
1706	2023-12-12	13.53	16.34	13.53	13.53	300
1707	2023-12-13	14.5	14.5	14.5	14.5	0
1708	2023-12-14	14.5	14.5	14.02	14.5	2100
1709	2023-12-15	13.24	13.24	13.24	13.24	100
1710	2023-12-18	14.4	14.5	14.4	14.5	1400
1711	2023-12-19	14.4	14.4	14.4	14.4	0
1712	2023-12-20	14.4	14.4	14.4	14.4	0
1713	2023-12-21	14.4	14.4	14.4	14.4	0
1714	2023-12-22	14.4	14.4	14.4	14.4	0
1715	2023-12-25	14.4	14.4	14.4	14.4	0
1716	2023-12-26	14.4	14.4	14.4	14.4	0
1717	2023-12-27	14.4	14.4	14.4	14.4	0
1718	2023-12-28	14.4	14.4	14.4	14.4	0
1719	2023-12-29	14.4	14.4	14.4	14.4	0
1720	2024-01-02	14.4	14.4	14.4	14.4	0
1721	2024-01-03	14.4	14.4	14.4	14.4	0
1722	2024-01-04	14.4	14.4	14.4	14.4	0
1723	2024-01-05	14.4	14.4	14.4	14.4	0
1724	2024-01-08	14.4	14.4	14.4	14.4	0
1725	2024-01-09	14.4	14.4	14.4	14.4	0
1726	2024-01-10	14.4	14.4	14.4	14.4	0
1727	2024-01-11	14.4	14.4	14.4	14.4	0
1728	2024-01-12	13.73	13.73	13.73	13.73	100
1729	2024-01-15	13.92	14.98	13.92	14.98	3100
1730	2024-01-16	13.92	13.92	13.92	13.92	0
1731	2024-01-17	14.5	14.98	14.5	14.98	200
1732	2024-01-18	16.92	16.92	16.92	16.92	100
1733	2024-01-19	14.4	14.4	14.4	14.4	1000
1734	2024-01-22	14.69	14.69	14.69	14.69	1800
1735	2024-01-23	14.98	14.98	14.98	14.98	700
1736	2024-01-24	13.82	13.82	13.73	13.73	1900
1737	2024-01-25	14.5	14.5	14.5	14.5	100
1738	2024-01-26	15.37	15.37	15.37	15.37	100
1739	2024-01-29	17.4	17.4	17.4	17.4	100
1740	2024-01-30	14.79	14.98	14.79	14.98	1500
1741	2024-01-31	13.73	13.73	13.73	13.73	100
1742	2024-02-01	14.02	14.02	13.73	14.02	1700
1743	2024-02-02	15.85	15.85	15.85	15.85	101
1744	2024-02-05	15.85	15.85	15.85	15.85	0
1745	2024-02-06	17.88	17.88	17.88	17.88	100
1746	2024-02-07	15.27	15.27	15.27	15.27	1700
1747	2024-02-15	15.27	15.27	15.27	15.27	0
1748	2024-02-16	14.5	14.5	14.5	14.5	3200
1749	2024-02-19	14.98	14.98	14.98	14.98	500
1750	2024-02-20	14.98	14.98	14.98	14.98	0
1751	2024-02-21	14.98	14.98	14.98	14.98	0
1752	2024-02-22	15.08	15.37	15.08	15.37	3600
1753	2024-02-23	15.08	15.08	15.08	15.08	4000
1754	2024-02-26	15.08	15.08	15.08	15.08	1
1755	2024-02-27	15.95	16.43	15.95	16.43	900
1756	2024-02-28	15.08	16.24	15.08	16.24	2700
1757	2024-02-29	16.34	16.92	15.27	16.43	12800
1758	2024-03-01	16.05	16.05	16.05	16.05	0
1759	2024-03-04	16.92	17.11	16.92	17.11	4500
1760	2024-03-05	17.01	17.01	17.01	17.01	71
1761	2024-03-06	17.01	17.01	17.01	17.01	0
1762	2024-03-07	17.01	17.01	17.01	17.01	0
1763	2024-03-08	17.01	17.01	17.01	17.01	0
1764	2024-03-11	17.01	17.01	17.01	17.01	0
1765	2024-03-12	17.01	17.01	17.01	17.01	0
1766	2024-03-13	17.01	17.01	17.01	17.01	0
1767	2024-03-14	17.11	17.98	15.56	15.56	7300
1768	2024-03-15	15.66	15.66	15.66	15.66	100
1769	2024-03-18	15.66	15.66	15.66	15.66	100
1770	2024-03-19	15.66	16.43	15.47	15.66	2000
1771	2024-03-20	16.92	16.92	16.92	16.92	2000
1772	2024-03-21	15.66	16.63	15.66	16.63	500
1773	2024-03-22	16.92	16.92	16.92	16.92	500
1774	2024-03-25	16.92	16.92	16.92	16.92	0
1775	2024-03-26	16.92	16.92	16.92	16.92	0
1776	2024-03-27	16.92	16.92	16.92	16.92	0
1777	2024-03-28	16.92	16.92	16.92	16.92	0
1778	2024-03-29	16.92	16.92	16.92	16.92	0
1779	2024-04-01	16.92	16.92	16.92	16.92	0
1780	2024-04-02	16.92	16.92	16.92	16.92	0
1781	2024-04-03	16.92	16.92	16.92	16.92	0
1782	2024-04-04	15.76	15.76	15.47	15.47	3000
1783	2024-04-05	15.56	15.56	15.56	15.56	0
1784	2024-04-08	16.82	16.92	16.82	16.92	2000
1785	2024-04-09	16.92	16.92	16.92	16.92	0
1786	2024-04-10	16.92	16.92	16.92	16.92	0
1787	2024-04-11	15.66	15.66	14.5	14.5	1600
1788	2024-04-12	16.82	16.92	16.82	16.92	1100
1789	2024-04-15	16.92	16.92	16.92	16.92	1000
1790	2024-04-16	16.92	16.92	16.92	16.92	0
1791	2024-04-17	16.92	16.92	16.92	16.92	0
1792	2024-04-19	16.92	16.92	16.92	16.92	0
1793	2024-04-22	14.4	14.4	14.4	14.4	100
1794	2024-04-23	14.4	14.4	14.4	14.4	0
1795	2024-04-24	14.98	15.08	14.98	15.08	2800
1796	2024-04-25	12.76	12.76	12.76	12.76	100
1797	2024-04-26	14.6	14.6	14.6	14.6	300
1798	2024-05-02	15.08	15.08	15.08	15.08	1000
1799	2024-05-03	15.08	15.08	15.08	15.08	0
1800	2024-05-06	15.08	15.08	15.08	15.08	0
1801	2024-05-07	15.08	15.08	15.08	15.08	0
1802	2024-05-08	15.08	15.08	15.08	15.08	0
1803	2024-05-09	15.08	15.08	15.08	15.08	0
1804	2024-05-10	15.08	15.08	15.08	15.08	0
1805	2024-05-13	17.21	17.21	16.05	16.05	200
1806	2024-05-14	16.63	16.63	16.63	16.63	300
1807	2024-05-15	16.63	16.63	16.63	16.63	0
1808	2024-05-16	16.63	16.63	16.63	16.63	500
1809	2024-05-17	16.63	17.01	16.63	17.01	1100
1810	2024-05-20	16.82	16.82	16.82	16.82	0
1811	2024-05-21	16.82	16.82	16.82	16.82	0
1812	2024-05-22	16.82	16.82	16.82	16.82	0
1813	2024-05-23	16.82	16.82	16.82	16.82	0
1814	2024-05-24	16.82	16.82	16.82	16.82	0
1815	2024-05-27	16.92	16.92	16.92	16.92	300
1816	2024-05-28	16.92	16.92	16.92	16.92	0
1817	2024-05-29	16.92	16.92	16.92	16.92	0
1818	2024-05-30	16.92	16.92	16.92	16.92	0
1819	2024-05-31	16.92	16.92	16.92	16.92	0
1820	2024-06-03	16.92	16.92	16.92	16.92	0
1821	2024-06-04	16.92	16.92	16.92	16.92	0
1822	2024-06-05	16.92	16.92	16.92	16.92	0
1823	2024-06-06	16.92	16.92	16.92	16.92	0
1824	2024-06-07	16.92	16.92	16.92	16.92	0
1825	2024-06-10	16.92	16.92	16.92	16.92	1002
1826	2024-06-11	16.92	16.92	16.92	16.92	0
1827	2024-06-12	17.4	17.4	17.4	17.4	600
1828	2024-06-13	17.4	17.4	17.4	17.4	1100
1829	2024-06-14	17.4	17.4	17.4	17.4	0
1830	2024-06-17	17.4	17.4	17.4	17.4	0
1831	2024-06-18	17.4	17.4	17.4	17.4	0
1832	2024-06-19	18.37	18.37	17.4	18.08	400
1833	2024-06-20	18.08	18.08	18.08	18.08	0
1834	2024-06-21	18.08	18.08	18.08	18.08	0
1835	2024-06-24	18.08	18.08	18.08	18.08	0
1836	2024-06-25	18.08	18.08	18.08	18.08	0
1837	2024-06-26	18.17	18.17	17.88	17.88	600
1838	2024-06-27	19.33	19.33	19.33	19.33	100
1839	2024-06-28	19.33	19.33	19.33	19.33	0
1840	2024-07-01	19.33	19.33	19.33	19.33	0
1841	2024-07-02	19.33	19.33	19.33	19.33	100
1842	2024-07-03	19.33	19.33	19.33	19.33	0
1843	2024-07-04	19.33	19.33	19.33	19.33	0
1844	2024-07-05	17.4	17.4	17.4	17.4	100
1845	2024-07-08	17.4	17.4	17.4	17.4	0
1846	2024-07-09	17.4	17.4	17.4	17.4	0
1847	2024-07-10	17.4	17.4	17.4	17.4	1
1848	2024-07-11	17.4	17.4	17.4	17.4	0
1849	2024-07-12	17.4	17.4	17.4	17.4	0
1850	2024-07-15	17.4	17.4	17.4	17.4	1
1851	2024-07-16	17.4	17.4	17.4	17.4	0
1852	2024-07-17	17.4	17.4	17.4	17.4	0
1853	2024-07-18	17.4	17.4	17.4	17.4	0
1854	2024-07-19	17.4	17.4	17.4	17.4	0
1855	2024-07-22	17.4	17.4	17.4	17.4	0
1856	2024-07-23	17.4	17.4	17.4	17.4	0
1857	2024-07-24	17.4	17.4	17.4	17.4	0
1858	2024-07-25	17.4	17.4	17.4	17.4	0
1859	2024-07-30	17.4	17.4	17.4	17.4	100
1860	2024-08-21	18.0	18.0	18.0	18.0	400
1861	2024-08-22	17.5	18.0	17.5	17.5	1900
1862	2024-08-28	17.0	17.0	17.0	17.0	500
1863	2024-08-29	17.0	17.0	17.0	17.0	500
1864	2024-09-05	17.0	17.0	17.0	17.0	500
1865	2024-09-10	17.0	17.0	17.0	17.0	300
1866	2024-09-17	17.0	17.0	17.0	17.0	200
1867	2024-09-20	17.0	17.0	17.0	17.0	1000
1868	2024-09-25	17.0	17.5	17.0	17.5	1200
1869	2024-09-26	18.0	18.0	17.0	17.0	500
1870	2024-09-30	17.0	17.0	17.0	17.0	100
1871	2024-10-01	17.0	17.0	17.0	17.0	1000
1872	2024-10-15	18.0	18.0	18.0	18.0	13100
1873	2024-10-16	18.0	18.0	18.0	18.0	3000
1874	2024-10-18	18.5	18.5	18.0	18.0	2900
1875	2024-10-21	18.0	18.0	18.0	18.0	500
1876	2024-10-23	17.0	17.0	17.0	17.0	100
1877	2024-10-30	18.0	18.0	18.0	18.0	3100
1878	2024-11-12	18.0	18.0	18.0	18.0	300
1879	2024-11-15	18.1	19.0	18.1	19.0	300
1880	2024-11-18	18.1	18.5	18.1	18.1	500
1881	2024-11-21	18.7	18.7	18.7	18.7	200
1882	2024-11-25	18.7	18.7	18.7	18.7	400
1883	2024-11-28	18.9	18.9	18.9	18.9	400
1884	2024-12-04	18.7	18.7	18.7	18.7	500
1885	2024-12-06	18.2	18.2	18.2	18.2	200
1886	2024-12-12	18.2	18.2	18.2	18.2	900
1887	2024-12-23	18.2	18.2	18.2	18.2	200
1888	2024-12-26	18.2	18.2	18.2	18.2	800
1889	2025-01-03	18.2	18.2	17.8	17.8	2200
1890	2025-01-07	18.1	18.1	18.1	18.1	200
1891	2025-01-08	18.4	18.4	17.9	17.9	1100
1892	2025-01-13	17.9	17.9	17.9	17.9	500
1893	2025-01-14	17.9	17.9	17.8	17.8	800
1894	2025-01-15	17.9	17.9	17.9	17.9	100
1895	2025-01-16	17.1	17.1	17.1	17.1	100
1896	2025-01-17	18.1	18.1	16.0	16.0	200
1897	2025-01-20	16.5	16.6	16.5	16.6	400
1898	2025-01-23	16.3	18.3	16.3	18.2	400
1899	2025-01-24	18.2	18.2	18.2	18.2	100
1900	2025-02-03	18.1	19.0	18.1	19.0	400
1901	2025-02-24	18.3	18.3	18.3	18.3	100
1902	2025-02-27	16.9	16.9	16.9	16.9	100
1903	2025-02-28	16.4	16.4	16.3	16.4	500
1904	2025-03-03	16.4	16.4	16.4	16.4	300
1905	2025-03-04	16.7	16.7	16.4	16.4	700
1906	2025-03-06	18.7	18.7	16.5	16.5	500
1907	2025-03-07	16.6	17.0	16.6	16.8	300
1908	2025-03-11	18.0	18.0	17.0	17.0	400
1909	2025-03-17	17.6	17.6	17.6	17.6	100
1910	2025-03-18	20.0	20.0	20.0	20.0	100
1911	2025-03-19	17.1	18.4	17.1	18.4	200
1912	2025-03-20	16.6	18.9	16.6	18.9	300
1913	2025-03-21	17.0	17.0	17.0	17.0	100
1914	2025-03-25	17.0	19.4	16.6	19.3	500
1915	2025-03-26	17.1	17.1	17.1	17.1	100
1916	2025-03-27	16.6	16.6	16.6	16.6	100
1917	2025-03-28	18.4	18.4	17.0	17.0	200
1918	2025-03-31	17.1	17.1	17.1	17.1	100
1919	2025-04-01	17.0	17.0	17.0	17.0	100
