	time	open	high	low	close	volume
0	2015-09-24	5.91	0.0	0.0	0.0	0
1	2015-09-25	5.91	0.0	0.0	0.0	0
2	2015-09-28	5.91	0.0	0.0	0.0	0
3	2015-09-29	5.91	0.0	0.0	0.0	0
4	2015-09-30	5.91	0.0	0.0	0.0	0
5	2015-10-01	5.91	0.0	0.0	0.0	0
6	2015-10-02	5.91	0.0	0.0	0.0	0
7	2015-10-05	5.91	0.0	0.0	0.0	0
8	2015-10-06	5.91	0.0	0.0	0.0	0
9	2015-10-07	5.96	5.96	5.96	5.96	2000
10	2015-10-08	5.96	5.96	5.96	5.96	0
11	2015-10-09	5.96	5.96	5.96	5.96	0
12	2015-10-12	5.96	5.96	5.96	5.96	0
13	2015-10-13	5.96	5.96	5.96	5.96	0
14	2015-10-14	5.96	5.96	5.96	5.96	0
15	2015-10-15	5.96	5.96	5.96	5.96	0
16	2015-10-16	5.96	5.96	5.96	5.96	0
17	2015-10-19	5.24	5.24	5.24	5.24	100
18	2015-10-20	5.24	5.24	5.24	5.24	0
19	2015-10-21	5.24	5.24	5.24	5.24	0
20	2015-10-22	4.77	4.77	4.77	4.77	100
21	2015-10-23	4.77	4.77	4.77	4.77	0
22	2015-10-26	4.77	4.77	4.77	4.77	0
23	2015-10-27	4.77	4.77	4.77	4.77	0
24	2015-10-28	4.77	4.77	4.77	4.77	0
25	2015-10-29	4.77	4.77	4.77	4.77	0
26	2015-10-30	4.77	4.77	4.77	4.77	0
27	2015-11-02	4.77	4.77	4.77	4.77	0
28	2015-11-03	4.77	4.77	4.77	4.77	0
29	2015-11-04	4.77	4.77	4.77	4.77	0
30	2015-11-05	4.77	4.77	4.77	4.77	0
31	2015-11-06	4.77	4.77	4.77	4.77	0
32	2015-11-09	4.77	4.77	4.77	4.77	0
33	2015-11-10	4.77	4.77	4.77	4.77	0
34	2015-11-11	4.77	4.77	4.77	4.77	0
35	2015-11-12	4.77	4.77	4.77	4.77	0
36	2015-11-13	4.77	4.77	4.77	4.77	0
37	2015-11-16	4.77	4.77	4.77	4.77	0
38	2015-11-17	4.77	4.77	4.77	4.77	0
39	2015-11-18	4.77	4.77	4.77	4.77	0
40	2015-11-19	4.77	4.77	4.77	4.77	0
41	2015-11-20	4.77	4.77	4.77	4.77	0
42	2015-11-23	4.77	4.77	4.77	4.77	0
43	2015-11-24	4.77	4.77	4.77	4.77	0
44	2015-11-25	4.19	4.19	4.19	4.19	10000
45	2015-11-26	4.19	4.19	4.19	4.19	0
46	2015-11-27	4.19	4.19	4.19	4.19	0
47	2015-11-30	4.19	4.19	4.19	4.19	0
48	2015-12-01	4.19	4.19	4.19	4.19	0
49	2015-12-02	4.19	4.19	4.19	4.19	0
50	2015-12-03	4.19	4.19	4.19	4.19	0
51	2015-12-04	4.19	4.19	4.19	4.19	0
52	2015-12-07	4.19	4.19	4.19	4.19	0
53	2015-12-08	4.19	4.19	4.19	4.19	0
54	2015-12-09	4.19	4.19	4.19	4.19	0
55	2015-12-10	4.19	4.19	4.19	4.19	0
56	2015-12-11	4.19	4.19	4.19	4.19	0
57	2015-12-14	4.77	4.77	4.77	4.77	1000
58	2015-12-15	4.77	4.77	4.77	4.77	0
59	2015-12-16	4.77	4.77	4.77	4.77	0
60	2015-12-17	4.77	4.77	4.77	4.77	0
61	2015-12-18	4.77	4.77	4.77	4.77	0
62	2015-12-21	4.77	4.77	4.77	4.77	0
63	2015-12-22	4.77	4.77	4.77	4.77	0
64	2015-12-23	4.77	4.77	4.77	4.77	0
65	2015-12-24	4.77	4.77	4.77	4.77	0
66	2015-12-25	4.77	4.77	4.77	4.77	0
67	2015-12-28	4.77	4.77	4.77	4.77	0
68	2015-12-29	4.77	4.77	4.77	4.77	0
69	2015-12-30	4.77	4.77	4.77	4.77	0
70	2015-12-31	4.77	4.77	4.77	4.77	0
71	2016-01-04	4.77	4.77	4.77	4.77	0
72	2016-01-05	4.77	4.77	4.77	4.77	0
73	2016-01-06	4.77	4.77	4.77	4.77	0
74	2016-01-07	4.77	4.77	4.77	4.77	0
75	2016-01-08	4.77	4.77	4.77	4.77	0
76	2016-01-11	4.77	4.77	4.77	4.77	0
77	2016-01-12	4.77	4.77	4.77	4.77	0
78	2016-01-13	4.77	4.77	4.77	4.77	0
79	2016-01-14	4.77	4.77	4.77	4.77	0
80	2016-01-15	4.77	4.77	4.77	4.77	0
81	2016-01-18	4.77	4.77	4.77	4.77	0
82	2016-01-19	4.77	4.77	4.77	4.77	0
83	2016-01-20	4.77	4.77	4.77	4.77	0
84	2016-01-21	4.77	4.77	4.77	4.77	0
85	2016-01-22	4.77	4.77	4.77	4.77	0
86	2016-01-25	4.77	4.77	4.77	4.77	0
87	2016-01-26	4.77	4.77	4.77	4.77	0
88	2016-01-27	4.77	4.77	4.77	4.77	0
89	2016-01-28	4.77	4.77	4.77	4.77	0
90	2016-01-29	4.77	4.77	4.77	4.77	0
91	2016-02-01	4.77	4.77	4.77	4.77	0
92	2016-02-02	4.77	4.77	4.77	4.77	0
93	2016-02-03	4.77	4.77	4.77	4.77	100
94	2016-02-04	4.77	4.77	4.77	4.77	0
95	2016-02-05	4.77	4.77	4.77	4.77	0
96	2016-02-15	4.77	4.77	4.77	4.77	0
97	2016-02-16	4.77	4.77	4.77	4.77	0
98	2016-02-17	4.77	4.77	4.77	4.77	0
99	2016-02-18	4.77	4.77	4.77	4.77	0
100	2016-02-19	4.77	4.77	4.77	4.77	0
101	2016-02-22	4.77	4.77	4.77	4.77	0
102	2016-02-23	4.77	4.77	4.77	4.77	0
103	2016-02-24	4.77	4.77	4.77	4.77	0
104	2016-02-25	4.77	4.77	4.77	4.77	0
105	2016-02-26	4.77	4.77	4.77	4.77	0
106	2016-02-29	4.77	4.77	4.77	4.77	0
107	2016-03-01	4.77	4.77	4.77	4.77	0
108	2016-03-02	4.77	4.77	4.77	4.77	0
109	2016-03-03	4.77	4.77	4.77	4.77	0
110	2016-03-04	4.77	4.77	4.77	4.77	0
111	2016-03-07	4.77	4.77	4.77	4.77	0
112	2016-03-08	4.77	4.77	4.77	4.77	0
113	2016-03-09	4.77	4.77	4.77	4.77	0
114	2016-03-10	4.77	4.77	4.77	4.77	0
115	2016-03-11	4.77	4.77	4.77	4.77	0
116	2016-03-14	4.77	4.77	4.77	4.77	0
117	2016-03-15	4.77	4.77	4.77	4.77	0
118	2016-03-16	4.77	4.77	4.77	4.77	0
119	2016-03-17	4.77	4.77	4.77	4.77	0
120	2016-03-18	4.77	4.77	4.77	4.77	0
121	2016-03-21	4.77	4.77	4.77	4.77	0
122	2016-03-22	4.77	4.77	4.77	4.77	0
123	2016-03-23	6.67	6.67	6.67	6.67	100
124	2016-03-24	6.67	6.67	6.67	6.67	0
125	2016-03-25	6.67	6.67	6.67	6.67	0
126	2016-03-28	6.67	6.67	6.67	6.67	0
127	2016-03-29	6.67	6.67	6.67	6.67	0
128	2016-03-30	6.67	6.67	6.67	6.67	0
129	2016-03-31	6.67	6.67	6.67	6.67	0
130	2016-04-01	6.67	6.67	6.67	6.67	0
131	2016-04-04	6.67	6.67	6.67	6.67	0
132	2016-04-05	6.67	6.67	6.67	6.67	0
133	2016-04-06	6.67	6.67	6.67	6.67	0
134	2016-04-07	6.67	6.67	6.67	6.67	0
135	2016-04-08	6.67	6.67	6.67	6.67	0
136	2016-04-11	6.67	6.67	6.67	6.67	0
137	2016-04-12	6.67	6.67	6.67	6.67	0
138	2016-04-13	6.67	6.67	6.67	6.67	0
139	2016-04-14	6.67	6.67	6.67	6.67	0
140	2016-04-15	6.67	6.67	6.67	6.67	0
141	2016-04-19	6.67	6.67	6.67	6.67	0
142	2016-04-20	6.67	6.67	6.67	6.67	0
143	2016-04-21	6.67	6.67	6.67	6.67	0
144	2016-04-22	6.67	6.67	6.67	6.67	0
145	2016-04-25	6.67	6.67	6.67	6.67	0
146	2016-04-26	5.67	5.67	5.67	5.67	100
147	2016-04-27	5.67	5.67	5.67	5.67	0
148	2016-04-28	5.67	5.67	5.67	5.67	0
149	2016-04-29	6.48	6.48	4.86	4.86	200
150	2016-05-04	4.86	4.86	4.86	4.86	0
151	2016-05-05	6.48	6.48	6.48	6.48	100
152	2016-05-06	5.53	7.43	5.53	7.43	200
153	2016-05-09	7.43	7.43	7.43	7.43	0
154	2016-05-10	7.43	7.43	7.43	7.43	0
155	2016-05-11	7.43	7.43	7.43	7.43	0
156	2016-05-12	7.43	7.43	7.43	7.43	0
157	2016-05-13	7.43	7.43	7.43	7.43	0
158	2016-05-16	7.43	7.43	7.43	7.43	0
159	2016-05-17	7.43	7.43	7.43	7.43	0
160	2016-05-18	5.53	5.53	5.53	5.53	100
161	2016-05-19	5.53	5.53	5.53	5.53	0
162	2016-05-20	5.53	5.53	5.53	5.53	0
163	2016-05-23	5.53	5.53	5.53	5.53	0
164	2016-05-24	5.53	5.53	5.53	5.53	1000
165	2016-05-25	5.53	5.53	5.53	5.53	0
166	2016-05-26	5.53	5.53	5.53	5.53	0
167	2016-05-27	5.53	5.53	5.53	5.53	0
168	2016-05-30	5.53	5.53	5.53	5.53	0
169	2016-05-31	6.05	6.05	6.05	6.05	0
170	2016-06-01	6.05	6.05	6.05	6.05	0
171	2016-06-02	6.05	6.05	6.05	6.05	0
172	2016-06-03	6.05	6.05	6.05	6.05	0
173	2016-06-06	6.05	6.05	6.05	6.05	0
174	2016-06-07	6.05	6.05	6.05	6.05	0
175	2016-06-08	6.05	6.05	6.05	6.05	0
176	2016-06-09	6.05	6.05	6.05	6.05	0
177	2016-06-10	6.05	6.05	6.05	6.05	0
178	2016-06-13	6.05	6.05	6.05	6.05	0
179	2016-06-14	6.05	6.05	6.05	6.05	0
180	2016-06-15	6.05	6.05	6.05	6.05	0
181	2016-06-16	6.05	6.05	6.05	6.05	0
182	2016-06-17	6.05	6.05	6.05	6.05	0
183	2016-06-20	6.05	6.05	6.05	6.05	0
184	2016-06-21	6.05	6.05	6.05	6.05	0
185	2016-06-22	6.05	6.05	6.05	6.05	0
186	2016-06-23	6.05	6.05	6.05	6.05	0
187	2016-06-24	6.05	6.05	6.05	6.05	0
188	2016-06-27	6.05	6.05	6.05	6.05	0
189	2016-06-28	6.05	6.05	6.05	6.05	0
190	2016-06-29	6.05	6.05	6.05	6.05	0
191	2016-06-30	6.05	6.05	6.05	6.05	0
192	2016-07-01	6.05	6.05	6.05	6.05	0
193	2016-07-04	6.05	6.05	6.05	6.05	0
194	2016-07-05	6.05	6.05	6.05	6.05	0
195	2016-07-06	6.05	6.05	6.05	6.05	0
196	2016-07-07	6.05	6.05	6.05	6.05	0
197	2016-07-08	4.95	4.95	4.95	4.95	100
198	2016-07-11	4.95	4.95	4.95	4.95	0
199	2016-07-12	4.95	4.95	4.95	4.95	0
200	2016-07-13	4.95	4.95	4.95	4.95	0
201	2016-07-14	4.95	4.95	4.95	4.95	0
202	2016-07-15	4.95	4.95	4.95	4.95	0
203	2016-07-18	4.95	4.95	4.95	4.95	0
204	2016-07-19	4.95	4.95	4.95	4.95	0
205	2016-07-20	4.22	4.95	4.22	4.22	8800
206	2016-07-21	4.22	4.22	4.22	4.22	0
207	2016-07-22	4.22	4.22	4.22	4.22	0
208	2016-07-25	4.22	4.22	4.22	4.22	0
209	2016-07-26	4.22	4.22	4.22	4.22	0
210	2016-07-27	4.22	4.22	4.22	4.22	0
211	2016-07-28	4.22	4.22	4.22	4.22	0
212	2016-07-29	4.22	4.22	4.22	4.22	0
213	2016-08-01	4.22	4.22	4.22	4.22	0
214	2016-08-02	4.22	4.22	4.22	4.22	0
215	2016-08-03	4.22	4.22	4.22	4.22	0
216	2016-08-04	4.22	4.22	4.22	4.22	0
217	2016-08-05	4.22	4.22	4.22	4.22	0
218	2016-08-08	4.22	4.22	4.22	4.22	0
219	2016-08-09	4.22	4.22	4.22	4.22	0
220	2016-08-10	4.22	4.22	4.22	4.22	0
221	2016-08-11	4.22	4.22	4.22	4.22	0
222	2016-08-12	4.22	4.22	4.22	4.22	0
223	2016-08-15	4.22	4.22	4.22	4.22	0
224	2016-08-16	4.22	4.22	4.22	4.22	0
225	2016-08-17	4.22	4.22	4.22	4.22	0
226	2016-08-18	4.22	4.22	4.22	4.22	0
227	2016-08-19	4.22	4.22	4.22	4.22	0
228	2016-08-22	4.22	4.22	4.22	4.22	0
229	2016-08-23	4.22	4.22	4.22	4.22	0
230	2016-08-24	4.22	4.22	4.22	4.22	0
231	2016-08-25	4.22	4.22	4.22	4.22	0
232	2016-08-26	4.22	4.22	4.22	4.22	0
233	2016-08-29	4.22	4.22	4.22	4.22	0
234	2016-08-30	4.22	4.22	4.22	4.22	0
235	2016-08-31	4.22	4.22	4.22	4.22	0
236	2016-09-01	4.22	4.22	4.22	4.22	0
237	2016-09-05	4.22	4.22	4.22	4.22	0
238	2016-09-06	4.22	4.22	4.22	4.22	0
239	2016-09-07	4.22	4.22	4.22	4.22	0
240	2016-09-08	4.22	4.22	4.22	4.22	0
241	2016-09-09	4.22	4.22	4.22	4.22	0
242	2016-09-12	4.22	4.22	4.22	4.22	0
243	2016-09-13	4.22	4.22	4.22	4.22	0
244	2016-09-14	4.22	4.22	4.22	4.22	0
245	2016-09-15	4.22	4.22	4.22	4.22	0
246	2016-09-16	4.22	4.22	4.22	4.22	0
247	2016-09-19	4.22	4.22	4.22	4.22	0
248	2016-09-20	4.22	4.22	4.22	4.22	0
249	2016-09-21	4.22	4.22	4.22	4.22	0
250	2016-09-22	4.22	4.22	4.22	4.22	0
251	2016-09-23	4.22	4.22	4.22	4.22	0
252	2016-09-26	4.22	4.22	4.22	4.22	0
253	2016-09-27	4.22	4.22	4.22	4.22	0
254	2016-09-28	4.22	4.22	4.22	4.22	0
255	2016-09-29	4.22	4.22	4.22	4.22	0
256	2016-09-30	4.22	4.22	4.22	4.22	0
257	2016-10-03	4.22	4.22	4.22	4.22	0
258	2016-10-04	4.22	4.22	4.22	4.22	0
259	2016-10-05	4.22	4.22	4.22	4.22	0
260	2016-10-06	4.22	4.22	4.22	4.22	0
261	2016-10-07	4.22	4.22	4.22	4.22	0
262	2016-10-10	4.22	4.22	4.22	4.22	0
263	2016-10-11	4.22	4.22	4.22	4.22	0
264	2016-10-12	4.22	4.22	4.22	4.22	0
265	2016-10-13	4.22	4.22	4.22	4.22	0
266	2016-10-14	4.43	4.43	4.43	4.43	100
267	2016-10-17	4.95	4.95	4.95	4.95	100
268	2016-10-18	4.95	4.95	4.95	4.95	400
269	2016-10-19	4.95	4.95	4.95	4.95	0
270	2016-10-20	4.95	4.95	4.95	4.95	0
271	2016-10-21	4.95	4.95	4.95	4.95	0
272	2016-10-24	4.95	4.95	4.95	4.95	0
273	2016-10-25	4.95	4.95	4.95	4.95	0
274	2016-10-26	4.95	4.95	4.95	4.95	0
275	2016-10-27	4.95	4.95	4.95	4.95	0
276	2016-10-28	4.95	4.95	4.95	4.95	0
277	2016-10-31	4.95	4.95	4.95	4.95	0
278	2016-11-01	4.95	4.95	4.95	4.95	0
279	2016-11-02	4.95	4.95	4.95	4.95	0
280	2016-11-03	4.95	4.95	4.95	4.95	0
281	2016-11-04	4.95	4.95	4.95	4.95	0
282	2016-11-07	4.95	4.95	4.95	4.95	0
283	2016-11-08	4.95	4.95	4.95	4.95	0
284	2016-11-09	4.95	4.95	4.95	4.95	0
285	2016-11-10	4.95	4.95	4.95	4.95	0
286	2016-11-11	4.95	4.95	4.95	4.95	0
287	2016-11-14	4.95	4.95	4.95	4.95	0
288	2016-11-15	4.95	4.95	4.95	4.95	0
289	2016-11-16	4.95	4.95	4.95	4.95	0
290	2016-11-17	4.95	4.95	4.95	4.95	0
291	2016-11-18	4.95	4.95	4.95	4.95	0
292	2016-11-21	4.95	4.95	4.95	4.95	0
293	2016-11-22	4.95	4.95	4.95	4.95	0
294	2016-11-23	4.95	4.95	4.95	4.95	0
295	2016-11-24	4.95	4.95	4.95	4.95	0
296	2016-11-25	4.95	4.95	4.95	4.95	0
297	2016-11-28	4.95	4.95	4.95	4.95	0
298	2016-11-29	4.95	4.95	4.95	4.95	0
299	2016-11-30	4.95	4.95	4.95	4.95	0
300	2016-12-01	4.95	4.95	4.95	4.95	0
301	2016-12-02	4.95	4.95	4.95	4.95	100
302	2016-12-05	4.95	4.95	4.95	4.95	0
303	2016-12-06	4.95	4.95	4.95	4.95	0
304	2016-12-07	4.95	4.95	4.95	4.95	0
305	2016-12-08	4.95	4.95	4.95	4.95	0
306	2016-12-09	4.95	4.95	4.95	4.95	0
307	2016-12-12	4.95	4.95	4.95	4.95	0
308	2016-12-13	4.95	4.95	4.95	4.95	0
309	2016-12-14	4.95	4.95	4.95	4.95	0
310	2016-12-15	4.95	4.95	4.95	4.95	0
311	2016-12-16	4.95	4.95	4.95	4.95	0
312	2016-12-19	4.95	4.95	4.95	4.95	0
313	2016-12-20	4.95	4.95	4.95	4.95	0
314	2016-12-21	4.95	4.95	4.95	4.95	0
315	2016-12-22	4.95	4.95	4.95	4.95	0
316	2016-12-23	4.95	4.95	4.95	4.95	0
317	2016-12-26	4.95	4.95	4.95	4.95	0
318	2016-12-27	4.95	4.95	4.95	4.95	0
319	2016-12-28	4.95	4.95	4.95	4.95	0
320	2016-12-29	4.95	4.95	4.95	4.95	0
321	2016-12-30	4.95	4.95	4.95	4.95	0
322	2017-01-03	4.95	4.95	4.95	4.95	0
323	2017-01-04	4.95	4.95	4.95	4.95	0
324	2017-01-05	4.95	4.95	4.95	4.95	0
325	2017-01-06	4.95	4.95	4.95	4.95	0
326	2017-01-09	4.95	4.95	4.95	4.95	0
327	2017-01-10	4.95	4.95	4.95	4.95	0
328	2017-01-11	4.95	4.95	4.95	4.95	0
329	2017-01-12	4.95	4.95	4.95	4.95	0
330	2017-01-13	4.95	4.95	4.95	4.95	0
331	2017-01-16	4.95	4.95	4.95	4.95	0
332	2017-01-17	4.95	4.95	4.95	4.95	0
333	2017-01-18	4.95	4.95	4.95	4.95	0
334	2017-01-19	4.95	4.95	4.95	4.95	0
335	2017-01-20	4.95	4.95	4.95	4.95	0
336	2017-01-23	4.95	4.95	4.95	4.95	0
337	2017-01-24	4.95	4.95	4.95	4.95	0
338	2017-01-25	4.95	4.95	4.95	4.95	0
339	2017-02-02	4.95	4.95	4.95	4.95	0
340	2017-02-03	4.95	4.95	4.95	4.95	0
341	2017-02-06	4.95	4.95	4.95	4.95	0
342	2017-02-07	4.95	4.95	4.95	4.95	0
343	2017-02-08	4.95	4.95	4.95	4.95	0
344	2017-02-09	4.95	4.95	4.95	4.95	0
345	2017-02-10	4.95	4.95	4.95	4.95	0
346	2017-02-13	4.95	4.95	4.95	4.95	0
347	2017-02-14	4.95	4.95	4.95	4.95	0
348	2017-02-15	4.95	4.95	4.95	4.95	0
349	2017-02-16	4.95	4.95	4.95	4.95	0
350	2017-02-17	4.95	4.95	4.95	4.95	0
351	2017-02-20	4.95	4.95	4.95	4.95	0
352	2017-02-21	4.95	4.95	4.95	4.95	0
353	2017-02-22	4.95	4.95	4.95	4.95	0
354	2017-02-23	4.95	4.95	4.95	4.95	0
355	2017-02-24	4.95	4.95	4.95	4.95	0
356	2017-02-27	4.95	4.95	4.95	4.95	0
357	2017-02-28	4.95	4.95	4.95	4.95	0
358	2017-03-01	4.95	4.95	4.95	4.95	0
359	2017-03-02	4.95	4.95	4.95	4.95	0
360	2017-03-03	4.95	4.95	4.95	4.95	0
361	2017-03-06	4.95	4.95	4.95	4.95	0
362	2017-03-07	4.95	4.95	4.95	4.95	0
363	2017-03-08	4.95	4.95	4.95	4.95	0
364	2017-03-09	4.95	4.95	4.95	4.95	0
365	2017-03-10	4.95	4.95	4.95	4.95	0
366	2017-03-13	4.95	4.95	4.95	4.95	0
367	2017-03-14	4.95	4.95	4.95	4.95	0
368	2017-03-15	4.95	4.95	4.95	4.95	0
369	2017-03-16	4.95	4.95	4.95	4.95	0
370	2017-03-17	4.95	4.95	4.95	4.95	0
371	2017-03-20	4.95	4.95	4.95	4.95	0
372	2017-03-21	4.95	4.95	4.95	4.95	0
373	2017-03-22	4.95	4.95	4.95	4.95	0
374	2017-03-23	4.95	4.95	4.95	4.95	0
375	2017-03-24	4.95	4.95	4.95	4.95	0
376	2017-03-27	4.95	4.95	4.95	4.95	0
377	2017-03-28	4.95	4.95	4.95	4.95	0
378	2017-03-29	4.95	4.95	4.95	4.95	0
379	2017-03-30	4.95	4.95	4.95	4.95	0
380	2017-03-31	4.95	4.95	4.95	4.95	0
381	2017-04-03	4.95	4.95	4.95	4.95	0
382	2017-04-04	4.95	4.95	4.95	4.95	0
383	2017-04-05	4.95	4.95	4.95	4.95	0
384	2017-04-07	4.95	4.95	4.95	4.95	0
385	2017-04-10	4.95	4.95	4.95	4.95	0
386	2017-04-11	4.69	4.69	4.43	4.43	18600
387	2017-04-12	4.43	4.43	4.43	4.43	0
388	2017-04-13	4.43	4.43	4.43	4.43	0
389	2017-04-14	4.43	4.43	4.43	4.43	0
390	2017-04-17	3.81	3.81	3.81	3.81	277
391	2017-04-18	3.81	3.81	3.81	3.81	0
392	2017-04-19	3.81	3.81	3.81	3.81	0
393	2017-04-20	3.81	3.81	3.81	3.81	0
394	2017-04-21	3.81	3.81	3.81	3.81	0
395	2017-04-24	3.81	3.81	3.81	3.81	0
396	2017-04-25	3.81	3.81	3.81	3.81	0
397	2017-04-26	3.81	3.81	3.81	3.81	0
398	2017-04-27	3.81	3.81	3.81	3.81	0
399	2017-04-28	3.81	3.81	3.81	3.81	0
400	2017-05-03	3.81	3.81	3.81	3.81	0
401	2017-05-04	3.81	3.81	3.81	3.81	0
402	2017-05-05	3.81	3.81	3.81	3.81	0
403	2017-05-08	3.81	3.81	3.81	3.81	0
404	2017-05-09	3.81	3.81	3.81	3.81	0
405	2017-05-10	3.81	3.81	3.81	3.81	0
406	2017-05-11	3.81	3.81	3.81	3.81	0
407	2017-05-12	3.81	3.81	3.81	3.81	0
408	2017-05-15	3.81	3.81	3.81	3.81	0
409	2017-05-16	3.81	3.81	3.81	3.81	0
410	2017-05-17	3.81	3.81	3.81	3.81	0
411	2017-05-18	3.81	3.81	3.81	3.81	0
412	2017-05-19	3.81	3.81	3.81	3.81	0
413	2017-05-22	3.81	3.81	3.81	3.81	0
414	2017-05-23	3.81	3.81	3.81	3.81	0
415	2017-05-24	3.81	3.81	3.81	3.81	0
416	2017-05-25	3.81	3.81	3.81	3.81	0
417	2017-05-26	5.27	5.27	5.27	5.27	100
418	2017-05-29	5.27	5.27	5.27	5.27	0
419	2017-05-30	5.27	5.27	5.27	5.27	0
420	2017-05-31	5.27	5.27	5.27	5.27	0
421	2017-06-01	5.27	5.27	5.27	5.27	0
422	2017-06-02	5.27	5.27	5.27	5.27	0
423	2017-06-05	5.27	5.27	5.27	5.27	0
424	2017-06-06	5.27	5.27	5.27	5.27	0
425	2017-06-07	5.27	5.27	5.27	5.27	0
426	2017-06-08	5.27	5.27	5.27	5.27	0
427	2017-06-09	5.27	5.27	5.27	5.27	0
428	2017-06-12	5.27	5.27	5.27	5.27	0
429	2017-06-13	5.27	5.27	5.27	5.27	0
430	2017-06-14	5.27	5.27	5.27	5.27	0
431	2017-06-15	5.27	5.27	5.27	5.27	0
432	2017-06-16	5.27	5.27	5.27	5.27	0
433	2017-06-19	5.27	5.27	5.27	5.27	0
434	2017-06-20	5.27	5.27	5.27	5.27	0
435	2017-06-21	5.27	5.27	5.27	5.27	0
436	2017-06-22	5.27	5.27	5.27	5.27	0
437	2017-06-23	5.27	5.27	5.27	5.27	0
438	2017-06-26	5.27	5.27	5.27	5.27	0
439	2017-06-27	5.27	5.27	5.27	5.27	0
440	2017-06-28	5.27	5.27	5.27	5.27	0
441	2017-06-29	5.27	5.27	5.27	5.27	0
442	2017-06-30	5.27	5.27	5.27	5.27	0
443	2017-07-03	5.27	5.27	5.27	5.27	0
444	2017-07-04	5.27	5.27	5.27	5.27	0
445	2017-07-05	5.27	5.27	5.27	5.27	0
446	2017-07-06	5.27	5.27	5.27	5.27	0
447	2017-07-07	5.27	5.27	5.27	5.27	0
448	2017-07-10	5.86	5.97	5.86	5.97	200
449	2017-07-11	6.74	6.74	6.74	6.74	100
450	2017-07-12	7.03	7.61	7.03	7.61	300
451	2017-07-13	8.26	8.26	8.26	8.26	100
452	2017-07-14	9.43	9.43	9.43	9.43	100
453	2017-07-17	10.78	10.78	10.78	10.78	100
454	2017-07-18	10.78	10.78	10.78	10.78	0
455	2017-07-19	12.36	12.36	12.36	12.36	100
456	2017-07-20	12.36	12.36	12.36	12.36	0
457	2017-07-21	12.36	12.36	12.36	12.36	0
458	2017-07-24	14.17	14.17	14.17	14.17	25000
459	2017-07-25	14.17	14.17	14.17	14.17	0
460	2017-07-26	14.17	14.17	14.17	14.17	0
461	2017-07-27	14.17	14.17	14.17	14.17	0
462	2017-07-28	16.28	16.28	16.28	16.28	3000
463	2017-07-31	18.45	18.45	18.45	18.45	200
464	2017-08-01	18.45	18.45	18.45	18.45	0
465	2017-08-02	20.79	20.97	20.79	20.97	500
466	2017-08-03	20.91	20.91	20.91	20.91	0
467	2017-08-04	23.43	23.43	23.43	23.43	1000
468	2017-08-07	23.43	23.43	23.43	23.43	0
469	2017-08-08	23.43	23.43	23.43	23.43	0
470	2017-08-09	23.43	23.43	23.43	23.43	0
471	2017-08-10	24.01	24.01	24.01	24.01	1300
472	2017-08-11	24.01	24.01	24.01	24.01	0
473	2017-08-14	24.01	24.01	24.01	24.01	0
474	2017-08-15	24.01	24.01	24.01	24.01	0
475	2017-08-16	24.01	24.01	24.01	24.01	0
476	2017-08-17	24.01	26.36	24.01	26.36	1500
477	2017-08-18	25.13	25.13	25.13	25.13	0
478	2017-08-21	25.13	25.13	25.13	25.13	0
479	2017-08-22	25.13	25.13	25.13	25.13	0
480	2017-08-23	25.13	25.13	25.13	25.13	0
481	2017-08-24	25.13	25.13	25.13	25.13	0
482	2017-08-25	25.13	25.13	25.13	25.13	0
483	2017-08-28	25.13	25.13	25.13	25.13	0
484	2017-08-29	25.13	25.13	25.13	25.13	0
485	2017-08-30	25.13	25.13	25.13	25.13	0
486	2017-08-31	25.13	25.13	25.13	25.13	0
487	2017-09-01	25.13	25.13	25.13	25.13	0
488	2017-09-05	25.13	25.13	25.13	25.13	0
489	2017-09-06	25.13	25.13	25.13	25.13	0
490	2017-09-07	25.13	25.13	25.13	25.13	0
491	2017-09-08	25.13	25.13	25.13	25.13	0
492	2017-09-11	25.13	25.13	25.13	25.13	0
493	2017-09-12	25.13	25.13	25.13	25.13	0
494	2017-09-13	25.13	25.13	25.13	25.13	0
495	2017-09-14	25.13	25.13	25.13	25.13	0
496	2017-09-15	21.38	21.38	21.38	21.38	4500
497	2017-09-18	24.31	24.31	24.31	24.31	2000
498	2017-09-19	24.31	24.31	24.31	24.31	0
499	2017-09-20	24.31	24.31	24.31	24.31	0
500	2017-09-21	24.31	24.31	24.31	24.31	0
501	2017-09-22	24.31	24.31	24.31	24.31	0
502	2017-09-25	24.31	24.31	24.31	24.31	0
503	2017-09-26	26.65	26.65	26.65	26.65	7000
504	2017-09-27	26.65	26.65	26.65	26.65	0
505	2017-09-28	26.65	26.65	26.65	26.65	0
506	2017-09-29	26.65	26.65	26.65	26.65	0
507	2017-10-02	27.23	27.23	27.23	27.23	1500
508	2017-10-03	27.23	27.23	27.23	27.23	0
509	2017-10-04	27.23	27.23	27.23	27.23	0
510	2017-10-05	27.23	27.23	27.23	27.23	0
511	2017-10-06	27.23	27.23	27.23	27.23	0
512	2017-10-09	27.23	27.23	27.23	27.23	0
513	2017-10-10	27.23	27.23	27.23	27.23	0
514	2017-10-11	27.23	27.23	27.23	27.23	0
515	2017-10-12	27.23	27.23	27.23	27.23	0
516	2017-10-13	27.23	27.23	27.23	27.23	0
517	2017-10-16	27.23	27.23	27.23	27.23	0
518	2017-10-17	27.23	27.23	27.23	27.23	0
519	2017-10-18	27.23	27.23	27.23	27.23	0
520	2017-10-19	27.23	27.23	27.23	27.23	0
521	2017-10-20	27.23	27.23	27.23	27.23	0
522	2017-10-23	27.23	27.23	27.23	27.23	0
523	2017-10-24	27.23	27.23	27.23	27.23	0
524	2017-10-25	27.23	27.23	27.23	27.23	0
525	2017-10-26	27.23	27.23	27.23	27.23	0
526	2017-10-27	27.23	27.23	27.23	27.23	0
527	2017-10-30	27.23	27.23	27.23	27.23	0
528	2017-10-31	27.23	27.23	27.23	27.23	0
529	2017-11-01	27.23	27.23	27.23	27.23	0
530	2017-11-02	27.23	27.23	27.23	27.23	0
531	2017-11-03	27.23	27.23	27.23	27.23	0
532	2017-11-06	27.23	27.23	27.23	27.23	0
533	2017-11-07	27.23	27.23	27.23	27.23	500
534	2017-11-08	27.23	27.23	27.23	27.23	0
535	2017-11-09	27.23	27.23	27.23	27.23	0
536	2017-11-10	27.23	27.23	27.23	27.23	0
537	2017-11-13	27.23	27.23	27.23	27.23	0
538	2017-11-14	27.23	27.23	27.23	27.23	0
539	2017-11-15	27.23	27.23	27.23	27.23	0
540	2017-11-16	27.23	27.23	27.23	27.23	0
541	2017-11-17	27.23	27.23	27.23	27.23	0
542	2017-11-20	27.23	27.23	27.23	27.23	0
543	2017-11-21	27.23	27.23	27.23	27.23	0
544	2017-11-22	27.23	27.23	27.23	27.23	0
545	2017-11-23	27.23	27.23	27.23	27.23	0
546	2017-11-24	27.23	27.23	27.23	27.23	0
547	2017-11-27	27.23	27.23	27.23	27.23	0
548	2017-11-28	27.23	27.23	27.23	27.23	0
549	2017-11-29	27.23	27.23	27.23	27.23	0
550	2017-11-30	27.23	27.23	27.23	27.23	0
551	2017-12-01	27.23	27.23	27.23	27.23	0
552	2017-12-04	27.23	27.23	27.23	27.23	0
553	2017-12-05	27.23	27.23	27.23	27.23	0
554	2017-12-06	27.23	27.23	27.23	27.23	0
555	2017-12-07	27.23	27.23	27.23	27.23	0
556	2017-12-08	27.23	27.23	27.23	27.23	0
557	2017-12-11	27.23	27.23	27.23	27.23	0
558	2017-12-12	27.23	27.23	27.23	27.23	0
559	2017-12-13	27.23	27.23	27.23	27.23	0
560	2017-12-14	27.23	27.23	27.23	27.23	0
561	2017-12-15	27.23	27.23	27.23	27.23	0
562	2017-12-18	27.23	27.23	27.23	27.23	0
563	2017-12-19	27.23	27.23	27.23	27.23	500
564	2017-12-20	27.23	27.23	27.23	27.23	0
565	2017-12-21	27.23	27.23	27.23	27.23	0
566	2017-12-22	27.23	27.23	27.23	27.23	0
567	2017-12-25	27.23	27.23	27.23	27.23	0
568	2017-12-26	27.23	27.23	27.23	27.23	0
569	2017-12-27	27.23	27.23	27.23	27.23	0
570	2017-12-28	27.23	27.23	27.23	27.23	0
571	2017-12-29	27.23	27.23	27.23	27.23	0
572	2018-01-02	27.23	27.23	27.23	27.23	0
573	2018-01-03	27.23	27.23	27.23	27.23	0
574	2018-01-04	27.23	27.23	27.23	27.23	0
575	2018-01-05	27.23	27.23	27.23	27.23	0
576	2018-01-08	27.23	27.23	27.23	27.23	0
577	2018-01-09	27.23	27.23	27.23	27.23	0
578	2018-01-10	27.23	27.23	27.23	27.23	0
579	2018-01-11	27.23	27.23	27.23	27.23	0
580	2018-01-12	27.23	27.23	27.23	27.23	0
581	2018-01-15	27.23	27.23	27.23	27.23	0
582	2018-01-16	27.23	27.23	27.23	27.23	0
583	2018-01-17	27.23	27.23	27.23	27.23	0
584	2018-01-18	27.23	27.23	27.23	27.23	0
585	2018-01-19	27.23	27.23	27.23	27.23	0
586	2018-01-22	27.23	27.23	27.23	27.23	0
587	2018-01-23	27.23	27.23	27.23	27.23	0
588	2018-01-24	27.23	27.23	27.23	27.23	0
589	2018-01-25	27.23	27.23	27.23	27.23	0
590	2018-01-26	27.23	27.23	27.23	27.23	0
591	2018-01-29	27.23	27.23	27.23	27.23	0
592	2018-01-30	27.23	27.23	27.23	27.23	0
593	2018-01-31	27.23	27.23	27.23	27.23	0
594	2018-02-01	27.23	27.23	27.23	27.23	0
595	2018-02-02	27.23	27.23	27.23	27.23	0
596	2018-02-05	27.23	27.23	27.23	27.23	0
597	2018-02-06	27.23	27.23	27.23	27.23	0
598	2018-02-07	27.23	27.23	27.23	27.23	0
599	2018-02-08	27.23	27.23	27.23	27.23	0
600	2018-02-09	27.23	27.23	27.23	27.23	0
601	2018-02-12	27.23	27.23	27.23	27.23	0
602	2018-02-13	27.23	27.23	27.23	27.23	0
603	2018-02-21	27.23	27.23	27.23	27.23	0
604	2018-02-22	27.23	27.23	27.23	27.23	0
605	2018-02-23	27.23	27.23	27.23	27.23	0
606	2018-02-26	27.23	27.23	27.23	27.23	0
607	2018-02-27	27.23	27.23	27.23	27.23	0
608	2018-02-28	27.23	27.23	27.23	27.23	0
609	2018-03-01	27.23	27.23	27.23	27.23	0
610	2018-03-02	27.23	27.23	27.23	27.23	0
611	2018-03-05	27.23	27.23	27.23	27.23	0
612	2018-03-06	27.23	27.23	27.23	27.23	0
613	2018-03-07	27.23	27.23	27.23	27.23	0
614	2018-03-08	27.2	27.2	27.2	27.2	0
615	2018-03-09	27.2	27.2	27.2	27.2	0
616	2018-03-12	27.2	27.2	27.2	27.2	0
617	2018-03-13	27.2	27.2	27.2	27.2	0
618	2018-03-14	27.2	27.2	27.2	27.2	0
619	2018-03-15	27.2	27.2	27.2	27.2	0
620	2018-03-16	27.2	27.2	27.2	27.2	0
621	2018-03-19	27.2	27.2	27.2	27.2	0
622	2018-03-20	27.2	27.2	27.2	27.2	0
623	2018-03-21	27.2	27.2	27.2	27.2	0
624	2018-03-22	27.2	27.2	27.2	27.2	0
625	2018-03-23	27.2	27.2	27.2	27.2	0
626	2018-03-26	27.2	27.2	27.2	27.2	0
627	2018-03-27	27.2	27.2	27.2	27.2	0
628	2018-03-28	27.2	27.2	27.2	27.2	0
629	2018-03-29	27.2	27.2	27.2	27.2	0
630	2018-03-30	27.2	27.2	27.2	27.2	0
631	2018-04-02	27.2	27.2	27.2	27.2	0
632	2018-04-03	27.2	27.2	27.2	27.2	0
633	2018-04-04	27.2	27.2	27.2	27.2	0
634	2018-04-05	27.2	27.2	27.2	27.2	0
635	2018-04-06	27.2	27.2	27.2	27.2	0
636	2018-04-09	27.2	27.2	27.2	27.2	0
637	2018-04-10	27.2	27.2	27.2	27.2	0
638	2018-04-11	27.2	27.2	27.2	27.2	0
639	2018-04-12	27.2	27.2	27.2	27.2	0
640	2018-04-13	27.2	27.2	27.2	27.2	0
641	2018-04-16	16.62	16.62	16.62	16.62	3300
642	2018-04-17	16.62	16.62	16.62	16.62	0
643	2018-04-18	16.62	16.62	16.62	16.62	0
644	2018-04-19	18.89	18.89	18.89	18.89	100
645	2018-04-20	18.89	18.89	18.89	18.89	0
646	2018-04-23	18.89	18.89	18.89	18.89	0
647	2018-04-24	18.89	18.89	18.89	18.89	0
648	2018-04-26	18.89	18.89	18.89	18.89	0
649	2018-04-27	18.89	18.89	18.89	18.89	0
650	2018-05-02	18.89	18.89	18.89	18.89	0
651	2018-05-03	18.89	18.89	18.89	18.89	0
652	2018-05-04	18.89	18.89	18.89	19.51	90
653	2018-05-07	18.89	18.89	18.89	18.89	0
654	2018-05-08	18.89	18.89	18.89	18.89	0
655	2018-05-09	18.89	18.89	18.89	18.89	0
656	2018-05-10	18.89	18.89	18.89	18.89	0
657	2018-05-11	18.89	18.89	18.89	18.89	0
658	2018-05-14	18.89	18.89	18.89	18.89	0
659	2018-05-15	18.89	18.89	18.89	18.89	0
660	2018-05-16	18.89	18.89	18.89	18.89	0
661	2018-05-17	18.89	18.89	18.89	18.89	0
662	2018-05-18	21.7	21.7	21.7	21.7	100
663	2018-05-21	21.7	21.7	21.7	21.7	0
664	2018-05-22	21.7	21.7	21.7	21.7	0
665	2018-05-23	24.9	24.9	24.9	24.9	3000
666	2018-05-24	24.9	24.9	24.9	24.9	0
667	2018-05-25	24.9	24.9	24.9	24.9	0
668	2018-05-28	26.54	26.54	26.54	26.54	2900
669	2018-05-29	26.54	26.54	26.54	26.54	0
670	2018-05-30	26.54	26.54	26.54	26.54	0
671	2018-05-31	26.54	26.54	26.54	26.54	0
672	2018-06-01	26.54	26.54	26.54	26.54	0
673	2018-06-04	26.54	26.54	26.54	26.54	0
674	2018-06-05	26.54	26.54	26.54	26.54	0
675	2018-06-06	26.54	26.54	26.54	26.54	0
676	2018-06-07	26.54	26.54	26.54	26.54	0
677	2018-06-08	26.54	26.54	26.54	26.54	0
678	2018-06-11	26.54	26.54	26.54	26.54	0
679	2018-06-12	26.54	26.54	26.54	26.54	0
680	2018-06-13	26.54	26.54	26.54	26.54	0
681	2018-06-14	26.54	26.54	26.54	26.54	0
682	2018-06-15	26.54	26.54	26.54	26.54	0
683	2018-06-18	26.54	26.54	26.54	26.54	0
684	2018-06-19	26.54	26.54	26.54	26.54	0
685	2018-06-20	26.54	26.54	26.54	26.54	0
686	2018-06-21	26.54	26.54	26.54	26.54	0
687	2018-06-22	26.54	26.54	26.54	26.54	0
688	2018-06-25	26.54	26.54	26.54	26.54	0
689	2018-06-26	26.54	26.54	26.54	26.54	0
690	2018-06-27	26.54	26.54	26.54	26.54	0
691	2018-06-28	26.54	26.54	26.54	26.54	0
692	2018-06-29	28.1	28.1	28.1	28.1	4600
693	2018-07-02	28.1	28.1	28.1	28.1	0
694	2018-07-03	28.1	28.1	28.1	28.1	0
695	2018-07-04	28.1	28.1	28.1	28.1	0
696	2018-07-05	28.1	28.1	28.1	28.1	0
697	2018-07-06	28.1	28.1	28.1	28.1	0
698	2018-07-09	28.1	28.1	28.1	28.1	0
699	2018-07-10	28.1	28.1	28.1	28.1	0
700	2018-07-11	28.1	28.1	28.1	28.1	0
701	2018-07-12	28.1	28.1	28.1	28.1	0
702	2018-07-13	28.1	28.1	28.1	28.1	0
703	2018-07-16	28.1	28.1	28.1	28.1	0
704	2018-07-17	28.1	28.1	28.1	28.1	0
705	2018-07-18	28.1	28.1	28.1	28.1	0
706	2018-07-19	28.1	28.1	28.1	28.1	0
707	2018-07-20	28.1	28.1	28.1	28.1	0
708	2018-07-23	28.1	28.1	28.1	28.1	0
709	2018-07-24	28.1	28.1	28.1	28.1	0
710	2018-07-25	28.1	28.1	28.1	28.1	0
711	2018-07-26	28.1	28.1	28.1	28.1	0
712	2018-07-27	28.1	28.1	28.1	28.1	0
713	2018-07-30	28.1	28.1	28.1	28.1	0
714	2018-07-31	28.1	28.1	28.1	28.1	0
715	2018-08-01	28.1	28.1	28.1	28.1	0
716	2018-08-02	28.1	28.1	28.1	28.1	0
717	2018-08-03	28.1	28.1	28.1	28.1	0
718	2018-08-06	28.1	28.1	28.1	28.1	0
719	2018-08-07	28.1	28.1	28.1	28.1	0
720	2018-08-08	28.1	28.1	28.1	28.1	0
721	2018-08-09	28.1	28.1	28.1	28.1	0
722	2018-08-10	28.1	28.1	28.1	28.1	0
723	2018-08-13	28.1	28.1	28.1	28.1	0
724	2018-08-14	28.1	28.1	28.1	28.1	0
725	2018-08-15	28.1	28.1	28.1	28.1	0
726	2018-08-16	28.1	28.1	28.1	28.1	0
727	2018-08-17	28.1	28.1	28.1	28.1	0
728	2018-08-20	28.1	28.1	28.1	28.1	0
729	2018-08-21	28.1	28.1	28.1	28.1	0
730	2018-08-22	28.1	28.1	28.1	28.1	1000
731	2018-08-23	28.1	28.1	28.1	28.1	0
732	2018-08-24	28.1	28.1	28.1	28.1	0
733	2018-08-27	28.1	28.1	28.1	28.1	0
734	2018-08-28	28.1	28.1	28.1	28.1	0
735	2018-08-29	28.1	28.1	28.1	28.1	0
736	2018-08-30	28.1	28.1	28.1	28.1	0
737	2018-08-31	28.1	28.1	28.1	28.1	0
738	2018-09-04	28.1	28.1	28.1	28.1	0
739	2018-09-05	28.1	28.1	28.1	28.1	0
740	2018-09-06	28.1	28.1	28.1	28.1	0
741	2018-09-07	28.1	28.1	28.1	28.1	0
742	2018-09-10	28.1	28.1	28.1	28.1	0
743	2018-09-11	28.1	28.1	28.1	28.1	0
744	2018-09-12	28.1	28.1	28.1	28.1	0
745	2018-09-13	28.1	28.1	28.1	28.1	0
746	2018-09-14	28.1	28.1	28.1	28.1	0
747	2018-09-17	28.1	28.1	28.1	28.1	0
748	2018-09-18	28.1	28.1	28.1	28.1	0
749	2018-09-19	28.1	28.1	28.1	28.1	0
750	2018-09-20	28.1	28.1	28.1	28.1	0
751	2018-09-21	28.1	28.1	28.1	28.1	0
752	2018-09-24	28.1	28.1	28.1	28.1	0
753	2018-09-25	28.1	28.1	28.1	28.1	0
754	2018-09-26	28.1	28.1	28.1	28.1	0
755	2018-09-27	28.1	28.1	28.1	28.1	0
756	2018-09-28	28.1	28.1	28.1	28.1	0
757	2018-10-01	28.1	28.1	28.1	28.1	0
758	2018-10-02	28.1	28.1	28.1	28.1	0
759	2018-10-03	28.1	28.1	28.1	28.1	0
760	2018-10-04	28.1	28.1	28.1	28.1	0
761	2018-10-05	28.1	28.1	28.1	28.1	0
762	2018-10-08	28.1	28.1	28.1	28.1	0
763	2018-10-09	28.1	28.1	28.1	28.1	0
764	2018-10-10	28.1	28.1	28.1	28.1	0
765	2018-10-11	28.1	28.1	28.1	28.1	0
766	2018-10-12	28.1	28.1	28.1	28.1	0
767	2018-10-15	28.1	28.1	28.1	28.1	0
768	2018-10-16	28.1	28.1	28.1	28.1	0
769	2018-10-17	28.1	28.1	28.1	28.1	0
770	2018-10-18	28.1	28.1	28.1	28.1	0
771	2018-10-19	28.1	28.1	28.1	28.1	0
772	2018-10-22	28.1	28.1	28.1	28.1	0
773	2018-10-23	28.1	28.1	28.1	28.1	0
774	2018-10-24	28.1	28.1	28.1	28.1	0
775	2018-10-25	28.1	28.1	28.1	28.1	0
776	2018-10-26	28.1	28.1	28.1	28.1	0
777	2018-10-29	28.1	28.1	28.1	28.1	0
778	2018-10-30	28.1	28.1	28.1	28.1	0
779	2018-10-31	28.1	28.1	28.1	28.1	0
780	2018-11-01	28.1	28.1	28.1	28.1	0
781	2018-11-02	28.1	28.1	28.1	28.1	0
782	2018-11-05	28.1	28.1	28.1	28.1	0
783	2018-11-06	28.1	28.1	28.1	28.1	0
784	2018-11-07	28.1	28.1	28.1	28.1	0
785	2018-11-08	28.1	28.1	28.1	28.1	0
786	2018-11-09	28.1	28.1	28.1	28.1	0
787	2018-11-12	28.1	28.1	28.1	28.1	0
788	2018-11-13	28.1	28.1	28.1	28.1	0
789	2018-11-14	28.1	28.1	28.1	28.1	0
790	2018-11-15	28.1	28.1	28.1	28.1	0
791	2018-11-16	28.1	28.1	28.1	28.1	0
792	2018-11-19	28.1	28.1	28.1	28.1	0
793	2018-11-20	28.1	28.1	28.1	28.1	0
794	2018-11-21	28.1	28.1	28.1	28.1	0
795	2018-11-22	28.1	28.1	28.1	28.1	0
796	2018-11-23	28.1	28.1	28.1	28.1	0
797	2018-11-26	28.1	28.1	28.1	28.1	0
798	2018-11-27	28.1	28.1	28.1	28.1	0
799	2018-11-28	28.1	28.1	28.1	28.1	0
800	2018-11-29	28.1	28.1	28.1	28.1	0
801	2018-11-30	28.1	28.1	28.1	28.1	0
802	2018-12-03	28.1	28.1	28.1	28.1	0
803	2018-12-04	28.1	28.1	28.1	28.1	0
804	2018-12-05	28.1	28.1	28.1	28.1	0
805	2018-12-06	28.1	28.1	28.1	28.1	0
806	2018-12-07	28.1	28.1	28.1	28.1	0
807	2018-12-10	28.1	28.1	28.1	28.1	0
808	2018-12-11	28.1	28.1	28.1	28.1	0
809	2018-12-12	28.1	28.1	28.1	28.1	0
810	2018-12-13	28.1	28.1	28.1	28.1	0
811	2018-12-14	28.1	28.1	28.1	28.1	0
812	2018-12-17	28.1	28.1	28.1	28.1	0
813	2018-12-18	28.1	28.1	28.1	28.1	0
814	2018-12-19	28.1	28.1	28.1	28.1	0
815	2018-12-20	28.1	28.1	28.1	28.1	0
816	2018-12-21	28.1	28.1	28.1	28.1	0
817	2018-12-24	28.1	28.1	28.1	28.1	0
818	2018-12-25	28.1	28.1	28.1	28.1	0
819	2018-12-26	28.1	28.1	28.1	28.1	0
820	2018-12-27	28.1	28.1	28.1	28.1	0
821	2018-12-28	28.1	28.1	28.1	28.1	0
822	2019-01-02	28.1	28.1	28.1	28.1	0
823	2019-01-03	28.1	28.1	28.1	28.1	0
824	2019-01-04	28.1	28.1	28.1	28.1	0
825	2019-01-07	28.1	28.1	28.1	28.1	0
826	2019-01-08	28.1	28.1	28.1	28.1	0
827	2019-01-09	28.1	28.1	28.1	28.1	0
828	2019-01-10	28.1	28.1	28.1	28.1	0
829	2019-01-11	28.1	28.1	28.1	28.1	0
830	2019-01-14	28.1	28.1	28.1	28.1	0
831	2019-01-15	28.1	28.1	28.1	28.1	0
832	2019-01-16	28.1	28.1	28.1	28.1	0
833	2019-01-17	28.1	28.1	28.1	28.1	0
834	2019-01-18	28.1	28.1	28.1	28.1	0
835	2019-01-21	28.1	28.1	28.1	28.1	0
836	2019-01-22	28.1	28.1	28.1	28.1	0
837	2019-01-23	28.1	28.1	28.1	28.1	0
838	2019-01-24	28.1	28.1	28.1	28.1	0
839	2019-01-25	28.1	28.1	28.1	28.1	0
840	2019-01-28	28.1	28.1	28.1	28.1	0
841	2019-01-29	28.1	28.1	28.1	28.1	0
842	2019-01-30	28.1	28.1	28.1	28.1	0
843	2019-01-31	28.1	28.1	28.1	28.1	0
844	2019-02-01	28.1	28.1	28.1	28.1	0
845	2019-02-11	28.1	28.1	28.1	28.1	0
846	2019-02-12	28.1	28.1	28.1	28.1	0
847	2019-02-13	28.1	28.1	28.1	28.1	0
848	2019-02-14	28.1	28.1	28.1	28.1	0
849	2019-02-15	28.1	28.1	28.1	28.1	0
850	2019-02-18	28.1	28.1	28.1	28.1	0
851	2019-02-19	28.1	28.1	28.1	28.1	0
852	2019-02-20	28.1	28.1	28.1	28.1	0
853	2019-02-21	28.1	28.1	28.1	28.1	0
854	2019-02-22	28.1	28.1	28.1	28.1	0
855	2019-02-25	28.1	28.1	28.1	28.1	0
856	2019-02-26	28.1	28.1	28.1	28.1	0
857	2019-02-27	28.1	28.1	28.1	28.1	0
858	2019-02-28	28.1	28.1	28.1	28.1	0
859	2019-03-01	28.1	28.1	28.1	28.1	0
860	2019-03-04	28.1	28.1	28.1	28.1	0
861	2019-03-05	28.1	28.1	28.1	28.1	0
862	2019-03-06	28.1	28.1	28.1	28.1	0
863	2019-03-07	28.1	28.1	28.1	28.1	0
864	2019-03-08	28.1	28.1	28.1	28.1	0
865	2019-03-11	28.1	28.1	28.1	28.1	0
866	2019-03-12	28.1	28.1	28.1	28.1	0
867	2019-03-13	28.1	28.1	28.1	28.1	0
868	2019-03-14	28.1	28.1	28.1	28.1	0
869	2019-03-15	28.1	28.1	28.1	28.1	0
870	2019-03-18	28.1	28.1	28.1	28.1	0
871	2019-03-19	28.1	28.1	28.1	28.1	0
872	2019-03-20	28.1	28.1	28.1	28.1	0
873	2019-03-21	28.1	28.1	28.1	28.1	0
874	2019-03-22	28.1	28.1	28.1	28.1	0
875	2019-03-25	28.1	28.1	28.1	28.1	0
876	2019-03-26	28.1	28.1	28.1	28.1	0
877	2019-03-27	28.1	28.1	28.1	28.1	0
878	2019-03-28	28.1	28.1	28.1	28.1	0
879	2019-03-29	28.1	28.1	28.1	28.1	0
880	2019-04-01	28.1	28.1	28.1	28.1	0
881	2019-04-02	28.1	28.1	28.1	28.1	0
882	2019-04-03	28.1	28.1	28.1	28.1	0
883	2019-04-04	28.1	28.1	28.1	28.1	0
884	2019-04-05	28.1	28.1	28.1	28.1	0
885	2019-04-08	28.1	28.1	28.1	28.1	0
886	2019-04-09	28.1	28.1	28.1	28.1	0
887	2019-04-10	28.1	28.1	28.1	28.1	0
888	2019-04-11	28.1	28.1	28.1	28.1	0
889	2019-04-12	28.1	28.1	28.1	28.1	0
890	2019-04-16	28.1	28.1	28.1	28.1	0
891	2019-04-17	28.1	28.1	28.1	28.1	0
892	2019-04-18	28.1	28.1	28.1	28.1	0
893	2019-04-19	28.1	28.1	28.1	28.1	0
894	2019-04-22	28.1	28.1	28.1	28.1	0
895	2019-04-23	28.1	28.82	28.82	28.82	0
896	2019-04-24	28.1	28.82	28.82	28.82	0
897	2019-04-25	28.1	28.82	28.82	28.82	0
898	2019-04-26	28.1	28.82	28.82	28.82	0
899	2019-05-02	28.1	28.82	28.82	28.82	0
900	2019-05-03	28.1	28.82	28.82	28.82	0
901	2019-05-06	28.1	28.82	28.82	28.82	0
902	2019-05-07	28.1	28.82	28.82	28.82	0
903	2019-05-08	28.1	28.82	28.82	28.82	0
904	2019-05-09	28.1	28.82	28.82	28.82	0
905	2019-05-10	28.1	28.82	28.82	28.82	0
906	2019-05-13	28.1	28.82	28.82	28.82	0
907	2019-05-14	28.1	28.82	28.82	28.82	0
908	2019-05-15	28.1	28.82	28.82	28.82	0
909	2019-05-16	28.1	28.82	28.82	28.82	0
910	2019-05-17	28.1	28.82	28.82	28.82	0
911	2019-05-20	28.1	28.82	28.82	28.82	0
912	2019-05-21	28.1	28.82	28.82	28.82	0
913	2019-05-22	28.1	28.82	28.82	28.82	0
914	2019-05-23	28.1	28.82	28.82	28.82	0
915	2019-05-24	28.1	28.82	28.82	28.82	0
916	2019-05-27	28.1	28.82	28.82	28.82	0
917	2019-05-28	28.1	28.82	28.82	28.82	0
918	2019-05-29	28.1	28.82	28.82	28.82	0
919	2019-05-30	28.1	28.82	28.82	28.82	0
920	2019-05-31	28.1	28.82	28.82	28.82	0
921	2019-06-03	28.1	28.82	28.82	28.82	0
922	2019-06-04	28.1	28.82	28.82	28.82	0
923	2019-06-05	28.1	28.82	28.82	28.82	0
924	2019-06-06	28.1	28.82	28.82	28.82	0
925	2019-06-07	28.1	28.82	28.82	28.82	0
926	2019-06-10	28.1	28.82	28.82	28.82	0
927	2019-06-11	28.1	28.82	28.82	28.82	0
928	2019-06-12	28.1	28.82	28.82	28.82	0
929	2019-06-13	28.1	28.82	28.82	28.82	0
930	2019-06-14	28.1	28.82	28.82	28.82	0
931	2019-06-17	28.1	28.82	28.82	28.82	0
932	2019-06-18	28.1	28.82	28.82	28.82	0
933	2019-06-19	28.1	28.82	28.82	28.82	0
934	2019-06-20	28.1	28.1	28.1	28.1	0
935	2019-06-21	28.1	28.1	28.1	28.1	0
936	2019-06-24	28.1	28.82	28.82	28.82	0
937	2019-06-25	28.1	28.82	28.82	28.82	0
938	2019-06-26	28.1	28.82	28.82	28.82	0
939	2019-06-27	28.1	28.82	28.82	28.82	0
940	2019-06-28	28.1	28.82	28.82	28.82	0
941	2019-07-01	28.1	28.82	28.82	28.82	0
942	2019-07-02	28.1	28.82	28.82	28.82	0
943	2019-07-03	28.1	28.82	28.82	28.82	0
944	2019-07-04	28.1	28.1	28.1	28.1	0
945	2019-07-05	28.1	28.82	28.82	28.82	0
946	2019-07-08	28.1	28.82	28.82	28.82	0
947	2019-07-09	28.1	28.82	28.82	28.82	0
948	2019-07-10	28.1	28.82	28.82	28.82	0
949	2019-07-11	28.1	28.82	28.82	28.82	0
950	2019-07-12	28.1	28.82	28.82	28.82	0
951	2019-07-15	28.1	28.82	28.82	28.82	0
952	2019-07-16	28.1	28.82	28.82	28.82	0
953	2019-07-17	28.1	28.82	28.82	28.82	0
954	2019-07-18	28.1	28.82	28.82	28.82	0
955	2019-07-19	28.1	28.82	28.82	28.82	0
956	2019-07-22	28.1	28.82	28.82	28.82	0
957	2019-07-23	28.1	28.82	28.82	28.82	0
958	2019-07-24	28.1	28.82	28.82	28.82	0
959	2019-07-25	28.1	28.82	28.82	28.82	0
960	2019-07-26	28.1	28.82	28.82	28.82	0
961	2019-07-29	28.1	28.82	28.82	28.82	0
962	2019-07-30	28.1	28.82	28.82	28.82	0
963	2019-07-31	28.1	28.82	28.82	28.82	0
964	2019-08-01	28.1	28.82	28.82	28.82	0
965	2019-08-02	28.1	28.82	28.82	28.82	0
966	2019-08-05	28.1	28.82	28.82	28.82	0
967	2019-08-06	28.1	28.82	28.82	28.82	0
968	2019-08-07	28.1	28.82	28.82	28.82	0
969	2019-08-08	28.1	28.82	28.82	28.82	0
970	2019-08-09	28.1	28.82	28.82	28.82	0
971	2019-08-12	28.1	28.82	28.82	28.82	0
972	2019-08-13	28.1	28.82	28.82	28.82	0
973	2019-08-14	28.1	28.82	28.82	28.82	0
974	2019-08-15	28.1	28.82	28.82	28.82	0
975	2019-08-16	28.1	28.82	28.82	28.82	0
976	2019-08-19	28.1	28.82	28.82	28.82	0
977	2019-08-20	28.1	28.82	28.82	28.82	0
978	2019-08-21	28.1	28.82	28.82	28.82	0
979	2019-08-22	28.1	28.82	28.82	28.82	0
980	2019-08-23	28.1	28.82	28.82	28.82	0
981	2019-08-26	28.1	28.82	28.82	28.82	0
982	2019-08-27	28.1	28.82	28.82	28.82	0
983	2019-08-28	28.1	28.82	28.82	28.82	0
984	2019-08-29	28.1	28.82	28.82	28.82	0
985	2019-08-30	28.1	28.82	28.82	28.82	0
986	2019-09-03	28.1	28.82	28.82	28.82	0
987	2019-09-04	28.1	28.82	28.82	28.82	0
988	2019-09-05	28.1	28.82	28.82	28.82	0
989	2019-09-06	28.1	28.82	28.82	28.82	0
990	2019-09-09	28.1	28.82	28.82	28.82	0
991	2019-09-10	28.1	28.82	28.82	28.82	0
992	2019-09-11	28.1	28.82	28.82	28.82	0
993	2019-09-12	28.1	28.82	28.82	28.82	0
994	2019-09-13	28.1	28.82	28.82	28.82	0
995	2019-09-16	28.1	28.82	28.82	28.82	0
996	2019-09-17	28.1	28.82	28.82	28.82	0
997	2019-09-18	28.1	28.82	28.82	28.82	0
998	2019-09-19	28.1	28.82	28.82	28.82	0
999	2019-09-20	28.1	28.82	28.82	28.82	0
1000	2019-09-23	28.1	28.82	28.82	28.82	0
1001	2019-09-24	28.1	28.82	28.82	28.82	0
1002	2019-09-25	28.1	28.82	28.82	28.82	0
1003	2019-09-26	28.1	28.82	28.82	28.82	0
1004	2019-09-27	28.1	28.82	28.82	28.82	0
1005	2019-09-30	28.1	28.82	28.82	28.82	0
1006	2019-10-01	28.1	28.82	28.82	28.82	0
1007	2019-10-02	28.1	28.82	28.82	28.82	0
1008	2019-10-03	28.1	28.82	28.82	28.82	0
1009	2019-10-04	28.1	28.82	28.82	28.82	0
1010	2019-10-07	28.1	28.82	28.82	28.82	0
1011	2019-10-08	28.1	28.82	28.82	28.82	0
1012	2019-10-09	28.1	28.82	28.82	28.82	0
1013	2019-10-10	28.1	28.82	28.82	28.82	0
1014	2019-10-11	28.1	28.82	28.82	28.82	0
1015	2019-10-14	28.1	28.82	28.82	28.82	0
1016	2019-10-15	28.1	28.1	28.1	28.1	0
1017	2019-10-16	28.1	28.82	28.82	28.82	0
1018	2019-10-17	28.1	28.82	28.82	28.82	0
1019	2019-10-18	28.1	28.82	28.82	28.82	0
1020	2019-10-21	28.1	28.82	28.82	28.82	0
1021	2019-10-22	28.1	28.82	28.82	28.82	0
1022	2019-10-23	28.1	28.82	28.82	28.82	0
1023	2019-10-24	28.1	28.82	28.82	28.82	0
1024	2019-10-25	28.1	28.82	28.82	28.82	0
1025	2019-10-28	28.1	28.82	28.82	28.82	0
1026	2019-10-29	28.1	28.82	28.82	28.82	0
1027	2019-10-30	28.1	28.82	28.82	28.82	0
1028	2019-10-31	28.1	28.1	28.1	28.1	0
1029	2019-11-01	28.1	28.82	28.82	28.82	0
1030	2019-11-04	28.1	28.82	28.82	28.82	0
1031	2019-11-05	28.1	28.82	28.82	28.82	0
1032	2019-11-06	28.1	28.82	28.82	28.82	0
1033	2019-11-07	28.1	28.82	28.82	28.82	0
1034	2019-11-08	28.1	28.82	28.82	28.82	0
1035	2019-11-11	28.1	28.82	28.82	28.82	0
1036	2019-11-12	28.1	28.82	28.82	28.82	0
1037	2019-11-13	28.1	28.82	28.82	28.82	0
1038	2019-11-14	28.1	28.82	28.82	28.82	0
1039	2019-11-15	28.1	28.82	28.82	28.82	0
1040	2019-11-18	28.1	28.82	28.82	28.82	0
1041	2019-11-19	28.1	28.82	28.82	28.82	0
1042	2019-11-20	28.1	28.82	28.82	28.82	0
1043	2019-11-21	28.1	28.82	28.82	28.82	0
1044	2019-11-22	28.1	28.1	28.1	28.1	0
1045	2019-11-25	28.1	28.82	28.82	28.82	0
1046	2019-11-26	28.1	28.82	28.82	28.82	0
1047	2019-11-27	28.1	28.82	28.82	28.82	0
1048	2019-11-28	28.1	28.82	28.82	28.82	0
1049	2019-11-29	28.1	28.82	28.82	28.82	0
1050	2019-12-02	28.1	28.1	28.1	28.1	0
1051	2019-12-03	28.1	28.82	28.82	28.82	0
1052	2019-12-04	28.1	28.82	28.82	28.82	0
1053	2019-12-05	28.1	28.82	28.82	28.82	0
1054	2019-12-06	28.1	28.82	28.82	28.82	0
1055	2019-12-09	28.1	28.82	28.82	28.82	0
1056	2019-12-10	28.1	28.82	28.82	28.82	0
1057	2019-12-11	28.1	28.82	28.82	28.82	0
1058	2019-12-12	28.1	28.82	28.82	28.82	0
1059	2019-12-13	28.1	28.82	28.82	28.82	0
1060	2019-12-16	28.1	28.82	28.82	28.82	0
1061	2019-12-17	28.1	28.82	28.82	28.82	0
1062	2019-12-18	28.1	28.82	28.82	28.82	0
1063	2019-12-19	28.1	28.82	28.82	28.82	0
1064	2019-12-20	28.1	28.82	28.82	28.82	0
1065	2019-12-23	28.1	28.82	28.82	28.82	0
1066	2019-12-24	28.1	28.82	28.82	28.82	0
1067	2019-12-25	28.1	28.82	28.82	28.82	0
1068	2019-12-26	28.1	28.82	28.82	28.82	0
1069	2019-12-27	28.1	28.82	28.82	28.82	0
1070	2019-12-30	28.1	28.82	28.82	28.82	0
1071	2019-12-31	28.1	28.82	28.82	28.82	0
1072	2020-01-02	28.1	28.82	28.82	28.82	0
1073	2020-01-03	28.1	28.82	28.82	28.82	0
1074	2020-01-06	28.1	28.82	28.82	28.82	0
1075	2020-01-07	28.1	28.82	28.82	28.82	0
1076	2020-01-08	28.1	28.82	28.82	28.82	0
1077	2020-01-09	28.1	28.82	28.82	28.82	0
1078	2020-01-10	28.1	28.82	28.82	28.82	0
1079	2020-01-13	28.1	28.82	28.82	28.82	0
1080	2020-01-14	28.1	28.82	28.82	28.82	0
1081	2020-01-15	28.1	28.82	28.82	28.82	0
1082	2020-01-16	28.1	28.82	28.82	28.82	0
1083	2020-01-17	28.1	28.82	28.82	28.82	0
1084	2020-01-20	28.1	28.82	28.82	28.82	0
1085	2020-01-21	28.1	28.82	28.82	28.82	0
1086	2020-01-22	28.1	28.82	28.82	28.82	0
1087	2020-01-30	28.1	28.82	28.82	28.82	0
1088	2020-01-31	28.1	28.82	28.82	28.82	0
1089	2020-02-03	28.1	28.82	28.82	28.82	0
1090	2020-02-04	28.1	28.82	28.82	28.82	0
1091	2020-02-05	28.1	28.82	28.82	28.82	0
1092	2020-02-06	28.1	28.82	28.82	28.82	0
1093	2020-02-07	28.1	28.82	28.82	28.82	0
1094	2020-02-10	28.1	28.82	28.82	28.82	0
1095	2020-02-11	28.1	28.82	28.82	28.82	0
1096	2020-02-12	28.1	28.82	28.82	28.82	0
1097	2020-02-13	28.1	28.82	28.82	28.82	0
1098	2020-02-14	28.1	28.82	28.82	28.82	0
1099	2020-02-17	28.1	28.82	28.82	28.82	0
1100	2020-02-18	28.1	28.82	28.82	28.82	0
1101	2020-02-19	28.1	28.82	28.82	28.82	0
1102	2020-02-20	28.1	28.82	28.82	28.82	0
1103	2020-02-21	28.1	28.82	28.82	28.82	0
1104	2020-02-24	28.1	28.82	28.82	28.82	0
1105	2020-02-25	28.1	28.82	28.82	28.82	0
1106	2020-02-26	28.1	28.82	28.82	28.82	0
1107	2020-02-27	28.1	28.82	28.82	28.82	0
1108	2020-02-28	28.1	28.82	28.82	28.82	0
1109	2020-03-02	28.1	28.82	28.82	28.82	0
1110	2020-03-03	28.1	28.82	28.82	28.82	0
1111	2020-03-04	28.1	28.82	28.82	28.82	0
1112	2020-03-05	28.1	28.82	28.82	28.82	0
1113	2020-03-06	28.1	28.82	28.82	28.82	0
1114	2020-03-09	28.1	28.82	28.82	28.82	0
1115	2020-03-10	28.1	28.82	28.82	28.82	0
1116	2020-03-11	28.1	28.82	28.82	28.82	0
1117	2020-03-12	28.1	28.82	28.82	28.82	0
1118	2020-03-13	28.1	28.82	28.82	28.82	0
1119	2020-03-16	28.1	28.82	28.82	28.82	0
1120	2020-03-17	28.1	28.82	28.82	28.82	0
1121	2020-03-18	28.1	28.82	28.82	28.82	0
1122	2020-03-19	28.1	28.82	28.82	28.82	0
1123	2020-03-20	28.1	28.82	28.82	28.82	0
1124	2020-03-23	28.1	28.82	28.82	28.82	0
1125	2020-03-24	28.1	28.82	28.82	28.82	0
1126	2020-03-25	28.1	28.82	28.82	28.82	0
1127	2020-03-26	28.1	28.82	28.82	28.82	0
1128	2020-03-27	28.1	28.82	28.82	28.82	0
1129	2020-03-30	28.1	28.82	28.82	28.82	0
1130	2020-03-31	28.1	28.82	28.82	28.82	0
1131	2020-04-01	28.1	28.82	28.82	28.82	0
1132	2020-04-03	28.1	28.82	28.82	28.82	0
1133	2020-04-06	28.1	28.82	28.82	28.82	0
1134	2020-04-07	28.1	28.82	28.82	28.82	0
1135	2020-04-08	28.1	28.82	28.82	28.82	0
1136	2020-04-09	28.1	28.82	28.82	28.82	0
1137	2020-04-10	28.1	28.82	28.82	28.82	0
1138	2020-04-13	28.1	28.82	28.82	28.82	0
1139	2020-04-14	28.1	28.82	28.82	28.82	0
1140	2020-04-15	28.1	28.82	28.82	28.82	0
1141	2020-04-16	28.1	28.82	28.82	28.82	0
1142	2020-04-17	28.1	28.82	28.82	28.82	0
1143	2020-04-20	28.1	28.82	28.82	28.82	0
1144	2020-04-21	28.1	28.82	28.82	28.82	0
1145	2020-04-22	28.1	28.82	28.82	28.82	0
1146	2020-04-23	28.1	28.82	28.82	28.82	0
1147	2020-04-24	28.1	28.82	28.82	28.82	0
1148	2020-04-27	28.1	28.82	28.82	28.82	0
1149	2020-04-28	28.1	28.82	28.82	28.82	0
1150	2020-04-29	28.1	28.82	28.82	28.82	0
1151	2020-05-04	28.1	28.82	28.82	28.82	0
1152	2020-05-05	28.1	29.66	29.66	29.66	0
1153	2020-05-06	28.1	29.66	29.66	29.66	0
1154	2020-05-07	28.1	29.66	29.66	29.66	0
1155	2020-05-08	28.1	29.66	29.66	29.66	0
1156	2020-05-11	28.1	29.66	29.66	29.66	0
1157	2020-05-12	28.1	29.66	29.66	29.66	0
1158	2020-05-13	28.1	29.66	29.66	29.66	0
1159	2020-05-14	28.1	29.66	29.66	29.66	0
1160	2020-05-15	28.1	29.66	29.66	29.66	0
1161	2020-05-18	28.1	29.66	29.66	29.66	0
1162	2020-05-19	28.1	29.66	29.66	29.66	0
1163	2020-05-20	28.1	29.66	29.66	29.66	0
1164	2020-05-21	28.1	29.66	29.66	29.66	0
1165	2020-05-22	28.1	29.66	29.66	29.66	0
1166	2020-05-25	28.1	29.66	29.66	29.66	0
1167	2020-05-26	28.1	29.66	29.66	29.66	0
1168	2020-05-27	28.1	29.66	29.66	29.66	0
1169	2020-05-28	28.1	29.66	29.66	29.66	0
1170	2020-05-29	28.1	29.66	29.66	29.66	0
1171	2020-06-01	28.1	29.66	29.66	29.66	0
1172	2020-06-02	28.1	29.66	29.66	29.66	0
1173	2020-06-03	28.1	29.66	29.66	29.66	0
1174	2020-06-04	28.1	29.66	29.66	29.66	0
1175	2020-06-05	28.1	29.66	29.66	29.66	0
1176	2020-06-08	28.1	29.66	29.66	29.66	0
1177	2020-06-09	28.1	29.66	29.66	29.66	0
1178	2020-06-10	28.1	29.66	29.66	29.66	0
1179	2020-06-11	28.1	29.66	29.66	29.66	0
1180	2020-06-12	28.1	29.66	29.66	29.66	0
1181	2020-06-15	28.1	29.66	29.66	29.66	0
1182	2020-06-16	28.1	29.66	29.66	29.66	0
1183	2020-06-17	28.1	29.66	29.66	29.66	0
1184	2020-06-18	28.1	29.66	29.66	29.66	0
1185	2020-06-19	28.1	29.66	29.66	29.66	0
1186	2020-06-22	28.1	29.66	29.66	29.66	0
1187	2020-06-23	28.1	29.66	29.66	29.66	0
1188	2020-06-24	28.1	29.66	29.66	29.66	0
1189	2020-06-25	28.1	29.66	29.66	29.66	0
1190	2020-06-26	28.1	29.66	29.66	29.66	0
1191	2020-06-29	28.1	29.66	29.66	29.66	0
1192	2020-06-30	28.1	29.66	29.66	29.66	0
1193	2020-07-01	28.1	29.66	29.66	29.66	0
1194	2020-07-02	28.1	29.66	29.66	29.66	0
1195	2020-07-03	28.1	29.66	29.66	29.66	0
1196	2020-07-06	28.1	29.66	29.66	29.66	0
1197	2020-07-07	28.1	29.66	29.66	29.66	0
1198	2020-07-08	28.1	29.66	29.66	29.66	0
1199	2020-07-09	28.1	29.66	29.66	29.66	0
1200	2020-07-10	28.1	29.66	29.66	29.66	0
1201	2020-07-13	28.1	29.66	29.66	29.66	0
1202	2020-07-14	28.1	29.66	29.66	29.66	0
1203	2020-07-15	28.1	29.66	29.66	29.66	0
1204	2020-07-16	28.1	29.66	29.66	29.66	0
1205	2020-07-17	28.1	29.66	29.66	29.66	0
1206	2020-07-20	28.1	29.66	29.66	29.66	0
1207	2020-07-21	28.1	29.66	29.66	29.66	0
1208	2020-07-22	28.1	28.1	28.1	28.1	0
1209	2020-07-23	28.1	29.66	29.66	29.66	0
1210	2020-07-24	28.1	29.66	29.66	29.66	0
1211	2020-07-27	28.1	29.66	29.66	29.66	0
1212	2020-07-28	28.1	29.66	29.66	29.66	0
1213	2020-07-29	28.1	29.66	29.66	29.66	0
1214	2020-07-30	28.1	29.66	29.66	29.66	0
1215	2020-07-31	28.1	29.66	29.66	29.66	0
1216	2020-08-03	28.1	29.66	29.66	29.66	0
1217	2020-08-04	28.1	29.66	29.66	29.66	0
1218	2020-08-05	28.1	29.66	29.66	29.66	0
1219	2020-08-06	28.1	29.66	29.66	29.66	0
1220	2020-08-07	28.1	29.66	29.66	29.66	0
1221	2020-08-10	28.1	29.66	29.66	29.66	0
1222	2020-08-11	28.1	29.66	29.66	29.66	0
1223	2020-08-12	28.1	29.66	29.66	29.66	0
1224	2020-08-13	28.1	29.66	29.66	29.66	0
1225	2020-08-14	28.1	29.66	29.66	29.66	0
1226	2020-08-17	28.1	29.66	29.66	29.66	0
1227	2020-08-18	28.1	29.66	29.66	29.66	0
1228	2020-08-19	28.1	29.66	29.66	29.66	0
1229	2020-08-20	28.1	29.66	29.66	29.66	0
1230	2020-08-21	28.1	29.66	29.66	29.66	0
1231	2020-08-24	28.1	29.66	29.66	29.66	0
1232	2020-08-25	28.1	29.66	29.66	29.66	0
1233	2020-08-26	28.1	29.66	29.66	29.66	0
1234	2020-08-27	28.1	29.66	29.66	29.66	0
1235	2020-08-28	28.1	29.66	29.66	29.66	0
1236	2020-08-31	28.1	29.66	29.66	29.66	0
1237	2020-09-01	28.1	29.66	29.66	29.66	0
1238	2020-09-03	28.1	29.66	29.66	29.66	0
1239	2020-09-04	28.1	29.66	29.66	29.66	0
1240	2020-09-07	28.1	29.66	29.66	29.66	0
1241	2020-09-08	28.1	29.66	29.66	29.66	0
1242	2020-09-09	28.1	29.66	29.66	29.66	0
1243	2020-09-10	28.1	29.66	29.66	29.66	0
1244	2020-09-11	28.1	29.66	29.66	29.66	0
1245	2020-09-14	28.1	29.66	29.66	29.66	0
1246	2020-09-15	28.1	29.66	29.66	29.66	0
1247	2020-09-16	28.1	29.66	29.66	29.66	0
1248	2020-09-17	28.1	29.66	29.66	29.66	0
1249	2020-09-18	28.1	29.66	29.66	29.66	0
1250	2020-09-21	28.1	29.66	29.66	29.66	0
1251	2020-09-22	28.1	29.66	29.66	29.66	0
1252	2020-09-23	28.1	29.66	29.66	29.66	0
1253	2020-09-24	28.1	29.66	29.66	29.66	0
1254	2020-09-25	28.1	29.66	29.66	29.66	0
1255	2020-09-28	28.1	29.66	29.66	29.66	0
1256	2020-09-29	28.1	29.66	29.66	29.66	0
1257	2020-09-30	28.1	29.66	29.66	29.66	0
1258	2020-10-01	28.1	29.66	29.66	29.66	0
1259	2020-10-02	28.1	29.66	29.66	29.66	0
1260	2020-10-05	28.1	29.66	29.66	29.66	0
1261	2020-10-06	28.1	29.66	29.66	29.66	0
1262	2020-10-07	28.1	29.66	29.66	29.66	0
1263	2020-10-08	28.1	29.66	29.66	29.66	0
1264	2020-10-09	28.1	29.66	29.66	29.66	0
1265	2020-10-12	28.1	29.66	29.66	29.66	0
1266	2020-10-13	28.1	29.66	29.66	29.66	0
1267	2020-10-14	28.1	29.66	29.66	29.66	0
1268	2020-10-15	28.1	29.66	29.66	29.66	0
1269	2020-10-16	28.1	29.66	29.66	29.66	0
1270	2020-10-19	28.1	29.66	29.66	29.66	0
1271	2020-10-20	28.1	29.66	29.66	29.66	0
1272	2020-10-21	28.1	29.66	29.66	29.66	0
1273	2020-10-22	28.1	29.66	29.66	29.66	0
1274	2020-10-23	28.1	29.66	29.66	29.66	0
1275	2020-10-26	28.1	29.66	29.66	29.66	0
1276	2020-10-27	28.1	29.66	29.66	29.66	0
1277	2020-10-28	28.1	29.66	29.66	29.66	0
1278	2020-10-29	28.1	29.66	29.66	29.66	0
1279	2020-10-30	28.1	29.66	29.66	29.66	0
1280	2020-11-02	28.1	29.66	29.66	29.66	0
1281	2020-11-03	28.1	29.66	29.66	29.66	0
1282	2020-11-04	28.1	29.66	29.66	29.66	0
1283	2020-11-05	28.1	29.66	29.66	29.66	0
1284	2020-11-06	28.1	29.66	29.66	29.66	0
1285	2020-11-09	28.1	29.66	29.66	29.66	0
1286	2020-11-10	28.1	29.66	29.66	29.66	0
1287	2020-11-11	28.1	29.66	29.66	29.66	0
1288	2020-11-12	28.1	29.66	29.66	29.66	0
1289	2020-11-13	28.1	29.66	29.66	29.66	0
1290	2020-11-16	28.1	29.66	29.66	29.66	0
1291	2020-11-17	28.1	29.66	29.66	29.66	0
1292	2020-11-18	28.1	29.66	29.66	29.66	0
1293	2020-11-19	28.1	29.66	29.66	29.66	0
1294	2020-11-20	28.1	29.66	29.66	29.66	0
1295	2020-11-23	28.1	29.66	29.66	29.66	0
1296	2020-11-24	28.1	29.66	29.66	29.66	0
1297	2020-11-25	28.1	29.66	29.66	29.66	0
1298	2020-11-26	28.1	29.66	29.66	29.66	0
1299	2020-11-27	28.1	29.66	29.66	29.66	0
1300	2020-11-30	28.1	29.66	29.66	29.66	0
1301	2020-12-01	28.1	29.66	29.66	29.66	0
1302	2020-12-02	28.1	29.66	29.66	29.66	0
1303	2020-12-03	28.1	29.66	29.66	29.66	0
1304	2020-12-04	28.1	29.66	29.66	29.66	0
1305	2020-12-07	28.1	29.66	29.66	29.66	0
1306	2020-12-08	28.1	29.66	29.66	29.66	0
1307	2020-12-09	28.1	29.66	29.66	29.66	0
1308	2020-12-10	28.1	29.66	29.66	29.66	0
1309	2020-12-11	28.1	29.66	29.66	29.66	0
1310	2020-12-14	28.1	29.66	29.66	29.66	0
1311	2020-12-15	28.1	29.66	29.66	29.66	0
1312	2020-12-16	28.1	29.66	29.66	29.66	0
1313	2020-12-17	28.1	29.66	29.66	29.66	0
1314	2020-12-18	28.1	29.66	29.66	29.66	0
1315	2020-12-21	28.1	29.66	29.66	29.66	0
1316	2020-12-22	28.1	29.66	29.66	29.66	0
1317	2020-12-23	28.1	29.66	29.66	29.66	0
1318	2020-12-24	28.1	29.66	29.66	29.66	0
1319	2020-12-25	28.1	29.66	29.66	29.66	0
1320	2020-12-28	28.1	29.66	29.66	29.66	0
1321	2020-12-29	28.1	29.66	29.66	29.66	0
1322	2020-12-30	28.1	29.66	29.66	29.66	0
1323	2020-12-31	28.1	29.66	29.66	29.66	0
1324	2021-01-04	28.1	29.66	29.66	29.66	0
1325	2021-01-05	28.1	29.66	29.66	29.66	0
1326	2021-01-06	28.1	29.66	29.66	29.66	0
1327	2021-01-07	28.1	28.1	28.1	28.1	0
1328	2021-01-08	28.1	29.66	29.66	29.66	0
1329	2021-01-11	28.1	29.66	29.66	29.66	0
1330	2021-01-12	28.1	29.66	29.66	29.66	0
1331	2021-01-13	28.1	29.66	29.66	29.66	0
1332	2021-01-14	28.1	29.66	29.66	29.66	0
1333	2021-01-15	28.1	29.66	29.66	29.66	0
1334	2021-01-18	28.1	29.66	29.66	29.66	0
1335	2021-01-19	28.1	29.66	29.66	29.66	0
1336	2021-01-20	28.1	29.66	29.66	29.66	0
1337	2021-01-21	28.1	29.66	29.66	29.66	0
1338	2021-01-22	28.1	28.1	28.1	28.1	0
1339	2021-01-25	28.1	29.66	29.66	29.66	0
1340	2021-01-26	28.1	29.66	29.66	29.66	0
1341	2021-01-27	28.1	29.66	29.66	29.66	0
1342	2021-01-28	28.1	29.66	29.66	29.66	0
1343	2021-01-29	28.1	29.66	29.66	29.66	0
1344	2021-02-01	28.1	29.66	29.66	29.66	0
1345	2021-02-02	28.1	29.66	29.66	29.66	0
1346	2021-02-03	28.1	29.66	29.66	29.66	0
1347	2021-02-04	28.1	29.66	29.66	29.66	0
1348	2021-02-05	28.1	29.66	29.66	29.66	0
1349	2021-02-08	28.1	29.66	29.66	29.66	0
1350	2021-02-09	28.1	29.66	29.66	29.66	0
1351	2021-02-17	28.1	28.1	28.1	28.1	0
1352	2021-02-18	28.1	29.66	29.66	29.66	0
1353	2021-02-19	28.1	29.66	29.66	29.66	0
1354	2021-02-22	28.1	29.66	29.66	29.66	0
1355	2021-02-23	28.1	29.66	29.66	29.66	0
1356	2021-02-24	28.1	29.66	29.66	29.66	0
1357	2021-02-25	28.1	29.66	29.66	29.66	0
1358	2021-02-26	28.1	29.66	29.66	29.66	0
1359	2021-03-01	28.1	29.66	29.66	29.66	0
1360	2021-03-02	28.1	29.66	29.66	29.66	0
1361	2021-03-03	28.1	29.66	29.66	29.66	0
1362	2021-03-04	28.1	29.66	29.66	29.66	0
1363	2021-03-05	28.1	29.66	29.66	29.66	0
1364	2021-03-08	28.1	29.66	29.66	29.66	0
1365	2021-03-09	28.1	29.66	29.66	29.66	0
1366	2021-03-10	28.1	29.66	29.66	29.66	0
1367	2021-03-11	28.1	29.66	29.66	29.66	0
1368	2021-03-12	28.1	29.66	29.66	29.66	0
1369	2021-03-15	28.1	29.66	29.66	29.66	0
1370	2021-03-16	28.1	29.66	29.66	29.66	0
1371	2021-03-17	28.1	29.66	29.66	29.66	0
1372	2021-03-18	28.1	29.66	29.66	29.66	0
1373	2021-03-19	28.1	29.66	29.66	29.66	0
1374	2021-03-22	28.1	29.66	29.66	29.66	0
1375	2021-03-23	28.1	29.66	29.66	29.66	0
1376	2021-03-24	28.1	29.66	29.66	29.66	0
1377	2021-03-25	28.1	29.66	29.66	29.66	0
1378	2021-03-26	28.1	29.66	29.66	29.66	0
1379	2021-03-29	28.1	29.66	29.66	29.66	0
1380	2021-03-30	28.1	29.66	29.66	29.66	0
1381	2021-03-31	28.1	29.66	29.66	29.66	0
1382	2021-04-01	28.1	29.66	29.66	29.66	0
1383	2021-04-02	28.1	29.66	29.66	29.66	0
1384	2021-04-05	28.1	29.66	29.66	29.66	0
1385	2021-04-06	28.1	29.66	29.66	29.66	0
1386	2021-04-07	28.1	29.66	29.66	29.66	0
1387	2021-04-08	28.1	29.66	29.66	29.66	0
1388	2021-04-09	28.1	29.66	29.66	29.66	0
1389	2021-04-12	28.1	29.66	29.66	29.66	0
1390	2021-04-13	28.1	29.66	29.66	29.66	0
1391	2021-04-14	28.1	29.66	29.66	29.66	0
1392	2021-04-15	28.1	29.66	29.66	29.66	0
1393	2021-04-16	28.1	29.66	29.66	29.66	0
1394	2021-04-19	28.1	29.66	29.66	29.66	0
1395	2021-04-20	28.1	29.66	29.66	29.66	0
1396	2021-04-22	28.1	29.66	29.66	29.66	0
1397	2021-04-23	28.1	29.66	29.66	29.66	0
1398	2021-04-26	28.1	29.66	29.66	29.66	0
1399	2021-04-27	28.1	29.66	29.66	29.66	0
1400	2021-04-28	28.1	29.66	29.66	29.66	0
1401	2021-04-29	28.1	29.66	29.66	29.66	0
1402	2021-05-04	28.1	29.66	29.66	29.66	0
1403	2021-05-05	28.1	29.66	29.66	29.66	0
1404	2021-05-06	28.1	29.66	29.66	29.66	0
1405	2021-05-07	28.1	29.66	29.66	29.66	0
1406	2021-05-10	28.1	29.66	29.66	29.66	0
1407	2021-05-11	28.1	29.66	29.66	29.66	0
1408	2021-05-12	28.1	29.66	29.66	29.66	0
1409	2021-05-13	28.1	29.66	29.66	29.66	0
1410	2021-05-14	28.1	29.66	29.66	29.66	0
1411	2021-05-17	28.1	29.66	29.66	29.66	0
1412	2021-05-18	28.1	29.66	29.66	29.66	0
1413	2021-05-19	28.1	29.66	29.66	29.66	0
1414	2021-05-20	28.1	29.66	29.66	29.66	0
1415	2021-05-21	28.1	29.66	29.66	29.66	0
1416	2021-05-24	28.1	29.66	29.66	29.66	0
1417	2021-05-25	28.1	30.56	30.56	30.56	0
1418	2021-05-26	28.1	30.56	30.56	30.56	0
1419	2021-05-27	28.1	30.56	30.56	30.56	0
1420	2021-05-28	28.1	30.56	30.56	30.56	0
1421	2021-05-31	28.1	30.56	30.56	30.56	0
1422	2021-06-01	28.1	30.56	30.56	30.56	0
1423	2021-06-02	28.1	30.56	30.56	30.56	0
1424	2021-06-03	28.1	30.56	30.56	30.56	0
1425	2021-06-04	28.1	30.56	30.56	30.56	0
1426	2021-06-07	28.1	30.56	30.56	30.56	0
1427	2021-06-08	28.1	30.56	30.56	30.56	0
1428	2021-06-09	28.1	30.56	30.56	30.56	0
1429	2021-06-10	28.1	30.56	30.56	30.56	0
1430	2021-06-11	28.1	30.56	30.56	30.56	0
1431	2021-06-14	28.1	30.56	30.56	30.56	0
1432	2021-06-15	28.1	30.56	30.56	30.56	0
1433	2021-06-16	28.1	30.56	30.56	30.56	0
1434	2021-06-17	28.1	30.56	30.56	30.56	0
1435	2021-06-18	28.1	30.56	30.56	30.56	0
1436	2021-06-21	28.1	30.56	30.56	30.56	0
1437	2021-06-22	28.1	30.56	30.56	30.56	0
1438	2021-06-23	28.1	30.56	30.56	30.56	0
1439	2021-06-24	28.1	30.56	30.56	30.56	0
1440	2021-06-25	28.1	30.56	30.56	30.56	0
1441	2021-06-28	28.1	30.56	30.56	30.56	0
1442	2021-06-29	28.1	30.56	30.56	30.56	0
1443	2021-06-30	28.1	30.56	30.56	30.56	0
1444	2021-07-01	28.1	30.56	30.56	30.56	0
1445	2021-07-02	28.1	30.56	30.56	30.56	0
1446	2021-07-05	28.1	30.56	30.56	30.56	0
1447	2021-07-06	28.1	30.56	30.56	30.56	0
1448	2021-07-07	28.1	30.56	30.56	30.56	0
1449	2021-07-08	28.1	30.56	30.56	30.56	0
1450	2021-07-09	28.1	30.56	30.56	30.56	0
1451	2021-07-12	28.1	30.56	30.56	30.56	0
1452	2021-07-13	28.1	30.56	30.56	30.56	0
1453	2021-07-14	28.1	30.56	30.56	30.56	0
1454	2021-07-15	28.1	30.56	30.56	30.56	0
1455	2021-07-16	28.1	30.56	30.56	30.56	0
1456	2021-07-19	28.1	30.56	30.56	30.56	0
1457	2021-07-20	28.1	30.56	30.56	30.56	0
1458	2021-07-21	28.1	30.56	30.56	30.56	0
1459	2021-07-22	28.1	30.56	30.56	30.56	0
1460	2021-07-23	28.1	30.56	30.56	30.56	0
1461	2021-07-26	28.1	30.56	30.56	30.56	0
1462	2021-07-27	28.1	30.56	30.56	30.56	0
1463	2021-07-28	28.1	30.56	30.56	30.56	0
1464	2021-07-29	28.1	30.56	30.56	30.56	0
1465	2021-07-30	28.1	30.56	30.56	30.56	0
1466	2021-08-02	28.1	28.1	28.1	28.1	0
1467	2021-08-03	28.1	30.56	30.56	30.56	0
1468	2021-08-04	28.1	30.56	30.56	30.56	0
1469	2021-08-05	28.1	30.56	30.56	30.56	0
1470	2021-08-06	28.1	30.56	30.56	30.56	0
1471	2021-08-09	28.1	30.56	30.56	30.56	0
1472	2021-08-10	28.1	30.56	30.56	30.56	0
1473	2021-08-11	28.1	30.56	30.56	30.56	0
1474	2021-08-12	28.1	30.56	30.56	30.56	0
1475	2021-08-13	28.1	30.56	30.56	30.56	0
1476	2021-08-16	28.1	30.56	30.56	30.56	0
1477	2021-08-17	28.1	30.56	30.56	30.56	0
1478	2021-08-18	28.1	30.56	30.56	30.56	0
1479	2021-08-19	28.1	30.56	30.56	30.56	0
1480	2021-08-20	28.1	28.1	28.1	28.1	0
1481	2021-08-23	28.1	30.56	30.56	30.56	0
1482	2021-08-24	28.1	30.56	30.56	30.56	0
1483	2021-08-25	28.1	30.56	30.56	30.56	0
1484	2021-08-26	28.1	30.56	30.56	30.56	0
1485	2021-08-27	28.1	28.1	28.1	28.1	0
1486	2021-08-30	28.1	28.1	28.1	28.1	0
1487	2021-08-31	28.1	28.1	28.1	28.1	0
1488	2021-09-01	28.1	28.1	28.1	28.1	0
1489	2021-09-06	28.1	30.56	30.56	30.56	0
1490	2021-09-07	28.1	30.56	30.56	30.56	0
1491	2021-09-08	28.1	28.1	28.1	28.1	0
1492	2021-09-09	28.1	28.1	28.1	28.1	0
1493	2021-09-10	28.1	28.1	28.1	28.1	0
1494	2021-09-13	28.1	28.1	28.1	28.1	0
1495	2021-09-14	28.1	28.1	28.1	28.1	0
1496	2021-09-15	28.1	28.1	28.1	28.1	0
1497	2021-09-16	28.1	28.1	28.1	28.1	0
1498	2021-09-17	28.1	28.1	28.1	28.1	0
1499	2021-09-20	28.1	28.1	28.1	28.1	0
1500	2021-09-21	28.1	28.1	28.1	28.1	0
1501	2021-09-22	28.1	28.1	28.1	28.1	0
1502	2021-09-23	28.1	28.1	28.1	28.1	0
1503	2021-09-24	28.1	28.1	28.1	28.1	0
1504	2021-09-27	28.1	28.1	28.1	28.1	0
1505	2021-09-28	28.1	28.1	28.1	28.1	0
1506	2021-09-29	28.1	28.1	28.1	28.1	0
1507	2021-09-30	28.1	28.1	28.1	28.1	0
1508	2021-10-01	28.1	28.1	28.1	28.1	0
1509	2021-10-04	28.1	28.1	28.1	28.1	0
1510	2021-10-05	28.1	28.1	28.1	28.1	0
1511	2021-10-06	28.1	28.1	28.1	28.1	0
1512	2021-10-07	28.1	28.1	28.1	28.1	0
1513	2021-10-08	28.1	28.1	28.1	28.1	0
1514	2021-10-11	28.1	28.1	28.1	28.1	0
1515	2021-10-12	28.1	28.1	28.1	28.1	0
1516	2021-10-13	28.1	28.1	28.1	28.1	0
1517	2021-10-14	28.1	28.1	28.1	28.1	0
1518	2021-10-15	28.1	28.1	28.1	28.1	0
1519	2021-10-18	28.1	28.1	28.1	28.1	0
1520	2021-10-19	28.1	28.1	28.1	28.1	0
1521	2021-10-20	28.1	28.1	28.1	28.1	0
1522	2021-10-21	28.1	28.1	28.1	28.1	0
1523	2021-10-22	28.1	28.1	28.1	28.1	0
1524	2021-10-25	28.1	28.1	28.1	28.1	0
1525	2021-10-26	28.1	28.1	28.1	28.1	0
1526	2021-10-27	28.1	28.1	28.1	28.1	0
1527	2021-10-28	28.1	28.1	28.1	28.1	0
1528	2021-10-29	28.1	28.1	28.1	28.1	0
1529	2021-11-01	28.1	28.1	28.1	28.1	0
1530	2021-11-02	28.1	28.1	28.1	28.1	0
1531	2021-11-03	28.1	28.1	28.1	28.1	0
1532	2021-11-04	28.1	28.1	28.1	28.1	0
1533	2021-11-05	28.1	28.1	28.1	28.1	0
1534	2021-11-08	28.1	28.1	28.1	28.1	0
1535	2021-11-09	28.1	28.1	28.1	28.1	0
1536	2021-11-10	28.1	28.1	28.1	28.1	0
1537	2021-11-11	28.1	28.1	28.1	28.1	0
1538	2021-11-12	28.1	28.1	28.1	28.1	0
1539	2021-11-15	28.1	28.1	28.1	28.1	0
1540	2021-11-16	28.1	28.1	28.1	28.1	0
1541	2021-11-17	28.1	28.1	28.1	28.1	0
1542	2021-11-18	28.1	28.1	28.1	28.1	0
1543	2021-11-19	28.1	28.1	28.1	28.1	0
1544	2021-11-22	28.1	28.1	28.1	28.1	0
1545	2021-11-23	28.1	28.1	28.1	28.1	0
1546	2021-11-24	28.1	28.1	28.1	28.1	0
1547	2021-11-25	28.1	28.1	28.1	28.1	0
1548	2021-11-26	28.1	28.1	28.1	28.1	0
1549	2021-11-29	28.1	28.1	28.1	28.1	0
1550	2021-11-30	28.1	28.1	28.1	28.1	0
1551	2021-12-01	28.1	28.1	28.1	28.1	0
1552	2021-12-02	28.1	28.1	28.1	28.1	0
1553	2021-12-03	28.1	28.1	28.1	28.1	0
1554	2021-12-06	28.1	28.1	28.1	28.1	0
1555	2021-12-07	28.1	28.1	28.1	28.1	0
1556	2021-12-08	28.1	28.1	28.1	28.1	0
1557	2021-12-09	28.1	28.1	28.1	28.1	0
1558	2021-12-10	28.1	28.1	28.1	28.1	0
1559	2021-12-13	28.1	28.1	28.1	28.1	0
1560	2021-12-14	28.1	28.1	28.1	28.1	0
1561	2021-12-15	28.1	28.1	28.1	28.1	0
1562	2021-12-16	28.1	28.1	28.1	28.1	0
1563	2021-12-17	28.1	28.1	28.1	28.1	0
1564	2021-12-20	28.1	28.1	28.1	28.1	0
1565	2021-12-21	28.1	28.1	28.1	28.1	0
1566	2021-12-22	28.1	28.1	28.1	28.1	0
1567	2021-12-23	28.1	28.1	28.1	28.1	0
1568	2021-12-24	28.1	28.1	28.1	28.1	0
1569	2021-12-27	28.1	28.1	28.1	28.1	0
1570	2021-12-28	28.1	28.1	28.1	28.1	0
1571	2021-12-29	28.1	28.1	28.1	28.1	0
1572	2021-12-30	28.1	28.1	28.1	28.1	0
1573	2021-12-31	28.1	28.1	28.1	28.1	0
1574	2022-01-04	28.1	28.1	28.1	28.1	0
1575	2022-01-05	28.1	28.1	28.1	28.1	0
1576	2022-01-06	28.1	28.1	28.1	28.1	0
1577	2022-01-07	28.1	28.1	28.1	28.1	0
1578	2022-01-10	28.1	28.1	28.1	28.1	0
1579	2022-01-11	28.1	28.1	28.1	28.1	0
1580	2022-01-12	28.1	28.1	28.1	28.1	0
1581	2022-01-13	28.1	28.1	28.1	28.1	0
1582	2022-01-14	28.1	28.1	28.1	28.1	0
1583	2022-01-17	28.1	28.1	28.1	28.1	0
1584	2022-01-18	28.1	28.1	28.1	28.1	0
1585	2022-01-19	28.1	28.1	28.1	28.1	4300
1586	2022-01-20	28.1	28.1	28.1	28.1	0
1587	2022-01-21	28.1	28.1	28.1	28.1	0
1588	2022-01-24	28.1	28.1	28.1	28.1	0
1589	2022-01-25	28.1	28.1	28.1	28.1	0
1590	2022-01-26	28.1	28.1	28.1	28.1	0
1591	2022-01-27	28.1	28.1	28.1	28.1	0
1592	2022-01-28	28.1	28.1	28.1	28.1	0
1593	2022-02-07	28.1	28.1	28.1	28.1	0
1594	2022-02-08	28.1	28.1	28.1	28.1	0
1595	2022-02-09	28.1	28.1	28.1	28.1	0
1596	2022-02-10	28.1	28.1	28.1	28.1	0
1597	2022-02-11	28.1	28.1	28.1	28.1	0
1598	2022-02-14	28.1	28.1	28.1	28.1	0
1599	2022-02-15	28.1	28.1	28.1	28.1	0
1600	2022-02-16	28.1	28.1	28.1	28.1	0
1601	2022-02-17	28.1	28.1	28.1	28.1	0
1602	2022-02-18	28.1	28.1	28.1	28.1	0
1603	2022-02-21	28.1	28.1	28.1	28.1	0
1604	2022-02-22	28.1	28.1	28.1	28.1	0
1605	2022-02-23	28.1	28.1	28.1	28.1	0
1606	2022-02-24	28.1	28.1	28.1	28.1	0
1607	2022-02-25	28.1	28.1	28.1	28.1	0
1608	2022-02-28	28.1	28.1	28.1	28.1	0
1609	2022-03-01	28.1	28.1	28.1	28.1	0
1610	2022-03-02	28.1	28.1	28.1	28.1	0
1611	2022-03-03	28.1	28.1	28.1	28.1	0
1612	2022-03-04	28.1	28.1	28.1	28.1	0
1613	2022-03-07	28.1	28.1	28.1	28.1	0
1614	2022-03-08	28.1	28.1	28.1	28.1	0
1615	2022-03-09	28.1	28.1	28.1	28.1	0
1616	2022-03-10	28.1	28.1	28.1	28.1	0
1617	2022-03-11	28.1	28.1	28.1	28.1	0
1618	2022-03-14	28.1	28.1	28.1	28.1	0
1619	2022-03-15	28.1	28.1	28.1	28.1	0
1620	2022-03-16	28.1	28.1	28.1	28.1	0
1621	2022-03-17	28.1	28.1	28.1	28.1	0
1622	2022-03-18	28.01	28.01	28.01	28.01	3100
1623	2022-03-21	28.01	28.01	28.01	28.01	25
1624	2022-03-22	28.01	28.01	28.01	28.01	0
1625	2022-03-23	28.01	28.01	28.01	28.01	0
1626	2022-03-24	28.01	28.01	28.01	28.01	0
1627	2022-03-25	28.01	28.01	28.01	28.01	0
1628	2022-03-28	28.01	28.01	28.01	28.01	0
1629	2022-03-29	28.01	28.01	28.01	28.01	0
1630	2022-03-30	28.01	28.01	28.01	28.01	0
1631	2022-03-31	28.01	28.01	28.01	28.01	0
1632	2022-04-01	28.01	28.01	28.01	28.01	0
1633	2022-04-04	28.01	28.01	28.01	28.01	0
1634	2022-04-05	28.01	28.01	28.01	28.01	0
1635	2022-04-06	28.01	28.01	28.01	28.01	0
1636	2022-04-07	28.01	28.01	28.01	28.01	0
1637	2022-04-08	28.01	28.01	28.01	28.01	0
1638	2022-04-12	28.01	28.01	28.01	28.01	0
1639	2022-04-13	28.01	28.01	28.01	28.01	0
1640	2022-04-14	28.01	28.01	28.01	28.01	0
1641	2022-04-15	28.01	28.01	28.01	28.01	0
1642	2022-04-18	28.01	28.01	28.01	28.01	0
1643	2022-04-19	28.01	28.01	28.01	28.01	0
1644	2022-04-20	28.01	28.01	28.01	28.01	0
1645	2022-04-21	28.01	28.01	28.01	28.01	0
1646	2022-04-22	28.01	28.01	28.01	28.01	0
1647	2022-04-25	28.01	28.01	28.01	28.01	0
1648	2022-04-26	28.01	28.01	28.01	28.01	0
1649	2022-04-27	28.01	28.01	28.01	28.01	0
1650	2022-04-28	28.01	28.01	28.01	28.01	0
1651	2022-04-29	28.01	28.01	28.01	28.01	0
1652	2022-05-04	28.01	28.01	28.01	28.01	0
1653	2022-05-05	28.01	28.01	28.01	28.01	0
1654	2022-05-06	28.01	28.01	28.01	28.01	0
1655	2022-05-09	28.01	28.01	28.01	28.01	0
1656	2022-05-10	28.01	28.01	28.01	28.01	0
1657	2022-05-11	28.01	28.01	28.01	28.01	0
1658	2022-05-12	28.01	28.01	28.01	28.01	0
1659	2022-05-13	28.01	28.01	28.01	28.01	0
1660	2022-05-16	28.01	28.01	28.01	28.01	0
1661	2022-05-17	28.01	28.01	28.01	28.01	0
1662	2022-05-18	28.01	28.01	28.01	28.01	0
1663	2022-05-19	28.01	28.01	28.01	28.01	0
1664	2022-05-20	28.01	28.01	28.01	28.01	0
1665	2022-05-23	28.01	28.01	28.01	28.01	0
1666	2022-05-24	28.01	28.01	28.01	28.01	0
1667	2022-05-25	28.01	28.01	28.01	28.01	0
1668	2022-05-26	28.01	28.01	28.01	28.01	0
1669	2022-05-27	28.01	28.01	28.01	28.01	0
1670	2022-05-30	28.01	28.01	28.01	28.01	0
1671	2022-05-31	28.01	28.01	28.01	28.01	0
1672	2022-06-01	28.01	28.01	28.01	28.01	0
1673	2022-06-02	28.01	28.01	28.01	28.01	0
1674	2022-06-03	28.01	28.01	28.01	28.01	0
1675	2022-06-06	28.01	28.01	28.01	28.01	0
1676	2022-06-07	28.01	28.01	28.01	28.01	0
1677	2022-06-08	28.01	28.01	28.01	28.01	0
1678	2022-06-09	28.01	28.01	28.01	28.01	0
1679	2022-06-10	28.01	28.01	28.01	28.01	0
1680	2022-06-13	28.01	28.01	28.01	28.01	0
1681	2022-06-14	28.01	28.01	28.01	28.01	0
1682	2022-06-15	28.01	28.01	28.01	28.01	0
1683	2022-06-16	28.01	28.01	28.01	28.01	0
1684	2022-06-17	28.01	28.01	28.01	28.01	0
1685	2022-06-20	28.01	28.01	28.01	28.01	0
1686	2022-06-21	28.01	28.01	28.01	28.01	0
1687	2022-06-22	28.01	28.01	28.01	28.01	0
1688	2022-06-23	28.01	28.01	28.01	28.01	0
1689	2022-06-24	28.01	28.01	28.01	28.01	0
1690	2022-06-27	28.01	28.01	28.01	28.01	0
1691	2022-06-28	28.01	28.01	28.01	28.01	0
1692	2022-06-29	28.01	28.01	28.01	28.01	0
1693	2022-06-30	28.01	28.01	28.01	28.01	0
1694	2022-07-01	28.01	28.01	28.01	28.01	0
1695	2022-07-04	28.01	28.01	28.01	28.01	0
1696	2022-07-05	28.01	28.01	28.01	28.01	0
1697	2022-07-06	28.01	28.01	28.01	28.01	0
1698	2022-07-07	28.01	28.01	28.01	28.01	0
1699	2022-07-08	28.01	28.01	28.01	28.01	0
1700	2022-07-11	28.01	28.01	28.01	28.01	0
1701	2022-07-12	28.01	28.01	28.01	28.01	0
1702	2022-07-13	28.01	28.01	28.01	28.01	0
1703	2022-07-14	28.01	28.01	28.01	28.01	0
1704	2022-07-15	28.01	28.01	28.01	28.01	0
1705	2022-07-18	28.01	28.01	28.01	28.01	0
1706	2022-07-19	28.01	28.01	28.01	28.01	0
1707	2022-07-20	28.01	28.01	28.01	28.01	0
1708	2022-07-21	28.01	28.01	28.01	28.01	0
1709	2022-07-22	28.01	28.01	28.01	28.01	0
1710	2022-07-25	28.01	28.01	28.01	28.01	0
1711	2022-07-26	28.01	28.01	28.01	28.01	0
1712	2022-07-27	28.01	28.01	28.01	28.01	0
1713	2022-07-28	28.01	28.01	28.01	28.01	0
1714	2022-07-29	28.01	28.01	28.01	28.01	0
1715	2022-08-01	28.01	28.01	28.01	28.01	0
1716	2022-08-02	28.01	28.01	28.01	28.01	0
1717	2022-08-03	28.01	28.01	28.01	28.01	0
1718	2022-08-04	28.01	28.01	28.01	28.01	0
1719	2022-08-05	28.01	28.01	28.01	28.01	0
1720	2022-08-08	28.01	28.01	28.01	28.01	100
1721	2022-08-09	28.01	28.01	28.01	28.01	0
1722	2022-08-10	28.01	28.01	28.01	28.01	0
1723	2022-08-11	28.01	28.01	28.01	28.01	0
1724	2022-08-12	28.01	28.01	28.01	28.01	0
1725	2022-08-15	28.01	28.01	28.01	28.01	0
1726	2022-08-16	28.01	28.01	28.01	28.01	0
1727	2022-08-17	28.01	28.01	28.01	28.01	0
1728	2022-08-18	28.01	28.01	28.01	28.01	0
1729	2022-08-19	28.01	28.01	28.01	28.01	0
1730	2022-08-22	28.01	28.01	28.01	28.01	0
1731	2022-08-23	28.01	28.01	28.01	28.01	0
1732	2022-08-24	28.01	28.01	28.01	28.01	0
1733	2022-08-25	28.01	28.01	28.01	28.01	0
1734	2022-08-26	28.01	28.01	28.01	28.01	0
1735	2022-08-29	28.01	28.01	28.01	28.01	0
1736	2022-08-30	28.01	28.01	28.01	28.01	0
1737	2022-08-31	28.01	28.01	28.01	28.01	0
1738	2022-09-05	28.01	28.01	28.01	28.01	0
1739	2022-09-06	28.01	28.01	28.01	28.01	0
1740	2022-09-07	28.01	28.01	28.01	28.01	0
1741	2022-09-08	28.01	28.01	28.01	28.01	0
1742	2022-09-09	28.01	28.01	28.01	28.01	0
1743	2022-09-12	28.01	28.01	28.01	28.01	0
1744	2022-09-13	28.01	28.01	28.01	28.01	0
1745	2022-09-14	28.01	28.01	28.01	28.01	0
1746	2022-09-15	28.01	28.01	28.01	28.01	0
1747	2022-09-16	28.01	28.01	28.01	28.01	0
1748	2022-09-19	28.01	28.01	28.01	28.01	0
1749	2022-09-20	28.01	28.01	28.01	28.01	0
1750	2022-09-21	28.01	28.01	28.01	28.01	0
1751	2022-09-22	28.01	28.01	28.01	28.01	0
1752	2022-09-23	28.01	28.01	28.01	28.01	0
1753	2022-09-26	28.01	28.01	28.01	28.01	0
1754	2022-09-27	28.01	28.01	28.01	28.01	0
1755	2022-09-28	28.01	28.01	28.01	28.01	0
1756	2022-09-29	28.01	28.01	28.01	28.01	0
1757	2022-09-30	28.01	28.01	28.01	28.01	0
1758	2022-10-03	28.01	28.01	28.01	28.01	0
1759	2022-10-04	28.01	28.01	28.01	28.01	0
1760	2022-10-05	28.01	28.01	28.01	28.01	0
1761	2022-10-06	28.01	28.01	28.01	28.01	0
1762	2022-10-07	28.01	28.01	28.01	28.01	0
1763	2022-10-10	28.01	28.01	28.01	28.01	0
1764	2022-10-11	28.01	28.01	28.01	28.01	0
1765	2022-10-12	28.01	28.01	28.01	28.01	0
1766	2022-10-13	28.01	28.01	28.01	28.01	0
1767	2022-10-14	28.01	28.01	28.01	28.01	0
1768	2022-10-17	28.01	28.01	28.01	28.01	0
1769	2022-10-18	28.01	28.01	28.01	28.01	0
1770	2022-10-19	28.01	28.01	28.01	28.01	0
1771	2022-10-20	28.01	28.01	28.01	28.01	0
1772	2022-10-21	28.01	28.01	28.01	28.01	0
1773	2022-10-24	28.01	28.01	28.01	28.01	0
1774	2022-10-25	28.01	28.01	28.01	28.01	0
1775	2022-10-26	28.01	28.01	28.01	28.01	0
1776	2022-10-27	28.01	28.01	28.01	28.01	0
1777	2022-10-28	28.01	28.01	28.01	28.01	0
1778	2022-10-31	28.01	28.01	28.01	28.01	0
1779	2022-11-01	28.01	28.01	28.01	28.01	0
1780	2022-11-02	28.01	28.01	28.01	28.01	0
1781	2022-11-03	28.01	28.01	28.01	28.01	0
1782	2022-11-04	28.01	28.01	28.01	28.01	0
1783	2022-11-07	28.01	28.01	28.01	28.01	0
1784	2022-11-08	28.01	28.01	28.01	28.01	0
1785	2022-11-09	28.01	28.01	28.01	28.01	0
1786	2022-11-10	28.01	28.01	28.01	28.01	0
1787	2022-11-11	28.01	28.01	28.01	28.01	0
1788	2022-11-14	28.01	28.01	28.01	28.01	0
1789	2022-11-15	28.01	28.01	28.01	28.01	0
1790	2022-11-16	28.01	28.01	28.01	28.01	0
1791	2022-11-17	28.01	28.01	28.01	28.01	0
1792	2022-11-18	28.01	28.01	28.01	28.01	0
1793	2022-11-21	28.01	28.01	28.01	28.01	0
1794	2022-11-22	28.01	28.01	28.01	28.01	0
1795	2022-11-23	28.01	28.01	28.01	28.01	0
1796	2022-11-24	28.01	28.01	28.01	28.01	0
1797	2022-11-25	28.01	28.01	28.01	28.01	0
1798	2022-11-28	28.01	28.01	28.01	28.01	0
1799	2022-11-29	28.01	28.01	28.01	28.01	0
1800	2022-11-30	28.01	28.01	28.01	28.01	0
1801	2022-12-01	28.01	28.01	28.01	28.01	0
1802	2022-12-02	28.01	28.01	28.01	28.01	0
1803	2022-12-05	28.01	28.01	28.01	28.01	0
1804	2022-12-06	28.01	28.01	28.01	28.01	0
1805	2022-12-07	28.01	28.01	28.01	28.01	0
1806	2022-12-08	28.01	28.01	28.01	28.01	0
1807	2022-12-09	28.01	28.01	28.01	28.01	0
1808	2022-12-12	28.01	28.01	28.01	28.01	0
1809	2022-12-13	28.01	28.01	28.01	28.01	0
1810	2022-12-14	28.01	28.01	28.01	28.01	0
1811	2022-12-15	28.01	28.01	28.01	28.01	0
1812	2022-12-16	28.01	28.01	28.01	28.01	0
1813	2022-12-19	28.01	28.01	28.01	28.01	0
1814	2022-12-20	28.01	28.01	28.01	28.01	0
1815	2022-12-21	28.01	28.01	28.01	28.01	0
1816	2022-12-22	28.01	28.01	28.01	28.01	0
1817	2022-12-23	28.01	28.01	28.01	28.01	0
1818	2022-12-26	28.01	28.01	28.01	28.01	0
1819	2022-12-27	28.01	28.01	28.01	28.01	0
1820	2022-12-28	28.01	28.01	28.01	28.01	0
1821	2022-12-29	28.01	28.01	28.01	28.01	0
1822	2022-12-30	28.01	28.01	28.01	28.01	0
1823	2023-01-03	28.01	28.01	28.01	28.01	0
1824	2023-01-04	28.01	28.01	28.01	28.01	0
1825	2023-01-05	28.01	28.01	28.01	28.01	0
1826	2023-01-06	28.01	28.01	28.01	28.01	0
1827	2023-01-09	28.01	28.01	28.01	28.01	0
1828	2023-01-10	28.01	28.01	28.01	28.01	0
1829	2023-01-11	28.01	28.01	28.01	28.01	0
1830	2023-01-12	28.01	28.01	28.01	28.01	0
1831	2023-01-13	28.01	28.01	28.01	28.01	0
1832	2023-01-16	28.01	28.01	28.01	28.01	0
1833	2023-01-17	28.01	28.01	28.01	28.01	0
1834	2023-01-18	28.01	28.01	28.01	28.01	0
1835	2023-01-19	28.01	28.01	28.01	28.01	0
1836	2023-01-27	28.01	28.01	28.01	28.01	0
1837	2023-01-30	28.01	28.01	28.01	28.01	0
1838	2023-01-31	28.01	28.01	28.01	28.01	0
1839	2023-02-01	28.01	28.01	28.01	28.01	0
1840	2023-02-02	28.01	28.01	28.01	28.01	0
1841	2023-02-03	28.01	28.01	28.01	28.01	0
1842	2023-02-06	28.01	28.01	28.01	28.01	0
1843	2023-02-07	28.01	28.01	28.01	28.01	0
1844	2023-02-08	28.01	28.01	28.01	28.01	0
1845	2023-02-09	28.01	28.01	28.01	28.01	0
1846	2023-02-10	28.01	28.01	28.01	28.01	0
1847	2023-02-13	28.01	28.01	28.01	28.01	0
1848	2023-02-14	28.01	28.01	28.01	28.01	0
1849	2023-02-15	28.01	28.01	28.01	28.01	0
1850	2023-02-16	28.01	28.01	28.01	28.01	0
1851	2023-02-17	28.01	28.01	28.01	28.01	0
1852	2023-02-20	28.01	28.01	28.01	28.01	0
1853	2023-02-21	28.01	28.01	28.01	28.01	0
1854	2023-02-22	28.01	28.01	28.01	28.01	0
1855	2023-02-23	28.01	28.01	28.01	28.01	0
1856	2023-02-24	28.01	28.01	28.01	28.01	0
1857	2023-02-27	28.01	28.01	28.01	28.01	0
1858	2023-02-28	28.01	28.01	28.01	28.01	0
1859	2023-03-01	28.01	28.01	28.01	28.01	0
1860	2023-03-02	28.01	28.01	28.01	28.01	0
1861	2023-03-03	28.01	28.01	28.01	28.01	0
1862	2023-03-06	28.01	28.01	28.01	28.01	0
1863	2023-03-07	28.01	28.01	28.01	28.01	0
1864	2023-03-08	28.01	28.01	28.01	28.01	0
1865	2023-03-09	28.01	28.01	28.01	28.01	0
1866	2023-03-10	28.01	28.01	28.01	28.01	0
1867	2023-03-13	28.01	28.01	28.01	28.01	0
1868	2023-03-14	28.01	28.01	28.01	28.01	0
1869	2023-03-15	28.01	28.01	28.01	28.01	0
1870	2023-03-16	28.01	28.01	28.01	28.01	0
1871	2023-03-17	28.01	28.01	28.01	28.01	0
1872	2023-03-20	28.01	28.01	28.01	28.01	0
1873	2023-03-21	28.01	28.01	28.01	28.01	0
1874	2023-03-22	28.01	28.01	28.01	28.01	0
1875	2023-03-23	28.01	28.01	28.01	28.01	0
1876	2023-03-24	28.01	28.01	28.01	28.01	0
1877	2023-03-27	28.01	28.01	28.01	28.01	0
1878	2023-03-28	28.01	28.01	28.01	28.01	0
1879	2023-03-29	28.01	28.01	28.01	28.01	0
1880	2023-03-30	28.01	28.01	28.01	28.01	0
1881	2023-03-31	16.81	16.81	16.81	16.81	200
1882	2023-04-03	16.81	16.81	16.81	16.81	0
1883	2023-04-04	16.81	16.81	16.81	16.81	0
1884	2023-04-05	16.81	16.81	16.81	16.81	0
1885	2023-04-06	16.81	16.81	16.81	16.81	0
1886	2023-04-07	16.81	16.81	16.81	16.81	0
1887	2023-04-10	16.81	16.81	16.81	16.81	0
1888	2023-04-11	16.81	16.81	16.81	16.81	0
1889	2023-04-12	16.81	16.81	16.81	16.81	0
1890	2023-04-13	16.81	16.81	16.81	16.81	0
1891	2023-04-14	16.81	16.81	16.81	16.81	0
1892	2023-04-17	16.81	16.81	16.81	16.81	0
1893	2023-04-18	16.81	16.81	16.81	16.81	0
1894	2023-04-19	16.81	16.81	16.81	16.81	0
1895	2023-04-20	16.81	16.81	16.81	16.81	0
1896	2023-04-21	16.81	16.81	16.81	16.81	0
1897	2023-04-24	16.81	16.81	16.81	16.81	0
1898	2023-04-25	16.81	16.81	16.81	16.81	0
1899	2023-04-26	16.81	16.81	16.81	16.81	0
1900	2023-04-27	16.81	16.81	16.81	16.81	0
1901	2023-04-28	16.81	16.81	16.81	16.81	100
1902	2023-05-04	16.81	16.81	16.81	16.81	0
1903	2023-05-05	16.81	16.81	16.81	16.81	0
1904	2023-05-08	16.81	16.81	16.81	16.81	0
1905	2023-05-09	16.81	16.81	16.81	16.81	0
1906	2023-05-10	16.81	16.81	16.81	16.81	0
1907	2023-05-11	16.81	16.81	16.81	16.81	0
1908	2023-05-12	16.81	16.81	16.81	16.81	0
1909	2023-05-15	16.81	16.81	16.81	16.81	0
1910	2023-05-16	16.81	16.81	16.81	16.81	0
1911	2023-05-17	16.81	16.81	16.81	16.81	0
1912	2023-05-18	16.81	16.81	16.81	16.81	0
1913	2023-05-19	16.81	16.81	16.81	16.81	0
1914	2023-05-22	16.81	16.81	16.81	16.81	0
1915	2023-05-23	16.81	16.81	16.81	16.81	0
1916	2023-05-24	16.81	16.81	16.81	16.81	0
1917	2023-05-25	16.81	16.81	16.81	16.81	0
1918	2023-05-26	16.81	16.81	16.81	16.81	0
1919	2023-05-29	16.81	16.81	16.81	16.81	0
1920	2023-05-30	16.81	16.81	16.81	16.81	0
1921	2023-05-31	16.81	16.81	16.81	16.81	0
1922	2023-06-01	16.81	16.81	16.81	16.81	0
1923	2023-06-02	16.81	16.81	16.81	16.81	0
1924	2023-06-05	16.81	16.81	16.81	16.81	0
1925	2023-06-06	16.81	16.81	16.81	16.81	0
1926	2023-06-07	16.81	16.81	16.81	16.81	0
1927	2023-06-08	16.81	16.81	16.81	16.81	0
1928	2023-06-09	16.81	16.81	16.81	16.81	0
1929	2023-06-12	16.81	16.81	16.81	16.81	0
1930	2023-06-13	16.81	16.81	16.81	16.81	0
1931	2023-06-14	16.81	16.81	16.81	16.81	0
1932	2023-06-15	16.81	16.81	16.81	16.81	0
1933	2023-06-16	16.81	16.81	16.81	16.81	0
1934	2023-06-19	16.81	16.81	16.81	16.81	0
1935	2023-06-20	16.81	16.81	16.81	16.81	0
1936	2023-06-21	16.81	16.81	16.81	16.81	0
1937	2023-06-22	16.81	16.81	16.81	16.81	0
1938	2023-06-23	16.81	16.81	16.81	16.81	0
1939	2023-06-26	16.81	16.81	16.81	16.81	0
1940	2023-06-27	16.81	16.81	16.81	16.81	0
1941	2023-06-28	16.81	16.81	16.81	16.81	0
1942	2023-06-29	16.81	16.81	16.81	16.81	0
1943	2023-06-30	16.81	16.81	16.81	16.81	0
1944	2023-07-03	16.81	16.81	16.81	16.81	0
1945	2023-07-04	16.81	16.81	16.81	16.81	0
1946	2023-07-05	16.81	16.81	16.81	16.81	0
1947	2023-07-06	16.81	16.81	16.81	16.81	0
1948	2023-07-07	16.81	16.81	16.81	16.81	0
1949	2023-07-10	16.81	16.81	16.81	16.81	0
1950	2023-07-11	16.81	16.81	16.81	16.81	0
1951	2023-07-12	16.81	16.81	16.81	16.81	0
1952	2023-07-13	16.81	16.81	16.81	16.81	0
1953	2023-07-14	16.81	16.81	16.81	16.81	0
1954	2023-07-17	16.81	16.81	16.81	16.81	0
1955	2023-07-18	16.81	16.81	16.81	16.81	0
1956	2023-07-19	16.81	16.81	16.81	16.81	0
1957	2023-07-20	16.81	16.81	16.81	16.81	0
1958	2023-07-21	16.81	16.81	16.81	16.81	0
1959	2023-07-24	16.81	16.81	16.81	16.81	0
1960	2023-07-25	16.81	16.81	16.81	16.81	0
1961	2023-07-26	16.81	16.81	16.81	16.81	0
1962	2023-07-27	16.81	16.81	16.81	16.81	0
1963	2023-07-28	16.81	16.81	16.81	16.81	0
1964	2023-07-31	16.81	16.81	16.81	16.81	0
1965	2023-08-01	10.12	10.12	10.12	10.12	8000
1966	2023-08-02	10.12	10.12	10.12	10.12	0
1967	2023-08-03	10.12	10.12	10.12	10.12	0
1968	2023-08-04	10.12	10.12	10.12	10.12	0
1969	2023-08-07	10.12	10.12	10.12	10.12	0
1970	2023-08-08	8.64	9.01	8.64	9.01	900
1971	2023-08-09	9.01	9.01	9.01	9.01	1
1972	2023-08-10	9.01	9.01	9.01	9.01	0
1973	2023-08-11	9.01	9.01	9.01	9.01	0
1974	2023-08-14	9.29	9.29	9.29	9.29	600
1975	2023-08-15	9.29	9.29	9.29	9.29	0
1976	2023-08-16	9.29	9.29	9.29	9.29	0
1977	2023-08-17	9.29	9.29	9.29	9.29	1
1978	2023-08-18	9.29	9.29	9.29	9.29	0
1979	2023-08-21	9.29	9.29	9.29	9.29	13
1980	2023-08-22	10.59	10.59	10.59	10.59	600
1981	2023-08-23	9.29	9.29	9.01	9.01	300
1982	2023-08-24	9.19	9.19	9.19	9.19	0
1983	2023-08-25	9.19	9.19	9.19	9.19	0
1984	2023-08-28	8.36	8.36	8.36	8.36	100
1985	2023-08-29	8.36	8.36	8.36	8.36	0
1986	2023-08-30	8.36	8.36	8.36	8.36	0
1987	2023-08-31	8.36	8.36	8.36	8.36	0
1988	2023-09-05	8.82	8.82	8.82	8.82	300
1989	2023-09-06	8.82	8.82	8.82	8.82	0
1990	2023-09-07	8.82	8.82	8.82	8.82	0
1991	2023-09-08	8.82	8.82	8.82	8.82	0
1992	2023-09-11	8.82	8.82	8.82	8.82	500
1993	2023-09-12	8.82	8.82	8.82	8.82	0
1994	2023-09-13	8.82	8.82	8.82	8.82	0
1995	2023-09-14	8.82	8.82	8.82	8.82	0
1996	2023-09-15	7.89	7.89	7.89	7.89	500
1997	2023-09-18	7.89	7.89	7.89	7.89	0
1998	2023-09-19	8.17	8.36	8.17	8.36	1000
1999	2023-09-20	8.26	8.26	8.26	8.26	0
2000	2023-09-21	8.26	8.26	8.26	8.26	0
2001	2023-09-22	8.26	8.26	8.26	8.26	0
2002	2023-09-25	7.89	7.89	7.89	7.89	200
2003	2023-09-26	7.89	7.89	7.89	7.89	0
2004	2023-09-27	7.89	7.89	7.89	7.89	0
2005	2023-09-28	7.99	7.99	7.89	7.89	300
2006	2023-09-29	7.89	7.89	7.89	7.89	0
2007	2023-10-02	7.89	7.89	7.89	7.89	0
2008	2023-10-03	8.36	8.36	8.36	8.36	1600
2009	2023-10-04	8.26	8.26	8.26	8.26	100
2010	2023-10-05	8.26	8.26	8.26	8.26	0
2011	2023-10-06	8.36	8.36	8.36	8.36	4400
2012	2023-10-09	9.56	9.56	9.56	9.56	300
2013	2023-10-10	8.26	9.47	8.26	9.47	300
2014	2023-10-11	9.1	9.19	8.91	9.19	900
2015	2023-10-12	9.01	9.01	9.01	9.01	2
2016	2023-10-13	9.01	9.01	9.01	9.01	0
2017	2023-10-16	9.01	9.01	9.01	9.01	0
2018	2023-10-17	8.45	8.45	8.45	8.45	100
2019	2023-10-18	8.64	8.64	8.64	8.64	300
2020	2023-10-19	8.64	8.64	8.64	8.64	0
2021	2023-10-20	8.64	8.64	8.64	8.64	20
2022	2023-10-23	8.73	8.73	8.73	8.73	100
2023	2023-10-24	8.73	8.73	8.73	8.73	0
2024	2023-10-25	8.73	8.73	8.73	8.73	0
2025	2023-10-26	8.73	8.73	8.73	8.73	0
2026	2023-10-27	8.73	8.73	8.73	8.73	0
2027	2023-10-30	8.73	8.73	8.73	8.73	0
2028	2023-10-31	8.73	8.73	8.73	8.73	0
2029	2023-11-01	8.73	8.73	8.73	8.73	0
2030	2023-11-02	8.73	8.73	8.73	8.73	0
2031	2023-11-03	8.73	8.73	8.73	8.73	0
2032	2023-11-06	8.73	8.73	8.73	8.73	0
2033	2023-11-07	8.73	8.73	8.73	8.73	0
2034	2023-11-08	8.73	8.73	8.73	8.73	0
2035	2023-11-09	8.73	8.73	8.73	8.73	0
2036	2023-11-10	8.73	8.73	8.73	8.73	0
2037	2023-11-13	8.73	8.73	8.73	8.73	0
2038	2023-11-14	8.73	8.73	8.73	8.73	0
2039	2023-11-15	8.73	8.73	8.73	8.73	0
2040	2023-11-16	8.73	8.73	8.73	8.73	0
2041	2023-11-17	8.73	8.73	8.73	8.73	2
2042	2023-11-20	8.73	8.73	8.73	8.73	0
2043	2023-11-21	8.73	8.73	8.73	8.73	0
2044	2023-11-22	8.73	8.73	8.73	8.73	18
2045	2023-11-23	8.73	8.73	8.73	8.73	0
2046	2023-11-24	8.73	8.73	8.73	8.73	0
2047	2023-11-27	8.73	8.73	8.73	8.73	0
2048	2023-11-28	8.73	8.73	8.73	8.73	0
2049	2023-11-29	8.73	8.73	8.73	8.73	0
2050	2023-11-30	8.73	8.73	8.73	8.73	0
2051	2023-12-01	8.73	8.73	8.73	8.73	0
2052	2023-12-04	8.73	8.73	8.73	8.73	0
2053	2023-12-05	8.73	8.73	8.73	8.73	0
2054	2023-12-06	8.73	8.73	8.73	8.73	0
2055	2023-12-07	8.73	8.73	8.73	8.73	0
2056	2023-12-08	8.73	8.73	8.73	8.73	100
2057	2023-12-11	8.73	8.73	8.73	8.73	0
2058	2023-12-12	8.73	8.73	8.73	8.73	0
2059	2023-12-13	8.73	8.73	8.73	8.73	0
2060	2023-12-14	8.73	8.73	8.73	8.73	0
2061	2023-12-15	8.73	9.29	8.73	9.29	1100
2062	2023-12-18	9.19	9.19	9.19	9.19	0
2063	2023-12-19	9.29	9.29	9.29	9.29	200
2064	2023-12-20	9.29	9.29	9.29	9.29	0
2065	2023-12-21	9.29	9.29	9.29	9.29	0
2066	2023-12-22	9.38	9.38	9.29	9.29	29800
2067	2023-12-25	10.21	10.21	9.84	9.84	10800
2068	2023-12-26	10.21	11.61	10.21	11.61	13185
2069	2023-12-27	11.24	12.07	11.24	12.07	18115
2070	2023-12-28	10.49	10.49	10.49	10.49	2500
2071	2023-12-29	10.59	10.96	10.59	10.96	28300
2072	2024-01-02	10.86	10.86	10.86	10.86	100
2073	2024-01-03	10.96	12.44	10.96	12.44	46747
2074	2024-01-04	12.54	12.54	12.54	12.54	600
2075	2024-01-05	11.61	11.61	11.61	11.61	200
2076	2024-01-08	12.54	12.54	12.54	12.54	100
2077	2024-01-09	12.07	12.54	11.89	11.89	11385
2078	2024-01-10	12.07	12.81	12.07	12.81	15433
2079	2024-01-11	12.07	12.07	12.07	12.07	100
2080	2024-01-12	12.07	12.07	12.07	12.07	0
2081	2024-01-15	12.54	12.54	12.54	12.54	100
2082	2024-01-16	12.54	12.54	12.54	12.54	0
2083	2024-01-17	12.54	12.54	12.54	12.54	100
2084	2024-01-18	12.54	12.54	12.54	12.54	0
2085	2024-01-19	12.54	12.54	12.54	12.54	30
2086	2024-01-22	11.24	14.3	11.24	14.3	200
2087	2024-01-23	12.81	12.81	12.81	12.81	0
2088	2024-01-24	12.81	12.81	12.81	12.81	0
2089	2024-01-25	12.81	12.81	12.81	12.81	18644
2090	2024-01-26	12.81	12.81	12.81	12.81	0
2091	2024-01-29	11.7	13.0	11.7	13.0	3168
2092	2024-01-30	11.79	11.79	11.79	11.79	20
2093	2024-01-31	11.79	11.79	11.79	11.79	6
2094	2024-02-01	11.79	11.79	11.79	11.79	6
2095	2024-02-02	13.0	13.0	13.0	13.0	106
2096	2024-02-05	13.0	13.0	13.0	13.0	0
2097	2024-02-06	13.0	13.0	13.0	13.0	0
2098	2024-02-07	13.0	13.0	13.0	13.0	0
2099	2024-02-15	13.0	13.0	13.0	13.0	0
2100	2024-02-16	13.0	13.0	13.0	13.0	0
2101	2024-02-19	13.0	13.0	13.0	13.0	0
2102	2024-02-20	13.0	13.0	13.0	13.0	12
2103	2024-02-21	13.0	13.0	13.0	13.0	0
2104	2024-02-22	11.05	11.05	11.05	11.05	100
2105	2024-02-23	11.05	11.05	11.05	11.05	0
2106	2024-02-26	12.54	12.54	12.54	12.54	100
2107	2024-02-27	12.54	12.54	12.54	12.54	0
2108	2024-02-28	12.54	12.54	12.54	12.54	0
2109	2024-02-29	12.54	12.54	12.54	12.54	0
2110	2024-03-01	14.3	14.3	14.3	14.3	100
2111	2024-03-04	14.3	14.3	14.3	14.3	0
2112	2024-03-05	16.25	16.25	13.93	13.93	294
2113	2024-03-06	17.18	17.27	17.18	17.27	200
2114	2024-03-07	14.76	14.76	14.76	14.76	100
2115	2024-03-08	16.71	16.71	16.71	16.71	100
2116	2024-03-11	16.71	16.71	16.71	16.71	0
2117	2024-03-12	16.71	16.71	16.71	16.71	0
2118	2024-03-13	16.71	16.71	16.71	16.71	0
2119	2024-03-14	19.04	19.04	19.04	19.04	100
2120	2024-03-15	19.04	19.04	19.04	19.04	0
2121	2024-03-18	19.04	19.04	19.04	19.04	1
2122	2024-03-19	21.64	21.64	21.64	21.64	100
2123	2024-03-20	21.64	21.64	21.64	21.64	0
2124	2024-03-21	21.64	21.64	21.64	21.64	0
2125	2024-03-22	21.64	21.64	21.64	21.64	0
2126	2024-03-25	21.64	21.64	21.64	21.64	0
2127	2024-03-26	21.64	21.64	21.64	21.64	0
2128	2024-03-27	21.64	21.64	21.64	21.64	0
2129	2024-03-28	21.64	21.64	21.64	21.64	0
2130	2024-03-29	21.64	21.64	21.64	21.64	0
2131	2024-04-01	21.64	21.64	21.64	21.64	0
2132	2024-04-02	21.64	21.64	21.64	21.64	0
2133	2024-04-03	21.64	21.64	21.64	21.64	0
2134	2024-04-04	18.48	18.48	18.48	18.48	100
2135	2024-04-05	18.57	18.57	15.79	15.79	400
2136	2024-04-08	16.44	16.44	16.44	16.44	100
2137	2024-04-09	16.44	16.44	16.44	16.44	0
2138	2024-04-10	16.44	16.44	16.44	16.44	0
2139	2024-04-11	16.44	16.44	16.44	16.44	0
2140	2024-04-12	16.44	16.44	16.44	16.44	0
2141	2024-04-15	16.44	16.44	16.44	16.44	0
2142	2024-04-16	14.02	14.02	14.02	14.02	10722
2143	2024-04-17	14.02	14.02	14.02	14.02	0
2144	2024-04-19	14.02	14.02	14.02	14.02	0
2145	2024-04-22	14.02	14.02	14.02	14.02	0
2146	2024-04-23	14.02	14.02	14.02	14.02	0
2147	2024-04-24	11.98	11.98	11.98	11.98	700
2148	2024-04-25	11.98	11.98	11.98	11.98	0
2149	2024-04-26	13.74	13.74	13.74	13.74	200
2150	2024-05-02	13.74	13.93	13.56	13.56	9954
2151	2024-05-03	13.09	13.09	13.0	13.0	600
2152	2024-05-06	13.0	13.0	13.0	13.0	0
2153	2024-05-07	13.0	13.0	13.0	13.0	0
2154	2024-05-08	13.0	13.0	13.0	13.0	0
2155	2024-05-09	13.0	13.0	13.0	13.0	0
2156	2024-05-10	12.0	12.0	12.0	12.0	300
2157	2024-05-13	12.0	12.0	12.0	12.0	9680
2158	2024-05-14	12.0	12.0	12.0	12.0	0
2159	2024-05-15	12.0	12.0	12.0	12.0	0
2160	2024-05-16	12.0	12.0	12.0	12.0	180
2161	2024-05-17	12.0	12.0	12.0	12.0	0
2162	2024-05-20	12.0	12.0	12.0	12.0	100
2163	2024-05-21	12.0	12.0	12.0	12.0	0
2164	2024-05-22	13.0	13.0	13.0	13.0	1500
2165	2024-05-23	13.0	13.5	13.0	13.5	312
2166	2024-05-24	13.3	13.3	13.3	13.3	0
2167	2024-05-27	13.3	13.3	13.3	13.3	0
2168	2024-05-28	14.6	14.6	14.6	14.6	400
2169	2024-05-29	14.6	14.6	14.6	14.6	700
2170	2024-05-30	14.6	14.6	14.6	14.6	100
2171	2024-05-31	14.6	14.6	14.6	14.6	600
2172	2024-06-03	14.6	14.6	14.6	14.6	100
2173	2024-06-04	14.6	14.6	14.6	14.6	0
2174	2024-06-05	14.6	14.6	14.6	14.6	200
2175	2024-06-06	14.6	14.6	14.6	14.6	0
2176	2024-06-07	14.6	14.6	14.6	14.6	622
2177	2024-06-10	14.6	14.6	14.6	14.6	1002
2178	2024-06-11	14.6	14.6	14.6	14.6	0
2179	2024-06-12	14.6	14.6	14.6	14.6	400
2180	2024-06-13	14.6	14.6	14.6	14.6	0
2181	2024-06-14	14.6	14.6	14.6	14.6	0
2182	2024-06-17	14.6	14.6	14.6	14.6	600
2183	2024-06-18	14.6	14.6	14.6	14.6	100
2184	2024-06-19	14.6	14.6	14.6	14.6	0
2185	2024-06-20	14.6	14.6	14.6	14.6	0
2186	2024-06-21	14.6	14.6	14.6	14.6	0
2187	2024-06-24	14.6	14.6	14.6	14.6	600
2188	2024-06-25	14.6	14.9	14.6	14.9	700
2189	2024-06-26	14.6	14.6	14.6	14.6	0
2190	2024-06-27	14.6	14.6	14.6	14.6	0
2191	2024-06-28	14.6	14.6	14.6	14.6	0
2192	2024-07-01	14.6	14.6	14.6	14.6	0
2193	2024-07-02	14.6	14.6	14.6	14.6	0
2194	2024-07-03	14.6	14.6	14.6	14.6	0
2195	2024-07-04	14.6	14.6	14.6	14.6	0
2196	2024-07-05	14.6	14.6	14.6	14.6	0
2197	2024-07-08	14.6	14.6	14.6	14.6	0
2198	2024-07-09	14.6	14.6	14.6	14.6	0
2199	2024-07-10	14.6	14.6	14.6	14.6	0
2200	2024-07-11	14.6	14.6	14.6	14.6	0
2201	2024-07-12	14.6	14.6	14.6	14.6	0
2202	2024-07-15	14.6	14.6	14.6	14.6	1
2203	2024-07-16	14.6	14.6	14.6	14.6	1500
2204	2024-07-17	14.6	14.6	14.6	14.6	900
2205	2024-07-18	14.6	14.6	14.6	14.6	0
2206	2024-07-19	14.6	14.6	14.6	14.6	600
2207	2024-07-22	14.6	14.6	14.0	14.0	400
2208	2024-07-23	14.5	14.5	14.5	14.5	0
2209	2024-07-24	14.5	14.5	14.5	14.5	0
2210	2024-07-25	14.5	14.5	14.5	14.5	0
2211	2024-08-09	14.5	14.5	14.5	14.5	400
2212	2024-10-03	9.0	10.0	9.0	10.0	500
2213	2024-12-26	13.1	13.1	10.0	10.0	400
2214	2024-12-27	14.1	14.1	14.1	14.1	100
2215	2024-12-30	16.2	16.2	16.2	16.2	100
2216	2025-01-03	18.6	18.6	18.6	18.6	100
2217	2025-02-03	20.6	20.6	20.6	20.6	100
2218	2025-02-04	20.5	20.5	20.5	20.5	100
2219	2025-02-21	17.5	17.5	17.5	17.5	200
2220	2025-02-27	14.9	14.9	14.9	14.9	200
2221	2025-03-03	14.9	14.9	14.9	14.9	200
2222	2025-03-11	14.9	17.1	14.9	17.1	1200
2223	2025-03-12	16.1	16.1	15.1	15.1	1300
2224	2025-03-18	18.2	18.2	18.0	18.2	3400
2225	2025-03-24	20.9	20.9	15.5	19.0	500
2226	2025-03-27	19.4	19.4	19.4	19.4	100
