	time	open	high	low	close	volume
0	2019-01-30	8.62	8.62	8.62	8.62	0
1	2019-01-31	8.62	8.62	8.62	8.62	0
2	2019-02-01	8.62	8.62	8.62	8.62	0
3	2019-02-11	8.62	8.62	8.62	8.62	0
4	2019-02-12	8.62	8.62	8.62	8.62	0
5	2019-02-13	8.62	8.62	8.62	8.62	0
6	2019-02-14	8.62	8.62	8.62	8.62	0
7	2019-02-15	8.62	8.62	8.62	8.62	0
8	2019-02-18	8.62	8.62	8.62	8.62	0
9	2019-02-19	8.62	8.62	8.62	8.62	0
10	2019-02-20	8.62	8.62	8.62	8.62	0
11	2019-02-21	8.62	8.62	8.62	8.62	0
12	2019-02-22	8.62	8.62	8.62	8.62	0
13	2019-02-25	8.62	8.62	8.62	8.62	0
14	2019-02-26	8.62	8.62	8.62	8.62	0
15	2019-02-27	8.62	8.62	8.62	8.62	0
16	2019-02-28	8.62	8.62	8.62	8.62	0
17	2019-03-01	8.62	8.62	8.62	8.62	0
18	2019-03-04	8.62	8.62	8.62	8.62	0
19	2019-03-05	8.62	8.62	8.62	8.62	0
20	2019-03-06	8.62	8.62	8.62	8.62	0
21	2019-03-07	8.62	8.62	8.62	8.62	0
22	2019-03-08	8.62	8.62	8.62	8.62	0
23	2019-03-11	8.62	8.62	8.62	8.62	0
24	2019-03-12	8.62	8.62	8.62	8.62	0
25	2019-03-13	8.62	8.62	8.62	8.62	0
26	2019-03-14	8.62	8.62	8.62	8.62	0
27	2019-03-15	8.62	8.62	8.62	8.62	0
28	2019-03-18	8.62	8.62	8.62	8.62	0
29	2019-03-19	8.62	8.62	8.62	8.62	0
30	2019-03-20	8.62	8.62	8.62	8.62	0
31	2019-03-21	8.62	8.62	8.62	8.62	0
32	2019-03-22	8.62	8.62	8.62	8.62	0
33	2019-03-25	8.62	8.62	8.62	8.62	0
34	2019-03-26	8.62	8.62	8.62	8.62	0
35	2019-03-27	8.62	8.62	8.62	8.62	0
36	2019-03-28	8.62	8.62	8.62	8.62	0
37	2019-03-29	8.62	8.62	8.62	8.62	0
38	2019-04-01	8.62	8.62	8.62	8.62	0
39	2019-04-02	8.62	8.62	8.62	8.62	0
40	2019-04-03	8.62	8.62	8.62	8.62	0
41	2019-04-04	8.62	8.62	8.62	8.62	0
42	2019-04-05	8.62	8.62	8.62	8.62	0
43	2019-04-08	8.62	8.62	8.62	8.62	0
44	2019-04-09	8.62	8.62	8.62	8.62	0
45	2019-04-10	8.62	8.62	8.62	8.62	0
46	2019-04-11	8.62	8.62	8.62	8.62	0
47	2019-04-12	8.62	8.62	8.62	8.62	0
48	2019-04-16	8.62	8.62	8.62	8.62	0
49	2019-04-17	8.62	8.62	8.62	8.62	0
50	2019-04-18	8.62	8.62	8.62	8.62	0
51	2019-04-19	8.62	8.62	8.62	8.62	0
52	2019-04-22	8.62	8.62	8.62	8.62	0
53	2019-04-23	8.62	8.62	8.62	8.62	0
54	2019-04-24	8.62	8.62	8.62	8.62	0
55	2019-04-25	8.62	8.62	8.62	8.62	0
56	2019-04-26	8.62	8.62	8.62	8.62	0
57	2019-05-02	8.62	8.62	8.62	8.62	0
58	2019-05-03	8.62	8.62	8.62	8.62	0
59	2019-05-06	8.62	8.62	8.62	8.62	0
60	2019-05-07	8.62	8.62	8.62	8.62	0
61	2019-05-08	8.62	8.62	8.62	8.62	0
62	2019-05-09	8.62	8.62	8.62	8.62	0
63	2019-05-10	8.59	8.59	8.59	8.59	0
64	2019-05-13	8.59	8.59	8.59	8.59	0
65	2019-05-14	8.59	8.59	8.59	8.59	0
66	2019-05-15	8.59	8.59	8.59	8.59	0
67	2019-05-16	8.59	8.59	8.59	8.59	0
68	2019-05-17	8.59	8.59	8.59	8.59	0
69	2019-05-20	8.59	8.59	8.59	8.59	0
70	2019-05-21	8.59	8.59	8.59	8.59	0
71	2019-05-22	8.59	8.59	8.59	8.59	0
72	2019-05-23	8.59	8.59	8.59	8.59	0
73	2019-05-24	8.59	8.59	8.59	8.59	0
74	2019-05-27	8.59	8.59	8.59	8.59	0
75	2019-05-28	8.59	8.59	8.59	8.59	0
76	2019-05-29	8.59	8.59	8.59	8.59	0
77	2019-05-30	8.59	8.59	8.59	8.59	0
78	2019-05-31	8.59	8.59	8.59	8.59	0
79	2019-06-03	8.59	8.59	8.59	8.59	0
80	2019-06-04	8.59	8.59	8.59	8.59	0
81	2019-06-05	8.59	8.59	8.59	8.59	0
82	2019-06-06	8.59	8.59	8.59	8.59	0
83	2019-06-07	8.59	8.59	8.59	8.59	0
84	2019-06-10	8.59	8.59	8.59	8.59	0
85	2019-06-11	8.59	8.59	8.59	8.59	0
86	2019-06-12	8.59	8.59	8.59	8.59	0
87	2019-06-13	8.59	8.59	8.59	8.59	0
88	2019-06-14	8.59	8.59	8.59	8.59	0
89	2019-06-17	8.59	8.59	8.59	8.59	0
90	2019-06-18	8.59	8.59	8.59	8.59	0
91	2019-06-19	8.59	8.59	8.59	8.59	0
92	2019-06-20	8.65	8.65	8.65	8.65	0
93	2019-06-21	8.65	8.65	8.65	8.65	0
94	2019-06-24	8.65	8.65	8.65	8.65	0
95	2019-06-25	8.65	8.65	8.65	8.65	0
96	2019-06-26	8.65	8.65	8.65	8.65	0
97	2019-06-27	8.65	8.65	8.65	8.65	0
98	2019-06-28	8.65	8.65	8.65	8.65	0
99	2019-07-01	8.65	8.65	8.65	8.65	0
100	2019-07-02	8.65	8.65	8.65	8.65	0
101	2019-07-03	8.65	8.65	8.65	8.65	0
102	2019-07-04	8.65	8.65	8.65	8.65	0
103	2019-07-05	8.65	8.65	8.65	8.65	0
104	2019-07-08	8.65	8.65	8.65	8.65	0
105	2019-07-09	8.65	8.65	8.65	8.65	0
106	2019-07-10	8.65	8.65	8.65	8.65	0
107	2019-07-11	8.65	8.65	8.65	8.65	0
108	2019-07-12	8.65	8.65	8.65	8.65	0
109	2019-07-15	8.65	8.65	8.65	8.65	0
110	2019-07-16	8.65	8.65	8.65	8.65	0
111	2019-07-17	8.65	8.65	8.65	8.65	0
112	2019-07-18	8.65	8.65	8.65	8.65	0
113	2019-07-19	8.65	8.65	8.65	8.65	0
114	2019-07-22	8.65	8.65	8.65	8.65	0
115	2019-07-23	8.65	8.65	8.65	8.65	0
116	2019-07-24	8.65	8.65	8.65	8.65	0
117	2019-07-25	8.65	8.65	8.65	8.65	0
118	2019-07-26	8.65	8.65	8.65	8.65	0
119	2019-07-29	8.65	8.65	8.65	8.65	0
120	2019-07-30	8.65	8.65	8.65	8.65	0
121	2019-07-31	8.65	8.65	8.65	8.65	0
122	2019-08-01	8.65	8.65	8.65	8.65	0
123	2019-08-02	8.65	8.65	8.65	8.65	0
124	2019-08-05	8.65	8.65	8.65	8.65	0
125	2019-08-06	8.65	8.65	8.65	8.65	0
126	2019-08-07	8.65	8.65	8.65	8.65	0
127	2019-08-08	8.65	8.65	8.65	8.65	0
128	2019-08-09	8.65	8.65	8.65	8.65	0
129	2019-08-12	8.65	8.65	8.65	8.65	0
130	2019-08-13	8.65	8.65	8.65	8.65	0
131	2019-08-14	8.65	8.65	8.65	8.65	0
132	2019-08-15	8.65	8.65	8.65	8.65	0
133	2019-08-16	8.65	8.65	8.65	8.65	0
134	2019-08-19	8.65	8.65	8.65	8.65	0
135	2019-08-20	8.65	8.65	8.65	8.65	0
136	2019-08-21	8.65	8.65	8.65	8.65	0
137	2019-08-22	8.65	8.65	8.65	8.65	0
138	2019-08-23	8.65	8.65	8.65	8.65	0
139	2019-08-26	8.65	8.65	8.65	8.65	0
140	2019-08-27	8.65	8.65	8.65	8.65	0
141	2019-08-28	8.65	8.65	8.65	8.65	0
142	2019-08-29	8.65	8.65	8.65	8.65	0
143	2019-08-30	8.65	8.65	8.65	8.65	0
144	2019-09-03	8.65	8.65	8.65	8.65	0
145	2019-09-04	8.65	8.65	8.65	8.65	0
146	2019-09-05	8.65	8.65	8.65	8.65	0
147	2019-09-06	8.65	8.65	8.65	8.65	0
148	2019-09-09	8.65	8.65	8.65	8.65	0
149	2019-09-10	8.65	8.65	8.65	8.65	0
150	2019-09-11	8.65	8.65	8.65	8.65	0
151	2019-09-12	8.65	8.65	8.65	8.65	0
152	2019-09-13	8.65	8.65	8.65	8.65	0
153	2019-09-16	8.65	8.65	8.65	8.65	0
154	2019-09-17	8.65	8.65	8.65	8.65	0
155	2019-09-18	8.65	8.65	8.65	8.65	0
156	2019-09-19	8.65	8.65	8.65	8.65	0
157	2019-09-20	8.65	8.65	8.65	8.65	0
158	2019-09-23	8.65	8.65	8.65	8.65	0
159	2019-09-24	8.65	8.65	8.65	8.65	0
160	2019-09-25	8.65	8.65	8.65	8.65	0
161	2019-09-26	8.65	8.65	8.65	8.65	0
162	2019-09-27	8.65	8.65	8.65	8.65	0
163	2019-09-30	8.65	8.65	8.65	8.65	0
164	2019-10-01	8.65	8.65	8.65	8.65	0
165	2019-10-02	8.65	8.65	8.65	8.65	0
166	2019-10-03	8.65	8.65	8.65	8.65	0
167	2019-10-04	8.65	8.65	8.65	8.65	0
168	2019-10-07	8.65	8.65	8.65	8.65	0
169	2019-10-08	8.65	8.65	8.65	8.65	0
170	2019-10-09	8.65	8.65	8.65	8.65	0
171	2019-10-10	8.65	8.65	8.65	8.65	0
172	2019-10-11	8.65	8.65	8.65	8.65	0
173	2019-10-14	8.65	8.65	8.65	8.65	0
174	2019-10-15	8.65	8.65	8.65	8.65	0
175	2019-10-16	8.65	8.65	8.65	8.65	0
176	2019-10-17	8.65	8.65	8.65	8.65	0
177	2019-10-18	8.65	8.65	8.65	8.65	0
178	2019-10-21	8.65	8.65	8.65	8.65	0
179	2019-10-22	8.65	8.65	8.65	8.65	0
180	2019-10-23	8.65	8.65	8.65	8.65	0
181	2019-10-24	8.65	8.65	8.65	8.65	0
182	2019-10-25	8.65	8.65	8.65	8.65	0
183	2019-10-28	8.65	8.65	8.65	8.65	0
184	2019-10-29	8.65	8.65	8.65	8.65	0
185	2019-10-30	8.65	8.65	8.65	8.65	0
186	2019-10-31	8.65	8.65	8.65	8.65	0
187	2019-11-01	8.65	8.65	8.65	8.65	0
188	2019-11-04	8.65	8.65	8.65	8.65	0
189	2019-11-05	8.65	8.65	8.65	8.65	0
190	2019-11-06	8.65	8.65	8.65	8.65	0
191	2019-11-07	8.65	8.65	8.65	8.65	0
192	2019-11-08	8.65	8.65	8.65	8.65	0
193	2019-11-11	8.65	8.65	8.65	8.65	0
194	2019-11-12	8.65	8.65	8.65	8.65	0
195	2019-11-13	8.65	8.65	8.65	8.65	0
196	2019-11-14	8.65	8.65	8.65	8.65	0
197	2019-11-15	8.65	8.65	8.65	8.65	0
198	2019-11-18	8.65	8.65	8.65	8.65	0
199	2019-11-19	8.65	8.65	8.65	8.65	0
200	2019-11-20	8.65	8.65	8.65	8.65	0
201	2019-11-21	8.65	8.65	8.65	8.65	0
202	2019-11-22	8.65	8.65	8.65	8.65	0
203	2019-11-25	8.65	8.65	8.65	8.65	0
204	2019-11-26	8.65	8.65	8.65	8.65	0
205	2019-11-27	8.65	8.65	8.65	8.65	0
206	2019-11-28	8.65	8.65	8.65	8.65	0
207	2019-11-29	8.65	8.65	8.65	8.65	0
208	2019-12-02	8.65	8.65	8.65	8.65	0
209	2019-12-03	8.65	8.65	8.65	8.65	0
210	2019-12-04	8.65	8.65	8.65	8.65	0
211	2019-12-05	8.65	8.65	8.65	8.65	0
212	2019-12-06	8.65	8.65	8.65	8.65	0
213	2019-12-09	8.65	8.65	8.65	8.65	0
214	2019-12-10	8.65	8.65	8.65	8.65	0
215	2019-12-11	8.65	8.65	8.65	8.65	0
216	2019-12-12	8.65	8.65	8.65	8.65	0
217	2019-12-13	8.65	8.65	8.65	8.65	0
218	2019-12-16	8.65	8.65	8.65	8.65	0
219	2019-12-17	8.65	8.65	8.65	8.65	0
220	2019-12-18	8.65	8.65	8.65	8.65	0
221	2019-12-19	8.65	8.65	8.65	8.65	0
222	2019-12-20	8.65	8.65	8.65	8.65	0
223	2019-12-23	8.65	8.65	8.65	8.65	0
224	2019-12-24	8.65	8.65	8.65	8.65	0
225	2019-12-25	8.65	8.65	8.65	8.65	0
226	2019-12-26	8.65	8.65	8.65	8.65	0
227	2019-12-27	8.65	8.65	8.65	8.65	0
228	2019-12-30	8.65	8.65	8.65	8.65	0
229	2019-12-31	8.65	8.65	8.65	8.65	0
230	2020-01-02	8.65	8.65	8.65	8.65	0
231	2020-01-03	8.65	8.65	8.65	8.65	0
232	2020-01-06	8.65	8.65	8.65	8.65	0
233	2020-01-07	8.65	8.65	8.65	8.65	0
234	2020-01-08	8.65	8.65	8.65	8.65	0
235	2020-01-09	8.65	8.65	8.65	8.65	0
236	2020-01-10	8.65	8.65	8.65	8.65	0
237	2020-01-13	8.65	8.65	8.65	8.65	0
238	2020-01-14	8.65	8.65	8.65	8.65	0
239	2020-01-15	8.65	8.65	8.65	8.65	0
240	2020-01-16	8.65	8.65	8.65	8.65	0
241	2020-01-17	8.65	8.65	8.65	8.65	0
242	2020-01-20	8.65	8.65	8.65	8.65	0
243	2020-01-21	8.65	8.65	8.65	8.65	0
244	2020-01-22	8.65	8.65	8.65	8.65	0
245	2020-01-30	8.65	8.65	8.65	8.65	0
246	2020-01-31	8.65	8.65	8.65	8.65	0
247	2020-02-03	8.65	8.65	8.65	8.65	0
248	2020-02-04	5.65	5.65	5.65	5.65	200
249	2020-02-05	6.5	6.5	6.5	6.5	100
250	2020-02-06	6.5	6.5	6.5	6.5	0
251	2020-02-07	6.5	6.5	6.5	6.5	0
252	2020-02-10	6.5	6.5	6.5	6.5	0
253	2020-02-11	6.5	6.5	6.5	6.5	0
254	2020-02-12	6.5	6.5	6.5	6.5	0
255	2020-02-13	6.5	6.5	6.5	6.5	0
256	2020-02-14	6.5	6.5	6.5	6.5	0
257	2020-02-17	6.5	6.5	6.5	6.5	100
258	2020-02-18	6.5	6.5	6.5	6.5	0
259	2020-02-19	6.5	6.5	6.5	6.5	0
260	2020-02-20	6.5	6.5	6.5	6.5	0
261	2020-02-21	7.46	7.46	7.46	7.46	200
262	2020-02-24	7.46	7.46	7.46	7.46	0
263	2020-02-25	7.46	7.46	7.46	7.46	0
264	2020-02-26	7.35	7.35	7.35	7.35	1100
265	2020-02-27	7.35	7.35	7.35	7.35	0
266	2020-02-28	7.35	7.35	7.35	7.35	0
267	2020-03-02	7.35	7.35	7.35	7.35	0
268	2020-03-03	8.42	8.42	8.42	8.42	200
269	2020-03-04	8.42	8.42	8.42	8.42	0
270	2020-03-05	9.61	9.61	9.61	9.61	100
271	2020-03-06	9.61	9.61	9.61	9.61	0
272	2020-03-09	9.61	9.61	9.61	9.61	0
273	2020-03-10	9.61	9.61	9.61	9.61	0
274	2020-03-11	9.61	9.61	9.61	9.61	0
275	2020-03-12	9.61	9.61	9.61	9.61	0
276	2020-03-13	9.61	9.61	9.61	9.61	0
277	2020-03-16	9.61	9.61	9.61	9.61	0
278	2020-03-17	9.61	9.61	9.61	9.61	0
279	2020-03-18	9.61	9.61	9.61	9.61	0
280	2020-03-19	9.61	9.61	9.61	9.61	0
281	2020-03-20	9.61	9.61	9.61	9.61	0
282	2020-03-23	9.61	9.61	9.61	9.61	0
283	2020-03-24	9.61	9.61	9.61	9.61	0
284	2020-03-25	9.61	9.61	9.61	9.61	0
285	2020-03-26	9.61	9.61	9.61	9.61	0
286	2020-03-27	9.61	9.61	9.61	9.61	0
287	2020-03-30	9.61	9.61	9.61	9.61	0
288	2020-03-31	9.61	9.61	9.61	9.61	0
289	2020-04-01	9.61	9.61	9.61	9.61	0
290	2020-04-03	9.61	9.61	9.61	9.61	0
291	2020-04-06	9.61	9.61	9.61	9.61	0
292	2020-04-07	9.61	9.61	9.61	9.61	0
293	2020-04-08	9.61	9.61	9.61	9.61	0
294	2020-04-09	9.61	9.61	9.61	9.61	0
295	2020-04-10	9.61	9.61	9.61	9.61	0
296	2020-04-13	9.61	9.61	9.61	9.61	0
297	2020-04-14	9.61	9.61	9.61	9.61	0
298	2020-04-15	9.61	9.61	9.61	9.61	0
299	2020-04-16	6.78	6.78	6.78	6.78	1900
300	2020-04-17	6.78	6.78	6.78	6.78	0
301	2020-04-20	6.78	6.78	6.78	6.78	0
302	2020-04-21	6.78	6.78	6.78	6.78	0
303	2020-04-22	6.78	6.78	6.78	6.78	0
304	2020-04-23	6.78	6.78	6.78	6.78	0
305	2020-04-24	6.78	6.78	6.78	6.78	0
306	2020-04-27	6.78	6.78	6.78	6.78	0
307	2020-04-28	6.78	6.78	6.78	6.78	0
308	2020-04-29	6.78	6.78	6.78	6.78	0
309	2020-05-04	6.78	6.78	6.78	6.78	0
310	2020-05-05	6.78	6.78	6.78	6.78	0
311	2020-05-06	6.78	6.78	6.78	6.78	400
312	2020-05-07	6.78	6.78	6.78	6.78	0
313	2020-05-08	6.78	6.78	6.78	6.78	2700
314	2020-05-11	6.78	6.78	6.78	6.78	0
315	2020-05-12	6.78	6.78	6.78	6.78	0
316	2020-05-13	6.78	6.78	6.78	6.78	0
317	2020-05-14	6.78	7.27	7.27	7.27	0
318	2020-05-15	6.78	7.27	7.27	7.27	0
319	2020-05-18	6.78	7.27	7.27	7.27	0
320	2020-05-19	6.78	7.27	7.27	7.27	0
321	2020-05-20	6.78	7.27	7.27	7.27	0
322	2020-05-21	6.78	7.27	7.27	7.27	0
323	2020-05-22	6.78	7.27	7.27	7.27	0
324	2020-05-25	6.78	7.27	7.27	7.27	0
325	2020-05-26	6.78	7.27	7.27	7.27	0
326	2020-05-27	6.78	7.27	7.27	7.27	0
327	2020-05-28	6.78	7.27	7.27	7.27	0
328	2020-05-29	6.78	6.78	6.78	6.78	1400
329	2020-06-01	6.78	6.78	6.78	6.78	200
330	2020-06-02	6.78	6.78	6.78	6.78	200
331	2020-06-03	6.05	6.05	6.05	6.05	100
332	2020-06-04	6.05	6.05	6.05	6.05	0
333	2020-06-05	6.05	6.05	6.05	6.05	1100
334	2020-06-08	6.05	6.05	6.05	6.05	300
335	2020-06-09	6.05	6.05	6.05	6.05	0
336	2020-06-10	6.05	6.05	6.05	6.05	500
337	2020-06-11	6.05	6.05	6.05	6.05	0
338	2020-06-12	6.05	6.05	6.05	6.05	800
339	2020-06-15	6.05	6.05	6.05	6.05	200
340	2020-06-16	6.05	6.05	6.05	6.05	0
341	2020-06-17	6.05	6.05	6.05	6.05	700
342	2020-06-18	6.05	6.05	6.05	6.05	0
343	2020-06-19	6.05	6.05	6.05	6.05	0
344	2020-06-22	6.05	6.05	6.05	6.05	0
345	2020-06-23	6.05	6.05	6.05	6.05	600
346	2020-06-24	6.05	6.05	6.05	6.05	300
347	2020-06-25	6.05	6.05	6.05	6.05	0
348	2020-06-26	6.05	6.05	6.05	6.05	0
349	2020-06-29	6.05	6.18	6.18	6.18	0
350	2020-06-30	6.05	6.18	6.18	6.18	0
351	2020-07-01	6.05	6.18	6.18	6.18	0
352	2020-07-02	6.05	6.18	6.18	6.18	0
353	2020-07-03	6.05	6.18	6.18	6.18	0
354	2020-07-06	6.05	6.18	6.18	6.18	0
355	2020-07-07	6.05	6.18	6.18	6.18	0
356	2020-07-08	6.05	6.18	6.18	6.18	0
357	2020-07-09	6.05	6.18	6.18	6.18	0
358	2020-07-10	6.18	6.18	6.18	6.18	1900
359	2020-07-13	6.18	6.18	6.18	6.18	0
360	2020-07-14	6.18	6.18	6.18	6.18	2600
361	2020-07-15	6.18	6.18	6.18	6.18	0
362	2020-07-16	6.18	6.18	6.18	6.18	2400
363	2020-07-17	6.18	6.18	6.18	6.18	0
364	2020-07-20	6.18	6.18	6.18	6.18	0
365	2020-07-21	6.18	6.18	6.18	6.18	0
366	2020-07-22	6.18	6.18	6.18	6.18	0
367	2020-07-23	6.18	6.18	6.18	6.18	0
368	2020-07-24	6.24	6.24	6.24	6.24	1000
369	2020-07-27	6.24	6.24	6.24	6.24	0
370	2020-07-28	6.24	6.24	6.24	6.24	0
371	2020-07-29	6.24	6.24	6.24	6.24	0
372	2020-07-30	6.24	6.24	6.24	6.24	0
373	2020-07-31	6.24	6.24	6.24	6.24	0
374	2020-08-03	6.24	6.24	6.24	6.24	0
375	2020-08-04	6.24	6.24	6.24	6.24	0
376	2020-08-05	6.24	6.24	6.24	6.24	0
377	2020-08-06	6.24	6.24	6.24	6.24	0
378	2020-08-07	6.24	6.24	6.24	6.24	0
379	2020-08-10	6.24	6.24	6.24	6.24	0
380	2020-08-11	6.24	6.24	6.24	6.24	0
381	2020-08-12	6.3	6.3	6.3	6.3	1300
382	2020-08-13	6.3	6.3	6.3	6.3	0
383	2020-08-14	6.3	6.3	6.3	6.3	0
384	2020-08-17	6.36	6.36	6.36	6.36	2100
385	2020-08-18	6.36	6.36	6.36	6.36	0
386	2020-08-19	6.36	6.36	6.36	6.36	0
387	2020-08-20	6.36	6.36	6.36	6.36	0
388	2020-08-21	6.36	6.36	6.36	6.36	0
389	2020-08-24	6.36	6.36	6.36	6.36	0
390	2020-08-25	6.36	6.36	6.36	6.36	0
391	2020-08-26	6.36	6.36	6.36	6.36	0
392	2020-08-27	6.36	6.36	6.36	6.36	0
393	2020-08-28	6.36	6.36	6.36	6.36	0
394	2020-08-31	6.61	6.61	6.61	6.61	100
395	2020-09-01	6.61	6.61	6.61	6.61	0
396	2020-09-03	6.61	6.61	6.61	6.61	0
397	2020-09-04	7.6	7.6	7.6	7.6	100
398	2020-09-07	7.6	7.6	7.6	7.6	0
399	2020-09-08	6.49	6.49	6.49	6.49	100
400	2020-09-09	6.49	6.49	6.49	6.49	0
401	2020-09-10	6.49	6.49	6.49	6.49	0
402	2020-09-11	6.49	6.49	6.49	6.49	0
403	2020-09-14	6.49	6.49	6.49	6.49	0
404	2020-09-15	6.49	6.49	6.49	6.49	0
405	2020-09-16	6.49	6.49	6.49	6.49	0
406	2020-09-17	6.49	6.49	6.49	6.49	0
407	2020-09-18	6.49	6.49	6.49	6.49	0
408	2020-09-21	6.49	6.49	6.49	6.49	0
409	2020-09-22	6.49	6.49	6.49	6.49	0
410	2020-09-23	6.49	6.49	6.49	6.49	0
411	2020-09-24	6.49	6.49	6.49	6.49	0
412	2020-09-25	6.49	6.49	6.49	6.49	0
413	2020-09-28	6.49	6.49	6.49	6.49	0
414	2020-09-29	6.49	6.49	6.49	6.49	0
415	2020-09-30	6.49	6.49	6.49	6.49	0
416	2020-10-01	6.49	6.49	6.49	6.49	0
417	2020-10-02	6.49	6.49	6.49	6.49	0
418	2020-10-05	6.49	6.49	6.49	6.49	0
419	2020-10-06	6.55	6.55	6.55	6.55	500
420	2020-10-07	6.55	6.55	6.55	6.55	0
421	2020-10-08	6.55	6.55	6.55	6.55	0
422	2020-10-09	6.55	6.55	6.55	6.55	0
423	2020-10-12	6.55	6.55	6.55	6.55	0
424	2020-10-13	6.55	6.55	6.55	6.55	0
425	2020-10-14	6.55	6.55	6.55	6.55	0
426	2020-10-15	6.55	6.55	6.55	6.55	0
427	2020-10-16	6.55	6.55	6.55	6.55	0
428	2020-10-19	6.55	6.55	6.55	6.55	0
429	2020-10-20	6.55	6.55	6.55	6.55	0
430	2020-10-21	6.55	6.55	6.55	6.55	0
431	2020-10-22	6.55	6.55	6.55	6.55	0
432	2020-10-23	6.55	6.55	6.55	6.55	0
433	2020-10-26	6.55	6.55	6.55	6.55	0
434	2020-10-27	6.55	6.55	6.55	6.55	0
435	2020-10-28	6.55	6.55	6.55	6.55	0
436	2020-10-29	6.55	6.55	6.55	6.55	0
437	2020-10-30	6.55	6.55	6.55	6.55	0
438	2020-11-02	6.55	6.55	6.55	6.55	0
439	2020-11-03	6.55	6.55	6.55	6.55	0
440	2020-11-04	6.55	6.55	6.55	6.55	0
441	2020-11-05	7.48	7.48	7.48	7.48	100
442	2020-11-06	7.48	7.48	7.48	7.48	0
443	2020-11-09	7.48	7.48	7.48	7.48	0
444	2020-11-10	7.48	7.48	7.48	7.48	0
445	2020-11-11	7.48	7.48	7.48	7.48	0
446	2020-11-12	7.48	7.48	7.48	7.48	0
447	2020-11-13	7.48	7.48	7.48	7.48	0
448	2020-11-16	7.48	7.48	7.48	7.48	0
449	2020-11-17	7.48	7.48	7.48	7.48	0
450	2020-11-18	6.49	6.49	6.49	6.49	800
451	2020-11-19	6.49	6.49	6.49	6.49	0
452	2020-11-20	6.49	6.49	6.49	6.49	0
453	2020-11-23	6.49	6.49	6.49	6.49	0
454	2020-11-24	6.49	6.49	6.49	6.49	0
455	2020-11-25	6.49	6.49	6.49	6.49	0
456	2020-11-26	6.49	6.49	6.49	6.49	0
457	2020-11-27	6.49	6.49	6.49	6.49	0
458	2020-11-30	6.49	6.49	6.49	6.49	0
459	2020-12-01	6.49	6.49	6.49	6.49	0
460	2020-12-02	6.49	6.49	6.49	6.49	0
461	2020-12-03	6.49	6.49	6.49	6.49	0
462	2020-12-04	6.49	6.49	6.49	6.49	0
463	2020-12-07	6.49	6.49	6.49	6.49	0
464	2020-12-08	6.49	6.49	6.49	6.49	0
465	2020-12-09	6.49	6.49	6.49	6.49	0
466	2020-12-10	6.49	6.49	6.49	6.49	0
467	2020-12-11	6.49	6.49	6.49	6.49	0
468	2020-12-14	6.49	6.49	6.49	6.49	0
469	2020-12-15	6.49	6.49	6.49	6.49	0
470	2020-12-16	6.49	6.49	6.49	6.49	0
471	2020-12-17	6.49	6.49	6.49	6.49	0
472	2020-12-18	6.55	6.55	6.55	6.55	300
473	2020-12-21	6.55	6.55	6.55	6.55	0
474	2020-12-22	6.55	6.55	6.55	6.55	0
475	2020-12-23	6.55	6.55	6.55	6.55	0
476	2020-12-24	6.55	6.55	6.55	6.55	0
477	2020-12-25	6.55	6.55	6.55	6.55	0
478	2020-12-28	6.55	6.55	6.55	6.55	0
479	2020-12-29	6.55	6.55	6.55	6.55	0
480	2020-12-30	5.68	5.68	5.68	5.68	100
481	2020-12-31	5.68	5.68	5.68	5.68	0
482	2021-01-04	6.49	6.49	6.18	6.18	800
483	2021-01-05	6.24	6.18	6.18	6.18	0
484	2021-01-06	6.3	6.3	6.3	6.3	800
485	2021-01-07	6.3	6.3	6.3	6.3	0
486	2021-01-08	6.3	6.3	6.3	6.3	0
487	2021-01-11	6.3	6.3	6.3	6.3	0
488	2021-01-12	6.3	6.3	6.3	6.3	0
489	2021-01-13	6.3	6.3	6.3	6.3	0
490	2021-01-14	6.3	6.3	6.3	6.3	0
491	2021-01-15	6.3	6.3	6.3	6.3	0
492	2021-01-18	6.3	6.3	6.3	6.3	0
493	2021-01-19	7.23	7.23	7.23	7.23	200
494	2021-01-20	7.23	7.23	7.23	7.23	0
495	2021-01-21	7.23	7.23	7.23	7.23	0
496	2021-01-22	7.23	7.23	7.23	7.23	0
497	2021-01-25	7.23	7.23	7.23	7.23	0
498	2021-01-26	7.23	7.23	7.23	7.23	0
499	2021-01-27	7.23	7.23	7.23	7.23	0
500	2021-01-28	7.23	7.23	7.23	7.23	0
501	2021-01-29	7.23	7.23	7.23	7.23	0
502	2021-02-01	7.72	7.72	7.72	7.72	500
503	2021-02-02	7.72	7.72	7.72	7.72	0
504	2021-02-03	7.72	7.72	7.72	7.72	0
505	2021-02-04	7.72	7.72	7.72	7.72	0
506	2021-02-05	7.72	7.72	7.72	7.72	0
507	2021-02-08	7.72	7.72	7.72	7.72	0
508	2021-02-09	7.72	7.72	7.72	7.72	0
509	2021-02-17	7.91	7.91	7.91	7.91	500
510	2021-02-18	7.91	7.91	7.91	7.91	0
511	2021-02-19	7.91	7.91	7.91	7.91	0
512	2021-02-22	7.91	7.91	7.91	7.91	0
513	2021-02-23	7.91	7.91	7.91	7.91	0
514	2021-02-24	7.91	7.91	7.91	7.91	0
515	2021-02-25	7.91	7.91	7.91	7.91	0
516	2021-02-26	7.91	7.91	7.91	7.91	0
517	2021-03-01	7.91	7.91	7.91	7.91	0
518	2021-03-02	7.91	7.91	7.91	7.91	0
519	2021-03-03	7.91	7.91	7.91	7.91	0
520	2021-03-04	7.91	7.91	7.91	7.91	0
521	2021-03-05	7.91	7.91	7.91	7.91	0
522	2021-03-08	7.91	7.91	7.91	7.91	0
523	2021-03-09	7.91	7.91	7.91	7.91	0
524	2021-03-10	7.91	7.91	7.91	7.91	0
525	2021-03-11	7.91	7.91	7.91	7.91	0
526	2021-03-12	7.91	7.91	7.91	7.91	0
527	2021-03-15	7.91	7.91	7.91	7.91	0
528	2021-03-16	7.91	7.91	7.91	7.91	0
529	2021-03-17	7.91	7.91	7.91	7.91	0
530	2021-03-18	7.91	7.91	7.91	7.91	0
531	2021-03-19	7.91	7.91	7.91	7.91	0
532	2021-03-22	8.34	8.34	8.34	8.34	100
533	2021-03-23	8.34	8.34	8.34	8.34	700
534	2021-03-24	8.34	8.34	8.34	8.34	100
535	2021-03-25	8.34	8.34	7.17	7.17	200
536	2021-03-26	8.34	8.34	6.8	6.8	500
537	2021-03-29	7.17	6.8	6.8	6.8	0
538	2021-03-30	8.22	8.22	8.22	8.22	200
539	2021-03-31	8.53	8.53	8.53	8.53	200
540	2021-04-01	8.4	8.4	8.4	8.4	100
541	2021-04-02	8.4	8.4	8.4	8.4	0
542	2021-04-05	8.4	8.4	8.4	8.4	0
543	2021-04-06	8.4	8.4	8.4	8.4	0
544	2021-04-07	8.4	8.4	8.4	8.4	0
545	2021-04-08	8.34	8.65	7.41	8.65	300
546	2021-04-09	8.15	8.65	8.65	8.65	0
547	2021-04-12	8.15	8.65	8.65	8.65	0
548	2021-04-13	8.15	8.65	8.65	8.65	0
549	2021-04-14	8.15	8.65	8.65	8.65	0
550	2021-04-15	7.41	7.41	7.41	7.41	800
551	2021-04-16	7.41	7.41	7.41	7.41	200
552	2021-04-19	7.41	7.41	7.41	7.41	0
553	2021-04-20	7.41	7.41	7.41	7.41	0
554	2021-04-22	7.41	7.41	7.41	7.41	0
555	2021-04-23	7.41	7.41	7.41	7.41	0
556	2021-04-26	7.41	7.41	7.41	7.41	0
557	2021-04-27	7.41	7.41	7.41	7.41	0
558	2021-04-28	7.41	7.41	7.41	7.41	0
559	2021-04-29	7.41	7.41	7.41	7.41	0
560	2021-05-04	7.41	7.41	7.41	7.41	0
561	2021-05-05	7.41	7.41	7.41	7.41	0
562	2021-05-06	8.03	8.03	8.03	8.03	200
563	2021-05-07	8.03	8.03	8.03	8.03	600
564	2021-05-10	8.03	8.03	8.03	8.03	0
565	2021-05-11	8.03	8.03	8.03	8.03	2000
566	2021-05-12	8.03	8.03	8.03	8.03	0
567	2021-05-13	8.65	8.65	8.65	8.65	200
568	2021-05-14	8.65	8.65	8.65	8.65	0
569	2021-05-17	8.65	8.65	8.65	8.65	1300
570	2021-05-18	9.39	9.39	9.39	9.39	100
571	2021-05-19	9.39	9.39	9.39	9.39	0
572	2021-05-20	9.39	9.39	9.39	9.39	2000
573	2021-05-21	8.05	8.05	8.05	8.05	100
574	2021-05-24	8.05	8.05	8.05	8.05	0
575	2021-05-25	8.05	8.05	8.05	8.05	0
576	2021-05-26	8.05	8.05	8.05	8.05	0
577	2021-05-27	8.05	8.05	8.05	8.05	0
578	2021-05-28	8.05	8.05	8.05	8.05	0
579	2021-05-31	7.38	7.38	6.84	6.84	800
580	2021-06-01	7.38	7.38	7.04	7.38	2500
581	2021-06-02	7.31	7.38	7.38	7.38	0
582	2021-06-03	7.31	7.38	7.38	7.38	0
583	2021-06-04	7.31	7.38	7.38	7.38	0
584	2021-06-07	7.31	7.38	7.38	7.38	0
585	2021-06-08	7.04	7.38	7.04	7.38	500
586	2021-06-09	7.24	7.38	7.38	7.38	0
587	2021-06-10	7.04	7.04	6.97	6.97	600
588	2021-06-11	7.38	7.38	7.38	7.38	100
589	2021-06-14	7.04	7.38	7.04	7.38	400
590	2021-06-15	7.31	7.38	7.38	7.38	0
591	2021-06-16	7.31	7.38	7.38	7.38	0
592	2021-06-17	7.04	7.04	7.04	7.04	2100
593	2021-06-18	7.11	7.11	7.04	7.04	3700
594	2021-06-21	7.04	8.05	7.04	8.05	3500
595	2021-06-22	7.64	8.05	8.05	8.05	0
596	2021-06-23	7.04	7.04	7.04	7.04	100
597	2021-06-24	7.11	8.05	7.11	7.91	3600
598	2021-06-25	7.64	7.91	7.91	7.91	0
599	2021-06-28	7.98	7.98	7.98	7.98	400
600	2021-06-29	7.17	7.51	7.17	7.51	3100
601	2021-06-30	7.24	8.18	7.17	8.18	5400
602	2021-07-01	7.38	7.38	7.38	7.38	700
603	2021-07-02	7.24	7.38	7.17	7.38	2100
604	2021-07-05	7.64	7.64	7.38	7.38	1400
605	2021-07-06	7.31	7.31	7.24	7.24	4500
606	2021-07-07	7.38	8.31	7.38	7.58	11000
607	2021-07-08	8.05	7.58	7.58	7.58	0
608	2021-07-09	7.64	7.64	7.44	7.44	1800
609	2021-07-12	7.51	8.58	7.51	8.58	4170
610	2021-07-13	7.91	8.58	8.58	8.58	0
611	2021-07-14	7.91	8.58	8.58	8.58	0
612	2021-07-15	9.05	9.05	9.05	9.05	100
613	2021-07-16	7.78	7.78	7.78	7.78	130
614	2021-07-19	7.91	7.98	7.91	7.98	500
615	2021-07-20	8.38	9.05	8.38	9.05	1800
616	2021-07-21	7.98	8.85	7.98	8.85	4300
617	2021-07-22	8.65	8.85	8.85	8.85	0
618	2021-07-23	8.65	8.65	8.65	8.85	30
619	2021-07-26	8.65	8.65	8.38	8.38	300
620	2021-07-27	8.58	8.38	8.38	8.38	0
621	2021-07-28	8.58	8.38	8.38	8.38	0
622	2021-07-29	8.58	8.38	8.38	8.38	0
623	2021-07-30	8.58	8.38	8.38	8.38	0
624	2021-08-02	8.58	8.58	8.58	8.58	0
625	2021-08-03	8.58	8.38	8.38	8.38	0
626	2021-08-04	8.58	8.38	8.38	8.38	0
627	2021-08-05	8.58	8.38	8.38	8.38	0
628	2021-08-06	8.58	8.38	8.38	8.38	0
629	2021-08-09	8.58	8.38	8.38	8.38	0
630	2021-08-10	8.58	8.38	8.38	8.38	0
631	2021-08-11	8.58	8.38	8.38	8.38	0
632	2021-08-12	8.58	8.38	8.38	8.38	0
633	2021-08-13	8.05	8.05	8.05	8.05	700
634	2021-08-16	8.05	8.05	8.05	8.05	0
635	2021-08-17	7.78	7.78	7.78	7.78	100
636	2021-08-18	7.78	7.78	7.78	7.78	0
637	2021-08-19	7.78	7.78	7.78	7.78	0
638	2021-08-20	7.78	7.78	7.78	7.78	0
639	2021-08-23	8.05	8.05	7.98	7.98	2000
640	2021-08-24	8.05	7.98	7.98	7.98	0
641	2021-08-25	8.05	7.98	7.98	7.98	0
642	2021-08-26	8.05	8.05	8.05	8.05	500
643	2021-08-27	7.78	7.78	7.78	7.78	1300
644	2021-08-30	8.05	8.11	8.05	8.05	4400
645	2021-08-31	8.11	8.11	8.11	8.11	600
646	2021-09-01	9.32	9.32	9.32	9.32	100
647	2021-09-06	9.32	9.32	9.32	9.32	100
648	2021-09-07	9.32	9.32	9.32	9.32	0
649	2021-09-08	8.38	8.38	8.11	8.11	7100
650	2021-09-09	8.11	8.11	8.11	8.11	0
651	2021-09-10	8.11	8.11	8.11	8.11	0
652	2021-09-13	8.25	8.25	8.25	8.25	500
653	2021-09-14	8.25	8.25	8.25	8.25	0
654	2021-09-15	8.25	8.25	8.25	8.25	0
655	2021-09-16	8.25	8.25	8.25	8.25	0
656	2021-09-17	8.25	8.25	8.25	8.25	0
657	2021-09-20	9.45	9.45	9.45	9.45	1600
658	2021-09-21	9.39	9.39	9.39	9.39	500
659	2021-09-22	9.39	9.39	9.39	9.39	0
660	2021-09-23	9.39	9.39	9.39	9.39	1000
661	2021-09-24	9.39	9.39	8.72	8.72	4000
662	2021-09-27	9.05	9.05	9.05	9.05	0
663	2021-09-28	8.72	8.72	8.72	8.72	1000
664	2021-09-29	8.72	8.72	8.72	8.72	0
665	2021-09-30	8.72	8.72	8.72	8.72	0
666	2021-10-01	8.72	8.72	8.72	8.72	0
667	2021-10-04	8.11	8.11	8.11	8.11	100
668	2021-10-05	8.11	8.11	8.11	8.11	0
669	2021-10-06	8.05	8.05	8.05	8.05	100
670	2021-10-07	8.18	8.18	8.05	8.05	1100
671	2021-10-08	8.18	8.18	8.18	8.18	0
672	2021-10-11	8.18	8.18	8.18	8.18	10
673	2021-10-12	8.18	8.18	8.18	8.18	0
674	2021-10-13	8.18	8.18	8.18	8.18	0
675	2021-10-14	8.18	8.18	8.18	8.18	0
676	2021-10-15	8.18	8.18	8.18	8.18	0
677	2021-10-18	8.18	8.18	8.18	8.18	100
678	2021-10-19	8.18	8.18	8.18	8.18	0
679	2021-10-20	8.18	8.18	8.18	8.18	0
680	2021-10-21	8.18	8.18	8.18	8.18	0
681	2021-10-22	8.85	8.85	8.85	8.85	100
682	2021-10-25	8.85	8.85	8.85	8.85	100
683	2021-10-26	8.85	8.85	8.85	8.85	0
684	2021-10-27	8.85	8.85	8.85	8.85	0
685	2021-10-28	8.78	8.78	8.78	8.78	500
686	2021-10-29	8.78	8.78	8.78	8.78	0
687	2021-11-01	8.78	8.78	8.78	8.78	0
688	2021-11-02	8.72	8.72	8.72	8.72	900
689	2021-11-03	8.72	8.72	8.72	8.72	0
690	2021-11-04	8.72	8.72	8.72	8.72	100
691	2021-11-05	8.78	8.78	8.78	8.78	600
692	2021-11-08	8.78	8.78	8.78	8.78	0
693	2021-11-09	8.78	8.78	8.78	8.78	0
694	2021-11-10	8.78	8.78	8.78	8.78	0
695	2021-11-11	8.78	8.78	8.78	8.78	0
696	2021-11-12	8.78	8.78	8.78	8.78	600
697	2021-11-15	8.78	8.78	8.78	8.78	0
698	2021-11-16	8.78	8.78	8.78	8.78	0
699	2021-11-17	8.78	8.78	8.78	8.78	0
700	2021-11-18	8.78	8.78	8.78	8.78	0
701	2021-11-19	8.78	8.78	8.78	8.78	0
702	2021-11-22	8.78	8.78	8.78	8.78	0
703	2021-11-23	8.78	8.78	8.78	8.78	0
704	2021-11-24	10.06	10.06	9.72	9.72	2219
705	2021-11-25	10.06	10.06	10.06	10.06	500
706	2021-11-26	10.06	10.06	10.06	10.06	300
707	2021-11-29	10.06	10.06	10.06	10.06	16
708	2021-11-30	10.06	10.06	10.06	10.06	0
709	2021-12-01	10.06	10.06	10.06	10.06	0
710	2021-12-02	10.06	10.06	10.06	10.06	0
711	2021-12-03	8.65	10.06	8.65	10.06	200
712	2021-12-06	8.45	8.45	8.45	8.45	100
713	2021-12-07	8.45	8.45	8.45	8.45	0
714	2021-12-08	8.45	8.45	8.45	8.45	100
715	2021-12-09	8.45	8.45	8.45	8.45	0
716	2021-12-10	8.52	8.52	7.24	7.24	2000
717	2021-12-13	7.64	7.64	7.64	7.64	0
718	2021-12-14	7.64	7.64	7.64	7.64	0
719	2021-12-15	8.78	8.78	8.78	8.78	300
720	2021-12-16	8.78	8.78	8.78	8.78	0
721	2021-12-17	8.18	8.18	8.18	8.18	1200
722	2021-12-20	8.72	9.39	8.72	9.39	300
723	2021-12-21	8.72	8.72	8.72	8.72	400
724	2021-12-22	8.72	8.72	8.72	8.72	0
725	2021-12-23	8.72	8.72	8.72	8.72	0
726	2021-12-24	8.72	8.72	8.72	8.72	0
727	2021-12-27	8.72	8.72	8.72	8.72	0
728	2021-12-28	9.39	9.39	9.39	9.39	4400
729	2021-12-29	8.78	8.78	8.78	8.78	800
730	2021-12-30	8.78	8.78	8.78	8.78	0
731	2021-12-31	8.85	8.85	8.85	8.85	400
732	2022-01-04	8.85	8.85	8.85	8.85	0
733	2022-01-05	8.85	8.85	8.85	8.85	0
734	2022-01-06	8.92	8.92	8.85	8.85	2700
735	2022-01-07	8.85	8.85	8.85	8.85	0
736	2022-01-10	8.85	8.85	8.85	8.85	0
737	2022-01-11	8.85	8.85	8.85	8.85	0
738	2022-01-12	8.85	8.85	8.85	8.85	0
739	2022-01-13	8.85	8.85	8.85	8.85	0
740	2022-01-14	8.85	8.85	8.85	8.85	1200
741	2022-01-17	8.85	8.85	8.85	8.85	0
742	2022-01-18	8.85	8.85	8.85	8.85	0
743	2022-01-19	8.85	8.85	8.85	8.85	0
744	2022-01-20	8.85	8.85	8.85	8.85	11100
745	2022-01-21	8.85	8.85	8.85	8.85	0
746	2022-01-24	8.98	9.45	8.98	9.39	4800
747	2022-01-25	9.39	9.39	9.39	9.39	0
748	2022-01-26	9.39	9.39	9.39	9.39	0
749	2022-01-27	9.39	9.39	9.39	9.39	0
750	2022-01-28	8.45	10.39	8.45	10.39	200
751	2022-02-07	9.45	9.45	9.45	9.45	0
752	2022-02-08	9.45	9.45	9.45	9.45	0
753	2022-02-09	9.45	9.45	9.45	9.45	0
754	2022-02-10	9.45	9.45	9.45	9.45	0
755	2022-02-11	9.45	9.45	9.45	9.45	0
756	2022-02-14	9.45	9.45	9.45	9.45	0
757	2022-02-15	9.72	9.79	9.72	9.79	900
758	2022-02-16	10.06	10.19	9.86	10.19	8300
759	2022-02-17	10.06	10.06	9.92	10.06	2500
760	2022-02-18	10.06	10.39	10.06	10.06	11100
761	2022-02-21	10.11	10.11	10.11	10.11	0
762	2022-02-22	10.32	10.32	10.32	10.32	200
763	2022-02-23	10.32	10.32	10.32	10.32	300
764	2022-02-24	8.9	8.9	8.9	8.9	1200
765	2022-02-25	9.26	9.26	9.04	9.04	1300
766	2022-02-28	9.04	9.04	9.04	9.04	0
767	2022-03-01	9.04	9.04	9.04	9.04	0
768	2022-03-02	9.04	9.04	9.04	9.04	0
769	2022-03-03	9.04	9.04	9.04	9.04	0
770	2022-03-04	9.04	9.04	9.04	9.04	0
771	2022-03-07	9.61	9.61	9.61	9.61	100
772	2022-03-08	8.97	8.97	8.97	8.97	200
773	2022-03-09	8.97	8.97	8.97	8.97	0
774	2022-03-10	9.04	9.11	9.04	9.11	4500
775	2022-03-11	9.11	9.11	9.11	9.11	0
776	2022-03-14	9.47	9.47	9.47	9.47	2300
777	2022-03-15	9.47	9.47	9.47	9.47	0
778	2022-03-16	9.47	9.47	9.47	9.47	0
779	2022-03-17	9.47	9.47	9.47	9.47	0
780	2022-03-18	9.47	9.47	9.26	9.26	900
781	2022-03-21	9.83	9.83	9.83	9.83	100
782	2022-03-22	9.83	10.32	9.83	10.32	1900
783	2022-03-23	10.32	10.32	10.32	10.32	200
784	2022-03-24	10.25	10.25	10.25	10.25	100
785	2022-03-25	9.33	9.33	9.26	9.26	1800
786	2022-03-28	9.61	9.61	9.61	9.61	900
787	2022-03-29	9.61	9.61	9.61	9.61	0
788	2022-03-30	9.47	10.11	9.47	10.04	700
789	2022-03-31	9.75	9.75	9.75	9.75	0
790	2022-04-01	9.54	9.54	9.4	9.4	900
791	2022-04-04	9.61	9.9	9.4	9.9	2200
792	2022-04-05	10.32	10.32	10.18	10.32	800
793	2022-04-06	9.4	9.61	9.4	9.61	800
794	2022-04-07	9.97	9.97	9.97	9.97	100
795	2022-04-08	9.97	9.97	9.97	9.97	0
796	2022-04-12	9.97	10.32	9.97	9.97	3600
797	2022-04-13	9.97	9.97	9.97	9.97	0
798	2022-04-14	10.32	10.32	10.18	10.18	300
799	2022-04-15	10.25	10.25	10.18	10.25	600
800	2022-04-18	10.25	10.25	10.25	10.25	0
801	2022-04-19	9.54	9.97	9.54	9.97	2600
802	2022-04-20	9.47	9.47	9.4	9.4	200
803	2022-04-21	9.4	9.47	9.33	9.4	5600
804	2022-04-22	9.4	9.47	9.4	9.47	1400
805	2022-04-25	9.47	9.97	9.26	9.47	1600
806	2022-04-26	9.47	9.47	9.47	9.47	4800
807	2022-04-27	9.47	9.47	9.4	9.4	400
808	2022-04-28	9.97	9.97	9.97	9.97	100
809	2022-04-29	9.97	9.97	9.97	9.97	1100
810	2022-05-04	10.18	10.18	10.18	10.18	500
811	2022-05-05	10.18	10.18	10.18	10.18	1000
812	2022-05-06	10.18	10.18	10.18	10.18	0
813	2022-05-09	9.97	9.97	9.97	9.97	1000
814	2022-05-10	9.97	9.97	9.68	9.68	400
815	2022-05-11	9.75	9.75	9.75	9.75	0
816	2022-05-12	9.75	9.75	9.75	9.75	0
817	2022-05-13	9.75	9.75	9.75	9.75	0
818	2022-05-16	9.33	9.33	9.33	9.33	100
819	2022-05-17	9.33	9.33	9.33	9.33	0
820	2022-05-18	9.33	9.33	9.33	9.33	0
821	2022-05-19	9.26	9.97	9.26	9.97	200
822	2022-05-20	9.97	9.97	9.97	9.97	100
823	2022-05-23	9.97	9.97	9.97	9.97	0
824	2022-05-24	9.97	9.97	9.97	9.97	0
825	2022-05-25	9.97	9.97	9.97	9.97	0
826	2022-05-26	9.97	9.97	9.97	9.97	0
827	2022-05-27	9.61	9.61	9.61	9.61	900
828	2022-05-30	9.61	9.61	9.61	9.61	0
829	2022-05-31	9.47	9.54	9.47	9.54	3100
830	2022-06-01	9.47	9.47	9.47	9.47	0
831	2022-06-02	9.54	9.54	9.47	9.47	1000
832	2022-06-03	9.97	9.97	9.97	9.97	100
833	2022-06-06	9.9	9.9	9.54	9.54	2100
834	2022-06-07	9.61	9.61	9.61	9.61	0
835	2022-06-08	9.61	9.61	9.61	9.61	400
836	2022-06-09	9.61	9.61	9.61	9.61	0
837	2022-06-10	9.61	9.61	9.61	9.61	1500
838	2022-06-13	9.61	9.61	9.61	9.61	0
839	2022-06-14	9.61	9.61	9.61	9.61	0
840	2022-06-15	9.61	9.61	9.61	9.61	0
841	2022-06-16	9.61	9.61	9.61	9.61	0
842	2022-06-17	9.26	9.26	9.26	9.26	400
843	2022-06-20	9.33	9.33	9.26	9.26	3300
844	2022-06-21	9.26	9.61	9.26	9.61	2300
845	2022-06-22	9.26	9.26	9.26	9.26	0
846	2022-06-23	9.26	9.26	9.26	9.26	0
847	2022-06-24	9.26	9.26	9.26	9.26	0
848	2022-06-27	9.61	9.61	9.61	9.61	900
849	2022-06-28	9.61	9.61	9.61	9.61	100
850	2022-06-29	9.61	9.61	9.61	9.61	400
851	2022-06-30	9.61	9.61	9.61	9.61	100
852	2022-07-01	9.63	9.63	9.63	9.63	300
853	2022-07-04	9.19	9.63	9.19	9.63	3600
854	2022-07-05	9.55	9.55	9.55	9.55	0
855	2022-07-06	9.48	9.48	9.48	9.48	400
856	2022-07-07	9.48	9.48	9.48	9.48	0
857	2022-07-08	9.55	9.55	9.55	9.55	3500
858	2022-07-11	9.55	9.55	9.55	9.55	0
859	2022-07-12	9.85	9.85	9.63	9.63	900
860	2022-07-13	9.55	9.55	9.55	9.55	700
861	2022-07-14	9.55	9.55	9.55	9.55	0
862	2022-07-15	9.55	9.55	9.55	9.55	0
863	2022-07-18	10.21	10.21	10.21	10.21	1000
864	2022-07-19	10.21	10.21	10.21	10.21	0
865	2022-07-20	10.21	10.21	10.21	10.21	0
866	2022-07-21	10.21	10.21	10.21	10.21	0
867	2022-07-22	10.21	10.21	10.21	10.21	0
868	2022-07-25	9.63	9.63	9.63	9.63	400
869	2022-07-26	9.63	9.63	9.63	9.63	0
870	2022-07-27	9.63	9.63	9.63	9.63	0
871	2022-07-28	9.63	9.63	9.63	9.63	0
872	2022-07-29	9.63	9.63	9.63	9.63	0
873	2022-08-01	9.7	9.7	9.7	9.7	100
874	2022-08-02	9.7	9.7	9.7	9.7	0
875	2022-08-03	9.7	9.7	9.63	9.63	900
876	2022-08-04	9.7	9.7	9.7	9.7	100
877	2022-08-05	9.7	9.7	9.7	9.7	3200
878	2022-08-08	9.48	10.14	9.48	10.14	500
879	2022-08-09	9.63	9.63	9.63	9.63	0
880	2022-08-10	10.14	10.14	10.14	10.14	100
881	2022-08-11	10.14	10.14	10.14	10.14	0
882	2022-08-12	10.14	10.14	10.14	10.14	0
883	2022-08-15	10.14	10.14	10.14	10.14	0
884	2022-08-16	10.14	10.14	10.14	10.14	0
885	2022-08-17	9.7	9.7	9.7	9.7	1300
886	2022-08-18	9.7	9.7	9.7	9.7	500
887	2022-08-19	9.7	9.7	9.7	9.7	500
888	2022-08-22	9.7	9.7	9.7	9.7	100
889	2022-08-23	9.7	9.7	9.7	9.7	2200
890	2022-08-24	9.7	9.7	9.7	9.7	13500
891	2022-08-25	9.63	9.63	9.63	9.63	300
892	2022-08-26	9.7	9.7	9.7	9.7	100
893	2022-08-29	9.7	9.7	9.7	9.7	1500
894	2022-08-30	9.85	10.06	9.85	10.06	4000
895	2022-08-31	9.85	10.87	9.85	10.72	1300
896	2022-09-05	10.28	10.28	10.28	10.28	0
897	2022-09-06	11.81	11.81	10.21	10.5	1000
898	2022-09-07	10.43	10.43	10.43	10.43	0
899	2022-09-08	9.85	10.14	9.85	10.14	1100
900	2022-09-09	9.92	9.92	9.92	9.92	1500
901	2022-09-12	10.5	10.5	10.5	10.5	100
902	2022-09-13	9.85	9.85	9.85	9.85	800
903	2022-09-14	10.5	10.5	10.5	10.5	100
904	2022-09-15	10.5	10.5	10.5	10.5	0
905	2022-09-16	9.92	9.92	9.92	9.92	900
906	2022-09-19	10.5	10.5	10.5	10.5	100
907	2022-09-20	9.92	9.92	9.7	9.7	5900
908	2022-09-21	10.5	10.5	9.77	9.77	8400
909	2022-09-22	10.21	10.5	9.77	9.77	1700
910	2022-09-23	9.85	9.85	9.77	9.77	1200
911	2022-09-26	9.77	9.77	9.7	9.7	1000
912	2022-09-27	9.77	9.77	9.77	9.77	800
913	2022-09-28	9.77	9.77	9.77	9.77	0
914	2022-09-29	9.7	9.7	9.63	9.63	3600
915	2022-09-30	9.63	9.63	9.63	9.63	0
916	2022-10-03	9.7	9.7	9.7	9.7	700
917	2022-10-04	9.48	9.48	9.48	9.48	1400
918	2022-10-05	9.63	9.63	9.55	9.55	1400
919	2022-10-06	9.55	9.55	9.55	9.55	0
920	2022-10-07	9.55	9.55	9.55	9.55	1300
921	2022-10-10	9.55	9.55	9.55	9.55	0
922	2022-10-11	9.55	9.55	9.55	9.55	0
923	2022-10-12	9.55	9.55	9.55	9.55	0
924	2022-10-13	9.55	9.55	9.55	9.55	0
925	2022-10-14	9.55	9.55	9.55	9.55	0
926	2022-10-17	9.55	9.55	9.55	9.55	0
927	2022-10-18	9.48	9.48	9.48	9.48	2000
928	2022-10-19	9.48	9.48	9.48	9.48	0
929	2022-10-20	9.48	9.48	9.48	9.48	0
930	2022-10-21	9.48	9.48	9.48	9.48	0
931	2022-10-24	9.48	9.48	9.48	9.48	0
932	2022-10-25	9.41	9.41	9.33	9.33	1300
933	2022-10-26	9.33	9.33	9.33	9.33	0
934	2022-10-27	9.33	9.33	9.33	9.33	0
935	2022-10-28	9.33	9.33	9.33	9.33	0
936	2022-10-31	9.33	9.33	9.33	9.33	0
937	2022-11-01	9.55	9.55	9.55	9.55	5300
938	2022-11-02	9.55	9.55	9.55	9.55	0
939	2022-11-03	9.55	9.55	9.55	9.55	0
940	2022-11-04	9.55	9.55	9.55	9.55	0
941	2022-11-07	9.55	9.55	9.55	9.55	0
942	2022-11-08	9.48	9.48	9.48	9.48	1100
943	2022-11-09	9.48	9.48	9.48	9.48	0
944	2022-11-10	9.33	9.41	9.33	9.41	6000
945	2022-11-11	9.33	9.33	9.33	9.33	0
946	2022-11-14	9.33	9.33	9.33	9.33	0
947	2022-11-15	9.33	9.33	9.33	9.33	0
948	2022-11-16	9.33	9.33	9.33	9.33	0
949	2022-11-17	9.33	9.33	9.33	9.33	5100
950	2022-11-18	9.33	9.33	9.33	9.33	0
951	2022-11-21	9.33	9.33	9.33	9.33	3400
952	2022-11-22	9.33	9.33	9.33	9.33	0
953	2022-11-23	9.33	9.33	9.33	9.33	0
954	2022-11-24	9.33	9.33	9.33	9.33	0
955	2022-11-25	9.33	9.33	9.33	9.33	0
956	2022-11-28	9.33	9.33	9.33	9.33	0
957	2022-11-29	9.33	9.33	9.33	9.33	0
958	2022-11-30	9.33	9.33	9.33	9.33	0
959	2022-12-01	9.33	9.33	9.33	9.33	0
960	2022-12-02	9.33	9.33	9.33	9.33	0
961	2022-12-05	9.41	9.41	9.41	9.41	100
962	2022-12-06	9.41	9.41	9.41	9.41	0
963	2022-12-07	9.41	9.41	9.41	9.41	0
964	2022-12-08	9.33	9.33	9.33	9.33	2900
965	2022-12-09	9.33	9.33	9.33	9.33	0
966	2022-12-12	9.33	9.33	9.33	9.33	0
967	2022-12-13	9.33	9.33	9.33	9.33	0
968	2022-12-14	9.33	9.33	9.33	9.33	0
969	2022-12-15	9.33	9.33	9.33	9.33	0
970	2022-12-16	9.19	9.19	9.19	9.19	200
971	2022-12-19	9.19	9.19	9.19	9.19	0
972	2022-12-20	9.19	9.19	9.19	9.19	0
973	2022-12-21	9.19	9.19	9.19	9.19	0
974	2022-12-22	9.19	9.19	9.19	9.19	0
975	2022-12-23	9.19	9.19	9.19	9.19	0
976	2022-12-26	9.19	9.19	9.19	9.19	0
977	2022-12-27	9.19	9.19	9.19	9.19	1000
978	2022-12-28	9.19	9.19	9.19	9.19	0
979	2022-12-29	9.19	9.19	9.19	9.19	0
980	2022-12-30	9.19	9.19	9.19	9.19	0
981	2023-01-03	9.19	9.19	9.19	9.19	0
982	2023-01-04	9.19	9.19	9.19	9.19	0
983	2023-01-05	9.19	9.19	9.19	9.19	0
984	2023-01-06	9.19	9.19	9.19	9.19	0
985	2023-01-09	9.19	9.19	9.19	9.19	0
986	2023-01-10	9.19	9.19	9.19	9.19	0
987	2023-01-11	9.19	9.19	9.19	9.19	0
988	2023-01-12	9.19	9.19	9.19	9.19	0
989	2023-01-13	9.19	9.19	9.19	9.19	0
990	2023-01-16	9.19	9.19	9.19	9.19	0
991	2023-01-17	9.19	9.19	9.19	9.19	0
992	2023-01-18	9.19	9.19	9.19	9.19	0
993	2023-01-19	9.19	9.19	9.19	9.19	1000
994	2023-01-27	9.19	9.19	9.19	9.19	0
995	2023-01-30	9.85	9.85	9.85	9.85	1500
996	2023-01-31	9.85	9.85	9.85	9.85	0
997	2023-02-01	9.81	9.81	9.81	9.81	0
998	2023-02-02	9.81	9.81	9.81	9.81	0
999	2023-02-03	9.81	9.81	9.81	9.81	0
1000	2023-02-06	9.81	9.81	9.81	9.81	0
1001	2023-02-07	9.81	9.81	9.81	9.81	0
1002	2023-02-08	9.81	9.81	9.81	9.81	0
1003	2023-02-09	9.81	9.81	9.81	9.81	0
1004	2023-02-10	9.89	9.89	9.89	9.89	500
1005	2023-02-13	9.97	9.97	9.89	9.89	200
1006	2023-02-14	9.97	9.97	9.97	9.97	0
1007	2023-02-15	9.97	9.97	9.97	9.97	0
1008	2023-02-16	9.97	9.97	9.97	9.97	1000
1009	2023-02-17	9.97	9.97	9.97	9.97	2200
1010	2023-02-20	9.97	10.21	9.97	10.21	5900
1011	2023-02-21	10.05	10.05	10.05	10.05	0
1012	2023-02-22	9.97	9.97	9.97	9.97	1000
1013	2023-02-23	9.97	9.97	9.97	9.97	0
1014	2023-02-24	9.97	9.97	9.97	9.97	0
1015	2023-02-27	9.97	9.97	9.97	9.97	1000
1016	2023-02-28	9.97	9.97	9.97	9.97	0
1017	2023-03-01	9.97	9.97	9.97	9.97	0
1018	2023-03-02	9.97	9.97	9.97	9.97	0
1019	2023-03-03	9.97	9.97	9.97	9.97	1000
1020	2023-03-06	9.97	9.97	9.97	9.97	0
1021	2023-03-07	10.21	10.21	10.21	10.21	200
1022	2023-03-08	10.21	10.21	10.21	10.21	0
1023	2023-03-09	10.21	10.21	10.21	10.21	0
1024	2023-03-10	10.21	10.21	10.21	10.21	0
1025	2023-03-13	10.6	10.6	10.6	10.6	1000
1026	2023-03-14	10.6	10.6	10.6	10.6	0
1027	2023-03-15	10.6	10.6	10.6	10.6	200
1028	2023-03-16	10.6	10.6	10.6	10.6	100
1029	2023-03-17	10.6	10.6	10.6	10.6	0
1030	2023-03-20	10.28	10.28	10.28	10.28	700
1031	2023-03-21	10.28	10.28	10.28	10.28	0
1032	2023-03-22	10.28	10.28	10.28	10.28	0
1033	2023-03-23	10.28	10.28	10.28	10.28	0
1034	2023-03-24	10.28	10.28	10.28	10.28	0
1035	2023-03-27	10.28	10.28	10.28	10.28	0
1036	2023-03-28	10.28	10.28	10.28	10.28	0
1037	2023-03-29	10.28	10.28	10.28	10.28	0
1038	2023-03-30	10.6	10.6	10.6	10.6	2500
1039	2023-03-31	10.6	10.6	10.6	10.6	0
1040	2023-04-03	10.6	10.6	10.6	10.6	0
1041	2023-04-04	10.6	10.6	10.6	10.6	0
1042	2023-04-05	10.52	10.52	10.52	10.52	2300
1043	2023-04-06	10.6	10.6	10.6	10.6	1200
1044	2023-04-07	10.6	10.6	10.6	10.6	1000
1045	2023-04-10	10.6	10.6	10.6	10.6	0
1046	2023-04-11	10.6	10.99	10.6	10.99	600
1047	2023-04-12	10.91	10.91	10.91	10.91	0
1048	2023-04-13	10.91	10.91	10.91	10.91	0
1049	2023-04-14	10.91	10.91	10.91	10.91	0
1050	2023-04-17	10.91	10.91	10.91	10.91	0
1051	2023-04-18	10.91	10.91	10.91	10.91	0
1052	2023-04-19	10.99	10.99	10.99	10.99	400
1053	2023-04-20	11.38	11.38	11.38	11.38	300
1054	2023-04-21	11.38	11.38	11.38	11.38	0
1055	2023-04-24	11.38	11.38	11.38	11.38	0
1056	2023-04-25	11.38	11.38	11.38	11.38	0
1057	2023-04-26	11.38	11.38	11.38	11.38	0
1058	2023-04-27	11.38	11.38	11.38	11.38	0
1059	2023-04-28	11.78	11.78	11.78	11.78	100
1060	2023-05-04	10.99	10.99	10.99	10.99	900
1061	2023-05-05	10.99	10.99	10.99	10.99	0
1062	2023-05-08	10.99	10.99	10.99	10.99	0
1063	2023-05-09	11.78	11.78	11.78	11.78	200
1064	2023-05-10	11.78	11.78	11.78	11.78	0
1065	2023-05-11	11.78	11.78	11.78	11.78	0
1066	2023-05-12	11.78	11.78	11.78	11.78	0
1067	2023-05-15	11.78	11.78	11.78	11.78	0
1068	2023-05-16	11.78	11.78	11.78	11.78	0
1069	2023-05-17	11.78	11.78	11.78	11.78	0
1070	2023-05-18	11.78	11.78	11.78	11.78	0
1071	2023-05-19	11.78	11.78	11.78	11.78	0
1072	2023-05-22	11.78	11.78	11.78	11.78	0
1073	2023-05-23	11.78	11.78	11.78	11.78	0
1074	2023-05-24	11.78	11.78	11.78	11.78	0
1075	2023-05-25	11.78	11.78	11.78	11.78	0
1076	2023-05-26	11.78	11.78	11.78	11.78	0
1077	2023-05-29	11.78	11.78	11.78	11.78	0
1078	2023-05-30	11.78	11.78	11.78	11.78	0
1079	2023-05-31	11.78	11.78	11.78	11.78	0
1080	2023-06-01	11.78	11.78	11.78	11.78	0
1081	2023-06-02	11.78	11.78	11.78	11.78	0
1082	2023-06-05	11.78	11.78	11.78	11.78	0
1083	2023-06-06	11.78	11.78	11.78	11.78	0
1084	2023-06-07	11.78	11.78	11.78	11.78	0
1085	2023-06-08	11.78	11.78	11.78	11.78	0
1086	2023-06-09	12.17	12.17	12.17	12.17	600
1087	2023-06-12	12.17	12.17	12.17	12.17	0
1088	2023-06-13	12.17	12.17	12.17	12.17	600
1089	2023-06-14	12.17	12.17	12.17	12.17	0
1090	2023-06-15	12.17	12.17	12.17	12.17	400
1091	2023-06-16	12.17	12.17	12.17	12.17	0
1092	2023-06-19	12.17	12.17	12.17	12.17	0
1093	2023-06-20	12.17	12.17	12.17	12.17	0
1094	2023-06-21	10.44	10.44	10.44	10.44	600
1095	2023-06-22	10.44	10.44	10.44	10.44	0
1096	2023-06-23	11.93	11.93	11.93	11.93	1600
1097	2023-06-26	11.93	11.93	11.93	11.93	0
1098	2023-06-27	11.93	11.93	11.93	11.93	0
1099	2023-06-28	11.93	11.93	11.93	11.93	0
1100	2023-06-29	12.56	12.56	12.56	12.56	800
1101	2023-06-30	12.56	12.56	12.56	12.56	0
1102	2023-07-03	11.78	11.78	11.78	11.78	800
1103	2023-07-04	11.78	11.78	11.78	11.78	0
1104	2023-07-05	11.78	11.78	11.78	11.78	0
1105	2023-07-06	11.78	11.78	11.78	11.78	0
1106	2023-07-07	11.78	11.78	11.78	11.78	0
1107	2023-07-10	12.48	12.48	12.48	12.48	100
1108	2023-07-11	12.4	12.4	12.4	12.4	300
1109	2023-07-12	12.4	12.4	12.4	12.4	0
1110	2023-07-13	12.44	12.44	12.44	12.44	0
1111	2023-07-14	12.44	12.44	12.44	12.44	0
1112	2023-07-17	12.44	12.44	12.44	12.44	0
1113	2023-07-18	12.35	12.35	12.35	12.35	300
1114	2023-07-19	12.35	12.35	12.35	12.35	0
1115	2023-07-20	12.35	12.35	12.35	12.35	200
1116	2023-07-21	12.35	12.35	12.35	12.35	0
1117	2023-07-24	12.35	12.35	12.35	12.35	0
1118	2023-07-25	12.19	12.19	12.19	12.19	105
1119	2023-07-26	12.19	12.19	12.19	12.19	0
1120	2023-07-27	12.19	12.19	12.19	12.19	0
1121	2023-07-28	11.94	11.94	11.53	11.53	3300
1122	2023-07-31	11.7	11.7	11.7	11.7	0
1123	2023-08-01	11.7	11.7	11.7	11.7	0
1124	2023-08-02	11.7	11.7	11.7	11.7	0
1125	2023-08-03	11.7	11.7	11.7	11.7	0
1126	2023-08-04	12.35	12.35	12.35	12.35	100
1127	2023-08-07	12.35	12.35	12.35	12.35	0
1128	2023-08-08	12.35	12.77	12.35	12.35	3100
1129	2023-08-09	12.35	12.35	12.35	12.35	1400
1130	2023-08-10	12.35	12.35	12.35	12.35	100
1131	2023-08-11	12.35	12.35	12.35	12.35	0
1132	2023-08-14	12.77	12.77	12.77	12.77	100
1133	2023-08-15	12.77	12.77	12.77	12.77	2500
1134	2023-08-16	12.77	12.77	12.77	12.77	600
1135	2023-08-17	12.77	12.77	12.77	12.77	0
1136	2023-08-18	12.35	12.35	11.53	11.53	1000
1137	2023-08-21	12.27	12.27	12.27	12.27	0
1138	2023-08-22	12.27	12.27	12.27	12.27	0
1139	2023-08-23	12.27	12.27	12.27	12.27	0
1140	2023-08-24	12.27	12.27	12.27	12.27	0
1141	2023-08-25	12.27	12.27	12.27	12.27	0
1142	2023-08-28	12.35	12.35	12.35	12.35	1000
1143	2023-08-29	12.35	12.77	12.35	12.35	3800
1144	2023-08-30	12.35	12.35	12.35	12.35	0
1145	2023-08-31	12.35	12.35	12.35	12.35	0
1146	2023-09-05	12.35	12.35	12.35	12.35	0
1147	2023-09-06	12.77	12.77	12.77	12.77	2000
1148	2023-09-07	13.18	13.18	13.18	13.18	100
1149	2023-09-08	12.77	12.77	12.77	12.77	1000
1150	2023-09-11	12.77	12.77	12.77	12.77	0
1151	2023-09-12	12.71	13.56	12.71	13.56	601
1152	2023-09-13	13.22	13.22	13.22	13.22	0
1153	2023-09-14	13.22	13.22	13.22	13.22	0
1154	2023-09-15	13.22	13.22	13.22	13.22	0
1155	2023-09-18	13.22	13.22	13.22	13.22	0
1156	2023-09-19	13.22	13.22	13.22	13.22	0
1157	2023-09-20	12.71	12.71	12.71	12.71	800
1158	2023-09-21	12.71	12.71	12.71	12.71	0
1159	2023-09-22	12.71	12.71	12.71	12.71	0
1160	2023-09-25	12.71	12.71	12.71	12.71	0
1161	2023-09-26	12.97	12.97	11.86	11.86	200
1162	2023-09-27	12.46	12.46	12.46	12.46	0
1163	2023-09-28	12.46	12.46	12.46	12.46	0
1164	2023-09-29	12.46	12.46	12.46	12.46	0
1165	2023-10-02	12.46	12.46	12.46	12.46	0
1166	2023-10-03	12.63	12.63	12.46	12.46	4800
1167	2023-10-04	12.54	12.54	12.54	12.54	64
1168	2023-10-05	12.37	12.37	12.29	12.29	3800
1169	2023-10-06	12.37	12.37	12.37	12.37	0
1170	2023-10-09	12.37	12.37	12.37	12.37	0
1171	2023-10-10	12.37	12.37	12.37	12.37	0
1172	2023-10-11	12.37	12.37	12.37	12.37	700
1173	2023-10-12	12.37	12.37	12.37	12.37	900
1174	2023-10-13	12.37	12.37	12.37	12.37	2600
1175	2023-10-16	12.37	12.37	12.37	12.37	3400
1176	2023-10-17	12.37	12.37	12.37	12.37	0
1177	2023-10-18	12.37	12.37	12.03	12.03	3800
1178	2023-10-19	12.03	12.03	12.03	12.03	1400
1179	2023-10-20	12.03	12.03	12.03	12.03	500
1180	2023-10-23	12.03	12.03	12.03	12.03	0
1181	2023-10-24	11.86	11.86	11.78	11.78	2200
1182	2023-10-25	11.86	11.86	11.78	11.78	500
1183	2023-10-26	11.78	11.78	11.44	11.44	4700
1184	2023-10-27	11.44	11.44	11.36	11.36	1900
1185	2023-10-30	11.44	12.03	11.44	12.03	2400
1186	2023-10-31	11.36	11.44	11.36	11.44	3000
1187	2023-11-01	11.44	11.44	11.44	11.44	0
1188	2023-11-02	11.44	11.44	11.44	11.44	0
1189	2023-11-03	11.44	11.44	11.44	11.44	0
1190	2023-11-06	11.61	11.61	11.61	11.61	1000
1191	2023-11-07	11.61	11.61	11.61	11.61	0
1192	2023-11-08	11.7	11.7	11.7	11.7	3600
1193	2023-11-09	11.7	11.7	11.7	11.7	0
1194	2023-11-10	11.7	11.7	11.7	11.7	0
1195	2023-11-13	11.7	11.7	11.7	11.7	0
1196	2023-11-14	11.7	11.7	11.7	11.7	0
1197	2023-11-15	11.7	11.7	11.7	11.7	0
1198	2023-11-16	11.7	11.7	11.7	11.7	0
1199	2023-11-17	11.7	11.78	11.7	11.78	601
1200	2023-11-20	11.7	11.7	11.7	11.7	0
1201	2023-11-21	11.7	11.7	11.7	11.7	1000
1202	2023-11-22	11.7	11.7	11.7	11.7	0
1203	2023-11-23	12.29	12.29	12.29	12.29	100
1204	2023-11-24	12.29	12.29	12.29	12.29	0
1205	2023-11-27	12.29	12.29	12.29	12.29	0
1206	2023-11-28	12.29	12.29	12.29	12.29	0
1207	2023-11-29	12.29	12.29	12.29	12.29	0
1208	2023-11-30	12.29	12.29	12.29	12.29	0
1209	2023-12-01	12.29	12.29	12.29	12.29	0
1210	2023-12-04	12.29	12.29	12.29	12.29	0
1211	2023-12-05	12.29	12.29	12.29	12.29	0
1212	2023-12-06	12.29	12.29	12.29	12.29	0
1213	2023-12-07	12.29	12.29	11.78	12.29	900
1214	2023-12-08	12.12	12.12	12.12	12.12	0
1215	2023-12-11	12.12	12.12	12.12	12.12	0
1216	2023-12-12	12.12	12.12	12.12	12.12	0
1217	2023-12-13	11.95	11.95	11.7	11.7	4400
1218	2023-12-14	11.78	11.78	11.78	11.78	0
1219	2023-12-15	11.78	11.78	11.78	11.78	0
1220	2023-12-18	11.78	11.78	11.78	11.78	0
1221	2023-12-19	11.78	11.78	11.78	11.78	0
1222	2023-12-20	11.78	11.78	11.78	11.78	0
1223	2023-12-21	11.78	11.78	11.78	11.78	0
1224	2023-12-22	11.78	11.78	11.78	11.78	0
1225	2023-12-25	11.78	11.78	11.78	11.78	0
1226	2023-12-26	11.78	11.78	11.78	11.78	0
1227	2023-12-27	11.78	11.78	11.78	11.78	0
1228	2023-12-28	11.78	11.78	11.78	11.78	0
1229	2023-12-29	13.47	13.47	13.47	13.47	1000
1230	2024-01-02	13.47	13.47	13.47	13.47	0
1231	2024-01-03	13.47	13.47	13.47	13.47	0
1232	2024-01-04	15.42	15.42	15.42	15.42	100
1233	2024-01-05	15.42	15.42	15.42	15.42	0
1234	2024-01-08	15.42	15.42	15.42	15.42	0
1235	2024-01-09	15.42	15.42	15.42	15.42	0
1236	2024-01-10	15.42	15.42	15.42	15.42	0
1237	2024-01-11	15.42	15.42	15.42	15.42	0
1238	2024-01-12	15.42	15.42	15.42	15.42	0
1239	2024-01-15	15.42	15.42	15.42	15.42	0
1240	2024-01-16	14.41	14.41	14.41	14.41	1000
1241	2024-01-17	14.41	14.41	14.41	14.41	0
1242	2024-01-18	14.41	14.41	14.41	14.41	0
1243	2024-01-19	14.41	14.41	14.41	14.41	0
1244	2024-01-22	14.41	14.41	14.41	14.41	0
1245	2024-01-23	14.32	14.32	14.24	14.24	1000
1246	2024-01-24	14.24	14.24	14.24	14.24	0
1247	2024-01-25	13.98	14.15	13.98	14.07	1000
1248	2024-01-26	14.41	14.41	14.41	14.41	500
1249	2024-01-29	14.07	14.07	14.07	14.07	1100
1250	2024-01-30	14.41	14.41	14.41	14.41	350
1251	2024-01-31	12.46	12.46	12.46	12.46	100
1252	2024-02-01	14.32	14.32	14.32	14.32	200
1253	2024-02-02	14.32	14.32	14.32	14.32	0
1254	2024-02-05	16.36	16.44	16.36	16.44	200
1255	2024-02-06	16.44	16.44	16.44	16.44	0
1256	2024-02-07	16.44	16.44	16.44	16.44	0
1257	2024-02-15	16.44	16.44	16.44	16.44	0
1258	2024-02-16	16.36	16.36	16.36	16.36	250
1259	2024-02-19	16.39	16.39	16.39	16.39	0
1260	2024-02-20	16.39	16.39	16.3	16.3	2000
1261	2024-02-21	16.39	16.39	16.39	16.39	0
1262	2024-02-22	16.39	16.39	16.39	16.39	0
1263	2024-02-23	16.12	16.12	16.12	16.12	1400
1264	2024-02-26	16.12	16.12	16.12	16.12	500
1265	2024-02-27	14.51	14.51	14.33	14.33	7400
1266	2024-02-28	14.42	14.42	14.42	14.42	0
1267	2024-02-29	14.42	14.42	14.42	14.42	0
1268	2024-03-01	14.42	14.42	14.42	14.42	0
1269	2024-03-04	14.42	14.42	14.42	14.42	0
1270	2024-03-05	14.42	14.42	14.42	14.42	0
1271	2024-03-06	14.42	14.42	14.42	14.42	0
1272	2024-03-07	14.42	14.42	14.42	14.42	0
1273	2024-03-08	14.42	14.42	14.42	14.42	0
1274	2024-03-11	14.42	14.42	14.42	14.42	0
1275	2024-03-12	14.42	14.42	14.42	14.42	0
1276	2024-03-13	14.42	14.42	14.42	14.42	0
1277	2024-03-14	14.42	14.42	14.42	14.42	0
1278	2024-03-15	14.42	14.42	14.42	14.42	5
1279	2024-03-18	14.42	14.42	14.42	14.42	0
1280	2024-03-19	14.42	14.42	14.42	14.42	5
1281	2024-03-20	16.03	16.03	16.03	16.03	132
1282	2024-03-21	16.03	16.03	16.03	16.03	0
1283	2024-03-22	16.93	16.93	16.93	16.93	100
1284	2024-03-25	16.93	16.93	16.93	16.93	68
1285	2024-03-26	16.93	16.93	16.93	16.93	0
1286	2024-03-27	16.93	16.93	16.93	16.93	0
1287	2024-03-28	16.12	16.12	16.12	16.12	200
1288	2024-03-29	16.12	16.12	16.12	16.12	1600
1289	2024-04-01	16.12	16.93	16.12	16.93	300
1290	2024-04-02	16.57	16.57	16.57	16.57	145
1291	2024-04-03	16.57	16.57	16.57	16.57	2100
1292	2024-04-04	16.57	16.57	16.57	16.57	0
1293	2024-04-05	16.57	16.57	16.57	16.57	200
1294	2024-04-08	17.11	17.11	17.11	17.11	700
1295	2024-04-09	17.11	17.11	17.11	17.11	1
1296	2024-04-10	17.11	17.11	17.11	17.11	0
1297	2024-04-11	17.11	17.11	17.11	17.11	0
1298	2024-04-12	17.11	17.11	17.11	17.11	0
1299	2024-04-15	14.6	14.6	14.6	14.6	100
1300	2024-04-16	16.12	16.12	16.12	16.12	100
1301	2024-04-17	13.71	16.12	13.71	16.12	2600
1302	2024-04-19	15.85	15.85	15.85	15.85	100
1303	2024-04-22	15.85	15.85	15.85	15.85	0
1304	2024-04-23	15.85	15.85	15.85	15.85	0
1305	2024-04-24	15.85	15.85	15.85	15.85	0
1306	2024-04-25	15.85	15.85	15.85	15.85	0
1307	2024-04-26	15.23	15.23	15.23	15.23	400
1308	2024-05-02	14.33	14.33	14.33	14.33	500
1309	2024-05-03	14.33	14.33	14.33	14.33	0
1310	2024-05-06	15.23	15.23	15.23	15.23	100
1311	2024-05-07	15.23	15.23	15.23	15.23	25
1312	2024-05-08	15.23	15.23	15.23	15.23	0
1313	2024-05-09	15.23	15.23	15.23	15.23	0
1314	2024-05-10	15.23	15.23	15.23	15.23	0
1315	2024-05-13	15.23	15.23	15.23	15.23	0
1316	2024-05-14	15.32	15.32	15.23	15.23	400
1317	2024-05-15	15.23	15.23	15.23	15.23	0
1318	2024-05-16	16.57	16.57	16.57	16.57	320
1319	2024-05-17	16.57	16.57	16.57	16.57	100
1320	2024-05-20	14.6	14.6	14.6	14.6	900
1321	2024-05-21	15.68	15.68	15.68	15.68	100
1322	2024-05-22	15.68	15.68	15.68	15.68	20
1323	2024-05-23	17.47	17.47	17.47	17.47	400
1324	2024-05-24	18.81	18.81	17.47	17.47	200
1325	2024-05-27	18.18	18.18	18.18	18.18	20
1326	2024-05-28	18.18	18.18	18.18	18.18	0
1327	2024-05-29	18.18	18.18	18.18	18.18	0
1328	2024-05-30	19.8	19.8	19.8	19.8	100
1329	2024-05-31	19.8	19.8	19.8	19.8	0
1330	2024-06-03	18.81	18.81	18.81	18.81	1500
1331	2024-06-04	21.5	21.5	17.02	17.02	2300
1332	2024-06-05	18.81	18.81	18.81	18.81	105
1333	2024-06-06	18.81	18.81	18.81	18.81	0
1334	2024-06-07	18.81	19.08	18.81	19.08	625
1335	2024-06-10	18.81	18.81	18.81	18.81	100
1336	2024-06-11	18.81	18.81	18.81	18.81	0
1337	2024-06-12	18.77	18.77	18.77	18.77	0
1338	2024-06-13	18.77	18.77	18.77	18.77	0
1339	2024-06-14	18.77	18.77	18.77	18.77	31
1340	2024-06-17	18.77	18.77	18.77	18.77	0
1341	2024-06-18	18.59	18.59	18.59	18.59	400
1342	2024-06-19	17.66	17.66	17.66	17.66	150
1343	2024-06-20	18.59	18.59	18.59	18.59	100
1344	2024-06-21	18.59	18.59	18.59	18.59	0
1345	2024-06-24	18.59	18.59	18.59	18.59	0
1346	2024-06-25	18.87	18.87	18.87	18.87	100
1347	2024-06-26	18.87	18.87	18.87	18.87	800
1348	2024-06-27	18.87	18.87	18.87	18.87	0
1349	2024-06-28	16.17	16.17	16.17	16.17	500
1350	2024-07-01	16.17	16.17	16.17	16.17	0
1351	2024-07-02	18.59	18.59	18.59	18.59	500
1352	2024-07-03	18.59	18.59	18.59	18.59	0
1353	2024-07-04	15.89	15.89	15.89	15.89	500
1354	2024-07-05	18.22	18.22	18.22	18.22	200
1355	2024-07-08	18.59	18.59	18.59	18.59	500
1356	2024-07-09	18.59	18.59	18.59	18.59	0
1357	2024-07-10	15.89	15.89	15.89	15.89	200
1358	2024-07-11	15.89	15.89	15.89	15.89	0
1359	2024-07-12	18.22	18.22	18.22	18.22	300
1360	2024-07-15	18.22	18.22	18.22	18.22	0
1361	2024-07-16	18.22	18.22	18.22	18.22	0
1362	2024-07-17	18.22	18.22	18.22	18.22	0
1363	2024-07-18	17.66	18.59	17.66	18.59	800
1364	2024-07-19	18.59	18.59	18.59	18.59	300
1365	2024-07-22	17.66	18.59	17.66	18.59	1001
1366	2024-07-23	17.75	17.75	17.75	17.75	0
1367	2024-07-24	18.59	18.59	18.59	18.59	200
1368	2024-07-25	18.59	18.59	17.84	17.84	800
1369	2024-07-26	18.22	18.22	18.22	18.22	0
1370	2024-07-29	18.22	18.22	18.22	18.22	0
1371	2024-07-30	18.22	18.22	18.22	18.22	0
1372	2024-07-31	18.22	18.22	18.22	18.22	1200
1373	2024-08-01	18.22	18.22	18.22	18.22	0
1374	2024-08-02	17.66	17.66	17.66	17.66	300
1375	2024-08-05	17.19	17.19	17.19	17.19	1100
1376	2024-08-06	17.19	17.19	17.19	17.19	1500
1377	2024-08-07	17.19	17.19	17.19	17.19	700
1378	2024-08-08	17.19	17.19	17.19	17.19	0
1379	2024-08-09	17.19	17.19	17.19	17.19	1700
1380	2024-08-12	17.19	17.19	17.19	17.19	0
1381	2024-08-13	17.19	17.19	17.19	17.19	1700
1382	2024-08-14	15.99	17.94	15.99	17.94	800
1383	2024-08-15	16.26	16.26	16.26	16.26	0
1384	2024-08-16	18.5	18.5	18.5	18.5	100
1385	2024-08-19	17.84	17.84	17.84	17.84	100
1386	2024-08-20	19.42	19.42	19.42	19.42	100
1387	2024-08-21	19.05	19.05	17.66	18.59	300
1388	2024-08-22	18.4	18.4	18.22	18.22	300
1389	2024-08-23	18.31	18.31	18.31	18.31	0
1390	2024-08-26	18.03	18.03	18.03	18.03	100
1391	2024-08-27	18.03	18.03	17.94	17.94	300
1392	2024-08-28	18.03	18.03	18.03	18.03	300
1393	2024-08-29	18.03	18.03	18.03	18.03	0
1394	2024-08-30	18.03	18.03	18.03	18.03	0
1395	2024-09-04	18.03	18.03	18.03	18.03	0
1396	2024-09-05	18.22	18.22	18.22	18.22	100
1397	2024-09-06	18.22	18.22	18.22	18.22	0
1398	2024-09-09	18.22	18.22	18.22	18.22	0
1399	2024-09-10	18.22	18.22	18.22	18.22	200
1400	2024-09-11	16.73	16.73	16.36	16.36	1100
1401	2024-09-12	16.73	16.73	16.73	16.73	0
1402	2024-09-13	16.73	16.73	16.73	16.73	0
1403	2024-09-16	16.73	16.73	16.73	16.73	0
1404	2024-09-17	16.73	16.73	16.73	16.73	0
1405	2024-09-18	16.73	16.73	16.73	16.73	0
1406	2024-09-19	16.73	16.73	16.73	16.73	0
1407	2024-09-20	16.73	16.73	16.73	16.73	0
1408	2024-09-23	16.73	16.73	16.73	16.73	0
1409	2024-09-24	16.73	16.73	16.73	16.73	0
1410	2024-09-25	16.73	16.73	16.73	16.73	0
1411	2024-09-26	16.73	16.73	16.73	16.73	0
1412	2024-09-27	16.73	16.73	16.73	16.73	0
1413	2024-09-30	19.05	19.05	19.05	19.05	100
1414	2024-10-01	19.05	19.05	19.05	19.05	0
1415	2024-10-02	19.05	19.05	19.05	19.05	400
1416	2024-10-03	19.05	19.05	18.96	19.05	400
1417	2024-10-04	19.05	19.05	19.05	19.05	100
1418	2024-10-07	19.05	19.05	19.05	19.05	200
1419	2024-10-08	19.05	19.05	19.05	19.05	0
1420	2024-10-09	19.05	19.05	19.05	19.05	0
1421	2024-10-10	19.05	19.05	19.05	19.05	100
1422	2024-10-11	19.05	19.05	19.05	19.05	100
1423	2024-10-14	19.05	19.05	19.05	19.05	100
1424	2024-10-15	19.05	19.05	19.05	19.05	0
1425	2024-10-16	17.66	17.66	17.66	17.66	1000
1426	2024-10-17	19.05	19.05	19.05	19.05	100
1427	2024-10-18	19.05	19.05	19.05	19.05	200
1428	2024-10-21	18.96	18.96	18.96	18.96	100
1429	2024-10-22	18.87	18.87	18.87	18.87	600
1430	2024-10-23	18.59	18.59	18.59	18.59	201
1431	2024-10-24	18.59	18.59	18.59	18.59	0
1432	2024-10-25	18.59	18.59	18.59	18.59	0
1433	2024-10-28	18.59	18.59	18.59	18.59	100
1434	2024-10-29	18.12	18.12	17.66	17.66	200
1435	2024-10-30	17.94	17.94	17.94	17.94	0
1436	2024-10-31	17.94	17.94	17.94	17.94	0
1437	2024-11-01	17.94	17.94	17.94	17.94	0
1438	2024-11-04	17.94	17.94	17.94	17.94	100
1439	2024-11-05	18.5	18.5	17.94	17.94	200
1440	2024-11-06	20.82	20.82	18.68	18.68	200
1441	2024-11-07	19.8	19.8	19.8	19.8	0
1442	2024-11-08	19.8	19.8	19.8	19.8	0
1443	2024-11-11	19.42	19.42	17.94	17.94	300
1444	2024-11-12	18.77	18.77	18.5	18.59	700
1445	2024-11-13	18.59	18.59	18.59	18.59	0
1446	2024-11-14	21.28	21.28	18.5	18.59	500
1447	2024-11-15	18.5	18.5	18.5	18.5	300
1448	2024-11-18	18.5	18.5	18.5	18.5	0
1449	2024-11-19	21.1	21.1	21.1	21.1	100
1450	2024-11-20	17.94	17.94	17.94	17.94	800
1451	2024-11-21	17.94	17.94	17.94	17.94	0
1452	2024-11-22	17.94	17.94	17.94	17.94	0
1453	2024-11-25	17.66	17.66	17.57	17.66	1700
1454	2024-11-26	17.66	17.66	17.66	17.66	0
1455	2024-11-27	17.66	17.66	17.66	17.66	0
1456	2024-11-28	18.4	18.4	16.82	16.82	800
1457	2024-11-29	17.38	17.38	17.38	17.38	0
1458	2024-12-02	18.77	18.77	18.77	18.77	100
1459	2024-12-03	18.59	18.77	17.47	18.77	1550
1460	2024-12-04	18.77	18.77	18.77	18.77	100
1461	2024-12-05	21.47	21.47	21.47	21.47	100
1462	2024-12-06	22.21	22.21	18.59	22.03	300
1463	2024-12-09	18.59	19.05	18.59	19.05	246
1464	2024-12-10	21.56	21.56	21.56	21.56	100
1465	2024-12-11	19.33	19.33	18.59	18.59	200
1466	2024-12-12	18.96	18.96	18.96	18.96	0
1467	2024-12-13	18.59	18.59	16.82	17.01	2200
1468	2024-12-16	19.98	19.98	19.98	19.98	211
1469	2024-12-17	22.21	22.21	18.59	18.59	305
1470	2024-12-18	22.12	22.12	22.12	22.12	212
1471	2024-12-19	22.12	22.12	22.12	22.12	11
1472	2024-12-20	22.12	22.12	22.12	22.12	12
1473	2024-12-23	22.12	22.12	22.12	22.12	2
1474	2024-12-24	18.96	19.42	18.96	18.96	300
1475	2024-12-25	19.42	19.42	19.42	19.42	100
1476	2024-12-26	22.12	22.12	18.59	18.59	921
1477	2024-12-27	18.59	21.19	18.59	21.19	900
1478	2024-12-30	19.15	19.15	18.59	18.59	200
1479	2024-12-31	18.59	20.54	18.59	18.59	2400
1480	2025-01-02	20.54	20.54	20.54	20.54	200
1481	2025-01-03	20.54	20.54	20.54	20.54	0
1482	2025-01-06	20.54	20.54	20.54	20.54	8
1483	2025-01-07	23.51	23.51	19.42	19.42	300
1484	2025-01-08	22.12	22.12	22.12	22.12	12
1485	2025-01-09	25.28	25.28	18.87	19.42	801
1486	2025-01-10	23.51	23.51	18.87	19.24	1301
1487	2025-01-13	18.96	18.96	18.96	18.96	200
1488	2025-01-14	18.59	18.59	18.59	18.59	1009
1489	2025-01-15	18.59	18.59	18.59	18.59	5000
1490	2025-01-16	18.68	18.68	18.59	18.68	11000
1491	2025-01-17	18.59	19.15	18.59	19.15	6100
1492	2025-01-20	18.59	18.59	18.59	18.59	7562
1493	2025-01-21	20.35	20.35	18.59	18.59	2000
1494	2025-01-22	18.59	18.59	18.59	18.59	4400
1495	2025-01-23	20.35	20.35	18.59	18.59	2400
1496	2025-01-24	18.59	18.59	18.59	18.59	1700
1497	2025-02-03	19.15	19.15	19.15	19.15	100
1498	2025-02-04	20.17	20.17	19.42	19.42	1000
1499	2025-02-05	19.8	19.8	19.42	19.52	1300
1500	2025-02-06	18.68	19.52	18.59	19.52	1900
1501	2025-02-07	19.05	19.05	19.05	19.05	100
1502	2025-02-10	19.05	19.05	19.05	19.05	100
1503	2025-02-11	19.61	19.7	19.42	19.7	3502
1504	2025-02-12	20.45	20.45	19.15	19.15	4800
1505	2025-02-13	19.15	19.15	19.15	19.15	1000
1506	2025-02-14	19.05	19.05	19.05	19.05	400
1507	2025-02-17	18.59	21.1	18.59	19.42	600
1508	2025-02-18	18.87	18.87	18.59	18.59	2700
1509	2025-02-19	18.59	18.59	18.59	18.59	15600
1510	2025-02-20	20.82	20.82	18.59	18.59	4700
1511	2025-02-21	19.42	19.42	18.59	18.59	10605
1512	2025-02-24	18.59	18.59	18.4	18.4	11700
1513	2025-02-25	18.59	19.52	18.59	18.68	38900
1514	2025-02-26	18.87	18.87	18.87	18.87	803
1515	2025-02-27	19.05	19.05	18.96	19.05	3000
1516	2025-02-28	18.96	19.05	18.68	18.68	22972
1517	2025-03-03	19.05	19.05	18.87	18.96	13100
1518	2025-03-04	20.3	20.3	19.5	19.5	1105
1519	2025-03-05	20.0	20.0	19.2	19.2	5600
1520	2025-03-06	19.4	19.5	19.3	19.3	14800
1521	2025-03-07	19.4	19.4	19.3	19.3	10400
1522	2025-03-10	19.4	19.4	19.0	19.0	15748
1523	2025-03-11	19.0	19.3	19.0	19.3	5000
1524	2025-03-12	19.2	19.2	19.0	19.0	15305
1525	2025-03-13	19.0	19.2	19.0	19.0	6300
1526	2025-03-14	19.0	19.0	18.8	18.8	21000
1527	2025-03-17	18.9	18.9	18.4	18.5	21500
1528	2025-03-18	18.5	18.7	18.4	18.4	15700
1529	2025-03-19	18.4	18.4	18.2	18.3	11900
1530	2025-03-20	18.4	18.4	18.0	18.3	22500
1531	2025-03-21	18.0	18.1	17.9	18.0	22500
1532	2025-03-24	18.0	18.0	17.9	17.9	4300
1533	2025-03-25	17.9	18.0	17.8	18.0	3200
1534	2025-03-26	17.9	17.9	17.8	17.9	3600
1535	2025-03-27	17.7	17.9	17.5	17.9	11900
1536	2025-03-28	18.0	18.0	17.9	17.9	2200
1537	2025-03-31	17.9	18.1	17.9	18.0	18100
1538	2025-04-01	18.0	18.0	18.0	18.0	5300
