	time	open	high	low	close	volume
0	2017-07-26	10.06	10.06	7.42	8.29	13000
1	2017-07-27	8.77	9.89	8.77	9.07	3000
2	2017-07-28	9.07	9.26	9.07	9.26	1600
3	2017-07-31	9.07	9.89	9.07	9.89	10800
4	2017-08-01	9.4	9.64	9.4	9.64	2100
5	2017-08-02	9.56	9.58	9.56	9.56	13000
6	2017-08-03	9.64	10.45	9.56	10.45	10300
7	2017-08-04	10.53	11.59	10.53	11.59	26300
8	2017-08-07	11.37	12.36	11.13	11.87	2200
9	2017-08-08	12.12	12.36	11.54	11.54	8400
10	2017-08-09	11.62	11.95	11.56	11.56	11200
11	2017-08-10	12.53	12.53	11.54	11.56	3700
12	2017-08-11	11.56	11.56	11.54	11.56	3000
13	2017-08-14	11.57	11.87	11.57	11.7	9000
14	2017-08-15	11.7	11.79	11.7	11.79	7400
15	2017-08-16	11.79	11.79	11.7	11.7	3700
16	2017-08-17	11.75	11.75	11.75	11.75	0
17	2017-08-18	11.54	11.54	11.54	11.54	1000
18	2017-08-21	11.54	11.54	11.21	11.21	1500
19	2017-08-22	11.21	11.21	11.04	11.21	2900
20	2017-08-23	11.16	11.16	11.16	11.16	0
21	2017-08-24	11.16	11.16	11.16	11.16	0
22	2017-08-25	10.71	10.71	10.38	10.47	2700
23	2017-08-28	10.38	10.55	10.38	10.55	1100
24	2017-08-29	10.63	10.63	10.63	10.63	200
25	2017-08-30	10.63	10.63	10.63	10.63	0
26	2017-08-31	9.05	10.71	9.05	10.55	700
27	2017-09-01	10.71	10.71	10.38	10.38	3300
28	2017-09-05	10.4	10.4	10.38	10.38	2000
29	2017-09-06	8.84	10.71	8.84	10.71	300
30	2017-09-07	9.91	9.91	9.89	9.89	600
31	2017-09-08	9.89	9.89	9.89	9.89	0
32	2017-09-11	10.06	10.07	10.06	10.06	500
33	2017-09-12	10.04	10.04	10.04	10.04	5300
34	2017-09-13	10.09	10.09	10.09	10.09	600
35	2017-09-14	10.09	10.09	10.09	10.09	0
36	2017-09-15	9.89	9.89	9.89	9.89	300
37	2017-09-18	9.89	9.89	9.89	9.89	4100
38	2017-09-19	9.89	9.89	9.89	9.89	300
39	2017-09-20	9.89	9.89	9.89	9.89	2300
40	2017-09-21	9.89	9.89	9.89	9.89	1000
41	2017-09-22	9.89	9.89	9.89	9.89	2300
42	2017-09-25	9.89	9.89	9.89	9.89	7500
43	2017-09-26	9.89	9.89	9.89	9.89	2300
44	2017-09-27	11.21	11.21	9.91	9.91	200
45	2017-09-28	10.06	10.06	9.89	9.89	3700
46	2017-09-29	9.91	9.92	9.91	9.92	2700
47	2017-10-02	9.91	9.91	9.91	9.91	0
48	2017-10-03	8.42	10.06	8.42	10.06	200
49	2017-10-04	9.91	9.91	9.91	9.91	200
50	2017-10-05	9.91	9.91	9.91	9.91	200
51	2017-10-06	11.21	11.21	9.94	9.94	200
52	2017-10-09	9.07	10.22	9.07	10.22	200
53	2017-10-10	11.08	11.08	9.97	9.97	1500
54	2017-10-11	9.97	9.97	9.97	9.97	700
55	2017-10-12	9.97	10.06	9.97	9.99	4000
56	2017-10-13	10.06	10.06	10.06	10.06	1000
57	2017-10-16	10.07	10.22	10.07	10.22	500
58	2017-10-17	10.22	10.25	10.22	10.22	2600
59	2017-10-18	10.22	10.22	10.22	10.22	2200
60	2017-10-19	10.22	10.3	10.22	10.3	1200
61	2017-10-20	10.3	10.37	10.22	10.22	2400
62	2017-10-23	10.22	10.22	10.22	10.22	2600
63	2017-10-24	9.13	10.06	9.13	10.06	200
64	2017-10-25	9.73	9.73	9.73	9.73	400
65	2017-10-26	9.89	9.89	9.89	9.89	600
66	2017-10-27	9.89	10.06	9.89	10.06	2100
67	2017-10-30	10.06	10.06	10.06	10.06	1700
68	2017-10-31	10.06	10.06	10.06	10.06	500
69	2017-11-01	10.06	10.06	10.06	10.06	0
70	2017-11-02	10.06	10.06	10.06	10.06	0
71	2017-11-03	8.56	10.06	8.56	10.06	2900
72	2017-11-06	10.06	10.47	10.06	10.47	2200
73	2017-11-07	10.55	10.55	10.47	10.55	1300
74	2017-11-08	10.55	10.55	10.55	10.55	600
75	2017-11-09	10.55	10.63	10.55	10.63	3000
76	2017-11-10	10.58	11.21	10.58	11.21	6100
77	2017-11-13	10.8	10.8	10.8	10.8	200
78	2017-11-14	11.21	11.21	11.21	11.21	900
79	2017-11-15	11.21	11.21	11.21	11.21	400
80	2017-11-16	9.53	11.54	9.53	11.54	200
81	2017-11-17	12.03	12.03	12.03	12.03	100
82	2017-11-20	10.25	10.27	10.24	10.25	1000
83	2017-11-21	10.25	10.25	10.25	10.25	0
84	2017-11-22	10.3	10.3	10.3	10.3	100
85	2017-11-23	11.6	11.6	11.6	11.6	100
86	2017-11-24	10.34	10.88	10.34	10.88	200
87	2017-11-27	10.38	10.38	10.38	10.38	100
88	2017-11-28	10.71	10.71	10.71	10.71	100
89	2017-11-29	10.38	10.38	10.38	10.38	200
90	2017-11-30	10.38	10.38	10.38	10.38	200
91	2017-12-01	10.55	10.71	10.55	10.71	3000
92	2017-12-04	10.76	10.76	10.76	10.76	2000
93	2017-12-05	10.6	10.6	10.43	10.43	2000
94	2017-12-06	10.71	10.71	10.71	10.71	2700
95	2017-12-07	10.71	10.71	10.71	10.71	2100
96	2017-12-08	10.71	10.71	10.71	10.71	400
97	2017-12-11	9.13	9.13	9.13	9.13	100
98	2017-12-12	10.06	10.06	10.06	10.06	100
99	2017-12-13	10.71	10.85	10.71	10.85	6700
100	2017-12-14	10.85	10.96	10.85	10.96	5300
101	2017-12-15	10.9	10.9	10.9	10.9	0
102	2017-12-18	10.9	10.9	10.9	10.9	0
103	2017-12-19	11.54	11.54	10.88	10.88	2300
104	2017-12-20	11.21	11.21	11.19	11.21	1900
105	2017-12-21	11.21	11.21	11.21	11.21	900
106	2017-12-22	11.21	11.21	10.71	11.21	1200
107	2017-12-25	10.95	10.95	10.95	10.95	0
108	2017-12-26	10.95	10.95	10.95	10.95	0
109	2017-12-27	11.24	11.24	11.21	11.21	600
110	2017-12-28	11.21	11.21	11.21	11.21	5000
111	2017-12-29	11.21	11.21	11.21	11.21	1000
112	2018-01-02	11.29	11.29	11.29	11.29	400
113	2018-01-03	11.37	11.37	11.37	11.37	500
114	2018-01-04	11.54	11.54	11.37	11.37	1400
115	2018-01-05	11.42	11.46	11.42	11.46	1300
116	2018-01-08	11.54	11.54	11.52	11.54	600
117	2018-01-09	11.54	11.54	11.54	11.54	300
118	2018-01-10	10.06	10.06	10.06	10.06	100
119	2018-01-11	10.71	10.71	10.71	10.71	800
120	2018-01-12	11.89	11.89	11.89	11.89	100
121	2018-01-15	10.11	11.92	10.11	11.75	300
122	2018-01-16	11.27	11.84	11.27	11.84	1600
123	2018-01-17	11.84	11.84	11.84	11.84	800
124	2018-01-18	11.75	11.75	11.75	11.75	200
125	2018-01-19	11.75	11.75	11.75	11.75	1200
126	2018-01-22	11.92	11.92	11.92	11.92	2600
127	2018-01-23	12.1	12.1	12.06	12.08	1300
128	2018-01-24	12.1	12.1	12.1	12.1	2000
129	2018-01-25	12.1	12.1	12.1	12.1	1700
130	2018-01-26	12.1	12.1	12.1	12.1	600
131	2018-01-29	10.28	10.28	10.28	10.28	100
132	2018-01-30	11.82	11.82	11.82	11.82	3400
133	2018-01-31	11.82	11.82	11.82	11.82	0
134	2018-02-01	12.1	12.1	12.1	12.1	500
135	2018-02-02	10.28	13.48	10.28	12.96	900
136	2018-02-05	12.96	12.96	12.96	12.96	400
137	2018-02-06	12.96	12.96	12.96	12.96	0
138	2018-02-07	12.96	12.96	12.96	12.96	0
139	2018-02-08	11.08	11.08	11.08	11.08	100
140	2018-02-09	12.7	12.7	12.7	12.7	100
141	2018-02-12	10.8	14.57	10.8	14.57	2200
142	2018-02-13	12.46	12.46	12.44	12.44	1200
143	2018-02-21	12.44	12.44	12.44	12.44	0
144	2018-02-22	12.44	12.44	12.44	12.44	0
145	2018-02-23	12.44	12.44	12.44	12.44	0
146	2018-02-26	12.1	12.1	12.1	12.1	100
147	2018-02-27	11.92	11.92	11.92	11.92	300
148	2018-02-28	11.92	11.92	11.92	11.92	300
149	2018-03-01	11.92	11.92	11.92	11.92	0
150	2018-03-02	12.27	12.75	12.27	12.75	200
151	2018-03-05	12.34	12.34	12.34	12.34	100
152	2018-03-06	12.27	12.27	12.27	12.27	400
153	2018-03-07	12.27	12.93	12.27	12.93	400
154	2018-03-08	10.82	10.82	10.82	10.82	100
155	2018-03-09	12.43	12.43	12.43	12.43	100
156	2018-03-12	11.01	12.91	11.01	12.91	300
157	2018-03-13	11.08	11.08	11.08	11.08	100
158	2018-03-14	12.6	12.62	12.6	12.62	200
159	2018-03-15	11.1	11.1	11.1	11.1	100
160	2018-03-16	12.74	12.74	12.74	12.74	200
161	2018-03-19	11.34	12.96	11.34	12.96	2200
162	2018-03-20	12.69	12.88	12.69	12.86	1500
163	2018-03-21	11.51	13.2	11.51	13.2	400
164	2018-03-22	13.27	13.31	13.27	13.31	2900
165	2018-03-23	13.31	13.31	13.27	13.27	1500
166	2018-03-26	12.12	13.81	12.12	13.81	400
167	2018-03-27	13.62	13.62	13.62	13.62	100
168	2018-03-28	12.12	15.64	12.12	15.55	300
169	2018-03-29	12.27	12.96	12.27	12.96	200
170	2018-03-30	13.83	13.83	13.83	13.83	200
171	2018-04-02	15.69	15.69	15.69	15.69	100
172	2018-04-03	13.34	18.03	13.34	18.03	1300
173	2018-04-04	13.34	13.34	13.34	13.34	400
174	2018-04-05	13.34	13.34	13.34	13.34	0
175	2018-04-06	15.17	15.17	15.17	15.17	100
176	2018-04-09	12.91	12.93	12.91	12.93	200
177	2018-04-10	12.93	12.93	12.93	12.93	16000
178	2018-04-11	12.93	12.96	12.93	12.96	600
179	2018-04-12	11.16	11.16	11.16	11.16	100
180	2018-04-13	11.16	11.16	11.16	11.16	0
181	2018-04-16	12.82	12.82	12.82	12.82	300
182	2018-04-17	12.82	12.82	12.82	12.82	0
183	2018-04-18	13.06	14.71	13.06	14.71	400
184	2018-04-19	13.13	13.2	13.13	13.2	2000
185	2018-04-20	13.16	13.16	13.16	13.16	0
186	2018-04-23	13.16	13.16	13.16	13.16	0
187	2018-04-24	13.16	13.16	13.16	13.16	0
188	2018-04-26	13.38	13.38	13.38	13.38	400
189	2018-04-27	13.38	13.38	13.38	13.38	0
190	2018-05-02	13.38	13.38	13.38	13.38	0
191	2018-05-03	13.38	13.38	13.38	13.38	100
192	2018-05-04	13.38	13.38	13.38	13.38	0
193	2018-05-07	13.55	13.55	13.55	13.55	100
194	2018-05-08	13.55	13.55	13.55	13.55	0
195	2018-05-09	15.48	15.48	15.48	15.48	100
196	2018-05-10	13.18	13.38	13.18	13.38	600
197	2018-05-11	13.55	13.55	13.38	13.38	500
198	2018-05-14	13.52	13.52	13.52	13.52	0
199	2018-05-15	11.88	13.38	11.88	13.38	200
200	2018-05-16	12.63	12.63	12.63	12.63	0
201	2018-05-17	13.38	13.38	13.38	13.38	800
202	2018-05-18	13.27	13.27	13.27	13.27	100
203	2018-05-21	11.88	11.88	11.88	11.88	100
204	2018-05-22	11.88	11.88	11.88	11.88	0
205	2018-05-23	11.88	11.88	11.88	11.88	0
206	2018-05-24	13.27	13.36	13.27	13.36	600
207	2018-05-25	13.34	13.34	13.34	13.34	0
208	2018-05-28	12.7	13.18	12.66	12.68	3100
209	2018-05-29	13.55	13.55	13.55	13.55	1000
210	2018-05-30	13.64	13.64	13.64	13.64	1000
211	2018-05-31	13.64	13.64	13.64	13.64	100
212	2018-06-01	11.88	11.88	11.88	11.88	100
213	2018-06-04	11.88	11.88	11.88	11.88	0
214	2018-06-05	11.88	11.88	11.88	11.88	0
215	2018-06-06	11.88	11.88	11.88	11.88	0
216	2018-06-07	12.41	12.41	12.41	12.41	100
217	2018-06-08	13.38	13.38	13.38	13.38	500
218	2018-06-11	13.38	13.38	13.38	13.38	100
219	2018-06-12	11.66	11.66	11.66	11.66	100
220	2018-06-13	11.66	11.66	11.66	11.66	0
221	2018-06-14	11.66	11.66	11.66	11.66	0
222	2018-06-15	11.66	11.66	11.66	11.66	0
223	2018-06-18	13.09	13.09	13.09	13.09	100
224	2018-06-19	13.09	13.09	13.09	13.09	0
225	2018-06-20	13.73	14.07	13.73	14.07	700
226	2018-06-21	11.86	11.86	11.86	11.86	100
227	2018-06-22	11.86	11.86	11.86	11.86	0
228	2018-06-25	10.52	10.52	10.52	10.52	100
229	2018-06-26	12.07	12.07	10.92	10.92	200
230	2018-06-27	13.2	13.2	13.2	13.2	100
231	2018-06-28	11.79	13.38	11.79	13.38	200
232	2018-06-29	12.66	12.66	12.66	12.66	100
233	2018-07-02	12.66	12.66	12.66	12.66	0
234	2018-07-03	11.7	13.36	11.7	13.36	200
235	2018-07-04	11.7	11.7	11.7	11.7	100
236	2018-07-05	13.43	13.45	13.43	13.45	400
237	2018-07-06	11.91	13.36	11.91	13.36	200
238	2018-07-09	13.36	13.36	13.36	13.36	100
239	2018-07-10	13.36	13.36	13.36	13.36	0
240	2018-07-11	11.95	13.38	11.95	13.38	200
241	2018-07-12	12.07	12.07	12.07	12.07	100
242	2018-07-13	12.07	12.07	12.07	12.07	0
243	2018-07-16	13.47	13.47	13.47	13.47	100
244	2018-07-17	13.36	13.36	13.36	13.36	100
245	2018-07-18	12.15	12.15	12.15	12.15	100
246	2018-07-19	12.15	12.15	12.15	12.15	0
247	2018-07-20	12.15	12.15	12.15	12.15	0
248	2018-07-23	13.36	13.36	13.36	0.0	100
249	2018-07-24	12.15	12.15	12.15	12.15	100
250	2018-07-25	12.15	12.15	12.15	12.15	0
251	2018-07-26	12.15	12.15	12.15	12.15	0
252	2018-07-27	13.36	13.36	13.36	13.36	100
253	2018-07-30	13.36	13.36	13.36	13.36	0
254	2018-07-31	15.34	15.34	14.07	14.07	600
255	2018-08-01	14.09	14.09	13.38	13.38	400
256	2018-08-02	12.48	12.48	12.48	12.48	100
257	2018-08-03	12.48	12.48	12.48	12.48	0
258	2018-08-06	12.48	12.48	12.48	12.48	0
259	2018-08-07	12.48	12.48	12.48	12.48	0
260	2018-08-08	12.48	12.48	12.48	12.48	0
261	2018-08-09	12.48	12.48	12.48	12.48	0
262	2018-08-10	12.48	12.48	12.48	12.48	0
263	2018-08-13	12.48	12.48	12.48	12.48	0
264	2018-08-14	12.48	12.48	12.48	12.48	0
265	2018-08-15	14.32	14.36	14.32	14.36	34300
266	2018-08-16	14.36	14.36	14.36	14.36	600
267	2018-08-17	14.36	14.36	14.36	14.36	700
268	2018-08-20	15.16	16.5	15.16	16.5	2100
269	2018-08-21	17.82	18.87	17.82	18.01	6200
270	2018-08-22	18.19	21.05	18.19	21.05	200
271	2018-08-23	18.01	20.51	18.01	20.51	200
272	2018-08-24	19.62	19.62	19.62	19.62	400
273	2018-08-27	16.73	16.77	16.73	16.73	500
274	2018-08-28	18.91	18.91	18.91	18.91	2600
275	2018-08-29	16.12	19.98	16.12	19.62	4300
276	2018-08-30	19.62	20.69	19.62	20.69	3800
277	2018-08-31	20.97	21.4	20.97	21.4	5100
278	2018-09-04	21.05	21.05	21.05	21.05	600
279	2018-09-05	17.91	21.37	17.91	21.37	200
280	2018-09-06	16.77	20.69	16.77	19.26	700
281	2018-09-07	17.12	17.12	17.12	17.12	100
282	2018-09-10	19.62	19.62	18.55	19.62	700
283	2018-09-11	19.58	19.58	19.58	19.58	100
284	2018-09-12	19.58	19.58	19.58	19.58	100
285	2018-09-13	17.12	19.98	17.12	19.98	300
286	2018-09-14	17.12	19.62	17.12	19.62	400
287	2018-09-17	17.12	18.55	17.12	18.55	300
288	2018-09-18	17.12	18.73	17.12	18.73	600
289	2018-09-19	18.19	18.19	18.19	18.19	100
290	2018-09-20	18.55	18.55	18.19	18.19	1100
291	2018-09-21	18.33	18.51	18.19	18.37	2800
292	2018-09-24	18.37	18.37	18.37	18.37	200
293	2018-09-25	18.91	18.91	18.91	18.91	1000
294	2018-09-26	18.91	19.4	17.12	19.4	2400
295	2018-09-27	18.55	18.55	18.55	18.55	300
296	2018-09-28	17.84	18.55	17.84	18.55	6500
297	2018-10-01	18.55	18.55	18.55	18.55	3200
298	2018-10-02	16.62	16.62	16.62	16.62	100
299	2018-10-03	18.66	18.66	18.66	18.66	100
300	2018-10-04	17.12	18.62	17.12	18.62	300
301	2018-10-05	18.37	18.37	18.19	18.19	7100
302	2018-10-08	18.37	18.37	18.37	18.37	2000
303	2018-10-09	18.37	18.37	18.37	18.37	1000
304	2018-10-10	18.37	18.37	18.37	18.37	2000
305	2018-10-11	18.37	18.37	18.19	18.19	2400
306	2018-10-12	18.19	18.19	18.19	18.19	2200
307	2018-10-15	18.19	18.19	18.19	18.19	200
308	2018-10-16	18.37	18.37	18.37	18.37	500
309	2018-10-17	18.55	18.55	18.55	18.55	1200
310	2018-10-18	18.55	18.55	17.84	17.84	2300
311	2018-10-19	18.55	18.55	18.55	18.55	1300
312	2018-10-22	18.55	18.55	18.55	18.55	0
313	2018-10-23	18.55	18.55	18.55	18.55	0
314	2018-10-24	18.55	18.55	18.55	18.55	0
315	2018-10-25	18.55	18.55	16.44	16.44	1200
316	2018-10-26	18.37	18.37	18.37	18.37	0
317	2018-10-29	16.44	18.19	16.09	16.09	300
318	2018-10-30	18.37	18.37	18.37	18.37	600
319	2018-10-31	16.27	18.55	16.27	18.55	200
320	2018-11-01	16.27	18.55	16.27	18.55	200
321	2018-11-02	18.26	18.26	18.26	18.26	100
322	2018-11-05	18.23	18.37	17.44	17.44	1100
323	2018-11-06	17.94	17.94	17.94	17.94	0
324	2018-11-07	17.94	17.94	17.94	17.94	0
325	2018-11-08	16.48	16.48	16.48	16.48	100
326	2018-11-09	16.48	16.48	16.48	16.48	0
327	2018-11-12	16.77	16.77	16.48	16.48	1800
328	2018-11-13	16.55	16.55	16.55	16.55	0
329	2018-11-14	16.55	16.55	16.55	16.55	0
330	2018-11-15	16.55	16.55	16.55	16.55	0
331	2018-11-16	16.55	16.55	16.55	16.55	0
332	2018-11-19	16.55	16.55	16.55	16.55	0
333	2018-11-20	14.87	18.23	14.87	18.23	200
334	2018-11-21	15.02	15.02	15.02	15.02	100
335	2018-11-22	17.23	17.23	17.23	17.23	100
336	2018-11-23	15.34	15.34	15.34	15.34	100
337	2018-11-26	15.34	15.34	15.34	15.34	0
338	2018-11-27	17.37	17.37	17.37	17.37	100
339	2018-11-28	15.55	15.55	15.55	15.55	100
340	2018-11-29	15.55	15.55	15.55	15.55	0
341	2018-11-30	14.48	15.23	14.48	15.23	200
342	2018-12-03	14.87	15.23	15.23	15.23	0
343	2018-12-04	16.91	16.91	16.91	16.91	100
344	2018-12-05	15.23	15.23	15.23	15.23	100
345	2018-12-06	15.23	15.23	15.23	15.23	0
346	2018-12-07	15.23	15.23	15.23	15.23	0
347	2018-12-10	16.05	16.05	16.05	16.05	100
348	2018-12-11	14.52	14.52	14.52	14.52	100
349	2018-12-12	16.52	16.55	16.52	16.55	200
350	2018-12-13	15.09	15.09	15.09	15.09	100
351	2018-12-14	15.2	15.2	15.09	15.16	800
352	2018-12-17	15.12	15.16	15.16	15.16	0
353	2018-12-18	15.12	15.16	15.16	15.16	0
354	2018-12-19	15.12	15.16	15.16	15.16	0
355	2018-12-20	15.12	15.16	15.16	15.16	0
356	2018-12-21	15.12	15.16	15.16	15.16	0
357	2018-12-24	15.12	15.16	15.16	15.16	0
358	2018-12-25	16.05	16.05	16.05	16.05	100
359	2018-12-26	14.38	16.05	14.38	16.05	300
360	2018-12-27	14.48	16.37	14.48	16.37	400
361	2018-12-28	15.3	18.12	15.02	18.12	1200
362	2019-01-02	15.45	15.45	15.41	15.41	700
363	2019-01-03	15.45	15.45	15.34	15.37	2900
364	2019-01-04	15.41	15.37	15.37	15.37	0
365	2019-01-07	15.41	15.37	15.37	15.37	0
366	2019-01-08	15.45	15.45	15.45	15.45	1200
367	2019-01-09	15.45	15.45	15.45	15.45	0
368	2019-01-10	15.7	15.7	15.7	15.7	100
369	2019-01-11	15.7	15.7	15.7	15.7	0
370	2019-01-14	15.7	15.7	15.7	15.7	0
371	2019-01-15	15.7	15.7	15.7	15.7	100
372	2019-01-16	15.7	15.7	15.7	15.7	0
373	2019-01-17	15.45	15.45	15.45	15.45	100
374	2019-01-18	15.45	15.45	15.45	15.45	0
375	2019-01-21	15.45	15.45	15.45	15.45	0
376	2019-01-22	16.05	16.05	16.05	16.05	700
377	2019-01-23	16.05	16.05	16.05	16.05	400
378	2019-01-24	15.87	15.87	14.27	14.27	1400
379	2019-01-25	14.48	14.98	14.48	14.52	1400
380	2019-01-28	14.62	14.52	14.52	14.52	0
381	2019-01-29	14.62	14.52	14.52	14.52	0
382	2019-01-30	14.62	14.52	14.52	14.52	0
383	2019-01-31	14.62	14.52	14.52	14.52	0
384	2019-02-01	14.62	14.52	14.52	14.52	0
385	2019-02-11	14.62	14.52	14.52	14.52	0
386	2019-02-12	15.62	15.62	15.62	15.62	200
387	2019-02-13	14.55	14.55	14.55	14.55	100
388	2019-02-14	14.62	14.98	13.98	14.98	1500
389	2019-02-15	14.66	14.66	14.55	14.55	1800
390	2019-02-18	14.62	14.8	14.27	14.8	3900
391	2019-02-19	14.98	14.98	14.27	14.98	4400
392	2019-02-20	14.62	14.62	14.62	14.62	100
393	2019-02-21	14.62	14.62	14.62	14.62	0
394	2019-02-22	15.16	15.16	14.62	14.62	2600
395	2019-02-25	14.77	14.77	14.62	14.62	2100
396	2019-02-26	15.16	15.16	15.16	15.16	400
397	2019-02-27	15.34	15.34	15.34	15.34	900
398	2019-02-28	15.37	15.37	15.34	15.34	1900
399	2019-03-01	15.34	15.34	15.34	15.34	900
400	2019-03-04	15.34	15.52	15.34	15.52	2100
401	2019-03-05	15.37	15.52	15.52	15.52	0
402	2019-03-06	15.52	17.48	15.52	15.7	8200
403	2019-03-07	15.77	16.05	15.77	15.87	1200
404	2019-03-08	16.05	16.69	16.05	16.69	4000
405	2019-03-11	16.44	16.84	16.44	16.77	3800
406	2019-03-12	16.73	16.8	16.69	16.8	1100
407	2019-03-13	16.73	16.73	16.69	16.69	700
408	2019-03-14	16.69	17.12	16.69	17.12	900
409	2019-03-15	16.77	16.77	16.77	16.77	1600
410	2019-03-18	16.77	17.48	16.77	17.48	2800
411	2019-03-19	17.48	17.48	16.8	16.8	5400
412	2019-03-20	17.12	17.12	17.12	17.12	3200
413	2019-03-21	17.3	17.59	17.3	17.48	3500
414	2019-03-22	17.3	17.34	17.3	17.3	4000
415	2019-03-25	17.34	17.66	17.34	17.37	4800
416	2019-03-26	17.48	17.48	17.37	17.37	7100
417	2019-03-27	17.48	17.48	17.37	17.37	8500
418	2019-03-28	17.7	17.7	17.48	17.48	6500
419	2019-03-29	17.48	17.48	17.29	17.29	3000
420	2019-04-01	14.85	16.58	14.85	16.54	5100
421	2019-04-02	16.5	16.54	16.54	16.54	0
422	2019-04-03	15.71	15.71	15.71	15.71	100
423	2019-04-04	17.03	17.03	17.03	17.03	1000
424	2019-04-05	17.03	17.03	17.03	17.03	1000
425	2019-04-08	17.03	17.03	17.03	17.03	0
426	2019-04-09	17.1	17.1	17.1	17.1	1500
427	2019-04-10	17.1	17.1	17.1	17.1	2500
428	2019-04-11	17.1	17.1	17.1	17.1	3600
429	2019-04-12	17.1	17.1	17.1	17.1	3700
430	2019-04-16	17.1	17.1	16.91	16.91	2800
431	2019-04-17	16.91	16.91	16.91	16.91	3600
432	2019-04-18	16.91	16.91	16.91	16.91	2100
433	2019-04-19	16.91	16.91	16.91	16.91	4400
434	2019-04-22	16.91	16.91	16.91	16.91	1900
435	2019-04-23	16.91	16.91	16.54	16.76	6900
436	2019-04-24	16.69	16.76	16.76	16.76	0
437	2019-04-25	14.21	14.21	14.21	14.21	100
438	2019-04-26	16.24	16.24	16.24	16.24	100
439	2019-05-02	16.24	16.24	16.24	16.24	0
440	2019-05-03	16.24	16.24	16.24	16.24	700
441	2019-05-06	16.24	16.24	16.24	16.24	1200
442	2019-05-07	16.24	16.24	16.24	16.24	600
443	2019-05-08	16.24	16.24	16.24	16.24	400
444	2019-05-09	16.16	16.16	16.16	16.16	1000
445	2019-05-10	13.76	16.13	13.76	16.13	2600
446	2019-05-13	13.64	17.1	13.64	17.1	200
447	2019-05-14	14.88	14.88	14.88	14.88	100
448	2019-05-15	14.7	16.09	14.7	15.79	1900
449	2019-05-16	15.79	15.79	15.79	15.79	5000
450	2019-05-17	16.13	16.24	15.79	15.79	1000
451	2019-05-20	16.54	16.54	16.54	16.54	1900
452	2019-05-21	15.07	15.07	15.07	15.07	100
453	2019-05-22	16.16	16.16	15.97	15.97	700
454	2019-05-23	16.01	15.97	15.97	15.97	0
455	2019-05-24	16.01	15.97	15.97	15.97	0
456	2019-05-27	13.64	16.13	13.64	16.13	200
457	2019-05-28	14.88	16.13	16.13	16.13	0
458	2019-05-29	14.88	16.13	16.13	16.13	0
459	2019-05-30	15.97	15.97	15.97	15.97	100
460	2019-05-31	15.97	15.97	15.97	15.97	0
461	2019-06-03	15.97	15.97	15.97	15.97	0
462	2019-06-04	14.32	14.32	14.32	14.32	100
463	2019-06-05	14.32	14.32	14.32	14.32	0
464	2019-06-06	14.32	14.32	14.32	14.32	0
465	2019-06-07	14.32	14.32	14.32	14.32	0
466	2019-06-10	14.32	14.32	14.32	14.32	0
467	2019-06-11	14.32	14.32	14.32	14.32	0
468	2019-06-12	14.32	14.32	14.32	14.32	0
469	2019-06-13	14.32	14.32	14.32	14.32	0
470	2019-06-14	14.32	14.32	14.32	14.32	0
471	2019-06-17	14.32	14.32	14.32	14.32	0
472	2019-06-18	15.45	15.45	15.41	15.41	1000
473	2019-06-19	15.41	15.41	15.41	15.41	0
474	2019-06-20	15.41	15.41	15.41	15.41	0
475	2019-06-21	15.41	15.41	15.41	15.41	0
476	2019-06-24	15.41	15.41	15.41	15.41	0
477	2019-06-25	15.41	15.41	15.41	15.41	0
478	2019-06-26	15.79	15.79	15.79	15.79	1200
479	2019-06-27	15.79	15.79	15.79	15.79	600
480	2019-06-28	14.7	14.7	14.7	14.7	100
481	2019-07-01	14.7	14.7	14.7	14.7	0
482	2019-07-02	15.79	15.79	15.79	15.79	100
483	2019-07-03	13.42	15.71	13.42	15.71	300
484	2019-07-04	15.71	15.71	15.71	14.92	1000
485	2019-07-05	15.79	15.79	15.71	15.71	1500
486	2019-07-08	14.77	14.77	14.77	14.77	100
487	2019-07-09	15.6	15.79	15.6	15.79	2100
488	2019-07-10	15.82	15.82	15.79	15.79	2500
489	2019-07-11	15.86	15.86	15.79	15.79	1800
490	2019-07-12	15.79	15.79	15.79	15.79	100
491	2019-07-15	15.79	15.79	15.79	15.79	0
492	2019-07-16	15.79	15.79	15.79	15.79	0
493	2019-07-17	15.79	15.79	15.79	15.79	0
494	2019-07-18	15.79	15.79	15.79	15.79	900
495	2019-07-19	15.79	15.79	15.79	15.79	800
496	2019-07-22	15.79	15.79	15.79	15.79	500
497	2019-07-23	15.79	15.79	15.79	15.79	0
498	2019-07-24	15.79	15.79	15.79	15.79	0
499	2019-07-25	15.82	15.82	15.79	15.79	700
500	2019-07-26	15.79	15.79	15.79	15.79	0
501	2019-07-29	15.79	15.79	15.79	15.79	1200
502	2019-07-30	15.79	15.79	15.79	15.79	0
503	2019-07-31	15.79	15.79	15.79	15.79	200
504	2019-08-01	15.79	15.79	15.79	15.79	0
505	2019-08-02	15.79	15.79	15.79	15.79	0
506	2019-08-05	15.79	15.79	15.79	15.79	0
507	2019-08-06	15.79	15.79	15.79	15.79	0
508	2019-08-07	15.79	15.79	15.79	15.79	0
509	2019-08-08	15.79	15.79	15.79	15.79	0
510	2019-08-09	15.79	15.79	15.79	15.79	0
511	2019-08-12	16.16	16.16	16.16	16.16	100
512	2019-08-13	16.16	16.16	16.16	16.16	0
513	2019-08-14	16.16	16.16	16.16	16.16	0
514	2019-08-15	16.16	16.16	16.16	16.16	0
515	2019-08-16	16.16	16.16	16.16	16.16	0
516	2019-08-19	16.16	16.16	16.16	16.16	0
517	2019-08-20	16.16	16.16	16.16	16.16	0
518	2019-08-21	16.16	16.16	16.16	16.16	0
519	2019-08-22	16.16	16.16	16.16	16.16	500
520	2019-08-23	16.16	16.16	16.16	16.16	0
521	2019-08-26	16.16	16.16	16.16	16.16	0
522	2019-08-27	16.16	16.16	16.16	16.16	400
523	2019-08-28	16.16	16.16	16.16	16.16	600
524	2019-08-29	16.16	16.16	16.16	16.16	0
525	2019-08-30	16.16	16.16	16.16	16.16	0
526	2019-09-03	16.16	16.16	16.16	16.16	0
527	2019-09-04	16.16	16.16	16.16	16.16	0
528	2019-09-05	16.16	16.16	16.16	16.16	0
529	2019-09-06	16.16	16.16	16.16	16.16	0
530	2019-09-09	16.16	16.16	16.16	16.16	0
531	2019-09-10	16.91	16.91	16.88	16.88	1100
532	2019-09-11	17.19	17.19	17.19	17.19	1000
533	2019-09-12	17.19	17.19	17.19	17.19	0
534	2019-09-13	17.19	17.19	17.19	17.19	0
535	2019-09-16	17.19	17.19	17.19	17.19	0
536	2019-09-17	17.19	17.19	17.19	17.19	0
537	2019-09-18	17.19	17.19	17.19	17.19	0
538	2019-09-19	17.19	17.19	17.19	17.19	0
539	2019-09-20	17.19	17.19	17.19	17.19	0
540	2019-09-23	17.19	17.19	17.19	17.19	0
541	2019-09-24	17.19	17.19	17.19	17.19	0
542	2019-09-25	17.19	17.19	17.19	17.19	0
543	2019-09-26	17.19	17.19	17.19	17.19	0
544	2019-09-27	17.19	17.19	17.19	17.19	0
545	2019-09-30	17.19	17.19	17.19	17.19	0
546	2019-10-01	17.19	17.19	17.19	17.19	0
547	2019-10-02	17.19	17.19	17.19	17.19	5000
548	2019-10-03	18.11	18.11	17.91	17.91	2700
549	2019-10-04	17.91	17.91	17.91	17.91	0
550	2019-10-07	17.11	17.91	17.11	17.91	600
551	2019-10-08	17.91	17.91	17.91	17.91	3600
552	2019-10-09	17.91	17.91	17.91	17.91	0
553	2019-10-10	15.36	17.83	15.36	17.83	1000
554	2019-10-11	17.91	17.91	17.91	17.91	100
555	2019-10-14	17.91	17.91	17.91	17.91	0
556	2019-10-15	17.91	17.91	17.91	17.91	0
557	2019-10-16	15.96	15.96	15.96	15.96	100
558	2019-10-17	15.96	15.96	15.96	15.96	0
559	2019-10-18	15.96	15.96	15.96	15.96	0
560	2019-10-21	15.2	15.2	15.2	15.2	100
561	2019-10-22	15.2	15.2	15.2	15.2	0
562	2019-10-23	17.39	17.39	17.39	17.39	100
563	2019-10-24	17.47	17.47	17.47	17.47	6500
564	2019-10-25	16.0	16.0	16.0	16.0	100
565	2019-10-28	16.0	16.0	16.0	16.0	0
566	2019-10-29	16.0	16.0	16.0	16.0	0
567	2019-10-30	16.0	16.0	16.0	16.0	0
568	2019-10-31	16.0	16.0	16.0	16.0	0
569	2019-11-01	17.51	17.91	17.51	17.91	2600
570	2019-11-04	17.91	17.91	17.91	17.91	1800
571	2019-11-05	17.91	17.91	17.91	17.91	0
572	2019-11-06	17.91	17.91	17.91	17.91	500
573	2019-11-07	17.91	17.91	17.91	17.91	200
574	2019-11-08	17.91	17.91	17.91	17.91	1200
575	2019-11-11	17.91	17.91	17.91	17.91	1500
576	2019-11-12	17.91	17.91	17.91	17.91	0
577	2019-11-13	17.91	17.91	17.91	17.91	0
578	2019-11-14	17.91	17.91	17.91	17.91	1700
579	2019-11-15	17.91	17.91	17.91	17.91	1500
580	2019-11-18	17.91	17.91	17.91	17.91	0
581	2019-11-19	17.71	17.71	17.71	17.71	200
582	2019-11-20	17.71	17.71	17.71	17.71	0
583	2019-11-21	17.91	17.91	17.91	17.91	5000
584	2019-11-22	17.91	17.91	17.91	17.91	0
585	2019-11-25	17.91	17.91	17.91	17.91	0
586	2019-11-26	17.91	17.91	17.91	17.91	0
587	2019-11-27	17.91	17.91	17.91	17.91	5000
588	2019-11-28	17.91	17.91	17.91	17.91	0
589	2019-11-29	17.91	17.91	17.91	17.91	0
590	2019-12-02	17.91	17.91	17.91	17.91	0
591	2019-12-03	17.91	17.91	17.91	17.91	0
592	2019-12-04	17.91	17.91	17.91	17.91	0
593	2019-12-05	19.5	19.9	19.5	19.9	500
594	2019-12-06	17.03	19.9	17.03	19.9	6900
595	2019-12-09	18.75	19.9	19.9	19.9	0
596	2019-12-10	18.75	19.9	19.9	19.9	0
597	2019-12-11	16.0	16.0	16.0	16.0	100
598	2019-12-12	18.39	18.39	18.39	18.39	1400
599	2019-12-13	15.64	21.05	15.64	21.05	600
600	2019-12-16	17.19	17.19	17.19	17.19	100
601	2019-12-17	16.52	16.52	16.52	16.52	100
602	2019-12-18	16.52	16.52	16.52	16.52	0
603	2019-12-19	16.52	16.52	16.52	16.52	0
604	2019-12-20	16.52	16.52	16.52	16.52	0
605	2019-12-23	16.52	16.52	16.52	16.52	0
606	2019-12-24	16.52	16.52	16.52	16.52	0
607	2019-12-25	16.52	16.52	16.52	16.52	0
608	2019-12-26	16.52	16.52	16.52	16.52	0
609	2019-12-27	16.52	16.52	16.52	16.52	0
610	2019-12-30	16.52	16.52	16.52	16.52	0
611	2019-12-31	17.11	17.11	17.11	17.11	800
612	2020-01-02	17.11	17.11	17.11	17.11	0
613	2020-01-03	16.52	16.52	16.52	16.52	100
614	2020-01-06	17.11	18.98	17.11	18.98	8800
615	2020-01-07	16.16	17.91	16.16	17.91	1100
616	2020-01-08	17.91	17.91	17.11	17.11	5000
617	2020-01-09	17.15	17.15	17.15	17.15	100
618	2020-01-10	17.15	17.15	17.15	17.15	0
619	2020-01-13	17.31	17.31	17.31	17.31	1000
620	2020-01-14	17.31	17.31	17.31	17.31	100
621	2020-01-15	16.6	16.6	16.6	16.6	100
622	2020-01-16	16.6	16.6	16.6	16.6	0
623	2020-01-17	17.91	17.91	17.91	17.91	100
624	2020-01-20	17.91	17.91	17.91	17.91	0
625	2020-01-21	15.6	15.6	15.6	15.6	100
626	2020-01-22	15.6	15.6	15.6	15.6	0
627	2020-01-30	15.6	15.6	15.6	15.6	0
628	2020-01-31	15.6	15.6	15.6	15.6	0
629	2020-02-03	15.6	15.6	15.6	15.6	0
630	2020-02-04	15.6	15.6	15.6	15.6	0
631	2020-02-05	17.87	17.87	17.87	17.87	100
632	2020-02-06	17.87	17.87	17.87	17.87	0
633	2020-02-07	17.87	17.87	17.87	17.87	0
634	2020-02-10	17.87	17.87	17.87	17.87	0
635	2020-02-11	17.91	17.91	17.91	17.91	1900
636	2020-02-12	17.91	17.91	17.91	17.91	2100
637	2020-02-13	17.91	17.91	17.91	17.91	900
638	2020-02-14	17.91	17.91	17.91	17.91	800
639	2020-02-17	17.91	17.91	17.91	17.91	1100
640	2020-02-18	15.24	15.24	15.24	15.24	100
641	2020-02-19	15.24	15.24	15.24	15.24	0
642	2020-02-20	15.24	15.24	15.24	15.24	10
643	2020-02-21	17.51	17.51	17.51	17.51	100
644	2020-02-24	17.51	17.51	17.51	17.51	0
645	2020-02-25	19.9	19.9	19.9	19.9	100
646	2020-02-26	19.9	19.9	19.9	19.9	0
647	2020-02-27	19.9	19.9	19.9	19.9	0
648	2020-02-28	17.15	17.15	17.15	17.15	100
649	2020-03-02	17.15	17.15	17.15	17.15	0
650	2020-03-03	17.19	17.19	17.19	17.19	200
651	2020-03-04	17.19	17.19	17.19	17.19	0
652	2020-03-05	17.19	17.19	17.19	17.19	0
653	2020-03-06	17.91	19.46	17.91	19.46	8200
654	2020-03-09	18.07	18.07	18.07	18.07	1010
655	2020-03-10	18.07	18.07	18.07	18.07	0
656	2020-03-11	18.31	18.31	18.31	18.31	200
657	2020-03-12	18.31	18.63	17.31	18.51	4400
658	2020-03-13	18.31	18.31	18.31	18.31	10200
659	2020-03-16	18.31	18.31	18.31	18.31	4000
660	2020-03-17	15.56	19.06	15.56	19.06	500
661	2020-03-18	16.92	16.92	16.92	16.92	100
662	2020-03-19	17.99	17.99	17.99	17.99	1000
663	2020-03-20	18.03	18.31	17.99	18.31	3700
664	2020-03-23	18.03	18.03	18.03	18.03	2500
665	2020-03-24	15.36	19.9	15.36	19.9	1100
666	2020-03-25	19.5	19.5	19.5	19.5	1000
667	2020-03-26	17.55	17.55	17.55	17.55	100
668	2020-03-27	18.31	18.31	18.31	18.31	100
669	2020-03-30	17.51	17.51	17.51	17.51	100
670	2020-03-31	17.55	17.55	17.55	17.55	100
671	2020-04-01	17.63	17.63	17.59	17.59	500
672	2020-04-03	15.16	19.1	15.16	16.72	700
673	2020-04-06	19.1	19.1	19.1	19.1	100
674	2020-04-07	16.28	17.23	16.28	17.11	600
675	2020-04-08	17.15	17.15	17.11	17.15	400
676	2020-04-09	17.15	17.15	17.15	17.15	0
677	2020-04-10	16.36	16.36	16.36	16.36	100
678	2020-04-13	16.36	16.36	16.36	16.36	0
679	2020-04-14	16.36	16.36	16.36	16.36	0
680	2020-04-15	16.36	16.36	16.36	16.36	0
681	2020-04-16	16.36	16.36	16.36	16.36	0
682	2020-04-17	16.36	16.36	16.36	16.36	0
683	2020-04-20	16.36	16.36	16.36	16.36	0
684	2020-04-21	16.36	16.36	16.36	16.36	0
685	2020-04-22	16.36	16.36	16.36	16.36	0
686	2020-04-23	16.36	16.36	16.36	16.36	0
687	2020-04-24	16.36	16.36	16.36	16.36	0
688	2020-04-27	16.36	16.36	16.36	16.36	0
689	2020-04-28	16.36	16.36	16.36	16.36	0
690	2020-04-29	16.52	16.52	16.52	16.52	900
691	2020-05-04	17.67	17.67	16.52	16.52	1200
692	2020-05-05	15.2	16.72	15.2	16.72	1000
693	2020-05-06	16.56	16.72	16.72	16.72	0
694	2020-05-07	15.2	15.2	15.2	15.2	100
695	2020-05-08	17.47	17.47	16.92	17.47	1300
696	2020-05-11	17.07	17.47	17.47	17.47	0
697	2020-05-12	15.92	15.92	15.92	15.92	100
698	2020-05-13	15.92	15.92	15.92	15.92	0
699	2020-05-14	15.92	15.92	15.92	15.92	0
700	2020-05-15	16.72	16.72	16.72	16.72	100
701	2020-05-18	16.72	16.72	16.72	16.72	0
702	2020-05-19	16.72	16.72	16.72	16.72	200
703	2020-05-20	17.11	17.11	17.11	17.11	900
704	2020-05-21	17.15	17.15	17.11	17.11	1100
705	2020-05-22	15.36	17.91	15.36	17.91	2300
706	2020-05-25	17.95	17.95	17.95	17.95	35300
707	2020-05-26	17.55	17.55	17.55	17.55	25000
708	2020-05-27	17.55	17.55	17.55	17.55	500
709	2020-05-28	17.55	17.55	17.55	17.55	0
710	2020-05-29	17.55	18.61	18.61	18.61	0
711	2020-06-01	18.99	18.99	18.99	18.99	100
712	2020-06-02	16.29	16.29	16.29	16.29	100
713	2020-06-03	17.3	17.3	17.3	17.3	300
714	2020-06-04	17.72	17.72	17.72	17.72	400
715	2020-06-05	17.76	17.76	17.76	17.76	100
716	2020-06-08	17.76	17.76	17.76	17.76	0
717	2020-06-09	15.11	15.11	15.11	15.11	100
718	2020-06-10	17.34	17.34	17.34	17.34	100
719	2020-06-11	16.12	16.12	16.12	16.12	100
720	2020-06-12	18.48	18.52	18.48	18.52	200
721	2020-06-15	18.52	18.52	18.52	18.52	0
722	2020-06-16	15.78	15.78	15.78	15.78	100
723	2020-06-17	18.14	18.14	18.14	18.14	600
724	2020-06-18	18.14	18.14	18.14	18.14	4200
725	2020-06-19	18.14	18.56	18.14	18.56	4000
726	2020-06-22	18.56	18.56	18.56	18.56	100
727	2020-06-23	18.56	18.56	18.56	18.56	1000
728	2020-06-24	18.56	18.56	18.56	18.56	1000
729	2020-06-25	15.78	18.56	15.78	18.56	200
730	2020-06-26	16.92	16.92	16.92	16.92	100
731	2020-06-29	18.14	19.45	18.14	19.45	16300
732	2020-06-30	19.45	22.02	19.45	22.02	38000
733	2020-07-01	22.07	22.07	22.02	22.02	9200
734	2020-07-02	22.02	22.02	22.02	22.02	2000
735	2020-07-03	18.78	18.78	18.78	18.78	100
736	2020-07-06	15.99	15.99	15.99	15.99	100
737	2020-07-07	18.35	18.35	18.35	18.35	100
738	2020-07-08	21.1	21.1	21.1	21.1	8900
739	2020-07-09	21.1	21.1	21.1	21.1	8900
740	2020-07-10	21.1	21.14	21.1	21.1	9700
741	2020-07-13	21.1	21.1	21.1	21.1	4500
742	2020-07-14	17.97	21.1	17.97	21.1	400
743	2020-07-15	18.02	18.02	18.02	18.02	100
744	2020-07-16	20.72	20.72	20.72	20.72	100
745	2020-07-17	17.64	21.1	17.64	21.1	3800
746	2020-07-20	21.1	21.1	21.1	21.1	5100
747	2020-07-21	21.1	21.1	21.05	21.1	2100
748	2020-07-22	18.14	21.1	18.14	21.1	300
749	2020-07-23	20.67	20.67	20.67	20.67	500
750	2020-07-24	18.19	18.19	18.19	18.19	100
751	2020-07-27	18.99	18.99	15.48	18.56	5100
752	2020-07-28	18.86	18.86	18.86	18.86	100
753	2020-07-29	16.92	20.67	16.92	20.67	400
754	2020-07-30	16.88	20.67	16.88	20.67	2500
755	2020-07-31	20.67	20.67	20.67	20.67	200
756	2020-08-03	17.59	17.59	17.59	17.59	100
757	2020-08-04	20.17	20.21	20.17	20.21	400
758	2020-08-05	21.14	21.14	20.67	20.67	1100
759	2020-08-06	20.67	20.67	20.67	20.67	1000
760	2020-08-07	20.67	20.67	20.67	20.67	2100
761	2020-08-10	20.67	20.67	20.67	20.67	0
762	2020-08-11	20.67	20.67	20.67	20.67	0
763	2020-08-12	18.06	20.67	18.06	20.67	200
764	2020-08-13	20.25	20.25	20.25	20.25	1000
765	2020-08-14	20.25	20.25	20.25	20.25	2200
766	2020-08-17	20.25	20.25	20.25	20.25	12800
767	2020-08-18	20.25	20.46	20.25	20.46	16000
768	2020-08-19	20.29	20.29	20.25	20.25	3100
769	2020-08-20	20.46	20.46	20.25	20.46	1000
770	2020-08-21	20.42	20.46	20.46	20.46	0
771	2020-08-24	18.14	21.52	18.14	21.52	600
772	2020-08-25	18.4	18.4	18.4	18.4	100
773	2020-08-26	20.25	20.25	20.25	20.25	200
774	2020-08-27	20.25	20.25	19.45	19.45	5300
775	2020-08-28	20.25	20.25	20.25	20.25	4900
776	2020-08-31	18.06	18.06	18.06	18.06	100
777	2020-09-01	18.06	18.06	18.06	18.06	0
778	2020-09-03	18.06	18.06	18.06	18.06	0
779	2020-09-04	20.46	20.46	20.46	20.46	100
780	2020-09-07	17.43	17.43	17.43	17.43	100
781	2020-09-08	17.43	17.43	17.43	17.43	0
782	2020-09-09	18.19	18.19	18.19	18.19	200
783	2020-09-10	20.34	20.34	20.25	20.25	200
784	2020-09-11	20.25	20.25	20.25	20.25	300
785	2020-09-14	20.21	20.25	20.21	20.25	200
786	2020-09-15	20.25	20.25	20.25	20.25	0
787	2020-09-16	20.04	20.04	20.04	20.04	7200
788	2020-09-17	19.41	20.08	19.41	20.08	2100
789	2020-09-18	20.04	20.08	20.08	20.08	0
790	2020-09-21	20.04	20.08	20.08	20.08	0
791	2020-09-22	19.62	19.62	19.62	19.62	300
792	2020-09-23	19.83	19.83	19.83	19.83	8000
793	2020-09-24	19.83	19.83	19.62	19.83	1700
794	2020-09-25	19.79	19.83	19.83	19.83	0
795	2020-09-28	19.79	19.83	19.83	19.83	0
796	2020-09-29	19.79	19.83	19.83	19.83	0
797	2020-09-30	19.79	19.83	19.83	19.83	0
798	2020-10-01	19.79	19.83	19.83	19.83	0
799	2020-10-02	19.79	19.83	19.83	19.83	0
800	2020-10-05	19.79	19.83	19.83	19.83	0
801	2020-10-06	19.79	19.83	19.79	19.83	700
802	2020-10-07	19.83	19.83	19.83	19.83	0
803	2020-10-08	19.83	19.83	19.83	19.83	0
804	2020-10-09	18.99	18.99	18.99	18.99	200
805	2020-10-12	19.41	19.41	19.41	19.41	900
806	2020-10-13	19.41	19.41	19.41	19.41	0
807	2020-10-14	19.41	19.41	19.41	19.41	0
808	2020-10-15	19.41	19.41	18.99	18.99	1600
809	2020-10-16	19.03	18.99	18.99	18.99	0
810	2020-10-19	19.41	19.41	19.41	19.41	200
811	2020-10-20	19.41	19.62	19.41	19.62	400
812	2020-10-21	19.58	19.62	19.62	19.62	0
813	2020-10-22	19.41	19.41	19.41	19.41	1700
814	2020-10-23	19.41	19.41	19.41	19.41	0
815	2020-10-26	19.41	19.41	19.41	19.41	0
816	2020-10-27	19.41	19.41	19.41	19.41	0
817	2020-10-28	19.41	19.41	19.41	19.41	0
818	2020-10-29	19.41	19.41	19.41	19.41	0
819	2020-10-30	19.41	19.41	19.41	19.41	200
820	2020-11-02	19.41	19.41	19.41	19.41	0
821	2020-11-03	19.41	19.41	19.41	19.41	0
822	2020-11-04	19.41	19.41	19.41	19.41	0
823	2020-11-05	19.62	19.62	19.62	19.62	100
824	2020-11-06	19.58	19.62	19.58	19.62	6800
825	2020-11-09	18.99	18.99	18.99	18.99	100
826	2020-11-10	18.99	18.99	18.56	18.56	2600
827	2020-11-11	18.99	18.99	18.99	18.99	400
828	2020-11-12	18.99	18.99	18.99	18.99	5800
829	2020-11-13	18.99	19.11	18.99	18.99	7000
830	2020-11-16	18.99	18.99	18.99	18.99	0
831	2020-11-17	18.99	18.99	18.99	18.99	0
832	2020-11-18	18.99	18.99	18.99	18.99	0
833	2020-11-19	18.99	18.99	18.99	18.99	0
834	2020-11-20	18.94	18.94	18.94	18.94	600
835	2020-11-23	18.99	18.99	18.99	18.99	15000
836	2020-11-24	18.99	18.99	18.99	18.99	0
837	2020-11-25	18.99	18.99	18.99	18.99	0
838	2020-11-26	18.99	18.99	18.99	18.99	0
839	2020-11-27	18.56	18.56	17.72	18.56	5200
840	2020-11-30	18.52	18.52	18.52	18.52	1500
841	2020-12-01	18.48	18.48	18.48	18.48	2900
842	2020-12-02	18.48	18.48	18.48	18.48	0
843	2020-12-03	18.48	18.48	18.48	18.48	0
844	2020-12-04	18.48	18.48	18.48	18.48	0
845	2020-12-07	18.48	18.48	18.48	18.48	0
846	2020-12-08	18.9	18.9	18.9	18.9	2000
847	2020-12-09	18.86	18.86	18.35	18.86	700
848	2020-12-10	18.86	18.86	18.56	18.56	7700
849	2020-12-11	18.65	18.65	18.56	18.65	3000
850	2020-12-14	17.76	17.76	17.76	17.76	100
851	2020-12-15	17.76	17.76	17.76	17.76	0
852	2020-12-16	18.9	18.9	18.9	18.9	100
853	2020-12-17	18.86	18.99	18.86	18.99	4100
854	2020-12-18	18.94	18.99	18.99	18.99	0
855	2020-12-21	18.56	18.9	18.56	18.9	1000
856	2020-12-22	18.82	18.9	18.9	18.9	0
857	2020-12-23	18.82	18.9	18.9	18.9	0
858	2020-12-24	18.82	18.9	18.9	18.9	0
859	2020-12-25	18.94	18.99	18.94	18.99	2700
860	2020-12-28	19.03	19.03	18.52	18.52	1400
861	2020-12-29	21.43	21.43	21.43	21.43	100
862	2020-12-30	20.25	20.25	19.83	20.04	7000
863	2020-12-31	19.96	22.36	19.96	22.36	4000
864	2021-01-04	20.84	22.36	22.36	22.36	0
865	2021-01-05	20.84	22.36	22.36	22.36	0
866	2021-01-06	20.84	22.36	22.36	22.36	0
867	2021-01-07	20.84	20.84	20.84	20.84	0
868	2021-01-08	20.84	22.36	22.36	22.36	0
869	2021-01-11	20.84	22.36	22.36	22.36	0
870	2021-01-12	20.04	20.04	20.04	20.04	500
871	2021-01-13	20.25	20.46	20.25	20.46	1100
872	2021-01-14	20.25	20.46	20.46	20.46	0
873	2021-01-15	19.92	19.92	19.92	19.92	400
874	2021-01-18	19.92	19.92	19.92	19.92	2400
875	2021-01-19	19.92	19.92	19.92	19.92	0
876	2021-01-20	20.25	20.25	20.25	20.25	400
877	2021-01-21	20.25	20.25	20.25	20.25	0
878	2021-01-22	20.21	20.21	20.21	20.21	500
879	2021-01-25	20.21	20.21	20.21	20.21	0
880	2021-01-26	20.21	20.21	20.21	20.21	0
881	2021-01-27	19.41	19.41	18.99	18.99	1000
882	2021-01-28	19.28	18.99	18.99	18.99	0
883	2021-01-29	19.28	18.99	18.99	18.99	0
884	2021-02-01	19.28	18.99	18.99	18.99	0
885	2021-02-02	19.28	18.99	18.99	18.99	0
886	2021-02-03	19.28	18.99	18.99	18.99	0
887	2021-02-04	19.28	18.99	18.99	18.99	0
888	2021-02-05	19.28	18.99	18.99	18.99	0
889	2021-02-08	19.28	18.99	18.99	18.99	0
890	2021-02-09	19.28	18.99	18.99	18.99	0
891	2021-02-17	19.28	19.28	19.28	19.28	0
892	2021-02-18	18.56	18.65	18.56	18.65	1500
893	2021-02-19	20.21	20.25	20.21	20.25	1300
894	2021-02-22	20.21	20.25	18.56	18.56	2700
895	2021-02-23	19.66	19.66	19.66	19.66	200
896	2021-02-24	19.66	19.66	19.66	19.66	200
897	2021-02-25	19.75	20.04	19.75	20.04	700
898	2021-02-26	20.04	20.34	20.04	20.34	1000
899	2021-03-01	20.29	21.1	20.29	21.1	4600
900	2021-03-02	21.52	21.52	21.31	21.31	1700
901	2021-03-03	21.52	22.36	21.52	21.94	9300
902	2021-03-04	22.07	21.94	21.94	21.94	0
903	2021-03-05	22.07	21.94	21.94	21.94	0
904	2021-03-08	22.07	21.94	21.94	21.94	0
905	2021-03-09	22.36	22.36	22.36	22.36	1000
906	2021-03-10	22.36	22.36	22.36	22.36	0
907	2021-03-11	22.36	22.36	22.36	22.36	1100
908	2021-03-12	21.1	22.78	19.2	22.78	3200
909	2021-03-15	21.94	22.78	22.78	22.78	0
910	2021-03-16	22.36	22.78	22.36	22.78	3000
911	2021-03-17	22.78	22.78	22.36	22.36	2100
912	2021-03-18	22.78	22.87	22.78	22.78	5200
913	2021-03-19	22.36	22.36	22.36	22.36	500
914	2021-03-22	22.36	22.36	22.36	22.36	1000
915	2021-03-23	22.36	22.36	22.36	22.36	300
916	2021-03-24	22.36	22.36	22.36	22.36	0
917	2021-03-25	22.36	22.36	22.36	22.36	1100
918	2021-03-26	22.36	22.36	22.36	22.36	0
919	2021-03-29	22.36	22.36	22.36	22.36	0
920	2021-03-30	21.1	22.36	21.1	22.36	1100
921	2021-03-31	21.22	22.36	22.36	22.36	0
922	2021-04-01	21.22	22.36	22.36	22.36	0
923	2021-04-02	21.52	21.52	21.52	21.52	1000
924	2021-04-05	21.52	21.52	21.52	21.52	1000
925	2021-04-06	21.52	21.52	21.52	21.52	3100
926	2021-04-07	23.63	23.63	23.63	23.63	1200
927	2021-04-08	23.63	23.63	23.63	23.63	0
928	2021-04-09	23.63	23.63	23.63	23.63	0
929	2021-04-12	22.36	22.36	22.36	22.36	100
930	2021-04-13	22.36	22.36	22.36	22.36	0
931	2021-04-14	22.78	22.78	22.78	22.78	500
932	2021-04-15	22.78	23.59	21.52	23.59	801
933	2021-04-16	22.24	23.59	23.59	23.59	0
934	2021-04-19	22.36	22.36	22.36	22.36	400
935	2021-04-20	22.36	22.36	22.36	22.36	0
936	2021-04-22	24.47	24.47	24.47	24.47	100
937	2021-04-23	24.47	24.47	24.47	24.47	400
938	2021-04-26	24.47	24.47	24.47	24.47	0
939	2021-04-27	22.78	22.78	22.78	22.78	300
940	2021-04-28	24.43	24.43	24.43	24.43	100
941	2021-04-29	24.6	24.6	24.6	24.6	100
942	2021-05-04	21.1	21.1	21.1	21.1	1800
943	2021-05-05	23.59	23.59	23.59	23.59	100
944	2021-05-06	23.59	23.59	23.59	23.59	0
945	2021-05-07	23.59	23.59	23.59	23.59	0
946	2021-05-10	23.42	23.54	23.42	23.54	200
947	2021-05-11	22.74	22.78	22.74	22.74	2800
948	2021-05-12	22.74	22.74	22.74	22.74	0
949	2021-05-13	22.74	22.74	22.74	22.74	0
950	2021-05-14	22.78	22.78	22.74	22.74	500
951	2021-05-17	22.78	22.78	21.1	21.1	1100
952	2021-05-18	22.78	22.78	22.78	22.78	100
953	2021-05-19	25.27	25.27	22.78	22.78	200
954	2021-05-20	22.78	22.78	22.78	22.78	100
955	2021-05-21	22.78	24.81	22.78	22.95	1700
956	2021-05-24	24.01	24.01	24.01	24.01	1000
957	2021-05-25	24.01	24.01	24.01	24.01	0
958	2021-05-26	24.01	24.01	24.01	24.01	0
959	2021-05-27	24.01	24.01	24.01	24.01	0
960	2021-05-28	23.83	23.83	23.83	23.83	100
961	2021-05-31	23.83	23.83	23.83	23.83	0
962	2021-06-01	23.83	23.83	23.83	23.83	0
963	2021-06-02	23.83	23.83	23.83	23.83	100
964	2021-06-03	22.77	22.81	22.77	22.81	2800
965	2021-06-04	22.77	22.9	22.77	22.9	200
966	2021-06-07	22.86	22.86	22.86	22.86	100
967	2021-06-08	26.0	26.0	26.0	26.0	100
968	2021-06-09	26.0	26.0	26.0	26.0	0
969	2021-06-10	24.45	24.45	24.45	24.45	1000
970	2021-06-11	25.51	25.51	24.49	24.49	200
971	2021-06-14	25.02	24.49	24.49	24.49	0
972	2021-06-15	25.02	24.49	24.49	24.49	0
973	2021-06-16	25.02	24.49	24.49	24.49	0
974	2021-06-17	25.02	24.49	24.49	24.49	0
975	2021-06-18	25.02	24.49	24.49	24.49	0
976	2021-06-21	25.02	24.49	24.49	24.49	0
977	2021-06-22	23.88	24.58	23.88	23.88	1100
978	2021-06-23	24.23	23.88	23.88	23.88	0
979	2021-06-24	24.23	23.88	23.88	23.88	0
980	2021-06-25	24.23	23.88	23.88	23.88	0
981	2021-06-28	24.27	24.27	22.81	22.81	200
982	2021-06-29	22.99	23.43	22.99	23.43	800
983	2021-06-30	23.04	23.04	23.04	23.04	6600
984	2021-07-01	23.83	23.83	23.83	23.83	100
985	2021-07-02	26.48	26.48	26.48	26.48	100
986	2021-07-05	22.99	22.99	22.99	22.99	1000
987	2021-07-06	22.99	23.65	22.99	23.65	1600
988	2021-07-07	23.52	23.52	23.52	23.52	200
989	2021-07-08	23.52	23.52	23.52	23.52	0
990	2021-07-09	23.52	23.52	23.52	23.52	0
991	2021-07-12	25.16	25.16	25.16	25.16	100
992	2021-07-13	25.16	25.16	25.16	25.16	200
993	2021-07-14	25.16	25.16	25.16	25.16	0
994	2021-07-15	25.16	25.16	25.16	25.16	1000
995	2021-07-16	25.16	25.16	25.16	25.16	0
996	2021-07-19	25.16	25.16	25.16	25.16	0
997	2021-07-20	24.32	24.32	24.32	24.32	200
998	2021-07-21	24.32	24.32	24.32	24.32	0
999	2021-07-22	24.32	24.32	24.32	24.32	500
1000	2021-07-23	24.32	24.32	24.1	24.1	400
1001	2021-07-26	24.23	24.1	24.1	24.1	0
1002	2021-07-27	24.23	24.1	24.1	24.1	0
1003	2021-07-28	24.54	24.98	24.54	24.76	1600
1004	2021-07-29	24.76	24.76	24.76	24.76	0
1005	2021-07-30	24.76	24.76	24.76	24.76	0
1006	2021-08-02	24.76	24.76	24.76	24.76	0
1007	2021-08-03	24.94	24.94	24.94	24.94	100
1008	2021-08-04	24.1	24.32	24.1	24.1	1700
1009	2021-08-05	24.14	24.1	24.1	24.1	0
1010	2021-08-06	24.14	24.1	24.1	24.1	0
1011	2021-08-09	24.14	24.1	24.1	24.1	0
1012	2021-08-10	24.76	24.76	24.76	24.76	100
1013	2021-08-11	24.76	24.76	24.76	24.76	0
1014	2021-08-12	24.76	24.76	24.76	24.76	0
1015	2021-08-13	24.76	24.76	24.76	24.76	0
1016	2021-08-16	24.76	24.76	24.76	24.76	0
1017	2021-08-17	24.76	24.76	24.76	24.76	0
1018	2021-08-18	23.21	23.48	23.21	23.48	500
1019	2021-08-19	23.26	23.48	23.48	23.48	0
1020	2021-08-20	23.43	24.32	23.43	24.32	600
1021	2021-08-23	24.32	24.32	24.32	24.32	400
1022	2021-08-24	24.32	24.32	24.32	24.32	0
1023	2021-08-25	24.32	24.32	23.88	23.88	700
1024	2021-08-26	24.32	24.76	24.32	24.76	3600
1025	2021-08-27	24.76	24.76	24.76	24.76	100
1026	2021-08-30	24.76	24.85	24.76	24.85	400
1027	2021-08-31	25.64	25.64	25.64	25.64	200
1028	2021-09-01	25.2	26.31	25.2	26.31	4100
1029	2021-09-06	26.04	26.31	26.31	26.31	0
1030	2021-09-07	25.86	25.86	25.86	25.86	100
1031	2021-09-08	25.2	25.2	25.11	25.11	4000
1032	2021-09-09	25.42	25.42	25.42	25.42	1000
1033	2021-09-10	25.56	25.56	25.56	25.56	500
1034	2021-09-13	25.56	25.56	25.56	25.56	0
1035	2021-09-14	25.64	25.86	25.64	25.86	1700
1036	2021-09-15	25.64	25.82	25.64	25.82	1000
1037	2021-09-16	25.64	25.86	25.64	25.86	2100
1038	2021-09-17	26.53	29.62	26.53	29.62	2800
1039	2021-09-20	32.76	32.76	32.76	32.76	32400
1040	2021-09-21	32.76	33.69	32.76	33.69	1400
1041	2021-09-22	32.89	37.58	32.89	37.58	8200
1042	2021-09-23	37.58	37.58	37.14	37.14	300
1043	2021-09-24	37.14	37.14	32.05	32.28	4300
1044	2021-09-27	33.25	33.25	30.07	30.07	2900
1045	2021-09-28	30.95	31.04	30.95	31.04	3800
1046	2021-09-29	31.04	31.04	31.04	31.04	100
1047	2021-09-30	31.04	31.04	31.04	31.04	0
1048	2021-10-01	31.08	31.08	30.51	30.51	9400
1049	2021-10-04	31.39	31.39	31.39	31.39	900
1050	2021-10-05	31.39	31.39	31.39	31.39	200
1051	2021-10-06	31.39	31.39	30.6	31.17	6500
1052	2021-10-07	30.95	30.95	30.95	30.95	3700
1053	2021-10-08	30.95	31.83	30.95	31.83	2400
1054	2021-10-11	34.35	34.35	32.81	34.35	4900
1055	2021-10-12	34.09	34.09	31.83	31.83	2600
1056	2021-10-13	35.11	35.11	34.93	35.06	6000
1057	2021-10-14	35.28	38.91	35.28	38.82	19200
1058	2021-10-15	38.86	38.86	37.58	38.02	3800
1059	2021-10-18	37.14	37.14	34.71	34.71	2000
1060	2021-10-19	35.64	35.64	34.49	34.57	3600
1061	2021-10-20	35.33	35.86	34.93	35.86	1100
1062	2021-10-21	35.81	35.81	34.62	34.62	2700
1063	2021-10-22	36.26	36.92	36.26	36.83	10700
1064	2021-10-25	37.58	37.58	36.7	37.14	33100
1065	2021-10-26	39.62	41.38	39.62	40.68	31700
1066	2021-10-27	40.94	41.03	38.02	41.03	9500
1067	2021-10-28	40.32	40.32	36.34	37.58	3800
1068	2021-10-29	37.23	37.23	36.96	36.96	7100
1069	2021-11-01	36.79	37.32	36.79	37.14	4900
1070	2021-11-02	38.02	38.02	36.34	36.34	3800
1071	2021-11-03	36.26	36.26	35.55	35.55	3900
1072	2021-11-04	35.64	37.67	35.64	37.58	1400
1073	2021-11-05	36.79	36.79	36.7	36.7	2000
1074	2021-11-08	35.81	36.7	35.37	36.7	1300
1075	2021-11-09	36.61	36.7	35.55	36.52	1500
1076	2021-11-10	36.52	36.52	35.28	35.81	3900
1077	2021-11-11	35.81	35.81	35.28	35.28	2100
1078	2021-11-12	35.37	35.37	34.93	35.28	1700
1079	2021-11-15	31.48	35.28	31.39	35.19	3800
1080	2021-11-16	34.13	35.28	34.13	34.13	700
1081	2021-11-17	34.31	34.31	33.6	33.6	2800
1082	2021-11-18	33.51	33.51	32.72	32.81	5700
1083	2021-11-19	32.72	36.17	32.72	36.17	5000
1084	2021-11-22	32.98	32.98	32.81	32.81	4900
1085	2021-11-23	32.72	32.72	32.28	32.54	3100
1086	2021-11-24	32.36	32.36	31.83	32.36	3500
1087	2021-11-25	32.1	32.28	32.1	32.1	800
1088	2021-11-26	32.19	32.19	32.19	32.19	1000
1089	2021-11-29	32.19	32.19	32.19	32.19	2000
1090	2021-11-30	32.72	32.72	32.63	32.63	300
1091	2021-12-01	32.01	32.28	31.92	32.28	300
1092	2021-12-02	32.1	32.1	31.92	32.01	2200
1093	2021-12-03	32.01	32.01	31.57	31.57	3000
1094	2021-12-06	31.39	31.39	27.41	28.39	13300
1095	2021-12-07	27.85	29.36	27.85	29.09	4500
1096	2021-12-08	29.09	29.09	27.41	27.59	5300
1097	2021-12-09	29.0	29.0	28.83	28.83	2800
1098	2021-12-10	28.92	28.92	28.74	28.74	2700
1099	2021-12-13	29.89	29.98	29.89	29.89	400
1100	2021-12-14	29.89	29.89	28.3	29.89	1900
1101	2021-12-15	28.3	28.39	28.3	28.3	3900
1102	2021-12-16	28.39	28.39	28.3	28.3	1100
1103	2021-12-17	28.3	28.47	28.3	28.47	15400
1104	2021-12-20	28.3	29.09	28.3	28.3	1600
1105	2021-12-21	28.3	28.56	28.3	28.56	11600
1106	2021-12-22	28.39	28.47	28.3	28.47	4500
1107	2021-12-23	28.65	28.65	28.3	28.47	6500
1108	2021-12-24	28.47	28.65	28.47	28.47	5338
1109	2021-12-27	28.21	28.21	28.03	28.03	5900
1110	2021-12-28	28.3	28.56	28.3	28.56	1900
1111	2021-12-29	28.56	28.56	28.47	28.56	2200
1112	2021-12-30	28.65	28.65	28.56	28.56	1000
1113	2021-12-31	28.65	28.74	28.47	28.47	2000
1114	2022-01-04	32.72	32.72	28.74	28.74	2200
1115	2022-01-05	28.92	28.92	27.68	27.68	200
1116	2022-01-06	28.3	28.3	28.3	28.3	200
1117	2022-01-07	29.18	29.18	28.3	28.3	600
1118	2022-01-10	28.47	28.47	28.47	28.47	100
1119	2022-01-11	28.39	28.39	28.12	28.3	1400
1120	2022-01-12	28.47	28.47	27.85	27.85	2700
1121	2022-01-13	28.74	28.74	28.39	28.39	1400
1122	2022-01-14	28.39	28.39	26.79	26.88	700
1123	2022-01-17	26.53	26.53	26.53	26.53	2200
1124	2022-01-18	26.53	26.53	26.53	26.53	1300
1125	2022-01-19	28.21	28.21	28.21	28.21	100
1126	2022-01-20	24.05	24.05	24.05	24.05	100
1127	2022-01-21	27.41	27.59	27.41	27.59	3100
1128	2022-01-24	27.59	27.59	27.59	27.59	200
1129	2022-01-25	23.52	31.39	23.52	31.39	200
1130	2022-01-26	27.5	27.5	27.5	27.5	0
1131	2022-01-27	28.74	31.39	28.74	31.39	1300
1132	2022-01-28	28.3	28.39	28.3	28.39	1100
1133	2022-02-07	28.3	28.3	28.3	28.3	300
1134	2022-02-08	28.3	30.95	28.3	30.95	200
1135	2022-02-09	30.07	30.07	29.98	29.98	300
1136	2022-02-10	29.98	29.98	28.74	28.74	1200
1137	2022-02-11	29.8	30.07	28.92	30.07	3500
1138	2022-02-14	29.98	29.98	29.98	29.98	400
1139	2022-02-15	29.98	29.98	29.98	29.98	0
1140	2022-02-16	31.83	32.28	31.75	31.83	2400
1141	2022-02-17	31.92	31.92	31.92	31.92	400
1142	2022-02-18	31.92	31.92	30.95	31.57	300
1143	2022-02-21	31.48	32.72	31.48	31.92	7000
1144	2022-02-22	31.92	32.63	30.95	30.95	6500
1145	2022-02-23	31.83	31.83	31.48	31.48	4100
1146	2022-02-24	31.66	31.66	31.13	31.39	2900
1147	2022-02-25	31.39	31.39	30.68	30.68	2200
1148	2022-02-28	30.95	31.92	30.6	30.6	4900
1149	2022-03-01	30.51	31.3	30.07	30.07	4000
1150	2022-03-02	30.24	30.24	30.24	30.24	200
1151	2022-03-03	30.95	30.95	30.07	30.07	4600
1152	2022-03-04	30.86	31.83	30.86	31.83	6900
1153	2022-03-07	31.39	31.39	30.95	30.95	1560
1154	2022-03-08	30.95	30.95	30.95	30.95	1302
1155	2022-03-09	30.95	30.95	30.51	30.51	2200
1156	2022-03-10	31.48	31.48	30.95	30.95	1200
1157	2022-03-11	31.04	31.04	31.04	31.04	8
1158	2022-03-14	30.07	30.07	30.07	30.07	500
1159	2022-03-15	29.27	29.27	26.44	26.53	760
1160	2022-03-16	30.77	30.86	30.07	30.07	1700
1161	2022-03-17	32.72	32.72	32.72	32.72	400
1162	2022-03-18	32.72	32.72	32.72	32.72	0
1163	2022-03-21	32.72	32.72	32.72	32.72	0
1164	2022-03-22	28.47	30.51	28.47	28.92	2000
1165	2022-03-23	29.71	29.71	29.71	29.71	0
1166	2022-03-24	29.8	29.8	29.71	29.71	1400
1167	2022-03-25	29.98	30.07	29.98	30.07	1500
1168	2022-03-28	30.07	30.07	28.56	28.56	300
1169	2022-03-29	29.09	29.09	29.09	29.09	8
1170	2022-03-30	29.62	29.71	29.62	29.71	300
1171	2022-03-31	29.89	29.89	29.89	29.89	500
1172	2022-04-01	29.89	29.89	29.89	29.89	50
1173	2022-04-04	29.27	29.27	29.27	29.27	700
1174	2022-04-05	29.27	29.27	29.27	29.27	1000
1175	2022-04-06	29.27	29.27	29.27	29.27	0
1176	2022-04-07	30.07	30.07	30.07	30.07	600
1177	2022-04-08	30.15	30.15	30.15	30.15	500
1178	2022-04-12	29.62	30.15	29.62	29.62	1100
1179	2022-04-13	30.07	30.07	28.3	28.3	2101
1180	2022-04-14	29.98	29.98	29.98	29.98	0
1181	2022-04-15	25.56	30.15	25.56	30.15	2200
1182	2022-04-18	28.39	28.47	28.39	28.47	1100
1183	2022-04-19	28.39	29.18	28.39	28.39	6200
1184	2022-04-20	28.3	28.3	28.3	28.3	100
1185	2022-04-21	28.3	29.0	28.3	28.56	2400
1186	2022-04-22	28.47	28.47	28.47	28.47	0
1187	2022-04-25	28.47	30.95	28.47	28.47	6000
1188	2022-04-26	24.58	28.92	24.58	28.92	600
1189	2022-04-27	28.92	28.92	28.92	28.92	500
1190	2022-04-28	28.92	28.92	28.92	28.92	0
1191	2022-04-29	28.92	28.92	28.92	28.92	0
1192	2022-05-04	28.92	28.92	28.92	28.92	0
1193	2022-05-05	30.07	30.07	30.07	30.07	100
1194	2022-05-06	30.07	30.07	30.07	30.07	0
1195	2022-05-09	25.82	25.82	25.64	25.64	1700
1196	2022-05-10	26.09	27.06	26.09	27.06	200
1197	2022-05-11	27.06	27.06	27.06	27.06	100
1198	2022-05-12	27.06	27.06	27.06	27.06	1000
1199	2022-05-13	27.06	27.06	27.06	27.06	2400
1200	2022-05-16	27.06	27.06	27.06	27.06	0
1201	2022-05-17	27.06	27.06	27.06	27.06	150
1202	2022-05-18	27.06	27.06	27.06	27.06	400
1203	2022-05-19	27.41	27.41	25.82	25.82	3400
1204	2022-05-20	26.53	26.53	26.53	26.53	200
1205	2022-05-23	26.0	26.53	26.0	26.53	3000
1206	2022-05-24	25.91	26.97	25.91	26.53	4300
1207	2022-05-25	27.77	27.85	27.77	27.85	400
1208	2022-05-26	27.85	27.85	27.85	27.85	0
1209	2022-05-27	27.41	27.41	27.41	27.41	600
1210	2022-05-30	27.41	27.77	27.41	27.77	800
1211	2022-05-31	27.5	27.5	27.5	27.5	0
1212	2022-06-01	27.5	27.5	27.5	27.5	0
1213	2022-06-02	27.5	27.5	27.5	27.5	0
1214	2022-06-03	28.47	28.47	28.21	28.21	400
1215	2022-06-06	26.09	26.09	26.09	26.09	600
1216	2022-06-07	25.82	25.82	25.82	25.82	201
1217	2022-06-08	26.53	26.53	26.53	26.53	100
1218	2022-06-09	26.53	26.53	26.53	26.53	0
1219	2022-06-10	25.82	25.82	25.73	25.73	1000
1220	2022-06-13	25.82	25.82	25.82	25.82	0
1221	2022-06-14	25.82	25.82	25.82	25.82	0
1222	2022-06-15	25.82	25.82	25.82	25.82	200
1223	2022-06-16	25.87	25.87	25.87	25.87	0
1224	2022-06-17	25.87	25.87	25.87	25.87	0
1225	2022-06-20	25.87	25.87	25.87	25.87	0
1226	2022-06-21	25.87	25.96	25.87	25.96	500
1227	2022-06-22	28.45	28.45	28.45	28.45	100
1228	2022-06-23	28.45	28.45	28.45	28.45	0
1229	2022-06-24	28.45	28.45	28.45	28.45	0
1230	2022-06-27	28.55	28.64	28.55	28.64	300
1231	2022-06-28	28.55	28.55	28.55	28.55	1000
1232	2022-06-29	27.71	27.71	27.71	27.71	200
1233	2022-06-30	27.71	27.71	27.25	27.25	3100
1234	2022-07-01	27.62	27.62	27.62	27.62	0
1235	2022-07-04	27.62	27.62	27.62	27.62	0
1236	2022-07-05	23.83	23.83	23.83	23.83	300
1237	2022-07-06	23.83	23.83	23.83	23.83	0
1238	2022-07-07	23.83	23.83	23.83	23.83	0
1239	2022-07-08	27.34	27.34	27.07	27.07	300
1240	2022-07-11	27.16	27.16	27.16	27.16	0
1241	2022-07-12	27.16	27.16	27.16	27.16	0
1242	2022-07-13	27.16	27.16	27.16	27.16	0
1243	2022-07-14	26.79	26.79	26.79	26.79	1100
1244	2022-07-15	26.79	26.79	26.79	26.79	100
1245	2022-07-18	26.79	26.79	26.79	26.79	0
1246	2022-07-19	27.25	27.25	27.25	27.25	200
1247	2022-07-20	24.57	24.57	24.57	24.57	400
1248	2022-07-21	24.57	24.57	24.57	24.57	0
1249	2022-07-22	25.87	25.87	25.87	25.87	100
1250	2022-07-25	25.77	25.87	25.77	25.87	700
1251	2022-07-26	25.87	25.87	25.87	25.87	0
1252	2022-07-27	25.87	25.87	25.87	25.87	0
1253	2022-07-28	25.87	25.87	25.87	25.87	0
1254	2022-07-29	25.87	25.87	25.87	25.87	0
1255	2022-08-01	28.55	28.55	28.55	28.55	300
1256	2022-08-02	28.55	28.55	28.55	28.55	0
1257	2022-08-03	25.4	25.77	25.4	25.77	500
1258	2022-08-04	25.96	25.96	25.96	25.96	200
1259	2022-08-05	25.96	25.96	25.96	25.96	0
1260	2022-08-08	25.96	25.96	25.96	25.96	0
1261	2022-08-09	25.96	25.96	24.94	25.87	2800
1262	2022-08-10	25.04	25.04	25.04	25.04	0
1263	2022-08-11	24.76	24.76	24.76	24.76	100
1264	2022-08-12	25.87	27.62	25.87	26.79	2000
1265	2022-08-15	26.33	27.62	26.33	26.33	3300
1266	2022-08-16	26.42	26.42	26.42	26.42	0
1267	2022-08-17	26.42	26.42	26.42	26.42	0
1268	2022-08-18	26.42	26.42	26.42	26.42	0
1269	2022-08-19	26.42	26.42	26.33	26.33	2000
1270	2022-08-22	26.42	26.42	26.42	26.42	0
1271	2022-08-23	27.53	27.53	27.53	27.53	100
1272	2022-08-24	27.71	27.71	27.71	27.71	5000
1273	2022-08-25	25.59	25.59	24.94	24.94	2000
1274	2022-08-26	24.94	24.94	24.94	24.94	200
1275	2022-08-29	25.87	25.87	25.5	25.5	200
1276	2022-08-30	25.68	25.68	25.68	25.68	0
1277	2022-08-31	25.68	25.68	25.68	25.68	0
1278	2022-09-05	25.68	25.68	25.68	25.68	0
1279	2022-09-06	25.59	25.59	25.59	25.59	400
1280	2022-09-07	25.59	25.59	25.59	25.59	0
1281	2022-09-08	25.59	25.59	25.59	25.59	0
1282	2022-09-09	25.59	25.59	25.59	25.59	300
1283	2022-09-12	25.77	25.77	25.77	25.77	100
1284	2022-09-13	25.77	25.77	25.77	25.77	0
1285	2022-09-14	25.96	25.96	25.96	25.96	500
1286	2022-09-15	25.96	25.96	25.96	25.96	0
1287	2022-09-16	25.96	25.96	25.96	25.96	0
1288	2022-09-19	25.96	25.96	25.96	25.96	0
1289	2022-09-20	25.96	25.96	25.96	25.96	0
1290	2022-09-21	25.96	25.96	25.96	25.96	300
1291	2022-09-22	25.87	25.87	25.68	25.68	1600
1292	2022-09-23	25.68	25.68	25.68	25.68	0
1293	2022-09-26	25.68	25.68	25.4	25.4	2100
1294	2022-09-27	25.4	25.4	25.4	25.4	0
1295	2022-09-28	25.4	25.4	25.4	25.4	0
1296	2022-09-29	25.4	25.4	25.4	25.4	0
1297	2022-09-30	25.13	25.13	24.02	24.48	2500
1298	2022-10-03	24.67	24.67	24.67	24.67	0
1299	2022-10-04	24.67	24.67	24.67	24.67	200
1300	2022-10-05	25.4	25.4	25.4	25.4	1000
1301	2022-10-06	25.4	25.4	25.4	25.4	0
1302	2022-10-07	25.4	25.4	25.4	25.4	0
1303	2022-10-10	25.4	25.4	25.4	25.4	0
1304	2022-10-11	25.4	25.4	25.4	25.4	200
1305	2022-10-12	21.62	22.82	21.62	21.71	3100
1306	2022-10-13	22.54	22.54	22.54	22.54	0
1307	2022-10-14	22.54	22.54	22.54	22.54	0
1308	2022-10-17	24.48	24.48	22.54	24.48	3100
1309	2022-10-18	23.74	23.74	23.74	23.74	0
1310	2022-10-19	24.02	24.02	24.02	24.02	100
1311	2022-10-20	25.87	25.87	25.87	25.87	100
1312	2022-10-21	25.87	25.87	25.87	25.87	0
1313	2022-10-24	25.87	25.87	25.87	25.87	0
1314	2022-10-25	24.94	24.94	24.94	24.94	400
1315	2022-10-26	24.94	24.94	24.94	24.94	0
1316	2022-10-27	24.94	24.94	24.94	24.94	0
1317	2022-10-28	24.94	24.94	24.94	24.94	0
1318	2022-10-31	21.25	24.94	21.25	24.94	16200
1319	2022-11-01	24.48	24.48	24.48	24.48	0
1320	2022-11-02	24.48	24.48	24.48	24.48	0
1321	2022-11-03	24.48	24.48	24.48	24.48	1
1322	2022-11-04	24.48	24.48	24.48	24.48	0
1323	2022-11-07	20.88	20.88	20.88	20.88	200
1324	2022-11-08	21.34	23.93	21.34	23.93	650
1325	2022-11-09	23.28	23.28	23.28	23.28	100
1326	2022-11-10	23.28	23.28	23.28	23.28	0
1327	2022-11-11	23.28	23.28	23.28	23.28	0
1328	2022-11-14	23.28	23.28	23.28	23.28	0
1329	2022-11-15	23.28	23.28	23.28	23.28	0
1330	2022-11-16	23.28	23.28	23.28	23.28	0
1331	2022-11-17	23.74	23.74	23.56	23.56	500
1332	2022-11-18	22.73	22.73	22.73	22.73	1100
1333	2022-11-21	22.73	22.73	22.73	22.73	0
1334	2022-11-22	22.73	22.73	22.73	22.73	0
1335	2022-11-23	20.32	20.32	19.4	19.86	12600
1336	2022-11-24	22.45	22.45	22.45	22.45	100
1337	2022-11-25	22.45	22.45	22.45	22.45	0
1338	2022-11-28	22.45	22.45	22.45	22.45	0
1339	2022-11-29	20.32	22.45	20.32	22.45	1300
1340	2022-11-30	20.79	20.79	20.79	20.79	0
1341	2022-12-01	20.42	20.42	20.42	20.42	100
1342	2022-12-02	20.42	20.42	20.42	20.42	0
1343	2022-12-05	21.99	22.17	21.25	22.17	1650
1344	2022-12-06	25.04	25.04	25.04	25.04	200
1345	2022-12-07	21.34	23.1	21.34	23.1	500
1346	2022-12-08	22.36	22.36	22.36	22.36	0
1347	2022-12-09	22.36	22.36	22.36	22.36	0
1348	2022-12-12	24.48	24.48	24.48	24.48	100
1349	2022-12-13	24.85	24.85	24.85	24.85	100
1350	2022-12-14	24.85	24.85	24.85	24.85	0
1351	2022-12-15	24.57	24.57	24.57	24.57	200
1352	2022-12-16	24.94	24.94	24.94	24.94	100
1353	2022-12-19	24.94	24.94	24.94	24.94	0
1354	2022-12-20	24.48	24.48	24.48	24.48	200
1355	2022-12-21	24.48	24.48	24.48	24.48	0
1356	2022-12-22	24.48	24.48	24.48	24.48	0
1357	2022-12-23	23.83	23.93	23.83	23.83	7200
1358	2022-12-26	23.83	23.83	23.83	23.83	0
1359	2022-12-27	23.74	23.74	23.74	23.74	400
1360	2022-12-28	23.74	23.74	23.74	23.74	0
1361	2022-12-29	23.74	23.74	23.74	23.74	0
1362	2022-12-30	23.56	23.56	23.56	23.56	1000
1363	2023-01-03	23.56	23.56	23.56	23.56	0
1364	2023-01-04	23.56	23.56	23.56	23.56	100
1365	2023-01-05	20.05	23.56	20.05	23.56	800
1366	2023-01-06	20.32	20.32	20.32	20.32	100
1367	2023-01-09	20.69	20.69	20.69	20.69	100
1368	2023-01-10	20.69	20.69	20.69	20.69	0
1369	2023-01-11	23.1	23.1	23.1	23.1	300
1370	2023-01-12	19.68	23.1	19.68	23.1	800
1371	2023-01-13	22.63	22.63	22.63	22.63	0
1372	2023-01-16	19.31	22.17	19.31	22.17	300
1373	2023-01-17	23.0	23.0	23.0	23.0	100
1374	2023-01-18	19.95	24.02	19.95	24.02	2200
1375	2023-01-19	20.14	20.32	20.14	20.32	500
1376	2023-01-27	23.37	23.37	23.37	23.37	200
1377	2023-01-30	20.51	20.51	20.51	20.51	100
1378	2023-01-31	23.56	23.56	23.56	23.56	500
1379	2023-02-01	20.51	24.94	20.51	24.94	500
1380	2023-02-02	20.6	20.6	20.6	20.6	100
1381	2023-02-03	20.6	20.6	20.6	20.6	0
1382	2023-02-06	20.6	20.6	20.6	20.6	0
1383	2023-02-07	21.8	21.8	21.8	21.8	400
1384	2023-02-08	20.51	21.8	20.51	21.8	500
1385	2023-02-09	21.52	21.52	21.52	21.52	0
1386	2023-02-10	21.52	21.52	21.52	21.52	0
1387	2023-02-13	22.17	22.17	22.17	22.17	100
1388	2023-02-14	19.95	21.06	19.95	21.06	2200
1389	2023-02-15	21.06	21.25	21.06	21.25	900
1390	2023-02-16	21.71	21.71	21.06	21.25	3300
1391	2023-02-17	21.06	21.06	21.06	21.06	1100
1392	2023-02-20	21.16	21.16	21.16	21.16	900
1393	2023-02-21	18.94	21.43	18.94	21.43	300
1394	2023-02-22	22.17	22.17	21.34	21.34	600
1395	2023-02-23	21.25	21.25	21.25	21.25	100
1396	2023-02-24	21.25	21.25	21.25	21.25	0
1397	2023-02-27	21.25	21.25	21.25	21.25	200
1398	2023-02-28	22.17	22.17	22.17	22.17	400
1399	2023-03-01	22.17	22.17	22.17	22.17	0
1400	2023-03-02	22.17	22.17	22.17	22.17	0
1401	2023-03-03	21.34	21.34	21.34	21.34	1000
1402	2023-03-06	21.34	21.34	21.34	21.34	0
1403	2023-03-07	21.34	21.34	21.34	21.34	0
1404	2023-03-08	23.83	23.83	23.83	23.83	100
1405	2023-03-09	20.51	20.51	20.51	20.51	100
1406	2023-03-10	20.51	20.51	20.51	20.51	0
1407	2023-03-13	20.51	20.51	20.51	20.51	0
1408	2023-03-14	23.56	23.56	23.56	23.56	300
1409	2023-03-15	20.42	20.42	20.42	20.42	100
1410	2023-03-16	20.42	20.42	20.42	20.42	0
1411	2023-03-17	20.42	20.42	20.42	20.42	0
1412	2023-03-20	20.05	20.05	19.49	19.68	1000
1413	2023-03-21	21.99	22.17	21.99	22.17	1100
1414	2023-03-22	19.77	22.17	19.77	22.17	700
1415	2023-03-23	22.17	22.17	22.17	22.17	100
1416	2023-03-24	21.71	21.71	21.71	21.71	100
1417	2023-03-27	21.71	21.71	21.71	21.71	0
1418	2023-03-28	22.17	22.17	22.17	22.17	100
1419	2023-03-29	22.17	22.17	22.17	22.17	0
1420	2023-03-30	22.17	22.17	22.17	22.17	0
1421	2023-03-31	21.25	21.25	19.58	19.58	1000
1422	2023-04-03	20.88	20.88	20.88	20.88	100
1423	2023-04-04	21.8	21.8	20.88	20.88	300
1424	2023-04-05	21.34	21.34	21.34	21.34	200
1425	2023-04-06	21.34	21.34	21.34	21.34	0
1426	2023-04-07	22.17	22.17	22.17	22.17	400
1427	2023-04-10	22.17	22.17	22.17	22.17	0
1428	2023-04-11	20.42	20.42	20.42	20.42	100
1429	2023-04-12	22.63	22.63	22.63	22.63	100
1430	2023-04-13	20.79	22.63	20.79	22.63	300
1431	2023-04-14	21.99	21.99	21.99	21.99	0
1432	2023-04-17	21.99	21.99	21.99	21.99	0
1433	2023-04-18	21.99	21.99	21.99	21.99	0
1434	2023-04-19	21.71	22.17	21.71	22.17	1200
1435	2023-04-20	22.17	22.17	22.17	22.17	400
1436	2023-04-21	22.17	22.17	22.17	22.17	0
1437	2023-04-24	22.17	22.17	22.17	22.17	0
1438	2023-04-25	22.17	22.17	22.17	22.17	0
1439	2023-04-26	22.17	22.17	22.17	22.17	0
1440	2023-04-27	22.17	22.17	22.17	22.17	0
1441	2023-04-28	20.42	20.42	20.42	20.42	100
1442	2023-05-04	23.37	23.46	23.37	23.46	3400
1443	2023-05-05	20.42	20.42	20.42	20.42	100
1444	2023-05-08	23.46	23.46	23.46	23.46	500
1445	2023-05-09	20.42	24.02	20.42	24.02	300
1446	2023-05-10	22.82	22.82	22.82	22.82	0
1447	2023-05-11	26.02	26.02	26.02	26.02	100
1448	2023-05-12	22.43	26.02	22.43	26.02	3100
1449	2023-05-15	22.33	22.33	22.33	22.33	100
1450	2023-05-16	25.63	25.63	25.63	25.63	6300
1451	2023-05-17	29.13	29.13	26.7	26.8	1800
1452	2023-05-18	27.09	27.09	27.09	27.09	0
1453	2023-05-19	24.28	24.37	24.28	24.37	300
1454	2023-05-22	25.25	25.44	25.25	25.44	5300
1455	2023-05-23	25.44	26.02	25.44	25.73	1100
1456	2023-05-24	25.83	27.19	25.83	27.19	4500
1457	2023-05-25	27.19	27.19	27.19	27.19	3500
1458	2023-05-26	27.19	27.19	27.19	27.19	0
1459	2023-05-29	27.29	27.58	27.29	27.58	2300
1460	2023-05-30	27.48	27.48	27.48	27.48	2900
1461	2023-05-31	27.48	27.48	27.48	27.48	2900
1462	2023-06-01	27.48	27.48	27.48	27.48	0
1463	2023-06-02	27.48	27.48	27.48	27.48	0
1464	2023-06-05	27.58	27.58	27.58	27.58	300
1465	2023-06-06	27.58	27.58	27.58	27.58	0
1466	2023-06-07	27.58	27.58	27.58	27.58	0
1467	2023-06-08	27.58	27.58	27.58	27.58	0
1468	2023-06-09	25.34	25.34	25.34	25.34	100
1469	2023-06-12	27.19	27.67	27.19	27.67	2600
1470	2023-06-13	27.58	27.58	27.58	27.58	0
1471	2023-06-14	25.34	25.34	25.34	25.34	100
1472	2023-06-15	25.34	25.34	25.34	25.34	0
1473	2023-06-16	25.34	25.34	25.34	25.34	0
1474	2023-06-19	25.34	25.34	25.34	25.34	0
1475	2023-06-20	25.34	25.34	25.34	25.34	0
1476	2023-06-21	25.34	25.34	25.34	25.34	0
1477	2023-06-22	25.34	25.34	25.34	25.34	0
1478	2023-06-23	25.34	25.34	25.34	25.34	0
1479	2023-06-26	25.34	25.34	25.34	25.34	0
1480	2023-06-27	25.34	25.34	25.34	25.34	0
1481	2023-06-28	27.29	27.67	27.29	27.67	4400
1482	2023-06-29	29.52	29.52	28.64	28.64	300
1483	2023-06-30	25.34	25.34	25.34	25.34	100
1484	2023-07-03	27.19	27.19	27.19	27.19	200
1485	2023-07-04	25.34	28.16	25.34	28.16	200
1486	2023-07-05	27.19	27.19	27.19	27.19	2900
1487	2023-07-06	27.19	27.19	27.19	27.19	200
1488	2023-07-07	29.13	29.13	29.13	29.13	100
1489	2023-07-10	24.76	24.76	24.76	24.76	100
1490	2023-07-11	27.38	27.38	27.38	27.38	100
1491	2023-07-12	27.48	27.48	27.48	27.48	200
1492	2023-07-13	27.48	27.48	27.48	27.48	0
1493	2023-07-14	27.48	27.48	27.48	27.48	0
1494	2023-07-17	27.58	27.58	27.58	27.58	100
1495	2023-07-18	27.67	27.67	27.67	27.67	300
1496	2023-07-19	27.67	27.67	27.67	27.67	200
1497	2023-07-20	27.67	27.67	27.67	27.67	0
1498	2023-07-21	27.67	29.13	27.67	29.13	11800
1499	2023-07-24	28.64	28.64	28.64	28.64	0
1500	2023-07-25	28.64	28.64	28.64	28.64	1000
1501	2023-07-26	28.64	28.64	28.64	28.64	700
1502	2023-07-27	29.13	29.13	29.13	29.13	100
1503	2023-07-28	29.13	29.13	29.13	29.13	0
1504	2023-07-31	27.29	28.16	27.29	28.16	2800
1505	2023-08-01	27.96	27.96	27.96	27.96	0
1506	2023-08-02	27.96	27.96	27.96	27.96	0
1507	2023-08-03	27.96	27.96	27.96	27.96	1100
1508	2023-08-04	27.96	27.96	27.96	27.96	0
1509	2023-08-07	28.16	28.94	28.16	28.74	8300
1510	2023-08-08	28.64	28.64	28.64	28.64	0
1511	2023-08-09	28.64	28.64	28.64	28.64	400
1512	2023-08-10	28.64	28.64	28.64	28.64	1500
1513	2023-08-11	28.64	28.64	28.64	28.64	300
1514	2023-08-14	28.64	28.64	28.64	28.64	500
1515	2023-08-15	28.64	28.64	28.64	28.64	0
1516	2023-08-16	28.64	28.64	28.64	28.64	0
1517	2023-08-17	28.64	28.64	28.64	28.64	100
1518	2023-08-18	28.64	28.64	28.64	28.64	0
1519	2023-08-21	27.38	27.67	27.38	27.67	500
1520	2023-08-22	27.19	27.19	27.19	27.19	100
1521	2023-08-23	27.19	27.19	27.19	27.19	0
1522	2023-08-24	27.19	27.19	27.19	27.19	0
1523	2023-08-25	28.16	28.16	28.16	28.16	400
1524	2023-08-28	29.13	30.1	29.13	30.1	200
1525	2023-08-29	25.83	25.83	25.83	25.83	100
1526	2023-08-30	27.48	27.48	27.48	27.48	500
1527	2023-08-31	28.16	28.64	28.16	28.64	2200
1528	2023-09-05	30.59	30.59	30.59	30.59	100
1529	2023-09-06	26.31	30.39	26.31	30.39	500
1530	2023-09-07	25.63	30.59	25.63	30.59	200
1531	2023-09-08	28.16	28.16	28.16	28.16	0
1532	2023-09-11	28.16	28.16	28.16	28.16	0
1533	2023-09-12	28.26	28.26	28.26	28.26	500
1534	2023-09-13	28.26	28.26	28.26	28.26	0
1535	2023-09-14	28.26	28.35	28.26	28.35	5800
1536	2023-09-15	28.35	28.35	28.35	28.35	400
1537	2023-09-18	28.35	28.35	28.35	28.35	0
1538	2023-09-19	28.35	28.35	28.16	28.16	4400
1539	2023-09-20	28.35	28.35	28.35	28.35	600
1540	2023-09-21	26.31	26.31	26.31	26.31	300
1541	2023-09-22	30.1	30.1	30.1	30.1	100
1542	2023-09-25	26.41	26.41	26.41	26.41	100
1543	2023-09-26	26.41	26.41	26.41	26.41	0
1544	2023-09-27	26.41	26.41	26.41	26.41	0
1545	2023-09-28	26.41	26.41	26.41	26.41	0
1546	2023-09-29	29.13	29.52	29.13	29.52	600
1547	2023-10-02	26.61	26.61	26.61	26.61	100
1548	2023-10-03	26.61	26.61	26.61	26.61	0
1549	2023-10-04	26.61	26.61	26.61	26.61	0
1550	2023-10-05	26.61	26.61	26.61	26.61	0
1551	2023-10-06	26.61	26.61	26.61	26.61	0
1552	2023-10-09	26.61	26.61	26.61	26.61	27
1553	2023-10-10	28.26	28.26	28.26	28.26	400
1554	2023-10-11	28.26	28.26	28.26	28.26	0
1555	2023-10-12	28.64	28.64	28.64	28.64	400
1556	2023-10-13	29.13	29.62	29.13	29.62	5100
1557	2023-10-16	29.13	29.13	29.13	29.13	100
1558	2023-10-17	29.13	29.13	29.13	29.13	0
1559	2023-10-18	28.16	28.16	28.16	28.16	1000
1560	2023-10-19	28.16	28.16	28.16	28.16	0
1561	2023-10-20	29.13	29.62	28.64	29.62	9300
1562	2023-10-23	29.62	31.07	29.62	31.07	1500
1563	2023-10-24	31.07	31.07	31.07	31.07	500
1564	2023-10-25	31.07	31.07	31.07	31.07	0
1565	2023-10-26	30.2	31.56	29.13	31.27	10200
1566	2023-10-27	32.04	32.04	32.04	32.04	500
1567	2023-10-30	32.04	32.04	32.04	32.04	0
1568	2023-10-31	32.14	32.14	32.14	32.14	600
1569	2023-11-01	32.04	32.04	32.04	32.04	1000
1570	2023-11-02	32.04	32.04	32.04	32.04	0
1571	2023-11-03	32.14	32.14	32.14	32.14	200
1572	2023-11-06	33.98	34.66	33.98	33.98	2400
1573	2023-11-07	33.98	33.98	33.98	33.98	300
1574	2023-11-08	33.98	33.98	33.98	33.98	0
1575	2023-11-09	33.98	33.98	33.98	33.98	0
1576	2023-11-10	34.96	34.96	34.08	34.08	600
1577	2023-11-13	34.28	34.28	34.28	34.28	0
1578	2023-11-14	34.28	34.28	34.08	34.28	3600
1579	2023-11-15	34.08	34.08	34.08	34.08	0
1580	2023-11-16	34.08	34.08	34.08	34.08	0
1581	2023-11-17	34.08	34.28	34.08	34.28	11300
1582	2023-11-20	34.96	35.54	34.96	35.54	1000
1583	2023-11-21	34.96	34.96	34.96	34.96	300
1584	2023-11-22	34.96	34.96	34.96	34.96	0
1585	2023-11-23	34.96	34.96	34.96	34.96	600
1586	2023-11-24	29.71	34.96	29.71	34.96	300
1587	2023-11-27	33.21	33.21	33.21	33.21	0
1588	2023-11-28	33.21	33.21	33.21	33.21	0
1589	2023-11-29	33.21	33.21	33.21	33.21	0
1590	2023-11-30	34.47	34.96	34.47	34.96	500
1591	2023-12-01	34.86	34.86	34.86	34.86	0
1592	2023-12-04	34.86	34.86	34.86	34.86	0
1593	2023-12-05	34.86	34.86	34.86	34.86	0
1594	2023-12-06	36.41	36.8	36.41	36.8	1100
1595	2023-12-07	37.38	38.06	37.38	38.06	3300
1596	2023-12-08	38.26	38.35	38.26	38.35	200
1597	2023-12-11	38.35	38.84	38.35	38.84	1300
1598	2023-12-12	33.01	33.01	33.01	33.01	100
1599	2023-12-13	37.87	37.97	37.87	37.87	2600
1600	2023-12-14	37.87	37.87	37.87	37.87	0
1601	2023-12-15	37.87	37.87	37.87	37.87	0
1602	2023-12-18	38.84	39.23	38.84	39.23	1100
1603	2023-12-19	39.23	39.23	39.23	39.23	0
1604	2023-12-20	33.4	39.33	33.4	36.22	2400
1605	2023-12-21	36.22	39.33	36.22	38.84	6100
1606	2023-12-22	36.7	36.7	36.7	36.7	0
1607	2023-12-25	39.42	39.42	39.42	39.42	100
1608	2023-12-26	36.9	37.48	36.9	37.38	8500
1609	2023-12-27	37.38	37.38	37.38	37.38	0
1610	2023-12-28	39.81	39.81	38.84	38.84	400
1611	2023-12-29	34.08	36.02	34.08	36.02	3000
1612	2024-01-02	39.23	39.23	39.23	39.23	100
1613	2024-01-03	34.47	36.12	34.47	36.02	2200
1614	2024-01-04	36.12	36.22	36.12	36.22	200
1615	2024-01-05	36.22	36.22	36.22	36.22	0
1616	2024-01-08	37.09	37.09	37.0	37.0	900
1617	2024-01-09	37.09	37.09	37.09	37.09	0
1618	2024-01-10	37.09	37.09	37.09	37.09	0
1619	2024-01-11	36.22	36.22	36.22	36.22	300
1620	2024-01-12	36.41	36.41	36.41	36.41	300
1621	2024-01-15	36.41	36.41	36.41	36.41	0
1622	2024-01-16	37.48	37.48	37.48	37.48	1200
1623	2024-01-17	37.48	37.48	37.48	37.48	3100
1624	2024-01-18	37.48	37.48	37.48	37.48	700
1625	2024-01-19	37.48	37.48	37.48	37.48	0
1626	2024-01-22	37.48	37.48	37.48	37.48	500
1627	2024-01-23	37.48	38.16	37.48	38.16	1800
1628	2024-01-24	37.87	37.87	37.87	37.87	0
1629	2024-01-25	37.48	37.48	37.48	37.48	300
1630	2024-01-26	38.16	38.16	38.16	38.16	1000
1631	2024-01-29	38.84	39.81	38.65	38.65	1400
1632	2024-01-30	38.74	38.74	38.74	38.74	0
1633	2024-01-31	39.42	39.81	38.84	38.84	1800
1634	2024-02-01	40.3	40.3	40.3	40.3	100
1635	2024-02-02	37.0	37.0	37.0	37.0	100
1636	2024-02-05	37.0	37.0	37.0	37.0	0
1637	2024-02-06	37.0	37.0	37.0	37.0	0
1638	2024-02-07	37.97	37.97	37.97	37.97	1000
1639	2024-02-15	39.81	39.81	39.81	39.81	1000
1640	2024-02-16	36.02	36.02	36.02	36.02	100
1641	2024-02-19	36.02	36.02	36.02	36.02	0
1642	2024-02-20	36.02	36.02	36.02	36.02	0
1643	2024-02-21	38.74	38.74	38.74	38.74	1200
1644	2024-02-22	39.23	39.33	39.23	39.33	1200
1645	2024-02-23	39.33	39.33	39.33	39.33	0
1646	2024-02-26	35.15	37.87	35.15	37.87	200
1647	2024-02-27	41.27	41.27	41.27	41.27	1600
1648	2024-02-28	38.35	38.35	38.35	38.35	100
1649	2024-02-29	35.93	38.84	35.93	38.84	1000
1650	2024-03-01	36.22	36.22	36.22	36.22	0
1651	2024-03-04	36.22	36.22	36.22	36.22	0
1652	2024-03-05	36.22	36.22	36.22	36.22	0
1653	2024-03-06	30.88	38.65	30.88	38.65	200
1654	2024-03-07	38.84	39.33	38.84	39.33	500
1655	2024-03-08	39.13	39.13	39.13	39.13	0
1656	2024-03-11	39.33	39.33	39.33	39.33	100
1657	2024-03-12	39.33	39.33	39.33	39.33	0
1658	2024-03-13	39.81	39.81	39.33	39.33	500
1659	2024-03-14	39.42	39.42	39.42	39.42	0
1660	2024-03-15	39.81	39.81	39.42	39.81	2500
1661	2024-03-18	36.9	40.78	36.9	39.81	19500
1662	2024-03-19	39.81	39.81	39.81	39.81	100
1663	2024-03-20	35.34	40.68	35.34	40.68	2900
1664	2024-03-21	39.33	39.33	39.33	39.33	0
1665	2024-03-22	35.54	38.55	35.54	38.55	200
1666	2024-03-25	37.09	37.09	37.09	37.09	0
1667	2024-03-26	37.09	37.09	37.09	37.09	0
1668	2024-03-27	38.94	38.94	38.94	38.94	100
1669	2024-03-28	39.81	40.01	39.81	40.01	400
1670	2024-03-29	39.91	39.91	39.91	39.91	0
1671	2024-04-01	39.81	40.01	38.94	40.01	5200
1672	2024-04-02	39.91	40.2	39.91	40.2	3700
1673	2024-04-03	40.2	40.2	40.2	40.2	7600
1674	2024-04-04	40.2	40.2	40.2	40.2	1600
1675	2024-04-05	40.2	40.2	40.2	40.2	200
1676	2024-04-08	40.2	40.2	40.2	40.2	0
1677	2024-04-09	40.2	40.2	40.2	40.2	0
1678	2024-04-10	40.2	40.2	40.2	40.2	8
1679	2024-04-11	39.91	39.91	39.91	39.91	100
1680	2024-04-12	40.01	40.01	39.91	40.01	2200
1681	2024-04-15	40.01	40.01	40.01	40.01	0
1682	2024-04-16	40.01	40.01	40.01	40.01	0
1683	2024-04-17	40.01	40.01	40.01	40.01	0
1684	2024-04-19	39.81	39.81	39.81	39.81	401
1685	2024-04-22	40.3	40.59	40.01	40.39	14700
1686	2024-04-23	40.3	40.3	40.3	40.3	100
1687	2024-04-24	40.3	40.3	40.3	40.3	0
1688	2024-04-25	40.3	40.3	40.3	40.3	0
1689	2024-04-26	40.3	40.59	40.3	40.39	6300
1690	2024-05-02	40.39	40.49	40.39	40.39	6500
1691	2024-05-03	40.39	40.39	40.39	40.39	0
1692	2024-05-06	40.39	40.39	40.39	40.39	0
1693	2024-05-07	40.3	40.3	40.3	40.3	1000
1694	2024-05-08	40.3	40.3	40.3	40.3	0
1695	2024-05-09	40.3	40.3	40.3	40.3	0
1696	2024-05-10	40.3	40.3	40.3	40.3	0
1697	2024-05-13	35.54	38.06	35.54	37.0	600
1698	2024-05-14	40.3	40.39	40.3	40.3	4300
1699	2024-05-15	35.54	40.3	35.54	40.3	10200
1700	2024-05-16	35.64	40.3	35.64	40.3	5400
1701	2024-05-17	40.2	40.3	40.2	40.3	701
1702	2024-05-20	35.73	40.3	35.73	40.3	3900
1703	2024-05-21	41.4	41.4	41.4	41.4	200
1704	2024-05-22	41.4	41.4	41.4	41.4	0
1705	2024-05-23	36.7	36.7	36.7	36.7	101
1706	2024-05-24	36.7	36.7	36.7	36.7	0
1707	2024-05-27	36.7	36.7	36.7	36.7	0
1708	2024-05-28	36.7	36.7	36.7	36.7	0
1709	2024-05-29	36.7	36.7	36.7	36.7	0
1710	2024-05-30	36.7	36.7	36.7	36.7	0
1711	2024-05-31	40.1	40.1	40.1	40.1	200
1712	2024-06-03	36.1	40.2	36.1	40.2	2400
1713	2024-06-04	39.8	39.8	39.8	39.8	0
1714	2024-06-05	36.2	40.1	36.2	40.1	200
1715	2024-06-06	38.2	38.2	38.2	38.2	0
1716	2024-06-07	40.1	40.1	40.1	40.1	100
1717	2024-06-10	36.5	36.5	36.5	36.5	100
1718	2024-06-11	36.5	36.5	36.5	36.5	0
1719	2024-06-12	39.1	39.1	39.1	39.1	100
1720	2024-06-13	40.0	40.0	40.0	40.0	500
1721	2024-06-14	40.0	40.0	40.0	40.0	0
1722	2024-06-17	36.4	39.1	36.4	39.1	200
1723	2024-06-18	37.8	37.8	37.8	37.8	0
1724	2024-06-19	39.1	40.0	39.1	40.0	600
1725	2024-06-20	36.2	36.2	36.2	36.2	100
1726	2024-06-21	36.2	36.2	36.2	36.2	0
1727	2024-06-24	39.0	39.0	39.0	39.0	100
1728	2024-06-25	39.5	39.5	39.5	39.5	500
1729	2024-06-26	39.5	39.5	39.5	39.5	100
1730	2024-06-27	39.5	39.5	39.5	39.5	0
1731	2024-06-28	39.5	39.5	39.5	39.5	1000
1732	2024-07-01	39.5	39.5	39.5	39.5	0
1733	2024-07-02	39.5	39.5	39.5	39.5	2000
1734	2024-07-03	39.5	39.5	39.5	39.5	5500
1735	2024-07-04	39.5	39.5	39.5	39.5	500
1736	2024-07-05	39.5	39.5	39.5	39.5	0
1737	2024-07-08	39.5	39.5	39.5	39.5	8700
1738	2024-07-09	39.5	39.5	39.5	39.5	0
1739	2024-07-10	39.5	39.5	39.5	39.5	0
1740	2024-07-11	39.5	39.5	39.5	39.5	0
1741	2024-07-12	39.5	39.5	39.5	39.5	0
1742	2024-07-15	39.5	39.5	39.5	39.5	0
1743	2024-07-16	39.5	39.5	39.5	39.5	0
1744	2024-07-17	39.5	39.5	39.5	39.5	16000
1745	2024-07-18	39.5	39.5	39.5	39.5	0
1746	2024-07-19	39.5	39.5	39.5	39.5	10000
1747	2024-07-22	40.0	41.0	40.0	41.0	5400
1748	2024-07-23	41.1	41.9	41.1	41.3	605
1749	2024-07-24	41.2	41.3	41.2	41.3	1400
1750	2024-07-25	41.3	41.3	41.3	41.3	1000
1751	2024-07-31	41.9	42.5	41.9	42.5	5900
1752	2024-08-01	42.2	42.2	42.2	42.2	900
1753	2024-08-05	41.5	41.5	41.5	41.5	100
1754	2024-08-13	41.5	41.5	41.5	41.5	2900
1755	2024-08-16	41.5	41.5	41.0	41.5	800
1756	2024-08-19	41.5	41.5	41.5	41.5	500
1757	2024-08-20	41.5	41.6	41.5	41.6	800
1758	2024-08-21	41.6	41.6	41.6	41.6	2300
1759	2024-08-23	41.6	41.6	41.6	41.6	200
1760	2024-08-26	42.0	42.0	41.6	41.6	300
1761	2024-08-29	42.0	42.0	42.0	42.0	100
1762	2024-08-30	43.0	43.0	43.0	43.0	100
1763	2024-09-04	43.0	43.5	43.0	43.0	600
1764	2024-09-05	43.5	43.5	43.5	43.5	200
1765	2024-09-06	43.5	43.5	43.5	43.5	800
1766	2024-09-10	43.0	43.0	43.0	43.0	1500
1767	2024-09-16	43.1	43.1	43.1	43.1	100
1768	2024-09-18	37.5	37.5	37.5	37.5	100
1769	2024-09-19	42.0	42.0	42.0	42.0	200
1770	2024-09-20	42.1	42.1	42.1	42.1	100
1771	2024-09-25	36.7	36.7	36.7	36.7	100
1772	2024-09-26	42.2	42.2	42.1	42.2	1300
1773	2024-09-27	42.3	42.5	42.3	42.3	6500
1774	2024-10-03	37.1	37.1	37.1	37.1	100
1775	2024-10-07	42.1	42.1	42.1	42.1	200
1776	2024-10-08	42.0	42.1	42.0	42.1	200
1777	2024-10-10	42.1	42.1	42.1	42.1	300
1778	2024-10-11	42.2	42.2	42.2	42.2	100
1779	2024-10-18	42.2	42.2	42.2	42.2	100
1780	2024-10-21	43.9	45.0	43.9	45.0	7800
1781	2024-10-22	44.5	46.0	44.5	44.9	30000
1782	2024-10-23	44.9	44.9	44.9	44.9	100
1783	2024-10-24	44.9	44.9	44.9	44.9	300
1784	2024-10-28	44.9	44.9	44.9	44.9	300
1785	2024-10-29	45.0	45.0	45.0	45.0	1100
1786	2024-10-30	45.1	45.1	45.1	45.1	1300
1787	2024-10-31	45.5	45.5	45.5	45.5	400
1788	2024-11-01	45.5	45.8	45.5	45.8	1500
1789	2024-11-04	45.5	45.6	45.5	45.6	2300
1790	2024-11-07	46.0	46.5	46.0	46.5	400
1791	2024-11-11	46.3	46.3	46.3	46.3	700
1792	2024-11-12	46.3	46.3	46.2	46.2	500
1793	2024-11-13	44.1	46.3	44.1	46.3	4100
1794	2024-11-14	46.2	46.2	46.2	46.2	4500
1795	2024-11-15	45.5	45.5	45.5	45.5	100
1796	2024-11-18	45.8	46.0	45.5	46.0	2900
1797	2024-11-19	46.0	46.0	45.9	45.9	500
1798	2024-11-20	45.9	45.9	45.9	45.9	700
1799	2024-11-25	44.5	45.5	44.5	45.5	500
1800	2024-11-26	44.9	44.9	44.9	44.9	400
1801	2024-11-28	44.6	44.7	44.6	44.7	2700
1802	2024-11-29	44.7	44.7	44.7	44.7	900
1803	2024-12-03	45.2	46.0	45.2	46.0	400
1804	2024-12-06	52.0	52.0	44.3	44.3	200
1805	2024-12-09	41.0	48.0	41.0	48.0	200
1806	2024-12-10	48.0	48.0	48.0	48.0	100
1807	2024-12-11	42.5	47.5	42.5	47.5	200
1808	2024-12-12	47.2	47.4	46.0	46.0	800
1809	2024-12-16	47.0	47.0	46.8	46.8	300
1810	2024-12-17	44.5	46.0	44.5	46.0	300
1811	2024-12-18	46.0	46.0	46.0	46.0	100
1812	2024-12-19	52.9	52.9	52.0	52.0	10000
1813	2024-12-20	45.0	45.0	45.0	45.0	100
1814	2024-12-23	46.5	51.7	45.2	51.7	1200
1815	2024-12-24	46.5	48.0	46.5	48.0	1500
1816	2024-12-25	49.0	49.0	49.0	49.0	100
1817	2024-12-27	55.0	55.0	50.8	51.0	2700
1818	2024-12-30	50.0	50.0	50.0	50.0	100
1819	2025-01-10	50.0	50.0	50.0	50.0	1000
1820	2025-01-15	50.0	55.0	50.0	55.0	700
1821	2025-01-16	50.7	50.7	50.7	50.7	200
1822	2025-01-20	54.0	54.0	53.9	53.9	2300
1823	2025-01-21	54.2	57.1	54.0	57.1	2900
1824	2025-01-22	57.0	62.0	57.0	62.0	5000
1825	2025-01-23	53.4	58.0	53.4	58.0	200
1826	2025-02-03	64.0	64.0	62.0	63.0	6800
1827	2025-02-04	55.5	65.0	55.5	65.0	3500
1828	2025-02-05	56.5	60.0	56.5	60.0	200
1829	2025-02-06	60.1	62.0	60.0	62.0	700
1830	2025-02-07	61.5	61.5	61.5	61.5	100
1831	2025-02-13	64.8	65.0	64.8	65.0	3600
1832	2025-02-14	57.3	66.5	57.3	66.5	200
1833	2025-02-17	58.1	58.1	58.1	58.1	100
1834	2025-02-18	65.8	66.5	59.5	59.5	2300
1835	2025-02-19	59.7	59.7	59.7	59.7	100
1836	2025-02-20	62.0	67.0	62.0	67.0	3600
1837	2025-02-21	62.2	64.6	62.2	64.6	6300
1838	2025-02-25	65.3	65.3	65.3	65.3	100
1839	2025-02-26	65.2	65.2	65.2	65.2	900
1840	2025-02-27	65.7	66.8	65.7	66.8	4300
1841	2025-03-03	66.6	67.6	66.6	67.6	3300
1842	2025-03-06	59.6	59.6	59.6	59.6	100
1843	2025-03-07	65.0	65.0	64.1	64.5	9300
1844	2025-03-10	64.7	64.7	64.7	64.7	200
1845	2025-03-11	65.3	65.3	62.1	64.6	15100
1846	2025-03-12	62.7	64.9	62.7	64.9	3300
1847	2025-03-13	62.9	64.1	62.9	64.1	3900
1848	2025-03-14	63.5	63.5	61.9	62.1	5600
1849	2025-03-17	62.6	62.6	61.5	61.5	2900
1850	2025-03-18	62.6	62.6	62.6	62.6	200
1851	2025-03-19	61.1	62.5	61.1	62.5	800
1852	2025-03-24	60.0	61.4	59.9	59.9	16200
1853	2025-03-25	61.4	61.4	61.4	61.4	100
1854	2025-03-26	63.9	63.9	61.4	61.4	900
1855	2025-03-27	61.4	63.6	61.4	62.9	1000
1856	2025-04-01	61.0	62.9	59.0	61.0	9700
