	time	open	high	low	close	volume
0	2018-04-12	15.4	15.4	15.28	15.4	47800
1	2018-04-13	17.11	17.6	17.11	17.6	29462
2	2018-04-16	19.56	19.56	17.54	17.54	14500
3	2018-04-17	16.32	16.32	15.83	16.2	8430
4	2018-04-18	14.67	15.1	14.55	14.55	8140
5	2018-04-19	15.95	15.95	14.67	15.28	2500
6	2018-04-20	15.34	15.59	14.98	15.59	10542
7	2018-04-23	15.16	15.16	13.75	13.75	1640
8	2018-04-24	13.75	13.75	13.75	13.75	1800
9	2018-04-26	14.67	14.67	14.3	14.3	6100
10	2018-04-27	14.43	14.43	14.43	14.43	0
11	2018-05-02	14.43	14.43	14.43	14.43	0
12	2018-05-03	13.45	13.45	13.45	13.45	200
13	2018-05-04	13.45	13.45	13.45	13.45	2800
14	2018-05-07	13.51	13.51	13.45	13.45	4400
15	2018-05-08	13.45	14.06	13.45	14.06	4000
16	2018-05-09	13.75	13.75	13.75	13.75	0
17	2018-05-10	12.9	12.9	12.84	12.84	5500
18	2018-05-11	12.84	12.84	12.84	12.84	2000
19	2018-05-14	13.45	13.45	13.45	13.45	2200
20	2018-05-15	13.45	13.45	13.45	13.45	1805
21	2018-05-16	13.45	13.75	13.45	13.45	11910
22	2018-05-17	13.45	13.45	13.45	13.45	100
23	2018-05-18	13.45	13.45	13.45	13.45	0
24	2018-05-21	13.45	13.45	13.45	13.45	600
25	2018-05-22	13.45	13.45	13.45	13.45	1000
26	2018-05-23	13.45	13.45	13.45	13.45	5300
27	2018-05-24	13.45	13.45	13.45	13.45	0
28	2018-05-25	13.45	13.45	13.45	13.45	0
29	2018-05-28	13.45	13.45	13.45	13.45	0
30	2018-05-29	11.67	12.04	11.67	12.04	15068
31	2018-05-30	11.86	11.86	11.86	11.86	0
32	2018-05-31	13.45	13.45	13.45	13.45	100
33	2018-06-01	13.45	13.45	13.45	13.45	0
34	2018-06-04	12.22	12.53	12.22	12.53	1400
35	2018-06-05	12.47	12.47	12.47	12.47	0
36	2018-06-06	12.47	12.47	12.47	12.47	0
37	2018-06-07	12.84	12.84	12.84	12.84	4850
38	2018-06-08	12.84	12.84	12.84	12.84	2000
39	2018-06-11	12.84	12.84	12.84	12.84	0
40	2018-06-12	12.84	12.84	12.84	12.84	0
41	2018-06-13	12.35	12.35	12.22	12.22	16000
42	2018-06-14	12.22	12.22	12.22	12.22	2000
43	2018-06-15	12.22	12.22	12.22	12.22	10
44	2018-06-18	13.57	13.57	13.57	13.57	100
45	2018-06-19	11.61	11.61	11.61	11.61	5700
46	2018-06-20	11.61	11.61	11.61	11.61	13400
47	2018-06-21	11.61	11.61	11.61	11.61	5000
48	2018-06-22	11.61	11.61	11.61	11.61	4200
49	2018-06-25	11.67	11.67	11.67	11.67	6300
50	2018-06-26	11.67	11.67	11.67	11.67	7300
51	2018-06-27	13.2	13.2	11.67	11.67	1300
52	2018-06-28	11.31	11.31	11.31	11.31	1240
53	2018-06-29	11.25	11.25	11.25	11.25	5900
54	2018-07-02	11.06	11.06	11.06	11.06	100
55	2018-07-03	11.86	11.86	11.86	11.86	100
56	2018-07-04	10.21	10.21	10.21	10.21	100
57	2018-07-05	10.39	10.39	10.39	10.39	200
58	2018-07-06	11.61	11.61	11.61	11.61	200
59	2018-07-09	11.61	11.61	11.61	11.61	0
60	2018-07-10	11.61	11.61	11.61	11.61	0
61	2018-07-11	11.61	11.61	11.61	11.61	0
62	2018-07-12	11.55	11.55	11.55	11.55	100
63	2018-07-13	11.55	11.55	11.55	11.55	0
64	2018-07-16	13.26	13.26	13.26	13.26	150
65	2018-07-17	13.26	13.26	13.26	13.26	0
66	2018-07-18	13.26	13.26	13.26	13.26	0
67	2018-07-19	13.26	13.26	13.26	13.26	0
68	2018-07-20	15.16	15.16	15.16	15.16	100
69	2018-07-23	15.16	15.16	15.16	15.16	0
70	2018-07-24	15.16	15.16	15.16	15.16	0
71	2018-07-25	15.16	15.16	15.16	15.16	0
72	2018-07-26	15.16	15.16	15.16	15.16	0
73	2018-07-27	12.9	12.9	12.9	12.9	201
74	2018-07-30	12.9	12.9	12.9	12.9	0
75	2018-07-31	12.84	12.84	12.53	12.53	10107
76	2018-08-01	12.59	12.59	12.59	12.59	0
77	2018-08-02	12.59	12.59	12.59	12.59	0
78	2018-08-03	12.59	12.59	12.59	12.59	0
79	2018-08-06	12.59	12.59	12.59	12.53	40
80	2018-08-07	12.59	12.59	12.59	12.59	0
81	2018-08-08	12.59	12.59	12.59	12.59	0
82	2018-08-09	12.59	12.59	12.59	12.59	0
83	2018-08-10	12.59	12.59	12.59	12.59	0
84	2018-08-13	12.1	12.22	12.1	12.22	1100
85	2018-08-14	12.22	12.22	12.22	12.22	0
86	2018-08-15	12.22	12.22	12.22	12.22	0
87	2018-08-16	12.22	12.22	12.22	12.22	0
88	2018-08-17	12.22	12.22	12.22	12.22	10
89	2018-08-20	12.22	12.22	12.22	12.22	7100
90	2018-08-21	12.22	12.22	12.22	12.22	6100
91	2018-08-22	12.22	12.22	12.22	12.22	5192
92	2018-08-23	12.22	12.22	12.22	12.22	0
93	2018-08-24	12.22	12.22	12.22	12.22	100
94	2018-08-27	12.22	12.22	12.22	12.22	0
95	2018-08-28	12.22	12.22	12.22	12.22	200
96	2018-08-29	12.22	12.22	12.22	12.22	5192
97	2018-08-30	11.61	11.61	11.61	11.61	942
98	2018-08-31	11.61	11.61	11.0	11.0	1100
99	2018-09-04	11.06	11.06	11.06	11.06	0
100	2018-09-05	11.06	11.06	11.06	11.06	0
101	2018-09-06	11.61	11.61	11.61	11.61	200
102	2018-09-07	11.61	11.61	11.61	11.61	3245
103	2018-09-10	11.61	11.61	11.61	11.61	0
104	2018-09-11	11.61	11.61	11.61	11.61	0
105	2018-09-12	11.61	11.61	11.61	11.61	0
106	2018-09-13	11.61	11.61	11.61	11.61	0
107	2018-09-14	11.61	11.61	11.61	11.61	0
108	2018-09-17	11.92	11.92	11.92	11.92	2300
109	2018-09-18	11.92	11.92	11.92	11.92	0
110	2018-09-19	11.92	12.1	11.92	12.1	1100
111	2018-09-20	12.1	12.1	12.1	12.1	500
112	2018-09-21	12.1	12.1	12.1	12.1	0
113	2018-09-24	12.1	12.1	12.1	12.1	0
114	2018-09-25	12.1	12.1	12.1	12.1	100
115	2018-09-26	11.92	11.92	11.92	11.92	500
116	2018-09-27	11.92	12.22	11.92	12.22	900
117	2018-09-28	12.04	12.04	12.04	12.04	0
118	2018-10-01	12.04	12.04	12.04	12.04	0
119	2018-10-02	12.04	12.04	12.04	12.04	0
120	2018-10-03	12.04	12.04	12.04	12.04	0
121	2018-10-04	12.04	12.04	12.04	12.04	0
122	2018-10-05	12.04	12.04	12.04	12.04	1200
123	2018-10-08	12.04	12.04	12.04	12.04	400
124	2018-10-09	12.04	12.04	12.04	12.04	0
125	2018-10-10	12.04	12.04	12.04	12.04	0
126	2018-10-11	11.92	11.92	11.92	11.92	1000
127	2018-10-12	11.92	11.92	11.92	11.92	0
128	2018-10-15	11.92	11.92	11.92	11.92	0
129	2018-10-16	11.92	11.92	11.92	11.92	0
130	2018-10-17	11.92	11.92	11.92	11.92	0
131	2018-10-18	11.61	11.92	11.61	11.92	12500
132	2018-10-19	11.67	11.67	11.67	11.67	0
133	2018-10-22	11.67	11.67	11.67	11.67	0
134	2018-10-23	11.61	11.61	11.61	11.61	5000
135	2018-10-24	11.61	11.61	11.61	11.61	1500
136	2018-10-25	11.61	11.61	11.61	11.61	1000
137	2018-10-26	11.61	11.61	11.61	11.61	3900
138	2018-10-29	11.61	11.61	11.61	11.61	0
139	2018-10-30	11.61	11.61	11.61	11.61	0
140	2018-10-31	11.61	11.61	11.61	11.61	0
141	2018-11-01	11.61	11.61	11.61	11.61	0
142	2018-11-02	11.61	11.61	11.61	11.61	6300
143	2018-11-05	11.61	11.61	11.61	11.61	0
144	2018-11-06	11.61	11.61	11.61	11.61	0
145	2018-11-07	11.61	11.61	11.61	11.61	0
146	2018-11-08	11.61	11.61	11.61	11.61	0
147	2018-11-09	11.61	11.61	11.61	11.61	0
148	2018-11-12	11.61	11.61	11.61	11.61	0
149	2018-11-13	11.61	11.61	11.61	11.61	0
150	2018-11-14	11.61	11.61	11.61	11.61	0
151	2018-11-15	10.57	11.61	10.57	11.61	600
152	2018-11-16	11.43	11.43	11.43	11.43	0
153	2018-11-19	11.43	11.43	11.43	11.43	0
154	2018-11-20	13.14	13.14	13.14	13.14	100
155	2018-11-21	11.61	11.61	11.61	11.61	2400
156	2018-11-22	11.61	11.61	11.61	11.61	0
157	2018-11-23	11.61	11.61	11.61	11.61	0
158	2018-11-26	11.61	11.61	11.61	11.61	100
159	2018-11-27	11.61	11.61	11.61	11.61	0
160	2018-11-28	11.61	11.61	11.61	11.61	0
161	2018-11-29	11.61	11.61	11.61	11.61	0
162	2018-11-30	11.61	11.61	11.61	11.61	0
163	2018-12-03	10.76	10.76	10.7	10.7	940
164	2018-12-04	12.35	12.35	12.35	12.35	1000
165	2018-12-05	12.35	12.35	12.35	12.35	0
166	2018-12-06	11.74	11.74	11.74	11.74	5100
167	2018-12-07	11.92	11.92	11.92	11.92	100
168	2018-12-10	11.92	11.92	11.92	11.92	0
169	2018-12-11	11.92	11.92	11.92	11.92	0
170	2018-12-12	11.92	11.92	11.92	11.92	0
171	2018-12-13	11.92	11.92	11.92	11.92	0
172	2018-12-14	11.92	11.92	11.92	11.92	0
173	2018-12-17	11.92	11.92	11.92	11.92	0
174	2018-12-18	11.92	11.92	11.92	11.92	1000
175	2018-12-19	11.92	11.92	11.92	11.92	0
176	2018-12-20	11.92	11.92	11.92	11.92	0
177	2018-12-21	11.92	11.92	11.92	11.92	0
178	2018-12-24	11.92	11.92	11.92	11.92	0
179	2018-12-25	11.92	11.92	11.92	11.92	0
180	2018-12-26	11.92	11.92	11.92	11.92	0
181	2018-12-27	11.92	11.92	11.92	11.92	0
182	2018-12-28	11.92	11.92	11.92	11.92	0
183	2019-01-02	11.92	11.92	11.92	11.92	0
184	2019-01-03	11.92	11.92	11.92	11.92	0
185	2019-01-04	11.92	11.92	11.92	11.92	0
186	2019-01-07	11.92	11.92	11.92	11.92	0
187	2019-01-08	10.7	10.7	10.7	10.7	5000
188	2019-01-09	10.7	10.7	10.7	10.7	0
189	2019-01-10	10.7	10.7	10.7	10.7	0
190	2019-01-11	10.7	10.7	10.7	10.7	0
191	2019-01-14	10.7	10.7	10.7	10.7	0
192	2019-01-15	10.7	10.7	10.7	10.7	0
193	2019-01-16	10.7	10.7	10.7	10.7	0
194	2019-01-17	10.7	10.7	10.7	10.7	0
195	2019-01-18	10.7	10.7	10.7	10.7	0
196	2019-01-21	10.7	10.7	10.7	10.7	0
197	2019-01-22	10.7	10.7	10.7	10.7	0
198	2019-01-23	10.45	10.45	10.39	10.39	400
199	2019-01-24	10.45	10.45	10.45	10.45	600
200	2019-01-25	10.45	10.45	10.45	10.45	0
201	2019-01-28	10.45	10.45	10.45	10.45	0
202	2019-01-29	11.92	11.92	11.92	11.92	100
203	2019-01-30	11.92	11.92	11.92	11.92	0
204	2019-01-31	11.92	11.92	11.92	11.92	0
205	2019-02-01	11.61	12.22	11.61	12.22	1400
206	2019-02-11	11.67	12.22	12.22	12.22	0
207	2019-02-12	13.39	13.39	13.39	13.39	100
208	2019-02-13	13.39	13.39	13.39	13.39	0
209	2019-02-14	13.39	13.39	13.39	13.39	0
210	2019-02-15	13.39	13.39	13.39	13.39	0
211	2019-02-18	13.39	13.39	13.39	13.39	0
212	2019-02-19	13.39	13.39	13.39	13.39	0
213	2019-02-20	13.39	13.39	13.39	13.39	0
214	2019-02-21	13.39	13.39	13.39	13.39	0
215	2019-02-22	12.22	12.22	12.22	12.22	5000
216	2019-02-25	12.22	12.22	12.22	12.22	400
217	2019-02-26	12.22	12.22	12.22	12.22	0
218	2019-02-27	12.22	12.22	12.22	12.22	0
219	2019-02-28	12.22	12.22	12.22	12.22	0
220	2019-03-01	12.22	12.22	12.22	12.22	0
221	2019-03-04	12.22	12.22	12.22	12.22	0
222	2019-03-05	12.22	12.22	12.22	12.22	500
223	2019-03-06	13.51	13.51	13.51	13.51	100
224	2019-03-07	13.51	13.51	13.51	13.51	0
225	2019-03-08	13.51	13.51	13.51	13.51	40
226	2019-03-11	13.51	13.51	13.51	13.51	0
227	2019-03-12	13.51	13.51	13.51	13.51	0
228	2019-03-13	13.75	13.75	13.75	13.75	100
229	2019-03-14	13.75	13.75	13.75	13.75	0
230	2019-03-15	13.75	13.75	13.75	13.75	0
231	2019-03-18	13.75	13.75	13.75	13.75	0
232	2019-03-19	13.75	13.75	13.75	13.75	0
233	2019-03-20	13.75	13.75	13.75	13.75	0
234	2019-03-21	13.75	13.75	13.75	13.75	0
235	2019-03-22	13.75	13.75	13.75	13.75	0
236	2019-03-25	13.75	13.75	13.75	13.75	0
237	2019-03-26	13.75	13.75	13.75	13.75	0
238	2019-03-27	13.75	13.75	13.75	13.75	0
239	2019-03-28	13.75	13.75	13.75	13.75	0
240	2019-03-29	13.75	13.75	13.75	13.75	0
241	2019-04-01	13.75	13.75	13.75	13.75	0
242	2019-04-02	13.75	13.75	13.75	13.75	0
243	2019-04-03	13.45	13.45	13.45	13.45	5700
244	2019-04-04	13.45	13.45	13.45	13.45	0
245	2019-04-05	13.45	13.45	13.45	13.45	0
246	2019-04-08	13.45	13.45	13.45	13.45	0
247	2019-04-09	13.45	13.45	13.45	13.45	0
248	2019-04-10	13.45	13.45	13.45	13.45	0
249	2019-04-11	11.61	11.61	11.61	11.61	100
250	2019-04-12	11.61	11.61	11.61	11.61	0
251	2019-04-16	11.61	11.61	11.61	11.61	0
252	2019-04-17	11.61	11.61	11.61	11.61	0
253	2019-04-18	11.61	11.61	11.61	11.61	0
254	2019-04-19	11.61	11.61	11.61	11.61	0
255	2019-04-22	11.61	11.61	11.61	11.61	0
256	2019-04-23	11.61	11.61	11.61	11.61	0
257	2019-04-24	11.61	11.61	11.61	11.61	0
258	2019-04-25	11.61	11.61	11.61	11.61	0
259	2019-04-26	11.61	11.61	11.61	11.61	0
260	2019-05-02	11.61	11.61	11.61	11.61	0
261	2019-05-03	11.61	11.61	11.61	11.61	10
262	2019-05-06	11.61	11.61	11.61	11.61	600
263	2019-05-07	11.61	11.61	11.61	11.61	0
264	2019-05-08	11.61	11.61	11.61	11.61	0
265	2019-05-09	11.61	11.61	11.61	11.61	0
266	2019-05-10	11.61	11.61	11.61	11.61	0
267	2019-05-13	11.61	11.61	11.61	11.61	0
268	2019-05-14	11.61	11.61	11.61	11.61	0
269	2019-05-15	11.61	11.61	11.61	11.61	0
270	2019-05-16	11.61	11.61	11.61	11.61	0
271	2019-05-17	11.61	11.61	11.61	11.61	0
272	2019-05-20	11.61	11.61	11.61	11.61	0
273	2019-05-21	11.61	11.61	11.61	11.61	0
274	2019-05-22	11.61	11.61	11.61	11.61	0
275	2019-05-23	11.61	11.61	11.61	11.61	0
276	2019-05-24	11.61	11.61	11.61	11.61	200
277	2019-05-27	11.61	11.61	11.61	11.61	0
278	2019-05-28	11.61	11.61	11.61	11.61	0
279	2019-05-29	11.61	11.61	11.61	11.61	3400
280	2019-05-30	11.61	11.61	11.61	11.61	0
281	2019-05-31	11.61	11.61	11.61	11.61	0
282	2019-06-03	11.61	11.61	11.61	11.61	0
283	2019-06-04	11.61	11.61	11.61	11.61	0
284	2019-06-05	11.61	11.61	11.61	11.61	0
285	2019-06-06	11.61	11.61	11.61	11.61	0
286	2019-06-07	11.61	11.61	11.61	11.61	0
287	2019-06-10	10.82	10.82	10.82	10.82	630
288	2019-06-11	10.82	11.33	11.33	11.33	0
289	2019-06-12	10.82	11.33	11.33	11.33	0
290	2019-06-13	12.23	12.23	12.16	12.16	3100
291	2019-06-14	12.23	12.16	12.16	12.16	0
292	2019-06-17	12.23	12.16	12.16	12.16	0
293	2019-06-18	12.23	12.16	12.16	12.16	0
294	2019-06-19	12.23	12.16	12.16	12.16	0
295	2019-06-20	12.23	12.23	12.23	12.23	0
296	2019-06-21	12.23	12.23	12.23	12.23	0
297	2019-06-24	12.23	12.16	12.16	12.16	0
298	2019-06-25	12.23	12.16	12.16	12.16	0
299	2019-06-26	12.23	12.16	12.16	12.16	0
300	2019-06-27	12.23	12.16	12.16	12.16	0
301	2019-06-28	12.23	12.16	12.16	12.16	0
302	2019-07-01	12.23	12.16	12.16	12.16	0
303	2019-07-02	12.23	12.16	12.16	12.16	0
304	2019-07-03	12.23	12.16	12.16	12.16	0
305	2019-07-04	12.23	12.23	12.23	12.23	0
306	2019-07-05	12.23	12.16	12.16	12.16	0
307	2019-07-08	12.23	12.16	12.16	12.16	0
308	2019-07-09	12.23	12.16	12.16	12.16	0
309	2019-07-10	12.23	12.16	12.16	12.16	0
310	2019-07-11	12.23	12.16	12.16	12.16	0
311	2019-07-12	12.23	12.23	12.23	12.23	1100
312	2019-07-15	12.23	12.23	12.23	12.23	0
313	2019-07-16	12.23	12.23	12.23	12.23	0
314	2019-07-17	12.23	12.23	12.23	12.23	0
315	2019-07-18	12.23	12.23	12.23	12.23	0
316	2019-07-19	12.23	12.23	12.23	12.23	0
317	2019-07-22	12.23	12.23	12.23	12.23	0
318	2019-07-23	12.23	12.23	12.23	12.23	0
319	2019-07-24	12.23	12.23	12.23	12.23	0
320	2019-07-25	12.23	12.23	12.23	12.23	0
321	2019-07-26	12.23	12.23	12.23	12.23	0
322	2019-07-29	12.23	12.23	12.23	12.23	0
323	2019-07-30	12.23	12.23	12.23	12.23	0
324	2019-07-31	12.23	12.23	12.23	12.23	0
325	2019-08-01	12.23	12.23	12.23	12.23	0
326	2019-08-02	12.23	12.23	12.23	12.23	0
327	2019-08-05	12.23	12.23	12.23	12.23	0
328	2019-08-06	12.23	12.23	12.23	12.23	0
329	2019-08-07	12.23	12.23	12.23	12.23	0
330	2019-08-08	13.96	13.96	13.96	13.96	800
331	2019-08-09	13.96	13.96	13.96	13.96	0
332	2019-08-12	13.96	13.96	13.96	13.96	0
333	2019-08-13	11.91	14.34	11.91	14.34	6000
334	2019-08-14	11.97	14.34	14.34	14.34	0
335	2019-08-15	11.52	11.52	11.52	11.52	1000
336	2019-08-16	13.25	13.25	13.25	13.25	3000
337	2019-08-19	13.25	13.25	13.25	13.25	0
338	2019-08-20	13.25	13.25	13.25	13.25	0
339	2019-08-21	13.25	13.25	13.25	13.25	0
340	2019-08-22	13.25	13.25	13.25	13.25	0
341	2019-08-23	13.25	13.25	13.25	13.25	0
342	2019-08-26	13.25	13.25	13.25	13.25	0
343	2019-08-27	13.25	13.25	13.25	13.25	0
344	2019-08-28	13.25	13.25	13.25	13.25	0
345	2019-08-29	13.25	13.25	13.25	13.25	0
346	2019-08-30	13.25	13.25	13.25	13.25	0
347	2019-09-03	13.25	13.25	13.25	13.25	592
348	2019-09-04	13.25	13.25	13.25	13.25	0
349	2019-09-05	13.25	13.25	13.12	13.12	4600
350	2019-09-06	13.25	13.12	13.12	13.12	0
351	2019-09-09	13.25	13.12	13.12	13.12	0
352	2019-09-10	13.25	13.12	13.12	13.12	0
353	2019-09-11	13.25	13.12	13.12	13.12	0
354	2019-09-12	13.06	13.06	12.93	12.93	4000
355	2019-09-13	12.48	12.48	12.48	12.48	1000
356	2019-09-16	12.48	12.48	12.48	12.48	0
357	2019-09-17	12.16	12.16	11.33	11.33	1300
358	2019-09-18	11.52	11.33	11.33	11.33	0
359	2019-09-19	11.52	11.33	11.33	11.33	0
360	2019-09-20	11.52	11.33	11.33	11.33	0
361	2019-09-23	11.52	11.33	11.33	11.33	0
362	2019-09-24	11.52	11.33	11.33	11.33	0
363	2019-09-25	13.0	13.0	13.0	13.0	1000
364	2019-09-26	13.0	13.0	13.0	13.0	0
365	2019-09-27	13.0	13.0	13.0	13.0	0
366	2019-09-30	13.0	13.0	13.0	13.0	0
367	2019-10-01	13.0	13.0	13.0	13.0	0
368	2019-10-02	13.0	13.0	13.0	13.0	0
369	2019-10-03	13.0	13.0	13.0	13.0	0
370	2019-10-04	13.0	13.0	13.0	13.0	0
371	2019-10-07	13.0	13.0	13.0	13.0	0
372	2019-10-08	13.0	13.0	13.0	13.0	0
373	2019-10-09	13.0	13.0	13.0	13.0	500
374	2019-10-10	13.0	13.0	13.0	13.0	0
375	2019-10-11	13.0	13.0	13.0	13.0	0
376	2019-10-14	13.0	13.0	13.0	13.0	0
377	2019-10-15	13.0	13.0	13.0	13.0	0
378	2019-10-16	13.0	13.0	13.0	13.0	0
379	2019-10-17	13.0	13.0	13.0	13.0	1000
380	2019-10-18	13.0	13.0	13.0	13.0	0
381	2019-10-21	13.0	13.0	13.0	13.0	0
382	2019-10-22	13.0	13.0	13.0	13.0	0
383	2019-10-23	13.0	13.0	13.0	13.0	0
384	2019-10-24	13.0	13.0	13.0	13.0	0
385	2019-10-25	13.0	13.0	13.0	13.0	0
386	2019-10-28	13.0	13.0	13.0	13.0	0
387	2019-10-29	13.0	13.0	13.0	13.0	0
388	2019-10-30	13.0	13.0	13.0	13.0	0
389	2019-10-31	13.0	13.0	13.0	13.0	0
390	2019-11-01	13.0	13.0	13.0	13.0	0
391	2019-11-04	11.33	11.33	11.33	11.33	300
392	2019-11-05	11.33	11.33	11.33	11.33	0
393	2019-11-06	11.33	11.33	11.33	11.33	0
394	2019-11-07	11.33	11.33	11.33	11.33	0
395	2019-11-08	11.33	11.33	11.33	11.33	0
396	2019-11-11	11.33	11.33	11.33	11.33	0
397	2019-11-12	11.33	11.33	11.33	11.33	0
398	2019-11-13	11.84	11.84	11.84	11.84	100
399	2019-11-14	11.84	11.84	11.84	11.84	0
400	2019-11-15	11.91	11.91	11.91	11.91	1100
401	2019-11-18	10.63	10.63	10.63	10.63	100
402	2019-11-19	10.63	10.63	10.63	10.63	0
403	2019-11-20	11.97	12.16	11.97	12.16	308
404	2019-11-21	10.63	12.04	10.63	12.04	200
405	2019-11-22	13.0	13.0	13.0	13.0	100
406	2019-11-25	13.0	13.0	13.0	13.0	0
407	2019-11-26	13.0	13.0	13.0	13.0	0
408	2019-11-27	11.2	12.04	11.2	12.04	2100
409	2019-11-28	12.16	12.87	11.52	11.52	2200
410	2019-11-29	12.61	12.61	12.61	12.61	100
411	2019-12-02	14.02	14.02	11.2	12.61	4100
412	2019-12-03	12.93	12.93	12.93	12.93	100
413	2019-12-04	14.66	14.66	14.66	14.66	100
414	2019-12-05	14.53	14.53	14.53	14.53	100
415	2019-12-06	14.53	14.53	14.53	14.53	0
416	2019-12-09	12.36	12.36	12.36	12.36	100
417	2019-12-10	12.36	12.36	12.36	12.36	0
418	2019-12-11	12.36	12.36	12.36	12.36	0
419	2019-12-12	12.36	12.36	12.36	12.36	0
420	2019-12-13	12.1	12.1	12.1	12.1	400
421	2019-12-16	12.1	12.1	12.1	12.1	0
422	2019-12-17	12.1	12.1	12.1	12.1	0
423	2019-12-18	11.52	11.52	11.52	11.52	400
424	2019-12-19	11.52	11.52	11.52	11.52	0
425	2019-12-20	11.52	11.52	11.52	11.52	0
426	2019-12-23	11.59	11.59	11.59	11.59	100
427	2019-12-24	11.65	11.65	11.65	11.65	200
428	2019-12-25	11.65	11.65	11.65	11.65	0
429	2019-12-26	11.59	11.65	11.59	11.65	6800
430	2019-12-27	11.59	11.65	11.65	11.65	0
431	2019-12-30	11.59	11.65	11.65	11.65	0
432	2019-12-31	10.75	10.75	10.75	10.75	100
433	2020-01-02	11.2	11.2	11.2	11.2	200
434	2020-01-03	11.2	11.2	11.2	11.2	0
435	2020-01-06	11.59	11.59	11.52	11.52	1400
436	2020-01-07	11.59	11.52	11.52	11.52	0
437	2020-01-08	11.59	11.52	11.52	11.52	0
438	2020-01-09	11.59	11.52	11.52	11.52	0
439	2020-01-10	11.52	11.52	11.52	11.52	500
440	2020-01-13	11.52	11.52	11.52	11.52	800
441	2020-01-14	11.52	11.52	11.52	11.52	0
442	2020-01-15	11.52	11.52	11.52	11.52	0
443	2020-01-16	11.52	11.52	11.52	11.52	0
444	2020-01-17	11.52	11.52	11.52	11.52	0
445	2020-01-20	11.52	11.52	11.52	11.52	0
446	2020-01-21	11.52	11.52	11.52	11.52	0
447	2020-01-22	11.52	11.52	11.52	11.52	0
448	2020-01-30	11.52	11.52	11.52	11.52	0
449	2020-01-31	11.52	11.52	11.52	11.52	0
450	2020-02-03	11.52	11.52	11.52	11.52	0
451	2020-02-04	11.52	11.52	11.52	11.52	0
452	2020-02-05	11.52	11.52	11.52	11.52	100
453	2020-02-06	11.52	11.52	11.52	11.52	0
454	2020-02-07	11.52	11.52	11.52	11.52	0
455	2020-02-10	11.52	11.52	11.52	11.52	100
456	2020-02-11	11.52	11.52	11.52	11.52	100
457	2020-02-12	11.52	11.52	11.52	11.52	0
458	2020-02-13	11.52	11.52	11.52	11.52	0
459	2020-02-14	11.52	11.52	11.52	11.52	400
460	2020-02-17	11.52	11.52	11.52	11.52	2300
461	2020-02-18	11.52	11.52	11.52	11.52	0
462	2020-02-19	11.52	11.52	11.52	11.52	0
463	2020-02-20	11.52	11.52	11.52	11.52	0
464	2020-02-21	11.52	11.52	11.52	11.52	0
465	2020-02-24	11.52	11.52	11.52	11.52	0
466	2020-02-25	11.52	11.52	11.52	11.52	0
467	2020-02-26	11.52	11.52	11.52	11.52	0
468	2020-02-27	11.52	11.52	11.52	11.52	0
469	2020-02-28	11.52	11.52	11.52	11.52	0
470	2020-03-02	9.79	9.79	9.79	9.79	500
471	2020-03-03	9.79	9.79	9.79	9.79	0
472	2020-03-04	9.79	9.79	9.79	9.79	0
473	2020-03-05	9.79	9.79	9.79	9.79	0
474	2020-03-06	11.2	11.2	11.2	11.2	1300
475	2020-03-09	9.6	9.6	9.6	9.6	200
476	2020-03-10	9.6	9.6	9.6	9.6	0
477	2020-03-11	11.01	11.01	11.01	11.01	600
478	2020-03-12	11.01	11.01	11.01	11.01	0
479	2020-03-13	11.01	11.01	11.01	11.01	0
480	2020-03-16	11.01	11.01	11.01	11.01	0
481	2020-03-17	11.01	11.01	11.01	11.01	0
482	2020-03-18	11.01	11.01	11.01	11.01	0
483	2020-03-19	11.01	11.01	11.01	11.01	0
484	2020-03-20	11.01	11.01	11.01	11.01	0
485	2020-03-23	9.67	9.67	9.67	9.67	100
486	2020-03-24	9.67	9.67	9.67	9.67	0
487	2020-03-25	9.67	9.67	9.67	9.67	0
488	2020-03-26	9.67	9.67	9.67	9.67	0
489	2020-03-27	9.67	9.67	9.67	9.67	0
490	2020-03-30	8.96	8.96	8.96	8.96	100
491	2020-03-31	8.96	8.96	8.96	8.96	0
492	2020-04-01	8.96	8.96	8.96	8.96	0
493	2020-04-03	8.96	8.96	8.96	8.96	0
494	2020-04-06	8.96	8.96	8.96	8.96	0
495	2020-04-07	9.92	9.92	9.92	9.92	100
496	2020-04-08	9.92	9.92	9.92	9.92	0
497	2020-04-09	9.92	9.92	9.92	9.92	0
498	2020-04-10	10.05	10.05	9.92	9.92	5000
499	2020-04-13	10.24	10.24	10.24	10.24	5000
500	2020-04-14	10.24	10.24	10.24	10.24	0
501	2020-04-15	9.6	9.6	9.6	9.6	100
502	2020-04-16	9.6	9.6	9.6	9.6	0
503	2020-04-17	10.56	10.56	10.56	10.56	100
504	2020-04-20	10.88	10.88	10.88	10.88	600
505	2020-04-21	10.88	10.88	10.88	10.88	400
506	2020-04-22	10.88	10.88	10.88	10.88	0
507	2020-04-23	10.88	10.88	10.88	10.88	0
508	2020-04-24	10.88	10.88	10.88	10.88	0
509	2020-04-27	10.88	10.88	10.88	10.88	1000
510	2020-04-28	10.88	10.88	10.88	10.88	0
511	2020-04-29	10.88	11.2	10.88	11.2	1300
512	2020-05-04	10.88	10.88	10.88	10.88	500
513	2020-05-05	10.88	10.88	10.88	10.88	7000
514	2020-05-06	9.67	9.67	9.67	9.67	100
515	2020-05-07	9.67	9.67	9.67	9.67	0
516	2020-05-08	11.07	11.07	11.07	11.07	200
517	2020-05-11	11.2	11.27	10.95	10.95	300
518	2020-05-12	11.14	10.95	10.95	10.95	0
519	2020-05-13	11.2	11.52	11.2	11.52	1100
520	2020-05-14	11.52	11.52	11.14	11.14	1100
521	2020-05-15	11.46	11.14	11.14	11.14	0
522	2020-05-18	11.84	11.84	11.84	11.84	1000
523	2020-05-19	10.56	10.56	10.56	10.56	100
524	2020-05-20	10.56	10.56	10.56	10.56	0
525	2020-05-21	10.56	10.56	10.56	10.56	0
526	2020-05-22	10.56	10.56	10.56	10.56	0
527	2020-05-25	10.56	10.56	10.56	10.56	0
528	2020-05-26	11.52	11.52	11.52	11.52	100
529	2020-05-27	11.52	11.52	11.52	11.52	0
530	2020-05-28	11.59	11.59	11.59	11.59	900
531	2020-05-29	11.84	12.8	11.84	12.8	2400
532	2020-06-01	14.28	14.28	14.28	14.28	100
533	2020-06-02	14.28	14.28	14.28	14.28	0
534	2020-06-03	14.28	14.28	14.28	14.28	0
535	2020-06-04	12.16	12.16	12.16	12.16	100
536	2020-06-05	12.23	12.8	12.23	12.29	11100
537	2020-06-08	12.74	12.74	10.75	10.75	3100
538	2020-06-09	12.68	12.68	12.68	12.68	100
539	2020-06-10	12.48	12.74	12.48	12.74	5100
540	2020-06-11	12.8	12.8	12.16	12.16	3100
541	2020-06-12	12.8	12.93	11.52	11.52	21100
542	2020-06-15	12.29	12.48	12.29	12.48	12100
543	2020-06-16	12.16	12.48	12.16	12.48	4100
544	2020-06-17	12.48	12.55	12.48	12.48	18300
545	2020-06-18	12.55	12.55	12.55	12.55	5000
546	2020-06-19	12.55	12.55	12.55	12.55	1500
547	2020-06-22	12.48	12.55	12.48	12.55	1200
548	2020-06-23	12.55	12.55	12.55	12.55	1800
549	2020-06-24	10.69	10.69	10.69	10.69	210
550	2020-06-25	10.69	10.69	10.69	10.69	0
551	2020-06-26	10.69	10.69	10.69	10.69	0
552	2020-06-29	10.69	10.69	10.69	10.69	10
553	2020-06-30	10.69	10.69	10.69	10.69	0
554	2020-07-01	10.69	10.69	10.69	10.69	0
555	2020-07-02	10.69	10.69	10.69	10.69	10
556	2020-07-03	10.69	10.69	10.69	10.69	0
557	2020-07-06	10.69	10.69	10.69	10.69	0
558	2020-07-07	12.29	12.29	10.24	10.24	1500
559	2020-07-08	11.59	10.24	10.24	10.24	0
560	2020-07-09	11.59	11.59	11.59	10.24	10
561	2020-07-10	11.59	10.24	10.24	10.24	0
562	2020-07-13	11.59	10.24	10.24	10.24	0
563	2020-07-14	13.06	13.06	10.88	10.88	4000
564	2020-07-15	10.95	10.95	10.95	10.95	200
565	2020-07-16	12.55	12.55	12.55	12.55	300
566	2020-07-17	14.4	14.4	11.52	11.52	3000
567	2020-07-20	15.3	15.43	11.84	11.84	5000
568	2020-07-21	15.68	16.52	12.93	13.06	15900
569	2020-07-22	14.08	14.08	14.08	14.08	1400
570	2020-07-23	14.72	16.2	14.21	14.6	12100
571	2020-07-24	14.6	14.6	14.6	14.6	1100
572	2020-07-27	14.6	14.6	14.6	14.6	0
573	2020-07-28	13.96	13.96	13.96	13.96	2000
574	2020-07-29	15.04	16.0	14.08	14.08	7900
575	2020-07-30	16.32	16.32	14.72	14.72	6010
576	2020-07-31	14.79	14.79	14.66	14.66	4000
577	2020-08-03	14.79	14.85	14.79	14.85	2000
578	2020-08-04	14.79	14.85	14.85	14.85	0
579	2020-08-05	16.58	16.58	12.8	15.43	8100
580	2020-08-06	15.11	15.11	15.11	15.11	400
581	2020-08-07	16.0	16.32	15.11	15.11	4900
582	2020-08-10	15.43	15.43	15.43	15.43	500
583	2020-08-11	15.17	15.17	15.17	15.17	200
584	2020-08-12	15.17	15.17	15.17	15.17	0
585	2020-08-13	15.17	15.17	15.17	15.17	0
586	2020-08-14	15.17	15.17	15.17	15.17	0
587	2020-08-17	15.17	15.17	15.17	15.17	0
588	2020-08-18	15.17	15.84	15.84	15.84	0
589	2020-08-19	17.38	17.38	17.38	17.38	100
590	2020-08-20	14.84	14.84	14.84	14.84	500
591	2020-08-21	14.84	14.84	14.84	14.84	0
592	2020-08-24	14.84	14.84	14.84	14.84	0
593	2020-08-25	16.71	16.71	16.71	16.71	1000
594	2020-08-26	16.71	16.71	16.71	16.71	1
595	2020-08-27	16.04	17.38	16.04	17.38	600
596	2020-08-28	17.31	17.38	15.44	15.44	4000
597	2020-08-31	15.44	15.44	15.44	15.44	500
598	2020-09-01	13.43	13.43	13.43	13.43	1000
599	2020-09-03	13.43	13.43	13.43	13.43	0
600	2020-09-04	13.43	13.43	13.43	13.43	0
601	2020-09-07	13.43	13.43	13.43	13.43	0
602	2020-09-08	15.44	15.44	15.44	15.44	34000
603	2020-09-09	17.38	17.38	15.44	15.44	1300
604	2020-09-10	15.51	15.51	15.51	15.51	200
605	2020-09-11	15.51	15.51	15.51	15.51	0
606	2020-09-14	15.71	17.51	15.44	15.44	5400
607	2020-09-15	15.44	15.44	15.44	15.44	300
608	2020-09-16	15.44	15.44	15.44	15.44	0
609	2020-09-17	15.44	15.44	15.44	15.44	0
610	2020-09-18	15.44	15.44	15.44	15.44	0
611	2020-09-21	15.44	15.44	15.44	15.44	0
612	2020-09-22	15.44	15.44	15.44	15.44	0
613	2020-09-23	15.44	15.44	15.44	15.44	0
614	2020-09-24	15.44	15.44	15.44	15.44	0
615	2020-09-25	15.44	15.44	15.44	15.44	0
616	2020-09-28	15.71	16.04	15.44	15.44	8000
617	2020-09-29	17.38	17.38	17.38	17.38	7229
618	2020-09-30	17.38	17.38	17.38	17.38	0
619	2020-10-01	17.38	17.38	17.38	17.38	5400
620	2020-10-02	16.04	16.04	16.04	16.04	600
621	2020-10-05	16.04	16.04	16.04	16.04	0
622	2020-10-06	16.04	16.04	16.04	16.04	0
623	2020-10-07	16.04	16.04	16.04	16.04	0
624	2020-10-08	16.04	16.04	16.04	16.04	0
625	2020-10-09	16.04	16.04	16.04	16.04	0
626	2020-10-12	18.05	18.05	18.05	18.05	2000
627	2020-10-13	18.05	18.05	15.57	15.57	21500
628	2020-10-14	15.57	15.57	15.57	15.57	500
629	2020-10-15	15.57	15.57	15.57	15.57	0
630	2020-10-16	15.57	15.57	15.57	15.57	0
631	2020-10-19	15.57	15.57	15.57	15.57	0
632	2020-10-20	15.57	15.57	15.57	15.57	0
633	2020-10-21	15.57	15.57	15.57	15.57	0
634	2020-10-22	15.57	15.57	15.57	15.57	0
635	2020-10-23	17.85	17.85	15.57	15.57	3300
636	2020-10-26	16.84	15.57	15.57	15.57	0
637	2020-10-27	15.44	15.44	15.44	15.44	1000
638	2020-10-28	17.04	17.04	17.04	17.04	400
639	2020-10-29	17.04	17.04	17.04	17.04	5100
640	2020-10-30	17.04	17.04	17.04	17.04	0
641	2020-11-02	17.04	17.04	17.04	17.04	0
642	2020-11-03	17.04	17.04	17.04	17.04	100
643	2020-11-04	17.38	17.38	17.38	17.38	200
644	2020-11-05	17.38	17.38	17.38	17.38	0
645	2020-11-06	15.71	18.05	15.71	18.05	2700
646	2020-11-09	17.58	18.05	18.05	18.05	0
647	2020-11-10	15.71	17.71	15.71	17.71	1000
648	2020-11-11	18.05	18.05	18.05	18.05	200
649	2020-11-12	18.05	18.05	18.05	18.05	0
650	2020-11-13	15.91	18.58	15.91	18.58	3800
651	2020-11-16	20.72	20.72	19.05	19.05	400
652	2020-11-17	19.92	19.05	19.05	19.05	0
653	2020-11-18	19.92	19.05	19.05	19.05	0
654	2020-11-19	19.92	19.05	19.05	19.05	0
655	2020-11-20	19.92	19.05	19.05	19.05	0
656	2020-11-23	19.92	19.05	19.05	19.05	0
657	2020-11-24	19.92	19.05	19.05	19.05	0
658	2020-11-25	19.92	19.05	19.05	19.05	0
659	2020-11-26	20.05	20.05	20.05	20.05	1000
660	2020-11-27	20.05	20.05	20.05	20.05	500
661	2020-11-30	20.05	20.05	20.05	20.05	1000
662	2020-12-01	17.38	17.38	17.38	17.38	400
663	2020-12-02	17.38	19.98	17.38	19.98	1100
664	2020-12-03	20.05	20.05	20.05	20.05	1000
665	2020-12-04	20.05	20.05	20.05	20.05	0
666	2020-12-07	20.05	20.05	20.05	20.05	100
667	2020-12-08	20.05	20.05	20.05	20.05	0
668	2020-12-09	20.05	20.05	20.05	20.05	0
669	2020-12-10	20.05	20.05	20.05	20.05	1000
670	2020-12-11	20.05	20.05	20.05	20.05	0
671	2020-12-14	20.05	20.05	20.05	20.05	0
672	2020-12-15	20.05	20.05	20.05	20.05	200
673	2020-12-16	20.05	20.05	20.05	20.05	108
674	2020-12-17	20.05	20.05	20.05	20.05	400
675	2020-12-18	20.05	20.05	20.05	20.05	0
676	2020-12-21	20.05	20.05	20.05	20.05	0
677	2020-12-22	20.05	20.05	20.05	20.05	2
678	2020-12-23	23.06	23.06	23.06	23.06	520
679	2020-12-24	23.06	23.06	23.06	23.06	0
680	2020-12-25	23.06	23.06	23.06	23.06	0
681	2020-12-28	20.59	20.59	20.59	20.59	1100
682	2020-12-29	20.59	20.59	20.59	20.59	0
683	2020-12-30	20.05	20.05	20.05	20.05	500
684	2020-12-31	20.05	20.05	20.05	20.05	70
685	2021-01-04	20.05	20.05	20.05	20.05	0
686	2021-01-05	22.72	22.72	19.38	19.38	12000
687	2021-01-06	21.59	19.38	19.38	19.38	0
688	2021-01-07	23.39	23.39	19.72	19.72	2600
689	2021-01-08	19.72	19.72	19.72	19.72	500
690	2021-01-11	22.06	22.06	22.06	22.06	1000
691	2021-01-12	22.06	22.06	22.06	22.06	0
692	2021-01-13	22.06	22.06	22.06	22.06	10
693	2021-01-14	22.06	22.06	22.06	22.06	0
694	2021-01-15	21.79	21.79	21.79	21.79	200
695	2021-01-18	21.79	21.79	21.79	21.79	0
696	2021-01-19	21.79	21.79	21.79	21.79	0
697	2021-01-20	21.79	21.79	21.79	21.79	0
698	2021-01-21	24.73	24.73	24.73	24.73	100
699	2021-01-22	24.73	24.73	24.73	24.73	50
700	2021-01-25	24.73	24.73	24.73	24.73	0
701	2021-01-26	24.73	24.73	24.73	24.73	0
702	2021-01-27	26.73	26.73	26.73	26.73	300
703	2021-01-28	25.4	25.4	25.4	25.4	140
704	2021-01-29	25.4	25.4	25.4	25.4	0
705	2021-02-01	25.4	25.4	25.4	25.4	0
706	2021-02-02	25.4	25.4	25.4	25.4	0
707	2021-02-03	25.4	25.4	25.4	25.4	0
708	2021-02-04	25.4	25.4	25.4	25.4	22
709	2021-02-05	25.4	25.4	25.4	25.4	0
710	2021-02-08	25.4	25.4	25.4	25.4	300
711	2021-02-09	22.06	22.06	22.06	22.06	200
712	2021-02-17	22.06	22.06	22.06	22.06	0
713	2021-02-18	22.06	22.06	22.06	22.06	1000
714	2021-02-19	22.06	22.06	22.06	22.06	0
715	2021-02-22	22.06	22.06	22.06	22.06	0
716	2021-02-23	22.06	22.06	22.06	22.06	2000
717	2021-02-24	22.06	22.12	21.72	22.06	9200
718	2021-02-25	22.06	22.06	22.06	22.06	1000
719	2021-02-26	22.06	22.06	22.06	22.06	316
720	2021-03-01	22.12	22.12	22.06	22.06	1000
721	2021-03-02	22.72	22.72	22.72	22.72	200
722	2021-03-03	22.72	22.72	22.72	22.72	1500
723	2021-03-04	22.72	22.72	22.72	22.72	0
724	2021-03-05	22.06	22.06	22.06	22.06	9800
725	2021-03-08	18.78	18.78	18.78	18.78	5042
726	2021-03-09	18.78	18.78	18.78	18.78	0
727	2021-03-10	18.78	18.78	18.78	18.78	0
728	2021-03-11	18.78	18.78	18.78	18.78	0
729	2021-03-12	20.12	20.12	20.12	20.12	100
730	2021-03-15	20.12	20.12	20.12	20.12	2
731	2021-03-16	20.12	20.12	20.12	20.12	0
732	2021-03-17	20.12	20.12	20.12	20.12	0
733	2021-03-18	20.12	20.12	20.12	20.12	500
734	2021-03-19	22.06	22.06	22.06	22.06	122
735	2021-03-22	22.06	22.06	22.06	22.06	300
736	2021-03-23	22.06	22.06	22.06	22.06	0
737	2021-03-24	22.06	22.06	22.06	22.06	0
738	2021-03-25	22.06	22.06	22.06	22.06	0
739	2021-03-26	22.06	22.06	22.06	22.06	0
740	2021-03-29	22.06	22.06	22.06	22.06	0
741	2021-03-30	22.06	22.06	22.06	22.06	0
742	2021-03-31	22.06	22.06	22.06	22.06	0
743	2021-04-01	22.06	22.06	22.06	22.06	1000
744	2021-04-02	22.39	22.72	22.06	22.06	4000
745	2021-04-05	22.32	22.06	22.06	22.06	0
746	2021-04-06	22.32	22.06	22.06	22.06	0
747	2021-04-07	22.06	22.72	20.05	20.05	7600
748	2021-04-08	22.72	22.72	20.39	20.39	1500
749	2021-04-09	23.06	23.06	23.06	23.06	400
750	2021-04-12	23.06	23.06	23.06	23.06	0
751	2021-04-13	23.06	23.06	23.06	23.06	0
752	2021-04-14	23.06	23.06	23.06	23.06	1
753	2021-04-15	23.06	23.06	23.06	23.06	0
754	2021-04-16	21.72	23.06	21.72	23.06	3000
755	2021-04-19	22.19	23.06	23.06	23.06	0
756	2021-04-20	22.19	23.06	23.06	23.06	0
757	2021-04-22	22.19	23.06	23.06	23.06	0
758	2021-04-23	22.19	23.06	23.06	23.06	0
759	2021-04-26	22.19	23.06	23.06	23.06	0
760	2021-04-27	21.45	23.06	21.45	21.59	3000
761	2021-04-28	22.06	21.59	21.59	21.59	0
762	2021-04-29	22.06	21.59	21.59	21.59	0
763	2021-05-04	22.06	21.59	21.59	21.59	0
764	2021-05-05	22.06	21.59	21.59	21.59	0
765	2021-05-06	22.06	22.06	22.06	22.06	400
766	2021-05-07	22.06	22.06	22.06	22.06	0
767	2021-05-10	22.06	22.06	22.06	22.06	0
768	2021-05-11	22.06	22.06	22.06	22.06	0
769	2021-05-12	22.06	22.06	22.06	22.06	0
770	2021-05-13	22.06	22.06	22.06	22.06	0
771	2021-05-14	22.06	22.06	22.06	22.06	0
772	2021-05-17	22.06	22.06	22.06	22.06	0
773	2021-05-18	23.48	23.48	23.48	23.48	1000
774	2021-05-19	23.48	23.48	23.48	23.48	0
775	2021-05-20	23.48	23.48	23.48	23.48	0
776	2021-05-21	20.06	24.19	20.06	24.19	1500
777	2021-05-24	24.19	24.19	24.19	24.19	200
778	2021-05-25	24.19	24.19	21.7	21.7	1000
779	2021-05-26	22.98	21.7	21.7	21.7	0
780	2021-05-27	24.19	24.19	24.19	24.19	500
781	2021-05-28	24.19	24.19	24.19	24.19	200
782	2021-05-31	24.19	24.19	24.19	24.19	41
783	2021-06-01	24.19	24.19	24.19	24.19	0
784	2021-06-02	24.33	24.33	24.33	24.33	500
785	2021-06-03	24.19	26.33	23.83	23.83	3000
786	2021-06-04	24.76	23.83	23.83	23.83	0
787	2021-06-07	24.9	24.9	24.9	24.9	2000
788	2021-06-08	23.12	24.9	23.12	23.48	3500
789	2021-06-09	24.26	23.48	23.48	23.48	0
790	2021-06-10	24.26	23.48	23.48	23.48	0
791	2021-06-11	25.04	25.61	25.04	25.61	4400
792	2021-06-14	25.83	26.33	25.83	26.33	8000
793	2021-06-15	24.26	26.11	24.26	26.11	1300
794	2021-06-16	27.04	28.39	27.04	28.39	32100
795	2021-06-17	24.62	28.32	24.62	28.32	5900
796	2021-06-18	26.18	28.32	28.32	28.32	0
797	2021-06-21	26.18	28.32	28.32	28.32	0
798	2021-06-22	26.33	26.33	26.33	26.33	800
799	2021-06-23	24.76	24.76	24.76	24.76	500
800	2021-06-24	24.76	24.76	24.76	24.76	0
801	2021-06-25	24.76	24.76	24.76	24.76	0
802	2021-06-28	24.76	24.76	24.76	24.76	0
803	2021-06-29	24.76	24.76	24.76	24.76	0
804	2021-06-30	27.04	27.75	27.04	27.75	4900
805	2021-07-01	27.46	27.75	27.75	27.75	0
806	2021-07-02	31.38	31.38	26.04	26.04	1100
807	2021-07-05	26.54	26.04	26.04	26.04	0
808	2021-07-06	26.54	26.04	26.04	26.04	0
809	2021-07-07	26.54	26.04	26.04	26.04	0
810	2021-07-08	26.54	26.04	26.04	26.04	0
811	2021-07-09	26.54	26.04	26.04	26.04	0
812	2021-07-12	26.54	26.04	26.04	26.04	0
813	2021-07-13	26.54	26.04	26.04	26.04	0
814	2021-07-14	23.48	23.48	23.48	23.48	500
815	2021-07-15	26.97	26.97	26.97	26.97	200
816	2021-07-16	26.97	26.97	26.97	26.97	600
817	2021-07-19	23.91	26.97	23.91	26.97	2200
818	2021-07-20	25.54	26.97	26.97	26.97	0
819	2021-07-21	25.54	25.54	25.54	25.54	500
820	2021-07-22	25.54	25.54	25.54	25.54	0
821	2021-07-23	25.54	25.54	25.54	25.54	0
822	2021-07-26	25.54	25.54	25.54	25.54	100
823	2021-07-27	25.54	25.54	25.54	25.54	0
824	2021-07-28	26.25	26.25	26.25	26.25	100
825	2021-07-29	26.25	26.25	26.25	26.25	0
826	2021-07-30	26.25	26.25	26.25	26.25	0
827	2021-08-02	26.25	26.25	26.25	26.25	0
828	2021-08-03	26.25	26.25	26.25	26.25	0
829	2021-08-04	26.25	26.25	26.25	26.25	0
830	2021-08-05	26.25	26.25	26.25	26.25	0
831	2021-08-06	26.25	26.25	26.25	26.25	0
832	2021-08-09	26.25	26.25	26.25	26.25	400
833	2021-08-10	26.25	26.25	26.25	26.25	0
834	2021-08-11	26.25	26.25	26.25	26.25	0
835	2021-08-12	26.25	26.25	26.25	26.25	0
836	2021-08-13	26.25	26.25	26.25	26.25	0
837	2021-08-16	25.54	25.54	25.54	25.54	518
838	2021-08-17	25.54	25.54	25.54	25.54	0
839	2021-08-18	25.54	25.54	25.54	25.54	0
840	2021-08-19	28.46	28.46	27.46	27.46	200
841	2021-08-20	27.39	27.39	27.39	27.39	300
842	2021-08-23	27.39	27.39	27.39	27.39	0
843	2021-08-24	27.39	27.39	27.39	27.39	0
844	2021-08-25	27.32	27.39	27.32	27.39	500
845	2021-08-26	27.39	27.39	27.39	27.39	0
846	2021-08-27	31.45	31.45	31.45	31.45	100
847	2021-08-30	31.45	31.45	31.45	31.45	0
848	2021-08-31	26.75	26.75	26.75	26.75	100
849	2021-09-01	26.75	28.46	26.75	28.46	4300
850	2021-09-06	28.03	28.46	28.46	28.46	0
851	2021-09-07	28.03	28.46	28.46	28.46	0
852	2021-09-08	25.61	30.45	24.19	30.45	4800
853	2021-09-09	25.26	25.26	25.26	25.26	0
854	2021-09-10	28.99	28.99	28.99	28.99	200
855	2021-09-13	28.99	29.14	28.26	29.14	1700
856	2021-09-14	28.99	28.99	28.99	28.99	1100
857	2021-09-15	28.99	28.99	28.99	28.99	0
858	2021-09-16	28.26	28.41	28.26	28.41	800
859	2021-09-17	28.41	29.29	28.41	28.92	2400
860	2021-09-20	29.07	29.07	29.07	29.07	0
861	2021-09-21	29.07	29.07	29.07	29.07	200
862	2021-09-22	28.99	28.99	28.99	28.99	100
863	2021-09-23	28.99	28.99	28.99	28.99	0
864	2021-09-24	28.99	28.99	28.99	28.99	0
865	2021-09-27	28.99	28.99	28.99	28.99	0
866	2021-09-28	28.99	28.99	28.99	28.99	0
867	2021-09-29	28.99	28.99	28.99	28.99	0
868	2021-09-30	28.99	28.99	28.99	28.99	0
869	2021-10-01	28.99	28.99	28.99	28.99	0
870	2021-10-04	28.99	28.99	28.99	28.99	0
871	2021-10-05	28.99	28.99	28.99	28.99	0
872	2021-10-06	28.99	28.99	28.99	28.99	0
873	2021-10-07	28.92	28.92	28.55	28.55	700
874	2021-10-08	28.63	28.63	28.63	28.63	0
875	2021-10-11	24.89	27.67	24.89	27.6	6592
876	2021-10-12	27.46	27.46	27.46	27.46	100
877	2021-10-13	27.46	27.46	27.46	27.46	0
878	2021-10-14	27.46	28.11	27.46	28.11	403
879	2021-10-15	27.46	27.46	27.46	27.46	200
880	2021-10-18	27.31	27.53	27.31	27.53	3738
881	2021-10-19	27.53	27.53	27.53	27.53	0
882	2021-10-20	27.53	27.53	27.53	27.53	303
883	2021-10-21	27.6	27.6	27.6	27.6	400
884	2021-10-22	27.6	27.6	27.6	27.6	500
885	2021-10-25	27.6	27.6	27.6	27.6	0
886	2021-10-26	28.19	28.55	28.19	28.55	1500
887	2021-10-27	28.41	28.48	28.41	28.48	500
888	2021-10-28	28.55	28.55	28.55	28.55	100
889	2021-10-29	29.29	29.29	29.14	29.29	3900
890	2021-11-01	29.29	29.29	28.99	29.07	500
891	2021-11-02	31.12	31.12	31.12	31.12	1000
892	2021-11-03	34.41	34.41	33.68	33.68	1000
893	2021-11-04	28.99	29.07	28.99	28.99	3500
894	2021-11-05	27.09	27.53	27.09	27.46	1084
895	2021-11-08	29.29	30.02	29.29	30.02	3300
896	2021-11-09	29.29	29.65	29.29	29.29	1600
897	2021-11-10	29.36	29.36	29.36	29.36	181
898	2021-11-11	29.65	29.72	29.65	29.72	2100
899	2021-11-12	30.75	30.75	30.75	30.75	500
900	2021-11-15	26.72	30.02	26.72	30.02	803
901	2021-11-16	29.29	29.29	29.29	29.29	100
902	2021-11-17	29.29	29.29	29.29	29.29	0
903	2021-11-18	29.29	29.29	29.21	29.21	1500
904	2021-11-19	28.99	28.99	28.92	28.92	510
905	2021-11-22	30.31	30.31	30.31	30.31	100
906	2021-11-23	27.82	27.89	27.82	27.89	1800
907	2021-11-24	27.6	29.29	27.6	29.29	300
908	2021-11-25	27.89	27.89	24.23	26.21	1200
909	2021-11-26	27.67	27.82	27.67	27.82	1000
910	2021-11-29	27.82	28.55	27.82	28.55	900
911	2021-11-30	28.41	28.41	28.41	28.41	400
912	2021-12-01	28.41	28.41	28.41	28.41	0
913	2021-12-02	28.19	28.41	28.19	28.41	400
914	2021-12-03	27.89	27.89	27.89	27.89	100
915	2021-12-06	27.09	28.99	27.09	28.99	1200
916	2021-12-07	27.38	27.38	27.38	27.38	0
917	2021-12-08	27.38	27.38	27.38	27.38	300
918	2021-12-09	27.46	27.46	27.46	27.46	100
919	2021-12-10	23.79	27.46	23.79	27.46	300
920	2021-12-13	26.58	26.58	26.58	26.58	618
921	2021-12-14	26.94	26.94	26.94	26.94	100
922	2021-12-15	27.09	27.09	27.09	27.09	400
923	2021-12-16	27.09	27.09	27.09	27.09	0
924	2021-12-17	28.48	28.48	28.48	28.48	100
925	2021-12-20	28.55	28.55	28.55	28.55	900
926	2021-12-21	28.55	28.55	28.55	28.55	0
927	2021-12-22	28.48	28.55	28.48	28.55	1270
928	2021-12-23	27.24	27.24	27.24	27.24	202
929	2021-12-24	28.41	28.7	28.41	28.41	1100
930	2021-12-27	28.48	28.48	28.48	28.48	0
931	2021-12-28	28.48	28.48	28.48	28.48	0
932	2021-12-29	28.19	28.19	28.19	28.19	1530
933	2021-12-30	28.7	28.7	28.7	28.7	100
934	2021-12-31	28.7	28.7	28.7	28.7	0
935	2022-01-04	28.7	28.7	28.7	28.7	0
936	2022-01-05	28.55	28.92	28.19	28.19	3000
937	2022-01-06	27.82	27.82	27.82	27.82	800
938	2022-01-07	29.29	29.29	29.21	29.29	1772
939	2022-01-10	28.92	29.29	28.92	29.21	2600
940	2022-01-11	29.21	29.21	29.21	29.21	92
941	2022-01-12	25.62	25.62	25.55	25.55	1700
942	2022-01-13	24.09	24.89	23.5	24.89	3500
943	2022-01-14	26.14	26.14	26.14	26.14	1048
944	2022-01-17	26.14	26.14	26.14	26.14	1300
945	2022-01-18	26.14	26.14	26.14	26.14	0
946	2022-01-19	26.14	26.14	26.14	26.14	0
947	2022-01-20	26.14	26.14	26.14	26.14	1100
948	2022-01-21	22.33	22.33	22.33	22.33	100
949	2022-01-24	25.62	25.62	25.62	25.62	100
950	2022-01-25	25.62	25.62	25.62	25.62	0
951	2022-01-26	25.62	25.62	25.62	25.62	0
952	2022-01-27	25.62	25.62	25.62	25.62	1
953	2022-01-28	24.89	24.89	24.89	24.89	1100
954	2022-02-07	24.89	24.89	24.89	24.89	0
955	2022-02-08	24.89	24.89	24.89	24.89	0
956	2022-02-09	26.36	27.09	26.36	27.09	1000
957	2022-02-10	26.72	26.72	26.72	26.72	1600
958	2022-02-11	26.72	26.72	26.72	26.72	1500
959	2022-02-14	26.72	26.72	26.72	26.72	0
960	2022-02-15	26.72	26.72	26.72	26.72	0
961	2022-02-16	26.72	26.72	26.72	26.72	0
962	2022-02-17	29.14	29.14	29.14	29.14	100
963	2022-02-18	28.19	28.19	27.82	27.82	700
964	2022-02-21	27.82	27.82	27.82	27.82	200
965	2022-02-22	27.82	27.82	27.82	27.82	0
966	2022-02-23	27.67	27.67	27.67	27.67	400
967	2022-02-24	24.23	24.23	24.23	24.23	100
968	2022-02-25	24.23	27.46	24.23	27.46	21200
969	2022-02-28	25.62	25.62	25.62	25.62	100
970	2022-03-01	25.62	25.62	25.62	25.62	0
971	2022-03-02	25.62	25.62	25.62	25.62	0
972	2022-03-03	27.46	27.46	26.43	26.43	800
973	2022-03-04	24.23	24.23	24.23	24.23	100
974	2022-03-07	25.92	25.92	25.92	25.92	100
975	2022-03-08	25.92	25.92	25.92	25.92	0
976	2022-03-09	25.92	25.92	25.92	25.92	0
977	2022-03-10	25.99	25.99	25.99	25.99	200
978	2022-03-11	26.06	26.06	26.06	26.06	200
979	2022-03-14	26.06	26.06	26.06	26.06	0
980	2022-03-15	26.06	26.06	26.06	26.06	0
981	2022-03-16	27.82	27.82	27.6	27.6	1500
982	2022-03-17	27.67	27.67	27.67	27.67	0
983	2022-03-18	25.41	25.41	25.41	25.41	500
984	2022-03-21	25.62	25.7	25.62	25.7	30000
985	2022-03-22	25.7	25.7	25.7	25.7	100
986	2022-03-23	25.84	25.84	25.84	25.84	100
987	2022-03-24	25.84	25.84	25.84	25.84	0
988	2022-03-25	25.84	25.84	25.84	25.84	0
989	2022-03-28	27.75	27.75	27.75	27.75	100
990	2022-03-29	27.75	27.75	27.75	27.75	0
991	2022-03-30	27.75	27.75	27.75	27.75	0
992	2022-03-31	27.75	27.75	27.75	27.75	0
993	2022-04-01	27.75	27.75	27.75	27.75	41
994	2022-04-04	27.09	27.09	27.09	27.09	360
995	2022-04-05	27.09	27.09	27.09	27.09	0
996	2022-04-06	25.77	25.77	24.53	24.53	45108
997	2022-04-07	25.62	26.36	25.62	26.36	641
998	2022-04-08	26.36	26.36	26.36	26.36	4700
999	2022-04-12	26.36	26.36	26.36	26.36	100
1000	2022-04-13	26.36	26.36	26.36	26.36	0
1001	2022-04-14	26.36	26.36	26.36	26.36	300
1002	2022-04-15	26.36	26.36	26.36	26.36	0
1003	2022-04-18	26.36	26.36	26.36	26.36	100
1004	2022-04-19	27.46	27.46	27.46	27.46	500
1005	2022-04-20	28.92	29.29	28.92	29.14	5600
1006	2022-04-21	29.07	29.07	29.07	29.07	0
1007	2022-04-22	29.07	29.07	29.07	29.07	0
1008	2022-04-25	28.55	28.55	28.55	28.55	1100
1009	2022-04-26	27.6	27.6	27.6	27.6	200
1010	2022-04-27	27.67	27.82	27.67	27.82	1500
1011	2022-04-28	27.75	27.75	27.75	27.75	0
1012	2022-04-29	28.19	28.19	28.19	28.19	2000
1013	2022-05-04	28.7	28.92	28.7	28.92	2000
1014	2022-05-05	29.14	29.65	29.14	29.65	5000
1015	2022-05-06	29.65	29.65	29.65	29.65	300
1016	2022-05-09	29.65	29.65	29.65	29.65	0
1017	2022-05-10	29.29	29.29	29.29	29.29	300
1018	2022-05-11	29.29	29.29	29.29	29.29	0
1019	2022-05-12	28.33	28.33	28.33	28.33	100
1020	2022-05-13	28.33	28.33	28.33	28.33	1000
1021	2022-05-16	28.33	28.33	28.33	28.33	0
1022	2022-05-17	28.33	28.33	28.33	28.33	1200
1023	2022-05-18	28.33	28.33	28.33	28.33	0
1024	2022-05-19	28.33	28.33	28.33	28.33	0
1025	2022-05-20	28.33	28.33	28.33	28.33	0
1026	2022-05-23	28.33	28.33	28.33	28.33	0
1027	2022-05-24	28.33	28.33	28.33	28.33	0
1028	2022-05-25	28.33	28.33	28.33	28.33	0
1029	2022-05-26	28.33	28.33	28.33	28.33	0
1030	2022-05-27	28.33	28.33	28.33	28.33	0
1031	2022-05-30	28.33	28.33	28.33	28.33	400
1032	2022-05-31	28.33	28.33	28.33	28.33	0
1033	2022-06-01	28.33	28.33	28.33	28.33	0
1034	2022-06-02	28.33	28.33	28.33	28.33	5300
1035	2022-06-03	28.33	28.33	28.33	28.33	0
1036	2022-06-06	28.72	28.72	28.72	28.72	200
1037	2022-06-07	28.72	28.72	28.72	28.72	0
1038	2022-06-08	29.48	29.48	29.48	29.48	1000
1039	2022-06-09	29.48	29.48	29.48	29.48	0
1040	2022-06-10	29.48	29.48	29.48	29.48	100
1041	2022-06-13	29.17	29.17	29.17	29.17	1101
1042	2022-06-14	29.17	29.17	29.17	29.17	0
1043	2022-06-15	29.17	29.17	29.17	29.17	0
1044	2022-06-16	29.17	29.17	29.17	29.17	0
1045	2022-06-17	29.17	29.17	29.17	29.17	0
1046	2022-06-20	28.72	28.72	28.72	28.72	100
1047	2022-06-21	28.72	28.72	28.72	28.72	0
1048	2022-06-22	28.72	28.72	28.72	28.72	1000
1049	2022-06-23	28.72	28.72	28.72	28.72	700
1050	2022-06-24	28.72	28.72	28.72	28.72	0
1051	2022-06-27	28.72	28.72	28.72	28.72	0
1052	2022-06-28	28.72	28.72	28.72	28.72	10
1053	2022-06-29	28.72	28.72	28.72	28.72	0
1054	2022-06-30	27.5	30.47	27.5	30.47	400
1055	2022-07-01	28.26	28.26	28.26	28.26	0
1056	2022-07-04	28.26	28.26	28.26	28.26	0
1057	2022-07-05	28.26	28.26	28.26	28.26	0
1058	2022-07-06	28.26	28.26	28.26	28.26	0
1059	2022-07-07	28.26	28.26	28.26	28.26	0
1060	2022-07-08	28.26	28.26	28.26	28.26	0
1061	2022-07-11	28.26	28.26	28.26	28.26	0
1062	2022-07-12	26.2	26.2	26.2	26.2	100
1063	2022-07-13	26.2	26.2	26.2	26.2	0
1064	2022-07-14	26.2	26.2	26.2	26.2	21
1065	2022-07-15	26.2	26.2	26.2	26.2	0
1066	2022-07-18	26.2	26.2	26.2	26.2	0
1067	2022-07-19	26.2	26.2	26.2	26.2	0
1068	2022-07-20	26.2	26.2	26.2	26.2	1
1069	2022-07-21	26.2	26.2	26.2	26.2	0
1070	2022-07-22	26.2	26.2	26.2	26.2	0
1071	2022-07-25	26.2	26.2	26.2	26.2	0
1072	2022-07-26	26.2	26.2	26.2	26.2	0
1073	2022-07-27	26.2	26.2	26.2	26.2	0
1074	2022-07-28	26.2	26.2	26.2	26.2	0
1075	2022-07-29	26.2	26.2	26.2	26.2	0
1076	2022-08-01	26.2	26.2	26.2	26.2	0
1077	2022-08-02	28.18	28.18	28.18	28.18	100
1078	2022-08-03	28.18	28.18	28.18	28.18	0
1079	2022-08-04	28.18	28.18	28.18	28.18	0
1080	2022-08-05	28.18	28.18	28.18	28.18	0
1081	2022-08-08	28.18	28.18	28.18	28.18	0
1082	2022-08-09	28.18	28.18	28.18	28.18	0
1083	2022-08-10	28.18	28.18	28.18	28.18	0
1084	2022-08-11	28.18	28.18	28.18	28.18	0
1085	2022-08-12	28.18	28.18	28.18	28.18	0
1086	2022-08-15	28.18	28.18	28.18	28.18	0
1087	2022-08-16	28.18	28.18	28.18	28.18	0
1088	2022-08-17	28.18	28.18	28.18	28.18	0
1089	2022-08-18	28.18	28.18	28.18	28.18	0
1090	2022-08-19	28.18	28.18	28.18	28.18	0
1091	2022-08-22	28.18	28.18	28.18	28.18	0
1092	2022-08-23	28.18	28.18	28.18	28.18	0
1093	2022-08-24	28.18	28.18	28.18	28.18	0
1094	2022-08-25	28.18	28.18	28.18	28.18	0
1095	2022-08-26	28.18	28.18	28.18	28.18	29
1096	2022-08-29	28.18	28.18	28.18	28.18	0
1097	2022-08-30	28.18	28.18	28.18	28.18	0
1098	2022-08-31	28.18	28.18	28.18	28.18	0
1099	2022-09-05	28.18	28.18	28.18	28.18	0
1100	2022-09-06	28.18	28.18	28.18	28.18	0
1101	2022-09-07	29.55	29.55	29.55	29.55	500
1102	2022-09-08	29.55	29.55	29.55	29.55	0
1103	2022-09-09	29.55	29.55	29.55	29.55	0
1104	2022-09-12	29.55	29.55	29.55	29.55	0
1105	2022-09-13	29.55	29.55	29.55	29.55	134
1106	2022-09-14	29.55	29.55	29.55	29.55	2
1107	2022-09-15	29.55	29.55	29.55	29.55	0
1108	2022-09-16	29.55	29.55	29.55	29.55	0
1109	2022-09-19	29.55	29.55	29.55	29.55	38
1110	2022-09-20	29.55	29.55	29.55	29.55	0
1111	2022-09-21	30.09	30.09	30.09	30.09	300
1112	2022-09-22	30.09	30.09	30.09	30.09	0
1113	2022-09-23	30.09	30.09	30.09	30.09	0
1114	2022-09-26	30.09	30.09	30.09	30.09	0
1115	2022-09-27	30.09	30.09	30.09	30.09	0
1116	2022-09-28	30.09	30.09	30.09	30.09	0
1117	2022-09-29	30.09	30.09	30.09	30.09	0
1118	2022-09-30	30.09	30.09	30.09	30.09	0
1119	2022-10-03	30.09	30.09	30.09	30.09	0
1120	2022-10-04	28.18	28.18	28.18	28.18	1000
1121	2022-10-05	28.18	28.18	28.18	28.18	101
1122	2022-10-06	28.18	28.18	28.18	28.18	0
1123	2022-10-07	28.18	28.18	28.18	28.18	0
1124	2022-10-10	28.18	28.18	28.18	28.18	0
1125	2022-10-11	28.18	28.18	28.18	28.18	700
1126	2022-10-12	28.18	28.18	28.18	28.18	0
1127	2022-10-13	28.18	28.18	28.18	28.18	0
1128	2022-10-14	28.18	28.18	28.18	28.18	0
1129	2022-10-17	28.18	28.18	28.18	28.18	0
1130	2022-10-18	28.18	28.18	28.18	28.18	0
1131	2022-10-19	28.18	28.18	28.18	28.18	0
1132	2022-10-20	28.18	28.18	28.18	28.18	0
1133	2022-10-21	28.18	28.18	28.18	28.18	0
1134	2022-10-24	28.18	28.18	28.18	28.18	0
1135	2022-10-25	28.18	28.18	28.18	28.18	100
1136	2022-10-26	28.18	28.18	28.18	28.18	0
1137	2022-10-27	28.18	28.18	28.18	28.18	0
1138	2022-10-28	28.18	28.18	28.18	28.18	0
1139	2022-10-31	28.34	28.34	28.34	28.34	1000
1140	2022-11-01	28.34	28.34	28.34	28.34	0
1141	2022-11-02	28.42	28.42	28.42	28.42	200
1142	2022-11-03	28.42	28.42	28.42	28.42	0
1143	2022-11-04	27.4	27.4	27.4	27.4	1200
1144	2022-11-07	26.85	26.85	26.85	26.85	200
1145	2022-11-08	26.85	26.85	26.85	26.85	1000
1146	2022-11-09	28.57	28.57	28.57	28.57	200
1147	2022-11-10	28.57	28.57	28.57	28.57	0
1148	2022-11-11	28.57	28.57	28.57	28.57	0
1149	2022-11-14	28.57	28.57	28.57	28.57	0
1150	2022-11-15	28.57	28.57	28.57	28.57	0
1151	2022-11-16	28.57	28.57	28.57	28.57	0
1152	2022-11-17	28.57	28.57	28.57	28.57	0
1153	2022-11-18	28.57	28.57	28.57	28.57	0
1154	2022-11-21	28.57	28.57	28.57	28.57	0
1155	2022-11-22	28.57	28.57	28.57	28.57	0
1156	2022-11-23	28.57	28.57	28.57	28.57	0
1157	2022-11-24	28.57	28.57	28.57	28.57	0
1158	2022-11-25	28.57	28.57	28.57	28.57	0
1159	2022-11-28	28.57	28.57	28.57	28.57	0
1160	2022-11-29	28.57	28.57	28.57	28.57	0
1161	2022-11-30	28.57	28.57	28.57	28.57	0
1162	2022-12-01	28.57	28.57	28.57	28.57	0
1163	2022-12-02	28.57	28.57	28.57	28.57	0
1164	2022-12-05	28.57	28.57	28.57	28.57	0
1165	2022-12-06	28.57	28.57	28.57	28.57	100
1166	2022-12-07	25.05	25.05	25.05	25.05	111
1167	2022-12-08	25.05	25.05	25.05	25.05	65
1168	2022-12-09	25.83	25.83	25.83	25.83	1000
1169	2022-12-12	26.62	26.62	25.44	25.44	2100
1170	2022-12-13	27.4	27.4	25.83	25.83	1000
1171	2022-12-14	26.15	26.38	26.15	26.38	600
1172	2022-12-15	28.18	28.18	28.18	28.18	2800
1173	2022-12-16	27.4	27.4	27.4	27.4	1400
1174	2022-12-19	27.4	27.4	27.4	27.4	800
1175	2022-12-20	27.4	27.4	27.4	27.4	0
1176	2022-12-21	27.4	27.4	27.4	27.4	0
1177	2022-12-22	27.4	27.4	27.4	27.4	0
1178	2022-12-23	31.47	31.47	27.48	27.48	1400
1179	2022-12-26	30.06	30.06	30.06	30.06	0
1180	2022-12-27	30.06	30.06	30.06	30.06	0
1181	2022-12-28	30.06	30.06	30.06	30.06	0
1182	2022-12-29	30.06	30.06	30.06	30.06	0
1183	2022-12-30	30.06	30.06	30.06	30.06	0
1184	2023-01-03	30.06	30.06	30.06	30.06	100
1185	2023-01-04	30.06	30.06	30.06	30.06	0
1186	2023-01-05	30.06	30.06	30.06	30.06	0
1187	2023-01-06	30.06	30.06	30.06	30.06	0
1188	2023-01-09	30.06	30.06	30.06	30.06	0
1189	2023-01-10	30.06	30.06	30.06	30.06	0
1190	2023-01-11	29.75	29.75	29.75	29.75	1200
1191	2023-01-12	29.75	29.75	29.75	29.75	0
1192	2023-01-13	29.75	29.75	29.75	29.75	0
1193	2023-01-16	29.75	29.75	29.75	29.75	0
1194	2023-01-17	29.75	29.75	29.75	29.75	0
1195	2023-01-18	25.29	25.29	25.29	25.29	100
1196	2023-01-19	21.76	21.76	21.76	21.76	100
1197	2023-01-27	21.76	21.76	21.76	21.76	0
1198	2023-01-30	24.97	24.97	24.97	24.97	100
1199	2023-01-31	26.22	26.22	26.22	26.22	100
1200	2023-02-01	23.09	26.22	23.09	26.22	200
1201	2023-02-02	20.98	24.66	20.98	24.66	400
1202	2023-02-03	27.24	27.24	27.24	27.24	300
1203	2023-02-06	23.48	29.75	23.48	29.75	300
1204	2023-02-07	23.88	23.88	23.88	23.88	100
1205	2023-02-08	27.24	27.32	27.24	27.32	200
1206	2023-02-09	24.11	24.11	24.11	24.11	100
1207	2023-02-10	27.56	27.71	27.56	27.71	300
1208	2023-02-13	23.95	27.48	23.95	27.48	200
1209	2023-02-14	23.95	23.95	23.95	23.95	100
1210	2023-02-15	27.32	27.4	27.32	27.4	400
1211	2023-02-16	24.11	27.79	24.11	27.79	200
1212	2023-02-17	25.99	25.99	25.99	25.99	0
1213	2023-02-20	27.63	29.12	27.63	29.12	200
1214	2023-02-21	28.42	28.42	28.42	28.42	0
1215	2023-02-22	28.42	28.42	28.42	28.42	0
1216	2023-02-23	28.42	28.42	28.42	28.42	0
1217	2023-02-24	28.42	28.42	28.42	28.42	0
1218	2023-02-27	28.42	28.42	28.42	28.42	0
1219	2023-02-28	25.83	25.83	25.83	25.83	200
1220	2023-03-01	28.57	28.57	28.57	28.57	100
1221	2023-03-02	28.57	28.57	28.57	28.57	0
1222	2023-03-03	28.57	28.57	28.57	28.57	0
1223	2023-03-06	28.18	28.18	28.18	28.18	400
1224	2023-03-07	28.57	28.96	28.18	28.18	1300
1225	2023-03-08	28.57	29.43	28.57	29.43	400
1226	2023-03-09	27.48	27.48	27.01	27.01	584
1227	2023-03-10	28.73	28.81	28.73	28.81	1300
1228	2023-03-13	28.73	28.73	28.73	28.73	0
1229	2023-03-14	27.01	27.01	26.85	26.85	2000
1230	2023-03-15	28.65	28.89	28.65	28.89	1200
1231	2023-03-16	28.89	28.89	28.89	28.89	0
1232	2023-03-17	28.89	28.96	28.89	28.96	200
1233	2023-03-20	28.96	29.36	28.73	28.89	4302
1234	2023-03-21	28.89	28.89	28.81	28.81	1608
1235	2023-03-22	28.89	31.31	28.89	31.31	2600
1236	2023-03-23	29.98	29.98	29.67	29.67	6001
1237	2023-03-24	29.75	29.75	29.59	29.59	6300
1238	2023-03-27	32.31	32.31	32.14	32.22	3500
1239	2023-03-28	32.31	32.31	32.31	32.31	0
1240	2023-03-29	29.08	29.16	29.08	29.08	700
1241	2023-03-30	29.16	29.16	29.16	29.16	0
1242	2023-03-31	29.16	29.16	29.16	29.16	0
1243	2023-04-03	29.16	29.16	29.16	29.16	0
1244	2023-04-04	25.0	30.61	25.0	30.61	900
1245	2023-04-05	25.25	25.25	25.25	25.25	100
1246	2023-04-06	25.51	28.91	25.51	28.91	1200
1247	2023-04-07	25.42	28.91	25.42	28.91	400
1248	2023-04-10	28.06	28.06	28.06	28.06	0
1249	2023-04-11	28.06	28.06	28.06	28.06	0
1250	2023-04-12	29.5	29.5	29.42	29.5	7700
1251	2023-04-13	33.16	33.93	33.16	33.93	2500
1252	2023-04-14	28.82	33.93	28.82	32.05	800
1253	2023-04-17	27.63	27.63	27.63	27.63	100
1254	2023-04-18	27.63	27.63	27.63	27.63	0
1255	2023-04-19	27.63	27.63	27.63	27.63	0
1256	2023-04-20	27.72	27.72	27.63	27.63	200
1257	2023-04-21	27.72	27.72	27.72	27.72	0
1258	2023-04-24	27.72	27.72	27.72	27.72	0
1259	2023-04-25	27.72	27.72	27.72	27.72	0
1260	2023-04-26	28.06	28.06	28.06	28.06	200
1261	2023-04-27	28.06	28.06	28.06	28.06	0
1262	2023-04-28	28.06	28.06	28.06	28.06	0
1263	2023-05-04	28.06	28.06	28.06	28.06	0
1264	2023-05-05	31.03	31.03	25.51	25.51	3500
1265	2023-05-08	27.38	27.38	27.38	27.38	0
1266	2023-05-09	30.18	30.35	30.18	30.35	900
1267	2023-05-10	25.68	33.84	25.68	33.84	1600
1268	2023-05-11	31.46	31.46	28.48	28.48	1600
1269	2023-05-12	28.82	28.82	28.82	28.82	400
1270	2023-05-15	28.82	28.82	28.82	28.82	0
1271	2023-05-16	29.76	29.76	29.76	29.76	100
1272	2023-05-17	29.76	29.76	29.76	29.76	0
1273	2023-05-18	29.76	29.76	29.76	29.76	0
1274	2023-05-19	29.76	29.76	29.76	29.76	0
1275	2023-05-22	29.33	29.33	29.33	29.33	100
1276	2023-05-23	29.76	30.61	29.76	30.61	400
1277	2023-05-24	30.18	30.18	30.18	30.18	100
1278	2023-05-25	29.93	30.18	29.93	30.1	3300
1279	2023-05-26	30.01	30.01	30.01	30.01	0
1280	2023-05-29	30.01	30.01	30.01	30.01	100
1281	2023-05-30	30.8	30.8	30.8	30.8	200
1282	2023-05-31	30.54	30.8	30.54	30.8	2000
1283	2023-06-01	30.71	30.71	30.71	30.71	800
1284	2023-06-02	30.71	30.71	30.71	30.71	0
1285	2023-06-05	30.71	30.71	30.71	30.71	0
1286	2023-06-06	34.91	34.91	34.91	34.91	100
1287	2023-06-07	29.75	29.75	29.75	29.75	100
1288	2023-06-08	29.75	29.75	29.75	29.75	0
1289	2023-06-09	29.75	29.75	29.75	29.75	0
1290	2023-06-12	29.75	29.75	29.75	29.75	0
1291	2023-06-13	29.75	29.75	29.75	29.75	0
1292	2023-06-14	29.75	29.75	29.75	29.75	0
1293	2023-06-15	29.75	29.75	29.75	29.75	0
1294	2023-06-16	29.75	29.75	29.75	29.75	0
1295	2023-06-19	29.75	29.75	29.75	29.75	0
1296	2023-06-20	29.75	29.75	29.75	29.75	0
1297	2023-06-21	29.75	29.75	29.75	29.75	0
1298	2023-06-22	29.75	29.75	29.75	29.75	0
1299	2023-06-23	29.75	29.75	29.75	29.75	0
1300	2023-06-26	29.75	29.75	29.75	29.75	0
1301	2023-06-27	34.13	34.13	33.69	33.69	1200
1302	2023-06-28	33.69	34.13	33.69	34.13	6900
1303	2023-06-29	34.13	34.21	34.13	34.21	3700
1304	2023-06-30	34.13	34.13	34.13	34.13	0
1305	2023-07-03	34.13	34.74	34.13	34.74	22400
1306	2023-07-04	34.39	34.56	34.39	34.56	3600
1307	2023-07-05	34.56	34.91	34.56	34.91	2500
1308	2023-07-06	34.56	35.0	34.56	35.0	8500
1309	2023-07-07	34.65	34.65	34.65	34.65	0
1310	2023-07-10	29.49	29.49	29.49	29.49	100
1311	2023-07-11	33.25	33.25	33.25	33.25	200
1312	2023-07-12	34.13	34.13	33.25	34.13	1408
1313	2023-07-13	34.13	34.13	34.13	34.13	300
1314	2023-07-14	29.49	29.49	29.49	29.49	100
1315	2023-07-17	33.86	33.86	33.86	33.86	800
1316	2023-07-18	38.94	38.94	38.94	38.94	200
1317	2023-07-19	33.16	34.91	33.16	34.91	1400
1318	2023-07-20	30.19	30.19	30.19	30.19	100
1319	2023-07-21	30.19	30.19	30.19	30.19	0
1320	2023-07-24	34.65	34.65	34.65	34.65	108
1321	2023-07-25	34.65	34.65	34.65	34.65	0
1322	2023-07-26	34.65	34.65	34.65	34.65	0
1323	2023-07-27	34.65	34.65	34.65	34.65	0
1324	2023-07-28	34.65	34.65	34.65	34.65	0
1325	2023-07-31	34.65	34.65	34.65	34.65	0
1326	2023-08-01	34.65	34.65	34.65	34.65	0
1327	2023-08-02	34.3	34.3	34.3	34.3	200
1328	2023-08-03	34.3	34.3	34.3	34.3	0
1329	2023-08-04	34.3	34.3	34.3	34.3	0
1330	2023-08-07	34.3	34.3	34.3	34.3	0
1331	2023-08-08	34.3	34.3	34.3	34.3	0
1332	2023-08-09	34.3	34.3	34.3	34.3	0
1333	2023-08-10	34.3	34.3	34.3	34.3	0
1334	2023-08-11	34.3	34.3	34.3	34.3	0
1335	2023-08-14	34.3	34.3	34.3	34.3	0
1336	2023-08-15	34.3	34.3	34.3	34.3	0
1337	2023-08-16	34.3	34.3	34.3	34.3	0
1338	2023-08-17	34.3	34.3	34.3	34.3	0
1339	2023-08-18	34.3	34.3	34.3	34.3	6300
1340	2023-08-21	34.3	34.3	34.3	34.3	0
1341	2023-08-22	34.3	34.3	34.3	34.3	92
1342	2023-08-23	34.3	34.3	34.3	34.3	0
1343	2023-08-24	30.36	30.36	30.36	30.36	100
1344	2023-08-25	30.36	30.36	30.36	30.36	0
1345	2023-08-28	30.36	30.36	30.36	30.36	1300
1346	2023-08-29	34.91	34.91	34.91	34.91	100
1347	2023-08-30	30.71	34.91	30.71	33.78	1100
1348	2023-08-31	31.59	34.91	31.59	34.91	800
1349	2023-09-05	31.59	33.25	31.59	33.25	1500
1350	2023-09-06	33.69	33.69	33.69	33.69	300
1351	2023-09-07	33.69	33.69	33.69	33.69	1000
1352	2023-09-08	33.69	33.69	33.69	33.69	100
1353	2023-09-11	30.36	30.36	30.36	30.36	100
1354	2023-09-12	33.25	33.25	33.25	33.25	2000
1355	2023-09-13	30.89	33.34	30.89	33.34	1400
1356	2023-09-14	30.89	30.89	30.89	30.89	100
1357	2023-09-15	30.89	30.89	30.89	30.89	0
1358	2023-09-18	32.81	32.81	32.81	32.81	500
1359	2023-09-19	32.81	32.81	32.81	32.81	800
1360	2023-09-20	34.48	34.48	34.48	34.48	101
1361	2023-09-21	31.15	34.13	31.15	33.34	400
1362	2023-09-22	32.81	32.81	32.81	32.81	500
1363	2023-09-25	31.5	37.63	31.5	32.38	1100
1364	2023-09-26	32.55	32.55	32.55	32.55	8
1365	2023-09-27	32.81	32.81	32.81	32.81	500
1366	2023-09-28	32.81	32.81	32.81	32.81	0
1367	2023-09-29	32.81	32.81	32.81	32.81	200
1368	2023-10-02	30.63	30.63	30.63	30.63	100
1369	2023-10-03	32.38	32.38	32.38	32.38	1000
1370	2023-10-04	32.38	32.38	32.38	32.38	0
1371	2023-10-05	33.95	33.95	33.95	33.95	100
1372	2023-10-06	33.43	33.43	33.43	33.43	600
1373	2023-10-09	33.43	33.43	33.43	33.43	0
1374	2023-10-10	33.43	33.43	33.43	33.43	0
1375	2023-10-11	38.33	38.33	31.5	31.5	1100
1376	2023-10-12	30.8	33.25	30.8	33.25	200
1377	2023-10-13	32.03	32.03	32.03	32.03	1000
1378	2023-10-16	32.03	32.03	32.03	32.03	0
1379	2023-10-17	29.49	29.49	29.49	29.49	1500
1380	2023-10-18	29.58	29.84	28.53	29.75	11000
1381	2023-10-19	29.05	29.05	29.05	29.05	0
1382	2023-10-20	32.81	33.25	32.81	33.25	3700
1383	2023-10-23	30.63	30.63	30.63	30.63	100
1384	2023-10-24	30.63	30.63	30.63	30.63	0
1385	2023-10-25	30.63	30.63	30.63	30.63	0
1386	2023-10-26	33.25	33.69	33.25	33.25	300
1387	2023-10-27	29.93	29.93	29.93	29.93	100
1388	2023-10-30	31.06	31.06	31.06	31.06	200
1389	2023-10-31	31.06	33.16	31.06	33.16	600
1390	2023-11-01	31.41	31.41	31.41	31.41	300
1391	2023-11-02	34.04	34.04	33.69	33.69	200
1392	2023-11-03	29.31	29.31	29.31	29.31	100
1393	2023-11-06	33.16	33.16	33.16	33.16	600
1394	2023-11-07	31.24	31.24	31.24	31.24	100
1395	2023-11-08	31.24	31.24	31.24	31.24	0
1396	2023-11-09	31.24	31.24	31.24	31.24	0
1397	2023-11-10	31.24	31.24	31.24	31.24	0
1398	2023-11-13	31.24	31.24	31.24	31.24	0
1399	2023-11-14	31.24	31.24	31.24	31.24	0
1400	2023-11-15	32.38	32.38	32.38	32.38	300
1401	2023-11-16	32.38	32.38	32.38	32.38	200
1402	2023-11-17	32.38	32.38	32.38	32.38	0
1403	2023-11-20	32.38	32.38	32.38	32.38	0
1404	2023-11-21	32.38	32.38	32.38	32.38	0
1405	2023-11-22	32.38	32.38	32.38	32.38	0
1406	2023-11-23	32.38	32.38	32.38	32.38	0
1407	2023-11-24	32.38	32.38	32.38	32.38	0
1408	2023-11-27	32.38	32.38	32.38	32.38	500
1409	2023-11-28	32.38	32.38	32.38	32.38	0
1410	2023-11-29	34.39	34.39	34.39	34.39	100
1411	2023-11-30	31.06	32.38	31.06	32.38	600
1412	2023-12-01	32.2	32.2	32.2	32.2	0
1413	2023-12-04	33.08	33.08	33.08	33.08	100
1414	2023-12-05	34.91	34.91	34.91	34.91	100
1415	2023-12-06	31.5	31.68	31.5	31.68	15100
1416	2023-12-07	33.6	33.6	33.6	33.6	100
1417	2023-12-08	33.25	33.25	32.73	32.73	1600
1418	2023-12-11	32.9	32.9	32.9	32.9	192
1419	2023-12-12	32.9	32.9	32.9	32.9	0
1420	2023-12-13	31.68	32.2	31.68	32.2	200
1421	2023-12-14	31.94	31.94	31.94	31.94	0
1422	2023-12-15	32.11	32.11	32.11	32.11	101
1423	2023-12-18	30.01	31.59	30.01	31.59	22700
1424	2023-12-19	31.5	31.5	31.5	31.5	0
1425	2023-12-20	31.76	31.76	31.76	31.76	200
1426	2023-12-21	31.76	31.76	31.76	31.76	0
1427	2023-12-22	31.59	32.64	31.59	32.38	30700
1428	2023-12-25	32.81	32.81	32.81	32.81	2300
1429	2023-12-26	32.81	32.81	32.81	32.81	0
1430	2023-12-27	31.85	31.85	31.85	31.85	20000
1431	2023-12-28	31.85	31.85	31.85	31.85	9
1432	2023-12-29	32.81	32.81	32.81	32.81	700
1433	2024-01-02	32.81	33.16	32.81	32.81	2505
1434	2024-01-03	32.99	34.21	32.99	33.69	3500
1435	2024-01-04	33.69	33.69	32.03	33.69	38500
1436	2024-01-05	34.13	34.13	34.13	34.13	5000
1437	2024-01-08	34.13	34.13	34.13	34.13	4200
1438	2024-01-09	34.13	34.13	34.13	34.13	3000
1439	2024-01-10	34.13	34.13	34.13	34.13	517
1440	2024-01-11	34.13	34.13	34.13	34.13	0
1441	2024-01-12	33.95	34.13	33.95	34.13	1800
1442	2024-01-15	34.04	34.04	34.04	34.04	0
1443	2024-01-16	31.76	31.76	31.76	31.76	100
1444	2024-01-17	34.13	34.13	34.13	34.13	3540
1445	2024-01-18	34.13	34.13	34.13	34.13	0
1446	2024-01-19	34.13	34.13	34.13	34.13	0
1447	2024-01-22	34.13	34.13	34.13	34.13	1000
1448	2024-01-23	34.13	34.13	34.13	34.13	100
1449	2024-01-24	34.13	34.13	34.13	34.13	0
1450	2024-01-25	34.13	34.13	34.13	34.13	6800
1451	2024-01-26	34.13	34.13	34.13	34.13	1002
1452	2024-01-29	35.0	35.0	35.0	35.0	2100
1453	2024-01-30	34.91	34.91	34.91	34.91	120
1454	2024-01-31	34.91	34.91	34.91	34.91	20
1455	2024-02-01	35.0	35.0	35.0	35.0	6000
1456	2024-02-02	35.0	35.0	35.0	35.0	0
1457	2024-02-05	33.08	35.18	33.08	35.18	1300
1458	2024-02-06	35.18	35.18	35.18	35.18	1000
1459	2024-02-07	35.18	35.18	35.18	35.18	100
1460	2024-02-15	35.18	35.18	35.18	35.18	0
1461	2024-02-16	35.18	35.18	35.18	35.18	0
1462	2024-02-19	35.88	37.63	35.88	37.63	1000
1463	2024-02-20	34.3	34.3	34.3	34.3	100
1464	2024-02-21	39.38	39.38	35.53	38.85	300
1465	2024-02-22	35.09	35.53	35.09	35.44	1100
1466	2024-02-23	37.63	39.2	37.63	38.33	700
1467	2024-02-26	35.18	38.5	35.18	37.19	1800
1468	2024-02-27	37.63	37.63	37.45	37.45	6000
1469	2024-02-28	37.63	37.63	37.63	37.63	0
1470	2024-02-29	35.44	37.63	35.44	37.63	3000
1471	2024-03-01	37.63	37.71	37.54	37.71	12200
1472	2024-03-04	37.63	37.98	37.63	37.98	8500
1473	2024-03-05	38.06	38.68	38.06	38.68	9300
1474	2024-03-06	39.99	39.99	38.5	38.5	2100
1475	2024-03-07	38.5	38.94	38.5	38.94	400
1476	2024-03-08	38.94	38.94	38.94	38.94	300
1477	2024-03-11	38.94	38.94	38.94	38.94	0
1478	2024-03-12	38.94	38.94	38.94	38.94	200
1479	2024-03-13	38.85	38.85	38.5	38.5	400
1480	2024-03-14	38.76	38.76	38.76	38.76	0
1481	2024-03-15	38.5	38.5	38.5	38.5	1700
1482	2024-03-18	40.25	42.0	38.59	41.56	11600
1483	2024-03-19	42.88	46.81	42.88	46.81	23601
1484	2024-03-20	49.0	49.88	48.13	48.13	4780
1485	2024-03-21	49.0	49.0	48.39	48.39	1100
1486	2024-03-22	48.39	50.84	48.39	50.75	24200
1487	2024-03-25	52.33	55.13	51.89	54.78	23456
1488	2024-03-26	54.95	55.04	54.16	54.78	23100
1489	2024-03-27	54.69	55.56	54.69	55.3	50135
1490	2024-03-28	56.88	56.88	55.39	55.48	19302
1491	2024-03-29	55.83	56.0	52.5	54.25	16084
1492	2024-04-01	54.86	56.0	54.86	55.83	73289
1493	2024-04-02	55.82	55.82	52.93	55.44	18846
1494	2024-04-03	53.89	53.89	46.36	50.7	19897
1495	2024-04-04	49.45	49.45	48.29	48.87	22595
1496	2024-04-05	48.68	50.13	48.48	49.26	8059
1497	2024-04-08	48.87	48.87	48.77	48.77	11022
1498	2024-04-09	49.74	49.74	49.26	49.26	508
1499	2024-04-10	49.45	49.45	49.26	49.26	4260
1500	2024-04-11	49.26	50.22	49.26	49.45	5700
1501	2024-04-12	52.15	56.89	52.15	53.41	19661
1502	2024-04-15	54.95	63.16	54.95	58.43	38584
1503	2024-04-16	58.91	58.91	55.05	57.66	19044
1504	2024-04-17	58.04	58.04	53.6	56.98	3505
1505	2024-04-19	55.34	57.27	55.05	55.05	2932
1506	2024-04-22	55.53	56.89	55.53	56.31	6702
1507	2024-04-23	56.21	56.21	56.21	56.21	270
1508	2024-04-24	56.31	56.31	54.86	56.31	7063
1509	2024-04-25	54.28	55.05	50.51	55.05	1516
1510	2024-04-26	55.53	56.02	55.53	55.53	9484
1511	2024-05-02	55.53	56.02	55.53	55.92	820
1512	2024-05-03	53.6	55.63	53.6	55.63	4400
1513	2024-05-06	55.15	57.56	55.15	55.63	6012
1514	2024-05-07	55.24	55.63	55.05	55.63	3400
1515	2024-05-08	55.24	56.02	55.24	56.02	6500
1516	2024-05-09	56.02	58.91	56.02	58.91	16416
1517	2024-05-10	58.33	58.33	58.33	58.33	25
1518	2024-05-13	56.02	56.11	55.73	55.73	4801
1519	2024-05-14	56.02	57.95	56.02	57.75	2600
1520	2024-05-15	57.75	57.95	57.75	57.75	3320
1521	2024-05-16	57.85	58.91	55.05	55.24	7229
1522	2024-05-17	55.34	56.89	55.34	56.02	2900
1523	2024-05-20	55.82	56.98	55.82	55.92	3819
1524	2024-05-21	56.21	56.21	56.11	56.21	2221
1525	2024-05-22	56.21	57.47	56.21	56.98	2300
1526	2024-05-23	55.73	56.02	55.73	56.02	500
1527	2024-05-24	55.92	55.92	54.95	54.95	10016
1528	2024-05-27	55.44	56.02	54.86	56.02	3501
1529	2024-05-28	55.15	55.15	55.15	55.15	0
1530	2024-05-29	56.02	56.11	55.92	55.92	600
1531	2024-05-30	56.02	56.02	55.34	56.02	21100
1532	2024-05-31	53.22	54.57	53.22	54.57	10101
1533	2024-06-03	56.4	56.4	55.15	56.31	41402
1534	2024-06-04	54.76	56.89	54.76	55.15	13500
1535	2024-06-05	55.15	55.63	54.86	55.05	39293
1536	2024-06-06	55.24	55.24	55.15	55.24	1500
1537	2024-06-07	54.86	55.53	54.66	55.53	51117
1538	2024-06-10	55.53	58.91	55.53	57.75	22300
1539	2024-06-11	57.75	57.75	56.6	56.69	2100
1540	2024-06-12	56.89	56.89	55.53	56.69	6800
1541	2024-06-13	56.89	56.89	56.02	56.6	2701
1542	2024-06-14	56.6	58.62	56.6	56.6	3529
1543	2024-06-17	58.33	58.33	56.89	57.85	53320
1544	2024-06-18	58.04	58.24	56.98	58.14	5233
1545	2024-06-19	58.04	58.04	56.21	57.95	45506
1546	2024-06-20	58.43	58.43	56.21	58.04	6130
1547	2024-06-21	57.95	61.33	57.75	57.75	14502
1548	2024-06-24	59.88	60.85	56.98	58.91	14823
1549	2024-06-25	59.3	60.07	56.98	57.95	5095
1550	2024-06-26	58.91	58.91	58.62	58.62	423
1551	2024-06-27	58.53	58.53	57.95	57.95	7300
1552	2024-06-28	59.69	59.69	57.56	57.56	1000
1553	2024-07-01	57.56	57.85	56.6	57.85	1914
1554	2024-07-02	56.02	56.98	56.02	56.98	1000
1555	2024-07-03	56.69	56.69	56.02	56.02	5000
1556	2024-07-04	57.85	57.85	57.85	57.85	100
1557	2024-07-05	57.85	57.85	57.85	57.85	11
1558	2024-07-08	57.95	57.95	57.66	57.85	13100
1559	2024-07-09	57.85	57.85	57.85	57.85	200
1560	2024-07-10	57.47	57.47	56.89	56.89	5809
1561	2024-07-11	58.82	58.82	58.33	58.43	501
1562	2024-07-12	58.24	58.43	56.21	56.21	4425
1563	2024-07-15	56.5	57.66	56.31	56.31	800
1564	2024-07-16	56.6	57.66	56.5	57.66	2700
1565	2024-07-17	57.18	57.47	56.6	56.79	5001
1566	2024-07-18	56.21	56.98	56.21	56.98	200
1567	2024-07-19	59.2	59.2	56.6	56.69	5709
1568	2024-07-22	56.5	56.5	56.11	56.21	3400
1569	2024-07-23	56.21	57.37	56.21	57.37	200
1570	2024-07-24	56.79	56.79	56.02	56.79	2600
1571	2024-07-25	56.69	56.69	55.92	56.02	11600
1572	2024-07-26	58.33	58.53	58.33	58.53	2000
1573	2024-07-29	57.18	57.85	57.18	57.85	1200
1574	2024-07-30	57.85	57.85	57.66	57.66	200
1575	2024-07-31	57.66	57.75	57.66	57.75	3701
1576	2024-08-01	57.75	57.75	55.05	56.98	3000
1577	2024-08-02	56.98	57.37	56.98	57.08	3100
1578	2024-08-05	57.08	57.08	55.53	55.63	6000
1579	2024-08-06	55.92	55.92	54.57	55.92	7700
1580	2024-08-07	55.05	55.63	55.05	55.63	1400
1581	2024-08-08	56.02	56.02	55.92	55.92	400
1582	2024-08-09	56.02	56.02	56.02	56.02	0
1583	2024-08-12	55.24	55.24	54.08	54.18	4401
1584	2024-08-13	54.08	55.53	53.6	55.53	4500
1585	2024-08-14	54.18	55.63	54.18	55.63	1120
1586	2024-08-15	54.08	54.08	54.08	54.08	100
1587	2024-08-16	54.08	54.18	53.6	54.18	700
1588	2024-08-19	59.11	59.11	56.98	56.98	300
1589	2024-08-20	56.79	56.89	54.08	56.6	3100
1590	2024-08-21	55.92	55.92	55.92	55.92	100
1591	2024-08-22	55.82	56.5	54.37	54.37	2500
1592	2024-08-23	56.4	56.4	54.47	56.02	1502
1593	2024-08-26	56.02	56.02	54.76	55.92	2002
1594	2024-08-27	55.34	56.21	55.34	56.21	1300
1595	2024-08-28	55.82	55.82	55.82	55.82	500
1596	2024-08-29	55.73	55.73	55.73	55.73	400
1597	2024-08-30	56.89	56.89	55.63	56.5	5501
1598	2024-09-04	56.31	56.31	54.08	56.02	7100
1599	2024-09-05	56.5	56.5	55.53	56.4	2301
1600	2024-09-06	56.31	56.31	55.82	55.82	4701
1601	2024-09-09	56.6	56.69	56.02	56.21	4301
1602	2024-09-10	56.5	56.6	56.02	56.02	1030
1603	2024-09-11	56.5	56.5	56.02	56.02	800
1604	2024-09-12	56.02	56.5	56.02	56.31	2101
1605	2024-09-13	55.53	55.53	55.53	55.53	402
1606	2024-09-16	56.89	56.89	56.02	56.5	3805
1607	2024-09-17	56.31	56.79	56.21	56.79	7598
1608	2024-09-18	56.4	57.8	56.4	57.6	1032
1609	2024-09-19	57.8	58.0	57.5	58.0	1651
1610	2024-09-20	57.9	57.9	57.9	57.9	1002
1611	2024-09-23	57.9	58.0	57.9	57.9	605
1612	2024-09-24	57.9	58.2	57.9	58.2	1603
1613	2024-09-25	58.3	58.9	58.1	58.1	12369
1614	2024-09-26	58.2	58.2	57.9	58.1	3126
1615	2024-09-27	58.0	58.4	57.0	57.0	3203
1616	2024-09-30	57.1	57.1	57.0	57.0	1101
1617	2024-10-01	57.5	57.5	57.5	57.5	200
1618	2024-10-02	57.5	57.5	57.5	57.5	300
1619	2024-10-03	58.0	58.0	58.0	58.0	300
1620	2024-10-04	57.5	58.0	57.5	58.0	1200
1621	2024-10-07	60.0	60.0	58.0	58.0	5700
1622	2024-10-08	58.0	59.0	58.0	59.0	2000
1623	2024-10-09	59.0	59.0	59.0	59.0	100
1624	2024-10-10	59.0	59.0	59.0	59.0	1500
1625	2024-10-14	57.5	58.0	57.5	58.0	600
1626	2024-10-15	57.8	57.8	57.6	57.6	600
1627	2024-10-16	60.4	60.4	58.0	59.9	2300
1628	2024-10-17	60.4	61.5	59.9	59.9	3800
1629	2024-10-18	60.0	60.1	60.0	60.1	1100
1630	2024-10-22	58.0	60.0	58.0	58.5	10700
1631	2024-10-23	59.0	59.0	57.5	58.9	4900
1632	2024-10-25	58.0	58.0	58.0	58.0	100
1633	2024-10-28	58.0	58.0	58.0	58.0	100
1634	2024-10-29	58.0	58.0	58.0	58.0	2500
1635	2024-10-31	58.0	59.0	58.0	58.2	1900
1636	2024-11-01	59.9	59.9	59.9	59.9	1000
1637	2024-11-04	59.8	60.1	59.5	59.5	2400
1638	2024-11-05	58.5	58.5	58.5	58.5	100
1639	2024-11-06	58.2	59.0	58.2	59.0	300
1640	2024-11-07	58.8	58.8	58.7	58.7	800
1641	2024-11-08	58.7	58.7	58.7	58.7	600
1642	2024-11-11	58.1	58.7	58.1	58.4	2200
1643	2024-11-12	58.4	58.4	58.0	58.3	9500
1644	2024-11-13	58.2	58.3	58.2	58.3	1000
1645	2024-11-14	58.3	60.0	58.3	60.0	3500
1646	2024-11-15	59.9	59.9	59.5	59.8	7300
1647	2024-11-18	59.8	60.8	59.8	60.6	6000
1648	2024-11-19	61.1	61.1	60.5	60.9	3600
1649	2024-11-25	60.2	60.2	58.6	58.9	3300
1650	2024-11-26	60.2	60.2	60.2	60.2	500
1651	2024-11-28	60.2	60.2	60.2	60.2	100
1652	2024-11-29	59.0	59.0	58.6	58.6	300
1653	2024-12-02	58.6	60.9	58.6	59.2	6000
1654	2024-12-04	58.8	58.8	58.8	58.8	100
1655	2024-12-05	58.8	58.8	58.8	58.8	1200
1656	2024-12-06	58.9	58.9	58.9	58.9	200
1657	2024-12-09	59.0	59.1	59.0	59.0	1100
1658	2024-12-11	59.5	59.5	59.5	59.5	200
1659	2024-12-12	59.7	59.7	59.6	59.6	600
1660	2024-12-13	59.9	59.9	59.9	59.9	500
1661	2024-12-16	60.5	60.5	60.5	60.5	1200
1662	2024-12-17	60.0	60.0	59.8	59.9	600
1663	2024-12-18	60.0	61.0	60.0	61.0	2700
1664	2024-12-23	59.0	59.0	58.0	58.7	2900
1665	2024-12-24	59.0	59.0	59.0	59.0	200
1666	2024-12-25	59.2	59.2	59.2	59.2	200
1667	2024-12-26	58.9	58.9	58.8	58.8	500
1668	2024-12-31	60.0	60.0	60.0	60.0	200
1669	2025-01-02	60.0	60.2	60.0	60.0	1700
1670	2025-01-03	60.1	60.2	60.1	60.2	1800
1671	2025-01-06	60.7	60.7	60.7	60.7	800
1672	2025-01-08	60.7	60.7	60.6	60.6	200
1673	2025-01-09	60.8	60.8	60.8	60.8	100
1674	2025-01-10	60.9	61.0	60.9	60.9	1400
1675	2025-01-13	60.7	60.8	60.7	60.8	500
1676	2025-01-14	60.0	60.0	60.0	60.0	800
1677	2025-01-15	63.5	63.5	60.0	60.0	400
1678	2025-01-16	61.0	61.0	61.0	61.0	600
1679	2025-01-17	61.0	61.5	61.0	61.5	5400
1680	2025-01-20	62.0	62.1	62.0	62.0	4900
1681	2025-01-21	63.1	63.1	62.8	62.8	300
1682	2025-01-22	61.3	63.5	61.3	63.5	4400
1683	2025-01-23	63.1	63.2	63.0	63.0	600
1684	2025-01-24	64.0	64.0	63.7	63.7	200
1685	2025-02-03	65.1	65.1	59.0	63.8	8700
1686	2025-02-04	63.8	63.8	63.8	63.8	500
1687	2025-02-05	64.3	64.3	62.8	62.8	600
1688	2025-02-06	62.0	62.0	62.0	62.0	700
1689	2025-02-07	62.0	62.0	62.0	62.0	500
1690	2025-02-10	64.1	64.1	62.4	62.4	6500
1691	2025-02-11	63.2	63.3	63.2	63.3	300
1692	2025-02-12	63.8	63.8	63.5	63.5	7700
1693	2025-02-13	63.6	63.6	63.6	63.6	200
1694	2025-02-17	63.9	63.9	63.9	63.9	500
1695	2025-02-18	64.0	64.0	64.0	64.0	200
1696	2025-02-19	64.0	64.0	64.0	64.0	4300
1697	2025-02-20	64.2	64.2	64.2	64.2	100
1698	2025-02-21	64.4	64.4	64.0	64.0	1200
1699	2025-02-24	64.4	64.4	64.1	64.1	1200
1700	2025-02-25	64.0	64.0	64.0	64.0	2200
1701	2025-02-26	64.0	64.0	64.0	64.0	100
1702	2025-02-27	65.1	65.1	65.1	65.1	2100
1703	2025-02-28	66.1	74.8	65.0	65.0	9800
1704	2025-03-03	79.1	79.1	69.0	69.0	2400
1705	2025-03-04	80.0	80.0	70.0	70.0	6200
1706	2025-03-05	79.6	79.6	70.0	70.0	4700
1707	2025-03-06	76.4	76.4	70.0	73.8	1500
1708	2025-03-07	72.0	72.0	61.1	68.1	7600
1709	2025-03-10	63.3	65.0	63.3	64.1	800
1710	2025-03-11	64.5	64.5	64.2	64.2	2000
1711	2025-03-12	67.3	67.3	66.7	66.7	2600
1712	2025-03-13	66.6	66.7	64.9	64.9	1900
1713	2025-03-14	66.3	66.3	66.2	66.3	1200
1714	2025-03-17	63.6	65.0	63.6	65.0	1500
1715	2025-03-18	66.5	67.0	65.0	65.0	500
1716	2025-03-19	66.0	66.1	66.0	66.1	1100
1717	2025-03-20	66.1	66.1	66.1	66.1	200
1718	2025-03-21	66.1	66.1	66.1	66.1	600
1719	2025-03-24	69.9	69.9	66.1	66.1	300
1720	2025-03-25	68.0	68.0	67.5	67.5	400
1721	2025-03-26	66.0	67.8	66.0	67.8	1800
1722	2025-03-27	67.0	70.0	67.0	69.0	2200
1723	2025-03-28	71.0	71.0	68.5	68.5	3300
1724	2025-03-31	69.0	69.0	68.0	68.0	2200
