	time	open	high	low	close	volume
0	2015-08-28	3.84	0.0	0.0	0.0	0
1	2015-08-31	3.84	0.0	0.0	0.0	0
2	2015-09-01	3.84	0.0	0.0	0.0	0
3	2015-09-03	3.84	0.0	0.0	0.0	0
4	2015-09-04	3.84	0.0	0.0	0.0	0
5	2015-09-07	3.84	0.0	0.0	0.0	0
6	2015-09-08	3.84	0.0	0.0	0.0	0
7	2015-09-09	3.84	0.0	0.0	0.0	0
8	2015-09-10	3.84	0.0	0.0	0.0	0
9	2015-09-11	2.98	2.98	2.98	2.98	100
10	2015-09-14	2.98	2.98	2.98	2.98	3782
11	2015-09-15	2.98	2.98	2.98	2.98	3294
12	2015-09-16	2.98	2.98	2.98	2.98	223
13	2015-09-17	2.98	2.98	2.98	2.98	0
14	2015-09-18	2.98	2.98	2.98	2.98	0
15	2015-09-21	2.98	2.98	2.98	2.98	0
16	2015-09-22	2.98	2.98	2.98	2.98	0
17	2015-09-23	2.98	2.98	2.98	2.98	0
18	2015-09-24	2.98	2.98	2.98	2.98	0
19	2015-09-25	2.98	2.98	2.98	2.98	0
20	2015-09-28	2.98	2.98	2.98	2.98	390
21	2015-09-29	2.98	2.98	2.98	2.98	0
22	2015-09-30	2.98	2.98	2.98	2.98	0
23	2015-10-01	2.98	2.98	2.98	2.98	0
24	2015-10-02	2.98	2.98	2.98	2.98	0
25	2015-10-05	2.98	2.98	2.98	2.98	0
26	2015-10-06	2.98	2.98	2.98	2.98	0
27	2015-10-07	2.98	2.98	2.98	2.98	0
28	2015-10-08	2.98	2.98	2.98	2.98	0
29	2015-10-09	2.98	2.98	2.98	2.98	0
30	2015-10-12	2.98	2.98	2.98	2.98	0
31	2015-10-13	2.98	2.98	2.98	2.98	0
32	2015-10-14	2.98	2.98	2.98	2.98	0
33	2015-10-15	2.98	2.98	2.98	2.98	0
34	2015-10-16	2.98	2.98	2.98	2.98	0
35	2015-10-19	2.98	2.98	2.98	2.98	32000
36	2015-10-20	2.98	2.98	2.98	2.98	0
37	2015-10-21	2.98	2.98	2.98	2.98	0
38	2015-10-22	2.98	2.98	2.98	2.98	0
39	2015-10-23	2.98	2.98	2.98	2.98	0
40	2015-10-26	2.98	2.98	2.98	2.98	0
41	2015-10-27	2.98	2.98	2.98	2.98	0
42	2015-10-28	2.98	2.98	2.98	2.98	0
43	2015-10-29	2.98	2.98	2.98	2.98	0
44	2015-10-30	2.98	2.98	2.98	2.98	0
45	2015-11-02	2.98	2.98	2.98	2.98	0
46	2015-11-03	2.98	2.98	2.98	2.98	1060
47	2015-11-04	2.98	2.98	2.98	2.98	0
48	2015-11-05	2.98	2.98	2.98	2.98	0
49	2015-11-06	2.98	2.98	2.98	2.98	0
50	2015-11-09	2.98	2.98	2.98	2.98	0
51	2015-11-10	2.98	2.98	2.98	2.98	3350
52	2015-11-11	2.98	2.98	2.98	2.98	0
53	2015-11-12	2.98	2.98	2.98	2.98	0
54	2015-11-13	2.98	2.98	2.98	2.98	0
55	2015-11-16	2.98	2.98	2.98	2.98	0
56	2015-11-17	2.98	2.98	2.98	2.98	2402
57	2015-11-18	2.98	2.98	2.98	2.98	0
58	2015-11-19	2.98	2.98	2.98	2.98	0
59	2015-11-20	2.98	2.98	2.98	2.98	0
60	2015-11-23	2.98	2.98	2.98	2.98	0
61	2015-11-24	2.98	2.98	2.98	2.98	0
62	2015-11-25	2.98	2.98	2.98	2.98	0
63	2015-11-26	2.98	2.98	2.98	2.98	0
64	2015-11-27	2.98	2.98	2.98	2.98	0
65	2015-11-30	2.98	2.98	2.98	2.98	0
66	2015-12-01	2.98	2.98	2.98	2.98	1173
67	2015-12-02	2.98	2.98	2.98	2.98	0
68	2015-12-03	2.98	2.98	2.98	2.98	0
69	2015-12-04	2.98	2.98	2.98	2.98	0
70	2015-12-07	2.98	2.98	2.98	2.98	1340
71	2015-12-08	2.98	2.98	2.98	2.98	0
72	2015-12-09	2.98	2.98	2.98	2.98	0
73	2015-12-10	2.98	2.98	2.98	2.98	0
74	2015-12-11	2.98	2.98	2.98	2.98	1117
75	2015-12-14	2.98	2.98	2.98	2.98	0
76	2015-12-15	2.98	2.98	2.98	2.98	0
77	2015-12-16	2.98	2.98	2.98	2.98	0
78	2015-12-17	2.98	2.98	2.98	2.98	0
79	2015-12-18	2.98	2.98	2.98	2.98	0
80	2015-12-21	2.98	2.98	2.98	2.98	0
81	2015-12-22	2.98	2.98	2.98	2.98	0
82	2015-12-23	2.98	2.98	2.98	2.98	0
83	2015-12-24	2.98	2.98	2.98	2.98	0
84	2015-12-25	2.98	2.98	2.98	2.98	0
85	2015-12-28	2.98	2.98	2.98	2.98	0
86	2015-12-29	2.98	2.98	2.98	2.98	0
87	2015-12-30	2.98	2.98	2.98	2.98	0
88	2015-12-31	2.98	2.98	2.98	2.98	0
89	2016-01-04	2.98	2.98	2.98	2.98	0
90	2016-01-05	2.98	2.98	2.98	2.98	0
91	2016-01-06	2.98	2.98	2.98	2.98	0
92	2016-01-07	2.98	2.98	2.98	2.98	0
93	2016-01-08	2.53	2.53	2.53	2.53	1117
94	2016-01-11	2.53	2.53	2.53	2.53	0
95	2016-01-12	2.53	2.53	2.53	2.53	0
96	2016-01-13	2.53	2.53	2.53	2.53	0
97	2016-01-14	2.53	2.53	2.53	2.53	0
98	2016-01-15	2.53	2.53	2.53	2.53	0
99	2016-01-18	2.53	2.53	2.53	2.53	0
100	2016-01-19	2.53	2.53	2.53	2.53	0
101	2016-01-20	2.53	2.53	2.53	2.53	0
102	2016-01-21	2.53	2.53	2.53	2.53	0
103	2016-01-22	2.53	2.53	2.53	2.53	0
104	2016-01-25	2.38	2.38	2.38	2.38	1061
105	2016-01-26	2.38	2.38	2.38	2.38	0
106	2016-01-27	2.38	2.38	2.38	2.38	0
107	2016-01-28	2.38	2.38	2.38	2.38	0
108	2016-01-29	2.38	2.38	2.38	2.38	0
109	2016-02-01	2.38	2.38	2.38	2.38	0
110	2016-02-02	2.38	2.38	2.38	2.38	0
111	2016-02-03	2.38	2.38	2.38	2.38	0
112	2016-02-04	2.38	2.38	2.38	2.38	0
113	2016-02-05	2.38	2.38	2.38	2.38	0
114	2016-02-15	2.38	2.38	2.38	2.38	0
115	2016-02-16	2.38	2.38	2.38	2.38	0
116	2016-02-17	2.38	2.38	2.38	2.38	0
117	2016-02-18	2.38	2.38	2.38	2.38	0
118	2016-02-19	2.38	2.38	2.38	2.38	0
119	2016-02-22	2.38	2.38	2.38	2.38	0
120	2016-02-23	2.38	2.38	2.38	2.38	0
121	2016-02-24	2.38	2.38	2.38	2.38	0
122	2016-02-25	2.14	2.17	2.14	2.17	19000
123	2016-02-26	2.17	2.17	2.17	2.17	0
124	2016-02-29	2.17	2.17	2.17	2.17	1117
125	2016-03-01	2.17	2.17	2.17	2.17	0
126	2016-03-02	2.17	2.17	2.17	2.17	0
127	2016-03-03	2.17	2.17	2.17	2.17	0
128	2016-03-04	2.17	2.17	2.17	2.17	0
129	2016-03-07	2.17	2.17	2.17	2.17	0
130	2016-03-08	2.17	2.17	2.17	2.17	0
131	2016-03-09	2.17	2.17	2.17	2.17	0
132	2016-03-10	2.17	2.17	2.17	2.17	0
133	2016-03-11	2.17	2.17	2.17	2.17	0
134	2016-03-14	2.17	2.17	2.17	2.17	0
135	2016-03-15	2.17	2.17	2.17	2.17	0
136	2016-03-16	2.17	2.17	2.17	2.17	0
137	2016-03-17	2.17	2.17	2.17	2.17	0
138	2016-03-18	2.17	2.17	2.17	2.17	0
139	2016-03-21	2.17	2.17	2.17	2.17	0
140	2016-03-22	2.2	2.2	2.2	2.2	1060
141	2016-03-23	2.2	2.2	2.2	2.2	0
142	2016-03-24	2.2	2.2	2.2	2.2	0
143	2016-03-25	2.53	2.53	2.53	2.53	949
144	2016-03-28	2.53	2.53	2.53	2.53	0
145	2016-03-29	2.53	2.53	2.53	2.53	0
146	2016-03-30	2.89	2.89	2.89	2.89	1664
147	2016-03-31	2.89	2.89	2.89	2.89	0
148	2016-04-01	2.89	2.89	2.89	2.89	0
149	2016-04-04	2.89	2.89	2.89	2.89	0
150	2016-04-05	2.89	2.89	2.89	2.89	0
151	2016-04-06	3.3	3.3	3.3	3.3	100
152	2016-04-07	3.3	3.3	3.3	3.3	0
153	2016-04-08	3.3	3.3	3.3	3.3	0
154	2016-04-11	3.3	3.3	3.3	3.3	0
155	2016-04-12	3.3	3.3	3.3	3.3	0
156	2016-04-13	3.3	3.3	3.3	3.3	0
157	2016-04-14	3.78	3.78	3.78	3.78	100
158	2016-04-15	3.78	3.78	3.78	3.78	0
159	2016-04-19	3.78	3.78	3.78	3.78	0
160	2016-04-20	3.78	3.78	3.78	3.78	0
161	2016-04-21	3.78	3.78	3.78	3.78	0
162	2016-04-22	3.78	3.78	3.78	3.78	0
163	2016-04-25	3.78	3.78	3.78	3.78	0
164	2016-04-26	3.78	3.78	3.78	3.78	0
165	2016-04-27	3.78	3.78	3.78	3.78	0
166	2016-04-28	3.78	3.78	3.78	3.78	0
167	2016-04-29	3.78	3.78	3.78	3.78	0
168	2016-05-04	3.87	3.87	3.87	3.87	726
169	2016-05-05	3.87	3.87	3.87	3.87	0
170	2016-05-06	3.87	3.87	3.87	3.87	0
171	2016-05-09	3.87	3.87	3.87	3.87	0
172	2016-05-10	3.87	3.87	3.87	3.87	0
173	2016-05-11	3.87	3.87	3.87	3.87	0
174	2016-05-12	4.02	4.02	4.02	4.02	1200
175	2016-05-13	4.02	4.02	4.02	4.02	0
176	2016-05-16	4.02	4.02	4.02	4.02	0
177	2016-05-17	4.02	4.02	4.02	4.02	0
178	2016-05-18	3.78	3.78	3.78	3.78	7483
179	2016-05-19	3.78	3.78	3.78	3.78	0
180	2016-05-20	3.57	3.57	3.57	3.57	1396
181	2016-05-23	3.57	3.57	3.57	3.57	949
182	2016-05-24	3.57	3.57	3.57	3.57	0
183	2016-05-25	3.57	3.57	3.57	3.57	726
184	2016-05-26	3.83	3.83	3.83	3.83	0
185	2016-05-27	3.83	3.83	3.83	3.83	0
186	2016-05-30	3.83	3.83	3.83	3.83	0
187	2016-05-31	3.83	3.83	3.83	3.83	0
188	2016-06-01	3.83	3.83	3.83	3.83	0
189	2016-06-02	3.83	3.83	3.83	3.83	0
190	2016-06-03	3.83	3.83	3.83	3.83	0
191	2016-06-06	3.83	3.83	3.83	3.83	0
192	2016-06-07	3.83	3.83	3.83	3.83	0
193	2016-06-08	3.83	3.83	3.83	3.83	0
194	2016-06-09	3.83	3.83	3.83	3.83	0
195	2016-06-10	3.83	3.83	3.83	3.83	0
196	2016-06-13	3.83	3.83	3.83	3.83	0
197	2016-06-14	3.83	3.83	3.83	3.83	0
198	2016-06-15	3.83	3.83	3.83	3.83	0
199	2016-06-16	3.83	3.83	3.83	3.83	0
200	2016-06-17	3.83	3.83	3.83	3.83	0
201	2016-06-20	3.83	3.83	3.83	3.83	0
202	2016-06-21	3.57	3.57	3.57	3.57	3462
203	2016-06-22	3.57	3.57	3.57	3.57	0
204	2016-06-23	3.57	3.57	3.57	3.57	0
205	2016-06-24	3.57	3.57	3.57	3.57	2401
206	2016-06-27	3.57	3.57	3.57	3.57	0
207	2016-06-28	3.57	3.57	3.57	3.57	0
208	2016-06-29	3.57	3.57	3.57	3.57	0
209	2016-06-30	3.57	3.57	3.57	3.57	0
210	2016-07-01	3.57	3.57	3.57	3.57	0
211	2016-07-04	4.08	4.08	4.08	4.08	838
212	2016-07-05	4.69	4.69	4.69	4.69	100
213	2016-07-06	4.69	4.69	4.69	4.69	0
214	2016-07-07	4.69	4.69	4.69	4.69	0
215	2016-07-08	4.47	4.47	4.43	4.47	5188
216	2016-07-11	4.5	4.5	4.5	4.5	1616
217	2016-07-12	4.5	4.5	4.5	4.5	0
218	2016-07-13	4.5	4.5	4.5	4.5	0
219	2016-07-14	4.5	4.5	4.5	4.5	0
220	2016-07-15	4.5	4.5	4.5	4.5	0
221	2016-07-18	4.5	4.5	4.5	4.5	5472
222	2016-07-19	4.5	4.5	4.5	4.5	0
223	2016-07-20	4.5	4.5	4.5	4.5	0
224	2016-07-21	4.47	4.47	4.47	4.47	6974
225	2016-07-22	4.47	4.47	4.47	4.47	0
226	2016-07-25	4.47	4.47	4.47	4.47	0
227	2016-07-26	4.47	4.47	4.47	4.47	0
228	2016-07-27	4.5	4.5	4.5	4.5	4651
229	2016-07-28	4.5	4.5	4.5	4.5	0
230	2016-07-29	4.5	4.5	4.5	4.5	0
231	2016-08-01	4.5	4.5	4.5	4.5	0
232	2016-08-02	4.5	4.5	4.5	4.5	0
233	2016-08-03	4.34	4.34	4.34	4.34	598
234	2016-08-04	4.34	4.34	4.34	4.34	0
235	2016-08-05	4.5	4.5	4.5	4.5	5000
236	2016-08-08	4.5	4.5	4.5	4.5	1173
237	2016-08-09	4.5	4.5	4.5	4.5	0
238	2016-08-10	4.47	4.47	4.47	4.47	3419
239	2016-08-11	4.47	4.47	4.47	4.47	0
240	2016-08-12	4.47	4.47	4.47	4.47	0
241	2016-08-15	4.31	4.31	4.31	4.31	223
242	2016-08-16	4.31	4.31	4.31	4.31	0
243	2016-08-17	4.31	4.31	4.31	4.31	0
244	2016-08-18	4.31	4.31	4.31	4.31	0
245	2016-08-19	4.31	4.31	4.31	4.31	0
246	2016-08-22	4.31	4.31	4.31	4.31	0
247	2016-08-23	4.31	4.31	4.31	4.31	0
248	2016-08-24	4.31	4.31	4.31	4.31	2000
249	2016-08-25	4.31	4.31	4.31	4.31	10
250	2016-08-26	4.31	4.31	4.31	4.31	0
251	2016-08-29	4.31	4.31	4.31	4.31	0
252	2016-08-30	4.31	4.31	4.31	4.31	0
253	2016-08-31	4.31	4.31	4.31	4.31	0
254	2016-09-01	4.31	4.31	4.31	4.31	0
255	2016-09-05	4.31	4.31	4.31	4.31	0
256	2016-09-06	4.31	4.31	4.31	4.31	0
257	2016-09-07	4.31	4.31	4.31	4.31	2122
258	2016-09-08	4.31	4.31	4.31	4.31	0
259	2016-09-09	4.31	4.31	4.31	4.31	0
260	2016-09-12	4.31	4.31	4.31	4.31	0
261	2016-09-13	4.31	4.31	4.31	4.31	0
262	2016-09-14	4.31	4.31	4.31	4.31	0
263	2016-09-15	4.31	4.31	4.31	4.31	0
264	2016-09-16	4.31	4.31	4.31	4.31	0
265	2016-09-19	4.31	4.31	4.31	4.31	0
266	2016-09-20	4.31	4.31	4.31	4.31	0
267	2016-09-21	4.15	4.31	4.15	4.31	3003
268	2016-09-22	4.31	4.31	4.31	4.31	0
269	2016-09-23	4.31	4.31	4.31	4.31	0
270	2016-09-26	4.31	4.31	4.31	4.31	0
271	2016-09-27	4.31	4.31	4.31	4.31	0
272	2016-09-28	4.31	4.31	4.31	4.31	0
273	2016-09-29	4.31	4.31	4.31	4.31	0
274	2016-09-30	4.31	4.31	4.31	4.31	0
275	2016-10-03	4.31	4.31	4.31	4.31	0
276	2016-10-04	4.31	4.31	4.31	4.31	0
277	2016-10-05	4.31	4.31	4.31	4.31	0
278	2016-10-06	4.31	4.31	4.31	4.31	0
279	2016-10-07	4.31	4.31	4.31	4.31	0
280	2016-10-10	4.31	4.31	4.31	4.31	0
281	2016-10-11	4.31	4.31	4.31	4.31	0
282	2016-10-12	4.31	4.31	4.31	4.31	0
283	2016-10-13	4.31	4.31	4.31	4.31	0
284	2016-10-14	4.31	4.31	4.31	4.31	0
285	2016-10-17	4.31	4.31	4.31	4.31	0
286	2016-10-18	4.31	4.31	4.31	4.31	0
287	2016-10-19	4.31	4.31	4.31	4.31	0
288	2016-10-20	4.31	4.31	4.31	4.31	0
289	2016-10-21	4.15	4.15	4.15	4.15	168
290	2016-10-24	4.15	4.15	4.15	4.15	0
291	2016-10-25	4.15	4.15	4.15	4.15	0
292	2016-10-26	4.15	4.15	4.15	4.15	0
293	2016-10-27	4.15	4.15	4.15	4.15	0
294	2016-10-28	4.15	4.15	4.15	4.15	0
295	2016-10-31	4.47	4.47	4.47	4.47	2847
296	2016-11-01	4.47	4.47	4.47	4.47	0
297	2016-11-02	4.47	4.47	4.47	4.47	0
298	2016-11-03	4.47	4.47	4.47	4.47	0
299	2016-11-04	4.47	4.47	4.47	4.47	0
300	2016-11-07	4.47	4.47	4.47	4.47	0
301	2016-11-08	4.47	4.47	4.47	4.47	0
302	2016-11-09	4.47	4.47	4.47	4.47	0
303	2016-11-10	4.47	4.47	4.47	4.47	0
304	2016-11-11	4.47	4.47	4.47	4.47	6700
305	2016-11-14	4.47	4.47	4.47	4.47	0
306	2016-11-15	4.47	4.47	4.47	4.47	4245
307	2016-11-16	4.47	4.47	4.47	4.47	0
308	2016-11-17	4.47	4.47	4.47	4.47	0
309	2016-11-18	4.47	4.47	4.47	4.47	0
310	2016-11-21	4.47	4.47	4.47	4.47	1300
311	2016-11-22	4.47	4.47	4.47	4.47	0
312	2016-11-23	4.47	4.47	4.47	4.47	0
313	2016-11-24	4.47	4.47	4.47	4.47	96
314	2016-11-25	4.47	4.47	4.47	4.47	0
315	2016-11-28	4.47	4.47	4.47	4.47	0
316	2016-11-29	4.47	4.47	4.47	4.47	0
317	2016-11-30	4.47	4.47	4.47	4.47	0
318	2016-12-01	4.47	4.47	4.47	4.47	24177
319	2016-12-02	4.47	4.47	4.47	4.47	0
320	2016-12-05	4.47	4.47	4.47	4.47	4969
321	2016-12-06	4.47	4.47	4.47	4.47	0
322	2016-12-07	4.47	4.47	4.47	4.47	0
323	2016-12-08	4.47	4.47	4.47	4.47	0
324	2016-12-09	4.47	4.47	4.47	4.47	0
325	2016-12-12	4.47	4.47	4.47	4.47	0
326	2016-12-13	4.47	4.47	4.47	4.47	0
327	2016-12-14	4.47	4.47	4.47	4.47	0
328	2016-12-15	4.47	4.47	4.47	4.47	0
329	2016-12-16	4.47	4.47	4.47	4.47	0
330	2016-12-19	3.89	3.89	3.89	3.89	100
331	2016-12-20	4.47	4.47	4.47	4.47	12004
332	2016-12-21	4.47	4.47	4.47	4.47	0
333	2016-12-22	4.47	4.47	4.47	4.47	0
334	2016-12-23	4.47	4.47	4.47	4.47	9996
335	2016-12-26	3.89	3.89	3.89	3.89	100
336	2016-12-27	3.89	3.89	3.89	3.89	3239
337	2016-12-28	4.47	4.47	4.47	4.47	12066
338	2016-12-29	4.47	4.47	4.47	4.47	2500
339	2016-12-30	4.47	4.47	4.47	4.47	124
340	2017-01-03	4.47	4.47	4.47	4.47	0
341	2017-01-04	4.47	4.47	4.47	4.47	0
342	2017-01-05	4.47	4.47	4.47	4.47	0
343	2017-01-06	4.47	4.47	4.47	4.47	0
344	2017-01-09	4.47	4.47	4.47	4.47	0
345	2017-01-10	4.47	4.47	4.47	4.47	0
346	2017-01-11	4.47	4.47	4.47	4.47	0
347	2017-01-12	4.47	4.47	4.47	4.47	0
348	2017-01-13	4.47	4.47	4.47	4.47	8599
349	2017-01-16	4.47	4.47	4.47	4.47	0
350	2017-01-17	4.47	4.47	4.47	4.47	0
351	2017-01-18	4.47	4.47	4.47	4.47	0
352	2017-01-19	4.47	4.47	4.47	4.47	13847
353	2017-01-20	4.47	4.47	4.47	4.47	0
354	2017-01-23	4.47	4.47	4.47	4.47	0
355	2017-01-24	4.47	4.47	4.47	4.47	0
356	2017-01-25	4.47	4.47	4.47	4.47	0
357	2017-02-02	4.47	4.47	4.47	4.47	0
358	2017-02-03	4.47	4.47	4.47	4.47	0
359	2017-02-06	4.53	4.53	4.53	4.53	2700
360	2017-02-07	4.53	4.53	4.53	4.53	0
361	2017-02-08	4.53	4.53	4.53	4.53	0
362	2017-02-09	4.53	4.53	4.53	4.53	0
363	2017-02-10	4.53	4.53	4.53	4.53	0
364	2017-02-13	4.53	4.53	4.53	4.53	0
365	2017-02-14	4.53	4.53	4.53	4.53	0
366	2017-02-15	4.53	4.53	4.53	4.53	0
367	2017-02-16	4.53	4.53	4.53	4.53	0
368	2017-02-17	4.53	4.53	4.53	4.53	0
369	2017-02-20	4.53	4.53	4.53	4.53	0
370	2017-02-21	4.53	4.53	4.53	4.53	0
371	2017-02-22	4.53	4.53	4.53	4.53	0
372	2017-02-23	4.53	4.53	4.53	4.53	0
373	2017-02-24	4.53	4.53	4.53	4.53	0
374	2017-02-27	4.53	4.53	4.53	4.53	0
375	2017-02-28	4.53	4.53	4.53	4.53	0
376	2017-03-01	4.53	4.53	4.53	4.53	0
377	2017-03-02	4.53	4.53	4.53	4.53	0
378	2017-03-03	4.53	4.53	4.53	4.53	0
379	2017-03-06	4.53	4.53	4.53	4.53	0
380	2017-03-07	4.53	4.53	4.53	4.53	0
381	2017-03-08	4.53	4.53	4.53	4.53	3574
382	2017-03-09	4.53	4.53	4.53	4.53	0
383	2017-03-10	4.53	4.53	4.53	4.53	1060
384	2017-03-13	4.47	4.47	4.47	4.47	391
385	2017-03-14	4.47	4.47	4.47	4.47	0
386	2017-03-15	4.78	4.78	4.78	4.78	100
387	2017-03-16	4.78	4.78	4.78	4.78	0
388	2017-03-17	5.49	5.49	5.49	5.49	100
389	2017-03-20	5.49	5.49	5.49	5.49	0
390	2017-03-21	5.74	5.74	5.74	5.74	100
391	2017-03-22	5.74	5.74	5.74	5.74	726
392	2017-03-23	5.74	5.74	5.74	5.74	0
393	2017-03-24	4.88	4.88	4.88	4.88	100
394	2017-03-27	4.18	4.47	4.18	4.47	1328
395	2017-03-28	4.43	4.43	4.43	4.43	0
396	2017-03-29	4.47	4.47	4.47	4.47	937
397	2017-03-30	4.47	4.47	4.47	4.47	0
398	2017-03-31	4.47	4.47	4.47	4.47	0
399	2017-04-03	4.47	4.47	4.47	4.47	0
400	2017-04-04	5.1	5.1	5.1	5.1	291000
401	2017-04-05	4.47	4.47	4.47	4.47	200
402	2017-04-07	5.1	5.1	5.1	5.1	1117
403	2017-04-10	5.1	5.1	5.1	5.1	0
404	2017-04-11	5.1	5.1	5.1	5.1	0
405	2017-04-12	5.1	5.1	5.1	5.1	0
406	2017-04-13	5.1	5.1	5.1	5.1	0
407	2017-04-14	5.1	5.1	5.1	5.1	0
408	2017-04-17	5.1	5.1	5.1	5.1	0
409	2017-04-18	5.1	5.1	5.1	5.1	0
410	2017-04-19	5.1	5.1	5.1	5.1	0
411	2017-04-20	5.1	5.1	5.1	5.1	0
412	2017-04-21	5.1	5.1	5.1	5.1	0
413	2017-04-24	5.1	5.1	5.1	5.1	0
414	2017-04-25	5.1	5.1	5.1	5.1	0
415	2017-04-26	5.1	5.1	5.1	5.1	0
416	2017-04-27	5.1	5.1	5.1	5.1	0
417	2017-04-28	5.1	5.1	5.1	5.1	0
418	2017-05-03	5.1	5.1	5.1	5.1	0
419	2017-05-04	4.34	4.34	4.34	4.34	1396
420	2017-05-05	4.98	4.98	4.98	4.98	7750
421	2017-05-08	4.98	4.98	4.98	4.98	0
422	2017-05-09	4.98	4.98	4.98	4.98	0
423	2017-05-10	4.98	4.98	4.98	4.98	0
424	2017-05-11	4.98	4.98	4.98	4.98	0
425	2017-05-12	4.98	4.98	4.98	4.98	0
426	2017-05-15	4.98	4.98	4.98	4.98	0
427	2017-05-16	4.98	4.98	4.98	4.98	0
428	2017-05-17	4.98	4.98	4.98	4.98	0
429	2017-05-18	4.98	4.98	4.98	4.98	0
430	2017-05-19	4.98	4.98	4.98	4.98	0
431	2017-05-22	4.24	4.24	4.24	4.24	3000
432	2017-05-23	3.63	3.63	3.63	3.63	13800
433	2017-05-24	3.63	3.63	3.63	3.63	0
434	2017-05-25	3.63	3.63	3.63	3.63	0
435	2017-05-26	3.13	3.13	3.13	3.13	12201
436	2017-05-29	3.13	3.13	3.13	3.13	0
437	2017-05-30	3.13	3.13	3.13	3.13	0
438	2017-05-31	3.13	3.13	3.13	3.13	0
439	2017-06-01	3.13	3.13	3.13	3.13	0
440	2017-06-02	3.13	3.13	3.13	3.13	0
441	2017-06-05	2.69	2.69	2.69	2.69	3574
442	2017-06-06	2.69	2.69	2.69	2.69	0
443	2017-06-07	2.69	2.69	2.69	2.69	0
444	2017-06-08	2.69	2.69	2.69	2.69	0
445	2017-06-09	2.69	2.69	2.69	2.69	0
446	2017-06-12	2.69	2.69	2.69	2.69	0
447	2017-06-13	2.29	2.29	2.29	2.29	100
448	2017-06-14	2.29	2.29	2.29	2.29	0
449	2017-06-15	2.12	2.12	2.12	2.12	2500
450	2017-06-16	2.02	2.02	2.02	2.02	31564
451	2017-06-19	2.02	2.02	2.02	2.02	0
452	2017-06-20	2.02	2.32	2.02	2.32	4009
453	2017-06-21	2.35	2.35	2.35	2.35	17311
454	2017-06-22	2.69	2.69	2.69	2.69	3182
455	2017-06-23	3.09	3.09	3.09	3.09	12447
456	2017-06-26	3.09	3.09	3.09	3.09	0
457	2017-06-27	3.09	3.09	3.09	3.09	0
458	2017-06-28	3.09	3.09	3.09	3.09	0
459	2017-06-29	3.09	3.09	3.09	3.09	0
460	2017-06-30	3.09	3.09	3.09	3.09	0
461	2017-07-03	3.53	3.53	3.53	3.53	1000
462	2017-07-04	4.03	4.03	4.03	4.03	4914
463	2017-07-05	4.03	4.03	4.03	4.03	0
464	2017-07-06	3.43	3.43	3.43	3.43	335
465	2017-07-07	3.43	3.43	3.43	3.43	0
466	2017-07-10	3.43	3.43	3.43	3.43	0
467	2017-07-11	3.43	3.43	3.43	3.43	4000
468	2017-07-12	3.43	3.43	3.43	3.43	0
469	2017-07-13	3.43	3.43	3.43	3.43	0
470	2017-07-14	3.43	3.43	3.43	3.43	0
471	2017-07-17	3.43	3.43	3.43	3.43	6087
472	2017-07-18	3.43	3.43	3.43	3.43	0
473	2017-07-19	3.43	3.43	3.43	3.43	0
474	2017-07-20	3.43	3.43	3.43	3.43	0
475	2017-07-21	3.43	3.43	3.43	3.43	1787
476	2017-07-24	3.43	3.43	3.43	3.43	0
477	2017-07-25	3.43	3.43	3.43	3.43	0
478	2017-07-26	3.43	3.43	3.43	3.43	0
479	2017-07-27	3.43	3.43	3.43	3.43	0
480	2017-07-28	3.43	3.43	3.43	3.43	0
481	2017-07-31	3.43	3.43	3.43	3.43	0
482	2017-08-01	3.43	3.43	3.43	3.43	0
483	2017-08-02	3.93	3.93	3.93	3.93	4970
484	2017-08-03	3.93	3.93	3.93	3.93	0
485	2017-08-04	3.93	3.93	3.93	3.93	0
486	2017-08-07	3.93	3.93	3.93	3.93	0
487	2017-08-08	3.93	3.93	3.93	3.93	0
488	2017-08-09	3.93	3.93	3.93	3.93	0
489	2017-08-10	3.93	3.93	3.93	3.93	0
490	2017-08-11	3.93	3.93	3.93	3.93	0
491	2017-08-14	3.93	3.93	3.93	3.93	0
492	2017-08-15	3.93	3.93	3.93	3.93	0
493	2017-08-16	4.51	4.51	4.51	4.51	1120
494	2017-08-17	4.51	4.51	4.51	4.51	0
495	2017-08-18	4.51	4.51	4.51	4.51	0
496	2017-08-21	5.18	5.18	5.18	5.18	1005
497	2017-08-22	5.18	5.18	5.18	5.18	0
498	2017-08-23	5.18	5.18	5.18	5.18	0
499	2017-08-24	5.41	5.41	5.41	5.41	2010
500	2017-08-25	5.41	5.41	5.41	5.41	0
501	2017-08-28	5.41	5.41	5.41	5.41	0
502	2017-08-29	5.41	5.41	5.41	5.41	0
503	2017-08-30	5.41	5.41	5.41	5.41	0
504	2017-08-31	5.41	5.41	5.41	5.41	0
505	2017-09-01	5.41	5.41	5.41	5.41	0
506	2017-09-05	5.41	5.41	5.41	5.41	0
507	2017-09-06	5.41	5.41	5.41	5.41	0
508	2017-09-07	5.41	5.41	5.41	5.41	0
509	2017-09-08	5.41	5.41	5.41	5.41	0
510	2017-09-11	5.41	5.41	5.41	5.41	0
511	2017-09-12	5.41	5.41	5.41	5.41	0
512	2017-09-13	5.41	5.41	5.41	5.41	0
513	2017-09-14	5.41	5.41	5.41	5.41	0
514	2017-09-15	5.41	5.41	5.41	5.41	0
515	2017-09-18	5.41	5.41	5.41	5.41	0
516	2017-09-19	5.41	5.41	5.41	5.41	0
517	2017-09-20	5.41	5.41	5.41	5.41	0
518	2017-09-21	5.41	5.41	5.41	5.41	0
519	2017-09-22	5.41	5.41	5.41	5.41	0
520	2017-09-25	5.41	5.41	5.41	5.41	0
521	2017-09-26	5.41	5.41	5.41	5.41	0
522	2017-09-27	5.41	5.41	5.41	5.41	0
523	2017-09-28	5.41	5.41	5.41	5.41	0
524	2017-09-29	5.41	5.41	5.41	5.41	0
525	2017-10-02	5.41	5.41	5.41	5.41	0
526	2017-10-03	5.41	5.41	5.41	5.41	0
527	2017-10-04	5.41	5.41	5.41	5.41	0
528	2017-10-05	5.41	5.41	5.41	5.41	0
529	2017-10-06	5.41	5.41	5.41	5.41	0
530	2017-10-09	5.41	5.41	5.41	5.41	0
531	2017-10-10	5.41	5.41	5.41	5.41	0
532	2017-10-11	5.41	5.41	5.41	5.41	0
533	2017-10-12	5.41	5.41	5.41	5.41	0
534	2017-10-13	5.41	5.41	5.41	5.41	0
535	2017-10-16	5.41	5.41	5.41	5.41	0
536	2017-10-17	5.41	5.41	5.41	5.41	0
537	2017-10-18	5.41	5.41	5.41	5.41	0
538	2017-10-19	5.41	5.41	5.41	5.41	0
539	2017-10-20	5.41	5.41	5.41	5.41	0
540	2017-10-23	5.41	5.41	5.41	5.41	0
541	2017-10-24	5.41	5.41	5.41	5.41	0
542	2017-10-25	5.41	5.41	5.41	5.41	0
543	2017-10-26	5.41	5.41	5.41	5.41	0
544	2017-10-27	5.41	5.41	5.41	5.41	0
545	2017-10-30	5.41	5.41	5.41	5.41	0
546	2017-10-31	5.41	5.41	5.41	5.41	0
547	2017-11-01	5.41	5.41	5.41	5.41	0
548	2017-11-02	5.41	5.41	5.41	5.41	0
549	2017-11-03	5.41	5.41	5.41	5.41	0
550	2017-11-06	5.41	5.41	5.41	5.41	0
551	2017-11-07	5.41	5.41	5.41	5.41	0
552	2017-11-08	5.41	5.41	5.41	5.41	0
553	2017-11-09	5.41	5.41	5.41	5.41	0
554	2017-11-10	5.41	5.41	5.41	5.41	0
555	2017-11-13	5.41	5.41	5.41	5.41	0
556	2017-11-14	5.41	5.41	5.41	5.41	0
557	2017-11-15	5.41	5.41	5.41	5.41	0
558	2017-11-16	5.41	5.41	5.41	5.41	0
559	2017-11-17	5.41	5.41	5.41	5.41	0
560	2017-11-20	5.41	5.41	5.41	5.41	0
561	2017-11-21	5.41	5.41	5.41	5.41	0
562	2017-11-22	5.41	5.41	5.41	5.41	0
563	2017-11-23	5.41	5.41	5.41	5.41	0
564	2017-11-24	5.41	5.41	5.41	5.41	0
565	2017-11-27	5.41	5.41	5.41	5.41	0
566	2017-11-28	5.41	5.41	5.41	5.41	0
567	2017-11-29	5.41	5.41	5.41	5.41	0
568	2017-11-30	5.41	5.41	5.41	5.41	0
569	2017-12-01	5.41	5.41	5.41	5.41	0
570	2017-12-04	5.41	5.41	5.41	5.41	0
571	2017-12-05	5.41	5.41	5.41	5.41	0
572	2017-12-06	5.41	5.41	5.41	5.41	0
573	2017-12-07	5.41	5.41	5.41	5.41	0
574	2017-12-08	5.41	5.41	5.41	5.41	0
575	2017-12-11	5.41	5.41	5.41	5.41	0
576	2017-12-12	5.41	5.41	5.41	5.41	0
577	2017-12-13	5.41	5.41	5.41	5.41	0
578	2017-12-14	5.41	5.41	5.41	5.41	0
579	2017-12-15	5.41	5.41	5.41	5.41	0
580	2017-12-18	5.41	5.41	5.41	5.41	0
581	2017-12-19	5.41	5.41	5.41	5.41	0
582	2017-12-20	5.41	5.41	5.41	5.41	0
583	2017-12-21	5.41	5.41	5.41	5.41	0
584	2017-12-22	5.41	5.41	5.41	5.41	0
585	2017-12-25	5.41	5.41	5.41	5.41	0
586	2017-12-26	5.41	5.41	5.41	5.41	0
587	2017-12-27	5.41	5.41	5.41	5.41	0
588	2017-12-28	5.41	5.41	5.41	5.41	0
589	2017-12-29	5.41	5.41	5.41	5.41	0
590	2018-01-02	5.41	5.41	5.41	5.41	0
591	2018-01-03	5.41	5.41	5.41	5.41	0
592	2018-01-04	5.41	5.41	5.41	5.41	0
593	2018-01-05	5.41	5.41	5.41	5.41	0
594	2018-01-08	5.41	5.41	5.41	5.41	0
595	2018-01-09	5.41	5.41	5.41	5.41	0
596	2018-01-10	5.41	5.41	5.41	5.41	0
597	2018-01-11	5.41	5.41	5.41	5.41	0
598	2018-01-12	5.41	5.41	5.41	5.41	0
599	2018-01-15	5.41	5.41	5.41	5.41	0
600	2018-01-16	5.41	5.41	5.41	5.41	0
601	2018-01-17	5.41	5.41	5.41	5.41	0
602	2018-01-18	5.41	5.41	5.41	5.41	0
603	2018-01-19	5.41	5.41	5.41	5.41	0
604	2018-01-22	5.41	5.41	5.41	5.41	0
605	2018-01-23	5.41	5.41	5.41	5.41	0
606	2018-01-24	5.41	5.41	5.41	5.41	0
607	2018-01-25	5.41	5.41	5.41	5.41	0
608	2018-01-26	5.41	5.41	5.41	5.41	0
609	2018-01-29	5.41	5.41	5.41	5.41	0
610	2018-01-30	5.41	5.41	5.41	5.41	0
611	2018-01-31	5.41	5.41	5.41	5.41	0
612	2018-02-01	5.41	5.41	5.41	5.41	0
613	2018-02-02	5.41	5.41	5.41	5.41	0
614	2018-02-05	5.41	5.41	5.41	5.41	0
615	2018-02-06	5.41	5.41	5.41	5.41	0
616	2018-02-07	5.41	5.41	5.41	5.41	0
617	2018-02-08	5.41	5.41	5.41	5.41	0
618	2018-02-09	5.41	5.41	5.41	5.41	0
619	2018-02-12	5.41	5.41	5.41	5.41	0
620	2018-02-13	5.41	5.41	5.41	5.41	0
621	2018-02-21	5.41	5.41	5.41	5.41	0
622	2018-02-22	5.41	5.41	5.41	5.41	0
623	2018-02-23	5.41	5.41	5.41	5.41	0
624	2018-02-26	5.41	5.41	5.41	5.41	0
625	2018-02-27	5.41	5.41	5.41	5.41	0
626	2018-02-28	5.41	5.41	5.41	5.41	0
627	2018-03-01	5.41	5.41	5.41	5.41	0
628	2018-03-02	5.41	5.41	5.41	5.41	0
629	2018-03-05	5.41	5.41	5.41	5.41	0
630	2018-03-06	5.41	5.41	5.41	5.41	0
631	2018-03-07	5.41	5.41	5.41	5.41	0
632	2018-03-08	5.41	5.41	5.41	5.41	0
633	2018-03-09	5.41	5.41	5.41	5.41	0
634	2018-03-12	5.41	5.41	5.41	5.41	0
635	2018-03-13	4.03	4.03	4.03	4.03	1100
636	2018-03-14	4.03	4.03	4.03	4.03	72
637	2018-03-15	4.03	4.03	4.03	4.03	0
638	2018-03-16	4.03	4.03	4.03	4.03	0
639	2018-03-19	4.03	4.03	4.03	4.03	0
640	2018-03-20	4.03	4.03	4.03	4.03	0
641	2018-03-21	4.03	4.03	4.03	4.03	0
642	2018-03-22	4.07	4.07	4.07	4.07	1000
643	2018-03-23	4.07	4.07	4.07	4.07	0
644	2018-03-26	4.07	4.07	4.07	4.07	0
645	2018-03-27	4.14	4.14	4.14	4.14	1000
646	2018-03-28	4.14	4.14	4.14	4.14	0
647	2018-03-29	4.14	4.14	4.14	4.14	0
648	2018-03-30	4.14	4.14	4.14	4.14	0
649	2018-04-02	4.14	4.14	4.14	4.14	0
650	2018-04-03	4.14	4.14	4.14	4.14	0
651	2018-04-04	4.14	4.14	4.14	4.14	0
652	2018-04-05	4.14	4.14	4.14	4.14	0
653	2018-04-06	4.14	4.14	4.14	4.14	0
654	2018-04-09	4.14	4.14	4.14	4.14	0
655	2018-04-10	4.14	4.14	4.14	4.14	0
656	2018-04-11	4.14	4.14	4.14	4.14	0
657	2018-04-12	4.14	4.14	4.14	4.14	0
658	2018-04-13	4.14	4.14	4.14	4.14	0
659	2018-04-16	4.14	4.14	4.14	4.14	0
660	2018-04-17	4.14	4.14	4.14	4.14	0
661	2018-04-18	4.07	4.07	4.07	4.07	1842
662	2018-04-19	4.07	4.07	4.07	4.07	0
663	2018-04-20	4.07	4.07	4.07	4.07	0
664	2018-04-23	4.07	4.07	4.07	4.07	0
665	2018-04-24	4.07	4.07	4.07	4.07	0
666	2018-04-26	4.07	4.07	4.07	4.07	0
667	2018-04-27	4.07	4.07	4.07	4.07	0
668	2018-05-02	4.07	4.07	4.07	4.07	0
669	2018-05-03	4.07	4.07	4.07	4.07	0
670	2018-05-04	4.07	4.07	4.07	4.07	0
671	2018-05-07	4.07	4.07	4.07	4.07	0
672	2018-05-08	4.07	4.07	4.07	4.07	0
673	2018-05-09	4.07	4.07	4.07	4.07	0
674	2018-05-10	4.07	4.07	4.07	4.07	0
675	2018-05-11	4.07	4.07	4.07	4.07	0
676	2018-05-14	4.07	4.07	4.07	4.07	0
677	2018-05-15	4.07	4.07	4.07	4.07	0
678	2018-05-16	4.07	4.07	4.07	4.07	0
679	2018-05-17	4.07	4.07	4.07	4.07	0
680	2018-05-18	4.07	4.07	4.07	4.07	0
681	2018-05-21	4.07	4.07	4.07	4.07	0
682	2018-05-22	4.07	4.07	4.07	4.07	0
683	2018-05-23	4.07	4.07	4.07	4.07	0
684	2018-05-24	4.07	4.07	4.07	4.07	0
685	2018-05-25	4.07	4.07	4.07	4.07	0
686	2018-05-28	4.07	4.07	4.07	4.07	0
687	2018-05-29	4.07	4.07	4.07	4.07	0
688	2018-05-30	4.07	4.07	4.07	4.07	0
689	2018-05-31	4.07	4.07	4.07	4.07	0
690	2018-06-01	4.07	4.07	4.07	4.07	0
691	2018-06-04	4.07	4.07	4.07	4.07	0
692	2018-06-05	4.07	4.07	4.07	4.07	0
693	2018-06-06	4.07	4.07	4.07	4.07	0
694	2018-06-07	4.07	4.07	4.07	4.07	0
695	2018-06-08	4.07	4.07	4.07	4.07	0
696	2018-06-11	4.07	4.07	4.07	4.07	0
697	2018-06-12	4.07	4.07	4.07	4.07	0
698	2018-06-13	4.07	4.07	4.07	4.07	0
699	2018-06-14	4.07	4.07	4.07	4.07	0
700	2018-06-15	4.07	4.07	4.07	4.07	0
701	2018-06-18	4.07	4.07	4.07	4.07	0
702	2018-06-19	4.07	4.07	4.07	4.07	0
703	2018-06-20	4.07	4.07	4.07	4.07	0
704	2018-06-21	4.07	4.07	4.07	4.07	0
705	2018-06-22	4.07	4.07	4.07	4.07	0
706	2018-06-25	4.07	4.07	4.07	4.07	0
707	2018-06-26	4.07	4.07	4.07	4.07	0
708	2018-06-27	4.07	4.07	4.07	4.07	0
709	2018-06-28	4.07	4.07	4.07	4.07	0
710	2018-06-29	4.07	4.07	4.07	4.07	0
711	2018-07-02	4.07	4.07	4.07	4.07	0
712	2018-07-03	4.07	4.07	4.07	4.07	0
713	2018-07-04	4.07	4.07	4.07	4.07	0
714	2018-07-05	4.07	4.07	4.07	4.07	0
715	2018-07-06	4.07	4.07	4.07	4.07	0
716	2018-07-09	4.07	4.07	4.07	4.07	0
717	2018-07-10	4.07	4.07	4.07	4.07	0
718	2018-07-11	4.07	4.07	4.07	4.07	0
719	2018-07-12	4.07	4.07	4.07	4.07	0
720	2018-07-13	4.07	4.07	4.07	4.07	0
721	2018-07-16	4.07	4.07	4.07	4.07	0
722	2018-07-17	4.07	4.07	4.07	4.07	0
723	2018-07-18	4.07	4.07	4.07	4.07	0
724	2018-07-19	4.07	4.07	4.07	4.07	0
725	2018-07-20	4.07	4.07	4.07	4.07	0
726	2018-07-23	4.07	4.07	4.07	4.07	0
727	2018-07-24	4.07	4.07	4.07	4.07	0
728	2018-07-25	4.07	4.07	4.07	4.07	0
729	2018-07-26	4.07	4.07	4.07	4.07	0
730	2018-07-27	4.07	4.07	4.07	4.07	0
731	2018-07-30	4.07	4.07	4.07	4.07	0
732	2018-07-31	4.07	4.07	4.07	4.07	0
733	2018-08-01	4.07	4.07	4.07	4.07	0
734	2018-08-02	4.07	4.07	4.07	4.07	0
735	2018-08-03	4.07	4.07	4.07	4.07	0
736	2018-08-06	4.07	4.07	4.07	4.07	0
737	2018-08-07	4.07	4.07	4.07	4.07	0
738	2018-08-08	4.07	4.07	4.07	4.07	0
739	2018-08-09	4.07	4.07	4.07	4.07	0
740	2018-08-10	2.88	2.88	2.88	2.88	1200
741	2018-08-13	2.88	2.88	2.88	2.88	28
742	2018-08-14	2.88	2.88	2.88	2.88	0
743	2018-08-15	2.88	2.88	2.88	2.88	0
744	2018-08-16	2.88	2.88	2.88	2.88	0
745	2018-08-17	2.88	2.88	2.88	2.88	0
746	2018-08-20	2.88	2.88	2.88	2.88	0
747	2018-08-21	2.88	2.88	2.88	2.88	0
748	2018-08-22	2.88	2.88	2.88	2.88	0
749	2018-08-23	2.88	2.88	2.88	2.88	0
750	2018-08-24	2.88	2.88	2.88	2.88	0
751	2018-08-27	2.88	2.88	2.88	2.88	0
752	2018-08-28	2.88	2.88	2.88	2.88	0
753	2018-08-29	2.88	2.88	2.88	2.88	0
754	2018-08-30	2.88	2.88	2.88	2.88	0
755	2018-08-31	2.88	2.88	2.88	2.88	0
756	2018-09-04	2.88	2.88	2.88	2.88	0
757	2018-09-05	2.88	2.88	2.88	2.88	0
758	2018-09-06	2.88	2.88	2.88	2.88	0
759	2018-09-07	2.88	2.88	2.88	2.88	0
760	2018-09-10	2.88	2.88	2.88	2.88	0
761	2018-09-11	2.88	2.88	2.88	2.88	0
762	2018-09-12	2.88	2.88	2.88	2.88	0
763	2018-09-13	2.88	2.88	2.88	2.88	0
764	2018-09-14	2.88	2.88	2.88	2.88	0
765	2018-09-17	2.88	2.88	2.88	2.88	0
766	2018-09-18	2.88	2.88	2.88	2.88	0
767	2018-09-19	2.88	2.88	2.88	2.88	0
768	2018-09-20	2.88	2.88	2.88	2.88	0
769	2018-09-21	2.88	2.88	2.88	2.88	0
770	2018-09-24	2.88	2.88	2.88	2.88	0
771	2018-09-25	2.88	2.88	2.88	2.88	0
772	2018-09-26	2.88	2.88	2.88	2.88	0
773	2018-09-27	2.88	2.88	2.88	2.88	0
774	2018-09-28	2.88	2.88	2.88	2.88	0
775	2018-10-01	2.88	2.88	2.88	2.88	0
776	2018-10-02	2.88	2.88	2.88	2.88	0
777	2018-10-03	2.88	2.88	2.88	2.88	0
778	2018-10-04	2.88	2.88	2.88	2.88	0
779	2018-10-05	2.88	2.88	2.88	2.88	0
780	2018-10-08	2.88	2.88	2.88	2.88	0
781	2018-10-09	2.88	2.88	2.88	2.88	0
782	2018-10-10	2.88	2.88	2.88	2.88	0
783	2018-10-11	2.88	2.88	2.88	2.88	0
784	2018-10-12	2.88	2.88	2.88	2.88	0
785	2018-10-15	2.88	2.88	2.88	2.88	0
786	2018-10-16	2.88	2.88	2.88	2.88	0
787	2018-10-17	2.88	2.88	2.88	2.88	0
788	2018-10-18	2.88	2.88	2.88	2.88	0
789	2018-10-19	2.88	2.88	2.88	2.88	0
790	2018-10-22	2.88	2.88	2.88	2.88	0
791	2018-10-23	2.88	2.88	2.88	2.88	0
792	2018-10-24	2.88	2.88	2.88	2.88	0
793	2018-10-25	2.88	2.88	2.88	2.88	0
794	2018-10-26	2.88	2.88	2.88	2.88	0
795	2018-10-29	2.88	2.88	2.88	2.88	0
796	2018-10-30	2.88	2.88	2.88	2.88	0
797	2018-10-31	2.88	2.88	2.88	2.88	0
798	2018-11-01	2.88	2.88	2.88	2.88	0
799	2018-11-02	2.88	2.88	2.88	2.88	0
800	2018-11-05	2.88	2.88	2.88	2.88	0
801	2018-11-06	2.88	2.88	2.88	2.88	0
802	2018-11-07	2.88	2.88	2.88	2.88	0
803	2018-11-08	2.88	2.88	2.88	2.88	0
804	2018-11-09	2.88	2.88	2.88	2.88	0
805	2018-11-12	2.88	2.88	2.88	2.88	0
806	2018-11-13	2.88	2.88	2.88	2.88	0
807	2018-11-14	2.88	2.88	2.88	2.88	0
808	2018-11-15	2.88	2.88	2.88	2.88	0
809	2018-11-16	2.88	2.88	2.88	2.88	0
810	2018-11-19	2.88	2.88	2.88	2.88	0
811	2018-11-20	2.88	2.88	2.88	2.88	0
812	2018-11-21	2.88	2.88	2.88	2.88	0
813	2018-11-22	2.88	2.88	2.88	2.88	0
814	2018-11-23	2.88	2.88	2.88	2.88	0
815	2018-11-26	2.88	2.88	2.88	2.88	0
816	2018-11-27	2.88	2.88	2.88	2.88	0
817	2018-11-28	2.88	2.88	2.88	2.88	0
818	2018-11-29	2.88	2.88	2.88	2.88	0
819	2018-11-30	2.88	2.88	2.88	2.88	0
820	2018-12-03	2.88	2.88	2.88	2.88	0
821	2018-12-04	2.88	2.88	2.88	2.88	0
822	2018-12-05	2.88	2.88	2.88	2.88	0
823	2018-12-06	2.88	2.88	2.88	2.88	0
824	2018-12-07	2.88	2.88	2.88	2.88	0
825	2018-12-10	2.88	2.88	2.88	2.88	0
826	2018-12-11	2.88	2.88	2.88	2.88	0
827	2018-12-12	2.88	2.88	2.88	2.88	0
828	2018-12-13	2.88	2.88	2.88	2.88	0
829	2018-12-14	2.88	2.88	2.88	2.88	0
830	2018-12-17	2.88	2.88	2.88	2.88	0
831	2018-12-18	2.88	2.88	2.88	2.88	0
832	2018-12-19	2.88	2.88	2.88	2.88	0
833	2018-12-20	2.88	2.88	2.88	2.88	0
834	2018-12-21	2.88	2.88	2.88	2.88	0
835	2018-12-24	2.88	2.88	2.88	2.88	0
836	2018-12-25	2.88	2.88	2.88	2.88	0
837	2018-12-26	2.88	2.88	2.88	2.88	0
838	2018-12-27	2.88	2.88	2.88	2.88	0
839	2018-12-28	2.88	2.88	2.88	2.88	0
840	2019-01-02	2.88	2.88	2.88	2.88	0
841	2019-01-03	2.88	2.88	2.88	2.88	0
842	2019-01-04	2.88	2.88	2.88	2.88	0
843	2019-01-07	2.88	2.88	2.88	2.88	0
844	2019-01-08	2.88	2.88	2.88	2.88	0
845	2019-01-09	3.6	3.6	3.6	3.6	100
846	2019-01-10	3.6	3.6	3.6	3.6	0
847	2019-01-11	3.6	3.6	3.6	3.6	0
848	2019-01-14	3.6	3.6	3.6	3.6	0
849	2019-01-15	3.6	3.6	3.6	3.6	0
850	2019-01-16	3.6	3.6	3.6	3.6	0
851	2019-01-17	3.6	3.6	3.6	3.6	0
852	2019-01-18	3.6	3.6	3.6	3.6	0
853	2019-01-21	3.6	3.6	3.6	3.6	0
854	2019-01-22	3.6	3.6	3.6	3.6	0
855	2019-01-23	3.6	3.6	3.6	3.6	0
856	2019-01-24	3.6	3.6	3.6	3.6	0
857	2019-01-25	3.6	3.6	3.6	3.6	0
858	2019-01-28	3.6	3.6	3.6	3.6	0
859	2019-01-29	3.6	3.6	3.6	3.6	0
860	2019-01-30	3.6	3.6	3.6	3.6	0
861	2019-01-31	3.6	3.6	3.6	3.6	0
862	2019-02-01	3.6	3.6	3.6	3.6	0
863	2019-02-11	3.6	3.6	3.6	3.6	0
864	2019-02-12	3.6	3.6	3.6	3.6	0
865	2019-02-13	3.6	3.6	3.6	3.6	0
866	2019-02-14	3.6	3.6	3.6	3.6	0
867	2019-02-15	3.6	3.6	3.6	3.6	0
868	2019-02-18	3.6	3.6	3.6	3.6	0
869	2019-02-19	3.6	3.6	3.6	3.6	0
870	2019-02-20	3.6	3.6	3.6	3.6	0
871	2019-02-21	3.6	3.6	3.6	3.6	0
872	2019-02-22	3.6	3.6	3.6	3.6	0
873	2019-02-25	3.6	3.6	3.6	3.6	0
874	2019-02-26	3.6	3.6	3.6	3.6	0
875	2019-02-27	3.6	3.6	3.6	3.6	0
876	2019-02-28	3.6	3.6	3.6	3.6	0
877	2019-03-01	3.6	3.6	3.6	3.6	0
878	2019-03-04	3.6	3.6	3.6	3.6	0
879	2019-03-05	3.6	3.6	3.6	3.6	0
880	2019-03-06	3.6	3.6	3.6	3.6	0
881	2019-03-07	3.6	3.6	3.6	3.6	0
882	2019-03-08	3.6	3.6	3.6	3.6	0
883	2019-03-11	3.6	3.6	3.6	3.6	0
884	2019-03-12	3.6	3.6	3.6	3.6	0
885	2019-03-13	3.6	3.6	3.6	3.6	0
886	2019-03-14	3.6	3.6	3.6	3.6	0
887	2019-03-15	3.6	3.6	3.6	3.6	0
888	2019-03-18	3.6	3.6	3.6	3.6	0
889	2019-03-19	3.6	3.6	3.6	3.6	0
890	2019-03-20	3.6	3.6	3.6	3.6	0
891	2019-03-21	3.6	3.6	3.6	3.6	0
892	2019-03-22	3.6	3.6	3.6	3.6	0
893	2019-03-25	3.6	3.6	3.6	3.6	0
894	2019-03-26	3.6	3.6	3.6	3.6	0
895	2019-03-27	3.6	3.6	3.6	3.6	0
896	2019-03-28	3.6	3.6	3.6	3.6	0
897	2019-03-29	3.6	3.6	3.6	3.6	0
898	2019-04-01	3.6	3.6	3.6	3.6	0
899	2019-04-02	3.6	3.6	3.6	3.6	0
900	2019-04-03	3.6	3.6	3.6	3.6	0
901	2019-04-04	3.6	3.6	3.6	3.6	0
902	2019-04-05	3.6	3.6	3.6	3.6	0
903	2019-04-08	3.6	3.6	3.6	3.6	0
904	2019-04-09	3.6	3.6	3.6	3.6	0
905	2019-04-10	3.6	3.6	3.6	3.6	0
906	2019-04-11	3.6	3.6	3.6	3.6	0
907	2019-04-12	3.6	3.6	3.6	3.6	0
908	2019-04-16	3.6	3.6	3.6	3.6	0
909	2019-04-17	3.6	3.6	3.6	3.6	0
910	2019-04-18	3.6	3.6	3.6	3.6	0
911	2019-04-19	3.6	3.6	3.6	3.6	0
912	2019-04-22	3.6	3.6	3.6	3.6	0
913	2019-04-23	3.6	3.6	3.6	3.6	0
914	2019-04-24	3.6	3.6	3.6	3.6	0
915	2019-04-25	3.6	3.6	3.6	3.6	0
916	2019-04-26	3.6	3.6	3.6	3.6	0
917	2019-05-02	3.6	3.6	3.6	3.6	0
918	2019-05-03	3.6	3.6	3.6	3.6	0
919	2019-05-06	3.6	3.6	3.6	3.6	0
920	2019-05-07	3.6	3.6	3.6	3.6	0
921	2019-05-08	3.6	3.6	3.6	3.6	0
922	2019-05-09	3.6	3.6	3.6	3.6	0
923	2019-05-10	3.6	3.6	3.6	3.6	0
924	2019-05-13	3.6	3.6	3.6	3.6	0
925	2019-05-14	3.6	3.6	3.6	3.6	0
926	2019-05-15	3.6	3.6	3.6	3.6	0
927	2019-05-16	3.6	4.0	4.0	4.0	0
928	2019-05-17	3.6	4.0	4.0	4.0	0
929	2019-05-20	3.6	4.0	4.0	4.0	0
930	2019-05-21	3.6	4.0	4.0	4.0	0
931	2019-05-22	3.6	4.0	4.0	4.0	0
932	2019-05-23	3.6	4.0	4.0	4.0	0
933	2019-05-24	3.6	4.0	4.0	4.0	0
934	2019-05-27	3.6	4.0	4.0	4.0	0
935	2019-05-28	3.6	4.0	4.0	4.0	0
936	2019-05-29	3.6	4.0	4.0	4.0	0
937	2019-05-30	3.6	4.0	4.0	4.0	0
938	2019-05-31	3.6	4.0	4.0	4.0	0
939	2019-06-03	3.6	4.0	4.0	4.0	0
940	2019-06-04	3.6	4.0	4.0	4.0	0
941	2019-06-05	3.6	4.0	4.0	4.0	0
942	2019-06-06	3.6	4.0	4.0	4.0	0
943	2019-06-07	3.6	4.0	4.0	4.0	0
944	2019-06-10	3.6	4.0	4.0	4.0	0
945	2019-06-11	3.6	4.0	4.0	4.0	0
946	2019-06-12	3.6	4.0	4.0	4.0	0
947	2019-06-13	3.6	4.0	4.0	4.0	0
948	2019-06-14	3.6	4.0	4.0	4.0	0
949	2019-06-17	3.6	4.0	4.0	4.0	0
950	2019-06-18	3.6	4.0	4.0	4.0	0
951	2019-06-19	3.6	4.0	4.0	4.0	0
952	2019-06-20	3.6	3.6	3.6	3.6	0
953	2019-06-21	3.6	3.6	3.6	3.6	0
954	2019-06-24	3.6	4.0	4.0	4.0	0
955	2019-06-25	3.6	4.0	4.0	4.0	0
956	2019-06-26	3.6	4.0	4.0	4.0	0
957	2019-06-27	3.6	4.0	4.0	4.0	0
958	2019-06-28	3.6	4.0	4.0	4.0	0
959	2019-07-01	3.6	4.0	4.0	4.0	0
960	2019-07-02	3.6	4.0	4.0	4.0	0
961	2019-07-03	3.6	4.0	4.0	4.0	0
962	2019-07-04	3.6	3.6	3.6	3.6	0
963	2019-07-05	3.6	4.0	4.0	4.0	0
964	2019-07-08	3.6	4.0	4.0	4.0	0
965	2019-07-09	3.6	4.0	4.0	4.0	0
966	2019-07-10	3.6	4.0	4.0	4.0	0
967	2019-07-11	3.6	4.0	4.0	4.0	0
968	2019-07-12	3.6	4.0	4.0	4.0	0
969	2019-07-15	3.6	4.0	4.0	4.0	0
970	2019-07-16	3.6	4.0	4.0	4.0	0
971	2019-07-17	3.6	4.0	4.0	4.0	0
972	2019-07-18	3.6	4.0	4.0	4.0	0
973	2019-07-19	3.6	4.0	4.0	4.0	0
974	2019-07-22	3.6	4.0	4.0	4.0	0
975	2019-07-23	3.6	4.0	4.0	4.0	0
976	2019-07-24	3.6	4.0	4.0	4.0	0
977	2019-07-25	3.6	4.0	4.0	4.0	0
978	2019-07-26	3.6	4.0	4.0	4.0	0
979	2019-07-29	3.6	4.0	4.0	4.0	0
980	2019-07-30	3.6	4.0	4.0	4.0	0
981	2019-07-31	3.6	4.0	4.0	4.0	0
982	2019-08-01	3.6	4.0	4.0	4.0	0
983	2019-08-02	3.6	4.0	4.0	4.0	0
984	2019-08-05	3.6	4.0	4.0	4.0	0
985	2019-08-06	3.6	4.0	4.0	4.0	0
986	2019-08-07	3.6	4.0	4.0	4.0	0
987	2019-08-08	3.6	4.0	4.0	4.0	0
988	2019-08-09	3.6	4.0	4.0	4.0	0
989	2019-08-12	3.6	4.0	4.0	4.0	0
990	2019-08-13	3.6	4.0	4.0	4.0	0
991	2019-08-14	3.6	4.0	4.0	4.0	0
992	2019-08-15	3.6	4.0	4.0	4.0	0
993	2019-08-16	3.6	4.0	4.0	4.0	0
994	2019-08-19	3.6	4.0	4.0	4.0	0
995	2019-08-20	3.6	4.0	4.0	4.0	0
996	2019-08-21	3.6	4.0	4.0	4.0	0
997	2019-08-22	3.6	4.0	4.0	4.0	0
998	2019-08-23	3.6	4.0	4.0	4.0	0
999	2019-08-26	3.6	4.0	4.0	4.0	0
1000	2019-08-27	3.6	4.0	4.0	4.0	0
1001	2019-08-28	3.6	4.0	4.0	4.0	0
1002	2019-08-29	3.6	4.0	4.0	4.0	0
1003	2019-08-30	3.6	4.0	4.0	4.0	0
1004	2019-09-03	3.6	4.0	4.0	4.0	0
1005	2019-09-04	3.6	4.0	4.0	4.0	0
1006	2019-09-05	3.6	4.0	4.0	4.0	0
1007	2019-09-06	3.6	4.0	4.0	4.0	0
1008	2019-09-09	3.6	4.0	4.0	4.0	0
1009	2019-09-10	3.6	4.0	4.0	4.0	0
1010	2019-09-11	3.6	4.0	4.0	4.0	0
1011	2019-09-12	3.6	4.0	4.0	4.0	0
1012	2019-09-13	3.6	4.0	4.0	4.0	0
1013	2019-09-16	3.6	4.0	4.0	4.0	0
1014	2019-09-17	3.6	4.0	4.0	4.0	0
1015	2019-09-18	3.6	4.0	4.0	4.0	0
1016	2019-09-19	3.6	4.0	4.0	4.0	0
1017	2019-09-20	3.6	4.0	4.0	4.0	0
1018	2019-09-23	3.6	4.0	4.0	4.0	0
1019	2019-09-24	3.6	4.0	4.0	4.0	0
1020	2019-09-25	3.6	4.0	4.0	4.0	0
1021	2019-09-26	3.6	4.0	4.0	4.0	0
1022	2019-09-27	3.6	4.0	4.0	4.0	0
1023	2019-09-30	3.6	4.0	4.0	4.0	0
1024	2019-10-01	3.6	4.0	4.0	4.0	0
1025	2019-10-02	3.6	4.0	4.0	4.0	0
1026	2019-10-03	3.6	4.0	4.0	4.0	0
1027	2019-10-04	3.6	4.0	4.0	4.0	0
1028	2019-10-07	3.6	4.0	4.0	4.0	0
1029	2019-10-08	3.6	4.0	4.0	4.0	0
1030	2019-10-09	3.6	4.0	4.0	4.0	0
1031	2019-10-10	3.6	4.0	4.0	4.0	0
1032	2019-10-11	3.6	4.0	4.0	4.0	0
1033	2019-10-14	3.6	4.0	4.0	4.0	0
1034	2019-10-15	3.6	3.6	3.6	3.6	0
1035	2019-10-16	3.6	4.0	4.0	4.0	0
1036	2019-10-17	3.6	4.0	4.0	4.0	0
1037	2019-10-18	3.6	4.0	4.0	4.0	0
1038	2019-10-21	3.6	4.0	4.0	4.0	0
1039	2019-10-22	3.6	4.0	4.0	4.0	0
1040	2019-10-23	3.6	4.0	4.0	4.0	0
1041	2019-10-24	3.6	4.0	4.0	4.0	0
1042	2019-10-25	3.6	4.0	4.0	4.0	0
1043	2019-10-28	3.6	4.0	4.0	4.0	0
1044	2019-10-29	3.6	4.0	4.0	4.0	0
1045	2019-10-30	3.6	4.0	4.0	4.0	0
1046	2019-10-31	3.6	3.6	3.6	3.6	0
1047	2019-11-01	3.6	4.0	4.0	4.0	0
1048	2019-11-04	3.6	4.0	4.0	4.0	0
1049	2019-11-05	3.6	4.0	4.0	4.0	0
1050	2019-11-06	3.6	4.0	4.0	4.0	0
1051	2019-11-07	3.6	4.0	4.0	4.0	0
1052	2019-11-08	3.6	4.0	4.0	4.0	0
1053	2019-11-11	3.6	4.0	4.0	4.0	0
1054	2019-11-12	3.6	4.0	4.0	4.0	0
1055	2019-11-13	3.6	4.0	4.0	4.0	0
1056	2019-11-14	3.6	4.0	4.0	4.0	0
1057	2019-11-15	3.6	4.0	4.0	4.0	0
1058	2019-11-18	3.6	4.0	4.0	4.0	0
1059	2019-11-19	3.6	4.0	4.0	4.0	0
1060	2019-11-20	3.6	4.0	4.0	4.0	0
1061	2019-11-21	3.6	4.0	4.0	4.0	0
1062	2019-11-22	3.6	3.6	3.6	3.6	0
1063	2019-11-25	3.6	4.0	4.0	4.0	0
1064	2019-11-26	3.6	4.0	4.0	4.0	0
1065	2019-11-27	3.6	4.0	4.0	4.0	0
1066	2019-11-28	3.6	4.0	4.0	4.0	0
1067	2019-11-29	3.6	4.0	4.0	4.0	0
1068	2019-12-02	3.6	3.6	3.6	3.6	0
1069	2019-12-03	3.6	4.0	4.0	4.0	0
1070	2019-12-04	3.6	4.0	4.0	4.0	0
1071	2019-12-05	3.6	4.0	4.0	4.0	0
1072	2019-12-06	3.6	4.0	4.0	4.0	0
1073	2019-12-09	3.6	4.0	4.0	4.0	0
1074	2019-12-10	3.6	4.0	4.0	4.0	0
1075	2019-12-11	3.6	4.0	4.0	4.0	0
1076	2019-12-12	3.6	4.0	4.0	4.0	0
1077	2019-12-13	3.6	4.0	4.0	4.0	0
1078	2019-12-16	3.6	4.0	4.0	4.0	0
1079	2019-12-17	3.6	4.0	4.0	4.0	0
1080	2019-12-18	3.6	4.0	4.0	4.0	0
1081	2019-12-19	3.6	4.0	4.0	4.0	0
1082	2019-12-20	3.6	4.0	4.0	4.0	0
1083	2019-12-23	3.6	4.0	4.0	4.0	0
1084	2019-12-24	3.6	4.0	4.0	4.0	0
1085	2019-12-25	3.6	4.0	4.0	4.0	0
1086	2019-12-26	3.6	4.0	4.0	4.0	0
1087	2019-12-27	3.6	4.0	4.0	4.0	0
1088	2019-12-30	3.6	4.0	4.0	4.0	0
1089	2019-12-31	3.6	4.0	4.0	4.0	0
1090	2020-01-02	3.6	4.0	4.0	4.0	0
1091	2020-01-03	3.6	4.0	4.0	4.0	0
1092	2020-01-06	3.6	4.0	4.0	4.0	0
1093	2020-01-07	3.6	4.0	4.0	4.0	0
1094	2020-01-08	3.6	4.0	4.0	4.0	0
1095	2020-01-09	3.6	4.0	4.0	4.0	0
1096	2020-01-10	3.6	4.0	4.0	4.0	0
1097	2020-01-13	3.6	4.0	4.0	4.0	0
1098	2020-01-14	3.6	4.0	4.0	4.0	0
1099	2020-01-15	3.6	4.0	4.0	4.0	0
1100	2020-01-16	3.6	4.0	4.0	4.0	0
1101	2020-01-17	3.6	4.0	4.0	4.0	0
1102	2020-01-20	3.6	4.0	4.0	4.0	0
1103	2020-01-21	3.6	4.0	4.0	4.0	0
1104	2020-01-22	3.6	4.0	4.0	4.0	0
1105	2020-01-30	3.6	4.0	4.0	4.0	0
1106	2020-01-31	3.6	4.0	4.0	4.0	0
1107	2020-02-03	3.6	4.0	4.0	4.0	0
1108	2020-02-04	3.6	4.0	4.0	4.0	0
1109	2020-02-05	3.6	4.0	4.0	4.0	0
1110	2020-02-06	3.6	4.0	4.0	4.0	0
1111	2020-02-07	3.6	4.0	4.0	4.0	0
1112	2020-02-10	3.6	4.0	4.0	4.0	0
1113	2020-02-11	3.6	4.0	4.0	4.0	0
1114	2020-02-12	3.6	4.0	4.0	4.0	0
1115	2020-02-13	3.6	4.0	4.0	4.0	0
1116	2020-02-14	3.6	4.0	4.0	4.0	0
1117	2020-02-17	3.6	4.0	4.0	4.0	0
1118	2020-02-18	3.6	4.0	4.0	4.0	0
1119	2020-02-19	3.6	4.0	4.0	4.0	0
1120	2020-02-20	3.6	4.0	4.0	4.0	0
1121	2020-02-21	3.6	4.0	4.0	4.0	0
1122	2020-02-24	3.6	4.0	4.0	4.0	0
1123	2020-02-25	3.6	4.0	4.0	4.0	0
1124	2020-02-26	3.6	4.0	4.0	4.0	0
1125	2020-02-27	3.6	4.0	4.0	4.0	0
1126	2020-02-28	3.6	4.0	4.0	4.0	0
1127	2020-03-02	3.6	4.0	4.0	4.0	0
1128	2020-03-03	3.6	4.0	4.0	4.0	0
1129	2020-03-04	3.6	4.0	4.0	4.0	0
1130	2020-03-05	3.6	4.0	4.0	4.0	0
1131	2020-03-06	3.6	4.0	4.0	4.0	0
1132	2020-03-09	3.6	4.0	4.0	4.0	0
1133	2020-03-10	3.6	4.0	4.0	4.0	0
1134	2020-03-11	3.6	4.0	4.0	4.0	0
1135	2020-03-12	3.6	4.0	4.0	4.0	0
1136	2020-03-13	3.6	4.0	4.0	4.0	0
1137	2020-03-16	3.6	4.0	4.0	4.0	0
1138	2020-03-17	3.6	4.0	4.0	4.0	0
1139	2020-03-18	3.6	4.0	4.0	4.0	0
1140	2020-03-19	3.6	4.0	4.0	4.0	0
1141	2020-03-20	3.6	4.0	4.0	4.0	0
1142	2020-03-23	3.6	4.0	4.0	4.0	0
1143	2020-03-24	3.6	4.0	4.0	4.0	0
1144	2020-03-25	3.6	4.0	4.0	4.0	0
1145	2020-03-26	3.6	4.0	4.0	4.0	0
1146	2020-03-27	3.6	4.0	4.0	4.0	0
1147	2020-03-30	3.6	4.0	4.0	4.0	0
1148	2020-03-31	3.6	4.0	4.0	4.0	0
1149	2020-04-01	3.6	4.0	4.0	4.0	0
1150	2020-04-03	3.6	4.0	4.0	4.0	0
1151	2020-04-06	3.6	4.0	4.0	4.0	0
1152	2020-04-07	3.6	4.0	4.0	4.0	0
1153	2020-04-08	3.6	4.0	4.0	4.0	0
1154	2020-04-09	3.6	4.0	4.0	4.0	0
1155	2020-04-10	3.6	4.0	4.0	4.0	0
1156	2020-04-13	3.6	4.0	4.0	4.0	0
1157	2020-04-14	3.6	4.0	4.0	4.0	0
1158	2020-04-15	3.6	4.0	4.0	4.0	0
1159	2020-04-16	3.6	4.0	4.0	4.0	0
1160	2020-04-17	3.6	4.0	4.0	4.0	0
1161	2020-04-20	3.6	4.0	4.0	4.0	0
1162	2020-04-21	3.6	4.0	4.0	4.0	0
1163	2020-04-22	3.6	4.0	4.0	4.0	0
1164	2020-04-23	3.6	4.0	4.0	4.0	0
1165	2020-04-24	3.6	4.0	4.0	4.0	0
1166	2020-04-27	3.6	4.0	4.0	4.0	0
1167	2020-04-28	3.6	4.0	4.0	4.0	0
1168	2020-04-29	3.6	4.0	4.0	4.0	0
1169	2020-05-04	3.6	4.0	4.0	4.0	0
1170	2020-05-05	3.6	4.0	4.0	4.0	0
1171	2020-05-06	3.6	4.0	4.0	4.0	0
1172	2020-05-07	3.6	4.0	4.0	4.0	0
1173	2020-05-08	3.6	4.0	4.0	4.0	0
1174	2020-05-11	3.6	4.0	4.0	4.0	0
1175	2020-05-12	3.6	4.0	4.0	4.0	0
1176	2020-05-13	3.6	4.0	4.0	4.0	0
1177	2020-05-14	3.6	4.0	4.0	4.0	0
1178	2020-05-15	3.6	4.0	4.0	4.0	0
1179	2020-05-18	3.6	4.0	4.0	4.0	0
1180	2020-05-19	3.6	4.5	4.5	4.5	0
1181	2020-05-20	3.6	4.5	4.5	4.5	0
1182	2020-05-21	3.6	4.5	4.5	4.5	0
1183	2020-05-22	3.6	4.5	4.5	4.5	0
1184	2020-05-25	3.6	4.5	4.5	4.5	0
1185	2020-05-26	3.6	4.5	4.5	4.5	0
1186	2020-05-27	3.6	4.5	4.5	4.5	0
1187	2020-05-28	3.6	4.5	4.5	4.5	0
1188	2020-05-29	3.6	4.5	4.5	4.5	0
1189	2020-06-01	3.6	4.5	4.5	4.5	0
1190	2020-06-02	3.6	4.5	4.5	4.5	0
1191	2020-06-03	3.6	4.5	4.5	4.5	0
1192	2020-06-04	3.6	4.5	4.5	4.5	0
1193	2020-06-05	3.6	4.5	4.5	4.5	0
1194	2020-06-08	3.6	4.5	4.5	4.5	0
1195	2020-06-09	3.6	4.5	4.5	4.5	0
1196	2020-06-10	3.6	4.5	4.5	4.5	0
1197	2020-06-11	3.6	4.5	4.5	4.5	0
1198	2020-06-12	3.6	4.5	4.5	4.5	0
1199	2020-06-15	3.6	4.5	4.5	4.5	0
1200	2020-06-16	3.6	4.5	4.5	4.5	0
1201	2020-06-17	3.6	4.5	4.5	4.5	0
1202	2020-06-18	3.6	4.5	4.5	4.5	0
1203	2020-06-19	3.6	4.5	4.5	4.5	0
1204	2020-06-22	3.6	4.5	4.5	4.5	0
1205	2020-06-23	3.6	4.5	4.5	4.5	0
1206	2020-06-24	3.6	4.5	4.5	4.5	0
1207	2020-06-25	3.6	4.5	4.5	4.5	0
1208	2020-06-26	3.6	4.5	4.5	4.5	0
1209	2020-06-29	3.6	4.5	4.5	4.5	0
1210	2020-06-30	3.6	4.5	4.5	4.5	0
1211	2020-07-01	3.6	4.5	4.5	4.5	0
1212	2020-07-02	3.6	4.5	4.5	4.5	0
1213	2020-07-03	3.6	4.5	4.5	4.5	0
1214	2020-07-06	3.6	4.5	4.5	4.5	0
1215	2020-07-07	3.6	4.5	4.5	4.5	0
1216	2020-07-08	3.6	4.5	4.5	4.5	0
1217	2020-07-09	3.6	4.5	4.5	4.5	0
1218	2020-07-10	3.6	4.5	4.5	4.5	0
1219	2020-07-13	3.6	4.5	4.5	4.5	0
1220	2020-07-14	3.6	4.5	4.5	4.5	0
1221	2020-07-15	3.6	4.5	4.5	4.5	0
1222	2020-07-16	3.6	4.5	4.5	4.5	0
1223	2020-07-17	3.6	4.5	4.5	4.5	0
1224	2020-07-20	3.6	4.5	4.5	4.5	0
1225	2020-07-21	3.6	4.5	4.5	4.5	0
1226	2020-07-22	3.6	4.5	4.5	4.5	0
1227	2020-07-23	3.6	4.5	4.5	4.5	0
1228	2020-07-24	3.6	4.5	4.5	4.5	0
1229	2020-07-27	3.6	4.5	4.5	4.5	0
1230	2020-07-28	3.6	4.5	4.5	4.5	0
1231	2020-07-29	3.6	4.5	4.5	4.5	0
1232	2020-07-30	3.6	4.5	4.5	4.5	0
1233	2020-07-31	3.6	4.5	4.5	4.5	0
1234	2020-08-03	3.6	4.5	4.5	4.5	0
1235	2020-08-04	3.6	4.5	4.5	4.5	0
1236	2020-08-05	3.6	4.5	4.5	4.5	0
1237	2020-08-06	3.6	4.5	4.5	4.5	0
1238	2020-08-07	3.6	4.5	4.5	4.5	0
1239	2020-08-10	3.6	4.5	4.5	4.5	0
1240	2020-08-11	3.6	4.5	4.5	4.5	0
1241	2020-08-12	3.6	4.5	4.5	4.5	0
1242	2020-08-13	3.6	4.5	4.5	4.5	0
1243	2020-08-14	3.6	4.5	4.5	4.5	0
1244	2020-08-17	3.6	4.5	4.5	4.5	0
1245	2020-08-18	3.6	4.5	4.5	4.5	0
1246	2020-08-19	3.6	4.5	4.5	4.5	0
1247	2020-08-20	3.6	4.5	4.5	4.5	0
1248	2020-08-21	3.6	4.5	4.5	4.5	0
1249	2020-08-24	3.6	4.5	4.5	4.5	0
1250	2020-08-25	3.6	4.5	4.5	4.5	0
1251	2020-08-26	3.6	4.5	4.5	4.5	0
1252	2020-08-27	3.6	4.5	4.5	4.5	0
1253	2020-08-28	3.6	4.5	4.5	4.5	0
1254	2020-08-31	3.6	4.5	4.5	4.5	0
1255	2020-09-01	3.6	4.5	4.5	4.5	0
1256	2020-09-03	3.6	4.5	4.5	4.5	0
1257	2020-09-04	3.6	4.5	4.5	4.5	0
1258	2020-09-07	3.6	4.5	4.5	4.5	0
1259	2020-09-08	3.6	4.5	4.5	4.5	0
1260	2020-09-09	3.6	4.5	4.5	4.5	0
1261	2020-09-10	3.6	4.5	4.5	4.5	0
1262	2020-09-11	3.6	4.5	4.5	4.5	0
1263	2020-09-14	3.6	4.5	4.5	4.5	0
1264	2020-09-15	3.6	4.5	4.5	4.5	0
1265	2020-09-16	3.6	4.5	4.5	4.5	0
1266	2020-09-17	3.6	4.5	4.5	4.5	0
1267	2020-09-18	3.6	4.5	4.5	4.5	0
1268	2020-09-21	3.6	4.5	4.5	4.5	0
1269	2020-09-22	3.6	4.5	4.5	4.5	0
1270	2020-09-23	3.6	4.5	4.5	4.5	0
1271	2020-09-24	3.6	4.5	4.5	4.5	0
1272	2020-09-25	3.6	4.5	4.5	4.5	0
1273	2020-09-28	3.6	4.5	4.5	4.5	0
1274	2020-09-29	3.6	4.5	4.5	4.5	0
1275	2020-09-30	3.6	4.5	4.5	4.5	0
1276	2020-10-01	3.6	4.5	4.5	4.5	0
1277	2020-10-02	3.6	4.5	4.5	4.5	0
1278	2020-10-05	3.6	4.5	4.5	4.5	0
1279	2020-10-06	3.6	4.5	4.5	4.5	0
1280	2020-10-07	3.6	4.5	4.5	4.5	0
1281	2020-10-08	3.6	4.5	4.5	4.5	0
1282	2020-10-09	3.6	4.5	4.5	4.5	0
1283	2020-10-12	3.6	4.5	4.5	4.5	0
1284	2020-10-13	3.6	4.5	4.5	4.5	0
1285	2020-10-14	3.6	4.5	4.5	4.5	0
1286	2020-10-15	3.6	4.5	4.5	4.5	0
1287	2020-10-16	3.6	4.5	4.5	4.5	0
1288	2020-10-19	3.6	4.5	4.5	4.5	0
1289	2020-10-20	3.6	4.5	4.5	4.5	0
1290	2020-10-21	3.6	4.5	4.5	4.5	0
1291	2020-10-22	3.6	4.5	4.5	4.5	0
1292	2020-10-23	3.6	4.5	4.5	4.5	0
1293	2020-10-26	3.6	4.5	4.5	4.5	0
1294	2020-10-27	3.6	4.5	4.5	4.5	0
1295	2020-10-28	3.6	4.5	4.5	4.5	0
1296	2020-10-29	3.6	4.5	4.5	4.5	0
1297	2020-10-30	3.6	4.5	4.5	4.5	0
1298	2020-11-02	3.6	4.5	4.5	4.5	0
1299	2020-11-03	3.6	4.5	4.5	4.5	0
1300	2020-11-04	3.6	4.5	4.5	4.5	0
1301	2020-11-05	3.6	4.5	4.5	4.5	0
1302	2020-11-06	3.6	4.5	4.5	4.5	0
1303	2020-11-09	3.6	4.5	4.5	4.5	0
1304	2020-11-10	3.6	4.5	4.5	4.5	0
1305	2020-11-11	3.6	4.5	4.5	4.5	0
1306	2020-11-12	3.6	4.5	4.5	4.5	0
1307	2020-11-13	3.6	4.5	4.5	4.5	0
1308	2020-11-16	3.6	4.5	4.5	4.5	0
1309	2020-11-17	3.6	4.5	4.5	4.5	0
1310	2020-11-18	3.6	4.5	4.5	4.5	0
1311	2020-11-19	3.6	4.5	4.5	4.5	0
1312	2020-11-20	3.6	4.5	4.5	4.5	0
1313	2020-11-23	3.6	4.5	4.5	4.5	0
1314	2020-11-24	3.6	4.5	4.5	4.5	0
1315	2020-11-25	3.6	4.5	4.5	4.5	0
1316	2020-11-26	3.6	4.5	4.5	4.5	0
1317	2020-11-27	3.6	4.5	4.5	4.5	0
1318	2020-11-30	3.6	4.5	4.5	4.5	0
1319	2020-12-01	3.6	4.5	4.5	4.5	0
1320	2020-12-02	3.6	4.5	4.5	4.5	0
1321	2020-12-03	3.6	4.5	4.5	4.5	0
1322	2020-12-04	3.6	4.5	4.5	4.5	0
1323	2020-12-07	3.6	4.5	4.5	4.5	0
1324	2020-12-08	3.6	4.5	4.5	4.5	0
1325	2020-12-09	3.6	4.5	4.5	4.5	0
1326	2020-12-10	3.6	4.5	4.5	4.5	0
1327	2020-12-11	3.6	4.5	4.5	4.5	0
1328	2020-12-14	3.6	4.5	4.5	4.5	0
1329	2020-12-15	3.6	4.5	4.5	4.5	0
1330	2020-12-16	3.6	4.5	4.5	4.5	0
1331	2020-12-17	3.6	4.5	4.5	4.5	0
1332	2020-12-18	3.6	4.5	4.5	4.5	0
1333	2020-12-21	3.6	4.5	4.5	4.5	0
1334	2020-12-22	3.6	4.5	4.5	4.5	0
1335	2020-12-23	3.6	4.5	4.5	4.5	0
1336	2020-12-24	3.6	4.5	4.5	4.5	0
1337	2020-12-25	3.6	4.5	4.5	4.5	0
1338	2020-12-28	3.6	4.5	4.5	4.5	0
1339	2020-12-29	3.6	4.5	4.5	4.5	0
1340	2020-12-30	3.6	4.5	4.5	4.5	0
1341	2020-12-31	3.6	4.5	4.5	4.5	0
1342	2021-01-04	3.6	4.5	4.5	4.5	0
1343	2021-01-05	3.6	4.5	4.5	4.5	0
1344	2021-01-06	3.6	4.5	4.5	4.5	0
1345	2021-01-07	3.6	3.6	3.6	3.6	0
1346	2021-01-08	3.6	4.5	4.5	4.5	0
1347	2021-01-11	3.6	4.5	4.5	4.5	0
1348	2021-01-12	3.6	4.5	4.5	4.5	0
1349	2021-01-13	3.6	4.5	4.5	4.5	0
1350	2021-01-14	3.6	4.5	4.5	4.5	0
1351	2021-01-15	3.6	4.5	4.5	4.5	0
1352	2021-01-18	3.6	4.5	4.5	4.5	0
1353	2021-01-19	3.6	4.5	4.5	4.5	0
1354	2021-01-20	3.6	4.5	4.5	4.5	0
1355	2021-01-21	3.6	4.5	4.5	4.5	0
1356	2021-01-22	3.6	3.6	3.6	3.6	0
1357	2021-01-25	3.6	4.5	4.5	4.5	0
1358	2021-01-26	3.6	4.5	4.5	4.5	0
1359	2021-01-27	3.6	4.5	4.5	4.5	0
1360	2021-01-28	3.6	4.5	4.5	4.5	0
1361	2021-01-29	3.6	4.5	4.5	4.5	0
1362	2021-02-01	3.6	4.5	4.5	4.5	0
1363	2021-02-02	3.6	4.5	4.5	4.5	0
1364	2021-02-03	3.6	4.5	4.5	4.5	0
1365	2021-02-04	3.6	4.5	4.5	4.5	0
1366	2021-02-05	3.6	4.5	4.5	4.5	0
1367	2021-02-08	3.6	4.5	4.5	4.5	0
1368	2021-02-09	3.6	4.5	4.5	4.5	0
1369	2021-02-17	3.6	3.6	3.6	3.6	0
1370	2021-02-18	3.6	4.5	4.5	4.5	0
1371	2021-02-19	3.6	4.5	4.5	4.5	0
1372	2021-02-22	3.6	4.5	4.5	4.5	0
1373	2021-02-23	3.6	4.5	4.5	4.5	0
1374	2021-02-24	3.6	4.5	4.5	4.5	0
1375	2021-02-25	3.6	4.5	4.5	4.5	0
1376	2021-02-26	3.6	4.5	4.5	4.5	0
1377	2021-03-01	3.6	4.5	4.5	4.5	0
1378	2021-03-02	3.6	4.5	4.5	4.5	0
1379	2021-03-03	3.6	4.5	4.5	4.5	0
1380	2021-03-04	3.6	4.5	4.5	4.5	0
1381	2021-03-05	3.6	4.5	4.5	4.5	0
1382	2021-03-08	3.6	4.5	4.5	4.5	0
1383	2021-03-09	3.6	4.5	4.5	4.5	0
1384	2021-03-10	3.6	4.5	4.5	4.5	0
1385	2021-03-11	3.6	4.5	4.5	4.5	0
1386	2021-03-12	3.6	4.5	4.5	4.5	0
1387	2021-03-15	3.6	4.5	4.5	4.5	0
1388	2021-03-16	3.6	4.5	4.5	4.5	0
1389	2021-03-17	3.6	4.5	4.5	4.5	0
1390	2021-03-18	3.6	4.5	4.5	4.5	0
1391	2021-03-19	3.6	4.5	4.5	4.5	0
1392	2021-03-22	3.6	4.5	4.5	4.5	0
1393	2021-03-23	3.6	4.5	4.5	4.5	0
1394	2021-03-24	3.6	4.5	4.5	4.5	0
1395	2021-03-25	3.6	4.5	4.5	4.5	0
1396	2021-03-26	3.6	4.5	4.5	4.5	0
1397	2021-03-29	3.6	4.5	4.5	4.5	0
1398	2021-03-30	3.6	4.5	4.5	4.5	0
1399	2021-03-31	3.6	4.5	4.5	4.5	0
1400	2021-04-01	3.6	4.5	4.5	4.5	0
1401	2021-04-02	3.6	4.5	4.5	4.5	0
1402	2021-04-05	3.6	4.5	4.5	4.5	0
1403	2021-04-06	3.6	4.5	4.5	4.5	0
1404	2021-04-07	3.6	4.5	4.5	4.5	0
1405	2021-04-08	3.6	4.5	4.5	4.5	0
1406	2021-04-09	3.6	4.5	4.5	4.5	0
1407	2021-04-12	3.6	4.5	4.5	4.5	0
1408	2021-04-13	3.6	4.5	4.5	4.5	0
1409	2021-04-14	3.6	4.5	4.5	4.5	0
1410	2021-04-15	3.6	4.5	4.5	4.5	0
1411	2021-04-16	3.6	4.5	4.5	4.5	0
1412	2021-04-19	3.6	4.5	4.5	4.5	0
1413	2021-04-20	3.6	4.5	4.5	4.5	0
1414	2021-04-22	3.6	4.5	4.5	4.5	0
1415	2021-04-23	3.6	4.5	4.5	4.5	0
1416	2021-04-26	3.6	4.5	4.5	4.5	0
1417	2021-04-27	3.6	4.5	4.5	4.5	0
1418	2021-04-28	3.6	4.5	4.5	4.5	0
1419	2021-04-29	3.6	4.5	4.5	4.5	0
1420	2021-05-04	3.6	4.5	4.5	4.5	0
1421	2021-05-05	3.6	4.5	4.5	4.5	0
1422	2021-05-06	3.6	4.5	4.5	4.5	0
1423	2021-05-07	3.6	4.5	4.5	4.5	0
1424	2021-05-10	3.6	4.5	4.5	4.5	0
1425	2021-05-11	3.6	4.5	4.5	4.5	0
1426	2021-05-12	3.6	4.5	4.5	4.5	0
1427	2021-05-13	3.6	4.5	4.5	4.5	0
1428	2021-05-14	3.6	4.5	4.5	4.5	0
1429	2021-05-17	3.6	4.5	4.5	4.5	0
1430	2021-05-18	3.6	4.5	4.5	4.5	0
1431	2021-05-19	3.6	4.5	4.5	4.5	0
1432	2021-05-20	3.6	4.5	4.5	4.5	0
1433	2021-05-21	3.6	4.5	4.5	4.5	0
1434	2021-05-24	3.6	4.5	4.5	4.5	0
1435	2021-05-25	3.6	4.5	4.5	4.5	0
1436	2021-05-26	3.6	4.5	4.5	4.5	0
1437	2021-05-27	3.6	4.5	4.5	4.5	0
1438	2021-05-28	3.6	4.5	4.5	4.5	0
1439	2021-05-31	3.6	4.5	4.5	4.5	0
1440	2021-06-01	3.6	4.5	4.5	4.5	0
1441	2021-06-02	3.6	4.5	4.5	4.5	0
1442	2021-06-03	3.6	5.14	5.14	5.14	0
1443	2021-06-04	3.6	5.14	5.14	5.14	0
1444	2021-06-07	3.6	5.14	5.14	5.14	0
1445	2021-06-08	3.6	5.14	5.14	5.14	0
1446	2021-06-09	3.6	5.14	5.14	5.14	0
1447	2021-06-10	3.6	5.14	5.14	5.14	0
1448	2021-06-11	3.6	5.14	5.14	5.14	0
1449	2021-06-14	3.6	5.14	5.14	5.14	0
1450	2021-06-15	3.6	5.14	5.14	5.14	0
1451	2021-06-16	3.6	5.14	5.14	5.14	0
1452	2021-06-17	3.6	5.14	5.14	5.14	0
1453	2021-06-18	3.6	5.14	5.14	5.14	0
1454	2021-06-21	3.6	5.14	5.14	5.14	0
1455	2021-06-22	3.6	5.14	5.14	5.14	0
1456	2021-06-23	3.6	5.14	5.14	5.14	0
1457	2021-06-24	3.6	5.14	5.14	5.14	0
1458	2021-06-25	3.6	5.14	5.14	5.14	0
1459	2021-06-28	3.6	5.14	5.14	5.14	0
1460	2021-06-29	3.6	5.14	5.14	5.14	0
1461	2021-06-30	3.6	5.14	5.14	5.14	0
1462	2021-07-01	3.6	5.14	5.14	5.14	0
1463	2021-07-02	3.6	5.14	5.14	5.14	0
1464	2021-07-05	3.6	5.14	5.14	5.14	0
1465	2021-07-06	3.6	5.14	5.14	5.14	0
1466	2021-07-07	3.6	5.14	5.14	5.14	0
1467	2021-07-08	3.6	5.14	5.14	5.14	0
1468	2021-07-09	3.6	5.14	5.14	5.14	0
1469	2021-07-12	3.6	5.14	5.14	5.14	0
1470	2021-07-13	3.6	5.14	5.14	5.14	0
1471	2021-07-14	3.6	5.14	5.14	5.14	0
1472	2021-07-15	3.6	5.14	5.14	5.14	0
1473	2021-07-16	3.6	5.14	5.14	5.14	0
1474	2021-07-19	3.6	5.14	5.14	5.14	0
1475	2021-07-20	3.6	5.14	5.14	5.14	0
1476	2021-07-21	3.6	5.14	5.14	5.14	0
1477	2021-07-22	3.6	5.14	5.14	5.14	0
1478	2021-07-23	3.6	5.14	5.14	5.14	0
1479	2021-07-26	3.6	5.14	5.14	5.14	0
1480	2021-07-27	3.6	5.14	5.14	5.14	0
1481	2021-07-28	3.6	5.14	5.14	5.14	0
1482	2021-07-29	3.6	5.14	5.14	5.14	0
1483	2021-07-30	3.6	5.14	5.14	5.14	0
1484	2021-08-02	3.6	3.6	3.6	3.6	0
1485	2021-08-03	3.6	5.14	5.14	5.14	0
1486	2021-08-04	3.6	5.14	5.14	5.14	0
1487	2021-08-05	3.6	5.14	5.14	5.14	0
1488	2021-08-06	3.6	5.14	5.14	5.14	0
1489	2021-08-09	3.6	5.14	5.14	5.14	0
1490	2021-08-10	3.6	5.14	5.14	5.14	0
1491	2021-08-11	3.6	5.14	5.14	5.14	0
1492	2021-08-12	3.6	5.14	5.14	5.14	0
1493	2021-08-13	3.6	5.14	5.14	5.14	0
1494	2021-08-16	3.6	5.14	5.14	5.14	0
1495	2021-08-17	3.6	5.14	5.14	5.14	0
1496	2021-08-18	3.6	5.14	5.14	5.14	0
1497	2021-08-19	3.6	5.14	5.14	5.14	0
1498	2021-08-20	3.6	3.6	3.6	3.6	0
1499	2021-08-23	3.6	5.14	5.14	5.14	0
1500	2021-08-24	3.6	5.14	5.14	5.14	0
1501	2021-08-25	3.6	5.14	5.14	5.14	0
1502	2021-08-26	3.6	5.14	5.14	5.14	0
1503	2021-08-27	3.6	3.6	3.6	3.6	0
1504	2021-08-30	3.6	3.6	3.6	3.6	0
1505	2021-08-31	3.6	3.6	3.6	3.6	0
1506	2021-09-01	3.6	3.6	3.6	3.6	0
1507	2021-09-06	3.6	5.14	5.14	5.14	0
1508	2021-09-07	3.6	5.14	5.14	5.14	0
1509	2021-09-08	3.6	3.6	3.6	3.6	0
1510	2021-09-09	3.6	3.6	3.6	3.6	0
1511	2021-09-10	3.6	3.6	3.6	3.6	0
1512	2021-09-13	3.6	3.6	3.6	3.6	0
1513	2021-09-14	3.6	3.6	3.6	3.6	0
1514	2021-09-15	3.6	3.6	3.6	3.6	0
1515	2021-09-16	3.6	3.6	3.6	3.6	0
1516	2021-09-17	3.6	3.6	3.6	3.6	0
1517	2021-09-20	3.6	3.6	3.6	3.6	0
1518	2021-09-21	3.6	3.6	3.6	3.6	0
1519	2021-09-22	3.6	3.6	3.6	3.6	0
1520	2021-09-23	3.6	3.6	3.6	3.6	0
1521	2021-09-24	3.6	3.6	3.6	3.6	0
1522	2021-09-27	3.6	3.6	3.6	3.6	0
1523	2021-09-28	3.6	3.6	3.6	3.6	0
1524	2021-09-29	3.6	3.6	3.6	3.6	0
1525	2021-09-30	3.6	3.6	3.6	3.6	0
1526	2021-10-01	3.6	3.6	3.6	3.6	0
1527	2021-10-04	3.6	3.6	3.6	3.6	0
1528	2021-10-05	3.6	3.6	3.6	3.6	0
1529	2021-10-06	3.6	3.6	3.6	3.6	0
1530	2021-10-07	3.6	3.6	3.6	3.6	0
1531	2021-10-08	3.6	3.6	3.6	3.6	0
1532	2021-10-11	3.6	3.6	3.6	3.6	0
1533	2021-10-12	3.6	3.6	3.6	3.6	0
1534	2021-10-13	3.6	3.6	3.6	3.6	0
1535	2021-10-14	3.6	3.6	3.6	3.6	0
1536	2021-10-15	3.6	3.6	3.6	3.6	0
1537	2021-10-18	3.6	3.6	3.6	3.6	0
1538	2021-10-19	3.6	3.6	3.6	3.6	0
1539	2021-10-20	3.6	3.6	3.6	3.6	0
1540	2021-10-21	3.6	3.6	3.6	3.6	0
1541	2021-10-22	3.6	3.6	3.6	3.6	0
1542	2021-10-25	3.6	3.6	3.6	3.6	0
1543	2021-10-26	3.6	3.6	3.6	3.6	0
1544	2021-10-27	3.6	3.6	3.6	3.6	0
1545	2021-10-28	3.6	3.6	3.6	3.6	0
1546	2021-10-29	3.6	3.6	3.6	3.6	0
1547	2021-11-01	3.6	3.6	3.6	3.6	0
1548	2021-11-02	3.6	3.6	3.6	3.6	0
1549	2021-11-03	3.6	3.6	3.6	3.6	0
1550	2021-11-04	3.6	3.6	3.6	3.6	0
1551	2021-11-05	3.6	3.6	3.6	3.6	0
1552	2021-11-08	3.6	3.6	3.6	3.6	0
1553	2021-11-09	3.6	3.6	3.6	3.6	0
1554	2021-11-10	3.6	3.6	3.6	3.6	0
1555	2021-11-11	3.6	3.6	3.6	3.6	0
1556	2021-11-12	3.6	3.6	3.6	3.6	0
1557	2021-11-15	3.6	3.6	3.6	3.6	0
1558	2021-11-16	3.6	3.6	3.6	3.6	0
1559	2021-11-17	3.6	3.6	3.6	3.6	0
1560	2021-11-18	3.6	3.6	3.6	3.6	0
1561	2021-11-19	3.6	3.6	3.6	3.6	0
1562	2021-11-22	3.6	3.6	3.6	3.6	0
1563	2021-11-23	3.6	3.6	3.6	3.6	0
1564	2021-11-24	3.6	3.6	3.6	3.6	0
1565	2021-11-25	3.6	3.6	3.6	3.6	0
1566	2021-11-26	3.6	3.6	3.6	3.6	0
1567	2021-11-29	3.6	3.6	3.6	3.6	0
1568	2021-11-30	3.6	3.6	3.6	3.6	0
1569	2021-12-01	3.6	3.6	3.6	3.6	0
1570	2021-12-02	3.6	3.6	3.6	3.6	0
1571	2021-12-03	3.6	3.6	3.6	3.6	0
1572	2021-12-06	3.6	3.6	3.6	3.6	0
1573	2021-12-07	3.6	3.6	3.6	3.6	0
1574	2021-12-08	3.6	3.6	3.6	3.6	0
1575	2021-12-09	3.6	3.6	3.6	3.6	0
1576	2021-12-10	3.6	3.6	3.6	3.6	0
1577	2021-12-13	3.6	3.6	3.6	3.6	0
1578	2021-12-14	3.6	3.6	3.6	3.6	0
1579	2021-12-15	3.6	3.6	3.6	3.6	0
1580	2021-12-16	3.6	3.6	3.6	3.6	0
1581	2021-12-17	3.6	3.6	3.6	3.6	0
1582	2021-12-20	3.6	3.6	3.6	3.6	0
1583	2021-12-21	3.6	3.6	3.6	3.6	0
1584	2021-12-22	3.6	3.6	3.6	3.6	0
1585	2021-12-23	3.6	3.6	3.6	3.6	0
1586	2021-12-24	3.6	3.6	3.6	3.6	0
1587	2021-12-27	3.6	3.6	3.6	3.6	0
1588	2021-12-28	3.6	3.6	3.6	3.6	0
1589	2021-12-29	3.6	3.6	3.6	3.6	0
1590	2021-12-30	3.6	3.6	3.6	3.6	0
1591	2021-12-31	3.6	3.6	3.6	3.6	0
1592	2022-01-04	3.6	3.6	3.6	3.6	0
1593	2022-01-05	3.6	3.6	3.6	3.6	0
1594	2022-01-06	3.6	3.6	3.6	3.6	0
1595	2022-01-07	3.6	3.6	3.6	3.6	0
1596	2022-01-10	3.6	3.6	3.6	3.6	0
1597	2022-01-11	3.6	3.6	3.6	3.6	0
1598	2022-01-12	3.6	3.6	3.6	3.6	0
1599	2022-01-13	3.6	3.6	3.6	3.6	0
1600	2022-01-14	3.6	3.6	3.6	3.6	0
1601	2022-01-17	3.6	3.6	3.6	3.6	0
1602	2022-01-18	3.6	3.6	3.6	3.6	0
1603	2022-01-19	3.6	3.6	3.6	3.6	0
1604	2022-01-20	3.6	3.6	3.6	3.6	0
1605	2022-01-21	3.6	3.6	3.6	3.6	0
1606	2022-01-24	3.6	3.6	3.6	3.6	0
1607	2022-01-25	3.6	3.6	3.6	3.6	0
1608	2022-01-26	3.6	3.6	3.6	3.6	0
1609	2022-01-27	3.6	3.6	3.6	3.6	0
1610	2022-01-28	3.6	3.6	3.6	3.6	0
1611	2022-02-07	3.6	3.6	3.6	3.6	0
1612	2022-02-08	3.6	3.6	3.6	3.6	0
1613	2022-02-09	3.6	3.6	3.6	3.6	0
1614	2022-02-10	3.6	3.6	3.6	3.6	0
1615	2022-02-11	3.6	3.6	3.6	3.6	0
1616	2022-02-14	3.6	3.6	3.6	3.6	0
1617	2022-02-15	3.6	3.6	3.6	3.6	0
1618	2022-02-16	3.6	3.6	3.6	3.6	0
1619	2022-02-17	3.6	3.6	3.6	3.6	0
1620	2022-02-18	3.6	3.6	3.6	3.6	0
1621	2022-02-21	3.6	3.6	3.6	3.6	0
1622	2022-02-22	3.6	3.6	3.6	3.6	0
1623	2022-02-23	3.6	3.6	3.6	3.6	0
1624	2022-02-24	3.6	3.6	3.6	3.6	0
1625	2022-02-25	3.6	3.6	3.6	3.6	0
1626	2022-02-28	3.6	3.6	3.6	3.6	0
1627	2022-03-01	3.6	3.6	3.6	3.6	0
1628	2022-03-02	3.6	3.6	3.6	3.6	0
1629	2022-03-03	3.6	3.6	3.6	3.6	0
1630	2022-03-04	3.6	3.6	3.6	3.6	0
1631	2022-03-07	3.6	3.6	3.6	3.6	0
1632	2022-03-08	3.6	3.6	3.6	3.6	0
1633	2022-03-09	3.6	3.6	3.6	3.6	0
1634	2022-03-10	3.6	3.6	3.6	3.6	0
1635	2022-03-11	3.6	3.6	3.6	3.6	0
1636	2022-03-14	3.6	3.6	3.6	3.6	0
1637	2022-03-15	3.6	3.6	3.6	3.6	0
1638	2022-03-16	3.6	3.6	3.6	3.6	0
1639	2022-03-17	3.6	3.6	3.6	3.6	0
1640	2022-03-18	3.6	3.6	3.6	3.6	0
1641	2022-03-21	3.6	3.6	3.6	3.6	0
1642	2022-03-22	3.6	3.6	3.6	3.6	0
1643	2022-03-23	3.6	3.6	3.6	3.6	0
1644	2022-03-24	3.6	3.6	3.6	3.6	0
1645	2022-03-25	3.6	3.6	3.6	3.6	0
1646	2022-03-28	3.6	3.6	3.6	3.6	0
1647	2022-03-29	3.6	3.6	3.6	3.6	0
1648	2022-03-30	3.6	3.6	3.6	3.6	0
1649	2022-03-31	3.6	3.6	3.6	3.6	0
1650	2022-04-01	3.6	3.6	3.6	3.6	0
1651	2022-04-04	3.6	3.6	3.6	3.6	0
1652	2022-04-05	3.6	3.6	3.6	3.6	0
1653	2022-04-06	3.6	3.6	3.6	3.6	0
1654	2022-04-07	3.6	3.6	3.6	3.6	0
1655	2022-04-08	3.6	3.6	3.6	3.6	0
1656	2022-04-12	3.6	3.6	3.6	3.6	0
1657	2022-04-13	3.6	3.6	3.6	3.6	0
1658	2022-04-14	3.6	3.6	3.6	3.6	0
1659	2022-04-15	3.6	3.6	3.6	3.6	0
1660	2022-04-18	3.6	3.6	3.6	3.6	0
1661	2022-04-19	3.6	3.6	3.6	3.6	0
1662	2022-04-20	3.6	3.6	3.6	3.6	0
1663	2022-04-21	3.6	3.6	3.6	3.6	0
1664	2022-04-22	3.6	3.6	3.6	3.6	0
1665	2022-04-25	3.6	3.6	3.6	3.6	0
1666	2022-04-26	3.6	3.6	3.6	3.6	0
1667	2022-04-27	3.6	3.6	3.6	3.6	0
1668	2022-04-28	3.6	3.6	3.6	3.6	0
1669	2022-04-29	3.6	3.6	3.6	3.6	0
1670	2022-05-04	3.6	3.6	3.6	3.6	0
1671	2022-05-05	3.6	3.6	3.6	3.6	0
1672	2022-05-06	3.6	3.6	3.6	3.6	0
1673	2022-05-09	3.6	3.6	3.6	3.6	0
1674	2022-05-10	3.6	3.6	3.6	3.6	0
1675	2022-05-11	3.6	3.6	3.6	3.6	0
1676	2022-05-12	3.6	3.6	3.6	3.6	0
1677	2022-05-13	3.6	3.6	3.6	3.6	0
1678	2022-05-16	3.6	3.6	3.6	3.6	0
1679	2022-05-17	3.6	3.6	3.6	3.6	0
1680	2022-05-18	3.6	3.6	3.6	3.6	0
1681	2022-05-19	3.6	3.6	3.6	3.6	0
1682	2022-05-20	3.6	3.6	3.6	3.6	0
1683	2022-05-23	3.6	3.6	3.6	3.6	0
1684	2022-05-24	3.6	3.6	3.6	3.6	0
1685	2022-05-25	3.6	3.6	3.6	3.6	0
1686	2022-05-26	3.6	3.6	3.6	3.6	0
1687	2022-05-27	3.6	3.6	3.6	3.6	0
1688	2022-05-30	3.6	3.6	3.6	3.6	0
1689	2022-05-31	3.6	3.6	3.6	3.6	0
1690	2022-06-01	3.6	3.6	3.6	3.6	0
1691	2022-06-02	3.6	3.6	3.6	3.6	0
1692	2022-06-03	3.6	3.6	3.6	3.6	0
1693	2022-06-06	3.6	3.6	3.6	3.6	0
1694	2022-06-07	3.6	3.6	3.6	3.6	0
1695	2022-06-08	3.6	3.6	3.6	3.6	0
1696	2022-06-09	3.6	3.6	3.6	3.6	0
1697	2022-06-10	3.6	3.6	3.6	3.6	0
1698	2022-06-13	3.6	3.6	3.6	3.6	0
1699	2022-06-14	3.6	3.6	3.6	3.6	0
1700	2022-06-15	3.6	3.6	3.6	3.6	0
1701	2022-06-16	3.6	3.6	3.6	3.6	0
1702	2022-06-17	3.6	3.6	3.6	3.6	0
1703	2022-06-20	3.6	3.6	3.6	3.6	0
1704	2022-06-21	3.6	3.6	3.6	3.6	0
1705	2022-06-22	3.6	3.6	3.6	3.6	0
1706	2022-06-23	3.6	3.6	3.6	3.6	0
1707	2022-06-24	3.6	3.6	3.6	3.6	0
1708	2022-06-27	3.6	3.6	3.6	3.6	0
1709	2022-06-28	3.6	3.6	3.6	3.6	0
1710	2022-06-29	3.6	3.6	3.6	3.6	0
1711	2022-06-30	3.6	3.6	3.6	3.6	0
1712	2022-07-01	3.6	3.6	3.6	3.6	0
1713	2022-07-04	3.6	3.6	3.6	3.6	0
1714	2022-07-05	3.6	3.6	3.6	3.6	0
1715	2022-07-06	3.6	3.6	3.6	3.6	0
1716	2022-07-07	3.6	3.6	3.6	3.6	0
1717	2022-07-08	3.6	3.6	3.6	3.6	0
1718	2022-07-11	3.6	3.6	3.6	3.6	0
1719	2022-07-12	3.6	3.6	3.6	3.6	0
1720	2022-07-13	3.6	3.6	3.6	3.6	0
1721	2022-07-14	3.6	3.6	3.6	3.6	0
1722	2022-07-15	3.6	3.6	3.6	3.6	0
1723	2022-07-18	3.6	3.6	3.6	3.6	0
1724	2022-07-19	3.6	3.6	3.6	3.6	0
1725	2022-07-20	3.6	3.6	3.6	3.6	0
1726	2022-07-21	3.6	3.6	3.6	3.6	0
1727	2022-07-22	3.6	3.6	3.6	3.6	0
1728	2022-07-25	3.6	3.6	3.6	3.6	0
1729	2022-07-26	3.6	3.6	3.6	3.6	0
1730	2022-07-27	3.6	3.6	3.6	3.6	0
1731	2022-07-28	3.6	3.6	3.6	3.6	0
1732	2022-07-29	3.6	3.6	3.6	3.6	0
1733	2022-08-01	3.6	3.6	3.6	3.6	0
1734	2022-08-02	3.6	3.6	3.6	3.6	0
1735	2022-08-03	3.6	3.6	3.6	3.6	0
1736	2022-08-04	3.6	3.6	3.6	3.6	0
1737	2022-08-05	3.6	3.6	3.6	3.6	0
1738	2022-08-08	3.6	3.6	3.6	3.6	0
1739	2022-08-09	3.6	3.6	3.6	3.6	0
1740	2022-08-10	3.6	3.6	3.6	3.6	0
1741	2022-08-11	3.6	3.6	3.6	3.6	0
1742	2022-08-12	3.6	3.6	3.6	3.6	0
1743	2022-08-15	3.6	3.6	3.6	3.6	0
1744	2022-08-16	3.6	3.6	3.6	3.6	0
1745	2022-08-17	3.6	3.6	3.6	3.6	0
1746	2022-08-18	3.6	3.6	3.6	3.6	0
1747	2022-08-19	3.6	3.6	3.6	3.6	0
1748	2022-08-22	3.6	3.6	3.6	3.6	0
1749	2022-08-23	3.6	3.6	3.6	3.6	0
1750	2022-08-24	3.6	3.6	3.6	3.6	0
1751	2022-08-25	3.6	3.6	3.6	3.6	0
1752	2022-08-26	3.6	3.6	3.6	3.6	0
1753	2022-08-29	3.6	3.6	3.6	3.6	0
1754	2022-08-30	3.6	3.6	3.6	3.6	0
1755	2022-08-31	3.6	3.6	3.6	3.6	0
1756	2022-09-05	3.6	3.6	3.6	3.6	0
1757	2022-09-06	3.6	3.6	3.6	3.6	0
1758	2022-09-07	3.6	3.6	3.6	3.6	0
1759	2022-09-08	3.6	3.6	3.6	3.6	0
1760	2022-09-09	3.6	3.6	3.6	3.6	0
1761	2022-09-12	3.6	3.6	3.6	3.6	0
1762	2022-09-13	3.6	3.6	3.6	3.6	0
1763	2022-09-14	3.6	3.6	3.6	3.6	0
1764	2022-09-15	3.6	3.6	3.6	3.6	0
1765	2022-09-16	3.6	3.6	3.6	3.6	0
1766	2022-09-19	3.6	3.6	3.6	3.6	0
1767	2022-09-20	3.6	3.6	3.6	3.6	0
1768	2022-09-21	3.6	3.6	3.6	3.6	0
1769	2022-09-22	3.6	3.6	3.6	3.6	0
1770	2022-09-23	3.6	3.6	3.6	3.6	0
1771	2022-09-26	3.6	3.6	3.6	3.6	0
1772	2022-09-27	3.6	3.6	3.6	3.6	0
1773	2022-09-28	3.6	3.6	3.6	3.6	0
1774	2022-09-29	3.6	3.6	3.6	3.6	0
1775	2022-09-30	3.6	3.6	3.6	3.6	0
1776	2022-10-03	3.6	3.6	3.6	3.6	0
1777	2022-10-04	3.6	3.6	3.6	3.6	0
1778	2022-10-05	3.6	3.6	3.6	3.6	0
1779	2022-10-06	3.6	3.6	3.6	3.6	0
1780	2022-10-07	3.6	3.6	3.6	3.6	0
1781	2022-10-10	3.6	3.6	3.6	3.6	0
1782	2022-10-11	3.6	3.6	3.6	3.6	0
1783	2022-10-12	3.6	3.6	3.6	3.6	0
1784	2022-10-13	3.6	3.6	3.6	3.6	0
1785	2022-10-14	3.6	3.6	3.6	3.6	0
1786	2022-10-17	3.6	3.6	3.6	3.6	0
1787	2022-10-18	3.6	3.6	3.6	3.6	0
1788	2022-10-19	3.6	3.6	3.6	3.6	0
1789	2022-10-20	3.6	3.6	3.6	3.6	0
1790	2022-10-21	3.6	3.6	3.6	3.6	0
1791	2022-10-24	3.6	3.6	3.6	3.6	0
1792	2022-10-25	3.6	3.6	3.6	3.6	0
1793	2022-10-26	3.6	3.6	3.6	3.6	0
1794	2022-10-27	3.6	3.6	3.6	3.6	0
1795	2022-10-28	3.6	3.6	3.6	3.6	0
1796	2022-10-31	3.6	3.6	3.6	3.6	0
1797	2022-11-01	3.6	3.6	3.6	3.6	0
1798	2022-11-02	3.6	3.6	3.6	3.6	0
1799	2022-11-03	3.6	3.6	3.6	3.6	0
1800	2022-11-04	3.6	3.6	3.6	3.6	0
1801	2022-11-07	3.6	3.6	3.6	3.6	0
1802	2022-11-08	3.6	3.6	3.6	3.6	0
1803	2022-11-09	3.6	3.6	3.6	3.6	0
1804	2022-11-10	3.6	3.6	3.6	3.6	0
1805	2022-11-11	3.6	3.6	3.6	3.6	0
1806	2022-11-14	3.6	3.6	3.6	3.6	0
1807	2022-11-15	3.6	3.6	3.6	3.6	0
1808	2022-11-16	3.6	3.6	3.6	3.6	0
1809	2022-11-17	3.6	3.6	3.6	3.6	0
1810	2022-11-18	3.6	3.6	3.6	3.6	0
1811	2022-11-21	3.6	3.6	3.6	3.6	0
1812	2022-11-22	3.6	3.6	3.6	3.6	0
1813	2022-11-23	3.6	3.6	3.6	3.6	0
1814	2022-11-24	3.6	3.6	3.6	3.6	0
1815	2022-11-25	3.6	3.6	3.6	3.6	0
1816	2022-11-28	3.6	3.6	3.6	3.6	0
1817	2022-11-29	3.6	3.6	3.6	3.6	0
1818	2022-11-30	3.6	3.6	3.6	3.6	0
1819	2022-12-01	3.6	3.6	3.6	3.6	0
1820	2022-12-02	3.6	3.6	3.6	3.6	0
1821	2022-12-05	3.6	3.6	3.6	3.6	0
1822	2022-12-06	3.6	3.6	3.6	3.6	0
1823	2022-12-07	3.6	3.6	3.6	3.6	0
1824	2022-12-08	3.6	3.6	3.6	3.6	0
1825	2022-12-09	3.6	3.6	3.6	3.6	0
1826	2022-12-12	3.6	3.6	3.6	3.6	0
1827	2022-12-13	3.6	3.6	3.6	3.6	0
1828	2022-12-14	3.6	3.6	3.6	3.6	0
1829	2022-12-15	3.6	3.6	3.6	3.6	0
1830	2022-12-16	3.6	3.6	3.6	3.6	0
1831	2022-12-19	3.6	3.6	3.6	3.6	0
1832	2022-12-20	3.6	3.6	3.6	3.6	0
1833	2022-12-21	3.6	3.6	3.6	3.6	0
1834	2022-12-22	3.6	3.6	3.6	3.6	0
1835	2022-12-23	3.6	3.6	3.6	3.6	0
1836	2022-12-26	3.6	3.6	3.6	3.6	0
1837	2022-12-27	3.6	3.6	3.6	3.6	0
1838	2022-12-28	3.6	3.6	3.6	3.6	0
1839	2022-12-29	3.6	3.6	3.6	3.6	0
1840	2022-12-30	3.6	3.6	3.6	3.6	0
1841	2023-01-03	3.6	3.6	3.6	3.6	0
1842	2023-01-04	3.6	3.6	3.6	3.6	0
1843	2023-01-05	3.6	3.6	3.6	3.6	0
1844	2023-01-06	3.6	3.6	3.6	3.6	0
1845	2023-01-09	3.6	3.6	3.6	3.6	0
1846	2023-01-10	3.6	3.6	3.6	3.6	0
1847	2023-01-11	3.6	3.6	3.6	3.6	0
1848	2023-01-12	3.6	3.6	3.6	3.6	0
1849	2023-01-13	3.6	3.6	3.6	3.6	0
1850	2023-01-16	3.6	3.6	3.6	3.6	0
1851	2023-01-17	3.6	3.6	3.6	3.6	0
1852	2023-01-18	3.6	3.6	3.6	3.6	0
1853	2023-01-19	3.6	3.6	3.6	3.6	0
1854	2023-01-27	3.6	3.6	3.6	3.6	0
1855	2023-01-30	3.6	3.6	3.6	3.6	0
1856	2023-01-31	3.6	3.6	3.6	3.6	0
1857	2023-02-01	3.6	3.6	3.6	3.6	0
1858	2023-02-02	3.6	3.6	3.6	3.6	0
1859	2023-02-03	3.6	3.6	3.6	3.6	0
1860	2023-02-06	3.6	3.6	3.6	3.6	0
1861	2023-02-07	3.6	3.6	3.6	3.6	0
1862	2023-02-08	3.6	3.6	3.6	3.6	0
1863	2023-02-09	3.6	3.6	3.6	3.6	0
1864	2023-02-10	3.6	3.6	3.6	3.6	0
1865	2023-02-13	3.6	3.6	3.6	3.6	0
1866	2023-02-14	3.6	3.6	3.6	3.6	0
1867	2023-02-15	3.6	3.6	3.6	3.6	0
1868	2023-02-16	3.6	3.6	3.6	3.6	0
1869	2023-02-17	3.6	3.6	3.6	3.6	0
1870	2023-02-20	3.6	3.6	3.6	3.6	0
1871	2023-02-21	3.6	3.6	3.6	3.6	0
1872	2023-02-22	3.6	3.6	3.6	3.6	0
1873	2023-02-23	3.6	3.6	3.6	3.6	0
1874	2023-02-24	3.6	3.6	3.6	3.6	0
1875	2023-02-27	3.6	3.6	3.6	3.6	0
1876	2023-02-28	3.6	3.6	3.6	3.6	0
1877	2023-03-01	3.6	3.6	3.6	3.6	0
1878	2023-03-02	3.6	3.6	3.6	3.6	0
1879	2023-03-03	3.6	3.6	3.6	3.6	0
1880	2023-03-06	3.6	3.6	3.6	3.6	0
1881	2023-03-07	3.6	3.6	3.6	3.6	0
1882	2023-03-08	3.6	3.6	3.6	3.6	0
1883	2023-03-09	3.6	3.6	3.6	3.6	0
1884	2023-03-10	3.6	3.6	3.6	3.6	0
1885	2023-03-13	3.6	3.6	3.6	3.6	0
1886	2023-03-14	3.6	3.6	3.6	3.6	0
1887	2023-03-15	3.6	3.6	3.6	3.6	0
1888	2023-03-16	3.6	3.6	3.6	3.6	0
1889	2023-03-17	3.6	3.6	3.6	3.6	0
1890	2023-03-20	3.6	3.6	3.6	3.6	0
1891	2023-03-21	3.6	3.6	3.6	3.6	0
1892	2023-03-22	3.6	3.6	3.6	3.6	0
1893	2023-03-23	3.6	3.6	3.6	3.6	0
1894	2023-03-24	3.6	3.6	3.6	3.6	0
1895	2023-03-27	3.6	3.6	3.6	3.6	0
1896	2023-03-28	3.6	3.6	3.6	3.6	0
1897	2023-03-29	3.6	3.6	3.6	3.6	0
1898	2023-03-30	3.6	3.6	3.6	3.6	0
1899	2023-03-31	3.6	3.6	3.6	3.6	0
1900	2023-04-03	3.6	3.6	3.6	3.6	0
1901	2023-04-04	3.6	3.6	3.6	3.6	0
1902	2023-04-05	3.6	3.6	3.6	3.6	0
1903	2023-04-06	3.6	3.6	3.6	3.6	0
1904	2023-04-07	3.6	3.6	3.6	3.6	0
1905	2023-04-10	3.6	3.6	3.6	3.6	0
1906	2023-04-11	3.6	3.6	3.6	3.6	0
1907	2023-04-12	3.6	3.6	3.6	3.6	0
1908	2023-04-13	3.6	3.6	3.6	3.6	0
1909	2023-04-14	3.6	3.6	3.6	3.6	0
1910	2023-04-17	3.6	3.6	3.6	3.6	0
1911	2023-04-18	3.6	3.6	3.6	3.6	0
1912	2023-04-19	3.6	3.6	3.6	3.6	0
1913	2023-04-20	3.6	3.6	3.6	3.6	0
1914	2023-04-21	3.6	3.6	3.6	3.6	0
1915	2023-04-24	3.6	3.6	3.6	3.6	0
1916	2023-04-25	3.6	3.6	3.6	3.6	0
1917	2023-04-26	3.6	3.6	3.6	3.6	0
1918	2023-04-27	3.6	3.6	3.6	3.6	0
1919	2023-04-28	3.6	3.6	3.6	3.6	0
1920	2023-05-04	3.6	3.6	3.6	3.6	0
1921	2023-05-05	3.6	3.6	3.6	3.6	0
1922	2023-05-08	3.6	3.6	3.6	3.6	0
1923	2023-05-09	3.6	3.6	3.6	3.6	0
1924	2023-05-10	3.6	3.6	3.6	3.6	0
1925	2023-05-11	3.6	3.6	3.6	3.6	0
1926	2023-05-12	3.6	3.6	3.6	3.6	0
1927	2023-05-15	3.6	3.6	3.6	3.6	0
1928	2023-05-16	3.6	3.6	3.6	3.6	0
1929	2023-05-17	3.6	3.6	3.6	3.6	0
1930	2023-05-18	3.6	3.6	3.6	3.6	0
1931	2023-05-19	3.6	3.6	3.6	3.6	0
1932	2023-05-22	3.6	3.6	3.6	3.6	0
1933	2023-05-23	3.6	3.6	3.6	3.6	0
1934	2023-05-24	3.6	3.6	3.6	3.6	0
1935	2023-05-25	3.6	3.6	3.6	3.6	0
1936	2023-05-26	3.6	3.6	3.6	3.6	0
1937	2023-05-29	3.6	3.6	3.6	3.6	0
1938	2023-05-30	3.6	3.6	3.6	3.6	0
1939	2023-05-31	3.6	3.6	3.6	3.6	0
1940	2023-06-01	3.6	3.6	3.6	3.6	0
1941	2023-06-02	3.6	3.6	3.6	3.6	0
1942	2023-06-05	3.6	3.6	3.6	3.6	0
1943	2023-06-06	3.6	3.6	3.6	3.6	0
1944	2023-06-07	3.6	3.6	3.6	3.6	0
1945	2023-06-08	3.6	3.6	3.6	3.6	0
1946	2023-06-09	3.6	3.6	3.6	3.6	0
1947	2023-06-12	3.6	3.6	3.6	3.6	0
1948	2023-06-13	3.6	3.6	3.6	3.6	0
1949	2023-06-14	3.6	3.6	3.6	3.6	0
1950	2023-06-15	3.6	3.6	3.6	3.6	0
1951	2023-06-16	3.6	3.6	3.6	3.6	0
1952	2023-06-19	3.6	3.6	3.6	3.6	0
1953	2023-06-20	3.6	3.6	3.6	3.6	0
1954	2023-06-21	3.6	3.6	3.6	3.6	0
1955	2023-06-22	3.6	3.6	3.6	3.6	0
1956	2023-06-23	3.6	3.6	3.6	3.6	0
1957	2023-06-26	3.6	3.6	3.6	3.6	0
1958	2023-06-27	3.6	3.6	3.6	3.6	0
1959	2023-06-28	3.6	3.6	3.6	3.6	0
1960	2023-06-29	3.6	3.6	3.6	3.6	0
1961	2023-06-30	3.6	3.6	3.6	3.6	0
1962	2023-07-03	3.6	3.6	3.6	3.6	0
1963	2023-07-04	3.6	3.6	3.6	3.6	0
1964	2023-07-05	3.6	3.6	3.6	3.6	0
1965	2023-07-06	3.6	3.6	3.6	3.6	0
1966	2023-07-07	3.6	3.6	3.6	3.6	0
1967	2023-07-10	3.6	3.6	3.6	3.6	0
1968	2023-07-11	3.6	3.6	3.6	3.6	0
1969	2023-07-12	3.6	3.6	3.6	3.6	0
1970	2023-07-13	3.6	3.6	3.6	3.6	0
1971	2023-07-14	3.6	3.6	3.6	3.6	0
1972	2023-07-17	3.6	3.6	3.6	3.6	0
1973	2023-07-18	3.6	3.6	3.6	3.6	0
1974	2023-07-19	3.6	3.6	3.6	3.6	0
1975	2023-07-20	3.6	3.6	3.6	3.6	0
1976	2023-07-21	3.6	3.6	3.6	3.6	0
1977	2023-07-24	3.6	3.6	3.6	3.6	0
1978	2023-07-25	3.6	3.6	3.6	3.6	0
1979	2023-07-26	3.6	3.6	3.6	3.6	0
1980	2023-07-27	3.6	3.6	3.6	3.6	0
1981	2023-07-28	3.6	3.6	3.6	3.6	0
1982	2023-07-31	3.6	3.6	3.6	3.6	0
1983	2023-08-01	3.6	3.6	3.6	3.6	0
1984	2023-08-02	3.6	3.6	3.6	3.6	0
1985	2023-08-03	3.6	3.6	3.6	3.6	0
1986	2023-08-04	3.6	3.6	3.6	3.6	0
1987	2023-08-07	3.6	3.6	3.6	3.6	0
1988	2023-08-08	3.6	3.6	3.6	3.6	0
1989	2023-08-09	3.6	3.6	3.6	3.6	0
1990	2023-08-10	3.6	3.6	3.6	3.6	0
1991	2023-08-11	3.6	3.6	3.6	3.6	0
1992	2023-08-14	3.6	3.6	3.6	3.6	0
1993	2023-08-15	3.6	3.6	3.6	3.6	0
1994	2023-08-16	3.6	3.6	3.6	3.6	0
1995	2023-08-17	3.6	3.6	3.6	3.6	0
1996	2023-08-18	3.6	3.6	3.6	3.6	0
1997	2023-08-21	3.6	3.6	3.6	3.6	0
1998	2023-08-22	3.6	3.6	3.6	3.6	0
1999	2023-08-23	3.6	3.6	3.6	3.6	0
2000	2023-08-24	3.6	3.6	3.6	3.6	0
2001	2023-08-25	3.6	3.6	3.6	3.6	0
2002	2023-08-28	3.6	3.6	3.6	3.6	0
2003	2023-08-29	3.6	3.6	3.6	3.6	0
2004	2023-08-30	3.6	3.6	3.6	3.6	0
2005	2023-08-31	3.6	3.6	3.6	3.6	0
2006	2023-09-05	3.6	3.6	3.6	3.6	0
2007	2023-09-06	3.6	3.6	3.6	3.6	0
2008	2023-09-07	3.6	3.6	3.6	3.6	0
2009	2023-09-08	3.6	3.6	3.6	3.6	0
2010	2023-09-11	3.6	3.6	3.6	3.6	0
2011	2023-09-12	3.6	3.6	3.6	3.6	0
2012	2023-09-13	3.6	3.6	3.6	3.6	0
2013	2023-09-14	3.6	3.6	3.6	3.6	0
2014	2023-09-15	3.6	3.6	3.6	3.6	0
2015	2023-09-18	3.6	3.6	3.6	3.6	0
2016	2023-09-19	3.6	3.6	3.6	3.6	0
2017	2023-09-20	3.6	3.6	3.6	3.6	0
2018	2023-09-21	3.6	3.6	3.6	3.6	0
2019	2023-09-22	3.6	3.6	3.6	3.6	0
2020	2023-09-25	3.6	3.6	3.6	3.6	0
2021	2023-09-26	3.6	3.6	3.6	3.6	0
2022	2023-09-27	3.6	3.6	3.6	3.6	0
2023	2023-09-28	3.6	3.6	3.6	3.6	0
2024	2023-09-29	3.6	3.6	3.6	3.6	0
2025	2023-10-02	3.6	3.6	3.6	3.6	0
2026	2023-10-03	3.6	3.6	3.6	3.6	0
2027	2023-10-04	3.6	3.6	3.6	3.6	0
2028	2023-10-05	3.6	3.6	3.6	3.6	0
2029	2023-10-06	3.6	3.6	3.6	3.6	0
2030	2023-10-09	3.6	3.6	3.6	3.6	0
2031	2023-10-10	3.6	3.6	3.6	3.6	0
2032	2023-10-11	3.6	3.6	3.6	3.6	0
2033	2023-10-12	3.6	3.6	3.6	3.6	0
2034	2023-10-13	3.6	3.6	3.6	3.6	0
2035	2023-10-16	3.6	3.6	3.6	3.6	0
2036	2023-10-17	3.6	3.6	3.6	3.6	0
2037	2023-10-18	3.6	3.6	3.6	3.6	0
2038	2023-10-19	3.6	3.6	3.6	3.6	0
2039	2023-10-20	3.6	3.6	3.6	3.6	0
2040	2023-10-23	3.6	3.6	3.6	3.6	0
2041	2023-10-24	3.6	3.6	3.6	3.6	0
2042	2023-10-25	3.6	3.6	3.6	3.6	0
2043	2023-10-26	3.6	3.6	3.6	3.6	0
2044	2023-10-27	3.6	3.6	3.6	3.6	0
2045	2023-10-30	3.6	3.6	3.6	3.6	0
2046	2023-10-31	3.6	3.6	3.6	3.6	0
2047	2023-11-01	3.6	3.6	3.6	3.6	0
2048	2023-11-02	3.6	3.6	3.6	3.6	0
2049	2023-11-03	3.6	3.6	3.6	3.6	0
2050	2023-11-06	3.6	3.6	3.6	3.6	0
2051	2023-11-07	3.6	3.6	3.6	3.6	0
2052	2023-11-08	3.6	3.6	3.6	3.6	0
2053	2023-11-09	3.6	3.6	3.6	3.6	0
2054	2023-11-10	3.6	3.6	3.6	3.6	0
2055	2023-11-13	3.6	3.6	3.6	3.6	0
2056	2023-11-14	3.6	3.6	3.6	3.6	0
2057	2023-11-15	3.6	3.6	3.6	3.6	0
2058	2023-11-16	3.6	3.6	3.6	3.6	0
2059	2023-11-17	3.6	3.6	3.6	3.6	0
2060	2023-11-20	3.6	3.6	3.6	3.6	0
2061	2023-11-21	3.6	3.6	3.6	3.6	0
2062	2023-11-22	3.6	3.6	3.6	3.6	0
2063	2023-11-23	3.6	3.6	3.6	3.6	0
2064	2023-11-24	3.6	3.6	3.6	3.6	0
2065	2023-11-27	3.6	3.6	3.6	3.6	0
2066	2023-11-28	3.6	3.6	3.6	3.6	0
2067	2023-11-29	3.6	3.6	3.6	3.6	0
2068	2023-11-30	3.6	3.6	3.6	3.6	0
2069	2023-12-01	3.6	3.6	3.6	3.6	0
2070	2023-12-04	3.6	3.6	3.6	3.6	0
2071	2023-12-05	3.6	3.6	3.6	3.6	0
2072	2023-12-06	3.6	3.6	3.6	3.6	0
2073	2023-12-07	3.6	3.6	3.6	3.6	0
2074	2023-12-08	3.6	3.6	3.6	3.6	0
2075	2023-12-11	3.6	3.6	3.6	3.6	0
2076	2023-12-12	3.6	3.6	3.6	3.6	0
2077	2023-12-13	3.6	3.6	3.6	3.6	0
2078	2023-12-14	3.6	3.6	3.6	3.6	0
2079	2023-12-15	3.6	3.6	3.6	3.6	0
2080	2023-12-18	3.6	3.6	3.6	3.6	0
2081	2023-12-19	3.6	3.6	3.6	3.6	0
2082	2023-12-20	3.6	3.6	3.6	3.6	0
2083	2023-12-21	3.6	3.6	3.6	3.6	0
2084	2023-12-22	3.6	3.6	3.6	3.6	0
2085	2023-12-25	3.6	3.6	3.6	3.6	0
2086	2023-12-26	3.6	3.6	3.6	3.6	0
2087	2023-12-27	3.6	3.6	3.6	3.6	0
2088	2023-12-28	3.6	3.6	3.6	3.6	0
2089	2023-12-29	3.6	3.6	3.6	3.6	0
2090	2024-01-02	3.6	3.6	3.6	3.6	0
2091	2024-01-03	3.6	3.6	3.6	3.6	0
2092	2024-01-04	3.6	3.6	3.6	3.6	0
2093	2024-01-05	3.6	3.6	3.6	3.6	0
2094	2024-01-08	3.6	3.6	3.6	3.6	0
2095	2024-01-09	3.6	3.6	3.6	3.6	0
2096	2024-01-10	3.6	3.6	3.6	3.6	0
2097	2024-01-11	3.6	3.6	3.6	3.6	0
2098	2024-01-12	3.6	3.6	3.6	3.6	0
2099	2024-01-15	3.6	3.6	3.6	3.6	0
2100	2024-01-16	3.6	3.6	3.6	3.6	0
2101	2024-01-17	3.6	3.6	3.6	3.6	0
2102	2024-01-18	3.6	3.6	3.6	3.6	0
2103	2024-01-19	3.6	3.6	3.6	3.6	0
2104	2024-01-22	3.6	3.6	3.6	3.6	0
2105	2024-01-23	3.6	3.6	3.6	3.6	0
2106	2024-01-24	3.6	3.6	3.6	3.6	0
2107	2024-01-25	3.6	3.6	3.6	3.6	0
2108	2024-01-26	3.6	3.6	3.6	3.6	0
2109	2024-01-29	3.6	3.6	3.6	3.6	0
2110	2024-01-30	3.6	3.6	3.6	3.6	0
2111	2024-01-31	3.6	3.6	3.6	3.6	0
2112	2024-02-01	3.6	3.6	3.6	3.6	0
2113	2024-02-02	3.6	3.6	3.6	3.6	0
2114	2024-02-05	3.6	3.6	3.6	3.6	0
2115	2024-02-06	3.6	3.6	3.6	3.6	0
2116	2024-02-07	3.6	3.6	3.6	3.6	0
2117	2024-02-15	3.6	3.6	3.6	3.6	0
2118	2024-02-16	3.6	3.6	3.6	3.6	0
2119	2024-02-19	3.6	3.6	3.6	3.6	0
2120	2024-02-20	3.6	3.6	3.6	3.6	0
2121	2024-02-21	3.6	3.6	3.6	3.6	0
2122	2024-02-22	3.6	3.6	3.6	3.6	0
2123	2024-02-23	3.6	3.6	3.6	3.6	0
2124	2024-02-26	3.6	3.6	3.6	3.6	0
2125	2024-02-27	3.6	3.6	3.6	3.6	0
2126	2024-02-28	3.6	3.6	3.6	3.6	0
2127	2024-02-29	3.6	3.6	3.6	3.6	0
2128	2024-03-01	3.6	3.6	3.6	3.6	0
2129	2024-03-04	3.6	3.6	3.6	3.6	0
2130	2024-03-05	3.6	3.6	3.6	3.6	0
2131	2024-03-06	3.6	3.6	3.6	3.6	0
2132	2024-03-07	3.6	3.6	3.6	3.6	0
2133	2024-03-08	3.6	3.6	3.6	3.6	0
2134	2024-03-11	3.6	3.6	3.6	3.6	0
2135	2024-03-12	3.6	3.6	3.6	3.6	0
2136	2024-03-13	3.6	3.6	3.6	3.6	0
2137	2024-03-14	3.6	3.6	3.6	3.6	0
2138	2024-03-15	3.6	3.6	3.6	3.6	0
2139	2024-03-18	3.6	3.6	3.6	3.6	0
2140	2024-03-19	3.6	3.6	3.6	3.6	0
2141	2024-03-20	3.6	3.6	3.6	3.6	0
2142	2024-03-21	3.6	3.6	3.6	3.6	0
2143	2024-03-22	3.6	3.6	3.6	3.6	0
2144	2024-03-25	3.6	3.6	3.6	3.6	0
2145	2024-03-26	3.6	3.6	3.6	3.6	0
2146	2024-03-27	3.6	3.6	3.6	3.6	0
2147	2024-03-28	3.6	3.6	3.6	3.6	0
2148	2024-03-29	3.6	3.6	3.6	3.6	0
2149	2024-04-01	3.6	3.6	3.6	3.6	0
2150	2024-04-02	3.6	3.6	3.6	3.6	0
2151	2024-04-03	3.6	3.6	3.6	3.6	0
2152	2024-04-04	3.6	3.6	3.6	3.6	0
2153	2024-04-05	3.6	3.6	3.6	3.6	0
2154	2024-04-08	3.6	3.6	3.6	3.6	0
2155	2024-04-09	3.6	3.6	3.6	3.6	0
2156	2024-04-10	3.6	3.6	3.6	3.6	0
2157	2024-04-11	3.6	3.6	3.6	3.6	0
2158	2024-04-12	3.6	3.6	3.6	3.6	0
2159	2024-04-15	3.6	3.6	3.6	3.6	0
2160	2024-04-16	3.6	3.6	3.6	3.6	0
2161	2024-04-17	3.6	3.6	3.6	3.6	0
2162	2024-04-19	3.6	3.6	3.6	3.6	0
2163	2024-04-22	3.6	3.6	3.6	3.6	0
2164	2024-04-23	3.6	3.6	3.6	3.6	0
2165	2024-04-24	3.6	3.6	3.6	3.6	0
2166	2024-04-25	3.6	3.6	3.6	3.6	0
2167	2024-04-26	3.6	3.6	3.6	3.6	0
2168	2024-05-02	3.6	3.6	3.6	3.6	0
2169	2024-05-03	3.6	3.6	3.6	3.6	0
2170	2024-05-06	3.6	3.6	3.6	3.6	0
2171	2024-05-07	3.6	3.6	3.6	3.6	0
2172	2024-05-08	3.6	3.6	3.6	3.6	0
2173	2024-05-09	3.6	3.6	3.6	3.6	0
2174	2024-05-10	3.6	3.6	3.6	3.6	0
2175	2024-05-13	3.6	3.6	3.6	3.6	0
2176	2024-05-14	3.6	3.6	3.6	3.6	0
2177	2024-05-15	3.6	3.6	3.6	3.6	0
2178	2024-05-16	3.6	3.6	3.6	3.6	0
2179	2024-05-17	3.6	3.6	3.6	3.6	0
2180	2024-05-20	3.6	3.6	3.6	3.6	0
2181	2024-05-21	3.6	3.6	3.6	3.6	0
2182	2024-05-22	3.6	3.6	3.6	3.6	0
2183	2024-05-23	3.6	3.6	3.6	3.6	0
2184	2024-05-24	3.6	3.6	3.6	3.6	0
2185	2024-05-27	3.6	3.6	3.6	3.6	0
2186	2024-05-28	3.6	3.6	3.6	3.6	0
2187	2024-05-29	3.6	3.6	3.6	3.6	0
2188	2024-05-30	3.6	3.6	3.6	3.6	0
2189	2024-05-31	3.6	3.6	3.6	3.6	0
2190	2024-06-03	3.6	3.6	3.6	3.6	0
2191	2024-06-04	3.6	3.6	3.6	3.6	0
2192	2024-06-05	3.6	3.6	3.6	3.6	0
2193	2024-06-06	3.6	3.6	3.6	3.6	0
2194	2024-06-07	3.6	3.6	3.6	3.6	0
2195	2024-06-10	3.6	3.6	3.6	3.6	0
2196	2024-06-11	3.6	3.6	3.6	3.6	0
2197	2024-06-12	3.6	3.6	3.6	3.6	0
2198	2024-06-13	3.6	3.6	3.6	3.6	0
2199	2024-06-14	3.6	3.6	3.6	3.6	0
2200	2024-06-17	3.6	3.6	3.6	3.6	0
2201	2024-06-18	3.6	3.6	3.6	3.6	0
2202	2024-06-19	3.6	3.6	3.6	3.6	0
2203	2024-06-20	3.6	3.6	3.6	3.6	0
2204	2024-06-21	3.6	3.6	3.6	3.6	0
2205	2024-06-24	3.6	3.6	3.6	3.6	0
2206	2024-06-25	3.6	3.6	3.6	3.6	0
2207	2024-06-26	3.6	3.6	3.6	3.6	0
2208	2024-06-27	3.6	3.6	3.6	3.6	0
2209	2024-06-28	3.6	3.6	3.6	3.6	0
2210	2024-07-01	3.6	3.6	3.6	3.6	0
2211	2024-07-02	3.6	3.6	3.6	3.6	0
2212	2024-07-03	3.6	3.6	3.6	3.6	0
2213	2024-07-04	3.6	3.6	3.6	3.6	0
2214	2024-07-05	3.6	3.6	3.6	3.6	0
2215	2024-07-08	3.6	3.6	3.6	3.6	0
2216	2024-07-09	3.6	3.6	3.6	3.6	0
2217	2024-07-10	3.6	3.6	3.6	3.6	0
2218	2024-07-11	3.6	3.6	3.6	3.6	0
2219	2024-07-12	3.6	3.6	3.6	3.6	0
2220	2024-07-15	3.6	3.6	3.6	3.6	0
2221	2024-07-16	3.6	3.6	3.6	3.6	0
2222	2024-07-17	3.6	3.6	3.6	3.6	0
2223	2024-07-18	3.6	3.6	3.6	3.6	0
2224	2024-07-19	3.6	3.6	3.6	3.6	0
2225	2024-07-22	3.6	3.6	3.6	3.6	0
2226	2024-07-23	3.6	3.6	3.6	3.6	0
2227	2024-07-24	3.6	3.6	3.6	3.6	0
2228	2024-07-25	3.6	3.6	3.6	3.6	0
