	time	open	high	low	close	volume
0	2019-09-27	56.0	56.0	56.0	56.0	1300
1	2019-09-30	64.4	64.4	64.4	64.4	180
2	2019-10-01	74.0	74.0	74.0	74.0	6682
3	2019-10-02	85.1	85.1	85.1	85.1	32080
4	2019-10-03	97.8	97.8	85.0	85.0	28893
5	2019-10-04	84.0	84.0	77.4	80.0	25942
6	2019-10-07	67.0	78.0	66.7	66.7	10624
7	2019-10-08	60.5	60.5	57.5	58.0	17952
8	2019-10-09	51.2	59.0	51.0	59.0	13965
9	2019-10-10	59.0	60.0	51.0	60.0	3752
10	2019-10-11	59.0	60.0	57.1	57.1	7258
11	2019-10-14	58.5	60.0	58.0	58.4	3222
12	2019-10-15	56.0	59.0	54.0	59.0	5312
13	2019-10-16	59.0	59.0	53.0	56.0	4333
14	2019-10-17	54.8	57.0	53.0	55.0	4231
15	2019-10-18	53.0	56.0	53.0	53.1	7176
16	2019-10-21	53.5	54.0	52.0	53.0	4588
17	2019-10-22	51.0	51.1	51.0	51.0	3285
18	2019-10-23	51.5	52.5	51.5	52.5	637
19	2019-10-24	52.5	52.8	52.0	52.5	2485
20	2019-10-25	52.5	52.8	52.0	52.5	4223
21	2019-10-28	55.5	58.0	54.3	54.4	715
22	2019-10-29	55.0	55.0	46.9	52.7	3868
23	2019-10-30	51.0	51.5	50.0	51.0	3850
24	2019-10-31	53.0	53.0	48.8	51.0	6660
25	2019-11-01	50.0	50.0	48.5	50.0	6970
26	2019-11-04	53.5	53.5	50.0	50.7	8100
27	2019-11-05	50.0	51.5	50.0	51.5	1651
28	2019-11-06	50.0	51.0	50.0	51.0	1909
29	2019-11-07	50.0	50.0	48.8	49.0	3296
30	2019-11-08	49.0	49.0	48.0	48.2	4880
31	2019-11-11	50.0	50.0	50.0	50.0	150
32	2019-11-12	48.0	49.5	48.0	48.1	4824
33	2019-11-13	50.0	53.0	50.0	51.9	840
34	2019-11-14	48.5	48.5	46.8	46.8	760
35	2019-11-15	52.0	53.0	47.0	48.0	2310
36	2019-11-18	46.6	48.0	45.0	46.0	4610
37	2019-11-19	45.0	46.5	44.0	46.5	3600
38	2019-11-20	45.0	45.5	45.0	45.1	950
39	2019-11-21	46.0	50.0	45.3	45.3	4300
40	2019-11-22	44.0	47.0	44.0	44.5	2000
41	2019-11-25	48.0	49.0	43.0	43.2	4520
42	2019-11-26	46.0	48.0	41.0	44.0	1200
43	2019-11-27	44.0	44.0	41.0	44.0	3150
44	2019-11-28	43.3	43.5	43.2	43.4	4200
45	2019-11-29	42.0	48.0	42.0	48.0	5457
46	2019-12-02	45.0	47.0	43.0	44.2	1600
47	2019-12-03	42.5	45.0	42.2	42.2	1110
48	2019-12-04	46.4	48.0	46.4	48.0	602
49	2019-12-05	43.0	45.3	42.6	45.0	1416
50	2019-12-06	44.0	45.0	44.0	44.8	1500
51	2019-12-09	43.5	45.4	43.5	45.4	1100
52	2019-12-10	44.7	45.5	43.7	44.0	3700
53	2019-12-11	46.0	46.0	46.0	46.0	200
54	2019-12-12	45.9	46.3	45.8	45.8	5800
55	2019-12-13	46.0	46.0	44.9	44.9	3110
56	2019-12-16	46.0	48.5	46.0	46.0	800
57	2019-12-17	46.0	46.4	44.0	46.4	11336
58	2019-12-18	46.0	47.5	44.2	46.0	9060
59	2019-12-19	46.5	47.0	44.0	47.0	13415
60	2019-12-20	46.3	48.5	46.3	48.5	16800
61	2019-12-23	49.0	49.0	47.0	47.9	13800
62	2019-12-24	47.5	49.9	47.5	49.9	28897
63	2019-12-25	48.7	52.0	48.7	52.0	27932
64	2019-12-26	52.0	53.5	52.0	53.0	18970
65	2019-12-27	51.8	53.1	51.3	51.7	13577
66	2019-12-30	51.5	52.0	51.5	52.0	8000
67	2019-12-31	51.5	52.5	51.0	52.5	19600
68	2020-01-02	52.0	53.5	52.0	53.0	11410
69	2020-01-03	53.0	53.0	52.0	53.0	8500
70	2020-01-06	50.5	52.0	50.0	51.0	7710
71	2020-01-07	43.1	51.5	43.1	51.0	6650
72	2020-01-08	50.0	51.5	49.0	51.2	11400
73	2020-01-09	50.0	52.0	49.5	50.0	7210
74	2020-01-10	49.6	50.0	49.0	49.9	657
75	2020-01-13	50.0	53.0	49.5	53.0	36018
76	2020-01-14	53.5	54.9	53.5	54.9	32410
77	2020-01-15	54.9	55.0	54.2	54.5	16214
78	2020-01-16	54.8	54.8	53.1	53.2	9508
79	2020-01-17	54.0	54.8	53.8	54.1	10714
80	2020-01-20	54.3	54.5	51.0	52.5	21838
81	2020-01-21	51.5	52.4	48.0	49.9	16399
82	2020-01-22	48.5	53.0	48.5	52.0	8700
83	2020-01-30	52.0	52.8	46.5	51.0	8341
84	2020-01-31	50.8	50.8	44.1	48.9	10750
85	2020-02-03	44.1	48.3	41.7	47.4	15650
86	2020-02-04	46.8	46.8	44.0	45.0	5970
87	2020-02-05	45.4	45.4	42.0	44.9	2600
88	2020-02-06	45.5	45.5	43.5	44.0	4571
89	2020-02-07	44.0	44.8	41.0	44.8	9820
90	2020-02-10	43.5	49.8	42.1	47.8	5008
91	2020-02-11	46.0	47.0	43.0	46.0	6201
92	2020-02-12	45.9	45.9	43.3	45.3	2410
93	2020-02-13	44.4	45.1	43.5	44.7	5200
94	2020-02-14	44.4	48.9	44.4	45.6	5929
95	2020-02-17	45.5	45.5	43.0	44.9	1400
96	2020-02-18	44.8	44.8	43.0	43.5	2500
97	2020-02-19	42.5	43.9	41.1	43.9	4133
98	2020-02-20	45.5	45.5	43.4	44.5	3618
99	2020-02-21	43.9	43.9	42.1	42.5	5177
100	2020-02-24	40.7	42.8	40.7	41.8	9600
101	2020-02-25	42.6	42.6	40.8	41.5	7448
102	2020-02-26	42.3	43.2	42.3	43.0	23202
103	2020-02-27	42.2	43.5	42.2	43.5	2700
104	2020-02-28	45.0	49.0	43.0	43.3	3309
105	2020-03-02	43.8	43.8	42.0	43.4	4800
106	2020-03-03	43.4	43.5	42.7	43.0	7300
107	2020-03-04	44.5	44.8	42.0	42.0	5800
108	2020-03-05	45.0	45.0	41.5	43.4	5912
109	2020-03-06	43.0	43.0	42.0	42.5	7500
110	2020-03-09	41.8	43.0	41.0	42.3	6423
111	2020-03-10	35.9	42.5	35.9	41.0	8063
112	2020-03-11	42.0	42.0	40.0	41.9	5870
113	2020-03-12	41.0	41.8	40.0	41.8	11711
114	2020-03-13	40.5	41.7	39.5	39.5	12400
115	2020-03-16	41.0	41.5	40.5	40.5	2900
116	2020-03-17	41.2	41.9	39.3	40.6	4300
117	2020-03-18	41.0	41.3	39.0	40.9	6770
118	2020-03-19	41.0	41.0	39.0	40.4	5809
119	2020-03-20	38.9	39.5	38.3	38.8	3600
120	2020-03-23	38.0	38.0	35.2	37.4	4310
121	2020-03-24	39.9	40.0	37.0	37.0	400
122	2020-03-25	39.7	39.7	37.8	37.9	650
123	2020-03-26	42.0	42.0	37.7	37.8	800
124	2020-03-27	42.5	42.5	42.5	42.5	500
125	2020-03-30	45.0	45.5	37.0	38.7	1400
126	2020-03-31	41.9	46.2	38.0	38.0	1800
127	2020-04-01	42.0	42.0	42.0	42.0	100
128	2020-04-03	45.0	45.0	38.0	39.5	1920
129	2020-04-06	43.2	43.2	39.0	40.0	8600
130	2020-04-07	40.0	40.0	39.0	39.0	1450
131	2020-04-08	43.6	43.6	39.0	39.0	3300
132	2020-04-09	41.0	44.0	38.6	38.6	1500
133	2020-04-10	42.0	43.4	39.0	39.5	1500
134	2020-04-13	44.5	44.5	38.5	39.4	5100
135	2020-04-14	43.2	43.2	38.5	38.5	8100
136	2020-04-15	42.8	43.0	39.2	39.5	3638
137	2020-04-16	44.0	44.0	38.5	39.5	11300
138	2020-04-17	41.5	43.0	39.5	40.0	11600
139	2020-04-20	42.5	42.5	39.8	40.8	12390
140	2020-04-21	42.4	43.5	40.5	40.8	11061
141	2020-04-22	40.8	42.5	40.8	41.6	7524
142	2020-04-23	41.6	42.2	40.9	41.0	9630
143	2020-04-24	43.0	43.0	40.0	41.4	4631
144	2020-04-27	40.0	41.0	39.0	40.2	9100
145	2020-04-28	42.0	43.0	40.0	40.0	500
146	2020-04-29	43.0	43.0	39.2	40.0	16450
147	2020-05-04	41.9	41.9	38.7	39.6	8200
148	2020-05-05	41.4	41.4	39.0	39.0	3100
149	2020-05-06	39.8	39.8	38.0	38.0	12600
150	2020-05-07	41.0	42.0	38.5	38.5	10140
151	2020-05-08	40.9	40.9	38.8	38.8	14312
152	2020-05-11	39.8	39.8	39.4	39.5	16400
153	2020-05-12	41.4	41.4	39.0	39.5	31000
154	2020-05-13	40.5	40.5	39.3	39.3	16400
155	2020-05-14	40.6	40.6	39.0	39.0	12210
156	2020-05-15	39.8	39.8	38.7	38.8	8200
157	2020-05-18	38.9	39.0	38.4	38.4	6410
158	2020-05-19	40.0	40.0	38.4	38.5	38800
159	2020-05-20	39.0	39.4	38.5	38.9	11298
160	2020-05-21	39.0	39.0	38.0	38.4	19360
161	2020-05-22	39.5	39.5	38.1	38.1	10990
162	2020-05-25	38.1	38.5	37.9	38.2	6850
163	2020-05-26	38.5	38.5	37.8	38.2	16200
164	2020-05-27	38.2	38.4	38.0	38.0	8862
165	2020-05-28	38.2	38.2	38.0	38.1	5540
166	2020-05-29	38.0	38.0	37.7	37.7	2910
167	2020-06-01	38.0	38.0	37.2	37.5	5952
168	2020-06-02	37.3	37.4	36.0	37.0	15740
169	2020-06-03	36.4	36.5	36.3	36.5	4983
170	2020-06-04	36.5	38.0	36.5	37.9	14052
171	2020-06-05	38.0	40.0	37.9	40.0	46050
172	2020-06-08	40.0	44.0	40.0	43.1	49509
173	2020-06-09	43.9	44.0	42.1	43.0	23013
174	2020-06-10	43.5	43.5	40.0	42.1	18840
175	2020-06-11	44.0	44.0	40.0	40.1	11152
176	2020-06-12	39.5	39.6	37.0	39.0	23350
177	2020-06-15	39.0	39.5	37.5	37.8	10467
178	2020-06-16	37.5	38.9	37.5	38.8	23360
179	2020-06-17	38.5	38.9	38.3	38.3	6510
180	2020-06-18	38.8	39.5	38.5	39.0	11010
181	2020-06-19	38.7	39.3	38.7	39.0	15055
182	2020-06-22	38.8	38.8	37.5	38.1	4848
183	2020-06-23	38.5	40.0	37.8	38.5	19140
184	2020-06-24	39.0	39.0	37.0	38.5	19498
185	2020-06-25	39.5	40.0	37.4	38.1	1910
186	2020-06-26	39.0	41.0	37.0	38.5	26110
187	2020-06-29	37.5	38.4	37.0	37.0	2110
188	2020-06-30	38.6	38.6	36.0	37.5	10369
189	2020-07-01	37.3	37.5	36.0	37.0	12413
190	2020-07-02	37.0	37.8	36.8	36.8	4000
191	2020-07-03	40.0	40.5	37.0	37.0	5497
192	2020-07-06	40.0	40.0	36.5	37.5	18748
193	2020-07-07	39.2	40.0	36.5	37.0	13645
194	2020-07-08	39.9	40.0	36.7	37.2	6791
195	2020-07-09	37.0	37.4	36.0	37.0	19700
196	2020-07-10	36.9	36.9	36.0	36.5	21113
197	2020-07-13	36.1	37.0	35.8	36.8	21514
198	2020-07-14	38.6	39.8	36.0	36.6	13806
199	2020-07-15	36.0	36.9	35.8	36.7	14000
200	2020-07-16	36.8	36.8	35.7	36.5	12600
201	2020-07-17	36.5	36.8	36.0	36.8	25670
202	2020-07-20	36.9	36.9	35.8	36.6	8634
203	2020-07-21	36.8	37.0	36.5	36.6	1200
204	2020-07-22	37.9	38.1	36.1	36.4	10031
205	2020-07-23	36.0	36.6	35.0	35.0	5800
206	2020-07-24	35.3	35.3	30.5	31.5	28126
207	2020-07-27	31.0	31.0	28.1	28.1	14515
208	2020-07-28	24.1	28.8	24.1	28.8	40680
209	2020-07-29	28.3	29.5	26.0	26.4	31670
210	2020-07-30	26.0	28.1	26.0	28.1	19000
211	2020-07-31	27.2	28.1	26.9	28.1	20360
212	2020-08-03	28.9	30.0	28.1	28.4	23310
213	2020-08-04	30.9	30.9	24.9	30.0	19150
214	2020-08-05	31.9	31.9	28.5	29.8	8760
215	2020-08-06	31.5	33.5	29.0	30.5	8660
216	2020-08-07	30.9	30.9	28.0	28.5	29610
217	2020-08-10	29.3	30.9	28.8	30.0	25620
218	2020-08-11	31.0	31.0	29.0	30.1	10100
219	2020-08-12	29.0	30.0	28.0	29.0	58295
220	2020-08-13	30.9	30.9	28.9	29.6	29630
221	2020-08-14	29.6	30.6	29.5	30.6	31754
222	2020-08-17	29.7	30.0	29.0	29.2	8440
223	2020-08-18	31.6	31.6	29.0	29.6	23600
224	2020-08-19	31.6	32.0	29.0	29.7	28210
225	2020-08-20	31.5	31.5	28.5	29.5	20912
226	2020-08-21	32.4	32.4	29.1	31.0	35833
227	2020-08-24	30.4	31.0	29.5	30.9	28282
228	2020-08-25	30.0	30.8	30.0	30.8	39913
229	2020-08-26	30.9	31.5	30.6	31.5	27729
230	2020-08-27	31.4	33.0	31.0	33.0	48105
231	2020-08-28	32.5	33.7	31.5	33.5	73575
232	2020-08-31	33.5	36.0	33.5	35.9	74687
233	2020-09-01	36.0	36.8	36.0	36.2	52535
234	2020-09-03	36.2	36.2	34.7	35.6	51746
235	2020-09-04	35.0	36.0	33.0	35.4	18240
236	2020-09-07	35.4	36.0	35.1	35.5	20304
237	2020-09-08	35.3	35.5	34.6	35.5	24819
238	2020-09-09	34.9	36.0	34.0	35.8	37799
239	2020-09-10	35.0	36.1	35.0	35.8	28240
240	2020-09-11	36.0	36.5	35.8	36.5	56590
241	2020-09-14	36.0	37.3	36.0	37.0	57140
242	2020-09-15	37.1	38.2	37.0	37.6	81202
243	2020-09-16	37.8	38.3	37.6	37.9	42170
244	2020-09-17	37.7	38.1	37.3	37.9	21620
245	2020-09-18	37.6	38.0	37.0	37.6	49480
246	2020-09-21	37.4	37.4	36.9	37.4	46950
247	2020-09-22	37.2	37.6	37.0	37.3	30305
248	2020-09-23	37.3	38.0	36.9	37.3	34624
249	2020-09-24	37.3	37.6	36.9	37.5	9640
250	2020-09-25	37.2	37.5	36.3	36.7	22120
251	2020-09-28	35.6	37.0	35.6	37.0	14521
252	2020-09-29	36.5	37.0	36.0	36.6	11250
253	2020-09-30	36.3	36.4	35.4	36.4	40300
254	2020-10-01	36.0	36.5	35.9	36.3	14050
255	2020-10-02	36.3	37.5	36.1	36.5	63459
256	2020-10-05	36.3	37.0	36.3	36.8	5500
257	2020-10-06	36.5	36.9	35.9	36.3	14500
258	2020-10-07	36.1	36.5	35.7	36.2	13100
259	2020-10-08	36.0	36.6	35.5	36.1	31900
260	2020-10-09	36.1	36.5	35.8	35.9	10500
261	2020-10-12	35.8	36.2	35.4	35.4	9200
262	2020-10-13	35.7	36.3	35.1	36.2	21400
263	2020-10-14	35.0	36.2	35.0	36.0	8000
264	2020-10-15	35.8	36.0	35.1	35.1	10000
265	2020-10-16	35.3	37.0	35.1	37.0	60400
266	2020-10-19	36.5	37.0	36.0	36.8	73600
267	2020-10-20	36.8	37.0	36.1	36.6	13200
268	2020-10-21	36.5	36.8	36.0	36.5	14400
269	2020-10-22	36.0	36.5	35.7	36.5	13300
270	2020-10-23	36.0	36.4	35.8	36.4	8000
271	2020-10-26	36.4	36.4	35.4	36.2	5200
272	2020-10-27	36.5	36.5	34.9	36.0	17900
273	2020-10-28	35.8	37.5	35.2	35.9	11800
274	2020-10-29	34.5	35.5	33.9	35.4	11200
275	2020-10-30	35.5	36.5	35.1	35.9	19900
276	2020-11-02	35.9	36.2	35.0	35.8	14700
277	2020-11-03	35.8	35.9	34.7	35.4	11600
278	2020-11-04	35.4	35.9	35.4	35.5	5600
279	2020-11-05	35.7	35.8	34.3	35.4	15700
280	2020-11-06	35.0	35.5	33.6	35.4	7200
281	2020-11-09	34.2	35.0	33.9	35.0	26500
282	2020-11-10	36.0	36.2	35.5	36.0	103100
283	2020-11-11	36.2	37.0	35.5	36.0	54900
284	2020-11-12	35.7	36.0	35.0	36.0	34100
285	2020-11-13	34.9	35.5	34.7	35.5	28600
286	2020-11-16	35.5	35.5	34.4	34.9	22800
287	2020-11-17	35.3	35.4	34.5	34.9	15600
288	2020-11-18	35.1	35.2	34.0	35.2	18100
289	2020-11-19	34.9	35.2	34.0	34.8	44700
290	2020-11-20	35.0	36.0	34.0	36.0	51700
291	2020-11-23	35.5	35.5	34.4	34.9	35300
292	2020-11-24	35.0	35.0	34.0	34.2	45100
293	2020-11-25	35.0	35.0	34.0	34.0	40700
294	2020-11-26	34.0	34.5	34.0	34.5	31300
295	2020-11-27	34.2	34.9	33.9	34.2	20400
296	2020-11-30	34.3	34.4	34.0	34.4	16100
297	2020-12-01	33.5	35.0	33.5	34.6	64600
298	2020-12-02	34.5	34.9	33.4	33.5	18900
299	2020-12-03	33.4	34.0	33.3	34.0	13700
300	2020-12-04	34.0	34.0	33.4	34.0	17200
301	2020-12-07	34.5	37.4	34.5	37.2	148900
302	2020-12-08	37.2	40.0	37.2	39.0	112800
303	2020-12-09	39.0	39.0	36.6	36.9	44400
304	2020-12-10	37.0	37.5	35.8	37.5	98000
305	2020-12-11	37.3	37.3	36.4	37.0	27840
306	2020-12-14	37.0	38.0	37.0	37.9	74929
307	2020-12-15	37.7	38.5	37.7	38.0	97053
308	2020-12-16	38.5	38.5	37.5	37.7	52601
309	2020-12-17	38.0	38.0	37.0	37.9	27800
310	2020-12-18	38.0	38.0	36.8	37.5	36732
311	2020-12-21	37.5	37.5	36.7	37.3	55091
312	2020-12-22	37.3	37.5	36.4	37.5	86940
313	2020-12-23	37.9	38.0	36.5	37.0	46740
314	2020-12-24	37.3	37.8	36.3	37.4	41000
315	2020-12-25	37.2	37.7	36.9	37.5	69797
316	2020-12-28	37.2	39.0	37.2	38.0	135071
317	2020-12-29	38.0	38.3	37.5	37.8	54584
318	2020-12-30	37.9	38.3	37.6	38.2	129132
319	2020-12-31	38.1	38.7	37.8	38.5	122496
320	2021-01-04	38.4	39.0	38.3	38.3	57560
321	2021-01-05	38.4	38.9	37.9	38.8	117123
322	2021-01-06	38.9	38.9	37.7	38.3	81064
323	2021-01-07	38.2	38.2	37.5	38.1	49014
324	2021-01-08	38.0	38.3	37.5	38.3	83360
325	2021-01-11	38.0	38.5	37.9	38.4	94501
326	2021-01-12	38.2	38.5	37.8	38.3	66102
327	2021-01-13	38.2	38.6	38.0	38.5	102645
328	2021-01-14	38.5	38.6	38.0	38.5	74600
329	2021-01-15	38.2	40.6	38.2	40.5	228644
330	2021-01-18	39.7	41.2	39.7	40.9	87559
331	2021-01-19	40.9	43.0	38.4	41.0	95264
332	2021-01-20	40.4	40.8	38.0	39.8	113260
333	2021-01-21	39.1	40.3	39.1	40.0	53702
334	2021-01-22	40.0	40.2	39.5	39.9	55105
335	2021-01-25	39.8	40.0	38.5	39.5	62884
336	2021-01-26	39.5	39.9	37.1	38.8	70449
337	2021-01-27	38.0	38.2	36.5	37.0	75802
338	2021-01-28	36.5	36.5	31.7	35.0	113036
339	2021-01-29	33.5	37.5	33.5	37.1	46604
340	2021-02-01	37.1	37.1	34.6	35.1	20422
341	2021-02-02	36.9	37.9	34.0	36.8	43480
342	2021-02-03	35.0	36.7	34.7	35.7	27252
343	2021-02-04	35.0	35.7	34.5	35.4	15691
344	2021-02-05	34.9	35.5	34.7	35.0	29221
345	2021-02-08	34.6	34.6	33.0	34.0	53277
346	2021-02-09	33.7	36.0	33.0	36.0	56627
347	2021-02-17	36.0	38.8	35.0	36.6	25813
348	2021-02-18	36.5	36.5	35.7	36.3	22396
349	2021-02-19	36.0	36.7	35.4	36.5	42386
350	2021-02-22	36.5	37.8	35.8	37.0	96595
351	2021-02-23	37.0	37.5	36.5	37.3	55967
352	2021-02-24	37.1	37.6	36.8	37.4	88390
353	2021-02-25	37.1	37.5	36.8	37.5	81912
354	2021-02-26	37.0	37.6	36.9	37.6	61505
355	2021-03-01	37.7	38.0	37.4	37.6	44674
356	2021-03-02	37.6	38.0	37.4	37.7	64520
357	2021-03-03	38.0	38.0	37.5	38.0	60797
358	2021-03-04	37.9	38.0	37.3	37.8	46040
359	2021-03-05	37.7	38.8	37.0	38.6	113290
360	2021-03-08	38.7	40.2	38.6	39.7	151131
361	2021-03-09	39.7	40.0	39.4	39.8	92300
362	2021-03-10	40.0	40.2	39.4	39.7	58638
363	2021-03-11	39.7	39.9	38.8	39.1	37418
364	2021-03-12	39.0	39.8	38.5	39.4	66857
365	2021-03-15	38.9	39.9	38.9	39.3	57355
366	2021-03-16	39.5	39.8	38.5	38.8	40625
367	2021-03-17	38.6	39.5	38.5	39.0	91410
368	2021-03-18	39.0	39.3	38.6	38.9	79800
369	2021-03-19	38.8	39.1	38.3	39.1	79335
370	2021-03-22	39.2	41.9	39.0	41.3	293792
371	2021-03-23	41.0	43.0	41.0	42.5	193471
372	2021-03-24	42.5	42.5	41.0	42.0	87582
373	2021-03-25	42.5	42.5	40.1	40.8	103207
374	2021-03-26	40.5	41.0	38.0	41.0	180903
375	2021-03-29	41.0	42.5	40.5	41.2	74606
376	2021-03-30	41.2	41.9	40.9	41.4	35150
377	2021-03-31	41.0	41.5	40.2	41.0	108011
378	2021-04-01	41.0	41.2	40.5	41.2	81033
379	2021-04-02	45.9	45.9	40.8	41.5	58489
380	2021-04-05	41.5	41.5	40.5	41.2	80920
381	2021-04-06	40.8	41.2	40.5	40.8	74710
382	2021-04-07	40.8	41.3	40.6	41.0	64464
383	2021-04-08	41.0	41.4	40.9	41.1	27822
384	2021-04-09	41.1	41.1	40.7	40.7	50806
385	2021-04-12	40.8	41.0	40.0	40.9	110292
386	2021-04-13	40.9	40.9	40.0	40.5	53349
387	2021-04-14	40.3	40.3	39.1	39.9	83600
388	2021-04-15	40.0	40.0	39.0	39.3	88979
389	2021-04-16	39.0	39.0	38.3	39.0	65000
390	2021-04-19	38.5	40.6	38.5	38.8	26047
391	2021-04-20	39.1	39.3	38.6	39.3	26350
392	2021-04-22	39.5	39.5	38.6	38.8	19110
393	2021-04-23	38.8	39.0	37.8	38.5	16500
394	2021-04-26	38.5	38.5	36.9	37.4	45424
395	2021-04-27	37.3	37.3	35.9	36.3	36162
396	2021-04-28	36.3	36.3	35.7	36.0	27000
397	2021-04-29	36.0	37.0	35.5	37.0	70510
398	2021-05-04	35.6	35.6	33.9	35.3	46625
399	2021-05-05	34.4	35.8	34.3	35.1	56261
400	2021-05-06	34.8	35.7	34.8	35.6	62155
401	2021-05-07	35.3	35.3	34.8	35.0	49962
402	2021-05-10	34.8	34.8	33.8	34.3	58350
403	2021-05-11	34.5	36.0	34.0	35.0	75757
404	2021-05-12	35.0	35.4	34.8	35.2	36520
405	2021-05-13	35.1	35.4	34.7	35.0	20200
406	2021-05-14	35.3	35.6	34.0	35.1	41120
407	2021-05-17	34.6	34.6	33.6	34.2	37300
408	2021-05-18	34.9	35.0	33.4	33.9	23933
409	2021-05-19	34.1	34.3	33.0	34.2	51707
410	2021-05-20	33.6	33.9	32.7	33.4	55568
411	2021-05-21	33.1	34.0	31.8	34.0	77906
412	2021-05-24	32.4	33.5	32.4	33.4	38804
413	2021-05-25	33.4	33.4	32.4	32.6	7526
414	2021-05-26	32.8	33.4	32.4	33.4	26130
415	2021-05-27	32.6	33.4	32.3	32.9	16500
416	2021-05-28	32.7	32.8	32.0	32.7	27058
417	2021-05-31	32.4	32.4	30.1	30.9	58671
418	2021-06-01	31.2	31.2	29.9	30.7	59860
419	2021-06-02	30.1	30.6	29.5	30.0	33900
420	2021-06-03	30.0	31.9	30.0	31.9	55550
421	2021-06-04	32.1	32.9	32.1	32.5	65282
422	2021-06-07	32.7	33.0	31.5	32.6	40403
423	2021-06-08	32.2	33.0	32.1	32.5	78795
424	2021-06-09	32.5	32.5	32.2	32.5	16810
425	2021-06-10	32.5	32.9	32.3	32.4	19100
426	2021-06-11	32.6	32.6	32.2	32.5	28612
427	2021-06-14	32.9	33.5	32.3	32.8	148320
428	2021-06-15	32.8	33.3	32.1	32.7	27170
429	2021-06-16	33.2	33.3	32.7	32.7	36100
430	2021-06-17	32.7	32.9	32.1	32.9	37833
431	2021-06-18	32.5	32.8	32.2	32.6	35330
432	2021-06-21	32.5	32.9	32.4	32.8	30832
433	2021-06-22	32.8	33.7	32.5	33.3	91050
434	2021-06-23	33.4	34.5	33.4	34.0	89610
435	2021-06-24	33.9	34.5	33.7	34.0	43600
436	2021-06-25	34.1	36.0	34.0	36.0	108761
437	2021-06-28	35.8	36.5	34.8	35.2	47489
438	2021-06-29	35.2	36.0	34.5	35.2	28912
439	2021-06-30	34.8	35.4	34.0	34.7	51350
440	2021-07-01	34.2	34.8	33.8	34.2	24600
441	2021-07-02	34.5	34.8	33.3	33.8	41800
442	2021-07-05	34.0	34.0	32.7	33.0	36869
443	2021-07-06	33.5	33.6	32.2	32.6	46000
444	2021-07-07	32.2	32.2	31.0	32.0	34900
445	2021-07-08	31.6	32.0	31.6	32.0	6812
446	2021-07-09	32.0	32.1	30.9	31.5	34824
447	2021-07-12	31.1	31.1	29.5	30.0	57900
448	2021-07-13	30.8	31.0	30.4	31.0	21801
449	2021-07-14	31.0	31.5	30.6	30.9	7500
450	2021-07-15	30.7	30.9	30.5	30.9	12800
451	2021-07-16	30.9	31.0	30.5	31.0	21600
452	2021-07-19	30.4	30.8	29.8	29.8	27800
453	2021-07-20	30.3	30.4	29.7	30.0	13720
454	2021-07-21	29.9	30.8	29.6	30.0	36713
455	2021-07-22	30.3	30.3	29.8	30.2	13020
456	2021-07-23	29.8	30.3	29.8	30.1	20900
457	2021-07-26	30.0	30.1	29.5	30.1	48200
458	2021-07-27	29.7	30.1	29.7	30.1	43000
459	2021-07-28	30.1	30.1	29.7	30.1	28200
460	2021-07-29	30.0	30.1	30.0	30.1	12200
461	2021-07-30	30.2	30.3	29.9	30.3	54400
462	2021-08-02	30.5	31.5	30.1	31.0	30421
463	2021-08-03	30.8	30.8	30.1	30.5	24470
464	2021-08-04	30.5	30.6	30.1	30.1	9200
465	2021-08-05	30.1	30.8	30.0	30.7	47030
466	2021-08-06	30.3	31.0	30.3	30.5	31873
467	2021-08-09	30.4	30.7	30.4	30.5	19501
468	2021-08-10	30.5	30.7	30.3	30.7	20220
469	2021-08-11	30.6	31.5	30.6	30.9	41387
470	2021-08-12	30.9	31.0	30.5	31.0	12100
471	2021-08-13	31.0	31.0	30.5	31.0	16200
472	2021-08-16	31.0	31.0	30.6	30.7	21840
473	2021-08-17	30.7	30.7	30.5	30.7	25634
474	2021-08-18	30.6	30.6	30.4	30.6	16400
475	2021-08-19	30.4	30.6	30.0	30.0	22600
476	2021-08-20	30.1	30.5	29.9	30.0	28700
477	2021-08-23	30.0	30.0	29.8	30.0	15100
478	2021-08-24	30.0	30.5	29.8	30.3	33700
479	2021-08-25	30.3	30.3	29.7	30.0	14000
480	2021-08-26	30.2	30.3	30.0	30.0	25900
481	2021-08-27	30.0	30.2	29.9	30.2	12100
482	2021-08-30	30.2	30.2	29.9	30.2	26925
483	2021-08-31	30.1	30.3	29.9	30.1	7700
484	2021-09-01	30.0	30.2	29.8	30.1	34184
485	2021-09-06	30.0	31.2	30.0	31.0	100855
486	2021-09-07	31.2	33.5	31.2	32.5	61839
487	2021-09-08	32.2	32.4	31.1	32.0	16800
488	2021-09-09	31.6	33.9	31.5	33.9	155968
489	2021-09-10	33.8	35.0	33.7	34.0	71912
490	2021-09-13	34.0	36.3	34.0	36.0	127019
491	2021-09-14	35.9	36.0	34.2	34.8	61002
492	2021-09-15	34.2	36.0	34.0	35.2	80302
493	2021-09-16	36.0	36.0	34.5	34.8	38823
494	2021-09-17	34.6	35.0	34.3	34.7	51598
495	2021-09-20	34.8	35.0	33.6	33.6	84480
496	2021-09-21	33.6	34.0	33.6	33.8	67312
497	2021-09-22	34.0	34.4	33.8	34.0	39362
498	2021-09-23	34.0	35.2	34.0	34.2	22050
499	2021-09-24	34.4	34.4	33.5	34.0	27900
500	2021-09-27	34.0	34.0	33.5	33.5	20707
501	2021-09-28	33.7	34.0	33.7	34.0	22700
502	2021-09-29	34.0	34.0	33.7	33.9	15700
503	2021-09-30	34.0	34.5	33.8	34.5	13100
504	2021-10-01	35.0	35.4	34.6	34.6	29870
505	2021-10-04	35.0	35.0	34.5	34.7	19547
506	2021-10-05	35.0	35.0	34.5	34.5	15325
507	2021-10-06	34.5	35.2	34.3	35.0	21969
508	2021-10-07	34.6	35.0	34.6	34.6	25926
509	2021-10-08	34.8	34.8	34.5	34.6	12100
510	2021-10-11	35.0	35.6	34.5	35.6	49620
511	2021-10-12	35.5	36.0	35.5	36.0	55207
512	2021-10-13	36.0	36.7	36.0	36.4	62638
513	2021-10-14	36.9	36.9	36.2	36.6	52900
514	2021-10-15	36.4	37.8	36.4	37.5	68000
515	2021-10-18	37.3	40.1	37.3	39.0	150701
516	2021-10-19	38.9	38.9	38.0	38.4	41200
517	2021-10-20	38.5	38.5	38.0	38.0	34421
518	2021-10-21	38.0	38.9	38.0	38.1	50103
519	2021-10-22	38.2	38.2	37.0	37.6	28904
520	2021-10-25	37.8	37.8	36.4	37.0	69800
521	2021-10-26	36.4	36.8	36.3	36.5	32000
522	2021-10-27	37.0	37.0	36.0	36.3	87500
523	2021-10-28	36.2	36.8	36.0	36.2	43000
524	2021-10-29	36.3	36.4	36.1	36.1	30000
525	2021-11-01	36.3	36.7	36.2	36.4	22776
526	2021-11-02	36.3	36.5	36.1	36.4	42770
527	2021-11-03	36.4	36.7	36.3	36.3	49850
528	2021-11-04	36.4	36.6	36.1	36.1	36931
529	2021-11-05	36.2	36.5	35.3	36.5	84400
530	2021-11-08	36.3	36.3	35.8	35.9	37760
531	2021-11-09	35.9	35.9	35.5	35.6	31613
532	2021-11-10	35.8	35.8	34.7	35.5	37533
533	2021-11-11	35.1	35.5	34.9	35.2	34100
534	2021-11-12	35.1	35.5	34.9	35.2	34500
535	2021-11-15	35.1	36.2	35.0	36.0	73401
536	2021-11-16	36.4	36.4	35.6	36.0	20134
537	2021-11-17	36.1	36.5	35.7	36.2	17400
538	2021-11-18	36.3	36.7	36.0	36.6	67700
539	2021-11-19	36.4	36.6	35.6	36.2	53300
540	2021-11-22	36.4	37.0	35.9	36.3	28800
541	2021-11-23	36.5	36.6	35.8	36.6	26510
542	2021-11-24	36.5	36.5	36.1	36.3	21400
543	2021-11-25	36.3	36.9	35.4	36.3	71055
544	2021-11-26	36.3	36.3	35.5	36.0	32034
545	2021-11-29	35.5	35.5	33.9	34.5	101220
546	2021-11-30	34.4	35.5	33.0	33.5	32705
547	2021-12-01	33.5	34.5	32.7	34.2	62070
548	2021-12-02	32.3	34.0	32.1	33.5	10400
549	2021-12-03	33.5	33.5	33.5	33.5	0
550	2021-12-06	33.5	33.5	33.5	33.5	0
551	2021-12-07	33.5	33.5	33.5	33.5	0
552	2021-12-08	33.5	33.5	33.5	33.5	0
553	2021-12-09	33.5	33.5	33.5	33.5	0
554	2021-12-10	33.2	33.2	29.0	33.0	72558
555	2021-12-13	31.7	31.7	31.7	31.7	0
556	2021-12-14	31.7	31.7	31.7	31.7	0
557	2021-12-15	31.7	31.7	31.7	31.7	0
558	2021-12-16	31.7	31.7	31.7	31.7	0
559	2021-12-17	31.7	31.7	27.0	30.3	231940
560	2021-12-20	29.8	29.8	29.8	29.8	0
561	2021-12-21	29.8	29.8	29.8	29.8	0
562	2021-12-22	29.8	29.8	29.8	29.8	0
563	2021-12-23	29.8	29.8	29.8	29.8	0
564	2021-12-24	29.7	29.8	27.9	29.0	106977
565	2021-12-27	28.4	28.4	28.4	28.4	0
566	2021-12-28	28.4	28.4	28.4	28.4	0
567	2021-12-29	28.4	28.4	28.4	28.4	0
568	2021-12-30	28.4	28.4	28.4	28.4	0
569	2021-12-31	28.4	29.9	28.1	29.9	53941
570	2022-01-04	29.1	29.1	29.1	29.1	0
571	2022-01-05	29.1	29.1	29.1	29.1	0
572	2022-01-06	29.1	29.1	29.1	29.1	0
573	2022-01-07	29.9	33.4	29.5	33.3	135851
574	2022-01-10	31.7	31.7	31.7	31.7	0
575	2022-01-11	31.7	31.7	31.7	31.7	0
576	2022-01-12	31.7	31.7	31.7	31.7	0
577	2022-01-13	31.7	31.7	31.7	31.7	0
578	2022-01-14	31.5	33.9	31.5	32.5	42110
579	2022-01-17	32.3	32.3	32.3	32.3	0
580	2022-01-18	32.3	32.3	32.3	32.3	0
581	2022-01-19	32.3	32.3	32.3	32.3	0
582	2022-01-20	32.3	32.3	32.3	32.3	0
583	2022-01-21	32.2	33.0	30.5	31.5	53600
584	2022-01-24	31.1	31.1	31.1	31.1	0
585	2022-01-25	31.1	31.1	31.1	31.1	0
586	2022-01-26	31.1	31.1	31.1	31.1	0
587	2022-01-27	31.1	31.1	31.1	31.1	0
588	2022-01-28	32.9	33.0	30.8	33.0	44262
589	2022-02-07	31.8	31.8	31.8	31.8	0
590	2022-02-08	31.8	31.8	31.8	31.8	0
591	2022-02-09	31.8	31.8	31.8	31.8	0
592	2022-02-10	31.8	31.8	31.8	31.8	0
593	2022-02-11	35.0	36.1	34.0	35.2	108175
594	2022-02-14	35.1	35.1	35.1	35.1	0
595	2022-02-15	35.1	35.1	35.1	35.1	0
596	2022-02-16	35.1	35.1	35.1	35.1	0
597	2022-02-17	35.1	35.1	35.1	35.1	0
598	2022-02-18	35.2	38.9	35.2	38.1	213953
599	2022-02-21	38.0	38.0	38.0	38.0	0
600	2022-02-22	38.0	38.0	38.0	38.0	0
601	2022-02-23	38.0	38.0	38.0	38.0	0
602	2022-02-24	38.0	38.0	38.0	38.0	0
603	2022-02-25	38.0	38.0	36.0	36.4	101782
604	2022-02-28	36.6	36.6	36.6	36.6	0
605	2022-03-01	36.6	36.6	36.6	36.6	0
606	2022-03-02	36.6	36.6	36.6	36.6	0
607	2022-03-03	36.6	36.6	36.6	36.6	0
608	2022-03-04	36.2	36.2	34.4	35.0	79580
609	2022-03-07	34.9	34.9	34.9	34.9	0
610	2022-03-08	34.9	34.9	34.9	34.9	0
611	2022-03-09	34.9	34.9	34.9	34.9	0
612	2022-03-10	34.9	34.9	34.9	34.9	0
613	2022-03-11	34.9	36.0	33.8	34.9	62605
614	2022-03-14	34.9	34.9	34.9	34.9	0
615	2022-03-15	34.9	34.9	34.9	34.9	0
616	2022-03-16	34.9	34.9	34.9	34.9	0
617	2022-03-17	34.9	34.9	34.9	34.9	0
618	2022-03-18	35.0	37.7	34.7	35.1	73830
619	2022-03-21	35.3	35.3	35.3	35.3	0
620	2022-03-22	35.3	35.3	35.3	35.3	0
621	2022-03-23	35.3	35.3	35.3	35.3	0
622	2022-03-24	35.3	35.3	35.3	35.3	0
623	2022-03-25	36.0	36.0	34.0	34.9	83934
624	2022-03-28	34.6	34.6	34.6	34.6	0
625	2022-03-29	34.6	34.6	34.6	34.6	0
626	2022-03-30	34.6	34.6	34.6	34.6	0
627	2022-03-31	34.6	34.6	34.6	34.6	0
628	2022-04-01	30.0	34.9	30.0	33.0	45832
629	2022-04-04	32.8	32.8	32.8	32.8	0
630	2022-04-05	32.8	32.8	32.8	32.8	0
631	2022-04-06	32.8	32.8	32.8	32.8	0
632	2022-04-07	32.8	37.2	32.8	34.9	56504
633	2022-04-08	35.5	35.8	34.4	34.5	41427
634	2022-04-12	34.1	35.8	33.8	34.5	38770
635	2022-04-13	33.6	34.8	33.2	34.7	50100
636	2022-04-14	35.5	35.5	34.0	34.5	21409
637	2022-04-15	34.6	34.6	33.8	34.0	20170
638	2022-04-18	34.0	34.0	31.0	33.5	55200
639	2022-04-19	34.9	34.9	30.0	32.5	64800
640	2022-04-20	32.1	33.0	30.6	32.0	22212
641	2022-04-21	30.5	31.5	29.5	31.3	54845
642	2022-04-22	30.1	32.4	30.1	31.7	41021
643	2022-04-25	31.9	31.9	30.6	31.4	49257
644	2022-04-26	33.0	33.0	30.8	32.0	16303
645	2022-04-27	32.8	32.9	31.5	32.0	15300
646	2022-04-28	31.9	32.0	30.9	31.9	34675
647	2022-04-29	32.2	32.3	31.0	31.4	28225
648	2022-05-04	32.4	32.4	31.1	31.6	15403
649	2022-05-05	31.9	32.2	30.7	31.4	25244
650	2022-05-06	30.5	31.5	30.0	30.5	14000
651	2022-05-09	30.0	30.3	29.0	29.8	47800
652	2022-05-10	25.3	31.2	25.3	30.4	21705
653	2022-05-11	30.1	31.4	30.1	30.2	20910
654	2022-05-12	30.6	30.8	29.4	30.7	12201
655	2022-05-13	30.7	30.7	28.8	29.4	20211
656	2022-05-16	30.5	31.5	29.2	29.9	8079
657	2022-05-17	30.9	30.9	29.5	30.8	20105
658	2022-05-18	31.0	31.0	29.6	30.0	15361
659	2022-05-19	30.0	30.0	29.4	29.7	9832
660	2022-05-20	30.4	31.0	29.5	30.4	13832
661	2022-05-23	30.8	30.8	29.0	29.8	11000
662	2022-05-24	30.0	30.0	29.5	30.0	5200
663	2022-05-25	29.3	29.9	29.3	29.9	16781
664	2022-05-26	29.2	30.0	29.2	29.8	13204
665	2022-05-27	29.9	30.0	29.6	29.9	6955
666	2022-05-30	30.0	30.0	29.8	29.8	11600
667	2022-05-31	30.0	31.5	29.9	30.2	26282
668	2022-06-01	30.5	30.5	29.9	30.4	14002
669	2022-06-02	30.3	30.5	29.7	30.0	9400
670	2022-06-03	30.0	30.9	29.7	30.0	12805
671	2022-06-06	30.4	31.0	29.8	30.0	17502
672	2022-06-07	30.8	31.0	29.5	30.0	4000
673	2022-06-08	30.0	30.3	29.3	30.0	24355
674	2022-06-09	30.7	30.9	30.3	30.3	4400
675	2022-06-10	29.8	30.0	29.7	30.0	4706
676	2022-06-13	29.5	29.8	28.5	29.8	13100
677	2022-06-14	29.2	29.7	29.0	29.7	19505
678	2022-06-15	29.0	29.1	28.0	29.0	10200
679	2022-06-16	28.3	29.6	28.3	29.5	5600
680	2022-06-17	29.0	29.4	27.0	28.9	16100
681	2022-06-20	29.2	29.2	27.9	28.9	7901
682	2022-06-21	29.2	29.4	28.0	28.5	12500
683	2022-06-22	28.4	29.0	28.0	28.9	19700
684	2022-06-23	28.5	28.9	28.0	28.8	1000
685	2022-06-24	28.6	29.0	28.6	28.9	6206
686	2022-06-27	28.8	28.8	28.1	28.4	11804
687	2022-06-28	28.7	30.0	28.7	29.5	25603
688	2022-06-29	29.8	29.9	28.0	29.2	17500
689	2022-06-30	29.7	29.7	28.5	28.9	4300
690	2022-07-01	28.5	29.0	28.0	29.0	8102
691	2022-07-04	29.0	29.5	28.5	28.6	6408
692	2022-07-05	29.2	29.2	28.3	28.9	2620
693	2022-07-06	29.0	29.0	28.0	28.1	7600
694	2022-07-07	28.3	29.0	28.3	28.7	3704
695	2022-07-08	28.4	28.9	28.2	28.6	4900
696	2022-07-11	29.0	29.0	28.5	28.7	4100
697	2022-07-12	28.9	28.9	28.5	28.8	16102
698	2022-07-13	28.7	29.0	28.5	28.8	7400
699	2022-07-14	28.8	28.9	28.5	28.8	2000
700	2022-07-15	28.7	28.7	28.2	28.5	5300
701	2022-07-18	28.5	29.7	28.4	29.5	52210
702	2022-07-19	30.0	30.8	28.5	29.3	8106
703	2022-07-20	29.5	29.5	28.7	29.0	15819
704	2022-07-21	29.3	29.4	28.0	28.6	27400
705	2022-07-22	29.2	29.3	28.3	28.6	25705
706	2022-07-25	28.6	28.6	28.5	28.5	2200
707	2022-07-26	28.9	29.0	28.0	28.5	20701
708	2022-07-27	28.1	28.5	28.1	28.5	8146
709	2022-07-28	28.7	28.7	28.0	28.5	14551
710	2022-07-29	28.4	28.9	27.9	28.4	22601
711	2022-08-01	28.5	28.5	27.9	28.4	23400
712	2022-08-02	27.6	28.8	27.6	28.6	44700
713	2022-08-03	28.9	29.0	28.2	28.6	32005
714	2022-08-04	28.5	28.8	28.2	28.5	34932
715	2022-08-05	28.2	28.5	28.0	28.5	54723
716	2022-08-08	28.6	28.7	28.0	28.5	38521
717	2022-08-09	28.2	28.5	28.0	28.4	20000
718	2022-08-10	28.1	28.2	28.0	28.2	17800
719	2022-08-11	28.1	28.4	28.0	28.1	45811
720	2022-08-12	28.1	28.8	28.1	28.8	94101
721	2022-08-15	28.6	29.0	28.1	28.6	35720
722	2022-08-16	28.2	28.5	28.2	28.5	46800
723	2022-08-17	28.3	28.5	27.9	28.3	37921
724	2022-08-18	28.0	29.1	28.0	28.7	100213
725	2022-08-19	28.6	28.6	28.2	28.6	17400
726	2022-08-22	28.6	28.6	28.3	28.5	13900
727	2022-08-23	28.1	28.5	28.0	28.5	43010
728	2022-08-24	28.3	28.6	28.2	28.5	39900
729	2022-08-25	28.5	28.8	28.4	28.6	28400
730	2022-08-26	28.3	28.5	28.1	28.3	19632
731	2022-08-29	28.0	28.1	27.8	28.1	33300
732	2022-08-30	27.9	28.3	27.8	28.2	31348
733	2022-08-31	27.7	28.3	27.0	28.2	11500
734	2022-09-05	28.0	28.6	28.0	28.4	47000
735	2022-09-06	28.3	28.6	28.1	28.4	34500
736	2022-09-07	28.4	28.4	27.8	28.4	36305
737	2022-09-08	28.1	28.3	27.8	28.2	17200
738	2022-09-09	28.0	28.4	27.9	28.4	38800
739	2022-09-12	28.0	28.0	26.8	27.2	84977
740	2022-09-13	27.4	27.4	27.4	27.4	0
741	2022-09-14	27.4	27.4	27.4	27.4	0
742	2022-09-15	27.4	27.4	27.4	27.4	0
743	2022-09-16	27.0	27.6	26.7	27.2	36169
744	2022-09-19	27.1	27.1	27.1	27.1	0
745	2022-09-20	27.1	27.1	27.1	27.1	0
746	2022-09-21	27.1	27.1	27.1	27.1	0
747	2022-09-22	27.1	27.1	27.1	27.1	0
748	2022-09-23	27.0	27.1	25.7	25.7	41410
749	2022-09-26	26.1	26.1	26.1	26.1	0
750	2022-09-27	26.1	26.1	26.1	26.1	0
751	2022-09-28	26.1	26.1	26.1	26.1	0
752	2022-09-29	26.1	26.1	26.1	26.1	0
753	2022-09-30	25.3	25.3	23.0	24.0	40412
754	2022-10-03	23.8	23.8	23.8	23.8	0
755	2022-10-04	23.8	23.8	23.8	23.8	0
756	2022-10-05	23.8	23.8	23.8	23.8	0
757	2022-10-06	23.8	23.8	23.8	23.8	0
758	2022-10-07	23.0	24.5	20.6	24.5	43900
759	2022-10-10	21.7	21.7	21.7	21.7	0
760	2022-10-11	21.7	21.7	21.7	21.7	0
761	2022-10-12	21.7	21.7	21.7	21.7	0
762	2022-10-13	21.7	21.7	21.7	21.7	0
763	2022-10-14	24.9	24.9	23.7	24.7	16112
764	2022-10-17	24.2	24.2	24.2	24.2	0
765	2022-10-18	24.2	24.2	24.2	24.2	0
766	2022-10-19	24.2	24.2	24.2	24.2	0
767	2022-10-20	24.2	24.2	24.2	24.2	0
768	2022-10-21	24.2	24.2	22.2	24.0	4001
769	2022-10-24	23.7	23.7	23.7	23.7	0
770	2022-10-25	23.7	23.7	23.7	23.7	0
771	2022-10-26	23.7	23.7	23.7	23.7	0
772	2022-10-27	23.7	23.7	23.7	23.7	0
773	2022-10-28	23.7	23.7	21.0	23.1	19900
774	2022-10-31	22.3	22.3	22.3	22.3	0
775	2022-11-01	22.3	22.3	22.3	22.3	0
776	2022-11-02	22.3	22.3	22.3	22.3	0
777	2022-11-03	22.3	22.3	22.3	22.3	0
778	2022-11-04	21.7	22.0	19.5	21.7	25350
779	2022-11-07	20.8	20.8	20.8	20.8	0
780	2022-11-08	20.8	20.8	20.8	20.8	0
781	2022-11-09	20.8	20.8	20.8	20.8	0
782	2022-11-10	20.8	20.8	20.8	20.8	0
783	2022-11-11	22.2	23.9	17.7	23.3	30811
784	2022-11-14	21.4	21.4	21.4	21.4	0
785	2022-11-15	21.4	21.4	21.4	21.4	0
786	2022-11-16	21.4	21.4	21.4	21.4	0
787	2022-11-17	21.4	21.4	21.4	21.4	0
788	2022-11-18	21.5	23.9	20.0	23.9	36316
789	2022-11-21	21.8	21.8	21.8	21.8	0
790	2022-11-22	21.8	21.8	21.8	21.8	0
791	2022-11-23	21.8	21.8	21.8	21.8	0
792	2022-11-24	21.8	21.8	21.8	21.8	0
793	2022-11-25	22.0	22.4	20.7	22.0	30600
794	2022-11-28	21.6	21.6	21.6	21.6	0
795	2022-11-29	21.6	21.6	21.6	21.6	0
796	2022-11-30	21.6	21.6	21.6	21.6	0
797	2022-12-01	21.6	21.6	21.6	21.6	0
798	2022-12-02	22.5	22.5	20.0	20.7	29560
799	2022-12-05	20.9	20.9	20.9	20.9	0
800	2022-12-06	20.9	20.9	20.9	20.9	0
801	2022-12-07	20.9	20.9	20.9	20.9	0
802	2022-12-08	20.9	20.9	20.9	20.9	0
803	2022-12-09	20.9	22.0	20.6	21.2	8300
804	2022-12-12	21.4	21.4	21.4	21.4	0
805	2022-12-13	21.4	21.4	21.4	21.4	0
806	2022-12-14	21.4	21.4	21.4	21.4	0
807	2022-12-15	21.4	21.4	21.4	21.4	0
808	2022-12-16	21.4	21.5	20.5	20.9	27910
809	2022-12-19	21.0	21.0	21.0	21.0	0
810	2022-12-20	21.0	21.0	21.0	21.0	0
811	2022-12-21	21.0	21.0	21.0	21.0	0
812	2022-12-22	21.0	21.0	21.0	21.0	0
813	2022-12-23	21.9	21.9	20.3	20.9	15505
814	2022-12-26	21.3	21.3	21.3	21.3	0
815	2022-12-27	21.3	21.3	21.3	21.3	0
816	2022-12-28	21.3	21.3	21.3	21.3	0
817	2022-12-29	21.3	21.3	21.3	21.3	0
818	2022-12-30	21.5	23.5	21.5	23.4	69810
819	2023-01-03	22.6	22.6	22.6	22.6	0
820	2023-01-04	22.6	22.6	22.6	22.6	0
821	2023-01-05	22.6	22.6	22.6	22.6	0
822	2023-01-06	24.0	25.0	23.2	24.9	47785
823	2023-01-09	23.9	23.9	23.9	23.9	0
824	2023-01-10	23.9	23.9	23.9	23.9	0
825	2023-01-11	23.9	23.9	23.9	23.9	0
826	2023-01-12	23.9	23.9	23.9	23.9	0
827	2023-01-13	24.0	26.5	23.9	25.5	63201
828	2023-01-16	25.5	25.5	25.5	25.5	0
829	2023-01-17	25.5	25.5	25.5	25.5	0
830	2023-01-18	25.5	25.5	25.5	25.5	0
831	2023-01-19	25.5	25.5	25.5	25.5	0
832	2023-01-27	27.8	28.0	26.2	27.3	55610
833	2023-01-30	27.3	27.3	27.3	27.3	0
834	2023-01-31	27.3	27.3	27.3	27.3	0
835	2023-02-01	27.3	27.3	27.3	27.3	0
836	2023-02-02	27.3	27.3	27.3	27.3	0
837	2023-02-03	27.3	27.3	26.5	26.9	25061
838	2023-02-06	27.0	27.0	27.0	27.0	0
839	2023-02-07	27.0	27.0	27.0	27.0	0
840	2023-02-08	27.0	27.0	27.0	27.0	0
841	2023-02-09	27.0	27.0	27.0	27.0	0
842	2023-02-10	24.0	27.0	23.0	26.3	26701
843	2023-02-13	26.0	26.0	26.0	26.0	0
844	2023-02-14	26.0	26.0	26.0	26.0	0
845	2023-02-15	26.0	26.0	26.0	26.0	0
846	2023-02-16	26.0	26.0	26.0	26.0	0
847	2023-02-17	26.5	28.0	24.9	25.7	31970
848	2023-02-20	26.8	26.8	26.8	26.8	0
849	2023-02-21	26.8	26.8	26.8	26.8	0
850	2023-02-22	26.8	26.8	26.8	26.8	0
851	2023-02-23	26.8	26.8	26.8	26.8	0
852	2023-02-24	26.7	27.5	25.3	26.5	34831
853	2023-02-27	26.3	26.3	26.3	26.3	0
854	2023-02-28	26.3	26.3	26.3	26.3	0
855	2023-03-01	26.3	26.3	26.3	26.3	0
856	2023-03-02	26.3	26.3	26.3	26.3	0
857	2023-03-03	26.5	26.5	24.5	25.4	27911
858	2023-03-06	25.0	25.0	25.0	25.0	0
859	2023-03-07	25.0	25.0	25.0	25.0	0
860	2023-03-08	25.0	25.0	25.0	25.0	0
861	2023-03-09	25.0	25.0	25.0	25.0	0
862	2023-03-10	27.0	28.0	26.3	27.0	73458
863	2023-03-13	26.9	26.9	26.9	26.9	0
864	2023-03-14	26.9	26.9	26.9	26.9	0
865	2023-03-15	26.9	26.9	26.9	26.9	0
866	2023-03-16	26.9	26.9	26.9	26.9	0
867	2023-03-17	27.5	27.6	25.5	26.0	21610
868	2023-03-20	26.0	26.0	26.0	26.0	0
869	2023-03-21	26.0	26.0	26.0	26.0	0
870	2023-03-22	26.0	26.0	26.0	26.0	0
871	2023-03-23	26.0	26.0	26.0	26.0	0
872	2023-03-24	26.0	26.5	25.0	25.7	22522
873	2023-03-27	25.8	25.8	25.8	25.8	0
874	2023-03-28	25.8	25.8	25.8	25.8	0
875	2023-03-29	25.8	25.8	25.8	25.8	0
876	2023-03-30	25.8	25.8	25.8	25.8	0
877	2023-03-31	25.6	26.5	25.3	25.8	37200
878	2023-04-03	25.9	25.9	25.9	25.9	0
879	2023-04-04	25.9	25.9	25.9	25.9	0
880	2023-04-05	25.9	25.9	25.9	25.9	0
881	2023-04-06	25.9	25.9	25.9	25.9	0
882	2023-04-07	26.3	26.4	25.1	25.5	21300
883	2023-04-10	25.3	25.3	25.3	25.3	0
884	2023-04-11	25.3	25.3	25.3	25.3	0
885	2023-04-12	28.0	29.0	27.9	28.7	132500
886	2023-04-13	28.5	29.4	28.3	28.8	34400
887	2023-04-14	28.8	29.1	27.0	28.0	38666
888	2023-04-17	28.0	28.0	26.6	27.3	12600
889	2023-04-18	27.8	27.9	27.3	27.7	23205
890	2023-04-19	27.7	27.9	27.2	27.6	10300
891	2023-04-20	27.7	27.7	27.1	27.3	6705
892	2023-04-21	26.8	27.2	26.0	26.8	26800
893	2023-04-24	27.7	27.7	26.2	26.4	17031
894	2023-04-25	27.0	27.4	26.3	26.3	25446
895	2023-04-26	27.2	27.9	26.3	27.9	43600
896	2023-04-27	27.5	28.0	27.2	27.2	26209
897	2023-04-28	27.9	28.0	26.8	27.6	18203
898	2023-05-04	27.3	28.5	26.6	27.1	13810
899	2023-05-05	27.7	27.7	26.5	26.5	14500
900	2023-05-08	26.7	26.7	26.2	26.5	16301
901	2023-05-09	26.3	27.0	26.1	26.3	28800
902	2023-05-10	26.4	26.8	26.1	26.8	15703
903	2023-05-11	27.0	27.0	26.0	26.5	33910
904	2023-05-12	26.7	26.7	25.9	25.9	14511
905	2023-05-15	26.0	26.8	25.8	25.8	24338
906	2023-05-16	25.9	26.0	25.0	25.9	32100
907	2023-05-17	26.0	26.5	25.2	25.9	13323
908	2023-05-18	26.0	26.1	25.1	25.6	30000
909	2023-05-19	25.8	25.8	25.0	25.7	27812
910	2023-05-22	25.7	25.7	24.6	24.6	39735
911	2023-05-23	24.9	24.9	24.0	24.5	32917
912	2023-05-24	24.2	24.4	23.8	24.4	7600
913	2023-05-25	24.8	25.5	24.0	24.3	22304
914	2023-05-26	24.4	25.0	24.3	25.0	13422
915	2023-05-29	25.0	25.7	24.6	25.3	8603
916	2023-05-30	25.3	25.3	24.8	25.2	29500
917	2023-05-31	25.2	25.2	24.7	25.1	31900
918	2023-06-01	24.9	25.3	24.9	25.3	6310
919	2023-06-02	25.0	25.8	25.0	25.4	31600
920	2023-06-05	25.4	26.0	25.4	25.9	27900
921	2023-06-06	25.7	25.8	25.1	25.5	13305
922	2023-06-07	25.8	25.8	25.0	25.6	27331
923	2023-06-08	25.0	25.5	25.0	25.5	31584
924	2023-06-09	25.1	25.2	24.5	25.2	8298
925	2023-06-12	25.5	25.5	24.8	24.8	6251
926	2023-06-13	25.4	25.4	24.8	25.2	6329
927	2023-06-14	25.1	25.1	24.5	24.7	3900
928	2023-06-15	25.3	25.3	24.6	25.0	7903
929	2023-06-16	24.8	25.1	24.6	24.9	38600
930	2023-06-19	24.8	25.0	24.5	24.9	15500
931	2023-06-20	25.0	25.0	24.5	24.9	34200
932	2023-06-21	25.0	25.0	24.7	24.9	9000
933	2023-06-22	24.9	25.0	24.6	24.9	23403
934	2023-06-23	24.8	24.9	24.6	24.9	4728
935	2023-06-26	25.0	25.2	24.6	24.9	27100
936	2023-06-27	25.0	25.1	24.7	25.0	23517
937	2023-06-28	24.9	24.9	24.5	24.6	19414
938	2023-06-29	24.6	24.8	24.2	24.7	18410
939	2023-06-30	24.5	24.9	24.5	24.8	10924
940	2023-07-03	24.6	25.2	24.6	24.9	19116
941	2023-07-04	24.8	25.0	24.5	24.8	11900
942	2023-07-05	24.7	24.9	24.7	24.9	17300
943	2023-07-06	24.9	24.9	24.7	24.9	9521
944	2023-07-07	24.7	24.8	24.5	24.8	7222
945	2023-07-10	24.6	24.8	24.5	24.6	27590
946	2023-07-11	24.7	25.1	24.7	25.0	36003
947	2023-07-12	25.3	25.3	24.6	24.9	12713
948	2023-07-13	24.8	24.8	24.7	24.7	3900
949	2023-07-14	24.8	24.8	24.5	24.8	14050
950	2023-07-17	24.6	24.8	24.5	24.7	16406
951	2023-07-18	24.9	24.9	24.5	24.7	23022
952	2023-07-19	24.7	24.7	24.4	24.6	34500
953	2023-07-20	24.6	24.8	24.4	24.7	38622
954	2023-07-21	24.6	24.6	24.5	24.6	5604
955	2023-07-24	24.6	25.0	24.4	24.5	19953
956	2023-07-25	24.5	24.7	24.3	24.6	22207
957	2023-07-26	24.7	24.8	24.4	24.6	26907
958	2023-07-27	24.5	24.5	24.2	24.5	29111
959	2023-07-28	24.9	28.0	24.9	25.9	65208
960	2023-07-31	26.4	27.5	26.3	26.3	36634
961	2023-08-01	26.4	26.5	25.0	25.5	31928
962	2023-08-02	25.5	25.5	24.5	25.3	60000
963	2023-08-03	25.2	25.2	24.5	25.0	35300
964	2023-08-04	24.9	25.2	24.9	25.1	25520
965	2023-08-07	25.3	25.5	24.8	25.1	50247
966	2023-08-08	25.0	25.4	24.7	25.4	86860
967	2023-08-09	25.1	25.5	24.8	25.2	40321
968	2023-08-10	25.4	25.4	24.7	25.1	55300
969	2023-08-11	25.0	25.3	24.5	24.9	69290
970	2023-08-14	25.0	25.4	24.8	25.2	52114
971	2023-08-15	25.3	25.4	24.4	24.8	72381
972	2023-08-16	24.5	24.8	24.5	24.5	26312
973	2023-08-17	24.5	24.8	24.4	24.5	42400
974	2023-08-18	24.3	24.5	22.9	23.5	75057
975	2023-08-21	23.4	23.5	22.9	23.1	34607
976	2023-08-22	23.1	23.8	23.0	23.4	11202
977	2023-08-23	23.8	23.9	20.6	22.8	52312
978	2023-08-24	23.0	23.0	22.0	22.5	14600
979	2023-08-25	22.3	23.5	21.0	23.0	71210
980	2023-08-28	22.7	23.4	21.8	22.8	18411
981	2023-08-29	22.8	23.2	22.0	22.4	60716
982	2023-08-30	22.2	22.5	22.0	22.0	38400
983	2023-08-31	22.6	23.5	22.0	23.0	122506
984	2023-09-05	23.5	24.0	22.0	22.8	193904
985	2023-09-06	23.5	25.0	22.7	23.1	64768
986	2023-09-07	23.6	24.3	23.1	23.5	56364
987	2023-09-08	24.0	24.0	23.2	23.4	39995
988	2023-09-11	23.3	23.6	22.7	23.0	39114
989	2023-09-12	23.1	23.3	22.5	23.2	28000
990	2023-09-13	23.0	23.6	22.8	23.0	19045
991	2023-09-14	23.5	23.5	22.5	23.1	37900
992	2023-09-15	22.8	23.0	22.1	22.9	19300
993	2023-09-18	22.4	22.9	22.4	22.5	27117
994	2023-09-19	22.5	22.7	22.1	22.6	26738
995	2023-09-20	22.5	22.8	22.2	22.6	32900
996	2023-09-21	22.6	22.6	22.2	22.6	18102
997	2023-09-22	22.1	22.4	21.9	22.2	35038
998	2023-09-25	22.1	22.6	21.1	22.2	27400
999	2023-09-26	21.9	22.4	21.6	22.0	25201
1000	2023-09-27	22.0	22.0	21.0	21.9	23901
1001	2023-09-28	21.9	21.9	21.0	21.3	16850
1002	2023-09-29	21.6	22.4	21.4	21.7	12103
1003	2023-10-02	22.5	23.0	22.2	22.6	20500
1004	2023-10-03	22.7	22.7	20.0	22.1	36403
1005	2023-10-04	21.9	22.0	21.5	22.0	21741
1006	2023-10-05	22.0	22.0	21.0	21.7	29001
1007	2023-10-06	21.7	22.0	21.0	21.6	7318
1008	2023-10-09	22.0	22.0	21.1	21.5	7204
1009	2023-10-10	21.6	22.0	21.5	21.6	9950
1010	2023-10-11	21.7	22.0	21.3	21.6	5130
1011	2023-10-12	21.8	22.0	21.4	21.5	6400
1012	2023-10-13	21.5	22.0	21.1	21.4	3800
1013	2023-10-16	21.5	21.5	21.0	21.5	14224
1014	2023-10-17	21.5	21.5	20.9	21.4	29376
1015	2023-10-18	21.5	21.8	20.7	21.3	18104
1016	2023-10-19	21.0	21.5	20.6	20.9	7500
1017	2023-10-20	21.3	21.5	20.1	21.1	29691
1018	2023-10-23	21.3	21.5	20.0	20.9	27750
1019	2023-10-24	21.0	21.0	20.4	20.9	29329
1020	2023-10-25	21.0	21.0	18.1	20.4	95102
1021	2023-10-26	20.4	20.4	19.0	19.3	38356
1022	2023-10-27	19.7	20.2	19.1	19.5	18434
1023	2023-10-30	20.0	20.2	18.0	18.0	43462
1024	2023-10-31	20.2	21.0	18.5	18.5	25432
1025	2023-11-01	20.2	21.5	18.6	19.7	19602
1026	2023-11-02	20.8	22.3	19.6	20.5	20871
1027	2023-11-03	20.0	20.0	19.3	19.3	13700
1028	2023-11-06	19.6	20.4	19.0	19.4	8709
1029	2023-11-07	19.6	19.6	18.9	19.4	10802
1030	2023-11-08	21.5	22.0	19.0	19.7	21815
1031	2023-11-09	19.5	19.9	19.4	19.7	37040
1032	2023-11-10	19.6	19.6	19.2	19.5	18350
1033	2023-11-13	20.0	20.2	19.3	19.4	8412
1034	2023-11-14	19.3	19.7	19.3	19.4	16235
1035	2023-11-15	19.8	20.0	19.4	19.5	14236
1036	2023-11-16	19.8	20.0	19.3	19.4	7001
1037	2023-11-17	19.8	20.0	19.3	19.3	12643
1038	2023-11-20	19.5	20.0	19.0	19.1	20110
1039	2023-11-21	19.5	19.5	19.0	19.2	9703
1040	2023-11-22	19.6	19.6	18.9	19.0	11600
1041	2023-11-23	19.0	19.3	18.9	18.9	11713
1042	2023-11-24	18.8	19.4	18.2	19.0	14293
1043	2023-11-27	19.5	19.5	18.7	19.0	6608
1044	2023-11-28	19.0	19.5	18.8	19.2	2721
1045	2023-11-29	19.0	19.2	18.8	18.8	8508
1046	2023-11-30	19.2	19.5	19.0	19.2	16420
1047	2023-12-01	19.3	19.4	19.1	19.2	11473
1048	2023-12-04	19.4	19.5	19.0	19.4	29437
1049	2023-12-05	20.4	21.3	19.3	19.5	25800
1050	2023-12-06	19.8	19.8	19.3	19.7	33022
1051	2023-12-07	19.8	20.0	19.1	19.4	11658
1052	2023-12-08	19.8	20.0	19.4	19.7	22073
1053	2023-12-11	19.6	19.8	19.3	19.5	14301
1054	2023-12-12	19.6	19.9	19.4	19.7	32853
1055	2023-12-13	19.8	20.0	19.3	19.8	9710
1056	2023-12-14	19.6	20.0	19.2	19.6	8134
1057	2023-12-15	19.6	19.8	19.0	19.6	50761
1058	2023-12-18	19.8	20.0	19.2	19.2	15830
1059	2023-12-19	19.9	20.0	19.0	19.4	7500
1060	2023-12-20	19.5	19.8	19.3	19.4	20811
1061	2023-12-21	19.5	19.8	19.2	19.5	3900
1062	2023-12-22	19.5	19.8	19.2	19.5	11466
1063	2023-12-25	19.6	19.8	19.3	19.5	5655
1064	2023-12-26	22.1	22.1	19.5	19.7	32780
1065	2023-12-27	20.4	20.4	19.5	19.7	24160
1066	2023-12-28	19.9	20.0	19.5	19.8	8900
1067	2023-12-29	19.9	19.9	19.2	19.4	8820
1068	2024-01-02	20.0	22.0	20.0	21.5	112200
1069	2024-01-03	21.5	23.5	21.0	23.5	159004
1070	2024-01-04	23.6	24.2	23.0	23.5	114596
1071	2024-01-05	23.6	24.0	22.7	23.7	57627
1072	2024-01-08	23.8	24.0	22.9	22.9	39970
1073	2024-01-09	23.1	23.1	22.3	22.3	43288
1074	2024-01-10	22.7	22.7	22.0	22.0	31502
1075	2024-01-11	22.8	22.8	21.8	22.2	53543
1076	2024-01-12	22.2	22.2	21.3	21.7	41222
1077	2024-01-15	20.2	22.0	20.2	21.7	18419
1078	2024-01-16	22.0	22.0	21.5	21.9	19710
1079	2024-01-17	21.7	22.3	21.7	22.0	17837
1080	2024-01-18	22.0	22.5	21.8	22.4	31300
1081	2024-01-19	22.6	22.6	22.0	22.2	6933
1082	2024-01-22	22.5	22.7	21.9	22.1	5538
1083	2024-01-23	22.0	22.5	22.0	22.2	13826
1084	2024-01-24	22.1	22.5	21.8	21.8	47308
1085	2024-01-25	22.1	22.5	21.8	22.2	10511
1086	2024-01-26	22.1	22.5	21.8	22.4	41034
1087	2024-01-29	22.4	22.6	22.2	22.6	51251
1088	2024-01-30	22.6	23.9	22.6	22.9	89857
1089	2024-01-31	22.7	23.5	22.4	23.0	35681
1090	2024-02-01	23.0	23.0	22.0	22.5	30406
1091	2024-02-02	22.6	23.0	22.3	22.3	25615
1092	2024-02-05	22.8	22.8	21.9	22.0	49201
1093	2024-02-06	22.2	22.8	21.9	22.5	32330
1094	2024-02-07	22.5	22.7	21.8	22.3	39255
1095	2024-02-15	22.4	22.8	22.4	22.4	28356
1096	2024-02-16	22.8	23.0	22.0	22.7	35819
1097	2024-02-19	22.7	22.7	22.1	22.6	54169
1098	2024-02-20	22.6	22.8	22.3	22.7	59085
1099	2024-02-21	22.5	22.9	22.3	22.3	33555
1100	2024-02-22	22.6	22.7	22.0	22.5	53012
1101	2024-02-23	22.6	22.6	22.0	22.2	28739
1102	2024-02-26	22.2	22.6	21.9	22.2	18857
1103	2024-02-27	22.2	22.5	22.1	22.3	18000
1104	2024-02-28	22.5	22.5	22.2	22.4	9078
1105	2024-02-29	22.3	22.4	22.2	22.3	40320
1106	2024-03-01	22.5	22.9	22.4	22.7	86608
1107	2024-03-04	22.8	23.4	22.7	23.1	68315
1108	2024-03-05	23.0	24.9	23.0	24.1	156920
1109	2024-03-06	25.5	25.5	23.9	24.3	66942
1110	2024-03-07	25.5	25.5	23.7	24.0	44137
1111	2024-03-08	25.0	25.0	23.3	23.8	69711
1112	2024-03-11	24.0	24.2	23.5	23.7	55043
1113	2024-03-12	23.8	24.4	23.4	24.2	126968
1114	2024-03-13	24.4	24.4	23.8	24.1	37419
1115	2024-03-14	24.0	24.1	23.8	24.0	29260
1116	2024-03-15	24.0	24.2	23.8	24.2	44378
1117	2024-03-18	24.2	24.2	23.4	23.7	71305
1118	2024-03-19	23.7	23.9	23.5	23.7	48458
1119	2024-03-20	23.8	23.8	23.5	23.7	21653
1120	2024-03-21	23.7	24.0	23.6	23.7	22807
1121	2024-03-22	23.8	23.8	23.5	23.7	56235
1122	2024-03-25	23.7	23.9	23.4	23.7	26502
1123	2024-03-26	23.9	23.9	23.4	23.8	29706
1124	2024-03-27	23.7	23.9	23.7	23.9	30302
1125	2024-03-28	23.8	24.8	23.7	24.6	113449
1126	2024-03-29	24.9	25.5	24.9	25.1	72968
1127	2024-04-01	25.0	27.3	25.0	27.1	209926
1128	2024-04-02	27.8	27.9	27.0	27.5	112225
1129	2024-04-03	28.0	28.0	26.3	27.2	71824
1130	2024-04-04	27.3	27.3	26.8	27.1	69101
1131	2024-04-05	27.0	27.7	26.6	27.6	119526
1132	2024-04-08	25.4	28.0	25.4	27.5	54173
1133	2024-04-09	27.2	27.2	26.1	27.0	125959
1134	2024-04-10	27.0	27.0	26.3	26.7	13303
1135	2024-04-11	26.2	27.3	26.0	27.1	71362
1136	2024-04-12	27.0	28.5	27.0	28.0	141382
1137	2024-04-15	27.7	28.8	27.2	27.5	155985
1138	2024-04-16	27.9	27.9	26.5	27.2	87962
1139	2024-04-17	27.2	27.8	26.5	27.2	40069
1140	2024-04-19	26.6	26.8	25.5	26.4	86600
1141	2024-04-22	27.5	27.5	25.8	26.6	11807
1142	2024-04-23	27.0	27.0	25.8	26.0	29524
1143	2024-04-24	26.3	26.8	25.7	26.2	57102
1144	2024-04-25	26.1	26.5	25.8	26.2	42001
1145	2024-04-26	27.3	27.3	26.0	26.4	22601
1146	2024-05-02	27.1	27.1	25.7	25.8	45251
1147	2024-05-03	26.2	26.9	25.5	25.8	66601
1148	2024-05-06	25.8	27.2	25.0	26.9	235603
1149	2024-05-07	27.5	27.5	26.9	27.4	89569
1150	2024-05-08	27.5	27.9	26.5	26.9	45417
1151	2024-05-09	26.9	27.4	26.0	26.5	55310
1152	2024-05-10	26.5	26.5	25.9	26.1	47318
1153	2024-05-13	26.1	26.1	25.3	25.6	77500
1154	2024-05-14	25.6	27.3	25.3	26.3	75814
1155	2024-05-15	27.0	27.0	25.1	25.4	103839
1156	2024-05-16	26.5	26.5	25.1	25.2	56603
1157	2024-05-17	25.9	25.9	24.0	24.6	102380
1158	2024-05-20	25.0	25.0	23.8	24.4	96350
1159	2024-05-21	24.4	24.4	23.7	24.0	73007
1160	2024-05-22	24.7	25.0	24.0	24.6	56034
1161	2024-05-23	24.0	25.0	24.0	24.9	21611
1162	2024-05-24	24.9	25.0	23.8	24.3	64507
1163	2024-05-27	24.4	24.4	23.7	24.2	18100
1164	2024-05-28	23.9	25.1	23.9	24.6	73780
1165	2024-05-29	24.9	24.9	23.6	24.0	68701
1166	2024-05-30	24.0	24.0	23.4	23.9	30765
1167	2024-05-31	24.5	24.5	23.4	23.5	26101
1168	2024-06-03	23.8	24.1	23.5	23.7	36633
1169	2024-06-04	23.9	24.4	23.8	24.0	69195
1170	2024-06-05	24.4	24.4	24.0	24.1	47995
1171	2024-06-06	24.4	24.4	23.8	24.0	32750
1172	2024-06-07	24.0	24.4	23.9	24.0	11653
1173	2024-06-10	24.2	24.4	23.9	24.1	30808
1174	2024-06-11	24.2	24.4	24.0	24.1	21439
1175	2024-06-12	24.0	24.3	23.8	24.3	32003
1176	2024-06-13	24.3	25.6	23.9	25.0	91260
1177	2024-06-14	25.0	25.2	24.1	24.6	24814
1178	2024-06-17	24.0	24.5	23.7	24.2	45405
1179	2024-06-18	24.0	24.4	23.8	24.1	25447
1180	2024-06-19	24.0	24.3	23.5	24.0	43170
1181	2024-06-20	24.0	24.0	23.5	23.9	46733
1182	2024-06-21	23.7	25.0	23.5	24.9	133428
1183	2024-06-24	24.9	25.4	24.7	25.4	150795
1184	2024-06-25	25.4	26.6	25.0	25.3	80435
1185	2024-06-26	25.4	25.4	24.7	25.0	48940
1186	2024-06-27	25.1	26.2	25.1	26.0	207132
1187	2024-06-28	26.0	26.5	25.3	25.9	57931
1188	2024-07-01	25.9	25.9	24.9	25.4	42770
1189	2024-07-02	25.2	25.2	24.6	25.2	55310
1190	2024-07-03	25.2	26.6	24.6	25.5	38803
1191	2024-07-04	26.0	26.0	24.5	25.2	54901
1192	2024-07-05	25.8	25.8	24.6	25.1	50711
1193	2024-07-08	25.0	25.2	24.5	24.6	52314
1194	2024-07-09	24.7	25.0	24.5	24.8	57309
1195	2024-07-10	24.5	25.0	24.5	24.8	27125
1196	2024-07-11	24.8	24.9	24.0	24.4	56800
1197	2024-07-12	24.4	24.6	24.2	24.5	24245
1198	2024-07-15	24.6	24.6	24.3	24.5	22704
1199	2024-07-16	24.5	25.2	24.5	25.0	77630
1200	2024-07-17	25.0	25.4	24.7	24.7	60107
1201	2024-07-18	25.0	25.0	24.2	25.0	35403
1202	2024-07-19	24.9	25.0	24.3	24.6	28810
1203	2024-07-22	24.2	24.7	23.5	24.2	41232
1204	2024-07-23	24.2	24.5	21.0	23.2	84700
1205	2024-07-24	23.8	23.8	22.8	23.6	9000
1206	2024-07-25	23.8	24.0	22.8	23.5	22300
1207	2024-07-26	23.5	23.5	22.9	23.4	6500
1208	2024-07-29	23.5	23.5	22.8	23.3	29800
1209	2024-07-30	22.9	23.8	22.9	23.5	37200
1210	2024-07-31	23.2	23.7	22.5	22.8	88000
1211	2024-08-01	22.9	22.9	22.0	22.2	24900
1212	2024-08-02	23.0	23.0	21.1	23.0	36200
1213	2024-08-05	23.4	23.4	19.1	21.3	88300
1214	2024-08-06	22.0	22.2	20.7	21.8	27500
1215	2024-08-07	21.9	21.9	21.0	21.8	40700
1216	2024-08-08	22.2	22.2	21.2	21.5	18800
1217	2024-08-09	21.6	21.8	21.4	21.7	10500
1218	2024-08-12	21.8	21.9	21.4	21.6	18700
1219	2024-08-13	21.6	21.9	21.4	21.8	9000
1220	2024-08-14	21.8	22.2	21.6	21.8	28300
1221	2024-08-15	22.0	22.3	21.4	21.9	36300
1222	2024-08-16	21.8	22.5	21.5	22.4	54200
1223	2024-08-19	22.5	22.7	21.1	22.0	34400
1224	2024-08-20	22.0	22.5	21.5	22.0	46500
1225	2024-08-21	22.0	22.0	21.6	21.9	9200
1226	2024-08-22	21.9	22.2	21.7	21.9	26000
1227	2024-08-23	21.9	21.9	21.5	21.7	22700
1228	2024-08-26	21.9	21.9	21.5	21.7	19700
1229	2024-08-27	21.5	21.8	21.5	21.5	11200
1230	2024-08-28	21.5	21.7	21.4	21.6	31900
1231	2024-08-29	21.6	21.6	21.5	21.6	19900
1232	2024-08-30	21.5	23.0	21.5	22.0	18000
1233	2024-09-04	21.5	21.8	21.4	21.8	24300
1234	2024-09-05	22.0	22.0	21.4	21.7	6600
1235	2024-09-06	21.7	22.0	21.5	21.9	2900
1236	2024-09-09	21.7	21.7	20.9	21.7	101300
1237	2024-09-10	22.2	22.2	21.0	21.2	20600
1238	2024-09-11	21.3	21.5	20.9	21.3	14800
1239	2024-09-12	22.2	22.2	21.3	21.4	18400
1240	2024-09-13	22.5	22.5	21.4	21.7	5500
1241	2024-09-16	21.9	21.9	21.3	21.5	24100
1242	2024-09-17	22.0	22.0	21.2	21.5	2200
1243	2024-09-18	22.4	22.4	20.8	21.2	33800
1244	2024-09-19	22.2	22.2	21.0	21.4	13500
1245	2024-09-20	21.8	21.8	20.5	21.4	42700
1246	2024-09-23	22.4	22.4	20.9	21.2	8200
1247	2024-09-24	22.2	22.2	20.8	21.3	24600
1248	2024-09-25	22.0	22.0	20.7	21.0	51800
1249	2024-09-26	21.5	21.5	20.9	21.2	3000
1250	2024-09-27	21.4	21.4	20.9	20.9	7700
1251	2024-09-30	21.0	21.5	20.8	20.8	10600
1252	2024-10-01	21.0	21.0	20.5	20.7	24300
1253	2024-10-02	20.9	21.0	20.6	20.7	15500
1254	2024-10-03	21.4	21.4	20.4	20.9	14400
1255	2024-10-04	20.8	20.8	20.4	20.5	9500
1256	2024-10-07	20.4	20.5	20.2	20.5	23700
1257	2024-10-08	20.5	20.8	20.2	20.6	13600
1258	2024-10-09	20.4	20.8	20.4	20.5	5200
1259	2024-10-10	20.6	20.8	20.0	20.6	18100
1260	2024-10-11	20.5	20.6	20.2	20.5	8000
1261	2024-10-14	20.5	20.6	20.3	20.5	6300
1262	2024-10-15	20.4	20.4	20.0	20.1	23500
1263	2024-10-16	20.4	20.5	19.8	20.1	27800
1264	2024-10-17	20.1	20.4	19.6	20.0	14400
1265	2024-10-18	20.0	20.0	19.7	20.0	2500
1266	2024-10-21	19.9	19.9	19.5	19.9	16400
1267	2024-10-22	19.3	19.6	19.2	19.5	10500
1268	2024-10-23	19.5	19.7	19.1	19.4	14500
1269	2024-10-24	19.8	19.8	19.5	19.5	5900
1270	2024-10-25	19.7	19.7	19.4	19.7	1400
1271	2024-10-28	19.7	19.8	19.5	19.5	11300
1272	2024-10-29	19.5	21.0	19.5	20.3	8600
1273	2024-10-30	20.4	20.9	19.9	20.5	3000
1274	2024-10-31	20.8	20.8	19.3	19.7	34200
1275	2024-11-01	20.3	20.3	19.6	20.0	1200
1276	2024-11-04	19.9	20.2	19.3	19.9	3200
1277	2024-11-05	19.3	20.0	19.2	19.5	16100
1278	2024-11-06	19.3	19.7	18.9	19.3	25700
1279	2024-11-07	19.4	20.0	19.0	20.0	10700
1280	2024-11-08	19.8	19.8	19.2	19.7	800
1281	2024-11-11	19.8	19.8	19.1	19.4	15700
1282	2024-11-12	19.2	19.4	19.2	19.2	12800
1283	2024-11-13	19.5	19.6	19.0	19.5	5500
1284	2024-11-14	19.0	19.5	19.0	19.3	4200
1285	2024-11-15	19.3	19.5	18.9	19.4	13000
1286	2024-11-18	19.0	19.5	18.8	19.4	35800
1287	2024-11-19	18.9	19.4	18.9	19.2	10400
1288	2024-11-20	19.2	19.4	18.9	19.4	13600
1289	2024-11-21	19.5	19.5	18.9	19.5	9900
1290	2024-11-22	19.8	20.7	19.2	19.7	14900
1291	2024-11-25	20.5	20.5	19.6	20.0	2500
1292	2024-11-26	19.8	19.8	19.3	19.7	4600
1293	2024-11-27	20.0	20.0	19.2	19.5	2000
1294	2024-11-28	19.7	19.7	19.2	19.5	2500
1295	2024-11-29	19.7	19.7	19.0	19.4	7800
1296	2024-12-02	19.5	20.1	19.4	20.0	13100
1297	2024-12-03	20.0	20.7	19.7	20.3	2800
1298	2024-12-04	20.2	20.2	19.5	19.7	7000
1299	2024-12-05	19.8	20.5	19.6	20.1	24700
1300	2024-12-06	20.5	20.5	19.8	20.1	14100
1301	2024-12-09	20.5	20.6	19.8	20.3	16900
1302	2024-12-10	20.4	20.4	20.1	20.1	6100
1303	2024-12-11	20.4	20.5	20.2	20.5	27500
1304	2024-12-12	20.5	22.0	20.4	21.5	65900
1305	2024-12-13	20.9	23.4	20.9	22.5	123100
1306	2024-12-16	22.5	23.3	22.2	22.6	102400
1307	2024-12-17	22.8	23.0	22.5	22.6	72100
1308	2024-12-18	19.4	22.8	19.4	22.4	47000
1309	2024-12-19	22.4	22.8	21.6	22.0	16900
1310	2024-12-20	22.5	22.5	21.6	21.7	19800
1311	2024-12-23	22.1	22.3	18.7	21.6	48700
1312	2024-12-24	21.9	21.9	20.5	21.1	9400
1313	2024-12-25	21.3	22.0	21.1	21.4	18100
1314	2024-12-26	21.8	21.8	21.0	21.4	22100
1315	2024-12-27	20.4	21.7	20.0	21.2	20700
1316	2024-12-30	21.5	21.5	20.8	21.2	6600
1317	2024-12-31	20.7	20.9	19.9	20.5	35300
1318	2025-01-02	20.1	20.5	20.1	20.5	10900
1319	2025-01-03	20.8	20.8	20.3	20.8	11500
1320	2025-01-06	20.8	20.8	19.9	20.0	17400
1321	2025-01-07	20.4	20.4	19.8	20.2	17200
1322	2025-01-08	19.8	20.1	19.7	20.1	14400
1323	2025-01-09	19.8	20.1	19.8	20.0	9700
1324	2025-01-10	20.2	22.5	20.0	20.5	12900
1325	2025-01-13	20.7	21.5	19.8	20.5	4000
1326	2025-01-14	19.8	21.0	19.8	20.5	2200
1327	2025-01-15	20.4	20.4	20.0	20.3	6800
1328	2025-01-16	21.0	21.0	19.8	20.5	6600
1329	2025-01-17	20.5	20.9	19.9	20.3	17700
1330	2025-01-20	20.5	21.0	20.0	20.3	10300
1331	2025-01-21	20.3	21.0	20.2	20.7	17400
1332	2025-01-22	20.8	20.8	20.3	20.6	4700
1333	2025-01-23	20.6	20.8	20.5	20.7	4200
1334	2025-01-24	20.7	20.8	20.3	20.7	6600
1335	2025-02-03	20.5	21.0	20.0	20.6	31800
1336	2025-02-04	20.4	20.6	20.3	20.5	20700
1337	2025-02-05	20.5	20.6	20.2	20.5	18000
1338	2025-02-06	21.0	21.0	20.2	20.4	15300
1339	2025-02-07	20.4	20.5	19.8	20.4	25100
1340	2025-02-10	20.4	21.5	20.4	21.0	49900
1341	2025-02-11	21.0	22.1	20.9	21.8	77100
1342	2025-02-12	22.0	22.0	21.2	21.4	27600
1343	2025-02-13	21.5	21.5	20.7	20.9	56700
1344	2025-02-14	20.9	21.4	20.8	20.9	44700
1345	2025-02-17	21.3	21.7	21.0	21.3	35300
1346	2025-02-18	21.5	22.4	21.2	22.3	157800
1347	2025-02-19	22.3	22.5	21.8	22.0	35700
1348	2025-02-20	22.0	22.2	21.5	21.9	71400
1349	2025-02-21	21.9	21.9	21.0	21.7	33300
1350	2025-02-24	21.9	21.9	21.4	21.8	8100
1351	2025-02-25	22.1	22.1	21.5	21.8	17300
1352	2025-02-26	21.7	22.0	21.5	21.7	11800
1353	2025-02-27	21.8	21.8	21.3	21.7	28900
1354	2025-02-28	21.9	21.9	21.1	21.4	26700
1355	2025-03-03	21.3	21.9	21.1	21.9	20700
1356	2025-03-04	21.9	21.9	21.3	21.6	24500
1357	2025-03-05	21.5	21.9	21.3	21.4	13900
1358	2025-03-06	21.0	21.7	21.0	21.7	19700
1359	2025-03-07	21.7	21.9	21.5	21.6	16000
1360	2025-03-10	21.8	22.0	21.5	21.8	10100
1361	2025-03-11	24.9	24.9	21.8	22.4	281300
1362	2025-03-12	27.0	27.0	22.1	22.9	202700
1363	2025-03-13	24.8	24.8	22.2	22.4	66000
1364	2025-03-14	22.5	23.0	22.0	22.5	39600
1365	2025-03-17	23.0	23.0	22.0	22.5	20800
1366	2025-03-18	22.0	22.4	21.6	22.2	33300
1367	2025-03-19	23.0	23.0	22.2	22.5	55500
1368	2025-03-20	22.7	22.7	22.1	22.5	16100
1369	2025-03-21	22.6	22.6	22.0	22.1	7200
1370	2025-03-24	22.1	22.4	21.5	21.7	30600
1371	2025-03-25	21.7	22.3	21.5	21.7	6700
1372	2025-03-26	22.2	22.2	21.7	21.8	6900
1373	2025-03-27	21.8	22.1	21.6	21.8	10800
1374	2025-03-28	22.3	22.3	21.3	21.6	16600
1375	2025-03-31	22.1	22.1	21.2	21.9	60500
1376	2025-04-01	21.3	22.1	21.3	21.9	18700
