	time	open	high	low	close	volume
0	2018-05-22	5.35	0.0	0.0	0.0	0
1	2018-05-23	5.35	5.35	5.35	5.35	0
2	2018-05-24	5.35	5.35	5.35	5.35	0
3	2018-05-25	5.35	5.35	5.35	5.35	0
4	2018-05-28	5.35	5.35	5.35	5.35	0
5	2018-05-29	5.35	5.35	5.35	5.35	0
6	2018-05-30	5.35	5.35	5.35	5.35	0
7	2018-05-31	5.35	5.35	5.35	5.35	0
8	2018-06-01	5.35	5.35	5.35	5.35	0
9	2018-06-04	5.35	5.35	5.35	5.35	0
10	2018-06-05	6.42	6.42	6.42	6.42	100
11	2018-06-06	6.42	6.42	6.42	6.42	0
12	2018-06-07	6.42	6.42	6.42	6.42	0
13	2018-06-08	6.42	6.42	6.42	6.42	0
14	2018-06-11	6.42	6.42	6.42	6.42	0
15	2018-06-12	6.42	6.42	6.42	6.42	0
16	2018-06-13	6.42	6.42	6.42	6.42	0
17	2018-06-14	6.42	6.42	6.42	6.42	0
18	2018-06-15	6.42	6.42	6.42	6.42	0
19	2018-06-18	6.42	6.42	6.42	6.42	0
20	2018-06-19	6.42	6.42	6.42	6.42	0
21	2018-06-20	6.42	6.42	6.42	6.42	0
22	2018-06-21	6.42	6.42	6.42	6.42	0
23	2018-06-22	6.42	6.42	6.42	6.42	0
24	2018-06-25	6.42	6.42	6.42	6.42	0
25	2018-06-26	6.42	6.42	6.42	6.42	0
26	2018-06-27	6.42	6.42	6.42	6.42	0
27	2018-06-28	6.42	6.42	6.42	6.42	0
28	2018-06-29	6.42	6.42	6.42	6.42	0
29	2018-07-02	6.42	6.42	6.42	6.42	0
30	2018-07-03	6.42	6.42	6.42	6.42	0
31	2018-07-04	6.42	6.42	6.42	6.42	0
32	2018-07-05	6.42	6.42	6.42	6.42	0
33	2018-07-06	6.42	6.42	6.42	6.42	0
34	2018-07-09	6.42	6.42	6.42	6.42	0
35	2018-07-10	6.42	6.42	6.42	6.42	0
36	2018-07-11	6.42	6.42	6.42	6.42	0
37	2018-07-12	6.42	6.42	6.42	6.42	0
38	2018-07-13	6.42	6.42	6.42	6.42	0
39	2018-07-16	6.42	6.42	6.42	6.42	0
40	2018-07-17	6.42	6.42	6.42	6.42	0
41	2018-07-18	6.42	6.42	6.42	6.42	0
42	2018-07-19	6.42	6.42	6.42	6.42	0
43	2018-07-20	6.42	6.42	6.42	6.42	0
44	2018-07-23	6.42	6.42	6.42	6.42	0
45	2018-07-24	6.42	6.42	6.42	6.42	0
46	2018-07-25	6.42	6.42	6.42	6.42	0
47	2018-07-26	6.42	6.42	6.42	6.42	0
48	2018-07-27	6.42	6.42	6.42	6.42	0
49	2018-07-30	6.42	6.42	6.42	6.42	0
50	2018-07-31	6.42	6.42	6.42	6.42	0
51	2018-08-01	6.42	6.42	6.42	6.42	0
52	2018-08-02	6.42	6.42	6.42	6.42	0
53	2018-08-03	6.42	6.42	6.42	6.42	0
54	2018-08-06	6.42	6.42	6.42	6.42	0
55	2018-08-07	6.42	6.42	6.42	6.42	0
56	2018-08-08	6.42	6.42	6.42	6.42	0
57	2018-08-09	6.42	6.42	6.42	6.42	0
58	2018-08-10	6.42	6.42	6.42	6.42	0
59	2018-08-13	6.42	6.42	6.42	6.42	0
60	2018-08-14	6.42	6.42	6.42	6.42	0
61	2018-08-15	6.42	6.42	6.42	6.42	0
62	2018-08-16	6.42	6.42	6.42	6.42	0
63	2018-08-17	6.42	6.42	6.42	6.42	0
64	2018-08-20	6.42	6.42	6.42	6.42	0
65	2018-08-21	6.42	6.42	6.42	6.42	0
66	2018-08-22	6.42	6.42	6.42	6.42	0
67	2018-08-23	6.42	6.42	6.42	6.42	0
68	2018-08-24	6.42	6.42	6.42	6.42	0
69	2018-08-27	6.42	6.42	6.42	6.42	0
70	2018-08-28	6.42	6.42	6.42	6.42	0
71	2018-08-29	6.42	6.42	6.42	6.42	0
72	2018-08-30	6.42	6.42	6.42	6.42	0
73	2018-08-31	6.42	6.42	6.42	6.42	0
74	2018-09-04	6.42	6.42	6.42	6.42	0
75	2018-09-05	6.42	6.42	6.42	6.42	0
76	2018-09-06	6.42	6.42	6.42	6.42	0
77	2018-09-07	6.42	6.42	6.42	6.42	0
78	2018-09-10	6.42	6.42	6.42	6.42	0
79	2018-09-11	6.42	6.42	6.42	6.42	0
80	2018-09-12	6.42	6.42	6.42	6.42	0
81	2018-09-13	6.42	6.42	6.42	6.42	0
82	2018-09-14	6.42	6.42	6.42	6.42	0
83	2018-09-17	6.42	6.42	6.42	6.42	0
84	2018-09-18	6.42	6.42	6.42	6.42	0
85	2018-09-19	6.42	6.42	6.42	6.42	0
86	2018-09-20	6.42	6.42	6.42	6.42	0
87	2018-09-21	6.42	6.42	6.42	6.42	0
88	2018-09-24	6.42	6.42	6.42	6.42	0
89	2018-09-25	6.42	6.42	6.42	6.42	0
90	2018-09-26	6.42	6.42	6.42	6.42	0
91	2018-09-27	6.42	6.42	6.42	6.42	0
92	2018-09-28	6.42	6.42	6.42	6.42	0
93	2018-10-01	6.42	6.42	6.42	6.42	0
94	2018-10-02	6.42	6.42	6.42	6.42	0
95	2018-10-03	6.42	6.42	6.42	6.42	0
96	2018-10-04	6.42	6.42	6.42	6.42	0
97	2018-10-05	6.42	6.42	6.42	6.42	0
98	2018-10-08	6.42	6.42	6.42	6.42	0
99	2018-10-09	6.42	6.42	6.42	6.42	0
100	2018-10-10	6.42	6.42	6.42	6.42	0
101	2018-10-11	6.42	6.42	6.42	6.42	0
102	2018-10-12	6.42	6.42	6.42	6.42	0
103	2018-10-15	6.42	6.42	6.42	6.42	0
104	2018-10-16	6.42	6.42	6.42	6.42	0
105	2018-10-17	6.42	6.42	6.42	6.42	0
106	2018-10-18	6.42	6.42	6.42	6.42	0
107	2018-10-19	6.42	6.42	6.42	6.42	0
108	2018-10-22	6.42	6.42	6.42	6.42	0
109	2018-10-23	6.42	6.42	6.42	6.42	0
110	2018-10-24	6.42	6.42	6.42	6.42	0
111	2018-10-25	6.42	6.42	6.42	6.42	0
112	2018-10-26	6.42	6.42	6.42	6.42	0
113	2018-10-29	6.42	6.42	6.42	6.42	0
114	2018-10-30	6.42	6.42	6.42	6.42	0
115	2018-10-31	6.42	6.42	6.42	6.42	0
116	2018-11-01	6.42	6.42	6.42	6.42	0
117	2018-11-02	6.42	6.42	6.42	6.42	0
118	2018-11-05	6.42	6.42	6.42	6.42	0
119	2018-11-06	6.42	6.42	6.42	6.42	0
120	2018-11-07	6.42	6.42	6.42	6.42	0
121	2018-11-08	6.42	6.42	6.42	6.42	0
122	2018-11-09	6.42	6.42	6.42	6.42	0
123	2018-11-12	6.42	6.42	6.42	6.42	0
124	2018-11-13	6.42	6.42	6.42	6.42	0
125	2018-11-14	6.42	6.42	6.42	6.42	0
126	2018-11-15	6.42	6.42	6.42	6.42	0
127	2018-11-16	6.42	6.42	6.42	6.42	0
128	2018-11-19	6.42	6.42	6.42	6.42	0
129	2018-11-20	6.42	6.42	6.42	6.42	0
130	2018-11-21	6.42	6.42	6.42	6.42	0
131	2018-11-22	6.42	7.01	7.01	7.01	0
132	2018-11-23	6.42	7.01	7.01	7.01	0
133	2018-11-26	6.42	7.01	7.01	7.01	0
134	2018-11-27	6.42	7.01	7.01	7.01	0
135	2018-11-28	6.42	7.01	7.01	7.01	0
136	2018-11-29	6.42	7.01	7.01	7.01	0
137	2018-11-30	6.42	7.01	7.01	7.01	0
138	2018-12-03	6.42	7.01	7.01	7.01	0
139	2018-12-04	6.42	7.01	7.01	7.01	0
140	2018-12-05	6.42	7.01	7.01	7.01	0
141	2018-12-06	6.42	7.01	7.01	7.01	0
142	2018-12-07	6.42	7.01	7.01	7.01	0
143	2018-12-10	6.42	7.01	7.01	7.01	0
144	2018-12-11	6.42	7.01	7.01	7.01	0
145	2018-12-12	6.42	7.01	7.01	7.01	0
146	2018-12-13	6.42	7.01	7.01	7.01	0
147	2018-12-14	6.42	6.42	6.42	6.42	0
148	2018-12-17	6.42	7.01	7.01	7.01	0
149	2018-12-18	6.42	7.01	7.01	7.01	0
150	2018-12-19	6.42	7.01	7.01	7.01	0
151	2018-12-20	6.42	7.01	7.01	7.01	0
152	2018-12-21	6.42	7.01	7.01	7.01	0
153	2018-12-24	6.42	7.01	7.01	7.01	0
154	2018-12-25	6.42	7.01	7.01	7.01	0
155	2018-12-26	6.42	6.42	6.42	6.42	0
156	2018-12-27	6.42	7.01	7.01	7.01	0
157	2018-12-28	6.42	7.01	7.01	7.01	0
158	2019-01-02	6.42	7.01	7.01	7.01	0
159	2019-01-03	6.42	7.01	7.01	7.01	0
160	2019-01-04	6.42	7.01	7.01	7.01	0
161	2019-01-07	6.42	7.01	7.01	7.01	0
162	2019-01-08	6.42	7.01	7.01	7.01	0
163	2019-01-09	6.42	7.01	7.01	7.01	0
164	2019-01-10	6.42	7.01	7.01	7.01	0
165	2019-01-11	6.42	7.01	7.01	7.01	0
166	2019-01-14	6.42	7.01	7.01	7.01	0
167	2019-01-15	6.42	7.01	7.01	7.01	0
168	2019-01-16	6.42	7.01	7.01	7.01	0
169	2019-01-17	6.42	7.01	7.01	7.01	0
170	2019-01-18	6.42	7.01	7.01	7.01	0
171	2019-01-21	6.42	7.01	7.01	7.01	0
172	2019-01-22	6.42	7.01	7.01	7.01	0
173	2019-01-23	6.42	7.01	7.01	7.01	0
174	2019-01-24	6.42	7.01	7.01	7.01	0
175	2019-01-25	6.42	7.01	7.01	7.01	0
176	2019-01-28	6.42	7.01	7.01	7.01	0
177	2019-01-29	6.42	7.01	7.01	7.01	0
178	2019-01-30	6.42	7.01	7.01	7.01	0
179	2019-01-31	6.42	7.01	7.01	7.01	0
180	2019-02-01	6.42	7.01	7.01	7.01	0
181	2019-02-11	6.42	7.01	7.01	7.01	0
182	2019-02-12	6.42	7.01	7.01	7.01	0
183	2019-02-13	6.42	7.01	7.01	7.01	0
184	2019-02-14	6.42	7.01	7.01	7.01	0
185	2019-02-15	6.42	7.01	7.01	7.01	0
186	2019-02-18	6.42	7.01	7.01	7.01	0
187	2019-02-19	6.42	7.01	7.01	7.01	0
188	2019-02-20	6.42	7.01	7.01	7.01	0
189	2019-02-21	6.42	7.01	7.01	7.01	0
190	2019-02-22	6.42	7.01	7.01	7.01	0
191	2019-02-25	6.42	7.01	7.01	7.01	0
192	2019-02-26	6.42	7.01	7.01	7.01	0
193	2019-02-27	6.42	7.01	7.01	7.01	0
194	2019-02-28	6.42	7.01	7.01	7.01	0
195	2019-03-01	6.42	7.01	7.01	7.01	0
196	2019-03-04	6.42	7.01	7.01	7.01	0
197	2019-03-05	6.42	7.01	7.01	7.01	0
198	2019-03-06	6.42	7.01	7.01	7.01	0
199	2019-03-07	6.42	7.01	7.01	7.01	0
200	2019-03-08	6.42	7.01	7.01	7.01	0
201	2019-03-11	6.42	7.01	7.01	7.01	0
202	2019-03-12	6.42	7.01	7.01	7.01	0
203	2019-03-13	6.42	7.01	7.01	7.01	0
204	2019-03-14	6.42	7.01	7.01	7.01	0
205	2019-03-15	6.42	7.01	7.01	7.01	0
206	2019-03-18	6.42	7.01	7.01	7.01	0
207	2019-03-19	6.42	7.01	7.01	7.01	0
208	2019-03-20	6.42	7.01	7.01	7.01	0
209	2019-03-21	6.42	7.01	7.01	7.01	0
210	2019-03-22	6.42	7.01	7.01	7.01	0
211	2019-03-25	6.42	7.01	7.01	7.01	0
212	2019-03-26	6.42	7.01	7.01	7.01	0
213	2019-03-27	6.42	7.01	7.01	7.01	0
214	2019-03-28	6.42	7.01	7.01	7.01	0
215	2019-03-29	6.42	7.01	7.01	7.01	0
216	2019-04-01	6.42	7.01	7.01	7.01	0
217	2019-04-02	6.42	7.01	7.01	7.01	0
218	2019-04-03	6.42	7.01	7.01	7.01	0
219	2019-04-04	6.42	7.01	7.01	7.01	0
220	2019-04-05	6.42	7.01	7.01	7.01	0
221	2019-04-08	6.42	7.01	7.01	7.01	0
222	2019-04-09	6.42	7.01	7.01	7.01	0
223	2019-04-10	6.42	7.01	7.01	7.01	0
224	2019-04-11	6.42	7.01	7.01	7.01	0
225	2019-04-12	6.42	7.01	7.01	7.01	0
226	2019-04-16	6.42	7.01	7.01	7.01	0
227	2019-04-17	6.42	7.01	7.01	7.01	0
228	2019-04-18	6.42	7.01	7.01	7.01	0
229	2019-04-19	6.42	7.01	7.01	7.01	0
230	2019-04-22	6.42	7.01	7.01	7.01	0
231	2019-04-23	6.42	7.01	7.01	7.01	0
232	2019-04-24	6.42	7.01	7.01	7.01	0
233	2019-04-25	6.42	7.01	7.01	7.01	0
234	2019-04-26	6.42	7.01	7.01	7.01	0
235	2019-05-02	6.42	7.01	7.01	7.01	0
236	2019-05-03	6.42	7.01	7.01	7.01	0
237	2019-05-06	6.42	7.01	7.01	7.01	0
238	2019-05-07	6.42	7.01	7.01	7.01	0
239	2019-05-08	6.42	7.01	7.01	7.01	0
240	2019-05-09	6.42	7.01	7.01	7.01	0
241	2019-05-10	6.42	7.01	7.01	7.01	0
242	2019-05-13	6.42	7.01	7.01	7.01	0
243	2019-05-14	6.42	7.01	7.01	7.01	0
244	2019-05-15	6.42	7.01	7.01	7.01	0
245	2019-05-16	6.42	7.01	7.01	7.01	0
246	2019-05-17	6.42	7.01	7.01	7.01	0
247	2019-05-20	6.42	7.01	7.01	7.01	0
248	2019-05-21	6.42	7.01	7.01	7.01	0
249	2019-05-22	6.42	7.01	7.01	7.01	0
250	2019-05-23	6.42	7.01	7.01	7.01	0
251	2019-05-24	6.42	7.01	7.01	7.01	0
252	2019-05-27	6.42	7.01	7.01	7.01	0
253	2019-05-28	6.42	7.01	7.01	7.01	0
254	2019-05-29	6.42	7.01	7.01	7.01	0
255	2019-05-30	6.42	7.01	7.01	7.01	0
256	2019-05-31	6.42	7.01	7.01	7.01	0
257	2019-06-03	6.42	7.01	7.01	7.01	0
258	2019-06-04	6.42	7.01	7.01	7.01	0
259	2019-06-05	6.42	7.01	7.01	7.01	0
260	2019-06-06	6.42	7.01	7.01	7.01	0
261	2019-06-07	6.42	7.01	7.01	7.01	0
262	2019-06-10	6.42	7.01	7.01	7.01	0
263	2019-06-11	6.42	7.01	7.01	7.01	0
264	2019-06-12	6.42	7.01	7.01	7.01	0
265	2019-06-13	6.42	7.01	7.01	7.01	0
266	2019-06-14	6.42	7.01	7.01	7.01	0
267	2019-06-17	6.42	7.01	7.01	7.01	0
268	2019-06-18	6.42	7.01	7.01	7.01	0
269	2019-06-19	6.42	7.01	7.01	7.01	0
270	2019-06-20	6.42	6.42	6.42	6.42	0
271	2019-06-21	6.42	6.42	6.42	6.42	0
272	2019-06-24	6.42	7.01	7.01	7.01	0
273	2019-06-25	6.42	7.01	7.01	7.01	0
274	2019-06-26	6.42	7.01	7.01	7.01	0
275	2019-06-27	6.42	7.01	7.01	7.01	0
276	2019-06-28	6.42	7.01	7.01	7.01	0
277	2019-07-01	6.42	7.01	7.01	7.01	0
278	2019-07-02	6.42	7.01	7.01	7.01	0
279	2019-07-03	6.42	7.01	7.01	7.01	0
280	2019-07-04	6.42	6.42	6.42	6.42	0
281	2019-07-05	6.42	7.01	7.01	7.01	0
282	2019-07-08	6.42	7.01	7.01	7.01	0
283	2019-07-09	6.42	7.01	7.01	7.01	0
284	2019-07-10	6.42	7.01	7.01	7.01	0
285	2019-07-11	6.42	7.01	7.01	7.01	0
286	2019-07-12	6.42	7.01	7.01	7.01	0
287	2019-07-15	6.42	7.01	7.01	7.01	0
288	2019-07-16	6.42	7.01	7.01	7.01	0
289	2019-07-17	6.42	7.01	7.01	7.01	0
290	2019-07-18	6.42	7.01	7.01	7.01	0
291	2019-07-19	6.42	7.01	7.01	7.01	0
292	2019-07-22	6.42	7.01	7.01	7.01	0
293	2019-07-23	6.42	7.01	7.01	7.01	0
294	2019-07-24	6.42	7.01	7.01	7.01	0
295	2019-07-25	6.42	7.01	7.01	7.01	0
296	2019-07-26	6.42	7.01	7.01	7.01	0
297	2019-07-29	6.42	7.01	7.01	7.01	0
298	2019-07-30	6.42	7.01	7.01	7.01	0
299	2019-07-31	6.42	7.01	7.01	7.01	0
300	2019-08-01	6.42	7.01	7.01	7.01	0
301	2019-08-02	6.42	7.01	7.01	7.01	0
302	2019-08-05	6.42	7.01	7.01	7.01	0
303	2019-08-06	6.42	7.01	7.01	7.01	0
304	2019-08-07	6.42	7.01	7.01	7.01	0
305	2019-08-08	6.42	7.01	7.01	7.01	0
306	2019-08-09	6.42	7.01	7.01	7.01	0
307	2019-08-12	6.42	7.01	7.01	7.01	0
308	2019-08-13	6.42	7.01	7.01	7.01	0
309	2019-08-14	6.42	7.01	7.01	7.01	0
310	2019-08-15	6.42	7.01	7.01	7.01	0
311	2019-08-16	6.42	7.01	7.01	7.01	0
312	2019-08-19	6.42	7.01	7.01	7.01	0
313	2019-08-20	6.42	7.01	7.01	7.01	0
314	2019-08-21	6.42	7.01	7.01	7.01	0
315	2019-08-22	6.42	7.01	7.01	7.01	0
316	2019-08-23	6.42	7.01	7.01	7.01	0
317	2019-08-26	6.42	7.01	7.01	7.01	0
318	2019-08-27	6.42	7.01	7.01	7.01	0
319	2019-08-28	6.42	7.01	7.01	7.01	0
320	2019-08-29	6.42	7.01	7.01	7.01	0
321	2019-08-30	6.42	7.01	7.01	7.01	0
322	2019-09-03	6.42	7.01	7.01	7.01	0
323	2019-09-04	6.42	7.01	7.01	7.01	0
324	2019-09-05	6.42	7.01	7.01	7.01	0
325	2019-09-06	6.42	7.01	7.01	7.01	0
326	2019-09-09	6.42	7.01	7.01	7.01	0
327	2019-09-10	6.42	7.01	7.01	7.01	0
328	2019-09-11	6.42	7.01	7.01	7.01	0
329	2019-09-12	6.42	7.01	7.01	7.01	0
330	2019-09-13	6.42	7.01	7.01	7.01	0
331	2019-09-16	6.42	7.01	7.01	7.01	0
332	2019-09-17	6.42	7.01	7.01	7.01	0
333	2019-09-18	6.42	7.01	7.01	7.01	0
334	2019-09-19	6.42	7.01	7.01	7.01	0
335	2019-09-20	6.42	7.01	7.01	7.01	0
336	2019-09-23	6.42	7.01	7.01	7.01	0
337	2019-09-24	6.42	7.01	7.01	7.01	0
338	2019-09-25	6.42	7.01	7.01	7.01	0
339	2019-09-26	6.42	7.01	7.01	7.01	0
340	2019-09-27	6.42	7.01	7.01	7.01	0
341	2019-09-30	6.42	7.01	7.01	7.01	0
342	2019-10-01	6.42	7.01	7.01	7.01	0
343	2019-10-02	6.42	7.01	7.01	7.01	0
344	2019-10-03	6.42	7.01	7.01	7.01	0
345	2019-10-04	6.42	7.01	7.01	7.01	0
346	2019-10-07	6.42	7.71	7.71	7.71	0
347	2019-10-08	6.42	7.71	7.71	7.71	0
348	2019-10-09	6.42	7.71	7.71	7.71	0
349	2019-10-10	6.42	7.71	7.71	7.71	0
350	2019-10-11	6.42	7.71	7.71	7.71	0
351	2019-10-14	6.42	7.71	7.71	7.71	0
352	2019-10-15	6.42	6.42	6.42	6.42	0
353	2019-10-16	6.42	7.71	7.71	7.71	0
354	2019-10-17	6.42	7.71	7.71	7.71	0
355	2019-10-18	6.42	7.71	7.71	7.71	0
356	2019-10-21	6.42	7.71	7.71	7.71	0
357	2019-10-22	6.42	7.71	7.71	7.71	0
358	2019-10-23	6.42	7.71	7.71	7.71	0
359	2019-10-24	6.42	7.71	7.71	7.71	0
360	2019-10-25	6.42	7.71	7.71	7.71	0
361	2019-10-28	6.42	7.71	7.71	7.71	0
362	2019-10-29	6.42	7.71	7.71	7.71	0
363	2019-10-30	6.42	7.71	7.71	7.71	0
364	2019-10-31	6.42	6.42	6.42	6.42	0
365	2019-11-01	6.42	7.71	7.71	7.71	0
366	2019-11-04	6.42	7.71	7.71	7.71	0
367	2019-11-05	6.42	7.71	7.71	7.71	0
368	2019-11-06	6.42	7.71	7.71	7.71	0
369	2019-11-07	6.42	7.71	7.71	7.71	0
370	2019-11-08	6.42	7.71	7.71	7.71	0
371	2019-11-11	6.42	7.71	7.71	7.71	0
372	2019-11-12	6.42	7.71	7.71	7.71	0
373	2019-11-13	6.42	7.71	7.71	7.71	0
374	2019-11-14	6.42	7.71	7.71	7.71	0
375	2019-11-15	6.42	7.71	7.71	7.71	0
376	2019-11-18	6.42	7.71	7.71	7.71	0
377	2019-11-19	6.42	7.71	7.71	7.71	0
378	2019-11-20	6.42	7.71	7.71	7.71	0
379	2019-11-21	6.42	7.71	7.71	7.71	0
380	2019-11-22	6.42	6.42	6.42	6.42	0
381	2019-11-25	6.42	7.71	7.71	7.71	0
382	2019-11-26	6.42	7.71	7.71	7.71	0
383	2019-11-27	6.42	7.71	7.71	7.71	0
384	2019-11-28	6.42	7.71	7.71	7.71	0
385	2019-11-29	6.42	7.71	7.71	7.71	0
386	2019-12-02	6.42	6.42	6.42	6.42	0
387	2019-12-03	6.42	7.71	7.71	7.71	0
388	2019-12-04	6.42	7.71	7.71	7.71	0
389	2019-12-05	6.42	7.71	7.71	7.71	0
390	2019-12-06	6.42	7.71	7.71	7.71	0
391	2019-12-09	6.42	7.71	7.71	7.71	0
392	2019-12-10	6.42	7.71	7.71	7.71	0
393	2019-12-11	6.42	7.71	7.71	7.71	0
394	2019-12-12	6.42	7.71	7.71	7.71	0
395	2019-12-13	6.42	7.71	7.71	7.71	0
396	2019-12-16	6.42	7.71	7.71	7.71	0
397	2019-12-17	6.42	7.71	7.71	7.71	0
398	2019-12-18	6.42	7.71	7.71	7.71	0
399	2019-12-19	6.42	7.71	7.71	7.71	0
400	2019-12-20	6.42	7.71	7.71	7.71	0
401	2019-12-23	6.42	7.71	7.71	7.71	0
402	2019-12-24	6.42	7.71	7.71	7.71	0
403	2019-12-25	6.42	7.71	7.71	7.71	0
404	2019-12-26	6.42	7.71	7.71	7.71	0
405	2019-12-27	6.42	7.71	7.71	7.71	0
406	2019-12-30	6.42	7.71	7.71	7.71	0
407	2019-12-31	6.42	7.71	7.71	7.71	0
408	2020-01-02	6.42	7.71	7.71	7.71	0
409	2020-01-03	6.42	7.71	7.71	7.71	0
410	2020-01-06	6.42	7.71	7.71	7.71	0
411	2020-01-07	6.42	7.71	7.71	7.71	0
412	2020-01-08	6.42	7.71	7.71	7.71	0
413	2020-01-09	6.42	7.71	7.71	7.71	0
414	2020-01-10	6.42	7.71	7.71	7.71	0
415	2020-01-13	6.42	7.71	7.71	7.71	0
416	2020-01-14	6.42	7.71	7.71	7.71	0
417	2020-01-15	6.42	7.71	7.71	7.71	0
418	2020-01-16	6.42	7.71	7.71	7.71	0
419	2020-01-17	6.42	7.71	7.71	7.71	0
420	2020-01-20	6.42	7.71	7.71	7.71	0
421	2020-01-21	6.42	7.71	7.71	7.71	0
422	2020-01-22	6.42	7.71	7.71	7.71	0
423	2020-01-30	6.42	7.71	7.71	7.71	0
424	2020-01-31	6.42	7.71	7.71	7.71	0
425	2020-02-03	6.42	7.71	7.71	7.71	0
426	2020-02-04	6.42	7.71	7.71	7.71	0
427	2020-02-05	6.42	7.71	7.71	7.71	0
428	2020-02-06	6.42	7.71	7.71	7.71	0
429	2020-02-07	6.42	7.71	7.71	7.71	0
430	2020-02-10	6.42	7.71	7.71	7.71	0
431	2020-02-11	6.42	7.71	7.71	7.71	0
432	2020-02-12	6.42	7.71	7.71	7.71	0
433	2020-02-13	6.42	7.71	7.71	7.71	0
434	2020-02-14	6.42	7.71	7.71	7.71	0
435	2020-02-17	6.42	7.71	7.71	7.71	0
436	2020-02-18	6.42	7.71	7.71	7.71	0
437	2020-02-19	6.42	7.71	7.71	7.71	0
438	2020-02-20	6.42	7.71	7.71	7.71	0
439	2020-02-21	6.42	7.71	7.71	7.71	0
440	2020-02-24	6.42	7.71	7.71	7.71	0
441	2020-02-25	6.42	7.71	7.71	7.71	0
442	2020-02-26	6.42	7.71	7.71	7.71	0
443	2020-02-27	6.42	7.71	7.71	7.71	0
444	2020-02-28	6.42	7.71	7.71	7.71	0
445	2020-03-02	6.42	7.71	7.71	7.71	0
446	2020-03-03	6.42	7.71	7.71	7.71	0
447	2020-03-04	6.42	7.71	7.71	7.71	0
448	2020-03-05	6.42	7.71	7.71	7.71	0
449	2020-03-06	6.42	7.71	7.71	7.71	0
450	2020-03-09	6.42	7.71	7.71	7.71	0
451	2020-03-10	6.42	7.71	7.71	7.71	0
452	2020-03-11	6.42	7.71	7.71	7.71	0
453	2020-03-12	6.42	7.71	7.71	7.71	0
454	2020-03-13	6.42	7.71	7.71	7.71	0
455	2020-03-16	6.42	7.71	7.71	7.71	0
456	2020-03-17	6.42	7.71	7.71	7.71	0
457	2020-03-18	6.42	7.71	7.71	7.71	0
458	2020-03-19	6.42	7.71	7.71	7.71	0
459	2020-03-20	6.42	7.71	7.71	7.71	0
460	2020-03-23	6.42	7.71	7.71	7.71	0
461	2020-03-24	6.42	7.71	7.71	7.71	0
462	2020-03-25	6.42	7.71	7.71	7.71	0
463	2020-03-26	6.42	7.71	7.71	7.71	0
464	2020-03-27	6.42	7.71	7.71	7.71	0
465	2020-03-30	6.42	7.71	7.71	7.71	0
466	2020-03-31	6.42	7.71	7.71	7.71	0
467	2020-04-01	6.42	7.71	7.71	7.71	0
468	2020-04-03	6.42	7.71	7.71	7.71	0
469	2020-04-06	6.42	7.71	7.71	7.71	0
470	2020-04-07	6.42	7.71	7.71	7.71	0
471	2020-04-08	6.42	7.71	7.71	7.71	0
472	2020-04-09	6.42	7.71	7.71	7.71	0
473	2020-04-10	6.42	7.71	7.71	7.71	0
474	2020-04-13	6.42	7.71	7.71	7.71	0
475	2020-04-14	6.42	7.71	7.71	7.71	0
476	2020-04-15	6.42	7.71	7.71	7.71	0
477	2020-04-16	6.42	7.71	7.71	7.71	0
478	2020-04-17	6.42	7.71	7.71	7.71	0
479	2020-04-20	6.42	7.71	7.71	7.71	0
480	2020-04-21	6.42	7.71	7.71	7.71	0
481	2020-04-22	6.42	7.71	7.71	7.71	0
482	2020-04-23	6.42	7.71	7.71	7.71	0
483	2020-04-24	6.42	7.71	7.71	7.71	0
484	2020-04-27	6.42	7.71	7.71	7.71	0
485	2020-04-28	6.42	7.71	7.71	7.71	0
486	2020-04-29	6.42	7.71	7.71	7.71	0
487	2020-05-04	6.42	7.71	7.71	7.71	0
488	2020-05-05	6.42	7.71	7.71	7.71	0
489	2020-05-06	6.42	7.71	7.71	7.71	0
490	2020-05-07	6.42	7.71	7.71	7.71	0
491	2020-05-08	6.42	7.71	7.71	7.71	0
492	2020-05-11	6.42	7.71	7.71	7.71	0
493	2020-05-12	6.42	7.71	7.71	7.71	0
494	2020-05-13	6.42	7.71	7.71	7.71	0
495	2020-05-14	6.42	7.71	7.71	7.71	0
496	2020-05-15	6.42	7.71	7.71	7.71	0
497	2020-05-18	6.42	7.71	7.71	7.71	0
498	2020-05-19	6.42	7.71	7.71	7.71	0
499	2020-05-20	6.42	7.71	7.71	7.71	0
500	2020-05-21	6.42	7.71	7.71	7.71	0
501	2020-05-22	6.42	7.71	7.71	7.71	0
502	2020-05-25	6.42	7.71	7.71	7.71	0
503	2020-05-26	6.42	7.71	7.71	7.71	0
504	2020-05-27	6.42	7.71	7.71	7.71	0
505	2020-05-28	6.42	7.71	7.71	7.71	0
506	2020-05-29	5.78	5.78	5.78	5.78	700
507	2020-06-01	5.78	5.78	5.78	5.78	0
508	2020-06-02	5.78	5.78	5.78	5.78	0
509	2020-06-03	5.78	5.78	5.78	5.78	0
510	2020-06-04	5.78	5.78	5.78	5.78	0
511	2020-06-05	5.78	5.78	5.78	5.78	0
512	2020-06-08	5.78	5.78	5.78	5.78	0
513	2020-06-09	5.78	5.78	5.78	5.78	0
514	2020-06-10	5.78	5.78	5.78	5.78	0
515	2020-06-11	5.78	5.78	5.78	5.78	0
516	2020-06-12	5.78	5.78	5.78	5.78	0
517	2020-06-15	5.78	5.78	5.78	5.78	0
518	2020-06-16	5.78	5.78	5.78	5.78	0
519	2020-06-17	5.78	5.78	5.78	5.78	0
520	2020-06-18	5.78	5.78	5.78	5.78	0
521	2020-06-19	5.78	5.78	5.78	5.78	0
522	2020-06-22	5.78	5.78	5.78	5.78	0
523	2020-06-23	5.78	5.78	5.78	5.78	0
524	2020-06-24	5.78	5.78	5.78	5.78	0
525	2020-06-25	5.78	5.78	5.78	5.78	0
526	2020-06-26	5.78	5.78	5.78	5.78	0
527	2020-06-29	5.78	5.78	5.78	5.78	0
528	2020-06-30	5.78	5.78	5.78	5.78	0
529	2020-07-01	5.78	5.78	5.78	5.78	0
530	2020-07-02	5.78	5.78	5.78	5.78	0
531	2020-07-03	5.78	5.78	5.78	5.78	0
532	2020-07-06	5.78	5.78	5.78	5.78	0
533	2020-07-07	5.78	5.78	5.78	5.78	0
534	2020-07-08	5.78	5.78	5.78	5.78	0
535	2020-07-09	5.78	5.78	5.78	5.78	0
536	2020-07-10	5.78	5.78	5.78	5.78	0
537	2020-07-13	5.78	5.78	5.78	5.78	0
538	2020-07-14	5.78	5.78	5.78	5.78	0
539	2020-07-15	5.78	5.78	5.78	5.78	0
540	2020-07-16	5.78	5.78	5.78	5.78	0
541	2020-07-17	5.78	5.78	5.78	5.78	0
542	2020-07-20	5.78	5.78	5.78	5.78	0
543	2020-07-21	5.78	5.78	5.78	5.78	0
544	2020-07-22	5.78	5.78	5.78	5.78	0
545	2020-07-23	5.78	5.78	5.78	5.78	0
546	2020-07-24	5.78	5.78	5.78	5.78	0
547	2020-07-27	5.78	5.78	5.78	5.78	0
548	2020-07-28	5.78	5.78	5.78	5.78	0
549	2020-07-29	5.78	5.78	5.78	5.78	0
550	2020-07-30	5.78	5.78	5.78	5.78	0
551	2020-07-31	5.78	5.78	5.78	5.78	0
552	2020-08-03	5.78	5.78	5.78	5.78	0
553	2020-08-04	5.78	5.78	5.78	5.78	0
554	2020-08-05	5.78	5.78	5.78	5.78	0
555	2020-08-06	5.78	5.78	5.78	5.78	0
556	2020-08-07	5.78	5.78	5.78	5.78	0
557	2020-08-10	5.78	5.78	5.78	5.78	0
558	2020-08-11	5.78	5.78	5.78	5.78	0
559	2020-08-12	5.78	5.78	5.78	5.78	0
560	2020-08-13	5.78	5.78	5.78	5.78	0
561	2020-08-14	6.42	6.42	6.42	6.42	115100
562	2020-08-17	6.42	6.42	6.42	6.42	0
563	2020-08-18	6.42	6.42	6.42	6.42	0
564	2020-08-19	6.42	6.42	6.42	6.42	0
565	2020-08-20	6.42	6.42	6.42	6.42	0
566	2020-08-21	5.46	5.46	5.46	5.46	100
567	2020-08-24	5.46	5.46	5.46	5.46	0
568	2020-08-25	5.46	5.78	5.46	5.78	200
569	2020-08-26	5.78	5.78	5.78	5.78	5600
570	2020-08-27	5.78	5.78	5.78	5.78	0
571	2020-08-28	5.78	5.78	5.78	5.78	0
572	2020-08-31	6.42	6.42	6.42	6.42	9625
573	2020-09-01	6.42	6.42	6.42	6.42	0
574	2020-09-03	6.42	6.42	6.42	6.42	0
575	2020-09-04	6.42	6.42	6.42	6.42	0
576	2020-09-07	6.42	6.42	6.42	6.42	0
577	2020-09-08	6.42	6.42	6.42	6.42	0
578	2020-09-09	6.42	6.42	6.42	6.42	0
579	2020-09-10	6.1	6.42	6.1	6.42	800
580	2020-09-11	6.23	6.42	6.42	6.42	0
581	2020-09-14	6.29	6.74	6.29	6.74	1250
582	2020-09-15	6.61	6.74	6.74	6.74	0
583	2020-09-16	6.61	6.74	6.74	6.74	0
584	2020-09-17	6.61	6.74	6.74	6.74	0
585	2020-09-18	6.61	6.74	6.74	6.74	0
586	2020-09-21	6.61	6.61	6.61	6.61	5750
587	2020-09-22	6.61	6.61	6.61	6.61	0
588	2020-09-23	6.74	6.74	6.74	6.74	1800
589	2020-09-24	6.74	6.74	6.74	6.74	5050
590	2020-09-25	6.74	7.45	7.45	7.45	0
591	2020-09-28	6.74	7.45	7.45	7.45	0
592	2020-09-29	6.74	7.45	7.45	7.45	0
593	2020-09-30	6.74	7.45	7.45	7.45	0
594	2020-10-01	6.03	6.03	6.03	6.03	500
595	2020-10-02	6.03	6.74	5.18	6.74	4000
596	2020-10-05	5.32	6.74	6.74	6.74	0
597	2020-10-06	5.32	6.74	6.74	6.74	0
598	2020-10-07	6.03	6.03	6.03	6.03	100
599	2020-10-08	6.03	6.03	6.03	6.03	0
600	2020-10-09	6.03	6.03	6.03	6.03	0
601	2020-10-12	6.81	6.81	6.03	6.03	300
602	2020-10-13	5.89	5.89	5.89	5.89	1100
603	2020-10-14	6.67	6.67	6.67	6.67	100
604	2020-10-15	6.67	6.67	6.67	6.67	0
605	2020-10-16	6.67	6.67	6.67	6.67	0
606	2020-10-19	6.67	6.67	6.67	6.67	0
607	2020-10-20	5.75	5.75	5.75	5.75	100
608	2020-10-21	5.75	5.75	5.75	5.75	200
609	2020-10-22	6.39	6.39	6.03	6.03	300
610	2020-10-23	6.03	6.03	6.03	6.03	100
611	2020-10-26	6.03	6.03	6.03	6.03	0
612	2020-10-27	5.39	5.89	5.39	5.82	2000
613	2020-10-28	5.82	5.82	5.82	5.82	0
614	2020-10-29	5.82	5.82	5.82	5.82	0
615	2020-10-30	4.97	6.03	4.97	5.82	1100
616	2020-11-02	6.6	6.6	6.6	6.6	100
617	2020-11-03	6.6	6.6	6.6	6.6	0
618	2020-11-04	6.6	6.6	6.6	6.6	0
619	2020-11-05	6.6	6.6	6.6	6.6	0
620	2020-11-06	6.6	6.6	6.6	6.6	0
621	2020-11-09	6.6	6.6	6.6	6.6	0
622	2020-11-10	6.39	6.39	6.39	6.39	100
623	2020-11-11	6.39	6.39	6.39	6.39	0
624	2020-11-12	6.39	6.39	6.39	6.39	3000
625	2020-11-13	6.39	6.39	6.39	6.39	0
626	2020-11-16	5.46	5.46	5.46	5.46	100
627	2020-11-17	5.89	6.03	5.89	6.03	2100
628	2020-11-18	6.03	6.03	6.03	6.03	0
629	2020-11-19	5.32	6.39	5.32	6.39	200
630	2020-11-20	5.04	6.39	5.04	6.39	3100
631	2020-11-23	6.39	6.39	6.03	6.03	5300
632	2020-11-24	5.68	5.68	5.68	5.68	100
633	2020-11-25	5.68	5.68	5.68	5.68	0
634	2020-11-26	5.68	5.68	5.68	5.68	0
635	2020-11-27	5.32	5.32	4.97	4.97	3400
636	2020-11-30	5.75	5.75	5.75	5.75	100
637	2020-12-01	6.25	6.39	6.25	6.39	2400
638	2020-12-02	6.32	6.39	6.32	6.39	3200
639	2020-12-03	6.39	6.39	6.39	6.39	0
640	2020-12-04	6.39	6.39	6.39	6.39	0
641	2020-12-07	6.39	6.39	6.39	6.39	900
642	2020-12-08	6.39	6.39	6.39	6.39	200
643	2020-12-09	7.1	7.1	7.1	7.1	100
644	2020-12-10	7.1	7.1	7.1	7.1	0
645	2020-12-11	7.81	7.81	7.81	7.81	100
646	2020-12-14	6.67	7.81	6.67	7.81	211
647	2020-12-15	6.25	6.25	6.25	6.25	100
648	2020-12-16	6.25	6.25	6.25	6.25	0
649	2020-12-17	6.25	6.25	6.25	6.25	0
650	2020-12-18	7.1	7.17	6.46	7.1	400
651	2020-12-21	6.39	6.39	6.39	6.39	100
652	2020-12-22	6.39	6.39	6.39	6.39	0
653	2020-12-23	6.39	6.39	6.39	6.39	0
654	2020-12-24	6.39	6.39	6.39	6.39	0
655	2020-12-25	6.39	6.39	6.39	6.39	0
656	2020-12-28	6.39	6.39	6.39	6.39	0
657	2020-12-29	6.39	6.39	6.39	6.39	29
658	2020-12-30	6.39	6.39	6.39	6.39	0
659	2020-12-31	6.39	6.39	6.39	6.39	0
660	2021-01-04	6.39	6.39	6.39	6.39	0
661	2021-01-05	6.39	6.39	6.39	6.39	0
662	2021-01-06	6.39	6.39	6.39	6.39	0
663	2021-01-07	6.39	6.39	6.39	6.39	100
664	2021-01-08	6.39	6.39	6.39	6.39	0
665	2021-01-11	6.39	6.39	6.39	6.39	0
666	2021-01-12	6.39	6.39	6.39	6.39	100
667	2021-01-13	6.53	6.88	6.53	6.53	10200
668	2021-01-14	6.81	6.53	6.53	6.53	0
669	2021-01-15	6.74	6.96	6.74	6.81	15300
670	2021-01-18	6.96	6.96	6.96	6.96	2100
671	2021-01-19	6.96	6.96	6.96	6.96	0
672	2021-01-20	6.96	6.96	6.96	6.96	0
673	2021-01-21	6.96	6.96	6.96	6.96	0
674	2021-01-22	7.03	7.03	7.03	7.03	229
675	2021-01-25	7.03	7.03	7.03	7.03	0
676	2021-01-26	7.03	7.03	7.03	7.03	0
677	2021-01-27	7.03	7.03	7.03	7.03	0
678	2021-01-28	8.02	8.02	8.02	8.02	200
679	2021-01-29	8.02	8.02	8.02	8.02	0
680	2021-02-01	8.02	8.02	8.02	8.02	0
681	2021-02-02	8.02	8.02	8.02	8.02	0
682	2021-02-03	8.02	8.02	8.02	8.02	0
683	2021-02-04	8.02	8.02	8.02	8.02	0
684	2021-02-05	8.02	8.02	8.02	8.02	0
685	2021-02-08	8.02	8.02	8.02	8.02	0
686	2021-02-09	8.02	8.02	8.02	8.02	0
687	2021-02-17	8.02	8.02	8.02	8.02	0
688	2021-02-18	8.02	8.02	8.02	8.02	0
689	2021-02-19	8.02	8.02	8.02	8.02	0
690	2021-02-22	8.02	8.02	8.02	8.02	0
691	2021-02-23	8.02	8.02	8.02	8.02	0
692	2021-02-24	8.02	8.02	8.02	8.02	0
693	2021-02-25	8.02	8.02	8.02	8.02	0
694	2021-02-26	7.1	7.45	7.1	7.45	9200
695	2021-03-01	7.31	7.45	7.45	7.45	0
696	2021-03-02	7.31	7.45	7.45	7.45	0
697	2021-03-03	7.31	7.31	7.31	7.31	1200
698	2021-03-04	7.31	7.31	7.31	7.31	0
699	2021-03-05	7.31	7.31	7.31	7.31	1
700	2021-03-08	8.37	8.37	8.37	8.37	4300
701	2021-03-09	8.37	8.37	8.37	8.37	0
702	2021-03-10	8.37	8.37	7.52	7.52	900
703	2021-03-11	7.59	7.59	7.59	7.59	100
704	2021-03-12	7.81	7.81	7.81	7.81	15700
705	2021-03-15	7.81	7.81	7.81	7.81	0
706	2021-03-16	7.81	7.81	7.81	7.81	0
707	2021-03-17	7.81	7.81	7.81	7.81	0
708	2021-03-18	7.81	7.81	7.81	7.81	0
709	2021-03-19	7.81	7.81	7.81	7.81	14600
710	2021-03-22	7.81	7.81	7.81	7.81	0
711	2021-03-23	7.81	7.81	7.81	7.81	0
712	2021-03-24	7.81	7.81	7.81	7.81	0
713	2021-03-25	7.81	7.81	7.81	7.81	0
714	2021-03-26	7.81	7.81	7.81	7.81	0
715	2021-03-29	7.81	7.81	7.81	7.81	0
716	2021-03-30	7.81	7.81	7.81	7.81	0
717	2021-03-31	7.81	7.81	7.81	7.81	0
718	2021-04-01	7.81	7.81	7.81	7.81	0
719	2021-04-02	8.94	8.94	8.94	8.94	200
720	2021-04-05	8.94	8.94	8.94	8.94	0
721	2021-04-06	8.94	8.94	8.94	8.94	0
722	2021-04-07	7.81	8.8	7.81	8.8	600
723	2021-04-08	8.66	8.8	8.8	8.8	0
724	2021-04-09	7.81	7.81	7.81	7.81	5000
725	2021-04-12	7.81	7.81	7.81	7.81	300
726	2021-04-13	7.45	7.45	7.45	7.45	500
727	2021-04-14	7.45	7.45	7.45	7.45	500
728	2021-04-15	7.45	7.45	7.45	7.45	0
729	2021-04-16	7.45	7.45	7.45	7.45	500
730	2021-04-19	7.45	7.45	7.45	7.45	0
731	2021-04-20	7.1	7.1	7.1	7.1	3300
732	2021-04-22	7.1	7.1	7.1	7.1	0
733	2021-04-23	7.1	7.1	7.1	7.1	0
734	2021-04-26	7.1	7.1	7.1	7.1	0
735	2021-04-27	7.1	7.1	7.1	7.1	0
736	2021-04-28	7.1	7.1	7.1	7.1	0
737	2021-04-29	7.1	7.1	7.1	7.1	0
738	2021-05-04	7.1	7.1	7.1	7.1	0
739	2021-05-05	7.1	7.1	7.1	7.1	0
740	2021-05-06	7.1	7.1	7.1	7.1	0
741	2021-05-07	7.1	7.1	7.1	7.1	0
742	2021-05-10	7.1	7.1	7.1	7.1	0
743	2021-05-11	7.1	7.1	7.1	7.1	0
744	2021-05-12	7.1	7.1	7.1	7.1	29
745	2021-05-13	7.1	7.1	7.1	7.1	0
746	2021-05-14	7.1	7.1	7.1	7.1	0
747	2021-05-17	7.67	7.67	7.67	7.67	100
748	2021-05-18	6.88	6.88	6.88	6.88	300
749	2021-05-19	6.88	6.88	6.88	6.88	0
750	2021-05-20	6.88	6.88	6.88	6.88	0
751	2021-05-21	7.45	7.45	7.45	7.45	100
752	2021-05-24	7.45	7.45	7.45	7.45	0
753	2021-05-25	7.45	7.45	7.45	7.45	0
754	2021-05-26	7.45	7.45	7.45	7.45	0
755	2021-05-27	6.74	7.38	6.74	7.38	300
756	2021-05-28	7.95	7.95	6.96	6.96	300
757	2021-05-31	7.1	7.1	7.1	7.1	600
758	2021-06-01	7.1	7.1	7.1	7.1	200
759	2021-06-02	7.1	7.1	7.1	7.1	229
760	2021-06-03	7.1	7.1	7.1	7.1	300
761	2021-06-04	7.1	7.1	7.1	7.1	22000
762	2021-06-07	7.1	7.1	7.1	7.1	200
763	2021-06-08	8.16	8.16	7.1	7.1	400
764	2021-06-09	7.1	7.1	7.1	7.1	200
765	2021-06-10	7.1	7.1	7.1	7.1	150
766	2021-06-11	7.1	7.1	7.1	7.1	0
767	2021-06-14	7.1	7.1	7.1	7.1	0
768	2021-06-15	7.1	7.1	7.1	7.1	0
769	2021-06-16	8.16	8.16	8.16	8.16	100
770	2021-06-17	8.16	8.16	8.16	8.16	0
771	2021-06-18	8.16	8.16	8.16	8.16	0
772	2021-06-21	8.16	8.16	8.16	8.16	0
773	2021-06-22	7.88	7.88	7.88	7.88	100
774	2021-06-23	7.88	7.88	7.88	7.88	100
775	2021-06-24	7.88	7.88	7.88	7.88	100
776	2021-06-25	6.74	7.67	6.74	7.67	300
777	2021-06-28	6.32	6.32	6.32	6.32	100
778	2021-06-29	7.1	7.1	7.1	7.1	25100
779	2021-06-30	6.1	7.31	6.1	7.31	300
780	2021-07-01	6.1	7.31	6.1	7.31	300
781	2021-07-02	6.1	7.38	6.1	7.38	600
782	2021-07-05	7.45	7.45	6.6	7.38	700
783	2021-07-06	6.67	6.67	6.67	6.67	100
784	2021-07-07	6.74	6.74	6.74	6.74	800
785	2021-07-08	7.1	7.1	7.1	7.1	100
786	2021-07-09	7.38	7.38	6.74	7.38	800
787	2021-07-12	6.17	7.03	6.17	7.03	1100
788	2021-07-13	6.46	7.03	6.46	7.03	2100
789	2021-07-14	6.46	6.74	6.46	6.53	2600
790	2021-07-15	5.96	7.1	5.96	7.1	200
791	2021-07-16	6.53	7.1	7.1	7.1	0
792	2021-07-19	7.1	7.1	7.1	7.1	100
793	2021-07-20	7.1	7.1	7.1	7.1	0
794	2021-07-21	7.1	7.1	7.1	7.1	0
795	2021-07-22	6.53	6.53	6.53	6.53	300
796	2021-07-23	6.53	6.53	6.53	6.53	0
797	2021-07-26	6.81	6.81	6.81	6.81	100
798	2021-07-27	6.74	6.81	6.74	6.81	6200
799	2021-07-28	6.81	6.81	6.81	6.81	0
800	2021-07-29	6.81	6.81	6.81	6.81	0
801	2021-07-30	6.81	6.81	6.81	6.81	1000
802	2021-08-02	6.81	6.81	6.81	6.81	0
803	2021-08-03	6.81	6.81	6.81	6.81	0
804	2021-08-04	6.81	6.81	6.81	6.81	0
805	2021-08-05	6.81	6.81	6.81	6.81	0
806	2021-08-06	6.81	6.81	6.81	6.81	1
807	2021-08-09	6.81	6.81	6.81	6.81	0
808	2021-08-10	6.96	6.96	6.96	6.96	200
809	2021-08-11	7.1	7.1	7.1	7.1	900
810	2021-08-12	7.1	7.1	7.1	7.1	0
811	2021-08-13	7.1	7.1	7.1	7.1	0
812	2021-08-16	7.1	7.1	7.1	7.1	0
813	2021-08-17	7.1	7.1	7.1	7.1	0
814	2021-08-18	7.45	8.16	7.45	8.09	650
815	2021-08-19	7.1	7.1	7.1	7.1	100
816	2021-08-20	8.09	8.09	6.46	6.46	600
817	2021-08-23	8.94	8.94	6.67	6.67	1240
818	2021-08-24	9.87	9.87	9.87	9.87	1000
819	2021-08-25	9.87	9.87	9.87	9.87	0
820	2021-08-26	8.45	8.45	8.45	8.45	900
821	2021-08-27	7.31	7.31	7.24	7.24	500
822	2021-08-30	7.95	8.09	7.95	8.09	800
823	2021-08-31	8.09	8.09	7.31	7.81	2228
824	2021-09-01	7.74	7.74	7.74	7.74	300
825	2021-09-06	7.74	8.02	7.67	8.02	5440
826	2021-09-07	8.02	8.02	7.81	7.81	9510
827	2021-09-08	7.88	7.95	7.81	7.95	2050
828	2021-09-09	7.88	7.88	7.88	7.88	0
829	2021-09-10	7.88	7.88	7.81	7.81	1610
830	2021-09-13	7.95	8.52	7.81	7.81	9400
831	2021-09-14	8.38	8.53	8.38	8.38	2700
832	2021-09-15	8.07	8.07	8.07	8.07	100
833	2021-09-16	8.07	8.61	8.07	8.15	300
834	2021-09-17	8.53	8.53	8.53	8.53	100
835	2021-09-20	8.53	8.53	8.53	8.53	0
836	2021-09-21	8.53	8.53	8.53	8.53	0
837	2021-09-22	8.53	8.53	8.53	8.53	0
838	2021-09-23	8.53	8.53	8.53	8.53	0
839	2021-09-24	7.69	7.69	7.54	7.54	2022
840	2021-09-27	7.62	7.62	7.54	7.54	1800
841	2021-09-28	7.47	7.54	7.47	7.54	2500
842	2021-09-29	7.47	7.47	7.47	7.47	700
843	2021-09-30	7.47	7.47	7.47	7.47	0
844	2021-10-01	7.92	7.92	7.92	7.92	100
845	2021-10-04	7.92	7.92	7.92	7.92	0
846	2021-10-05	7.92	7.92	7.92	7.92	0
847	2021-10-06	7.92	7.92	7.92	7.92	0
848	2021-10-07	7.92	7.92	7.92	7.92	0
849	2021-10-08	7.92	7.92	7.92	7.92	0
850	2021-10-11	7.92	7.92	7.92	7.92	0
851	2021-10-12	7.92	7.92	7.92	7.92	78
852	2021-10-13	7.92	7.92	7.92	7.92	0
853	2021-10-14	7.47	7.47	7.47	7.47	100
854	2021-10-15	7.54	7.54	7.54	7.54	6322
855	2021-10-18	7.54	7.54	7.54	7.54	0
856	2021-10-19	7.54	7.54	7.54	7.54	0
857	2021-10-20	7.47	7.47	7.47	7.47	100
858	2021-10-21	7.54	7.54	7.54	7.54	200
859	2021-10-22	7.54	7.54	7.54	7.54	0
860	2021-10-25	7.62	7.62	7.62	7.62	300
861	2021-10-26	7.62	7.62	7.62	7.62	0
862	2021-10-27	8.0	8.0	8.0	8.0	100
863	2021-10-28	8.0	8.0	8.0	8.0	0
864	2021-10-29	7.92	7.92	7.77	7.92	3800
865	2021-11-01	8.07	8.07	7.77	7.77	200
866	2021-11-02	7.85	7.85	7.85	7.85	300
867	2021-11-03	8.0	8.23	8.0	8.23	9500
868	2021-11-04	8.07	8.07	8.07	8.07	0
869	2021-11-05	8.07	8.07	8.07	8.07	100
870	2021-11-08	8.07	8.07	8.0	8.07	4400
871	2021-11-09	8.07	8.07	8.07	8.07	100
872	2021-11-10	8.15	8.23	8.07	8.07	26100
873	2021-11-11	8.15	8.15	8.07	8.07	14000
874	2021-11-12	8.07	8.07	8.07	8.07	0
875	2021-11-15	8.15	8.15	8.15	8.15	1400
876	2021-11-16	8.15	8.23	8.15	8.23	4810
877	2021-11-17	8.15	8.84	8.15	8.84	11500
878	2021-11-18	9.9	10.06	9.75	10.06	59250
879	2021-11-19	11.5	11.5	9.67	11.27	2302
880	2021-11-22	11.05	11.05	9.75	9.75	16400
881	2021-11-23	8.99	9.52	8.99	9.52	9008
882	2021-11-24	9.52	9.52	9.29	9.29	800
883	2021-11-25	9.45	9.45	9.45	9.45	2
884	2021-11-26	9.45	9.45	9.45	9.45	0
885	2021-11-29	8.76	8.84	8.61	8.84	8900
886	2021-11-30	9.14	9.14	9.06	9.06	8300
887	2021-12-01	8.46	8.76	8.46	8.76	300
888	2021-12-02	9.06	9.52	9.06	9.52	3100
889	2021-12-03	9.14	9.14	9.06	9.14	11849
890	2021-12-06	9.14	9.14	9.14	9.14	0
891	2021-12-07	8.53	9.14	8.53	9.14	4700
892	2021-12-08	8.99	8.99	8.99	8.99	8
893	2021-12-09	8.99	8.99	8.99	8.99	0
894	2021-12-10	8.38	9.06	8.38	9.06	400
895	2021-12-13	8.53	8.53	8.53	8.53	0
896	2021-12-14	8.53	8.53	8.53	8.53	0
897	2021-12-15	8.53	8.53	8.53	8.53	0
898	2021-12-16	8.3	8.3	8.23	8.23	1200
899	2021-12-17	8.3	8.3	8.23	8.23	3700
900	2021-12-20	8.3	8.3	8.3	8.3	11900
901	2021-12-21	8.3	8.3	8.3	8.3	11100
902	2021-12-22	8.38	8.38	8.3	8.3	17100
903	2021-12-23	8.3	8.3	8.3	8.3	1200
904	2021-12-24	8.38	8.38	8.38	8.38	2000
905	2021-12-27	8.38	8.38	8.38	8.38	2050
906	2021-12-28	8.3	8.38	8.3	8.38	6100
907	2021-12-29	8.3	8.3	8.3	8.3	1600
908	2021-12-30	8.3	8.3	8.3	8.3	0
909	2021-12-31	8.38	8.38	8.38	8.38	2400
910	2022-01-04	8.38	8.38	8.38	8.38	1000
911	2022-01-05	8.38	8.38	8.38	8.38	0
912	2022-01-06	8.38	8.38	8.38	8.38	250
913	2022-01-07	8.23	8.23	8.23	8.23	1100
914	2022-01-10	8.3	9.45	8.3	9.45	14000
915	2022-01-11	9.14	9.14	9.06	9.06	7200
916	2022-01-12	9.06	9.06	9.06	9.06	0
917	2022-01-13	8.3	8.3	8.3	8.3	1300
918	2022-01-14	8.07	8.07	8.07	8.07	6901
919	2022-01-17	8.15	8.15	7.62	7.62	3100
920	2022-01-18	7.92	7.92	7.92	7.92	0
921	2022-01-19	8.23	8.23	8.23	8.23	200
922	2022-01-20	8.23	8.23	8.23	8.23	0
923	2022-01-21	8.23	8.23	8.23	8.23	0
924	2022-01-24	8.23	8.23	8.23	8.23	0
925	2022-01-25	8.23	8.23	8.23	8.23	0
926	2022-01-26	8.07	8.07	8.07	8.07	1100
927	2022-01-27	8.07	8.07	8.07	8.07	1000
928	2022-01-28	8.07	8.07	8.07	8.07	0
929	2022-02-07	8.07	8.07	8.07	8.07	0
930	2022-02-08	8.07	8.07	8.07	8.07	0
931	2022-02-09	8.68	8.76	8.68	8.76	1800
932	2022-02-10	8.15	8.15	8.15	8.15	100
933	2022-02-11	8.15	8.15	8.15	8.15	0
934	2022-02-14	8.15	8.15	7.69	7.69	1800
935	2022-02-15	8.0	8.0	8.0	8.0	0
936	2022-02-16	8.0	8.0	8.0	8.0	0
937	2022-02-17	8.0	8.0	8.0	8.0	100
938	2022-02-18	8.0	8.0	8.0	8.0	100
939	2022-02-21	8.0	8.0	8.0	8.0	0
940	2022-02-22	8.0	8.0	8.0	8.0	600
941	2022-02-23	8.38	8.38	8.38	8.38	100
942	2022-02-24	8.46	8.46	8.46	8.46	400
943	2022-02-25	8.46	8.46	8.46	8.46	0
944	2022-02-28	8.23	8.23	8.23	8.23	100
945	2022-03-01	8.23	8.23	8.23	8.23	500
946	2022-03-02	8.23	8.23	8.23	8.23	0
947	2022-03-03	9.45	9.45	8.76	8.76	1100
948	2022-03-04	9.06	9.06	9.06	9.06	0
949	2022-03-07	9.06	9.06	9.06	9.06	0
950	2022-03-08	8.0	8.38	8.0	8.0	1365
951	2022-03-09	8.07	8.07	8.07	8.07	1000
952	2022-03-10	8.07	8.07	8.07	8.07	0
953	2022-03-11	8.0	8.0	8.0	8.0	827
954	2022-03-14	8.0	8.0	8.0	8.0	0
955	2022-03-15	8.68	8.68	8.68	8.68	200
956	2022-03-16	8.0	8.0	8.0	8.0	100
957	2022-03-17	8.0	8.0	8.0	8.0	100
958	2022-03-18	8.0	8.0	8.0	8.0	0
959	2022-03-21	8.0	8.0	8.0	8.0	2400
960	2022-03-22	8.0	8.0	8.0	8.0	0
961	2022-03-23	8.07	8.07	8.07	8.07	13800
962	2022-03-24	8.07	8.07	8.07	8.07	0
963	2022-03-25	8.07	8.07	8.07	8.07	500
964	2022-03-28	8.07	8.07	8.07	8.07	0
965	2022-03-29	8.38	8.68	8.38	8.68	1023
966	2022-03-30	8.15	8.15	8.15	8.15	2001
967	2022-03-31	8.0	8.0	8.0	8.0	100
968	2022-04-01	8.0	8.0	8.0	8.0	0
969	2022-04-04	8.46	8.46	8.46	8.46	1500
970	2022-04-05	8.46	8.46	8.46	8.46	0
971	2022-04-06	8.46	8.46	8.46	8.46	0
972	2022-04-07	8.46	8.46	8.46	8.46	0
973	2022-04-08	8.46	8.46	8.46	8.46	0
974	2022-04-12	8.0	8.0	8.0	8.0	600
975	2022-04-13	8.0	8.0	8.0	8.0	0
976	2022-04-14	8.0	8.0	8.0	8.0	0
977	2022-04-15	8.0	8.0	8.0	8.0	0
978	2022-04-18	8.0	8.0	8.0	8.0	0
979	2022-04-19	8.0	8.0	8.0	8.0	0
980	2022-04-20	6.93	6.93	6.93	6.93	600
981	2022-04-21	6.93	6.93	6.93	6.93	900
982	2022-04-22	6.93	6.93	6.93	6.93	0
983	2022-04-25	6.93	6.93	6.93	6.93	0
984	2022-04-26	6.93	6.93	6.93	6.93	500
985	2022-04-27	6.93	6.93	6.93	6.93	200
986	2022-04-28	6.93	6.93	6.93	6.93	0
987	2022-04-29	6.93	6.93	6.93	6.93	0
988	2022-05-04	6.93	6.93	6.93	6.93	0
989	2022-05-05	6.93	6.93	6.93	6.93	0
990	2022-05-06	6.93	6.93	6.93	6.93	0
991	2022-05-09	6.93	6.93	6.93	6.93	0
992	2022-05-10	6.93	6.93	6.93	6.93	0
993	2022-05-11	6.93	6.93	6.93	6.93	0
994	2022-05-12	6.17	6.17	6.02	6.02	3000
995	2022-05-13	7.01	7.01	7.01	7.01	100
996	2022-05-16	6.7	6.7	6.7	6.7	100
997	2022-05-17	6.7	6.7	6.7	6.7	100
998	2022-05-18	6.7	6.7	6.7	6.7	0
999	2022-05-19	6.7	6.7	6.7	6.7	0
1000	2022-05-20	6.7	6.7	6.7	6.7	0
1001	2022-05-23	6.7	6.7	6.7	6.7	0
1002	2022-05-24	6.7	6.7	6.7	6.7	0
1003	2022-05-25	6.7	6.7	6.7	6.7	0
1004	2022-05-26	6.7	6.7	6.7	6.7	0
1005	2022-05-27	6.86	6.86	6.86	6.86	1100
1006	2022-05-30	6.86	6.86	6.86	6.86	0
1007	2022-05-31	6.86	6.86	6.86	6.86	0
1008	2022-06-01	6.86	6.86	6.86	6.86	0
1009	2022-06-02	6.86	6.86	6.86	6.86	0
1010	2022-06-03	6.86	6.86	6.86	6.86	0
1011	2022-06-06	6.86	6.86	6.86	6.86	0
1012	2022-06-07	6.86	6.86	6.86	6.86	0
1013	2022-06-08	6.86	6.86	6.86	6.86	0
1014	2022-06-09	6.86	6.86	6.86	6.86	401
1015	2022-06-10	7.24	7.24	7.24	7.24	500
1016	2022-06-13	7.24	7.24	7.24	7.24	0
1017	2022-06-14	7.24	7.24	7.24	7.24	0
1018	2022-06-15	7.24	7.24	7.24	7.24	0
1019	2022-06-16	7.24	7.24	7.24	7.24	0
1020	2022-06-17	7.24	7.24	7.24	7.24	0
1021	2022-06-20	7.24	7.24	7.24	7.24	0
1022	2022-06-21	7.24	7.24	7.24	7.24	200
1023	2022-06-22	7.24	7.24	7.24	7.24	0
1024	2022-06-23	7.24	7.24	7.24	7.24	0
1025	2022-06-24	8.07	8.07	8.07	8.07	100
1026	2022-06-27	8.07	8.07	8.07	8.07	0
1027	2022-06-28	8.07	8.07	8.07	8.07	0
1028	2022-06-29	8.07	8.07	8.07	8.07	0
1029	2022-06-30	8.07	8.07	8.07	8.07	0
1030	2022-07-01	8.07	8.07	8.07	8.07	0
1031	2022-07-04	8.07	8.07	8.07	8.07	0
1032	2022-07-05	8.07	8.07	8.07	8.07	0
1033	2022-07-06	8.07	8.07	8.07	8.07	0
1034	2022-07-07	8.07	8.07	8.07	8.07	0
1035	2022-07-08	8.07	8.07	8.07	8.07	0
1036	2022-07-11	8.07	8.07	8.07	8.07	0
1037	2022-07-12	7.31	7.31	7.24	7.24	1800
1038	2022-07-13	7.24	7.24	7.24	7.24	0
1039	2022-07-14	7.24	7.24	7.24	7.24	0
1040	2022-07-15	7.24	7.24	7.24	7.24	0
1041	2022-07-18	7.24	7.24	7.24	7.24	0
1042	2022-07-19	7.24	7.24	7.24	7.24	0
1043	2022-07-20	7.24	7.24	7.24	7.24	0
1044	2022-07-21	7.24	7.24	7.24	7.24	0
1045	2022-07-22	7.24	7.24	7.24	7.24	0
1046	2022-07-25	7.24	7.24	7.24	7.24	0
1047	2022-07-26	7.24	7.24	7.24	7.24	0
1048	2022-07-27	7.24	7.24	7.24	7.24	0
1049	2022-07-28	7.24	7.24	7.24	7.24	0
1050	2022-07-29	7.24	7.24	7.24	7.24	0
1051	2022-08-01	7.24	7.24	7.24	7.24	0
1052	2022-08-02	7.24	7.24	7.24	7.24	0
1053	2022-08-03	7.24	7.24	7.24	7.24	0
1054	2022-08-04	7.24	7.24	7.24	7.24	0
1055	2022-08-05	7.24	7.24	7.24	7.24	0
1056	2022-08-08	7.24	7.24	7.24	7.24	0
1057	2022-08-09	7.24	7.24	7.24	7.24	0
1058	2022-08-10	7.24	7.24	7.24	7.24	0
1059	2022-08-11	7.24	7.24	7.24	7.24	0
1060	2022-08-12	7.24	7.24	7.24	7.24	0
1061	2022-08-15	7.24	7.24	7.24	7.24	0
1062	2022-08-16	7.24	7.24	7.24	7.24	0
1063	2022-08-17	7.24	7.24	7.24	7.24	0
1064	2022-08-18	7.24	7.24	7.24	7.24	0
1065	2022-08-19	7.24	7.24	7.24	7.24	0
1066	2022-08-22	7.24	7.24	7.24	7.24	0
1067	2022-08-23	7.24	7.24	7.24	7.24	0
1068	2022-08-24	7.24	7.24	7.24	7.24	0
1069	2022-08-25	7.24	7.24	7.24	7.24	0
1070	2022-08-26	7.62	7.62	7.62	7.62	100
1071	2022-08-29	7.62	7.62	7.62	7.62	100
1072	2022-08-30	7.62	7.62	7.62	7.62	19
1073	2022-08-31	7.69	7.69	7.69	7.69	100
1074	2022-09-05	8.0	8.0	7.69	7.69	804
1075	2022-09-06	7.62	7.62	7.62	7.62	100
1076	2022-09-07	7.62	7.62	7.62	7.62	0
1077	2022-09-08	7.62	7.62	7.62	7.62	0
1078	2022-09-09	7.62	7.62	7.62	7.62	0
1079	2022-09-12	7.62	7.62	7.62	7.62	0
1080	2022-09-13	7.62	7.62	7.62	7.62	0
1081	2022-09-14	7.62	7.62	7.62	7.62	0
1082	2022-09-15	7.62	7.62	7.62	7.62	100
1083	2022-09-16	7.62	7.62	7.62	7.62	0
1084	2022-09-19	7.62	7.62	7.62	7.62	0
1085	2022-09-20	7.62	7.62	7.62	7.62	0
1086	2022-09-21	7.62	7.62	7.62	7.62	0
1087	2022-09-22	7.62	7.62	7.62	7.62	0
1088	2022-09-23	7.62	7.62	7.62	7.62	0
1089	2022-09-26	7.62	7.62	7.62	7.62	500
1090	2022-09-27	7.62	7.62	7.62	7.62	0
1091	2022-09-28	7.62	7.62	7.62	7.62	0
1092	2022-09-29	7.62	7.62	7.62	7.62	0
1093	2022-09-30	7.62	7.62	7.62	7.62	501
1094	2022-10-03	7.62	7.62	7.62	7.62	0
1095	2022-10-04	7.62	7.62	7.62	7.62	0
1096	2022-10-05	7.62	7.62	7.62	7.62	0
1097	2022-10-06	7.62	7.62	7.62	7.62	0
1098	2022-10-07	7.62	7.62	7.62	7.62	0
1099	2022-10-10	7.62	7.62	7.62	7.62	0
1100	2022-10-11	7.62	7.62	7.62	7.62	0
1101	2022-10-12	7.62	7.62	7.62	7.62	0
1102	2022-10-13	7.04	7.04	6.54	6.54	4000
1103	2022-10-14	6.54	6.54	6.54	6.54	0
1104	2022-10-17	6.54	6.54	6.54	6.54	0
1105	2022-10-18	6.62	6.62	6.62	6.62	100
1106	2022-10-19	6.62	6.62	6.62	6.62	0
1107	2022-10-20	6.62	6.62	6.62	6.62	0
1108	2022-10-21	6.62	6.62	6.62	6.62	0
1109	2022-10-24	5.63	5.63	5.63	5.63	200
1110	2022-10-25	5.63	5.63	5.63	5.63	0
1111	2022-10-26	5.63	5.63	5.63	5.63	0
1112	2022-10-27	5.63	5.63	5.63	5.63	0
1113	2022-10-28	5.63	5.63	5.63	5.63	0
1114	2022-10-31	5.63	5.63	5.63	5.63	0
1115	2022-11-01	5.63	5.63	5.63	5.63	0
1116	2022-11-02	5.63	5.63	5.63	5.63	0
1117	2022-11-03	5.63	5.63	5.63	5.63	0
1118	2022-11-04	5.63	5.63	5.63	5.63	0
1119	2022-11-07	5.63	5.63	5.63	5.63	0
1120	2022-11-08	5.63	5.63	5.63	5.63	0
1121	2022-11-09	5.63	5.63	5.63	5.63	0
1122	2022-11-10	5.63	5.63	5.63	5.63	0
1123	2022-11-11	5.63	5.63	5.63	5.63	0
1124	2022-11-14	5.63	5.63	5.63	5.63	0
1125	2022-11-15	5.63	5.63	5.63	5.63	0
1126	2022-11-16	5.63	5.63	5.63	5.63	0
1127	2022-11-17	5.63	5.63	5.63	5.63	0
1128	2022-11-18	5.63	5.63	5.63	5.63	0
1129	2022-11-21	5.63	5.63	5.63	5.63	0
1130	2022-11-22	5.63	5.63	5.63	5.63	0
1131	2022-11-23	5.63	5.63	5.63	5.63	0
1132	2022-11-24	5.63	5.63	5.63	5.63	0
1133	2022-11-25	5.63	5.63	5.63	5.63	0
1134	2022-11-28	5.63	5.63	5.63	5.63	0
1135	2022-11-29	5.63	5.63	5.63	5.63	0
1136	2022-11-30	5.63	5.63	5.63	5.63	0
1137	2022-12-01	5.63	5.63	5.63	5.63	0
1138	2022-12-02	5.63	5.63	5.63	5.63	0
1139	2022-12-05	5.63	5.63	5.63	5.63	0
1140	2022-12-06	5.63	5.63	5.63	5.63	0
1141	2022-12-07	5.63	5.63	5.63	5.63	0
1142	2022-12-08	5.63	5.63	5.63	5.63	0
1143	2022-12-09	5.63	5.63	5.63	5.63	0
1144	2022-12-12	5.63	5.63	5.63	5.63	0
1145	2022-12-13	5.63	5.63	5.63	5.63	0
1146	2022-12-14	5.63	5.63	5.63	5.63	0
1147	2022-12-15	7.45	7.45	7.45	7.45	100
1148	2022-12-16	7.45	7.45	6.62	6.62	1700
1149	2022-12-19	6.71	6.71	6.71	6.71	0
1150	2022-12-20	6.46	6.46	6.13	6.13	800
1151	2022-12-21	6.29	6.29	6.29	6.29	0
1152	2022-12-22	6.29	6.29	6.29	6.29	0
1153	2022-12-23	6.29	6.29	6.29	6.29	1
1154	2022-12-26	6.29	6.29	6.29	6.29	0
1155	2022-12-27	6.29	6.29	6.29	6.29	0
1156	2022-12-28	6.29	6.29	6.29	6.29	0
1157	2022-12-29	6.29	6.29	6.29	6.29	0
1158	2022-12-30	6.29	6.29	6.29	6.29	0
1159	2023-01-03	6.29	6.29	6.29	6.29	0
1160	2023-01-04	6.29	6.29	6.29	6.29	0
1161	2023-01-05	6.29	6.29	6.29	6.29	0
1162	2023-01-06	6.29	6.29	6.29	6.29	0
1163	2023-01-09	6.29	6.29	6.29	6.29	0
1164	2023-01-10	6.29	6.29	6.29	6.29	0
1165	2023-01-11	6.29	6.29	6.29	6.29	0
1166	2023-01-12	6.29	6.29	6.29	6.29	0
1167	2023-01-13	6.29	6.29	6.29	6.29	0
1168	2023-01-16	6.29	6.29	6.29	6.29	0
1169	2023-01-17	6.29	6.29	6.29	6.29	0
1170	2023-01-18	6.29	6.29	6.29	6.29	21
1171	2023-01-19	6.29	6.29	6.29	6.29	0
1172	2023-01-27	6.29	6.29	6.29	6.29	0
1173	2023-01-30	6.29	6.29	6.29	6.29	0
1174	2023-01-31	6.29	6.29	6.29	6.29	0
1175	2023-02-01	6.29	6.29	6.29	6.29	20
1176	2023-02-02	6.29	6.29	6.29	6.29	0
1177	2023-02-03	6.29	6.29	6.29	6.29	0
1178	2023-02-06	6.29	6.29	6.29	6.29	0
1179	2023-02-07	6.29	6.29	6.29	6.29	0
1180	2023-02-08	6.29	6.29	6.29	6.29	0
1181	2023-02-09	6.29	6.29	6.29	6.29	0
1182	2023-02-10	6.29	6.29	6.29	6.29	0
1183	2023-02-13	6.29	6.29	6.29	6.29	0
1184	2023-02-14	6.29	6.29	6.29	6.29	0
1185	2023-02-15	6.29	6.29	6.29	6.29	0
1186	2023-02-16	6.29	6.29	6.29	6.29	0
1187	2023-02-17	6.29	6.29	6.29	6.29	0
1188	2023-02-20	6.29	6.29	6.29	6.29	0
1189	2023-02-21	6.29	6.29	6.29	6.29	0
1190	2023-02-22	6.29	6.29	6.29	6.29	0
1191	2023-02-23	6.29	6.29	6.29	6.29	0
1192	2023-02-24	6.29	6.29	6.29	6.29	0
1193	2023-02-27	6.29	6.29	6.29	6.29	0
1194	2023-02-28	6.29	6.29	6.29	6.29	0
1195	2023-03-01	6.29	6.29	6.29	6.29	0
1196	2023-03-02	6.29	6.29	6.29	6.29	0
1197	2023-03-03	6.29	6.29	6.29	6.29	0
1198	2023-03-06	6.29	6.29	6.29	6.29	0
1199	2023-03-07	6.29	6.29	6.29	6.29	0
1200	2023-03-08	6.29	6.29	6.29	6.29	0
1201	2023-03-09	6.29	6.29	6.29	6.29	0
1202	2023-03-10	6.29	6.29	6.29	6.29	0
1203	2023-03-13	7.04	7.04	7.04	7.04	500
1204	2023-03-14	7.04	7.04	7.04	7.04	0
1205	2023-03-15	7.04	7.04	7.04	7.04	0
1206	2023-03-16	7.04	7.04	7.04	7.04	0
1207	2023-03-17	7.04	7.04	7.04	7.04	0
1208	2023-03-20	7.04	7.04	7.04	7.04	0
1209	2023-03-21	7.04	7.04	7.04	7.04	0
1210	2023-03-22	7.04	7.04	7.04	7.04	0
1211	2023-03-23	7.04	7.04	7.04	7.04	0
1212	2023-03-24	7.04	7.04	7.04	7.04	0
1213	2023-03-27	7.04	7.04	7.04	7.04	0
1214	2023-03-28	7.04	7.04	7.04	7.04	0
1215	2023-03-29	7.04	7.04	7.04	7.04	0
1216	2023-03-30	7.04	7.04	7.04	7.04	1
1217	2023-03-31	7.04	7.04	7.04	7.04	0
1218	2023-04-03	6.62	6.62	6.62	6.62	200
1219	2023-04-04	6.62	6.62	6.62	6.62	3
1220	2023-04-05	6.62	6.62	6.62	6.62	0
1221	2023-04-06	7.12	7.12	7.12	7.12	200
1222	2023-04-07	7.12	7.12	7.12	7.12	0
1223	2023-04-10	7.12	7.12	7.12	7.12	0
1224	2023-04-11	7.12	7.12	7.12	7.12	0
1225	2023-04-12	7.12	7.12	7.12	7.12	0
1226	2023-04-13	7.12	7.12	7.12	7.12	10
1227	2023-04-14	7.12	7.12	7.12	7.12	0
1228	2023-04-17	7.12	7.12	7.12	7.12	1
1229	2023-04-18	7.12	7.12	7.12	7.12	0
1230	2023-04-19	7.12	7.12	7.12	7.12	0
1231	2023-04-20	7.12	7.12	7.12	7.12	0
1232	2023-04-21	7.12	7.12	7.12	7.12	0
1233	2023-04-24	7.12	7.12	7.12	7.12	0
1234	2023-04-25	7.12	7.12	7.12	7.12	0
1235	2023-04-26	7.12	7.12	7.12	7.12	0
1236	2023-04-27	7.12	7.12	7.12	7.12	0
1237	2023-04-28	7.87	7.87	7.87	7.87	105
1238	2023-05-04	7.87	7.87	7.87	7.87	0
1239	2023-05-05	7.87	7.87	7.87	7.87	200
1240	2023-05-08	7.87	7.87	7.87	7.87	301
1241	2023-05-09	7.87	7.87	7.87	7.87	0
1242	2023-05-10	7.45	7.87	7.45	7.87	1600
1243	2023-05-11	7.7	7.7	7.7	7.7	0
1244	2023-05-12	7.7	7.7	7.7	7.7	0
1245	2023-05-15	7.7	7.7	7.7	7.7	0
1246	2023-05-16	7.7	7.7	7.7	7.7	0
1247	2023-05-17	7.7	7.7	7.7	7.7	0
1248	2023-05-18	7.7	7.7	7.7	7.7	0
1249	2023-05-19	7.7	7.7	7.7	7.7	0
1250	2023-05-22	7.7	7.7	7.7	7.7	0
1251	2023-05-23	7.7	7.7	7.7	7.7	0
1252	2023-05-24	7.7	7.7	7.7	7.7	0
1253	2023-05-25	7.7	7.7	7.7	7.7	0
1254	2023-05-26	7.7	7.7	7.7	7.7	0
1255	2023-05-29	8.03	8.03	8.03	8.03	600
1256	2023-05-30	8.03	9.03	8.03	9.03	2300
1257	2023-05-31	8.78	8.86	8.78	8.78	2900
1258	2023-06-01	8.78	8.78	8.78	8.78	100
1259	2023-06-02	8.78	8.78	8.69	8.69	1310
1260	2023-06-05	8.28	8.61	8.28	8.61	400
1261	2023-06-06	8.45	8.45	8.45	8.45	0
1262	2023-06-07	8.45	8.45	8.45	8.45	0
1263	2023-06-08	8.45	8.45	8.45	8.45	0
1264	2023-06-09	8.45	8.45	8.45	8.45	0
1265	2023-06-12	8.28	8.28	8.28	8.28	200
1266	2023-06-13	8.28	8.28	8.28	8.28	500
1267	2023-06-14	8.28	8.28	8.28	8.28	400
1268	2023-06-15	8.0	8.0	8.0	8.0	205
1269	2023-06-16	8.0	8.0	8.0	8.0	0
1270	2023-06-19	8.0	8.0	8.0	8.0	500
1271	2023-06-20	7.82	7.82	7.82	7.82	200
1272	2023-06-21	7.82	7.82	7.82	7.82	0
1273	2023-06-22	7.82	7.82	7.82	7.82	0
1274	2023-06-23	7.82	7.82	7.82	7.82	0
1275	2023-06-26	7.91	7.91	7.36	7.45	3203
1276	2023-06-27	7.54	7.54	7.45	7.45	500
1277	2023-06-28	7.54	7.54	7.54	7.54	6
1278	2023-06-29	7.54	7.54	7.54	7.54	3
1279	2023-06-30	7.54	7.54	7.54	7.54	0
1280	2023-07-03	7.54	7.54	7.54	7.54	0
1281	2023-07-04	7.54	7.54	7.54	7.54	0
1282	2023-07-05	7.54	7.54	7.54	7.54	0
1283	2023-07-06	7.54	7.54	7.54	7.54	0
1284	2023-07-07	7.54	7.54	7.54	7.54	0
1285	2023-07-10	7.54	7.54	7.54	7.54	0
1286	2023-07-11	7.54	7.54	7.54	7.54	0
1287	2023-07-12	7.54	7.54	7.54	7.54	0
1288	2023-07-13	7.54	7.54	7.54	7.54	0
1289	2023-07-14	7.54	7.54	7.54	7.54	0
1290	2023-07-17	7.54	7.54	7.54	7.54	0
1291	2023-07-18	7.54	7.54	7.54	7.54	0
1292	2023-07-19	7.54	7.54	7.54	7.54	0
1293	2023-07-20	7.54	7.54	7.54	7.54	0
1294	2023-07-21	7.54	7.54	7.54	7.54	0
1295	2023-07-24	7.54	7.54	7.54	7.54	0
1296	2023-07-25	7.54	7.54	7.54	7.54	0
1297	2023-07-26	7.54	7.54	7.54	7.54	0
1298	2023-07-27	7.54	7.54	7.54	7.54	0
1299	2023-07-28	7.54	7.54	7.54	7.54	0
1300	2023-07-31	7.54	7.54	7.54	7.54	0
1301	2023-08-01	7.54	7.54	7.54	7.54	0
1302	2023-08-02	7.54	7.54	7.54	7.54	0
1303	2023-08-03	7.54	7.54	7.54	7.54	0
1304	2023-08-04	7.54	7.54	7.54	7.54	0
1305	2023-08-07	7.54	7.54	7.54	7.54	0
1306	2023-08-08	7.54	7.54	7.54	7.54	0
1307	2023-08-09	7.54	7.54	7.54	7.54	0
1308	2023-08-10	7.82	7.82	7.82	7.82	500
1309	2023-08-11	7.82	7.82	7.82	7.82	0
1310	2023-08-14	7.82	7.82	7.82	7.82	0
1311	2023-08-15	7.82	7.82	7.82	7.82	0
1312	2023-08-16	7.82	7.82	7.82	7.82	0
1313	2023-08-17	7.82	7.82	7.82	7.82	0
1314	2023-08-18	7.82	7.82	7.82	7.82	0
1315	2023-08-21	7.82	7.82	7.82	7.82	0
1316	2023-08-22	7.82	7.82	7.82	7.82	0
1317	2023-08-23	7.82	7.82	7.82	7.82	0
1318	2023-08-24	7.82	7.82	7.82	7.82	0
1319	2023-08-25	7.82	7.82	7.82	7.82	4
1320	2023-08-28	7.82	7.82	7.82	7.82	0
1321	2023-08-29	7.82	7.82	7.82	7.82	0
1322	2023-08-30	7.82	7.82	7.82	7.82	0
1323	2023-08-31	7.82	7.82	7.82	7.82	0
1324	2023-09-05	7.82	7.82	7.82	7.82	0
1325	2023-09-06	7.82	7.82	7.82	7.82	4
1326	2023-09-07	7.82	7.82	7.82	7.82	0
1327	2023-09-08	7.82	7.82	7.82	7.82	0
1328	2023-09-11	7.82	7.82	7.82	7.82	300
1329	2023-09-12	7.82	7.82	7.82	7.82	0
1330	2023-09-13	7.82	7.82	7.82	7.82	0
1331	2023-09-14	7.45	7.45	7.45	7.45	1000
1332	2023-09-15	7.45	7.45	7.45	7.45	2
1333	2023-09-18	7.45	7.45	7.45	7.45	0
1334	2023-09-19	7.45	7.45	7.45	7.45	0
1335	2023-09-20	7.36	7.36	7.36	7.36	300
1336	2023-09-21	7.36	7.36	7.36	7.36	0
1337	2023-09-22	7.36	7.36	7.36	7.36	0
1338	2023-09-25	7.82	7.82	7.36	7.36	1800
1339	2023-09-26	7.64	7.64	7.64	7.64	0
1340	2023-09-27	7.54	7.54	7.45	7.45	1000
1341	2023-09-28	7.45	7.45	7.45	7.45	0
1342	2023-09-29	7.45	7.45	7.45	7.45	0
1343	2023-10-02	7.45	7.45	7.45	7.45	0
1344	2023-10-03	7.45	7.45	7.45	7.45	0
1345	2023-10-04	7.45	7.45	7.45	7.45	0
1346	2023-10-05	7.45	7.45	7.45	7.45	0
1347	2023-10-06	7.45	7.45	7.45	7.45	3
1348	2023-10-09	7.45	7.45	7.45	7.45	0
1349	2023-10-10	7.45	7.45	7.45	7.45	0
1350	2023-10-11	7.45	7.45	7.45	7.45	0
1351	2023-10-12	7.45	7.45	7.45	7.45	0
1352	2023-10-13	7.45	7.45	7.45	7.45	0
1353	2023-10-16	7.45	7.45	7.45	7.45	0
1354	2023-10-17	7.45	7.45	7.45	7.45	0
1355	2023-10-18	8.1	8.1	8.1	8.1	100
1356	2023-10-19	8.1	8.1	8.1	8.1	0
1357	2023-10-20	8.1	8.1	8.1	8.1	2
1358	2023-10-23	8.1	8.1	8.1	8.1	0
1359	2023-10-24	8.1	8.1	8.1	8.1	0
1360	2023-10-25	8.1	8.1	8.1	8.1	0
1361	2023-10-26	8.1	8.1	8.1	8.1	0
1362	2023-10-27	8.1	8.1	8.1	8.1	0
1363	2023-10-30	8.1	8.1	8.1	8.1	0
1364	2023-10-31	8.1	8.1	8.1	8.1	0
1365	2023-11-01	8.1	8.1	8.1	8.1	0
1366	2023-11-02	8.1	8.1	8.1	8.1	0
1367	2023-11-03	8.1	8.1	8.1	8.1	0
1368	2023-11-06	8.1	8.1	8.1	8.1	0
1369	2023-11-07	8.1	8.1	8.1	8.1	0
1370	2023-11-08	8.1	8.1	8.1	8.1	0
1371	2023-11-09	8.1	8.1	8.1	8.1	0
1372	2023-11-10	8.1	8.1	8.1	8.1	0
1373	2023-11-13	8.1	8.1	8.1	8.1	0
1374	2023-11-14	8.1	8.1	8.1	8.1	0
1375	2023-11-15	8.1	8.1	8.1	8.1	0
1376	2023-11-16	8.1	8.1	8.1	8.1	0
1377	2023-11-17	8.1	8.1	8.1	8.1	0
1378	2023-11-20	8.1	8.1	8.1	8.1	0
1379	2023-11-21	8.1	8.1	8.1	8.1	0
1380	2023-11-22	8.1	8.1	8.1	8.1	3000
1381	2023-11-23	7.36	7.36	6.9	6.9	3000
1382	2023-11-24	7.08	7.08	7.08	7.08	0
1383	2023-11-27	7.08	7.08	7.08	7.08	0
1384	2023-11-28	7.08	7.08	7.08	7.08	0
1385	2023-11-29	7.08	7.08	7.08	7.08	6
1386	2023-11-30	7.08	7.08	7.08	7.08	0
1387	2023-12-01	7.08	7.08	7.08	7.08	0
1388	2023-12-04	7.08	7.08	7.08	7.08	0
1389	2023-12-05	7.08	7.08	7.08	7.08	0
1390	2023-12-06	7.08	7.08	7.08	7.08	0
1391	2023-12-07	7.08	7.08	7.08	7.08	0
1392	2023-12-08	7.08	7.08	7.08	7.08	0
1393	2023-12-11	7.08	7.08	7.08	7.08	0
1394	2023-12-12	7.08	7.08	7.08	7.08	0
1395	2023-12-13	7.08	7.08	7.08	7.08	0
1396	2023-12-14	7.08	7.08	7.08	7.08	0
1397	2023-12-15	7.08	7.08	7.08	7.08	0
1398	2023-12-18	7.08	7.08	7.08	7.08	0
1399	2023-12-19	7.08	7.08	7.08	7.08	0
1400	2023-12-20	7.08	7.08	7.08	7.08	0
1401	2023-12-21	7.08	7.08	7.08	7.08	0
1402	2023-12-22	7.08	7.08	7.08	7.08	0
1403	2023-12-25	7.08	7.08	7.08	7.08	0
1404	2023-12-26	7.36	7.36	7.36	7.36	100
1405	2023-12-27	7.36	7.36	7.36	7.36	0
1406	2023-12-28	7.36	7.36	7.36	7.36	0
1407	2023-12-29	7.36	7.36	7.36	7.36	0
1408	2024-01-02	7.36	7.36	7.36	7.36	0
1409	2024-01-03	7.36	7.36	7.36	7.36	0
1410	2024-01-04	7.36	7.36	7.36	7.36	0
1411	2024-01-05	7.36	7.36	7.36	7.36	0
1412	2024-01-08	7.36	7.36	7.36	7.36	0
1413	2024-01-09	7.36	7.36	7.36	7.36	0
1414	2024-01-10	7.36	7.36	7.36	7.36	0
1415	2024-01-11	7.36	7.36	7.36	7.36	0
1416	2024-01-12	7.36	7.36	7.36	7.36	0
1417	2024-01-15	7.36	7.36	7.36	7.36	0
1418	2024-01-16	7.36	7.36	7.36	7.36	0
1419	2024-01-17	7.36	7.36	7.36	7.36	0
1420	2024-01-18	7.36	7.36	7.36	7.36	0
1421	2024-01-19	7.36	7.36	7.36	7.36	0
1422	2024-01-22	7.36	7.36	7.36	7.36	0
1423	2024-01-23	7.36	7.36	7.36	7.36	0
1424	2024-01-24	7.54	8.28	7.54	8.28	2900
1425	2024-01-25	7.82	7.82	7.82	7.82	0
1426	2024-01-26	7.82	7.82	7.82	7.82	0
1427	2024-01-29	7.82	7.82	7.82	7.82	0
1428	2024-01-30	7.82	7.82	7.82	7.82	6
1429	2024-01-31	7.82	7.82	7.82	7.82	0
1430	2024-02-01	7.82	7.82	7.82	7.82	0
1431	2024-02-02	7.82	7.82	7.82	7.82	0
1432	2024-02-05	7.82	7.82	7.82	7.82	0
1433	2024-02-06	7.82	7.82	7.82	7.82	0
1434	2024-02-07	7.82	7.82	7.82	7.82	0
1435	2024-02-15	7.82	7.82	7.82	7.82	0
1436	2024-02-16	7.82	7.82	7.82	7.82	0
1437	2024-02-19	7.82	7.82	7.82	7.82	0
1438	2024-02-20	7.82	7.82	7.82	7.82	0
1439	2024-02-21	7.82	7.82	7.82	7.82	0
1440	2024-02-22	7.82	7.82	7.82	7.82	0
1441	2024-02-23	7.82	7.82	7.82	7.82	0
1442	2024-02-26	7.82	7.82	7.82	7.82	0
1443	2024-02-27	7.82	7.82	7.82	7.82	0
1444	2024-02-28	7.82	7.82	7.82	7.82	0
1445	2024-02-29	7.82	7.82	7.82	7.82	0
1446	2024-03-01	7.82	7.82	7.82	7.82	0
1447	2024-03-04	7.45	7.45	7.45	7.45	3400
1448	2024-03-05	7.45	7.45	7.45	7.45	0
1449	2024-03-06	7.82	7.82	7.82	7.82	250
1450	2024-03-07	8.0	8.1	8.0	8.1	2000
1451	2024-03-08	8.1	8.1	8.1	8.1	1000
1452	2024-03-11	8.28	8.28	8.28	8.28	1000
1453	2024-03-12	8.28	8.28	8.28	8.28	0
1454	2024-03-13	8.28	8.28	8.28	8.28	0
1455	2024-03-14	8.46	9.48	8.46	9.48	3301
1456	2024-03-15	9.2	9.2	9.2	9.2	23
1457	2024-03-18	9.2	9.2	9.2	9.2	27
1458	2024-03-19	9.2	9.2	9.2	9.2	0
1459	2024-03-20	9.2	9.2	9.2	9.2	0
1460	2024-03-21	9.2	9.2	9.2	9.2	0
1461	2024-03-22	9.2	9.2	9.2	9.2	0
1462	2024-03-25	9.2	9.2	9.2	9.2	0
1463	2024-03-26	9.2	9.2	9.2	9.2	0
1464	2024-03-27	9.2	9.2	9.2	9.2	53
1465	2024-03-28	9.2	9.2	9.2	9.2	0
1466	2024-03-29	9.2	9.2	9.2	9.2	0
1467	2024-04-01	8.28	8.28	8.28	8.28	100
1468	2024-04-02	9.2	9.2	9.11	9.11	200
1469	2024-04-03	9.2	9.2	9.2	9.2	0
1470	2024-04-04	9.2	9.2	9.2	9.2	0
1471	2024-04-05	9.2	9.2	9.2	9.2	0
1472	2024-04-08	9.2	9.2	9.2	9.2	0
1473	2024-04-09	9.2	9.2	9.2	9.2	0
1474	2024-04-10	9.2	9.2	9.2	9.2	0
1475	2024-04-11	9.2	9.2	9.2	9.2	0
1476	2024-04-12	9.2	9.2	9.2	9.2	0
1477	2024-04-15	9.2	9.2	9.2	9.2	0
1478	2024-04-16	9.2	9.2	9.2	9.2	0
1479	2024-04-17	9.2	9.2	9.2	9.2	0
1480	2024-04-19	9.2	9.2	9.2	9.2	0
1481	2024-04-22	9.2	9.2	9.2	9.2	0
1482	2024-04-23	9.2	9.2	9.2	9.2	0
1483	2024-04-24	9.2	9.2	9.2	9.2	0
1484	2024-04-25	9.2	9.2	9.2	9.2	0
1485	2024-04-26	9.2	9.2	9.2	9.2	0
1486	2024-05-02	9.2	9.2	9.2	9.2	0
1487	2024-05-03	9.2	9.2	9.2	9.2	0
1488	2024-05-06	9.2	9.2	9.2	9.2	0
1489	2024-05-07	9.2	9.2	9.2	9.2	0
1490	2024-05-08	9.11	9.2	9.11	9.2	200
1491	2024-05-09	9.2	9.2	9.2	9.2	0
1492	2024-05-10	9.2	9.2	9.2	9.2	0
1493	2024-05-13	9.2	9.2	9.2	9.2	0
1494	2024-05-14	9.2	9.2	9.2	9.2	0
1495	2024-05-15	9.2	9.2	9.2	9.2	0
1496	2024-05-16	9.2	9.2	9.2	9.2	200
1497	2024-05-17	9.2	9.2	9.2	9.2	0
1498	2024-05-20	9.2	9.2	9.2	9.2	1000
1499	2024-05-21	9.2	9.2	9.2	9.2	0
1500	2024-05-22	9.2	9.2	9.2	9.2	0
1501	2024-05-23	9.2	9.2	9.2	9.2	0
1502	2024-05-24	9.1	9.2	9.1	9.2	600
1503	2024-05-27	9.2	9.2	9.2	9.2	0
1504	2024-05-28	9.2	9.2	9.2	9.2	0
1505	2024-05-29	9.2	9.2	9.2	9.2	50
1506	2024-05-30	9.2	9.2	9.2	9.2	0
1507	2024-05-31	9.2	9.2	9.2	9.2	0
1508	2024-06-03	9.2	9.2	9.2	9.2	0
1509	2024-06-04	9.2	9.2	9.2	9.2	0
1510	2024-06-05	9.2	9.2	9.2	9.2	0
1511	2024-06-06	9.2	9.2	9.2	9.2	0
1512	2024-06-07	9.2	9.2	9.2	9.2	0
1513	2024-06-10	8.2	8.2	8.2	8.2	1100
1514	2024-06-11	9.2	9.2	9.2	9.2	100
1515	2024-06-12	9.2	9.2	9.2	9.2	0
1516	2024-06-13	9.2	9.2	9.2	9.2	0
1517	2024-06-14	9.2	9.2	9.2	9.2	0
1518	2024-06-17	9.2	9.2	9.2	9.2	0
1519	2024-06-18	9.2	9.2	9.2	9.2	0
1520	2024-06-19	9.2	9.2	9.2	9.2	0
1521	2024-06-20	9.2	9.2	9.2	9.2	0
1522	2024-06-21	9.2	9.2	9.2	9.2	600
1523	2024-06-24	9.2	9.2	9.2	9.2	0
1524	2024-06-25	9.2	9.2	9.2	9.2	1
1525	2024-06-26	9.2	9.2	9.2	9.2	0
1526	2024-06-27	9.2	9.2	9.2	9.2	0
1527	2024-06-28	9.2	9.2	9.2	9.2	0
1528	2024-07-01	9.2	9.2	9.2	9.2	0
1529	2024-07-02	9.2	9.2	9.2	9.2	0
1530	2024-07-03	9.2	9.2	9.2	9.2	0
1531	2024-07-04	9.2	9.2	9.2	9.2	0
1532	2024-07-05	9.2	9.2	9.2	9.2	1
1533	2024-07-08	9.2	9.2	9.2	9.2	0
1534	2024-07-09	9.2	9.2	9.2	9.2	0
1535	2024-07-10	9.2	9.2	9.2	9.2	0
1536	2024-07-11	9.2	9.2	9.2	9.2	0
1537	2024-07-12	9.2	9.2	9.2	9.2	0
1538	2024-07-15	10.0	10.0	9.3	9.3	300
1539	2024-07-16	9.5	9.5	9.5	9.5	0
1540	2024-07-17	9.5	9.5	9.5	9.5	0
1541	2024-07-18	8.5	8.5	8.5	8.5	2400
1542	2024-07-19	8.5	8.5	8.5	8.5	0
1543	2024-07-22	8.5	8.5	8.5	8.5	0
1544	2024-07-23	8.5	8.5	8.5	8.5	0
1545	2024-07-24	8.5	8.5	8.5	8.5	0
1546	2024-07-25	8.5	8.5	8.5	8.5	0
1547	2024-07-29	9.7	9.7	9.7	9.7	200
1548	2024-09-24	9.7	9.7	9.7	9.7	400
1549	2024-09-26	9.7	9.7	9.7	9.7	300
1550	2024-10-28	9.0	9.0	9.0	9.0	4600
1551	2025-01-20	9.0	9.0	9.0	9.0	600
1552	2025-02-17	9.8	9.8	9.8	9.8	1000
1553	2025-03-04	10.1	10.1	10.1	10.1	1700
1554	2025-03-06	10.5	10.5	10.5	10.5	200
1555	2025-03-27	12.0	12.0	12.0	12.0	22100
1556	2025-03-28	13.8	13.8	13.8	13.8	5100
1557	2025-03-31	15.8	15.8	15.2	15.3	13300
1558	2025-04-01	15.3	15.4	15.3	15.4	7900
