	time	open	high	low	close	volume
0	2017-03-24	10.78	10.78	10.78	10.78	100
1	2017-03-27	11.86	11.86	11.86	11.86	100
2	2017-03-28	13.03	13.03	10.83	10.83	13800
3	2017-03-29	10.83	11.66	9.76	11.66	1200
4	2017-03-30	10.59	10.59	10.59	10.59	100
5	2017-03-31	9.56	9.56	9.56	9.56	2300
6	2017-04-03	9.56	9.56	9.56	9.56	0
7	2017-04-04	10.49	10.49	9.27	9.27	8800
8	2017-04-05	8.34	9.27	8.34	9.27	1500
9	2017-04-07	9.27	10.0	9.27	10.0	8400
10	2017-04-10	10.25	10.98	10.25	10.98	1400
11	2017-04-11	11.37	11.37	11.37	11.37	100
12	2017-04-12	10.98	10.98	10.98	10.98	3000
13	2017-04-13	9.9	9.9	9.9	9.9	300
14	2017-04-14	9.9	9.9	8.93	8.93	200
15	2017-04-17	9.76	9.76	9.76	9.76	300
16	2017-04-18	9.76	9.76	9.76	9.76	0
17	2017-04-19	9.76	9.76	9.76	9.76	0
18	2017-04-20	9.76	9.76	9.76	9.76	0
19	2017-04-21	9.32	9.32	9.32	9.32	100
20	2017-04-24	8.98	8.98	8.98	8.98	100
21	2017-04-25	9.37	9.37	9.37	9.37	100
22	2017-04-26	9.37	9.37	9.37	9.37	0
23	2017-04-27	9.61	10.29	9.61	10.29	800
24	2017-04-28	10.29	10.29	10.29	10.29	0
25	2017-05-03	10.29	10.29	10.29	10.29	0
26	2017-05-04	10.29	10.29	10.29	10.29	0
27	2017-05-05	10.29	10.29	10.29	10.29	0
28	2017-05-08	10.29	10.29	10.29	10.29	0
29	2017-05-09	9.56	9.56	9.56	9.56	100
30	2017-05-10	9.56	9.56	9.56	9.56	0
31	2017-05-11	9.76	9.76	9.76	9.76	6300
32	2017-05-12	9.76	9.76	9.76	9.76	200
33	2017-05-15	9.76	9.76	9.76	9.76	100
34	2017-05-16	9.76	9.76	9.76	9.76	0
35	2017-05-17	10.64	10.64	10.64	10.64	100
36	2017-05-18	10.64	10.64	10.64	10.64	0
37	2017-05-19	10.64	10.64	10.64	10.64	0
38	2017-05-22	10.64	10.98	10.64	10.98	500
39	2017-05-23	10.98	10.98	10.98	10.98	0
40	2017-05-24	10.98	10.98	10.98	10.98	0
41	2017-05-25	10.98	10.98	10.98	10.98	0
42	2017-05-26	10.98	10.98	10.98	10.98	0
43	2017-05-29	10.98	10.98	10.98	10.98	0
44	2017-05-30	11.66	11.66	11.66	11.66	100
45	2017-05-31	11.66	11.66	11.66	11.66	0
46	2017-06-01	11.66	11.66	11.66	11.66	0
47	2017-06-02	11.66	11.66	11.66	11.66	0
48	2017-06-05	11.66	11.66	11.66	11.66	0
49	2017-06-06	11.66	11.66	11.66	11.66	0
50	2017-06-07	11.76	11.76	11.76	11.76	1500
51	2017-06-08	11.76	11.76	11.76	11.76	0
52	2017-06-09	11.76	11.76	11.76	11.76	100
53	2017-06-12	11.76	11.76	11.76	11.76	0
54	2017-06-13	11.76	11.76	11.76	11.76	0
55	2017-06-14	11.76	11.76	11.76	11.76	0
56	2017-06-15	11.76	11.76	11.76	11.76	0
57	2017-06-16	11.76	11.76	11.76	11.76	0
58	2017-06-19	11.76	11.76	11.76	11.76	0
59	2017-06-20	11.52	11.52	11.52	11.52	1000
60	2017-06-21	11.52	11.52	11.52	11.52	0
61	2017-06-22	11.52	11.52	11.52	11.52	0
62	2017-06-23	11.52	11.52	11.52	11.52	0
63	2017-06-26	11.52	11.52	11.52	11.52	0
64	2017-06-27	11.52	11.52	11.52	11.52	0
65	2017-06-28	11.52	11.52	11.52	11.52	0
66	2017-06-29	10.44	10.44	10.44	10.44	100
67	2017-06-30	10.44	10.44	10.44	10.44	3500
68	2017-07-03	10.88	11.42	10.88	11.42	8400
69	2017-07-04	11.42	11.42	11.42	11.42	0
70	2017-07-05	11.42	11.42	11.42	11.42	0
71	2017-07-06	11.42	11.42	11.42	11.42	0
72	2017-07-07	11.42	11.42	11.42	11.42	0
73	2017-07-10	11.42	11.42	11.42	11.42	0
74	2017-07-11	11.42	11.42	11.42	11.42	0
75	2017-07-12	10.29	10.29	10.29	10.29	1000
76	2017-07-13	10.29	10.29	10.29	10.29	4000
77	2017-07-14	10.29	10.29	10.29	10.29	1500
78	2017-07-17	9.8	9.8	9.8	9.8	4100
79	2017-07-18	9.31	9.31	9.31	9.31	1000
80	2017-07-19	9.8	9.8	9.8	9.8	4000
81	2017-07-20	9.8	9.8	9.8	9.8	0
82	2017-07-21	9.8	9.8	9.8	9.8	0
83	2017-07-24	9.8	9.8	9.8	9.8	0
84	2017-07-25	9.8	9.8	9.8	9.8	0
85	2017-07-26	9.8	9.8	9.8	9.8	0
86	2017-07-27	9.8	9.8	9.8	9.8	0
87	2017-07-28	9.8	9.8	9.8	9.8	0
88	2017-07-31	9.8	9.8	9.8	9.8	0
89	2017-08-01	9.8	9.8	9.8	9.8	0
90	2017-08-02	9.8	9.8	9.8	9.8	0
91	2017-08-03	9.8	9.8	9.8	9.8	0
92	2017-08-04	9.8	9.8	9.8	9.8	0
93	2017-08-07	9.8	9.8	9.8	9.8	0
94	2017-08-08	9.8	9.8	9.8	9.8	0
95	2017-08-09	9.8	9.8	9.8	9.8	0
96	2017-08-10	9.8	9.8	9.8	9.8	0
97	2017-08-11	9.8	9.8	9.8	9.8	0
98	2017-08-14	9.8	9.8	9.8	9.8	400
99	2017-08-15	9.8	9.8	9.8	9.8	0
100	2017-08-16	9.8	9.8	9.8	9.8	0
101	2017-08-17	9.8	9.8	9.8	9.8	0
102	2017-08-18	9.8	9.8	9.8	9.8	0
103	2017-08-21	8.82	9.8	8.82	9.8	1600
104	2017-08-22	9.8	9.8	9.8	9.8	0
105	2017-08-23	9.8	9.8	9.8	9.8	0
106	2017-08-24	9.8	9.8	9.8	9.8	0
107	2017-08-25	9.8	9.8	9.8	9.8	400
108	2017-08-28	9.8	9.8	9.8	9.8	100
109	2017-08-29	9.7	9.7	9.7	9.7	100
110	2017-08-30	9.8	10.05	8.82	8.82	4300
111	2017-08-31	8.82	8.82	8.82	8.82	0
112	2017-09-01	9.7	9.7	9.7	9.7	100
113	2017-09-05	9.8	9.8	9.8	9.8	200
114	2017-09-06	9.8	9.8	9.8	9.8	100
115	2017-09-07	9.8	9.8	9.8	9.8	700
116	2017-09-08	9.8	9.8	9.8	9.8	800
117	2017-09-11	9.8	9.8	9.8	9.8	0
118	2017-09-12	9.8	9.8	9.8	9.8	0
119	2017-09-13	9.8	9.8	9.8	9.8	0
120	2017-09-14	9.8	9.8	9.8	9.8	0
121	2017-09-15	9.8	9.8	9.8	9.8	0
122	2017-09-18	9.8	9.8	9.8	9.8	0
123	2017-09-19	9.8	9.8	9.8	9.8	0
124	2017-09-20	9.8	9.8	9.8	9.8	400
125	2017-09-21	9.8	9.8	9.8	9.8	0
126	2017-09-22	9.8	9.8	9.8	9.8	0
127	2017-09-25	9.56	9.56	9.56	9.56	100
128	2017-09-26	9.56	9.56	9.56	9.56	0
129	2017-09-27	9.56	9.56	9.56	9.56	0
130	2017-09-28	9.56	9.56	9.56	9.56	0
131	2017-09-29	9.56	9.56	9.56	9.56	0
132	2017-10-02	10.29	10.29	10.29	10.29	100
133	2017-10-03	10.78	10.78	10.78	10.78	100
134	2017-10-04	10.78	10.78	10.78	10.78	0
135	2017-10-05	10.78	10.78	10.78	10.78	0
136	2017-10-06	10.78	10.78	10.78	10.78	0
137	2017-10-09	10.78	10.78	10.78	10.78	0
138	2017-10-10	10.78	10.78	10.78	10.78	0
139	2017-10-11	10.78	10.78	10.78	10.78	0
140	2017-10-12	10.29	10.29	9.8	9.8	600
141	2017-10-13	9.8	9.8	9.8	9.8	4300
142	2017-10-16	10.54	10.54	10.54	10.54	400
143	2017-10-17	10.54	10.54	10.54	10.54	0
144	2017-10-18	11.52	11.52	11.52	11.52	200
145	2017-10-19	11.52	11.52	11.52	11.52	0
146	2017-10-20	11.52	11.52	11.52	11.52	0
147	2017-10-23	11.52	11.52	11.52	11.52	0
148	2017-10-24	11.52	11.52	11.52	11.52	0
149	2017-10-25	11.52	11.52	11.52	11.52	0
150	2017-10-26	10.54	10.54	10.54	10.54	300
151	2017-10-27	10.54	10.54	10.54	10.54	0
152	2017-10-30	10.54	10.54	10.54	10.54	0
153	2017-10-31	10.54	10.54	10.54	10.54	0
154	2017-11-01	11.52	11.52	11.52	11.52	300
155	2017-11-02	11.52	11.52	11.52	11.52	0
156	2017-11-03	11.52	11.52	11.52	11.52	0
157	2017-11-06	11.52	11.52	11.52	11.52	0
158	2017-11-07	10.44	10.44	10.44	10.44	100
159	2017-11-08	10.44	10.44	10.44	10.44	0
160	2017-11-09	9.8	9.8	9.8	9.8	100
161	2017-11-10	10.78	10.78	9.61	9.61	2900
162	2017-11-13	8.82	8.82	8.82	8.82	100
163	2017-11-14	8.82	8.82	8.82	8.82	0
164	2017-11-15	9.7	9.7	9.7	9.7	600
165	2017-11-16	10.59	10.59	10.59	10.59	1300
166	2017-11-17	10.59	10.59	10.59	10.59	0
167	2017-11-20	10.59	10.59	10.59	10.59	0
168	2017-11-21	10.59	10.59	10.59	10.59	0
169	2017-11-22	10.59	10.59	10.59	10.59	0
170	2017-11-23	10.59	10.59	10.59	10.59	0
171	2017-11-24	9.85	9.85	9.85	9.85	100
172	2017-11-27	10.29	10.29	10.29	10.29	4000
173	2017-11-28	10.29	10.29	10.29	10.29	1000
174	2017-11-29	10.29	10.29	10.29	10.29	400
175	2017-11-30	9.8	9.8	9.8	9.8	3600
176	2017-12-01	10.29	10.29	9.8	9.8	14900
177	2017-12-04	9.8	9.8	9.8	9.8	0
178	2017-12-05	9.8	9.8	9.8	9.8	5000
179	2017-12-06	9.8	9.8	9.8	9.8	400
180	2017-12-07	9.8	9.8	9.8	9.8	5000
181	2017-12-08	9.8	9.8	9.8	9.8	0
182	2017-12-11	9.8	9.8	9.8	9.8	0
183	2017-12-12	9.8	9.8	9.8	9.8	0
184	2017-12-13	9.8	9.8	9.8	9.8	0
185	2017-12-14	9.8	9.8	9.8	9.8	0
186	2017-12-15	9.8	9.8	9.8	9.8	0
187	2017-12-18	9.8	9.8	9.8	9.8	7400
188	2017-12-19	9.8	9.9	9.8	9.9	4100
189	2017-12-20	9.9	9.9	9.9	9.9	0
190	2017-12-21	9.31	9.31	9.31	9.31	300
191	2017-12-22	9.8	9.8	9.8	9.8	1000
192	2017-12-25	10.05	10.05	10.05	10.05	100
193	2017-12-26	10.05	10.05	10.05	10.05	0
194	2017-12-27	10.05	10.05	10.05	10.05	0
195	2017-12-28	10.05	10.05	10.05	10.05	0
196	2017-12-29	10.05	10.05	10.05	10.05	0
197	2018-01-02	10.05	10.05	10.05	10.05	0
198	2018-01-03	10.54	10.54	10.54	10.54	1900
199	2018-01-04	10.54	10.54	10.54	10.54	0
200	2018-01-05	10.54	10.54	10.54	10.54	0
201	2018-01-08	10.54	10.54	10.54	10.54	0
202	2018-01-09	11.27	11.27	9.8	9.8	5100
203	2018-01-10	9.8	9.8	9.8	9.8	0
204	2018-01-11	10.29	10.29	10.29	10.29	100
205	2018-01-12	10.29	10.29	10.29	10.29	0
206	2018-01-15	10.29	10.29	10.29	10.29	0
207	2018-01-16	10.29	10.29	10.29	10.29	0
208	2018-01-17	10.29	10.29	10.29	10.29	0
209	2018-01-18	10.98	11.03	10.98	11.03	7000
210	2018-01-19	11.03	11.03	11.03	11.03	1800
211	2018-01-22	11.03	11.03	11.03	11.03	1000
212	2018-01-23	11.03	11.03	11.03	11.03	0
213	2018-01-24	11.03	11.03	11.03	11.03	500
214	2018-01-25	11.03	11.03	11.03	11.03	800
215	2018-01-26	11.03	11.03	11.03	11.03	0
216	2018-01-29	11.27	11.27	11.27	11.27	900
217	2018-01-30	11.27	11.27	11.27	11.27	0
218	2018-01-31	11.27	11.27	11.27	11.27	4300
219	2018-02-01	12.01	12.01	12.01	12.01	100
220	2018-02-02	12.01	12.01	12.01	12.01	0
221	2018-02-05	12.01	12.01	12.01	12.01	0
222	2018-02-06	11.27	11.27	11.27	11.27	2600
223	2018-02-07	11.27	11.27	11.27	11.27	0
224	2018-02-08	11.27	11.27	11.27	11.27	2990
225	2018-02-09	11.27	11.27	11.27	11.27	4000
226	2018-02-12	11.27	11.27	11.27	11.27	0
227	2018-02-13	11.27	11.27	11.27	11.27	0
228	2018-02-21	11.27	11.27	11.27	11.27	0
229	2018-02-22	11.27	11.27	11.27	11.27	32
230	2018-02-23	11.27	11.27	11.27	11.27	0
231	2018-02-26	11.27	11.27	11.27	11.27	0
232	2018-02-27	11.27	11.27	11.27	11.27	0
233	2018-02-28	11.27	11.27	11.27	11.27	0
234	2018-03-01	11.27	11.27	11.27	11.27	0
235	2018-03-02	11.27	11.27	11.27	11.27	0
236	2018-03-05	11.27	11.27	11.27	11.27	0
237	2018-03-06	11.76	11.76	11.76	11.76	5000
238	2018-03-07	11.76	11.76	11.76	11.76	0
239	2018-03-08	11.71	11.71	11.71	11.71	200
240	2018-03-09	11.76	11.76	11.76	11.76	1000
241	2018-03-12	12.25	12.25	11.76	11.76	6600
242	2018-03-13	11.76	11.76	11.76	11.76	1000
243	2018-03-14	11.76	12.01	11.76	12.01	38400
244	2018-03-15	11.86	11.86	11.86	11.86	500
245	2018-03-16	11.96	12.01	11.96	12.01	5400
246	2018-03-19	12.01	12.01	12.01	12.01	0
247	2018-03-20	11.76	12.25	11.76	12.25	10800
248	2018-03-21	12.25	12.25	12.25	12.25	0
249	2018-03-22	12.25	12.25	12.25	12.25	0
250	2018-03-23	12.74	12.74	12.74	12.74	300
251	2018-03-26	12.74	12.74	12.74	12.74	0
252	2018-03-27	12.74	12.74	12.74	12.74	0
253	2018-03-28	12.74	12.74	12.74	12.74	0
254	2018-03-29	12.99	13.23	12.99	13.23	4200
255	2018-03-30	13.23	13.23	13.23	13.23	0
256	2018-04-02	13.23	13.23	13.23	13.23	0
257	2018-04-03	13.23	13.23	13.23	13.23	0
258	2018-04-04	13.23	13.23	13.23	13.23	0
259	2018-04-05	13.23	13.23	13.23	13.23	0
260	2018-04-06	13.23	13.23	13.23	13.23	0
261	2018-04-09	13.23	13.23	13.23	13.23	0
262	2018-04-10	13.23	13.23	13.23	13.23	0
263	2018-04-11	13.23	13.23	13.23	13.23	0
264	2018-04-12	13.23	13.23	13.23	13.23	0
265	2018-04-13	13.23	13.23	13.23	13.23	0
266	2018-04-16	13.23	13.23	13.23	13.23	300
267	2018-04-17	13.23	13.23	13.23	13.23	0
268	2018-04-18	13.23	13.23	13.23	13.23	0
269	2018-04-19	13.23	13.23	13.23	13.23	0
270	2018-04-20	13.23	13.23	13.23	13.23	0
271	2018-04-23	13.23	13.23	13.23	13.23	0
272	2018-04-24	11.91	11.91	11.91	11.91	100
273	2018-04-26	11.91	11.91	11.91	11.91	0
274	2018-04-27	11.91	11.91	11.91	11.91	0
275	2018-05-02	10.85	10.85	10.85	10.85	100
276	2018-05-03	11.64	11.64	11.64	11.64	15600
277	2018-05-04	11.64	11.64	11.64	11.64	0
278	2018-05-07	12.7	12.7	10.59	10.59	300
279	2018-05-08	10.59	10.59	10.59	10.59	0
280	2018-05-09	10.59	10.59	10.59	10.59	0
281	2018-05-10	10.59	10.59	10.59	10.59	0
282	2018-05-11	11.64	11.64	11.64	11.64	200
283	2018-05-14	12.81	12.81	12.81	12.81	500
284	2018-05-15	12.81	12.81	12.81	12.81	0
285	2018-05-16	12.81	12.81	12.81	12.81	0
286	2018-05-17	12.81	12.81	12.81	12.81	0
287	2018-05-18	12.81	12.81	12.81	12.81	0
288	2018-05-21	13.23	13.23	13.23	13.23	2000
289	2018-05-22	13.23	13.23	13.23	13.23	0
290	2018-05-23	13.23	13.23	13.23	13.23	0
291	2018-05-24	13.23	13.23	13.23	13.23	0
292	2018-05-25	13.23	13.23	13.23	13.23	0
293	2018-05-28	13.23	13.23	13.23	13.23	0
294	2018-05-29	13.23	13.23	13.23	13.23	0
295	2018-05-30	13.23	13.23	13.23	13.23	0
296	2018-05-31	11.91	11.91	11.91	11.91	200
297	2018-06-01	11.91	11.91	11.91	11.91	0
298	2018-06-04	10.74	10.74	10.74	10.74	5000
299	2018-06-05	10.74	10.74	10.74	10.74	0
300	2018-06-06	10.74	10.74	10.74	10.74	0
301	2018-06-07	10.74	10.74	10.74	10.74	0
302	2018-06-08	10.74	10.74	10.74	10.74	0
303	2018-06-11	10.74	10.74	10.74	10.74	0
304	2018-06-12	10.74	10.74	10.74	10.74	0
305	2018-06-13	10.74	10.74	10.74	10.74	0
306	2018-06-14	10.74	10.74	10.74	10.74	0
307	2018-06-15	10.74	10.74	10.74	10.74	0
308	2018-06-18	10.74	10.74	10.74	10.74	0
309	2018-06-19	10.74	10.74	10.74	10.74	0
310	2018-06-20	10.74	10.74	10.74	10.74	0
311	2018-06-21	10.74	10.74	10.74	10.74	0
312	2018-06-22	10.74	10.74	10.74	10.74	0
313	2018-06-25	10.74	10.74	10.74	10.74	0
314	2018-06-26	10.74	10.74	10.74	10.74	0
315	2018-06-27	10.74	10.74	10.74	10.74	0
316	2018-06-28	10.74	10.74	10.74	10.74	0
317	2018-06-29	11.8	11.8	11.8	11.8	100
318	2018-07-02	11.8	11.8	11.8	11.8	0
319	2018-07-03	11.8	11.8	11.8	11.8	0
320	2018-07-04	11.8	11.8	11.8	11.8	0
321	2018-07-05	11.8	11.8	11.8	11.8	0
322	2018-07-06	11.8	11.8	11.8	11.8	0
323	2018-07-09	11.8	11.8	11.8	11.8	0
324	2018-07-10	11.8	11.8	11.8	11.8	0
325	2018-07-11	11.8	11.8	11.8	11.8	0
326	2018-07-12	11.8	11.8	11.8	11.8	0
327	2018-07-13	11.8	11.8	11.8	11.8	0
328	2018-07-16	11.8	11.8	11.8	11.8	0
329	2018-07-17	11.8	11.8	11.8	11.8	0
330	2018-07-18	11.8	11.8	11.8	11.8	0
331	2018-07-19	11.8	11.8	11.8	11.8	0
332	2018-07-20	11.8	11.8	11.8	11.8	0
333	2018-07-23	11.8	11.8	11.8	11.8	0
334	2018-07-24	11.8	11.8	11.8	11.8	0
335	2018-07-25	11.8	11.8	11.8	11.8	0
336	2018-07-26	11.8	11.8	11.8	11.8	0
337	2018-07-27	11.8	11.8	11.8	11.8	32
338	2018-07-30	11.8	11.8	11.8	11.8	0
339	2018-07-31	11.8	11.8	11.8	11.8	0
340	2018-08-01	11.8	11.8	11.8	11.8	0
341	2018-08-02	11.8	11.8	11.8	11.8	0
342	2018-08-03	11.8	11.8	11.8	11.8	2
343	2018-08-06	11.8	11.8	11.8	11.8	30
344	2018-08-07	11.8	11.8	11.8	11.8	0
345	2018-08-08	11.8	11.8	11.8	11.8	0
346	2018-08-09	11.8	11.8	11.8	11.8	0
347	2018-08-10	11.8	11.8	11.8	11.8	0
348	2018-08-13	11.8	11.8	11.8	11.8	0
349	2018-08-14	11.8	11.8	11.8	11.8	0
350	2018-08-15	11.8	11.8	11.8	11.8	0
351	2018-08-16	11.8	11.8	11.8	11.8	0
352	2018-08-17	11.8	11.8	11.8	11.8	0
353	2018-08-20	11.8	11.8	11.8	11.8	0
354	2018-08-21	11.8	11.8	11.8	11.8	0
355	2018-08-22	11.8	11.8	11.8	11.8	0
356	2018-08-23	12.17	12.17	12.17	12.17	100
357	2018-08-24	13.39	13.39	13.39	13.39	13000
358	2018-08-27	13.39	13.39	13.39	13.39	0
359	2018-08-28	13.39	13.39	13.39	13.39	0
360	2018-08-29	13.39	13.39	13.39	13.39	0
361	2018-08-30	13.39	13.39	13.39	13.39	0
362	2018-08-31	13.39	13.39	13.39	13.39	0
363	2018-09-04	13.23	13.5	13.23	13.5	4000
364	2018-09-05	13.5	13.5	13.5	13.5	0
365	2018-09-06	13.5	13.5	13.5	13.5	1000
366	2018-09-07	13.5	13.5	13.5	13.5	0
367	2018-09-10	13.5	13.5	13.5	13.5	0
368	2018-09-11	13.5	13.5	13.5	13.5	0
369	2018-09-12	13.5	13.5	13.5	13.5	0
370	2018-09-13	13.39	13.5	13.39	13.5	4000
371	2018-09-14	13.5	13.5	13.5	13.5	0
372	2018-09-17	13.5	13.5	13.5	13.5	0
373	2018-09-18	13.5	13.5	13.5	13.5	3000
374	2018-09-19	13.5	13.5	13.5	13.5	0
375	2018-09-20	13.5	13.5	13.5	13.5	0
376	2018-09-21	13.5	13.5	13.5	13.5	0
377	2018-09-24	13.5	13.5	13.5	13.5	0
378	2018-09-25	13.5	13.5	13.5	13.5	0
379	2018-09-26	13.5	13.5	13.5	13.5	0
380	2018-09-27	13.5	13.5	13.5	13.5	0
381	2018-09-28	14.03	14.03	14.03	14.03	3000
382	2018-10-01	14.03	14.03	14.03	14.03	0
383	2018-10-02	14.03	14.03	14.03	14.03	0
384	2018-10-03	14.03	14.03	14.03	14.03	0
385	2018-10-04	14.03	14.03	14.03	14.03	0
386	2018-10-05	14.03	14.03	14.03	14.03	0
387	2018-10-08	14.03	14.03	14.03	14.03	0
388	2018-10-09	14.03	14.03	14.03	14.03	0
389	2018-10-10	14.03	14.03	14.03	14.03	0
390	2018-10-11	12.65	12.65	12.65	12.65	100
391	2018-10-12	12.65	12.65	12.65	12.65	0
392	2018-10-15	12.65	12.65	12.65	12.65	4000
393	2018-10-16	12.65	12.65	12.65	12.65	0
394	2018-10-17	12.7	12.7	12.7	12.7	9000
395	2018-10-18	12.7	12.7	12.7	12.7	10000
396	2018-10-19	12.7	12.7	12.7	12.7	7000
397	2018-10-22	12.7	12.7	12.7	12.7	0
398	2018-10-23	12.7	12.7	12.7	12.7	0
399	2018-10-24	12.7	12.7	12.7	12.7	0
400	2018-10-25	12.7	12.7	12.7	12.7	0
401	2018-10-26	12.7	12.7	12.7	12.7	0
402	2018-10-29	12.7	12.7	12.7	12.7	0
403	2018-10-30	12.7	12.7	12.7	12.7	0
404	2018-10-31	12.7	12.7	12.7	12.7	0
405	2018-11-01	12.7	12.7	12.7	12.7	0
406	2018-11-02	12.7	12.7	12.7	12.7	0
407	2018-11-05	12.7	12.7	12.7	12.7	0
408	2018-11-06	12.7	12.7	12.7	12.7	0
409	2018-11-07	12.7	12.7	12.7	12.7	0
410	2018-11-08	12.7	12.7	12.7	12.7	0
411	2018-11-09	12.7	12.7	12.7	12.7	0
412	2018-11-12	12.7	12.7	12.7	12.7	0
413	2018-11-13	12.7	12.7	12.7	12.7	0
414	2018-11-14	12.7	12.7	12.7	12.7	0
415	2018-11-15	12.7	12.7	12.7	12.7	0
416	2018-11-16	13.23	13.23	13.23	13.23	200
417	2018-11-19	13.23	13.23	13.23	13.23	0
418	2018-11-20	13.23	13.23	13.23	13.23	0
419	2018-11-21	13.23	13.23	13.23	13.23	0
420	2018-11-22	13.23	13.23	13.23	13.23	0
421	2018-11-23	13.23	13.23	13.23	13.23	0
422	2018-11-26	13.23	13.23	13.23	13.23	0
423	2018-11-27	13.23	13.23	13.23	13.23	0
424	2018-11-28	13.23	13.23	13.23	13.23	0
425	2018-11-29	13.23	13.23	13.23	13.23	0
426	2018-11-30	13.23	13.23	13.23	13.23	0
427	2018-12-03	13.23	13.23	13.23	13.23	0
428	2018-12-04	13.23	13.23	13.23	13.23	0
429	2018-12-05	13.23	13.23	13.23	13.23	0
430	2018-12-06	13.23	13.23	13.23	13.23	0
431	2018-12-07	13.23	13.23	13.23	13.23	0
432	2018-12-10	13.23	13.23	13.23	13.23	0
433	2018-12-11	13.23	13.23	13.23	13.23	0
434	2018-12-12	14.56	14.56	14.56	14.56	100
435	2018-12-13	14.56	14.56	14.56	14.56	0
436	2018-12-14	14.56	14.56	14.56	14.56	0
437	2018-12-17	14.56	14.56	14.56	14.56	0
438	2018-12-18	14.56	14.56	14.56	14.56	0
439	2018-12-19	14.56	14.56	14.56	14.56	0
440	2018-12-20	15.98	15.98	15.98	15.98	100
441	2018-12-21	15.98	15.98	15.98	15.98	0
442	2018-12-24	15.98	15.98	15.98	15.98	0
443	2018-12-25	15.98	15.98	15.98	15.98	0
444	2018-12-26	15.98	15.98	15.98	15.98	0
445	2018-12-27	15.98	15.98	15.98	15.98	500
446	2018-12-28	15.98	15.98	15.98	15.98	100
447	2019-01-02	15.98	15.98	15.98	15.98	0
448	2019-01-03	15.98	15.98	15.98	15.98	200
449	2019-01-04	14.4	14.4	14.4	14.4	100
450	2019-01-07	13.04	13.04	13.04	13.04	1600
451	2019-01-08	13.04	13.04	13.04	13.04	0
452	2019-01-09	13.04	13.04	13.04	13.04	0
453	2019-01-10	11.73	11.73	11.73	11.73	100
454	2019-01-11	11.73	11.73	11.73	11.73	0
455	2019-01-14	11.73	11.73	11.73	11.73	0
456	2019-01-15	11.73	11.73	11.73	11.73	0
457	2019-01-16	11.73	11.73	11.73	11.73	0
458	2019-01-17	12.87	12.87	12.87	12.87	100
459	2019-01-18	12.87	12.87	12.87	12.87	0
460	2019-01-21	14.11	14.11	14.11	14.11	100
461	2019-01-22	15.47	15.47	15.47	15.47	100
462	2019-01-23	15.47	15.47	15.47	15.47	0
463	2019-01-24	15.47	15.47	15.47	15.47	0
464	2019-01-25	15.47	15.47	15.47	15.47	0
465	2019-01-28	15.02	15.08	15.02	15.08	1300
466	2019-01-29	15.3	15.3	15.3	15.3	200
467	2019-01-30	15.3	15.3	15.3	15.3	0
468	2019-01-31	15.3	15.3	15.3	15.3	0
469	2019-02-01	15.3	15.3	15.3	15.3	0
470	2019-02-11	15.3	15.3	15.3	15.3	0
471	2019-02-12	15.3	15.3	15.3	15.3	100
472	2019-02-13	15.3	15.3	15.3	15.3	0
473	2019-02-14	15.3	15.3	15.3	15.3	0
474	2019-02-15	15.3	15.3	15.3	15.3	0
475	2019-02-18	15.3	15.3	15.3	15.3	60
476	2019-02-19	15.3	15.3	15.3	15.3	0
477	2019-02-20	15.3	15.3	15.3	15.3	0
478	2019-02-21	15.3	15.3	15.3	15.3	60
479	2019-02-22	15.3	15.3	15.3	15.3	0
480	2019-02-25	15.3	15.3	15.3	15.3	0
481	2019-02-26	15.3	15.3	15.3	15.3	0
482	2019-02-27	15.87	15.87	15.87	15.87	100
483	2019-02-28	15.87	15.87	15.87	15.87	0
484	2019-03-01	15.87	15.87	15.87	15.87	0
485	2019-03-04	15.87	15.87	15.87	15.87	0
486	2019-03-05	15.87	15.87	15.87	15.87	0
487	2019-03-06	15.87	15.87	15.87	15.87	0
488	2019-03-07	15.87	15.87	15.87	15.87	0
489	2019-03-08	17.0	17.0	17.0	17.0	300
490	2019-03-11	18.14	18.14	18.14	18.14	500
491	2019-03-12	19.27	19.27	19.27	19.27	600
492	2019-03-13	19.27	19.27	19.27	19.27	0
493	2019-03-14	19.55	19.55	19.55	19.55	100
494	2019-03-15	19.55	19.55	19.55	19.55	0
495	2019-03-18	19.55	19.55	19.55	19.55	0
496	2019-03-19	19.55	19.55	19.55	19.55	0
497	2019-03-20	19.55	19.55	19.55	19.55	0
498	2019-03-21	19.55	19.55	19.55	19.55	0
499	2019-03-22	19.55	19.55	19.55	19.55	0
500	2019-03-25	19.55	19.55	19.55	19.55	0
501	2019-03-26	19.55	19.55	19.55	19.55	0
502	2019-03-27	19.55	19.55	19.55	19.55	0
503	2019-03-28	19.55	19.55	19.55	19.55	0
504	2019-03-29	19.55	19.55	19.55	19.55	0
505	2019-04-01	19.55	19.55	19.55	19.55	0
506	2019-04-02	19.55	19.55	19.55	19.55	0
507	2019-04-03	19.55	19.55	19.55	19.55	0
508	2019-04-04	19.55	19.55	19.55	19.55	0
509	2019-04-05	19.55	19.55	19.55	19.55	0
510	2019-04-08	19.84	20.41	19.84	20.41	4700
511	2019-04-09	20.97	20.97	20.97	20.97	2300
512	2019-04-10	20.97	20.97	20.97	20.97	0
513	2019-04-11	23.07	23.07	21.09	23.07	7600
514	2019-04-12	25.34	25.34	25.34	25.34	5600
515	2019-04-16	25.45	25.68	25.45	25.68	800
516	2019-04-17	26.36	26.53	26.07	26.53	4600
517	2019-04-18	26.58	26.58	25.85	25.85	800
518	2019-04-19	25.85	25.85	25.85	25.85	0
519	2019-04-22	24.09	24.09	23.3	23.3	4500
520	2019-04-23	21.6	25.45	21.6	25.45	700
521	2019-04-24	22.96	22.96	22.96	22.96	500
522	2019-04-25	21.6	21.94	21.6	21.94	1100
523	2019-04-26	22.67	22.67	22.62	22.67	4900
524	2019-05-02	22.11	22.11	22.11	22.11	300
525	2019-05-03	22.11	22.11	22.11	22.11	0
526	2019-05-06	22.11	22.11	22.11	22.11	2100
527	2019-05-07	22.11	22.11	22.11	22.11	0
528	2019-05-08	22.11	22.11	22.11	22.11	300
529	2019-05-09	22.11	22.11	22.11	22.11	500
530	2019-05-10	22.11	22.11	22.11	22.11	0
531	2019-05-13	22.67	22.67	21.6	22.16	4500
532	2019-05-14	22.16	22.16	22.16	22.16	0
533	2019-05-15	22.39	22.39	22.28	22.28	1000
534	2019-05-16	21.94	21.94	21.94	21.94	2000
535	2019-05-17	21.65	21.65	21.65	21.65	100
536	2019-05-20	20.97	22.05	20.97	21.43	2500
537	2019-05-21	21.54	23.52	21.54	23.52	9300
538	2019-05-22	23.52	25.85	23.52	25.85	11400
539	2019-05-23	28.4	28.4	26.64	28.4	18700
540	2019-05-24	30.89	31.23	29.76	31.23	43700
541	2019-05-27	34.06	34.35	31.75	34.35	22900
542	2019-05-28	34.64	37.69	31.17	34.64	32510
543	2019-05-29	35.21	35.21	33.48	34.35	1800
544	2019-05-30	31.75	32.33	31.23	31.52	6400
545	2019-05-31	31.52	32.33	31.52	31.75	5100
546	2019-06-03	30.59	31.46	28.57	29.04	7100
547	2019-06-04	27.25	29.15	27.25	29.15	1700
548	2019-06-05	30.31	32.04	29.44	32.04	11600
549	2019-06-06	29.73	35.21	29.73	35.15	24400
550	2019-06-07	36.37	36.94	35.67	35.67	9500
551	2019-06-10	35.73	39.2	35.73	38.68	33400
552	2019-06-11	38.68	38.68	36.08	37.98	19200
553	2019-06-12	37.52	38.1	35.33	36.89	11700
554	2019-06-13	35.27	36.94	33.25	36.02	16000
555	2019-06-14	36.89	37.52	36.08	36.08	6100
556	2019-06-17	36.37	37.23	35.21	35.21	6900
557	2019-06-18	33.48	35.79	32.9	35.21	17100
558	2019-06-19	32.96	34.64	31.75	34.64	13400
559	2019-06-20	35.21	35.21	32.44	34.64	32700
560	2019-06-21	32.9	34.64	32.33	33.48	16700
561	2019-06-24	32.1	34.35	32.1	33.94	7200
562	2019-06-25	32.67	33.19	32.67	32.9	10000
563	2019-06-26	32.79	32.79	30.02	32.21	10300
564	2019-06-27	31.69	31.75	30.59	31.69	2700
565	2019-06-28	30.59	34.81	30.02	34.64	67700
566	2019-07-01	34.06	37.23	33.19	36.94	37100
567	2019-07-02	36.89	37.52	35.79	36.66	15500
568	2019-07-03	36.37	36.37	35.21	36.08	6700
569	2019-07-04	36.08	37.23	35.5	37.06	54900
570	2019-07-05	36.54	40.7	36.37	40.41	93000
571	2019-07-08	40.41	40.47	38.68	40.06	48000
572	2019-07-09	40.06	40.06	38.68	38.68	6300
573	2019-07-10	38.62	41.56	38.56	39.83	54700
574	2019-07-11	41.56	41.85	40.41	40.41	40900
575	2019-07-12	40.99	42.54	40.47	42.14	27800
576	2019-07-15	42.02	42.02	40.52	40.7	24400
577	2019-07-16	40.47	41.45	40.47	40.52	24900
578	2019-07-17	40.99	42.14	39.25	41.56	48700
579	2019-07-18	41.56	41.56	40.7	41.56	21900
580	2019-07-19	40.52	41.27	40.41	40.99	30200
581	2019-07-22	40.7	41.16	40.47	41.16	28400
582	2019-07-23	41.27	44.45	41.27	44.33	56600
583	2019-07-24	44.33	44.51	43.29	43.81	7300
584	2019-07-25	43.81	45.26	42.83	44.45	13600
585	2019-07-26	44.45	44.45	41.1	43.29	15900
586	2019-07-29	43.01	43.01	41.5	42.14	12400
587	2019-07-30	42.43	42.43	40.99	40.99	15200
588	2019-07-31	40.93	40.93	39.31	39.83	14500
589	2019-08-01	40.52	43.29	40.52	41.04	28800
590	2019-08-02	41.56	43.01	41.27	42.6	24000
591	2019-08-05	43.01	44.45	42.72	43.87	75300
592	2019-08-06	42.72	46.18	42.72	45.03	118000
593	2019-08-07	45.03	45.89	43.41	44.33	37600
594	2019-08-08	43.87	44.16	42.14	43.53	29100
595	2019-08-09	42.14	42.83	42.14	42.83	8400
596	2019-08-12	42.83	43.29	42.14	42.31	20800
597	2019-08-13	41.27	42.14	40.12	40.29	36300
598	2019-08-14	40.7	40.99	39.25	39.95	9800
599	2019-08-15	39.25	41.56	38.68	41.56	26200
600	2019-08-16	41.68	41.68	39.25	41.27	43200
601	2019-08-19	39.54	40.41	38.68	40.35	12000
602	2019-08-20	40.12	40.99	39.37	40.99	20000
603	2019-08-21	40.58	40.99	39.83	40.41	13900
604	2019-08-22	40.35	42.43	38.68	38.68	56900
605	2019-08-23	39.83	41.27	39.25	40.41	15100
606	2019-08-26	40.41	41.5	40.41	41.39	21200
607	2019-08-27	41.22	41.5	40.06	41.16	6400
608	2019-08-28	40.41	40.99	40.18	40.75	11800
609	2019-08-29	40.41	40.41	38.1	38.1	38300
610	2019-08-30	38.1	38.68	37.52	38.1	10300
611	2019-09-03	37.23	37.29	34.29	34.29	20800
612	2019-09-04	31.69	31.69	30.88	30.88	14900
613	2019-09-05	27.82	33.48	27.82	32.04	87200
614	2019-09-06	33.37	33.37	30.88	32.33	12862
615	2019-09-09	32.33	32.33	31.17	31.98	2800
616	2019-09-10	30.08	30.59	28.81	28.81	81800
617	2019-09-11	28.86	29.96	28.81	29.38	12000
618	2019-09-12	27.71	31.75	27.71	31.63	21400
619	2019-09-13	30.59	32.79	30.02	31.75	29600
620	2019-09-16	31.75	32.33	29.44	30.83	10600
621	2019-09-17	30.77	31.17	28.29	30.59	26800
622	2019-09-18	31.0	31.0	28.29	28.86	42400
623	2019-09-19	28.4	29.67	28.29	28.86	17100
624	2019-09-20	28.29	28.4	28.29	28.4	24600
625	2019-09-23	28.29	29.44	28.17	28.75	25000
626	2019-09-24	28.86	28.86	28.57	28.57	6000
627	2019-09-25	28.4	28.98	28.34	28.86	3200
628	2019-09-26	29.38	29.38	28.34	28.81	8900
629	2019-09-27	28.46	28.69	27.82	27.82	13300
630	2019-09-30	28.29	28.29	27.71	27.71	10500
631	2019-10-01	27.71	28.86	27.71	28.86	3400
632	2019-10-02	28.69	28.86	28.05	28.29	12000
633	2019-10-03	27.77	28.29	27.65	27.77	24600
634	2019-10-04	27.82	28.34	27.71	28.34	6700
635	2019-10-07	28.05	28.46	28.0	28.05	2700
636	2019-10-08	28.05	28.4	28.05	28.29	5400
637	2019-10-09	28.29	28.57	28.29	28.34	16700
638	2019-10-10	28.86	29.96	28.86	29.21	13400
639	2019-10-11	29.21	29.21	29.21	29.21	100
640	2019-10-14	29.21	29.44	28.17	28.4	42800
641	2019-10-15	27.71	27.71	25.98	26.27	26300
642	2019-10-16	26.03	26.27	25.0	26.27	3500
643	2019-10-17	24.3	26.27	24.3	26.15	3900
644	2019-10-18	24.94	26.09	24.94	25.86	6005
645	2019-10-21	25.0	25.8	24.82	25.4	8200
646	2019-10-22	25.63	25.69	25.4	25.69	2900
647	2019-10-23	25.63	25.69	25.51	25.69	2800
648	2019-10-24	25.63	25.69	25.63	25.63	1300
649	2019-10-25	26.15	26.38	25.98	26.27	3650
650	2019-10-28	26.55	26.78	26.55	26.61	900
651	2019-10-29	24.36	26.73	24.36	26.73	15900
652	2019-10-30	26.84	26.84	26.15	26.67	6400
653	2019-10-31	26.44	26.44	24.59	24.59	6700
654	2019-11-01	25.86	25.86	24.82	25.4	2600
655	2019-11-04	23.84	25.4	23.84	25.4	1900
656	2019-11-05	24.07	25.63	24.07	25.23	7100
657	2019-11-06	24.3	25.4	24.3	25.23	3100
658	2019-11-07	25.4	25.4	25.23	25.23	11300
659	2019-11-08	25.57	25.57	25.34	25.34	1300
660	2019-11-11	24.59	25.4	24.59	25.4	200
661	2019-11-12	25.34	25.86	25.34	25.86	4000
662	2019-11-13	26.55	26.55	25.86	26.21	4900
663	2019-11-14	26.73	26.73	25.23	25.98	4700
664	2019-11-15	26.38	26.44	25.51	25.51	1800
665	2019-11-18	25.51	25.92	25.51	25.92	600
666	2019-11-19	25.98	25.98	25.69	25.69	1000
667	2019-11-20	25.69	26.32	25.63	26.32	1900
668	2019-11-21	25.4	25.98	25.4	25.98	600
669	2019-11-22	24.48	25.63	24.48	25.4	14100
670	2019-11-25	25.4	25.98	25.4	25.92	16433
671	2019-11-26	26.09	26.55	26.03	26.03	5400
672	2019-11-27	26.03	26.78	26.03	26.78	2000
673	2019-11-28	24.88	27.13	24.88	27.13	3000
674	2019-11-29	27.13	27.88	27.13	27.71	2900
675	2019-12-02	27.71	28.29	26.55	28.29	3300
676	2019-12-03	28.29	28.46	27.82	28.23	6700
677	2019-12-04	28.17	28.17	28.17	28.17	1100
678	2019-12-05	28.17	28.29	28.17	28.29	4800
679	2019-12-06	28.52	28.81	28.46	28.81	1800
680	2019-12-09	28.98	29.56	28.98	29.27	3200
681	2019-12-10	29.44	29.44	28.86	29.27	500
682	2019-12-11	29.15	29.27	28.98	29.27	6800
683	2019-12-12	29.04	29.79	28.86	29.73	6500
684	2019-12-13	29.73	29.73	29.73	29.73	300
685	2019-12-16	29.67	30.02	29.67	30.02	7700
686	2019-12-17	29.56	30.02	29.44	29.44	11100
687	2019-12-18	28.86	28.86	28.05	28.11	1300
688	2019-12-19	30.7	30.7	29.83	29.83	400
689	2019-12-20	29.83	31.86	29.83	31.86	17900
690	2019-12-23	31.74	31.86	30.76	31.37	2700
691	2019-12-24	31.37	31.37	30.14	30.14	2900
692	2019-12-25	31.07	31.31	30.7	30.7	3100
693	2019-12-26	30.33	31.68	30.33	31.0	1900
694	2019-12-27	30.14	31.07	29.9	31.07	2600
695	2019-12-30	31.07	31.07	31.07	31.07	0
696	2019-12-31	30.14	31.0	29.9	31.0	1600
697	2020-01-02	29.83	30.76	29.83	29.9	2200
698	2020-01-03	29.83	29.83	29.22	29.22	2900
699	2020-01-06	26.39	29.53	26.39	28.05	800
700	2020-01-07	30.02	30.02	28.17	28.17	1000
701	2020-01-08	28.36	29.83	28.3	28.3	4000
702	2020-01-09	28.42	29.77	28.3	29.59	2400
703	2020-01-10	29.71	29.96	29.59	29.96	8900
704	2020-01-13	29.96	29.96	29.96	29.96	0
705	2020-01-14	29.96	29.96	29.96	29.96	2000
706	2020-01-15	29.96	29.96	29.96	29.96	0
707	2020-01-16	29.53	29.53	28.91	29.53	1000
708	2020-01-17	29.53	29.53	29.53	29.53	2000
709	2020-01-20	29.53	29.53	29.53	29.53	0
710	2020-01-21	29.53	29.53	29.53	29.53	0
711	2020-01-22	29.53	29.53	29.53	29.53	0
712	2020-01-30	30.45	30.45	29.47	29.47	400
713	2020-01-31	28.3	29.47	26.76	29.47	1700
714	2020-02-03	26.88	29.22	26.82	29.1	1200
715	2020-02-04	29.1	29.1	28.91	28.91	500
716	2020-02-05	28.91	28.91	28.91	28.91	0
717	2020-02-06	28.91	28.91	28.91	28.91	0
718	2020-02-07	29.83	29.83	29.83	29.83	100
719	2020-02-10	28.91	28.91	28.91	28.91	100
720	2020-02-11	28.91	28.91	28.91	28.91	100
721	2020-02-12	27.8	28.85	27.07	28.85	1100
722	2020-02-13	28.85	28.91	28.85	28.91	2000
723	2020-02-14	28.91	28.91	28.91	28.91	0
724	2020-02-17	27.8	27.8	27.8	27.8	400
725	2020-02-18	27.8	27.99	27.8	27.99	900
726	2020-02-19	27.68	28.91	27.68	28.3	4600
727	2020-02-20	28.3	28.85	28.17	28.85	1200
728	2020-02-21	27.68	27.68	27.68	27.68	300
729	2020-02-24	27.68	27.68	27.68	27.68	500
730	2020-02-25	27.68	27.68	26.82	26.82	2108
731	2020-02-26	26.88	27.68	26.45	27.07	2300
732	2020-02-27	27.07	27.31	27.07	27.31	2850
733	2020-02-28	27.07	27.07	24.67	26.45	5300
734	2020-03-02	25.9	26.64	25.9	26.64	306
735	2020-03-03	26.45	26.88	26.45	26.88	3400
736	2020-03-04	26.7	26.7	25.04	26.45	3500
737	2020-03-05	26.45	26.45	26.45	26.45	1400
738	2020-03-06	26.45	26.45	26.45	26.45	1150
739	2020-03-09	26.39	26.45	25.22	25.59	7700
740	2020-03-10	24.36	26.02	24.36	26.02	1900
741	2020-03-11	26.14	26.14	26.02	26.14	2800
742	2020-03-12	24.48	24.48	24.3	24.42	4900
743	2020-03-13	23.19	24.91	23.19	24.85	12400
744	2020-03-16	25.04	25.04	24.05	24.05	2500
745	2020-03-17	24.24	24.61	24.24	24.61	7500
746	2020-03-18	24.61	24.61	24.61	24.61	1200
747	2020-03-19	24.61	25.16	24.61	25.16	1900
748	2020-03-20	25.16	25.16	25.16	25.16	300
749	2020-03-23	24.91	24.91	23.87	23.87	2800
750	2020-03-24	24.73	24.73	24.73	24.73	100
751	2020-03-25	25.53	25.53	24.61	24.61	1300
752	2020-03-26	24.54	24.91	24.54	24.91	5700
753	2020-03-27	24.91	24.91	24.91	24.91	0
754	2020-03-30	22.76	24.54	22.76	24.54	1300
755	2020-03-31	24.54	24.54	23.99	23.99	1500
756	2020-04-01	23.99	23.99	23.99	23.99	0
757	2020-04-03	24.38	24.38	24.38	24.38	100
758	2020-04-06	24.38	25.22	24.38	25.22	3400
759	2020-04-07	25.29	25.55	25.29	25.55	600
760	2020-04-08	25.87	25.87	25.87	25.87	300
761	2020-04-09	25.74	25.74	25.74	25.74	900
762	2020-04-10	26.26	26.26	26.26	26.26	1200
763	2020-04-13	24.12	25.94	24.12	25.94	5200
764	2020-04-14	25.94	25.94	25.87	25.94	1700
765	2020-04-15	25.94	26.58	25.94	26.58	1700
766	2020-04-16	27.23	27.23	25.61	25.94	1500
767	2020-04-17	25.94	26.26	25.09	26.26	17960
768	2020-04-20	25.94	25.94	25.61	25.61	12600
769	2020-04-21	25.61	25.61	25.22	25.35	900
770	2020-04-22	24.64	25.16	24.64	24.96	3100
771	2020-04-23	24.96	24.96	24.96	24.96	800
772	2020-04-24	24.96	24.96	24.96	24.96	100
773	2020-04-27	25.61	25.94	25.61	25.94	6600
774	2020-04-28	25.94	28.53	25.94	26.58	1700
775	2020-04-29	25.94	26.26	25.94	26.26	400
776	2020-05-04	25.16	25.16	25.16	25.16	600
777	2020-05-05	25.94	25.94	25.16	25.94	2000
778	2020-05-06	25.29	25.87	25.29	25.87	300
779	2020-05-07	25.87	25.87	25.87	25.87	2300
780	2020-05-08	25.09	25.29	24.96	25.29	6100
781	2020-05-11	25.29	25.29	24.96	24.96	4800
782	2020-05-12	24.96	25.35	24.96	25.09	7900
783	2020-05-13	25.09	25.09	25.09	25.09	200
784	2020-05-14	25.61	25.87	25.61	25.87	300
785	2020-05-15	25.87	25.87	24.96	25.61	4100
786	2020-05-18	24.96	25.22	24.96	25.03	3500
787	2020-05-19	25.16	25.16	24.96	25.03	7520
788	2020-05-20	25.48	25.48	25.03	25.42	740
789	2020-05-21	25.42	25.42	25.09	25.09	300
790	2020-05-22	25.29	25.29	25.29	25.29	600
791	2020-05-25	25.48	26.26	25.29	26.26	10800
792	2020-05-26	26.26	28.53	26.26	28.21	6330
793	2020-05-27	27.95	27.95	27.56	27.56	5630
794	2020-05-28	27.56	27.82	25.87	27.82	7900
795	2020-05-29	27.82	27.82	27.82	27.82	400
796	2020-06-01	27.75	27.82	27.75	27.82	4500
797	2020-06-02	27.88	27.88	27.75	27.75	11130
798	2020-06-03	27.75	28.6	27.75	27.75	1000
799	2020-06-04	27.75	28.53	27.75	28.4	3100
800	2020-06-05	27.88	28.4	27.82	28.4	2700
801	2020-06-08	28.21	28.21	27.43	27.49	3300
802	2020-06-09	28.4	28.4	28.4	28.4	100
803	2020-06-10	28.4	28.4	28.4	28.4	40
804	2020-06-11	28.27	28.27	26.58	28.01	800
805	2020-06-12	26.2	28.27	26.07	28.27	1000
806	2020-06-15	26.33	26.33	26.33	26.33	200
807	2020-06-16	23.73	28.4	23.73	28.4	600
808	2020-06-17	26.65	26.91	26.65	26.91	600
809	2020-06-18	26.26	26.26	26.26	26.26	100
810	2020-06-19	27.88	27.88	26.39	27.82	3200
811	2020-06-22	27.49	27.49	27.49	27.49	100
812	2020-06-23	27.88	27.88	27.23	27.56	2400
813	2020-06-24	27.49	27.56	27.49	27.56	1700
814	2020-06-25	27.56	27.56	27.23	27.23	2600
815	2020-06-26	26.65	26.65	26.65	26.65	100
816	2020-06-29	26.65	26.65	26.58	26.58	1500
817	2020-06-30	26.58	27.36	25.35	27.36	2000
818	2020-07-01	26.58	26.58	26.58	26.58	2000
819	2020-07-02	26.0	27.36	25.94	27.36	2500
820	2020-07-03	26.58	27.3	25.94	27.3	2300
821	2020-07-06	26.58	26.58	25.94	25.94	6700
822	2020-07-07	25.94	25.94	25.94	25.94	1900
823	2020-07-08	25.94	25.94	25.94	25.94	0
824	2020-07-09	26.0	26.0	25.94	25.94	3100
825	2020-07-10	26.46	26.58	26.46	26.58	2000
826	2020-07-13	26.58	27.56	26.58	27.23	16900
827	2020-07-14	27.56	27.56	27.23	27.43	7300
828	2020-07-15	27.56	27.56	27.43	27.43	10800
829	2020-07-16	27.43	27.56	27.36	27.56	8350
830	2020-07-17	27.56	27.56	27.43	27.56	11600
831	2020-07-20	27.23	27.56	27.1	27.1	6400
832	2020-07-21	26.39	26.39	26.0	26.0	1700
833	2020-07-22	26.26	26.26	26.0	26.26	5300
834	2020-07-23	26.26	26.26	26.26	26.26	0
835	2020-07-24	26.07	26.07	26.0	26.0	1000
836	2020-07-27	24.06	26.46	24.06	26.33	1800
837	2020-07-28	23.73	26.33	23.73	26.2	1400
838	2020-07-29	26.2	26.2	25.29	25.42	4000
839	2020-07-30	25.42	25.61	25.42	25.61	1850
840	2020-07-31	25.61	25.94	25.61	25.61	1700
841	2020-08-03	25.68	25.68	25.61	25.61	2000
842	2020-08-04	25.61	25.81	25.61	25.81	2100
843	2020-08-05	27.82	27.82	27.23	27.49	4300
844	2020-08-06	27.49	28.21	27.49	28.21	5600
845	2020-08-07	27.88	28.21	27.88	28.21	3300
846	2020-08-10	28.53	28.53	28.21	28.53	1500
847	2020-08-11	28.53	28.85	28.53	28.85	4300
848	2020-08-12	29.18	31.38	29.18	31.25	4920
849	2020-08-13	31.12	31.12	30.15	30.15	8800
850	2020-08-14	30.28	30.28	30.15	30.15	4400
851	2020-08-17	30.15	30.28	30.15	30.22	2600
852	2020-08-18	31.71	31.71	31.71	31.71	100
853	2020-08-19	28.6	31.06	28.6	31.06	700
854	2020-08-20	31.38	31.38	31.38	31.38	100
855	2020-08-21	30.35	31.06	30.35	30.99	900
856	2020-08-24	29.89	30.48	29.89	30.48	700
857	2020-08-25	30.48	30.48	30.48	30.48	1200
858	2020-08-26	30.48	30.73	30.48	30.48	3415
859	2020-08-27	30.73	30.8	30.73	30.8	500
860	2020-08-28	29.83	30.48	29.83	30.48	1100
861	2020-08-31	30.48	30.48	30.48	30.48	1500
862	2020-09-01	30.48	30.54	30.48	30.54	1800
863	2020-09-03	30.73	30.8	30.73	30.8	500
864	2020-09-04	30.48	30.48	30.02	30.02	500
865	2020-09-07	30.99	30.99	30.28	30.28	1902
866	2020-09-08	30.67	30.8	30.28	30.35	4700
867	2020-09-09	30.93	30.93	30.48	30.54	5900
868	2020-09-10	30.86	30.86	30.54	30.86	3200
869	2020-09-11	30.8	30.8	30.15	30.15	600
870	2020-09-14	30.48	30.48	29.57	29.57	8300
871	2020-09-15	29.89	30.61	29.89	30.48	1300
872	2020-09-16	30.48	30.48	30.48	30.48	2300
873	2020-09-17	30.48	30.48	30.48	30.48	2200
874	2020-09-18	30.48	30.54	30.48	30.54	2300
875	2020-09-21	30.8	30.8	30.35	30.35	2400
876	2020-09-22	30.35	30.48	30.15	30.15	4200
877	2020-09-23	30.8	30.8	30.48	30.48	2500
878	2020-09-24	30.48	30.61	30.48	30.61	3500
879	2020-09-25	30.67	31.77	30.67	31.77	11700
880	2020-09-28	32.1	34.95	32.1	34.37	8400
881	2020-09-29	35.01	36.31	34.43	34.43	8000
882	2020-09-30	34.5	34.56	34.43	34.56	9800
883	2020-10-01	34.56	34.56	34.5	34.5	5400
884	2020-10-02	31.06	35.27	31.06	33.13	8800
885	2020-10-05	33.2	34.95	33.2	34.82	3700
886	2020-10-06	34.82	34.82	34.04	34.75	2800
887	2020-10-07	34.37	34.69	34.17	34.63	5700
888	2020-10-08	34.69	34.69	34.37	34.37	4800
889	2020-10-09	34.88	35.66	34.37	35.66	10500
890	2020-10-12	36.57	36.57	35.66	35.66	3200
891	2020-10-13	36.31	36.96	35.99	36.7	11000
892	2020-10-14	36.96	37.28	36.7	37.28	8300
893	2020-10-15	37.28	37.28	36.96	37.02	10100
894	2020-10-16	37.61	40.72	37.35	40.72	27600
895	2020-10-19	44.74	44.74	42.86	43.96	52700
896	2020-10-20	44.74	44.74	40.27	42.8	63600
897	2020-10-21	40.72	41.5	40.2	40.98	50200
898	2020-10-22	40.85	42.08	39.55	40.2	44100
899	2020-10-23	40.14	40.2	38.58	38.58	48300
900	2020-10-26	40.01	40.85	38.58	39.75	61800
901	2020-10-27	38.9	39.75	38.13	38.13	57600
902	2020-10-28	38.13	38.13	37.67	37.8	44100
903	2020-10-29	38.83	38.83	36.92	38.76	6100
904	2020-10-30	38.76	38.76	37.26	38.69	9500
905	2020-11-02	36.92	37.6	35.41	35.89	27300
906	2020-11-03	35.0	37.6	35.0	37.46	6300
907	2020-11-04	37.6	37.6	36.92	36.92	3100
908	2020-11-05	37.6	37.6	36.92	36.98	8800
909	2020-11-06	37.12	37.12	36.44	36.44	18600
910	2020-11-09	36.44	37.12	35.55	37.12	20300
911	2020-11-10	37.6	37.6	37.05	37.12	13600
912	2020-11-11	37.19	37.19	36.92	37.19	18400
913	2020-11-12	37.26	37.26	36.98	37.26	25600
914	2020-11-13	37.53	39.03	37.33	39.03	13000
915	2020-11-16	38.9	39.31	38.28	39.31	10400
916	2020-11-17	39.65	41.09	39.65	40.68	25800
917	2020-11-18	40.4	41.02	40.4	41.02	10400
918	2020-11-19	41.7	43.41	41.7	41.7	9900
919	2020-11-20	42.04	42.93	42.04	42.52	6600
920	2020-11-23	42.59	43.07	41.7	41.77	19600
921	2020-11-24	41.7	42.38	41.02	41.09	23100
922	2020-11-25	41.77	41.77	40.68	41.02	11100
923	2020-11-26	41.02	41.22	40.95	41.02	15000
924	2020-11-27	41.15	41.5	41.02	41.5	4200
925	2020-11-30	41.15	41.22	41.09	41.09	7800
926	2020-12-01	41.09	41.22	41.02	41.15	9900
927	2020-12-02	42.04	42.73	41.15	42.73	9500
928	2020-12-03	42.73	45.12	42.73	45.12	24900
929	2020-12-04	45.46	49.22	45.46	47.17	40800
930	2020-12-07	47.85	48.47	47.17	47.31	10700
931	2020-12-08	47.65	47.85	47.17	47.17	25000
932	2020-12-09	47.17	47.85	47.17	47.24	19600
933	2020-12-10	47.17	47.72	47.17	47.17	25200
934	2020-12-11	47.51	47.51	46.49	47.44	13800
935	2020-12-14	47.37	47.44	46.83	47.17	9200
936	2020-12-15	47.24	47.85	47.03	47.17	17800
937	2020-12-16	47.17	47.44	46.9	47.44	30200
938	2020-12-17	47.37	51.27	47.31	51.27	31400
939	2020-12-18	50.93	54.28	50.93	54.28	17300
940	2020-12-21	54.69	56.74	54.35	56.74	15200
941	2020-12-22	57.42	60.5	57.42	60.02	28500
942	2020-12-23	59.47	61.53	58.45	58.79	18340
943	2020-12-24	58.79	58.79	53.32	56.06	25420
944	2020-12-25	56.06	57.42	56.06	56.06	9700
945	2020-12-28	56.06	56.13	53.32	55.99	16810
946	2020-12-29	53.32	55.92	53.32	53.53	14630
947	2020-12-30	55.3	55.3	53.53	54.62	9300
948	2020-12-31	56.67	56.67	54.01	54.69	2200
949	2021-01-04	54.01	54.69	53.32	54.69	10200
950	2021-01-05	55.3	55.37	53.66	54.01	18700
951	2021-01-06	53.94	55.72	53.32	55.03	23400
952	2021-01-07	54.07	54.07	53.66	54.01	6900
953	2021-01-08	54.01	54.76	53.53	54.76	17300
954	2021-01-11	54.83	55.72	54.07	54.55	14100
955	2021-01-12	54.55	54.55	53.87	54.55	25800
956	2021-01-13	58.93	58.93	54.35	54.35	14500
957	2021-01-14	54.35	54.35	54.01	54.35	17600
958	2021-01-15	54.62	55.37	54.07	54.07	8500
959	2021-01-18	54.07	54.14	53.25	54.01	21100
960	2021-01-19	53.32	53.94	49.7	52.64	15813
961	2021-01-20	53.87	53.87	49.63	52.71	13703
962	2021-01-21	54.69	54.69	52.78	52.78	6400
963	2021-01-22	52.78	52.84	51.34	52.57	12900
964	2021-01-25	51.48	51.54	50.31	50.38	13300
965	2021-01-26	50.38	52.5	47.79	50.59	18800
966	2021-01-27	49.9	49.9	47.37	47.37	16600
967	2021-01-28	47.37	47.37	42.66	42.66	23800
968	2021-01-29	42.66	46.42	42.66	44.44	7200
969	2021-02-01	43.2	44.78	43.0	44.78	3400
970	2021-02-02	44.44	45.67	44.09	45.67	4000
971	2021-02-03	45.8	46.83	45.67	46.21	7000
972	2021-02-04	46.42	46.49	46.14	46.21	5500
973	2021-02-05	46.28	46.28	46.21	46.21	4500
974	2021-02-08	46.49	46.49	45.73	45.87	14900
975	2021-02-09	45.94	46.9	45.87	46.9	9600
976	2021-02-17	46.9	50.45	46.9	50.25	5300
977	2021-02-18	50.59	53.32	50.59	53.25	16800
978	2021-02-19	53.32	54.01	52.84	52.91	14100
979	2021-02-22	52.98	54.01	52.98	53.19	10306
980	2021-02-23	53.32	53.66	52.91	52.91	12400
981	2021-02-24	53.73	53.73	52.71	52.71	11130
982	2021-02-25	52.71	54.01	52.71	54.01	10470
983	2021-02-26	54.01	55.17	53.39	55.17	23200
984	2021-03-01	55.37	57.36	55.24	56.74	25900
985	2021-03-02	57.42	58.11	56.74	56.74	7230
986	2021-03-03	56.74	56.95	56.06	56.6	20500
987	2021-03-04	56.54	56.54	55.37	55.78	21100
988	2021-03-05	57.63	57.63	55.51	56.95	22000
989	2021-03-08	56.74	56.74	53.39	53.39	63404
990	2021-03-09	53.39	54.48	52.57	52.64	40700
991	2021-03-10	52.78	52.78	51.27	51.48	62000
992	2021-03-11	52.3	52.3	50.38	50.52	41500
993	2021-03-12	50.45	53.19	50.18	53.19	21600
994	2021-03-15	53.19	53.19	50.52	50.66	33300
995	2021-03-16	50.93	51.82	50.59	51.27	16300
996	2021-03-17	51.27	51.96	50.59	51.27	15580
997	2021-03-18	51.2	51.27	50.59	51.27	9800
998	2021-03-19	51.27	51.27	50.59	51.27	3700
999	2021-03-22	50.59	51.41	50.59	51.41	12400
1000	2021-03-23	51.0	51.27	50.79	51.27	10100
1001	2021-03-24	50.79	51.13	50.45	50.72	27300
1002	2021-03-25	50.72	50.93	50.66	50.72	5800
1003	2021-03-26	51.13	55.37	50.72	55.37	113705
1004	2021-03-29	55.78	58.45	55.78	57.49	33744
1005	2021-03-30	57.63	58.11	57.36	57.9	37515
1006	2021-03-31	57.9	58.11	56.74	56.81	32808
1007	2021-04-01	56.81	57.83	56.74	57.83	15980
1008	2021-04-02	57.42	57.97	57.08	57.7	14700
1009	2021-04-05	57.77	58.79	57.7	58.11	32300
1010	2021-04-06	58.52	59.82	58.52	59.82	12920
1011	2021-04-07	59.82	65.29	59.82	64.26	107330
1012	2021-04-08	65.63	70.69	63.92	69.8	94400
1013	2021-04-09	71.78	76.57	71.78	76.57	85700
1014	2021-04-12	76.57	77.93	68.91	69.66	29200
1015	2021-04-13	68.91	69.73	64.26	66.17	29200
1016	2021-04-14	66.31	66.31	64.26	65.9	32300
1017	2021-04-15	66.31	68.36	65.9	67.95	25300
1018	2021-04-16	69.05	69.05	66.65	66.99	20426
1019	2021-04-19	67.68	69.05	67.68	69.05	42744
1020	2021-04-20	69.73	69.73	66.99	67.13	35000
1021	2021-04-22	67.2	67.2	65.97	66.31	32200
1022	2021-04-23	67.18	67.18	60.06	61.49	23100
1023	2021-04-26	62.12	62.12	60.06	60.06	19708
1024	2021-04-27	60.06	60.06	57.77	58.4	19500
1025	2021-04-28	58.4	58.48	57.77	58.17	10350
1026	2021-04-29	58.09	58.33	57.93	58.33	11800
1027	2021-05-04	58.33	58.33	57.46	57.69	20700
1028	2021-05-05	57.69	58.33	57.69	58.09	7322
1029	2021-05-06	58.33	61.33	58.33	60.54	12900
1030	2021-05-07	60.54	60.54	58.48	58.64	5719
1031	2021-05-10	57.53	58.64	57.46	57.93	6151
1032	2021-05-11	58.09	58.09	57.61	57.69	18800
1033	2021-05-12	57.77	58.33	57.61	57.69	6110
1034	2021-05-13	58.09	58.09	57.69	57.69	7201
1035	2021-05-14	57.69	58.09	57.69	57.69	4800
1036	2021-05-17	58.4	58.4	57.69	57.69	4200
1037	2021-05-18	57.69	57.69	55.4	55.8	12420
1038	2021-05-19	56.03	56.03	52.87	53.74	21600
1039	2021-05-20	53.74	53.74	52.95	52.95	10201
1040	2021-05-21	52.16	53.74	50.98	53.74	12700
1041	2021-05-24	53.74	53.74	51.77	53.11	5450
1042	2021-05-25	53.35	53.9	53.35	53.9	3300
1043	2021-05-26	54.14	54.14	53.35	53.82	6600
1044	2021-05-27	53.74	54.14	53.03	53.58	12300
1045	2021-05-28	53.58	53.74	53.11	53.74	10004
1046	2021-05-31	53.74	53.74	53.11	53.43	6905
1047	2021-06-01	53.35	53.35	53.11	53.35	9600
1048	2021-06-02	53.35	53.35	52.95	53.27	7600
1049	2021-06-03	53.27	56.19	53.11	56.11	10426
1050	2021-06-04	56.11	56.11	53.74	55.72	1800
1051	2021-06-07	55.72	55.72	53.74	55.16	5100
1052	2021-06-08	54.14	54.53	53.98	53.98	5600
1053	2021-06-09	54.14	54.53	53.9	53.98	7900
1054	2021-06-10	54.14	54.53	53.98	54.22	3200
1055	2021-06-11	54.14	54.14	54.14	54.14	3000
1056	2021-06-14	54.14	54.14	53.74	53.9	5302
1057	2021-06-15	53.82	54.45	53.74	54.14	6800
1058	2021-06-16	54.14	54.14	53.74	54.14	3500
1059	2021-06-17	54.14	54.14	53.74	53.74	4101
1060	2021-06-18	53.74	53.74	53.35	53.35	3702
1061	2021-06-21	53.35	53.35	52.95	53.35	6200
1062	2021-06-22	53.35	53.35	53.35	53.35	1708
1063	2021-06-23	53.35	53.43	52.95	53.35	3500
1064	2021-06-24	53.19	53.19	52.79	52.79	5300
1065	2021-06-25	52.79	53.35	52.56	53.35	2200
1066	2021-06-28	53.35	53.43	52.95	53.43	8300
1067	2021-06-29	53.58	53.58	53.19	53.19	500
1068	2021-06-30	53.19	54.14	53.19	53.74	8200
1069	2021-07-01	53.74	53.74	52.95	52.95	11600
1070	2021-07-02	52.95	53.35	52.56	52.95	13000
1071	2021-07-05	52.95	52.95	52.16	52.87	13000
1072	2021-07-06	52.87	52.87	52.16	52.63	8000
1073	2021-07-07	52.32	55.32	52.16	55.32	7300
1074	2021-07-08	53.74	55.24	53.74	55.24	2400
1075	2021-07-09	54.93	54.93	52.32	54.29	4200
1076	2021-07-12	52.4	52.95	52.16	52.16	12300
1077	2021-07-13	52.16	55.16	52.16	52.87	5400
1078	2021-07-14	52.87	52.87	52.4	52.79	2000
1079	2021-07-15	54.06	54.06	52.79	53.66	2000
1080	2021-07-16	53.58	53.66	52.48	53.35	3600
1081	2021-07-19	53.03	53.74	51.37	53.35	20700
1082	2021-07-20	53.35	53.35	51.37	52.71	14000
1083	2021-07-21	51.37	53.74	51.37	53.35	9400
1084	2021-07-22	53.74	55.24	53.58	53.58	7501
1085	2021-07-23	53.27	53.35	51.77	51.77	5080
1086	2021-07-26	52.16	52.16	51.77	51.77	6900
1087	2021-07-27	51.77	51.92	51.69	51.92	2800
1088	2021-07-28	52.0	52.08	51.92	52.0	9800
1089	2021-07-29	52.0	52.16	51.84	52.16	2000
1090	2021-07-30	52.16	52.16	52.16	52.16	1911
1091	2021-08-02	52.24	52.95	52.16	52.16	10000
1092	2021-08-03	52.24	52.56	52.24	52.56	1400
1093	2021-08-04	52.56	53.66	52.56	53.58	2500
1094	2021-08-05	53.66	53.74	53.35	53.74	4300
1095	2021-08-06	53.74	55.32	53.74	55.32	10302
1096	2021-08-09	55.32	55.32	53.74	55.32	3300
1097	2021-08-10	53.74	55.24	53.74	55.24	2400
1098	2021-08-11	58.48	58.48	55.32	55.32	3000
1099	2021-08-12	57.69	57.69	54.53	55.32	4500
1100	2021-08-13	55.32	55.56	54.53	54.53	9410
1101	2021-08-16	55.32	56.11	54.61	55.56	10200
1102	2021-08-17	55.72	56.9	55.72	56.9	4003
1103	2021-08-18	56.11	56.9	55.88	56.19	2502
1104	2021-08-19	56.11	56.11	55.64	55.95	10800
1105	2021-08-20	55.95	56.11	55.56	55.95	13602
1106	2021-08-23	55.95	55.95	55.32	55.32	6200
1107	2021-08-24	55.32	56.35	55.24	56.35	8100
1108	2021-08-25	55.88	56.27	55.32	56.27	2205
1109	2021-08-26	55.32	56.11	55.32	56.11	3400
1110	2021-08-27	55.4	56.19	55.32	56.11	3700
1111	2021-08-30	55.4	60.85	55.4	58.88	2600
1112	2021-08-31	56.51	58.8	56.51	58.8	4900
1113	2021-09-01	57.69	58.17	57.61	58.17	2004
1114	2021-09-06	57.69	58.48	57.69	58.48	17700
1115	2021-09-07	58.48	59.83	58.4	59.35	1700
1116	2021-09-08	62.04	62.04	58.48	59.67	3304
1117	2021-09-09	59.27	59.27	58.48	58.96	7800
1118	2021-09-10	58.64	59.19	58.48	59.19	2000
1119	2021-09-13	58.56	59.19	58.09	59.19	5500
1120	2021-09-14	59.19	59.19	59.04	59.04	500
1121	2021-09-15	58.88	59.04	58.09	59.04	2700
1122	2021-09-16	59.04	59.04	58.48	59.04	17300
1123	2021-09-17	58.56	58.8	58.56	58.56	3110
1124	2021-09-20	58.64	59.27	58.64	58.88	2500
1125	2021-09-21	58.88	58.88	58.56	58.72	2900
1126	2021-09-22	58.72	59.27	58.72	59.27	2900
1127	2021-09-23	59.27	59.67	59.27	59.67	6400
1128	2021-09-24	59.67	61.25	59.67	61.25	900
1129	2021-09-27	61.64	61.64	59.27	60.85	3500
1130	2021-09-28	59.67	60.06	59.27	60.06	9800
1131	2021-09-29	60.06	60.46	60.06	60.46	4200
1132	2021-09-30	60.46	60.85	60.46	60.85	2100
1133	2021-10-01	60.46	60.46	58.96	59.27	1910
1134	2021-10-04	60.06	60.06	60.06	60.06	1500
1135	2021-10-05	60.06	60.06	59.98	59.98	1200
1136	2021-10-06	60.46	60.46	59.98	60.38	1400
1137	2021-10-07	60.46	60.46	59.67	59.67	1204
1138	2021-10-08	59.67	59.67	58.88	58.88	1600
1139	2021-10-11	59.27	60.06	59.27	59.67	5801
1140	2021-10-12	64.81	64.81	60.06	60.85	2100
1141	2021-10-13	60.06	60.85	59.91	59.91	2500
1142	2021-10-14	59.91	59.91	58.96	59.19	21704
1143	2021-10-15	58.88	58.88	58.09	58.48	8500
1144	2021-10-18	58.48	59.27	58.48	59.27	6904
1145	2021-10-19	58.88	59.67	58.88	59.67	3900
1146	2021-10-20	59.67	60.06	59.27	59.67	5200
1147	2021-10-21	59.67	59.67	58.48	58.48	3601
1148	2021-10-22	58.48	58.64	58.48	58.64	1300
1149	2021-10-25	58.48	58.48	57.14	57.14	4800
1150	2021-10-26	57.06	57.06	53.74	53.74	7100
1151	2021-10-27	53.74	55.32	53.74	54.53	26401
1152	2021-10-28	54.53	54.53	53.74	53.74	20000
1153	2021-10-29	53.82	58.01	53.82	56.9	5500
1154	2021-11-01	56.9	57.3	56.51	56.9	21800
1155	2021-11-02	56.19	58.48	56.11	56.9	20810
1156	2021-11-03	58.48	58.48	56.74	58.09	11800
1157	2021-11-04	56.82	58.09	56.74	57.69	4100
1158	2021-11-05	57.69	57.85	56.9	57.77	4700
1159	2021-11-08	57.69	58.09	57.69	58.09	10500
1160	2021-11-09	58.09	58.48	58.09	58.09	11702
1161	2021-11-10	58.09	58.48	57.69	58.09	22200
1162	2021-11-11	58.09	58.09	58.01	58.09	20900
1163	2021-11-12	58.09	59.51	58.09	59.51	27450
1164	2021-11-15	60.06	60.38	60.06	60.22	1400
1165	2021-11-16	60.22	60.38	58.64	58.64	5804
1166	2021-11-17	60.06	60.06	57.69	58.8	4300
1167	2021-11-18	58.88	59.27	58.48	58.96	5700
1168	2021-11-19	58.96	59.04	56.9	58.88	18200
1169	2021-11-22	57.06	58.48	56.9	58.48	17300
1170	2021-11-23	56.9	58.09	56.9	58.09	1300
1171	2021-11-24	57.14	59.27	57.06	59.27	2000
1172	2021-11-25	57.14	58.8	57.06	58.8	1111
1173	2021-11-26	58.8	58.8	57.3	58.4	700
1174	2021-11-29	58.4	58.4	56.9	58.01	2700
1175	2021-11-30	58.01	58.01	58.01	58.01	0
1176	2021-12-01	56.98	58.01	56.98	57.85	1000
1177	2021-12-02	56.98	57.85	56.9	57.85	7300
1178	2021-12-03	58.4	58.4	57.06	58.09	4800
1179	2021-12-06	56.11	57.69	56.11	56.98	3800
1180	2021-12-07	56.9	57.69	56.9	57.69	3004
1181	2021-12-08	57.06	57.69	56.9	57.69	3700
1182	2021-12-09	57.69	57.69	56.9	56.9	2400
1183	2021-12-10	57.06	57.3	56.9	57.3	1800
1184	2021-12-13	57.3	57.61	56.9	57.61	2400
1185	2021-12-14	56.9	57.69	56.9	56.9	2600
1186	2021-12-15	56.98	57.38	56.9	57.38	1500
1187	2021-12-16	57.61	57.61	57.61	57.61	400
1188	2021-12-17	57.61	57.61	57.61	57.61	200
1189	2021-12-20	57.61	57.61	56.9	57.61	4900
1190	2021-12-21	56.9	57.3	56.9	57.3	2400
1191	2021-12-22	57.61	58.96	56.03	58.4	20000
1192	2021-12-23	56.9	57.69	56.9	57.69	3200
1193	2021-12-24	56.9	57.69	56.03	57.61	5900
1194	2021-12-27	56.9	57.53	55.4	57.53	10300
1195	2021-12-28	56.9	57.46	56.9	57.46	3210
1196	2021-12-29	56.9	56.9	56.11	56.9	405
1197	2021-12-30	56.82	56.82	56.82	56.82	100
1198	2021-12-31	56.82	56.9	56.82	56.9	1000
1199	2022-01-04	56.51	56.82	56.51	56.82	400
1200	2022-01-05	55.32	57.3	55.32	57.06	900
1201	2022-01-06	56.82	56.82	56.82	56.82	3900
1202	2022-01-07	54.06	56.74	54.06	56.74	300
1203	2022-01-10	56.82	56.9	56.11	56.9	9100
1204	2022-01-11	56.82	56.82	56.11	56.82	7000
1205	2022-01-12	56.11	56.82	56.11	56.82	1300
1206	2022-01-13	56.82	56.82	56.82	56.82	0
1207	2022-01-14	56.74	56.74	56.43	56.43	1700
1208	2022-01-17	56.43	56.43	56.11	56.11	500
1209	2022-01-18	56.51	56.51	56.27	56.27	1000
1210	2022-01-19	55.72	56.11	55.72	56.11	700
1211	2022-01-20	56.11	56.9	56.11	56.9	700
1212	2022-01-21	57.3	62.59	57.3	62.2	28000
1213	2022-01-24	63.22	63.22	60.06	61.72	17400
1214	2022-01-25	61.72	61.72	60.85	61.64	9604
1215	2022-01-26	61.64	61.64	60.85	61.64	1500
1216	2022-01-27	60.06	60.06	59.27	60.06	4700
1217	2022-01-28	60.06	60.06	58.48	60.06	3700
1218	2022-02-07	60.06	60.06	60.06	60.06	200
1219	2022-02-08	57.14	59.98	57.14	59.98	1200
1220	2022-02-09	59.27	59.27	58.09	59.27	3650
1221	2022-02-10	59.43	59.67	59.43	59.67	2400
1222	2022-02-11	59.27	59.98	58.48	59.98	2300
1223	2022-02-14	58.48	59.67	58.48	59.67	300
1224	2022-02-15	58.48	61.64	58.48	61.64	1300
1225	2022-02-16	59.27	60.78	59.27	60.06	4000
1226	2022-02-17	58.56	60.06	57.69	60.06	3000
1227	2022-02-18	60.06	60.38	59.27	60.38	4700
1228	2022-02-21	58.48	59.83	58.4	59.83	600
1229	2022-02-22	58.64	58.64	58.64	58.64	500
1230	2022-02-23	58.64	60.7	58.64	60.7	1700
1231	2022-02-24	60.54	61.64	60.06	60.85	12100
1232	2022-02-25	60.85	61.25	60.85	61.25	1500
1233	2022-02-28	61.09	61.64	59.27	61.64	4400
1234	2022-03-01	59.27	60.85	59.27	60.85	700
1235	2022-03-02	60.85	61.25	60.85	60.93	2700
1236	2022-03-03	61.25	61.64	61.25	61.64	5500
1237	2022-03-04	63.22	63.94	63.22	63.22	6300
1238	2022-03-07	64.02	64.57	61.01	63.62	13900
1239	2022-03-08	64.73	64.73	63.62	64.25	2600
1240	2022-03-09	64.02	64.25	64.02	64.02	1500
1241	2022-03-10	64.02	64.02	64.02	64.02	0
1242	2022-03-11	60.85	63.62	60.85	63.62	2300
1243	2022-03-14	63.62	63.62	63.62	63.62	0
1244	2022-03-15	60.85	63.15	60.85	63.15	3110
1245	2022-03-16	62.83	62.83	62.83	62.83	200
1246	2022-03-17	62.75	62.91	62.75	62.91	1400
1247	2022-03-18	62.83	63.22	62.83	62.83	1800
1248	2022-03-21	62.83	62.83	61.64	61.64	2004
1249	2022-03-22	61.64	61.64	61.64	61.64	0
1250	2022-03-23	61.64	63.22	61.64	63.22	5400
1251	2022-03-24	61.64	62.83	61.64	62.83	1120
1252	2022-03-25	62.04	62.83	62.04	62.83	4300
1253	2022-03-28	62.83	63.22	62.83	63.07	7111
1254	2022-03-29	63.07	63.07	63.07	63.07	0
1255	2022-03-30	63.22	63.22	62.83	63.15	6700
1256	2022-03-31	63.22	66.39	63.15	66.39	20100
1257	2022-04-01	64.17	64.25	64.09	64.25	900
1258	2022-04-04	64.25	67.18	64.25	67.18	23400
1259	2022-04-05	64.41	65.2	64.41	65.2	2000
1260	2022-04-06	61.72	65.12	60.93	65.12	2200
1261	2022-04-07	60.93	65.2	60.93	64.41	3816
1262	2022-04-08	64.41	64.41	63.22	64.02	3200
1263	2022-04-12	63.94	64.41	63.94	64.33	1100
1264	2022-04-13	63.22	64.02	63.22	64.02	4900
1265	2022-04-14	61.72	64.41	61.72	64.41	406
1266	2022-04-15	64.41	64.41	64.41	64.41	0
1267	2022-04-18	62.43	64.33	62.43	62.51	1000
1268	2022-04-19	61.64	65.2	61.64	65.2	3200
1269	2022-04-20	65.2	69.15	65.2	67.57	21520
1270	2022-04-21	68.92	74.29	68.76	71.92	16532
1271	2022-04-22	71.92	71.92	65.6	71.13	2800
1272	2022-04-25	64.02	70.34	64.02	70.34	201
1273	2022-04-26	63.3	74.45	63.3	73.89	4700
1274	2022-04-27	67.18	73.82	67.18	71.76	1600
1275	2022-04-28	67.18	73.5	67.18	73.5	1701
1276	2022-04-29	67.18	73.82	67.18	71.92	3300
1277	2022-05-04	71.13	71.13	67.18	69.55	3000
1278	2022-05-05	67.26	70.34	67.26	70.34	200
1279	2022-05-06	66.07	68.99	65.6	68.99	800
1280	2022-05-09	67.15	71.26	67.15	69.0	701
1281	2022-05-10	68.58	75.87	68.58	73.19	312
1282	2022-05-11	67.15	72.85	65.89	72.85	1100
1283	2022-05-12	71.26	71.26	70.42	70.42	400
1284	2022-05-13	67.07	67.07	64.55	64.55	2300
1285	2022-05-16	68.74	68.74	65.39	65.39	8500
1286	2022-05-17	61.2	68.74	61.03	68.74	2501
1287	2022-05-18	62.12	69.16	62.12	67.07	14302
1288	2022-05-19	65.39	68.74	65.39	68.74	403
1289	2022-05-20	68.74	68.74	68.74	68.74	0
1290	2022-05-23	63.88	67.91	63.88	67.91	26600
1291	2022-05-24	62.96	67.91	62.96	67.07	18000
1292	2022-05-25	66.65	66.65	65.39	65.39	13300
1293	2022-05-26	65.39	65.39	65.39	65.39	500
1294	2022-05-27	65.39	65.39	64.55	65.39	1210
1295	2022-05-30	65.39	65.39	65.39	65.39	1000
1296	2022-05-31	62.88	65.39	62.88	65.39	907
1297	2022-06-01	66.56	67.07	66.56	66.73	1300
1298	2022-06-02	62.96	67.91	62.96	67.91	3000
1299	2022-06-03	68.33	68.33	67.91	67.91	3000
1300	2022-06-06	67.91	68.33	67.91	68.33	3201
1301	2022-06-07	68.24	68.74	68.24	68.33	1002
1302	2022-06-08	68.33	70.0	68.33	70.0	1200
1303	2022-06-09	70.0	70.0	70.0	70.0	0
1304	2022-06-10	64.13	68.33	64.13	68.33	300
1305	2022-06-13	66.23	66.23	65.39	65.39	6700
1306	2022-06-14	65.39	65.39	65.39	65.39	0
1307	2022-06-15	68.33	68.33	65.81	65.81	300
1308	2022-06-16	65.81	65.81	65.81	65.81	0
1309	2022-06-17	65.81	65.81	65.81	65.81	100
1310	2022-06-20	65.81	66.23	65.81	66.23	1000
1311	2022-06-21	67.07	67.07	67.07	67.07	2200
1312	2022-06-22	66.65	67.91	65.81	67.91	700
1313	2022-06-23	68.07	68.16	68.07	68.16	2200
1314	2022-06-24	68.16	68.16	68.16	68.16	0
1315	2022-06-27	68.16	68.16	68.16	68.16	0
1316	2022-06-28	68.16	68.33	68.16	68.33	300
1317	2022-06-29	68.33	68.33	68.33	68.33	500
1318	2022-06-30	68.33	68.33	68.33	68.33	1000
1319	2022-07-01	68.33	68.33	68.33	68.33	0
1320	2022-07-04	68.33	68.33	66.65	67.91	800
1321	2022-07-05	67.91	67.91	67.91	67.91	0
1322	2022-07-06	67.91	67.91	67.91	67.91	0
1323	2022-07-07	67.91	67.91	67.91	67.91	1100
1324	2022-07-08	67.07	67.07	67.07	67.07	300
1325	2022-07-11	67.07	67.07	67.07	67.07	0
1326	2022-07-12	67.07	67.07	67.07	67.07	0
1327	2022-07-13	67.07	67.07	67.07	67.07	0
1328	2022-07-14	67.07	67.07	67.07	67.07	0
1329	2022-07-15	67.07	67.07	67.07	67.07	100
1330	2022-07-18	67.07	67.07	67.07	67.07	0
1331	2022-07-19	67.07	67.07	67.07	67.07	0
1332	2022-07-20	67.07	67.07	67.07	67.07	0
1333	2022-07-21	67.07	67.07	67.07	67.07	0
1334	2022-07-22	67.07	67.07	67.07	67.07	0
1335	2022-07-25	65.39	65.39	65.39	65.39	3700
1336	2022-07-26	65.39	65.39	65.39	65.39	2900
1337	2022-07-27	65.39	65.39	65.39	65.39	0
1338	2022-07-28	65.48	65.48	65.39	65.39	900
1339	2022-07-29	65.39	65.39	65.39	65.39	7301
1340	2022-08-01	65.39	65.39	65.39	65.39	100
1341	2022-08-02	65.39	65.39	65.39	65.39	0
1342	2022-08-03	67.07	67.07	67.07	67.07	100
1343	2022-08-04	65.48	66.98	65.39	66.98	5500
1344	2022-08-05	66.98	66.98	66.98	66.98	0
1345	2022-08-08	61.2	66.23	61.2	65.39	1100
1346	2022-08-09	65.39	65.39	65.39	65.39	0
1347	2022-08-10	65.39	65.39	65.39	65.39	0
1348	2022-08-11	65.39	65.39	65.39	65.39	0
1349	2022-08-12	65.39	65.39	65.39	65.39	100
1350	2022-08-15	65.39	65.39	65.39	65.39	0
1351	2022-08-16	65.39	65.39	65.39	65.39	0
1352	2022-08-17	65.48	65.48	65.39	65.39	600
1353	2022-08-18	65.39	65.39	65.39	65.39	300
1354	2022-08-19	65.39	65.39	65.39	65.39	0
1355	2022-08-22	65.39	65.39	65.39	65.39	0
1356	2022-08-23	65.39	65.39	65.39	65.39	200
1357	2022-08-24	65.48	65.48	65.39	65.39	2100
1358	2022-08-25	65.48	65.48	65.39	65.39	900
1359	2022-08-26	65.48	65.48	65.39	65.39	600
1360	2022-08-29	65.48	65.48	65.39	65.39	7100
1361	2022-08-30	62.04	67.07	62.04	67.07	700
1362	2022-08-31	67.07	67.07	67.07	67.07	0
1363	2022-09-05	62.88	67.07	62.88	67.07	200
1364	2022-09-06	63.71	66.98	63.71	66.98	1800
1365	2022-09-07	66.98	66.98	66.98	66.98	0
1366	2022-09-08	66.65	66.65	66.65	66.65	300
1367	2022-09-09	66.65	66.65	66.65	66.65	2
1368	2022-09-12	66.65	66.65	66.65	66.65	0
1369	2022-09-13	65.39	67.07	65.39	66.4	5400
1370	2022-09-14	65.48	65.48	65.48	65.48	400
1371	2022-09-15	65.48	65.48	65.48	65.48	157
1372	2022-09-16	65.48	65.48	65.48	65.48	0
1373	2022-09-19	65.48	65.48	65.48	65.48	1700
1374	2022-09-20	65.48	65.48	65.48	65.48	500
1375	2022-09-21	65.39	65.39	65.39	65.39	100
1376	2022-09-22	65.39	65.39	65.39	65.39	200
1377	2022-09-23	65.39	65.39	65.39	65.39	0
1378	2022-09-26	65.39	65.39	65.39	65.39	800
1379	2022-09-27	65.39	65.39	65.39	65.39	7
1380	2022-09-28	65.39	71.68	65.39	71.68	3000
1381	2022-09-29	64.55	70.76	64.55	70.76	2201
1382	2022-09-30	63.71	67.07	63.71	64.72	4214
1383	2022-10-03	62.46	67.07	62.46	67.07	1016
1384	2022-10-04	62.04	62.04	62.04	62.04	100
1385	2022-10-05	62.04	62.04	62.04	62.04	0
1386	2022-10-06	62.04	62.04	62.04	62.04	0
1387	2022-10-07	62.04	62.04	61.2	61.2	1000
1388	2022-10-10	61.2	61.2	61.2	61.2	0
1389	2022-10-11	61.2	61.2	61.2	61.2	0
1390	2022-10-12	61.28	61.28	61.28	61.28	900
1391	2022-10-13	61.28	61.28	61.28	61.28	0
1392	2022-10-14	62.04	62.04	62.04	62.04	100
1393	2022-10-17	62.04	62.04	61.28	61.28	4000
1394	2022-10-18	61.28	61.28	61.28	61.28	0
1395	2022-10-19	61.28	61.28	61.28	61.28	300
1396	2022-10-20	61.28	61.28	61.28	61.28	0
1397	2022-10-21	62.04	62.04	62.04	62.04	100
1398	2022-10-24	65.39	65.39	65.39	65.39	202
1399	2022-10-25	58.85	65.39	58.85	65.39	200
1400	2022-10-26	60.36	61.37	60.36	61.28	15300
1401	2022-10-27	61.28	61.28	61.28	61.28	0
1402	2022-10-28	61.28	61.28	61.28	61.28	0
1403	2022-10-31	61.28	61.28	61.28	61.28	0
1404	2022-11-01	61.37	61.45	61.28	61.28	1200
1405	2022-11-02	61.28	61.28	61.28	61.28	200
1406	2022-11-03	61.37	61.37	61.28	61.28	400
1407	2022-11-04	61.28	61.28	61.28	61.28	300
1408	2022-11-07	61.28	61.28	61.28	61.28	200
1409	2022-11-08	61.28	61.28	61.28	61.28	1000
1410	2022-11-09	61.28	61.28	61.28	61.28	0
1411	2022-11-10	61.28	61.28	61.28	61.28	0
1412	2022-11-11	61.37	61.37	61.28	61.28	500
1413	2022-11-14	61.28	61.28	61.28	61.28	6119
1414	2022-11-15	55.16	67.4	55.16	67.4	201
1415	2022-11-16	67.4	67.4	67.4	67.4	2
1416	2022-11-17	67.4	67.4	67.4	67.4	1
1417	2022-11-18	60.7	66.98	60.7	66.98	301
1418	2022-11-21	66.98	66.98	66.98	66.98	0
1419	2022-11-22	66.98	66.98	66.98	66.98	1
1420	2022-11-23	66.98	66.98	66.98	66.98	0
1421	2022-11-24	66.98	66.98	66.98	66.98	0
1422	2022-11-25	66.98	66.98	66.98	66.98	5
1423	2022-11-28	66.98	66.98	66.98	66.98	0
1424	2022-11-29	66.98	66.98	66.98	66.98	0
1425	2022-11-30	66.98	66.98	66.98	66.98	0
1426	2022-12-01	66.98	66.98	66.98	66.98	0
1427	2022-12-02	66.98	66.98	66.98	66.98	0
1428	2022-12-05	66.98	66.98	66.98	66.98	0
1429	2022-12-06	66.98	66.98	66.98	66.98	0
1430	2022-12-07	66.98	66.98	66.98	66.98	0
1431	2022-12-08	63.3	63.3	63.3	63.3	100
1432	2022-12-09	63.3	63.3	63.3	63.3	0
1433	2022-12-12	63.3	63.3	63.3	63.3	100
1434	2022-12-13	66.48	66.48	66.48	66.48	1012
1435	2022-12-14	61.62	61.62	61.62	61.62	200
1436	2022-12-15	61.62	61.62	61.62	61.62	0
1437	2022-12-16	61.62	61.62	61.62	61.62	100
1438	2022-12-19	58.68	58.68	58.68	58.68	200
1439	2022-12-20	58.68	58.68	58.68	58.68	0
1440	2022-12-21	58.68	58.68	58.68	58.68	0
1441	2022-12-22	58.68	58.68	58.68	58.68	0
1442	2022-12-23	58.77	62.88	58.77	62.88	500
1443	2022-12-26	62.88	62.88	62.88	62.88	0
1444	2022-12-27	62.88	62.88	62.88	62.88	0
1445	2022-12-28	62.88	62.88	62.88	62.88	0
1446	2022-12-29	62.88	62.88	62.88	62.88	0
1447	2022-12-30	62.88	62.88	62.88	62.88	0
1448	2023-01-03	62.88	62.88	62.88	62.88	7
1449	2023-01-04	58.77	63.55	58.77	63.55	2100
1450	2023-01-05	63.55	63.55	63.55	63.55	0
1451	2023-01-06	58.77	58.77	58.77	58.77	200
1452	2023-01-09	58.77	58.77	58.77	58.77	0
1453	2023-01-10	59.1	59.1	58.77	58.77	1500
1454	2023-01-11	58.77	58.77	58.77	58.77	0
1455	2023-01-12	58.77	58.77	58.77	58.77	0
1456	2023-01-13	58.77	58.77	58.77	58.77	0
1457	2023-01-16	58.77	58.77	58.77	58.77	100
1458	2023-01-17	58.77	58.77	58.77	58.77	300
1459	2023-01-18	58.77	58.77	58.77	58.77	0
1460	2023-01-19	59.02	59.02	58.77	58.77	1909
1461	2023-01-27	58.77	58.77	58.77	58.77	200
1462	2023-01-30	58.85	58.85	58.85	58.85	300
1463	2023-01-31	58.85	58.85	58.77	58.77	300
1464	2023-02-01	58.77	58.77	58.77	58.77	0
1465	2023-02-02	58.77	58.77	58.77	58.77	2000
1466	2023-02-03	59.19	59.19	59.19	59.19	1900
1467	2023-02-06	58.85	58.85	58.68	58.68	3900
1468	2023-02-07	58.68	58.68	58.68	58.68	0
1469	2023-02-08	58.68	58.68	58.68	58.68	0
1470	2023-02-09	58.68	58.68	58.68	58.68	0
1471	2023-02-10	58.68	58.68	58.68	58.68	0
1472	2023-02-13	58.68	58.68	58.68	58.68	0
1473	2023-02-14	58.68	58.68	58.68	58.68	0
1474	2023-02-15	58.68	58.68	58.68	58.68	0
1475	2023-02-16	58.68	58.68	58.68	58.68	0
1476	2023-02-17	58.77	58.77	58.77	58.77	100
1477	2023-02-20	58.77	58.77	58.77	58.77	0
1478	2023-02-21	52.9	59.44	52.9	59.44	200
1479	2023-02-22	53.74	53.74	53.74	53.74	100
1480	2023-02-23	53.74	53.74	53.74	53.74	0
1481	2023-02-24	59.1	59.1	59.1	59.1	200
1482	2023-02-27	53.32	58.68	53.32	58.68	200
1483	2023-02-28	58.68	58.68	58.68	58.68	0
1484	2023-03-01	54.58	58.6	54.58	58.6	200
1485	2023-03-02	53.24	58.6	53.24	58.6	200
1486	2023-03-03	53.32	53.32	53.32	53.32	100
1487	2023-03-06	54.58	54.58	54.58	54.58	100
1488	2023-03-07	54.58	54.58	54.58	54.58	0
1489	2023-03-08	54.58	54.58	54.58	54.58	0
1490	2023-03-09	54.58	54.58	54.58	54.58	0
1491	2023-03-10	54.58	54.58	54.58	54.58	0
1492	2023-03-13	54.58	54.58	54.58	54.58	0
1493	2023-03-14	54.58	54.58	54.58	54.58	0
1494	2023-03-15	54.58	54.58	54.58	54.58	0
1495	2023-03-16	54.58	54.58	54.58	54.58	0
1496	2023-03-17	53.74	53.74	53.74	53.74	31000
1497	2023-03-20	53.74	53.74	53.74	53.74	400
1498	2023-03-21	53.74	53.74	53.74	53.74	0
1499	2023-03-22	55.33	55.33	55.33	55.33	100
1500	2023-03-23	55.33	55.33	55.33	55.33	0
1501	2023-03-24	49.88	49.88	49.88	49.88	500
1502	2023-03-27	49.88	49.88	49.88	49.88	0
1503	2023-03-28	54.58	54.58	54.58	54.58	105
1504	2023-03-29	49.46	54.66	49.46	54.66	200
1505	2023-03-30	50.3	50.3	50.3	50.3	100
1506	2023-03-31	50.3	50.3	50.3	50.3	0
1507	2023-04-03	47.37	54.91	47.37	54.91	200
1508	2023-04-04	54.91	54.91	54.91	54.91	0
1509	2023-04-05	49.88	49.88	49.88	49.88	100
1510	2023-04-06	49.88	49.88	49.88	49.88	0
1511	2023-04-07	49.88	49.88	49.88	49.88	0
1512	2023-04-10	49.88	49.88	49.88	49.88	0
1513	2023-04-11	45.69	49.97	45.69	49.97	219
1514	2023-04-12	49.97	49.97	49.97	49.97	0
1515	2023-04-13	45.69	49.97	45.69	49.97	200
1516	2023-04-14	46.11	51.89	46.11	51.89	200
1517	2023-04-17	46.95	46.95	46.95	46.95	100
1518	2023-04-18	49.88	49.88	49.88	49.88	102
1519	2023-04-19	45.69	45.69	45.69	45.69	100
1520	2023-04-20	45.69	45.69	45.69	45.69	0
1521	2023-04-21	47.79	47.79	47.79	47.79	100
1522	2023-04-24	47.87	47.87	47.87	47.87	100
1523	2023-04-25	50.3	52.65	50.3	52.65	200
1524	2023-04-26	53.65	53.65	53.65	53.65	111
1525	2023-04-27	48.29	51.98	48.29	51.98	200
1526	2023-04-28	51.98	51.98	51.98	51.98	0
1527	2023-05-04	51.98	51.98	51.98	51.98	200
1528	2023-05-05	51.98	51.98	51.98	51.98	0
1529	2023-05-08	50.3	57.18	50.3	57.18	830
1530	2023-05-09	62.88	62.88	62.46	62.46	205
1531	2023-05-10	62.46	67.07	62.04	62.88	13725
1532	2023-05-11	62.88	62.88	62.88	62.88	2
1533	2023-05-12	62.88	62.88	62.88	62.88	0
1534	2023-05-15	62.88	62.88	62.88	62.88	1
1535	2023-05-16	62.88	62.88	62.88	62.88	0
1536	2023-05-17	62.88	62.88	62.88	62.88	0
1537	2023-05-18	58.21	58.21	58.21	58.21	110
1538	2023-05-19	53.45	53.45	53.45	53.45	607
1539	2023-05-22	48.24	48.24	48.24	48.24	3006
1540	2023-05-23	48.24	48.24	48.24	48.24	105
1541	2023-05-24	52.91	52.91	52.91	52.91	102
1542	2023-05-25	52.91	52.91	52.91	52.91	0
1543	2023-05-26	52.91	52.91	52.91	52.91	2
1544	2023-05-29	48.96	48.96	48.96	48.96	100
1545	2023-05-30	46.26	46.71	44.91	44.91	1500
1546	2023-05-31	48.51	49.22	48.51	49.22	200
1547	2023-06-01	49.22	49.22	49.22	49.22	0
1548	2023-06-02	49.22	50.75	49.22	50.75	200
1549	2023-06-05	51.92	52.01	51.92	52.01	200
1550	2023-06-06	49.4	49.4	49.4	49.4	100
1551	2023-06-07	49.4	49.4	49.4	49.4	0
1552	2023-06-08	49.4	49.4	49.4	49.4	0
1553	2023-06-09	49.4	49.4	49.4	49.4	0
1554	2023-06-12	49.4	49.4	49.4	49.4	100
1555	2023-06-13	49.4	49.4	49.4	49.4	0
1556	2023-06-14	49.4	49.4	48.51	48.51	802
1557	2023-06-15	48.51	48.51	48.51	48.51	400
1558	2023-06-16	48.51	48.51	48.51	48.51	1
1559	2023-06-19	48.51	48.51	48.51	48.51	0
1560	2023-06-20	48.51	48.51	48.51	48.51	0
1561	2023-06-21	48.51	48.51	48.51	48.51	0
1562	2023-06-22	49.4	53.27	49.4	53.27	700
1563	2023-06-23	53.27	53.27	53.27	53.27	0
1564	2023-06-26	53.27	53.27	53.27	53.27	0
1565	2023-06-27	53.27	53.27	53.27	53.27	0
1566	2023-06-28	53.27	53.27	53.27	53.27	0
1567	2023-06-29	50.39	50.39	50.39	50.39	400
1568	2023-06-30	50.39	50.39	50.39	50.39	20
1569	2023-07-03	47.61	48.06	47.61	47.61	1410
1570	2023-07-04	47.79	47.88	47.7	47.7	1200
1571	2023-07-05	48.06	48.06	48.06	48.06	500
1572	2023-07-06	47.61	47.61	47.61	47.61	500
1573	2023-07-07	49.31	49.31	49.31	49.31	100
1574	2023-07-10	47.97	47.97	47.97	47.97	300
1575	2023-07-11	47.97	47.97	47.97	47.97	1
1576	2023-07-12	48.96	48.96	48.42	48.42	1200
1577	2023-07-13	48.42	48.42	48.42	48.42	300
1578	2023-07-14	52.1	52.1	52.1	52.1	103
1579	2023-07-17	52.1	52.1	52.1	52.1	100
1580	2023-07-18	48.42	51.92	48.42	51.92	200
1581	2023-07-19	48.33	55.33	48.33	55.33	200
1582	2023-07-20	50.3	54.97	49.85	53.9	1100
1583	2023-07-21	49.85	54.97	49.85	54.88	1300
1584	2023-07-24	54.88	54.88	54.88	54.88	1
1585	2023-07-25	51.47	53.81	51.47	53.81	217
1586	2023-07-26	55.33	55.33	55.33	55.33	102
1587	2023-07-27	54.34	54.34	54.34	54.34	102
1588	2023-07-28	53.9	53.9	53.9	53.9	112
1589	2023-07-31	53.9	53.9	53.9	53.9	0
1590	2023-08-01	53.9	53.9	53.9	53.9	1
1591	2023-08-02	58.3	58.3	58.3	58.3	110
1592	2023-08-03	52.55	56.41	52.55	56.41	461
1593	2023-08-04	50.84	57.94	50.84	57.94	200
1594	2023-08-07	52.19	52.19	52.19	52.19	345
1595	2023-08-08	48.51	56.23	48.51	50.39	509
1596	2023-08-09	55.42	55.42	53.9	53.9	500
1597	2023-08-10	50.57	57.4	50.57	57.4	200
1598	2023-08-11	51.74	51.74	51.74	51.74	1112
1599	2023-08-14	53.81	53.81	53.72	53.81	2100
1600	2023-08-15	48.6	48.6	48.6	48.6	125
1601	2023-08-16	48.69	53.27	48.69	53.27	300
1602	2023-08-17	53.27	53.27	53.27	53.27	0
1603	2023-08-18	48.6	50.3	48.6	50.3	516
1604	2023-08-21	53.9	53.9	53.9	53.9	100
1605	2023-08-22	48.51	48.51	48.51	48.51	107
1606	2023-08-23	48.51	48.51	48.51	48.51	0
1607	2023-08-24	48.51	48.51	48.51	48.51	0
1608	2023-08-25	48.51	48.51	48.51	48.51	0
1609	2023-08-28	52.46	52.46	52.46	52.46	101
1610	2023-08-29	47.79	52.28	47.79	52.28	200
1611	2023-08-30	48.06	52.01	48.06	51.2	2300
1612	2023-08-31	48.06	53.36	48.06	53.36	200
1613	2023-09-05	52.1	52.1	52.1	52.1	106
1614	2023-09-06	52.1	52.1	51.2	51.2	2501
1615	2023-09-07	51.2	51.2	51.2	51.2	1
1616	2023-09-08	48.6	50.75	48.6	50.75	210
1617	2023-09-11	51.2	51.2	51.2	51.2	201
1618	2023-09-12	47.16	48.24	47.16	48.24	200
1619	2023-09-13	48.24	48.24	48.24	48.24	0
1620	2023-09-14	51.2	51.2	51.2	51.2	203
1621	2023-09-15	48.51	48.51	48.51	48.51	101
1622	2023-09-18	48.51	48.51	48.51	48.51	6
1623	2023-09-19	48.51	48.51	48.51	48.51	4
1624	2023-09-20	48.51	48.51	48.51	48.51	402
1625	2023-09-21	48.51	48.51	48.51	48.51	6
1626	2023-09-22	50.84	50.84	50.84	50.84	100
1627	2023-09-25	46.8	47.7	46.8	47.7	200
1628	2023-09-26	47.7	47.7	47.7	47.7	1
1629	2023-09-27	47.7	49.22	44.91	49.22	505
1630	2023-09-28	45.09	45.09	45.09	45.09	100
1631	2023-09-29	45.09	45.09	45.09	45.09	0
1632	2023-10-02	49.31	49.31	48.06	48.06	300
1633	2023-10-03	44.64	44.64	44.64	44.64	600
1634	2023-10-04	44.64	44.64	44.64	44.64	0
1635	2023-10-05	44.64	44.64	44.64	44.64	100
1636	2023-10-06	44.91	44.91	44.91	44.91	105
1637	2023-10-09	44.91	44.91	44.91	44.91	0
1638	2023-10-10	44.91	44.91	44.91	44.91	0
1639	2023-10-11	47.43	49.31	47.43	49.31	905
1640	2023-10-12	45.81	47.16	45.09	47.16	1609
1641	2023-10-13	46.71	46.71	44.91	44.91	1200
1642	2023-10-16	45.0	45.0	43.93	43.93	1401
1643	2023-10-17	43.93	43.93	43.93	43.93	1
1644	2023-10-18	43.93	43.93	43.93	43.93	1000
1645	2023-10-19	43.93	43.93	43.93	43.93	0
1646	2023-10-20	43.93	43.93	43.93	43.93	0
1647	2023-10-23	44.01	44.01	44.01	44.01	100
1648	2023-10-24	44.01	44.01	44.01	44.01	4
1649	2023-10-25	44.01	44.01	44.01	44.01	2
1650	2023-10-26	43.21	43.21	43.12	43.12	201
1651	2023-10-27	43.12	43.12	43.12	43.12	11
1652	2023-10-30	43.12	43.12	43.12	43.12	1
1653	2023-10-31	38.8	43.12	38.8	43.12	600
1654	2023-11-01	43.12	43.12	43.12	43.12	3
1655	2023-11-02	43.12	43.12	43.12	43.12	0
1656	2023-11-03	43.12	43.12	43.12	43.12	0
1657	2023-11-06	39.07	39.61	39.07	39.61	609
1658	2023-11-07	43.48	43.48	43.48	43.48	104
1659	2023-11-08	40.42	40.42	40.42	40.42	100
1660	2023-11-09	40.42	40.42	40.42	40.42	0
1661	2023-11-10	40.42	40.42	40.42	40.42	0
1662	2023-11-13	40.42	40.42	40.42	40.42	11
1663	2023-11-14	43.12	43.12	43.12	43.12	102
1664	2023-11-15	43.12	43.12	43.12	43.12	3
1665	2023-11-16	39.07	39.07	39.07	39.07	110
1666	2023-11-17	42.22	42.94	42.22	42.94	762
1667	2023-11-20	40.42	40.42	40.42	40.42	120
1668	2023-11-21	40.42	40.42	40.42	40.42	10
1669	2023-11-22	40.42	40.42	40.42	40.42	249
1670	2023-11-23	42.67	43.03	42.67	43.03	439
1671	2023-11-24	39.07	45.36	39.07	45.36	310
1672	2023-11-27	40.87	40.87	40.87	40.87	101
1673	2023-11-28	43.84	43.84	40.42	40.42	7912
1674	2023-11-29	40.87	41.32	40.51	40.87	20209
1675	2023-11-30	40.87	40.87	39.97	39.97	7653
1676	2023-12-01	40.06	40.06	39.34	39.61	8800
1677	2023-12-04	41.05	41.05	39.52	39.52	3603
1678	2023-12-05	39.7	39.7	39.43	39.43	4302
1679	2023-12-06	39.43	40.42	39.43	39.52	3908
1680	2023-12-07	39.52	39.61	39.52	39.52	5305
1681	2023-12-08	39.97	40.96	39.97	40.6	2103
1682	2023-12-11	40.6	40.6	39.97	40.6	4609
1683	2023-12-12	39.97	40.69	39.97	40.15	3901
1684	2023-12-13	40.15	40.24	40.06	40.06	11411
1685	2023-12-14	40.87	40.87	39.97	39.97	5000
1686	2023-12-15	39.97	40.06	39.52	39.88	7623
1687	2023-12-18	41.39	41.39	40.45	40.45	616
1688	2023-12-19	40.35	41.76	40.35	40.45	1101
1689	2023-12-20	37.91	41.01	37.91	41.01	2950
1690	2023-12-21	41.01	41.01	41.01	41.01	120
1691	2023-12-22	41.01	41.01	41.01	41.01	3500
1692	2023-12-25	38.56	40.26	38.56	40.26	1043
1693	2023-12-26	40.26	40.26	40.26	40.26	200
1694	2023-12-27	40.26	40.26	40.26	40.26	0
1695	2023-12-28	39.41	39.41	38.56	39.32	4129
1696	2023-12-29	38.47	38.47	38.47	38.47	310
1697	2024-01-02	39.69	39.69	38.56	38.56	709
1698	2024-01-03	38.56	38.56	38.56	38.56	5204
1699	2024-01-04	38.66	38.66	38.56	38.56	5133
1700	2024-01-05	38.56	38.56	38.38	38.38	3774
1701	2024-01-08	38.47	38.75	38.47	38.66	800
1702	2024-01-09	38.75	38.94	38.75	38.85	1100
1703	2024-01-10	39.22	39.79	39.22	39.79	4200
1704	2024-01-11	39.79	39.79	39.5	39.5	827
1705	2024-01-12	39.79	39.79	39.79	39.79	200
1706	2024-01-15	39.5	39.5	39.5	39.5	2125
1707	2024-01-16	39.5	39.5	39.5	39.5	1000
1708	2024-01-17	39.6	39.79	39.6	39.79	2000
1709	2024-01-18	39.69	39.79	38.75	39.5	3600
1710	2024-01-19	38.75	39.6	38.75	39.5	1700
1711	2024-01-22	39.5	39.5	39.41	39.5	9300
1712	2024-01-23	39.5	39.5	39.5	39.5	13900
1713	2024-01-24	39.98	39.98	39.5	39.5	6300
1714	2024-01-25	38.85	39.5	38.75	39.5	610
1715	2024-01-26	39.5	39.5	39.5	39.5	400
1716	2024-01-29	39.5	39.5	39.13	39.32	1700
1717	2024-01-30	39.32	39.41	39.13	39.13	1400
1718	2024-01-31	39.03	39.03	39.03	39.03	100
1719	2024-02-01	39.22	39.5	39.22	39.5	400
1720	2024-02-02	38.85	39.32	38.85	39.32	1000
1721	2024-02-05	38.85	39.5	38.66	39.5	3100
1722	2024-02-06	38.75	39.41	38.75	39.41	1100
1723	2024-02-07	39.5	39.5	39.5	39.5	100
1724	2024-02-15	39.5	39.5	39.03	39.5	3600
1725	2024-02-16	39.5	39.5	39.5	39.5	1
1726	2024-02-19	39.5	39.5	39.22	39.22	500
1727	2024-02-20	39.22	39.41	39.22	39.41	310
1728	2024-02-21	39.5	39.5	39.41	39.41	600
1729	2024-02-22	39.41	39.41	39.41	39.41	400
1730	2024-02-23	39.5	39.79	39.32	39.32	4901
1731	2024-02-26	39.32	39.5	39.32	39.5	501
1732	2024-02-27	39.6	39.6	39.41	39.6	5100
1733	2024-02-28	41.39	41.39	39.5	39.5	5200
1734	2024-02-29	39.5	39.69	39.41	39.69	4700
1735	2024-03-01	39.5	39.69	39.22	39.69	3400
1736	2024-03-04	39.6	39.6	39.41	39.5	1000
1737	2024-03-05	39.5	39.5	39.5	39.5	100
1738	2024-03-06	39.5	39.5	39.5	39.5	300
1739	2024-03-07	39.5	39.5	39.22	39.5	2608
1740	2024-03-08	39.5	39.5	39.32	39.5	6200
1741	2024-03-11	39.5	39.5	39.03	39.5	2600
1742	2024-03-12	39.5	39.5	39.41	39.41	200
1743	2024-03-13	39.41	39.6	39.41	39.5	3600
1744	2024-03-14	39.5	39.5	39.41	39.5	2000
1745	2024-03-15	39.41	39.5	39.41	39.5	634
1746	2024-03-18	39.5	39.5	39.5	39.5	1200
1747	2024-03-19	39.32	39.5	39.03	39.5	1700
1748	2024-03-20	40.45	40.45	40.45	40.45	232
1749	2024-03-21	40.35	40.35	38.56	40.26	5700
1750	2024-03-22	40.35	40.35	39.5	39.5	912
1751	2024-03-25	39.5	39.5	39.5	39.5	0
1752	2024-03-26	39.5	39.5	39.5	39.5	500
1753	2024-03-27	39.5	39.5	38.56	39.5	3700
1754	2024-03-28	39.69	39.69	39.5	39.5	1600
1755	2024-03-29	39.5	39.5	39.5	39.5	0
1756	2024-04-01	39.5	39.5	39.03	39.5	2200
1757	2024-04-02	39.5	39.5	39.5	39.5	1002
1758	2024-04-03	39.5	39.5	39.5	39.5	2012
1759	2024-04-04	39.22	39.5	39.22	39.5	300
1760	2024-04-05	37.62	39.5	37.62	39.5	200
1761	2024-04-08	39.41	39.5	37.53	39.5	705
1762	2024-04-09	39.5	39.5	39.5	39.5	2200
1763	2024-04-10	39.5	39.5	39.5	39.5	0
1764	2024-04-11	39.5	39.5	39.5	39.5	0
1765	2024-04-12	39.5	39.5	38.56	39.03	800
1766	2024-04-15	39.03	39.03	39.03	39.03	205
1767	2024-04-16	38.56	38.56	36.68	37.62	1200
1768	2024-04-17	37.62	37.62	37.62	37.62	0
1769	2024-04-19	37.53	37.53	36.68	36.68	904
1770	2024-04-22	37.53	37.53	37.53	37.53	1202
1771	2024-04-23	37.53	37.53	36.21	36.21	2900
1772	2024-04-24	36.68	36.68	36.68	36.68	601
1773	2024-04-25	36.68	36.68	36.68	36.68	0
1774	2024-04-26	36.68	36.68	36.68	36.68	100
1775	2024-05-02	37.53	37.53	37.53	37.53	700
1776	2024-05-03	37.53	37.53	37.53	37.53	8
1777	2024-05-06	37.44	37.53	36.87	37.53	2707
1778	2024-05-07	37.53	37.62	37.53	37.62	2300
1779	2024-05-08	37.44	37.62	37.44	37.62	2780
1780	2024-05-09	37.53	37.62	37.53	37.62	4800
1781	2024-05-10	37.53	37.53	37.53	37.53	100
1782	2024-05-13	37.53	37.62	37.53	37.62	2500
1783	2024-05-14	37.62	37.62	36.87	36.87	407
1784	2024-05-15	37.53	37.53	37.53	37.53	100
1785	2024-05-16	37.53	37.53	37.15	37.44	3200
1786	2024-05-17	37.34	37.44	37.15	37.44	3908
1787	2024-05-20	37.44	37.44	37.15	37.15	2310
1788	2024-05-21	37.53	37.53	37.15	37.15	900
1789	2024-05-22	37.53	37.53	37.44	37.44	2605
1790	2024-05-23	37.53	37.53	37.53	37.53	200
1791	2024-05-24	37.53	37.53	37.53	37.53	105
1792	2024-05-27	37.53	37.53	37.53	37.53	2405
1793	2024-05-28	37.53	37.62	37.53	37.62	7500
1794	2024-05-29	37.53	38.09	37.53	38.09	4500
1795	2024-05-30	37.72	39.5	37.62	39.13	5400
1796	2024-05-31	39.5	39.5	39.32	39.32	201
1797	2024-06-03	39.13	39.13	38.94	38.94	2200
1798	2024-06-04	38.94	38.94	38.85	38.85	3001
1799	2024-06-05	39.03	39.03	39.03	39.03	400
1800	2024-06-06	39.03	39.03	39.03	39.03	0
1801	2024-06-07	35.18	39.5	35.18	39.41	700
1802	2024-06-10	35.93	39.22	35.93	39.22	2200
1803	2024-06-11	39.32	39.41	39.32	39.32	5000
1804	2024-06-12	39.32	39.41	39.32	39.41	9300
1805	2024-06-13	39.32	39.32	39.32	39.32	100
1806	2024-06-14	39.5	39.5	39.5	39.5	100
1807	2024-06-17	39.22	39.22	39.22	39.22	200
1808	2024-06-18	38.56	39.32	38.56	39.22	5700
1809	2024-06-19	39.03	39.32	38.75	38.85	7100
1810	2024-06-20	39.22	39.32	37.72	39.22	3900
1811	2024-06-21	39.22	39.6	39.22	39.41	12621
1812	2024-06-24	39.22	39.22	39.22	39.22	4200
1813	2024-06-25	39.22	39.22	39.22	39.22	2500
1814	2024-06-26	39.22	39.22	39.22	39.22	5
1815	2024-06-27	39.22	39.22	39.22	39.22	600
1816	2024-06-28	39.69	39.69	39.69	39.69	102
1817	2024-07-01	39.69	39.69	39.5	39.5	13202
1818	2024-07-02	39.69	39.69	39.69	39.69	100
1819	2024-07-03	39.5	39.69	39.5	39.69	1900
1820	2024-07-04	39.5	39.5	38.94	39.5	400
1821	2024-07-05	39.5	39.5	38.0	39.5	9500
1822	2024-07-08	39.5	39.5	39.5	39.5	1
1823	2024-07-09	39.32	39.41	38.85	39.41	4200
1824	2024-07-10	38.56	39.32	38.56	39.32	5400
1825	2024-07-11	39.32	39.32	39.32	39.32	500
1826	2024-07-12	39.5	39.69	39.41	39.69	2712
1827	2024-07-15	39.6	40.92	39.6	40.92	5364
1828	2024-07-16	40.82	40.82	39.98	39.98	600
1829	2024-07-17	39.5	39.88	38.09	39.88	1500
1830	2024-07-18	39.88	39.88	39.88	39.88	0
1831	2024-07-19	38.28	38.28	38.09	38.09	1000
1832	2024-07-22	38.19	39.69	38.09	39.69	4100
1833	2024-07-23	36.78	39.5	36.78	39.5	714
1834	2024-07-24	37.62	38.0	37.62	38.0	2300
1835	2024-07-25	39.32	39.32	38.0	38.0	1000
1836	2024-07-26	37.81	37.81	37.81	37.81	200
1837	2024-07-29	37.91	37.91	37.81	37.81	2501
1838	2024-07-30	37.62	37.62	37.62	37.62	710
1839	2024-07-31	37.62	37.62	37.62	37.62	502
1840	2024-08-01	38.48	39.05	38.48	39.05	200
1841	2024-08-02	39.05	39.05	39.05	39.05	8
1842	2024-08-05	37.33	38.0	36.38	38.0	2010
1843	2024-08-06	38.1	38.86	36.48	38.86	4100
1844	2024-08-07	36.67	36.76	36.67	36.76	500
1845	2024-08-08	36.67	36.67	36.19	36.19	4405
1846	2024-08-09	36.67	36.95	36.19	36.19	1600
1847	2024-08-12	36.38	37.43	36.29	37.43	2200
1848	2024-08-13	37.43	37.43	37.43	37.43	0
1849	2024-08-14	37.43	37.43	37.43	37.43	0
1850	2024-08-15	37.43	37.43	37.43	37.43	0
1851	2024-08-16	37.43	37.43	37.43	37.43	0
1852	2024-08-19	37.43	37.43	37.43	37.43	12
1853	2024-08-20	37.24	37.24	37.24	37.24	400
1854	2024-08-21	37.24	38.67	37.24	38.67	401
1855	2024-08-22	35.52	38.57	35.52	38.29	2300
1856	2024-08-23	38.29	38.29	38.29	38.29	0
1857	2024-08-26	35.52	38.1	35.52	38.1	205
1858	2024-08-27	35.52	38.0	35.52	38.0	203
1859	2024-08-28	35.72	38.0	35.72	38.0	1302
1860	2024-08-29	38.0	38.0	38.0	38.0	0
1861	2024-08-30	38.0	38.0	38.0	38.0	2
1862	2024-09-04	37.91	37.91	37.91	37.91	103
1863	2024-09-05	36.19	38.95	36.19	38.95	2401
1864	2024-09-06	35.52	38.1	35.52	38.1	200
1865	2024-09-09	38.1	38.1	38.1	38.1	10
1866	2024-09-10	38.1	38.1	38.1	38.1	10
1867	2024-09-11	36.19	36.19	36.19	36.19	1000
1868	2024-09-12	36.67	37.14	36.67	37.14	705
1869	2024-09-13	37.14	37.14	37.14	37.14	5
1870	2024-09-16	38.0	38.0	38.0	38.0	100
1871	2024-09-17	38.0	38.0	38.0	38.0	0
1872	2024-09-18	38.0	38.0	38.0	38.0	0
1873	2024-09-19	37.81	37.81	36.29	37.81	500
1874	2024-09-20	36.38	37.43	36.38	37.43	200
1875	2024-09-23	37.43	37.43	37.43	37.43	1
1876	2024-09-24	37.14	37.14	36.19	36.67	4200
1877	2024-09-25	36.67	36.67	36.67	36.67	0
1878	2024-09-26	36.67	36.67	36.67	36.67	200
1879	2024-09-27	36.67	36.67	36.67	36.67	0
1880	2024-09-30	36.67	36.67	36.67	36.67	0
1881	2024-10-01	36.86	36.86	36.67	36.67	316
1882	2024-10-02	36.67	36.67	36.67	36.67	0
1883	2024-10-03	35.81	36.19	35.72	36.19	2600
1884	2024-10-04	36.19	36.19	35.43	35.72	8105
1885	2024-10-07	35.05	35.72	35.05	35.72	809
1886	2024-10-08	35.72	35.72	35.72	35.72	32
1887	2024-10-09	35.24	36.95	35.24	36.95	5102
1888	2024-10-10	36.29	36.67	36.29	36.67	613
1889	2024-10-11	37.91	37.91	37.91	37.91	100
1890	2024-10-14	35.62	35.72	35.62	35.72	700
1891	2024-10-15	35.91	35.91	35.91	35.91	100
1892	2024-10-16	35.91	35.91	35.91	35.91	0
1893	2024-10-17	36.67	36.67	36.67	36.67	300
1894	2024-10-18	36.19	36.29	36.19	36.29	1400
1895	2024-10-21	36.29	36.29	36.29	36.29	2600
1896	2024-10-22	36.29	36.29	36.29	36.29	100
1897	2024-10-23	36.29	36.29	36.29	36.29	0
1898	2024-10-24	35.91	36.29	35.91	36.29	1100
1899	2024-10-25	36.19	36.19	36.19	36.19	400
1900	2024-10-28	36.19	36.19	36.19	36.19	100
1901	2024-10-29	36.19	36.19	36.19	36.19	0
1902	2024-10-30	36.19	36.19	36.19	36.19	0
1903	2024-10-31	35.24	37.05	35.24	35.72	3200
1904	2024-11-01	36.19	36.95	36.19	36.95	1101
1905	2024-11-04	36.95	37.81	35.91	37.81	800
1906	2024-11-05	37.81	37.81	37.81	37.81	0
1907	2024-11-06	36.19	36.19	36.19	36.19	100
1908	2024-11-07	36.19	36.19	36.19	36.19	1
1909	2024-11-08	37.52	37.62	37.52	37.52	5500
1910	2024-11-11	37.52	37.52	37.52	37.52	0
1911	2024-11-12	37.62	37.91	37.52	37.91	2300
1912	2024-11-13	37.14	37.14	37.14	37.14	100
1913	2024-11-14	37.91	38.0	37.91	38.0	405
1914	2024-11-15	38.0	38.0	38.0	38.0	1
1915	2024-11-18	34.29	38.48	34.29	38.0	400
1916	2024-11-19	34.76	38.1	34.76	38.0	300
1917	2024-11-20	34.86	38.1	34.86	38.1	800
1918	2024-11-21	34.86	37.62	34.86	37.62	335
1919	2024-11-22	35.33	37.52	35.33	37.52	1200
1920	2024-11-25	37.52	37.52	35.33	35.33	701
1921	2024-11-26	35.52	37.05	35.52	37.05	601
1922	2024-11-27	37.05	37.05	37.05	37.05	0
1923	2024-11-28	37.05	37.05	37.05	37.05	200
1924	2024-11-29	36.95	36.95	36.86	36.86	501
1925	2024-12-02	36.86	37.91	36.86	37.91	1800
1926	2024-12-03	36.19	36.19	36.19	36.19	100
1927	2024-12-04	38.67	38.67	38.67	38.67	100
1928	2024-12-05	36.48	38.1	36.48	37.14	600
1929	2024-12-06	37.91	38.67	37.91	38.67	3805
1930	2024-12-09	38.1	38.1	38.0	38.0	800
1931	2024-12-10	37.72	38.38	37.72	38.29	3900
1932	2024-12-11	38.19	38.29	38.19	38.29	1913
1933	2024-12-12	38.67	38.67	38.57	38.67	3405
1934	2024-12-13	38.67	38.67	38.67	38.67	0
1935	2024-12-16	38.76	39.72	38.76	39.72	1602
1936	2024-12-17	40.0	40.0	40.0	40.0	1030
1937	2024-12-18	40.0	40.0	39.81	39.91	1400
1938	2024-12-19	38.57	39.43	38.57	39.43	300
1939	2024-12-20	39.43	39.43	39.43	39.43	120
1940	2024-12-23	38.1	39.33	38.1	39.33	1221
1941	2024-12-24	39.33	39.91	39.33	39.91	3111
1942	2024-12-25	39.91	40.19	39.91	40.0	14423
1943	2024-12-26	40.0	41.0	40.0	41.0	611
1944	2024-12-27	38.4	42.7	38.4	41.8	12800
1945	2024-12-30	41.6	41.6	41.6	41.6	2622
1946	2024-12-31	40.5	40.6	40.5	40.5	2100
1947	2025-01-02	40.4	41.0	40.0	41.0	2700
1948	2025-01-03	40.6	41.0	40.6	41.0	600
1949	2025-01-06	40.0	40.0	40.0	40.0	200
1950	2025-01-07	40.9	40.9	40.9	40.9	100
1951	2025-01-08	41.0	41.0	41.0	41.0	100
1952	2025-01-09	39.5	40.9	39.5	40.9	200
1953	2025-01-16	40.8	41.3	40.8	41.2	700
1954	2025-01-20	41.3	41.3	41.3	41.3	100
1955	2025-01-23	39.6	41.2	39.6	41.1	3400
1956	2025-01-24	39.7	39.7	39.7	39.7	100
1957	2025-02-03	41.2	41.2	41.0	41.0	200
1958	2025-02-04	40.9	40.9	39.5	39.5	200
1959	2025-02-07	40.8	40.8	40.8	40.8	100
1960	2025-02-10	38.7	40.9	38.7	40.9	200
1961	2025-02-11	39.0	40.8	39.0	39.5	300
1962	2025-02-12	41.3	41.3	41.3	41.3	100
1963	2025-02-13	39.0	40.9	39.0	40.9	200
1964	2025-02-14	38.1	40.7	38.1	40.7	200
1965	2025-02-17	39.0	39.0	38.5	38.5	700
1966	2025-02-19	39.0	39.8	39.0	39.8	200
1967	2025-02-20	39.7	39.9	39.7	39.9	300
1968	2025-02-21	40.4	40.4	40.0	40.0	2800
1969	2025-02-24	40.0	40.4	40.0	40.4	300
1970	2025-02-25	40.0	40.0	40.0	40.0	800
1971	2025-02-26	39.0	39.9	39.0	39.9	200
1972	2025-02-28	39.9	39.9	39.0	39.0	1500
1973	2025-03-03	39.0	39.4	39.0	39.4	600
1974	2025-03-04	39.3	39.4	39.3	39.4	23100
1975	2025-03-05	39.6	39.6	39.6	39.6	100
1976	2025-03-06	39.6	40.4	39.6	40.4	200
1977	2025-03-07	39.5	39.5	39.5	39.5	100
1978	2025-03-10	39.9	39.9	39.9	39.9	100
1979	2025-03-11	39.5	39.7	39.0	39.0	2000
1980	2025-03-12	40.0	40.0	40.0	40.0	100
1981	2025-03-17	39.9	39.9	39.0	39.0	300
1982	2025-03-19	39.9	39.9	39.9	39.9	200
