	time	open	high	low	close	volume
0	2016-06-07	4.97	4.97	4.73	4.73	5100
1	2016-06-08	4.32	4.49	4.32	4.46	1400
2	2016-06-09	4.05	4.29	4.05	4.29	600
3	2016-06-10	3.91	4.7	3.91	4.53	6700
4	2016-06-13	4.53	4.8	4.15	4.8	14100
5	2016-06-14	4.8	4.8	4.8	4.8	2000
6	2016-06-15	4.36	4.67	4.36	4.67	2100
7	2016-06-16	4.8	4.8	4.8	4.8	12000
8	2016-06-17	4.36	5.15	4.36	4.67	5400
9	2016-06-20	5.08	5.08	4.84	4.87	10200
10	2016-06-21	4.43	5.21	4.43	4.91	13400
11	2016-06-22	4.97	4.97	4.97	4.97	4000
12	2016-06-23	4.97	4.97	4.97	4.97	0
13	2016-06-24	4.53	4.53	4.53	4.53	100
14	2016-06-27	4.12	4.97	4.12	4.97	1100
15	2016-06-28	4.53	5.45	4.53	5.45	5300
16	2016-06-29	5.45	5.45	5.45	5.45	0
17	2016-06-30	4.97	5.01	4.97	5.01	40000
18	2016-07-01	5.08	5.11	5.08	5.11	11800
19	2016-07-04	5.11	5.11	5.11	5.11	0
20	2016-07-05	4.67	5.11	4.67	5.11	22000
21	2016-07-06	5.08	5.08	4.67	5.08	1200
22	2016-07-07	5.04	5.15	5.04	5.15	18100
23	2016-07-08	4.67	5.49	4.67	5.28	3800
24	2016-07-11	4.8	5.15	4.8	5.15	2600
25	2016-07-12	4.73	4.97	4.73	4.97	5700
26	2016-07-13	4.53	5.32	4.53	5.15	3200
27	2016-07-14	5.15	5.15	5.15	5.15	10500
28	2016-07-15	5.15	5.15	5.15	5.15	0
29	2016-07-18	5.15	5.15	5.15	5.15	400
30	2016-07-19	5.04	5.15	5.04	5.15	9100
31	2016-07-20	5.15	5.15	5.15	5.15	0
32	2016-07-21	5.32	5.32	5.32	5.32	3800
33	2016-07-22	5.15	5.15	5.15	5.15	2500
34	2016-07-25	5.15	5.15	5.15	5.15	0
35	2016-07-26	4.67	5.49	4.67	5.49	2800
36	2016-07-27	4.97	5.49	4.97	5.49	600
37	2016-07-28	4.97	5.49	4.97	5.32	400
38	2016-07-29	5.32	5.32	5.32	5.32	0
39	2016-08-01	5.15	5.15	5.15	5.15	100
40	2016-08-02	4.84	4.97	4.84	4.97	5100
41	2016-08-03	4.77	4.84	4.77	4.8	4100
42	2016-08-04	4.8	4.8	4.8	4.8	0
43	2016-08-05	4.8	4.8	4.8	4.8	0
44	2016-08-08	4.8	4.8	4.8	4.8	0
45	2016-08-09	4.67	5.28	4.67	4.8	1600
46	2016-08-10	4.8	4.8	4.8	4.8	0
47	2016-08-11	4.49	5.28	4.49	4.84	600
48	2016-08-12	4.84	4.84	4.84	4.84	0
49	2016-08-15	4.84	4.84	4.84	4.84	400
50	2016-08-16	5.15	5.15	5.15	5.15	200
51	2016-08-17	4.97	5.15	4.97	5.15	4000
52	2016-08-18	4.67	5.15	4.67	5.15	28100
53	2016-08-19	4.73	5.15	4.73	5.15	3000
54	2016-08-22	5.15	5.15	5.15	5.15	0
55	2016-08-23	4.77	5.15	4.77	5.15	1500
56	2016-08-24	5.04	5.04	5.04	5.04	3800
57	2016-08-25	5.04	5.04	5.04	5.04	100
58	2016-08-26	5.04	5.15	5.04	5.15	8900
59	2016-08-29	4.87	5.15	4.87	5.15	1800
60	2016-08-30	5.15	5.15	5.15	5.15	0
61	2016-08-31	5.15	5.15	5.15	5.15	0
62	2016-09-01	4.87	5.15	4.87	5.08	26600
63	2016-09-05	5.01	5.08	4.91	5.01	1700
64	2016-09-06	4.8	4.8	4.8	4.8	2000
65	2016-09-07	4.49	5.01	4.49	4.73	4800
66	2016-09-08	4.6	4.73	4.56	4.73	25500
67	2016-09-09	4.6	4.87	4.56	4.73	31700
68	2016-09-12	4.56	4.73	4.56	4.73	7100
69	2016-09-13	4.73	4.8	4.73	4.73	25100
70	2016-09-14	4.73	4.73	4.73	4.73	900
71	2016-09-15	4.73	4.97	4.73	4.97	16600
72	2016-09-16	4.8	4.8	4.8	4.8	100
73	2016-09-19	4.8	4.8	4.73	4.73	3800
74	2016-09-20	4.73	4.73	4.63	4.63	3200
75	2016-09-21	4.87	4.87	4.87	4.87	200
76	2016-09-22	4.8	4.87	4.8	4.87	5500
77	2016-09-23	4.87	4.87	4.87	4.87	3100
78	2016-09-26	4.46	4.91	4.46	4.87	9400
79	2016-09-27	4.87	4.87	4.87	4.87	1900
80	2016-09-28	4.97	4.97	4.97	4.97	16400
81	2016-09-29	4.67	4.67	4.67	4.67	100
82	2016-09-30	4.97	4.97	4.97	4.97	11500
83	2016-10-03	4.97	4.97	4.97	4.97	0
84	2016-10-04	4.91	5.08	4.91	5.08	20000
85	2016-10-05	4.97	4.97	4.97	4.97	3000
86	2016-10-06	5.08	5.08	5.08	5.08	9300
87	2016-10-07	4.67	4.97	4.67	4.97	1000
88	2016-10-10	4.53	5.08	4.53	5.08	12800
89	2016-10-11	5.08	5.08	5.08	5.08	100
90	2016-10-12	5.15	5.15	5.15	5.15	6100
91	2016-10-13	4.67	5.49	4.67	5.49	3200
92	2016-10-14	5.01	5.01	5.01	5.01	100
93	2016-10-17	4.67	5.08	4.67	5.08	1100
94	2016-10-18	5.08	5.08	5.08	5.08	1200
95	2016-10-19	5.08	5.08	5.08	5.08	12500
96	2016-10-20	5.08	5.08	5.08	5.08	2400
97	2016-10-21	5.28	5.28	5.08	5.08	1300
98	2016-10-24	5.28	5.28	5.28	5.28	100
99	2016-10-25	5.08	5.08	5.08	5.08	1700
100	2016-10-26	4.8	5.08	4.8	5.08	1300
101	2016-10-27	5.08	5.08	5.08	5.08	0
102	2016-10-28	5.08	5.08	5.08	5.08	7500
103	2016-10-31	5.15	5.15	5.15	5.15	600
104	2016-11-01	5.15	5.15	5.15	5.15	0
105	2016-11-02	5.15	5.15	5.15	5.15	2500
106	2016-11-03	5.15	5.18	5.15	5.15	5200
107	2016-11-04	5.15	5.15	5.15	5.15	6500
108	2016-11-07	5.15	5.15	4.67	4.67	1000
109	2016-11-08	4.67	4.67	4.67	4.67	0
110	2016-11-09	4.67	4.67	4.67	4.67	0
111	2016-11-10	4.97	5.11	4.32	5.11	9300
112	2016-11-11	4.67	5.15	4.67	5.15	9100
113	2016-11-14	5.15	5.15	5.15	5.15	1300
114	2016-11-15	4.97	5.15	4.97	5.15	20600
115	2016-11-16	4.97	5.15	4.67	5.15	22900
116	2016-11-17	5.01	5.01	5.01	5.01	1000
117	2016-11-18	5.11	5.11	5.11	5.11	100
118	2016-11-21	5.04	5.11	5.04	5.11	10500
119	2016-11-22	5.04	5.04	5.04	5.04	4000
120	2016-11-23	4.97	5.04	4.97	5.04	13900
121	2016-11-24	4.97	5.04	4.97	5.04	1100
122	2016-11-25	4.97	4.97	4.97	4.97	2000
123	2016-11-28	4.97	4.97	4.97	4.97	1800
124	2016-11-29	5.04	5.04	5.04	5.04	500
125	2016-11-30	5.04	5.04	5.04	5.04	0
126	2016-12-01	4.63	4.97	4.63	4.97	1100
127	2016-12-02	4.97	4.97	4.97	4.97	6000
128	2016-12-05	4.97	4.97	4.97	4.97	0
129	2016-12-06	4.97	4.97	4.97	4.97	0
130	2016-12-07	4.97	4.97	4.97	4.97	1000
131	2016-12-08	4.97	4.97	4.97	4.97	0
132	2016-12-09	4.97	4.97	4.97	4.97	0
133	2016-12-12	4.97	4.97	4.97	4.97	0
134	2016-12-13	4.97	4.97	4.97	4.97	0
135	2016-12-14	4.8	4.91	4.8	4.91	2100
136	2016-12-15	4.49	4.94	4.49	4.94	3800
137	2016-12-16	4.49	4.91	4.49	4.91	15500
138	2016-12-19	4.91	4.91	4.91	4.91	9000
139	2016-12-20	4.91	4.91	4.91	4.91	5000
140	2016-12-21	4.91	4.91	4.53	4.53	300
141	2016-12-22	4.8	4.8	4.8	4.8	600
142	2016-12-23	4.8	4.8	4.7	4.7	2500
143	2016-12-26	4.32	4.8	4.32	4.67	1400
144	2016-12-27	4.77	4.77	4.29	4.77	2600
145	2016-12-28	4.73	4.73	4.73	4.73	1500
146	2016-12-29	4.8	4.8	4.73	4.73	3100
147	2016-12-30	4.39	4.8	4.39	4.8	5700
148	2017-01-03	4.7	4.7	4.7	4.7	600
149	2017-01-04	4.32	4.32	4.32	4.32	500
150	2017-01-05	4.15	4.15	4.15	4.15	1000
151	2017-01-06	3.84	3.84	3.84	3.84	500
152	2017-01-09	3.67	4.22	3.67	4.22	3000
153	2017-01-10	4.32	4.32	4.32	4.32	400
154	2017-01-11	4.32	4.32	4.32	4.32	0
155	2017-01-12	3.95	4.46	3.95	4.46	2500
156	2017-01-13	4.15	4.8	4.15	4.7	12700
157	2017-01-16	4.32	4.32	4.32	4.32	200
158	2017-01-17	4.19	4.22	3.95	3.95	700
159	2017-01-18	3.95	3.95	3.95	3.95	0
160	2017-01-19	4.32	4.32	3.98	3.98	3100
161	2017-01-20	3.98	3.98	3.98	3.98	0
162	2017-01-23	3.98	3.98	3.98	3.98	0
163	2017-01-24	4.36	4.36	4.15	4.36	7600
164	2017-01-25	4.19	4.77	4.15	4.77	15900
165	2017-02-02	4.39	4.91	4.39	4.67	500
166	2017-02-03	4.49	4.49	4.49	4.49	100
167	2017-02-06	4.32	4.32	4.32	4.32	100
168	2017-02-07	4.29	4.29	4.29	4.29	100
169	2017-02-08	4.29	4.29	4.29	4.29	0
170	2017-02-09	4.29	4.29	4.29	4.29	0
171	2017-02-10	4.19	4.19	4.19	4.19	100
172	2017-02-13	4.46	4.6	4.32	4.32	1200
173	2017-02-14	4.32	4.32	4.32	4.32	0
174	2017-02-15	4.25	4.73	4.22	4.49	1300
175	2017-02-16	4.22	4.56	4.22	4.56	600
176	2017-02-17	4.19	4.19	4.19	4.19	100
177	2017-02-20	3.84	4.6	3.84	4.6	300
178	2017-02-21	4.53	4.87	4.53	4.63	500
179	2017-02-22	4.25	4.87	4.25	4.67	1500
180	2017-02-23	4.29	4.67	4.29	4.67	200
181	2017-02-24	4.46	4.7	4.25	4.25	1500
182	2017-02-27	3.98	4.67	3.98	4.67	200
183	2017-02-28	4.7	4.7	4.7	4.7	100
184	2017-03-01	4.29	4.97	4.29	4.8	8000
185	2017-03-02	4.49	4.8	4.49	4.8	200
186	2017-03-03	4.8	4.84	4.36	4.8	3100
187	2017-03-06	4.8	4.8	4.36	4.8	4900
188	2017-03-07	5.08	5.08	4.84	5.01	1100
189	2017-03-08	4.56	5.15	4.56	4.97	2800
190	2017-03-09	4.56	5.11	4.53	4.94	1900
191	2017-03-10	4.49	4.97	4.49	4.97	1900
192	2017-03-13	4.56	4.97	4.56	4.97	14500
193	2017-03-14	4.77	4.97	4.77	4.97	1000
194	2017-03-15	4.8	4.94	4.8	4.94	13300
195	2017-03-16	4.46	4.94	4.46	4.94	13000
196	2017-03-17	4.73	4.94	4.49	4.94	11700
197	2017-03-20	4.94	4.94	4.94	4.94	0
198	2017-03-21	4.56	4.8	4.56	4.8	1100
199	2017-03-22	4.39	4.84	4.39	4.84	2100
200	2017-03-23	4.56	4.8	4.56	4.8	300
201	2017-03-24	4.7	4.8	4.7	4.8	3100
202	2017-03-27	4.67	4.8	4.67	4.8	200
203	2017-03-28	4.36	5.04	4.36	5.04	3400
204	2017-03-29	4.73	4.97	4.73	4.97	200
205	2017-03-30	4.53	4.97	4.53	4.94	400
206	2017-03-31	4.49	4.94	4.49	4.94	600
207	2017-04-03	4.94	5.04	4.94	5.04	2200
208	2017-04-04	5.04	5.04	5.04	5.04	0
209	2017-04-05	4.87	5.11	4.87	4.87	400
210	2017-04-07	5.35	5.35	5.08	5.08	1800
211	2017-04-10	5.25	5.25	5.25	5.25	100
212	2017-04-11	5.08	5.25	5.01	5.25	1800
213	2017-04-12	5.04	5.18	5.04	5.18	200
214	2017-04-13	5.08	5.08	5.08	5.08	100
215	2017-04-14	5.04	5.11	5.04	5.11	1300
216	2017-04-17	5.15	5.15	5.15	5.15	4300
217	2017-04-18	5.11	5.11	5.11	5.11	100
218	2017-04-19	5.3	5.3	5.3	5.3	100
219	2017-04-20	5.3	5.3	5.3	5.3	0
220	2017-04-21	5.23	5.23	5.23	5.23	100
221	2017-04-24	4.96	4.96	4.96	4.96	100
222	2017-04-25	5.11	5.11	5.11	5.11	200
223	2017-04-26	5.11	5.11	5.11	5.11	0
224	2017-04-27	5.15	5.15	5.15	5.15	300
225	2017-04-28	5.15	5.15	5.15	5.15	0
226	2017-05-03	5.15	5.15	5.15	5.15	0
227	2017-05-04	5.0	5.26	5.0	5.26	800
228	2017-05-05	5.3	5.3	5.3	5.3	400
229	2017-05-08	5.26	5.3	5.26	5.3	800
230	2017-05-09	5.34	5.34	5.3	5.3	2500
231	2017-05-10	4.96	4.96	4.96	4.96	100
232	2017-05-11	5.3	5.42	5.3	5.42	5200
233	2017-05-12	5.42	5.53	5.42	5.53	5100
234	2017-05-15	5.53	5.53	5.53	5.53	6000
235	2017-05-16	5.19	5.57	5.19	5.57	1500
236	2017-05-17	5.57	5.57	5.57	5.57	0
237	2017-05-18	5.57	5.57	5.57	5.57	800
238	2017-05-19	5.53	5.53	5.53	5.53	1200
239	2017-05-22	5.23	5.23	5.23	5.23	100
240	2017-05-23	5.53	5.53	5.53	5.53	1800
241	2017-05-24	5.26	5.26	5.26	5.26	1100
242	2017-05-25	5.26	5.26	5.26	5.26	0
243	2017-05-26	5.26	5.26	5.26	5.26	0
244	2017-05-29	5.53	5.53	5.53	5.53	500
245	2017-05-30	5.53	5.53	5.53	5.53	0
246	2017-05-31	5.19	5.53	5.19	5.53	1200
247	2017-06-01	5.34	5.53	5.34	5.53	600
248	2017-06-02	5.53	5.53	5.53	5.53	0
249	2017-06-05	5.38	5.49	5.38	5.49	500
250	2017-06-06	5.49	5.49	5.49	5.49	7900
251	2017-06-07	5.53	5.53	5.53	5.53	100
252	2017-06-08	5.23	5.53	5.23	5.53	200
253	2017-06-09	5.53	5.53	5.53	5.53	0
254	2017-06-12	5.53	5.53	5.53	5.53	0
255	2017-06-13	5.23	5.23	5.23	5.23	100
256	2017-06-14	5.49	5.49	5.49	5.49	100
257	2017-06-15	5.49	5.49	5.49	5.49	0
258	2017-06-16	5.53	5.53	5.53	5.53	100
259	2017-06-19	5.53	5.53	5.53	5.53	0
260	2017-06-20	5.53	5.53	5.53	5.53	700
261	2017-06-21	5.53	5.53	5.53	5.53	0
262	2017-06-22	5.53	5.53	5.53	5.53	0
263	2017-06-23	5.53	5.53	5.53	5.53	0
264	2017-06-26	5.53	5.53	5.53	5.53	0
265	2017-06-27	5.53	5.53	5.53	5.53	0
266	2017-06-28	5.53	5.53	5.53	5.53	0
267	2017-06-29	5.53	5.53	5.53	5.53	0
268	2017-06-30	5.53	5.53	5.53	5.53	0
269	2017-07-03	5.53	5.53	5.53	5.53	0
270	2017-07-04	5.53	5.53	5.53	5.53	0
271	2017-07-05	5.53	5.53	5.53	5.53	0
272	2017-07-06	5.34	5.34	5.34	5.34	1900
273	2017-07-07	5.34	5.34	5.34	5.34	1300
274	2017-07-10	5.34	5.34	5.34	5.34	0
275	2017-07-11	5.34	5.34	5.34	5.34	400
276	2017-07-12	5.34	5.34	5.34	5.34	400
277	2017-07-13	5.34	5.34	5.34	5.34	0
278	2017-07-14	5.34	5.34	5.34	5.34	0
279	2017-07-17	5.34	5.34	5.34	5.34	0
280	2017-07-18	5.34	5.34	5.34	5.34	0
281	2017-07-19	5.34	5.34	5.34	5.34	0
282	2017-07-20	5.34	5.34	5.34	5.34	0
283	2017-07-21	5.34	5.34	5.34	5.34	0
284	2017-07-24	5.34	5.34	5.34	5.34	0
285	2017-07-25	5.34	5.34	5.34	5.34	0
286	2017-07-26	5.34	5.34	5.34	5.34	0
287	2017-07-27	5.34	5.34	5.34	5.34	0
288	2017-07-28	5.34	5.34	5.34	5.34	0
289	2017-07-31	5.34	5.34	5.34	5.34	0
290	2017-08-01	5.84	5.84	5.84	5.84	100
291	2017-08-02	5.84	5.84	5.84	5.84	0
292	2017-08-03	5.84	5.84	5.84	5.84	0
293	2017-08-04	5.53	5.53	5.53	5.53	1500
294	2017-08-07	5.53	5.53	5.53	5.53	0
295	2017-08-08	5.53	5.53	5.53	5.53	0
296	2017-08-09	5.53	5.53	5.53	5.53	0
297	2017-08-10	5.53	5.53	5.53	5.53	0
298	2017-08-11	5.53	5.53	5.53	5.53	0
299	2017-08-14	5.53	5.53	5.53	5.53	0
300	2017-08-15	5.53	5.53	5.53	5.53	0
301	2017-08-16	6.03	6.03	6.03	6.03	100
302	2017-08-17	6.03	6.03	6.03	6.03	0
303	2017-08-18	6.03	6.03	6.03	6.03	0
304	2017-08-21	6.03	6.03	6.03	6.03	0
305	2017-08-22	6.03	6.03	6.03	6.03	0
306	2017-08-23	6.03	6.03	6.03	6.03	0
307	2017-08-24	6.03	6.03	6.03	6.03	0
308	2017-08-25	6.03	6.03	6.03	6.03	0
309	2017-08-28	6.03	6.03	6.03	6.03	0
310	2017-08-29	6.03	6.03	6.03	6.03	0
311	2017-08-30	6.03	6.03	6.03	6.03	0
312	2017-08-31	5.46	5.46	5.46	5.46	200
313	2017-09-01	5.46	5.46	5.46	5.46	0
314	2017-09-05	5.3	5.3	5.3	5.3	800
315	2017-09-06	5.46	5.53	5.42	5.53	4700
316	2017-09-07	5.53	5.53	5.53	5.53	0
317	2017-09-08	5.42	5.42	5.42	5.42	800
318	2017-09-11	4.92	5.42	4.92	5.42	200
319	2017-09-12	4.92	4.92	4.92	4.92	100
320	2017-09-13	4.92	4.92	4.92	4.92	0
321	2017-09-14	4.92	4.96	4.92	4.96	4300
322	2017-09-15	5.38	5.38	5.38	5.38	100
323	2017-09-18	4.88	4.88	4.88	4.88	100
324	2017-09-19	5.15	5.15	5.15	5.15	1600
325	2017-09-20	5.15	5.15	5.15	5.15	0
326	2017-09-21	5.46	5.46	5.46	5.46	100
327	2017-09-22	5.46	5.46	5.46	5.46	0
328	2017-09-25	5.46	5.46	5.46	5.46	0
329	2017-09-26	5.0	5.34	5.0	5.34	2000
330	2017-09-27	5.34	5.34	5.34	5.34	0
331	2017-09-28	5.34	5.34	5.34	5.34	0
332	2017-09-29	5.34	5.34	5.34	5.34	0
333	2017-10-02	5.34	5.34	5.34	5.34	0
334	2017-10-03	4.88	5.49	4.88	5.49	400
335	2017-10-04	5.53	5.53	5.53	5.53	100
336	2017-10-05	5.04	5.46	5.04	5.46	200
337	2017-10-06	5.46	5.46	5.46	5.46	0
338	2017-10-09	5.46	5.46	5.46	5.46	0
339	2017-10-10	5.46	5.46	5.46	5.46	0
340	2017-10-11	5.46	5.46	5.46	5.46	0
341	2017-10-12	5.46	5.46	5.46	5.46	0
342	2017-10-13	4.96	5.34	4.96	5.34	1100
343	2017-10-16	5.46	5.46	5.46	5.46	300
344	2017-10-17	5.46	5.46	5.46	5.46	0
345	2017-10-18	5.46	5.46	5.46	5.46	0
346	2017-10-19	4.96	5.53	4.96	5.53	200
347	2017-10-20	5.53	5.53	5.53	5.53	0
348	2017-10-23	5.0	5.0	5.0	5.0	1100
349	2017-10-24	5.0	5.0	5.0	5.0	0
350	2017-10-25	5.46	5.46	5.46	5.46	100
351	2017-10-26	5.46	5.46	5.46	5.46	0
352	2017-10-27	5.46	5.46	5.46	5.46	0
353	2017-10-30	5.46	5.46	5.46	5.46	700
354	2017-10-31	5.46	5.46	5.46	5.46	0
355	2017-11-01	5.46	5.46	5.46	5.46	0
356	2017-11-02	4.96	4.96	4.96	4.96	100
357	2017-11-03	4.96	4.96	4.96	4.96	0
358	2017-11-06	4.96	4.96	4.96	4.96	0
359	2017-11-07	4.96	4.96	4.96	4.96	0
360	2017-11-08	5.42	5.42	5.42	5.42	500
361	2017-11-09	5.3	5.3	5.3	5.3	100
362	2017-11-10	5.46	5.46	5.46	5.46	200
363	2017-11-13	5.46	5.46	5.46	5.46	0
364	2017-11-14	5.46	5.46	5.46	5.46	0
365	2017-11-15	5.46	5.46	5.46	5.46	0
366	2017-11-16	5.46	5.46	5.46	5.46	0
367	2017-11-17	5.46	5.46	5.46	5.46	0
368	2017-11-20	5.46	5.46	5.46	5.46	0
369	2017-11-21	5.46	5.46	5.46	5.46	0
370	2017-11-22	5.46	5.46	5.46	5.46	0
371	2017-11-23	4.96	5.53	4.96	5.53	200
372	2017-11-24	5.53	5.53	5.53	5.53	0
373	2017-11-27	5.04	5.04	5.04	5.04	100
374	2017-11-28	5.04	5.04	5.04	5.04	0
375	2017-11-29	5.53	5.53	5.53	5.53	100
376	2017-11-30	5.53	5.53	5.53	5.53	0
377	2017-12-01	5.53	5.53	5.53	5.53	0
378	2017-12-04	5.53	5.53	5.53	5.53	0
379	2017-12-05	5.53	5.53	5.53	5.53	0
380	2017-12-06	5.53	5.53	5.53	5.53	0
381	2017-12-07	5.53	5.53	5.53	5.53	0
382	2017-12-08	5.53	5.53	5.53	5.53	0
383	2017-12-11	5.53	5.53	5.53	5.53	0
384	2017-12-12	5.53	5.53	5.53	5.53	0
385	2017-12-13	5.53	5.53	5.53	5.53	0
386	2017-12-14	5.53	5.53	5.53	5.53	0
387	2017-12-15	5.53	5.53	5.53	5.53	0
388	2017-12-18	5.53	5.53	5.53	5.53	0
389	2017-12-19	5.53	5.53	5.53	5.53	0
390	2017-12-20	5.53	5.53	5.53	5.53	0
391	2017-12-21	5.91	5.91	5.91	5.91	1000
392	2017-12-22	5.91	5.91	5.91	5.91	0
393	2017-12-25	5.91	5.91	5.91	5.91	0
394	2017-12-26	5.34	6.45	5.34	6.45	33200
395	2017-12-27	6.45	6.45	6.45	6.45	0
396	2017-12-28	6.45	6.45	6.45	6.45	0
397	2017-12-29	6.45	6.45	6.45	6.45	0
398	2018-01-02	5.84	5.84	5.84	5.84	300
399	2018-01-03	5.26	5.26	5.26	5.26	100
400	2018-01-04	5.26	5.26	5.26	5.26	0
401	2018-01-05	5.26	5.72	4.81	5.15	2800
402	2018-01-08	5.65	5.65	5.65	5.65	500
403	2018-01-09	5.65	5.65	5.65	5.65	0
404	2018-01-10	5.65	5.65	5.65	5.65	0
405	2018-01-11	5.65	5.65	5.65	5.65	0
406	2018-01-12	5.65	5.65	5.65	5.65	0
407	2018-01-15	5.65	5.65	5.65	5.65	0
408	2018-01-16	5.15	5.68	5.15	5.68	200
409	2018-01-17	5.19	5.72	5.19	5.72	200
410	2018-01-18	5.72	5.72	5.72	5.72	0
411	2018-01-19	5.38	5.38	5.38	5.38	100
412	2018-01-22	5.38	5.53	5.38	5.53	2300
413	2018-01-23	5.53	5.53	5.53	5.53	0
414	2018-01-24	5.53	5.53	5.04	5.53	5300
415	2018-01-25	5.53	5.53	5.53	5.53	0
416	2018-01-26	5.53	5.53	5.53	5.53	0
417	2018-01-29	5.72	5.72	5.72	5.72	5000
418	2018-01-30	5.19	5.19	5.19	5.19	100
419	2018-01-31	5.68	5.68	5.68	5.68	200
420	2018-02-01	5.26	5.26	5.26	5.26	100
421	2018-02-02	5.15	5.53	5.0	5.53	13200
422	2018-02-05	5.72	5.72	5.07	5.38	400
423	2018-02-06	5.65	5.65	5.65	5.65	100
424	2018-02-07	5.65	5.65	5.65	5.65	0
425	2018-02-08	5.65	5.65	5.65	5.65	0
426	2018-02-09	5.3	5.3	5.3	5.3	3000
427	2018-02-12	5.3	5.3	5.3	5.3	0
428	2018-02-13	5.42	5.42	5.42	5.42	1200
429	2018-02-21	4.92	4.92	4.92	4.92	100
430	2018-02-22	5.34	5.38	5.34	5.38	2100
431	2018-02-23	5.38	5.38	5.38	5.38	0
432	2018-02-26	5.38	5.38	5.38	5.38	0
433	2018-02-27	4.88	5.34	4.88	5.34	2600
434	2018-02-28	5.34	5.34	5.34	5.34	0
435	2018-03-01	4.96	5.46	4.96	5.46	2100
436	2018-03-02	5.46	5.46	5.46	5.46	0
437	2018-03-05	5.65	5.65	5.65	5.65	500
438	2018-03-06	5.65	5.65	5.65	5.65	0
439	2018-03-07	5.65	5.65	5.65	5.65	0
440	2018-03-08	5.46	5.72	5.46	5.49	111200
441	2018-03-09	5.49	5.49	5.49	5.49	0
442	2018-03-12	5.53	5.53	5.53	5.53	1000
443	2018-03-13	5.53	5.53	5.53	5.53	0
444	2018-03-14	5.53	5.53	5.53	5.53	0
445	2018-03-15	5.76	6.07	5.72	6.07	376600
446	2018-03-16	6.07	6.07	6.07	6.07	0
447	2018-03-19	5.53	5.53	5.53	5.53	200
448	2018-03-20	5.53	5.53	5.53	5.53	0
449	2018-03-21	5.53	5.53	5.53	5.53	0
450	2018-03-22	5.04	6.07	5.04	6.07	300
451	2018-03-23	5.53	6.03	5.53	6.03	600
452	2018-03-26	5.49	5.49	5.49	5.49	20000
453	2018-03-27	5.49	5.49	5.49	5.49	0
454	2018-03-28	5.49	5.49	5.49	5.49	0
455	2018-03-29	5.04	5.04	5.04	5.04	300
456	2018-03-30	5.04	5.04	5.04	5.04	0
457	2018-04-02	5.04	5.04	5.04	5.04	0
458	2018-04-03	5.04	5.04	5.04	5.04	0
459	2018-04-04	5.04	5.04	5.04	5.04	0
460	2018-04-05	5.04	5.04	5.04	5.04	0
461	2018-04-06	5.04	5.04	5.04	5.04	0
462	2018-04-09	5.53	5.53	5.53	5.53	50000
463	2018-04-10	5.72	5.72	5.72	5.72	18000
464	2018-04-11	5.38	5.72	5.38	5.72	200
465	2018-04-12	5.99	5.99	5.99	5.99	100
466	2018-04-13	5.46	6.56	5.46	6.56	3100
467	2018-04-16	5.95	7.21	5.95	7.21	200
468	2018-04-17	7.21	7.21	7.21	7.21	0
469	2018-04-18	6.56	6.56	6.56	6.56	100
470	2018-04-19	6.56	6.56	6.56	6.56	0
471	2018-04-20	6.03	6.1	5.91	5.91	9000
472	2018-04-23	5.91	5.91	5.91	5.91	0
473	2018-04-24	5.91	5.91	5.91	5.91	0
474	2018-04-26	5.91	5.91	5.91	5.91	0
475	2018-04-27	5.38	5.53	5.38	5.53	1600
476	2018-05-02	5.04	6.07	5.04	6.07	13300
477	2018-05-03	5.53	5.53	5.53	5.53	100
478	2018-05-04	5.04	6.07	5.04	6.07	4200
479	2018-05-07	5.53	5.53	5.53	5.53	100
480	2018-05-08	5.53	5.53	5.53	5.53	0
481	2018-05-09	5.53	5.53	5.53	5.53	0
482	2018-05-10	5.53	5.53	5.53	5.53	0
483	2018-05-11	6.08	6.08	6.08	6.08	100
484	2018-05-14	6.08	6.08	6.08	6.08	0
485	2018-05-15	6.68	6.68	5.53	5.53	900
486	2018-05-16	5.53	5.53	5.53	5.53	0
487	2018-05-17	5.53	5.53	5.53	5.53	0
488	2018-05-18	6.08	6.08	6.08	6.08	100
489	2018-05-21	6.08	6.08	6.08	6.08	0
490	2018-05-22	6.08	6.08	6.08	6.08	0
491	2018-05-23	6.08	6.08	6.08	6.08	0
492	2018-05-24	6.68	6.68	6.68	6.68	200
493	2018-05-25	6.68	6.68	6.68	6.68	0
494	2018-05-28	6.68	6.68	6.68	6.68	0
495	2018-05-29	6.68	6.68	6.68	6.68	0
496	2018-05-30	7.32	7.32	7.32	7.32	100
497	2018-05-31	7.96	7.96	7.96	7.96	100
498	2018-06-01	7.23	8.0	7.23	8.0	200
499	2018-06-04	8.0	8.0	8.0	8.0	0
500	2018-06-05	7.28	7.28	7.28	7.28	100
501	2018-06-06	6.59	6.59	6.59	6.59	100
502	2018-06-07	6.59	6.59	6.59	6.59	0
503	2018-06-08	6.59	6.59	6.59	6.59	0
504	2018-06-11	6.59	6.59	6.59	6.59	0
505	2018-06-12	6.59	6.59	6.59	6.59	0
506	2018-06-13	6.59	6.59	6.59	6.59	0
507	2018-06-14	6.59	6.59	6.59	6.59	0
508	2018-06-15	6.59	6.59	6.59	6.59	0
509	2018-06-18	7.23	7.23	7.23	7.23	100
510	2018-06-19	7.23	7.23	7.23	7.23	0
511	2018-06-20	7.23	7.23	7.23	7.23	0
512	2018-06-21	7.23	7.23	7.23	7.23	0
513	2018-06-22	7.23	7.23	7.23	7.23	0
514	2018-06-25	6.55	7.19	6.55	7.19	200
515	2018-06-26	7.19	7.19	7.19	7.19	0
516	2018-06-27	7.19	7.19	7.19	7.19	0
517	2018-06-28	6.55	6.55	6.55	6.55	100
518	2018-06-29	7.19	7.19	7.19	7.19	100
519	2018-07-02	6.55	6.98	6.55	6.98	200
520	2018-07-03	7.45	7.45	7.45	7.45	200
521	2018-07-04	7.02	7.02	7.02	7.02	100
522	2018-07-05	7.02	7.02	7.02	7.02	100
523	2018-07-06	7.02	7.02	7.02	7.02	400
524	2018-07-09	7.02	7.02	7.02	7.02	500
525	2018-07-10	6.81	6.81	6.81	6.81	400
526	2018-07-11	6.81	6.81	6.81	6.81	0
527	2018-07-12	6.81	6.81	6.81	6.81	0
528	2018-07-13	6.68	6.68	6.68	6.68	100
529	2018-07-16	6.68	6.68	6.68	6.68	0
530	2018-07-17	6.68	6.68	6.68	6.68	0
531	2018-07-18	6.64	6.68	6.64	6.68	20100
532	2018-07-19	6.68	6.68	6.68	6.68	0
533	2018-07-20	6.81	6.81	6.81	6.81	39000
534	2018-07-23	6.77	6.77	6.77	6.77	30000
535	2018-07-24	6.77	6.77	6.77	6.77	0
536	2018-07-25	6.77	6.77	6.77	6.77	0
537	2018-07-26	6.77	6.77	6.77	6.77	0
538	2018-07-27	6.77	6.77	6.77	6.77	0
539	2018-07-30	6.77	6.77	6.77	6.77	0
540	2018-07-31	6.77	6.77	6.77	6.77	0
541	2018-08-01	6.68	6.68	6.68	6.68	30000
542	2018-08-02	6.68	6.68	6.68	6.68	0
543	2018-08-03	6.64	6.68	6.64	6.68	50000
544	2018-08-06	6.68	6.68	6.68	6.68	0
545	2018-08-07	6.68	6.68	6.68	6.68	0
546	2018-08-08	6.64	6.68	6.64	6.68	30000
547	2018-08-09	6.64	6.72	6.64	6.72	40000
548	2018-08-10	6.38	6.72	6.38	6.72	61900
549	2018-08-13	6.68	6.68	6.68	6.68	80000
550	2018-08-14	6.59	6.64	6.59	6.64	100100
551	2018-08-15	6.64	6.68	6.59	6.68	96200
552	2018-08-16	6.68	6.68	6.68	6.68	0
553	2018-08-17	6.68	6.68	6.68	6.68	0
554	2018-08-20	6.68	6.68	6.68	6.68	0
555	2018-08-21	6.68	6.68	6.68	6.68	0
556	2018-08-22	6.68	6.68	6.68	6.68	0
557	2018-08-23	6.68	6.68	6.68	6.68	0
558	2018-08-24	6.68	6.68	6.68	6.68	0
559	2018-08-27	6.68	6.68	6.68	6.68	0
560	2018-08-28	6.68	6.68	6.68	6.68	0
561	2018-08-29	6.68	6.68	6.68	6.68	0
562	2018-08-30	6.68	6.68	6.68	6.68	0
563	2018-08-31	6.08	6.08	6.08	6.08	100
564	2018-09-04	6.08	6.08	6.08	6.08	0
565	2018-09-05	5.49	5.49	5.49	5.49	3000
566	2018-09-06	5.53	5.53	5.53	5.53	400
567	2018-09-07	5.53	5.53	5.53	5.53	0
568	2018-09-10	5.53	5.53	5.53	5.53	0
569	2018-09-11	5.53	5.53	5.53	5.53	0
570	2018-09-12	5.53	5.53	5.53	5.53	0
571	2018-09-13	5.53	5.53	5.53	5.53	0
572	2018-09-14	5.53	5.53	5.53	5.53	0
573	2018-09-17	5.53	5.53	5.53	5.53	700
574	2018-09-18	6.04	6.04	6.04	6.04	3000
575	2018-09-19	6.04	6.04	6.04	6.04	0
576	2018-09-20	5.49	5.49	5.49	5.49	100
577	2018-09-21	5.49	5.49	5.49	5.49	0
578	2018-09-24	5.49	5.49	5.49	5.49	0
579	2018-09-25	5.49	5.49	5.49	5.49	0
580	2018-09-26	5.49	5.49	5.49	5.49	0
581	2018-09-27	5.49	5.49	5.49	5.49	0
582	2018-09-28	5.49	5.49	5.49	5.49	0
583	2018-10-01	5.49	5.49	5.49	5.49	0
584	2018-10-02	5.49	5.49	5.49	5.49	0
585	2018-10-03	5.49	5.49	5.49	5.49	0
586	2018-10-04	5.49	5.49	5.49	5.49	0
587	2018-10-05	5.49	5.49	5.49	5.49	0
588	2018-10-08	5.49	5.49	5.49	5.49	0
589	2018-10-09	5.49	5.49	5.49	5.49	0
590	2018-10-10	5.49	5.49	5.49	5.49	0
591	2018-10-11	5.49	5.49	5.49	5.49	0
592	2018-10-12	5.49	5.49	5.49	5.49	0
593	2018-10-15	5.49	5.49	5.49	5.49	0
594	2018-10-16	5.49	5.49	5.49	5.49	0
595	2018-10-17	5.02	6.0	5.02	6.0	200
596	2018-10-18	6.0	6.0	6.0	6.0	0
597	2018-10-19	6.0	6.0	6.0	6.0	0
598	2018-10-22	6.0	6.0	6.0	6.0	0
599	2018-10-23	6.0	6.0	6.0	6.0	0
600	2018-10-24	6.0	6.0	6.0	6.0	0
601	2018-10-25	6.0	6.0	6.0	6.0	0
602	2018-10-26	6.0	6.0	6.0	6.0	0
603	2018-10-29	6.0	6.0	6.0	6.0	0
604	2018-10-30	6.0	6.0	6.0	6.0	0
605	2018-10-31	6.0	6.0	6.0	6.0	0
606	2018-11-01	6.0	6.0	6.0	6.0	0
607	2018-11-02	6.0	6.0	6.0	6.0	0
608	2018-11-05	6.0	6.0	6.0	6.0	0
609	2018-11-06	6.0	6.0	6.0	6.0	0
610	2018-11-07	6.0	6.0	6.0	6.0	0
611	2018-11-08	6.0	6.0	6.0	6.0	0
612	2018-11-09	6.0	6.0	6.0	6.0	0
613	2018-11-12	6.0	6.0	6.0	6.0	0
614	2018-11-13	6.0	6.0	6.0	6.0	0
615	2018-11-14	6.0	6.0	6.0	6.0	0
616	2018-11-15	6.0	6.0	6.0	6.0	0
617	2018-11-16	6.59	6.59	6.59	6.59	100
618	2018-11-19	7.23	7.23	6.0	6.0	200
619	2018-11-20	6.0	6.0	6.0	6.0	0
620	2018-11-21	6.0	6.0	6.0	6.0	0
621	2018-11-22	6.0	6.0	6.0	6.0	0
622	2018-11-23	6.0	6.0	6.0	6.0	0
623	2018-11-26	6.0	6.0	6.0	6.0	0
624	2018-11-27	6.0	6.0	6.0	6.0	0
625	2018-11-28	6.0	6.0	6.0	6.0	0
626	2018-11-29	6.0	6.0	6.0	6.0	0
627	2018-11-30	6.0	6.0	6.0	6.0	0
628	2018-12-03	6.0	6.0	6.0	6.0	0
629	2018-12-04	6.0	6.0	6.0	6.0	0
630	2018-12-05	6.0	6.0	6.0	6.0	0
631	2018-12-06	6.0	6.0	6.0	6.0	0
632	2018-12-07	6.0	6.0	6.0	6.0	0
633	2018-12-10	6.0	6.0	6.0	6.0	0
634	2018-12-11	6.0	6.0	6.0	6.0	0
635	2018-12-12	6.0	6.0	6.0	6.0	0
636	2018-12-13	6.0	6.0	6.0	6.0	0
637	2018-12-14	6.0	6.0	6.0	6.0	0
638	2018-12-17	6.0	6.0	6.0	6.0	0
639	2018-12-18	6.0	6.0	6.0	6.0	0
640	2018-12-19	6.0	6.0	6.0	6.0	0
641	2018-12-20	6.0	6.0	6.0	6.0	0
642	2018-12-21	6.0	6.0	6.0	6.0	0
643	2018-12-24	6.0	6.0	6.0	6.0	0
644	2018-12-25	6.0	6.0	6.0	6.0	0
645	2018-12-26	6.0	6.0	6.0	6.0	0
646	2018-12-27	6.59	6.59	6.59	6.59	100
647	2018-12-28	7.23	7.23	7.23	7.23	100
648	2019-01-02	7.23	7.23	7.23	7.23	0
649	2019-01-03	7.91	7.91	7.91	7.91	100
650	2019-01-04	7.91	7.91	7.91	7.91	0
651	2019-01-07	7.91	7.91	7.91	7.91	0
652	2019-01-08	7.91	7.91	7.91	7.91	0
653	2019-01-09	7.91	7.91	7.91	7.91	0
654	2019-01-10	7.91	7.91	7.91	7.91	0
655	2019-01-11	7.91	7.91	7.91	7.91	0
656	2019-01-14	7.91	7.91	7.91	7.91	0
657	2019-01-15	7.91	7.91	7.91	7.91	0
658	2019-01-16	7.91	7.91	7.91	7.91	0
659	2019-01-17	7.91	7.91	7.91	7.91	0
660	2019-01-18	8.64	8.64	8.64	8.64	100
661	2019-01-21	8.64	8.64	8.64	8.64	0
662	2019-01-22	8.64	8.64	8.64	8.64	0
663	2019-01-23	8.64	8.64	8.64	8.64	0
664	2019-01-24	8.64	8.64	8.64	8.64	1100
665	2019-01-25	8.64	8.64	8.64	8.64	0
666	2019-01-28	8.64	8.64	8.64	8.64	0
667	2019-01-29	8.64	8.64	8.64	8.64	0
668	2019-01-30	8.64	8.64	8.64	8.64	1000
669	2019-01-31	8.64	8.64	8.64	8.64	0
670	2019-02-01	8.64	8.64	8.64	8.64	0
671	2019-02-11	7.83	8.64	7.83	8.64	200
672	2019-02-12	8.64	8.64	8.64	8.64	0
673	2019-02-13	8.64	8.64	8.64	8.64	0
674	2019-02-14	8.64	8.64	8.64	8.64	0
675	2019-02-15	8.64	8.64	8.64	8.64	0
676	2019-02-18	8.64	8.64	8.64	8.64	0
677	2019-02-19	8.64	8.64	8.64	8.64	0
678	2019-02-20	8.64	8.64	8.64	8.64	0
679	2019-02-21	8.64	8.64	8.64	8.64	0
680	2019-02-22	8.64	8.64	8.64	8.64	0
681	2019-02-25	7.87	7.87	7.87	7.87	100
682	2019-02-26	8.55	8.55	7.19	7.19	200
683	2019-02-27	7.11	7.45	7.11	7.45	2400
684	2019-02-28	8.0	8.0	6.94	6.94	200
685	2019-03-01	6.38	7.57	6.38	6.85	400
686	2019-03-04	6.21	7.49	6.21	6.89	400
687	2019-03-05	7.53	7.53	7.19	7.19	300
688	2019-03-06	7.66	7.66	7.66	7.66	100
689	2019-03-07	6.98	6.98	6.98	6.98	100
690	2019-03-08	6.98	6.98	6.98	6.98	0
691	2019-03-11	7.23	7.62	7.23	7.36	300
692	2019-03-12	7.66	7.66	7.49	7.49	25700
693	2019-03-13	7.66	7.66	7.66	7.66	10000
694	2019-03-14	7.66	7.66	7.66	7.66	10600
695	2019-03-15	8.32	8.32	7.66	7.66	9900
696	2019-03-18	7.97	8.41	7.7	7.7	11800
697	2019-03-19	7.97	8.46	7.79	7.79	10900
698	2019-03-20	8.54	8.54	8.01	8.01	1100
699	2019-03-21	8.06	8.06	8.06	8.06	19600
700	2019-03-22	7.66	7.66	7.66	7.66	100
701	2019-03-25	8.01	8.41	8.01	8.01	51700
702	2019-03-26	8.1	8.81	8.1	8.32	110400
703	2019-03-27	8.85	8.85	8.85	8.85	100
704	2019-03-28	8.46	9.52	8.46	8.85	35600
705	2019-03-29	8.85	8.85	8.85	8.85	0
706	2019-04-01	8.85	8.85	8.85	8.85	0
707	2019-04-02	8.85	8.85	8.85	8.85	0
708	2019-04-03	8.46	8.85	8.46	8.85	28600
709	2019-04-04	8.85	8.85	8.85	8.85	0
710	2019-04-05	8.06	8.06	8.06	8.06	100
711	2019-04-08	8.06	8.06	8.06	8.06	0
712	2019-04-09	8.06	8.06	8.06	8.06	0
713	2019-04-10	8.06	8.06	8.06	8.06	0
714	2019-04-11	8.85	8.85	8.85	8.85	200
715	2019-04-12	8.85	8.85	8.85	8.85	0
716	2019-04-16	8.85	8.85	8.85	8.85	0
717	2019-04-17	8.76	8.76	8.76	8.76	2000
718	2019-04-18	8.76	8.76	8.02	8.02	900
719	2019-04-19	8.02	8.02	8.02	8.02	0
720	2019-04-22	8.02	8.02	8.02	8.02	0
721	2019-04-23	8.02	8.02	8.02	8.02	0
722	2019-04-24	8.02	8.02	8.02	8.02	0
723	2019-04-25	8.02	8.02	8.02	8.02	0
724	2019-04-26	8.02	8.02	8.02	8.02	0
725	2019-05-02	8.02	8.02	8.02	8.02	0
726	2019-05-03	8.02	8.02	8.02	8.02	0
727	2019-05-06	8.02	8.02	8.02	8.02	0
728	2019-05-07	8.02	8.02	8.02	8.02	0
729	2019-05-08	8.02	8.02	8.02	8.02	0
730	2019-05-09	8.02	8.02	8.02	8.02	0
731	2019-05-10	8.02	8.02	8.02	8.02	0
732	2019-05-13	8.02	8.02	8.02	8.02	0
733	2019-05-14	8.02	8.02	8.02	8.02	0
734	2019-05-15	7.5	7.5	7.5	7.5	100
735	2019-05-16	7.5	7.5	7.5	7.5	0
736	2019-05-17	7.5	7.5	7.5	7.5	0
737	2019-05-20	7.5	7.5	7.5	7.5	0
738	2019-05-21	7.5	7.5	7.5	7.5	0
739	2019-05-22	7.5	7.5	7.5	7.5	0
740	2019-05-23	7.5	7.5	7.5	7.5	0
741	2019-05-24	7.5	7.5	7.5	7.5	0
742	2019-05-27	7.5	7.5	7.5	7.5	0
743	2019-05-28	7.08	7.08	7.08	7.08	100
744	2019-05-29	7.08	7.08	7.08	7.08	0
745	2019-05-30	7.08	7.08	7.08	7.08	0
746	2019-05-31	7.08	7.08	7.08	7.08	0
747	2019-06-03	6.71	6.71	6.71	6.71	100
748	2019-06-04	6.71	6.71	6.71	6.71	0
749	2019-06-05	6.71	6.71	6.71	6.71	0
750	2019-06-06	6.71	6.71	6.71	6.71	0
751	2019-06-07	6.71	6.71	6.71	6.71	0
752	2019-06-10	6.71	6.71	6.71	6.71	0
753	2019-06-11	6.71	6.71	6.71	6.71	0
754	2019-06-12	6.71	6.71	6.71	6.71	0
755	2019-06-13	6.71	6.71	6.71	6.71	0
756	2019-06-14	6.71	6.71	6.71	6.71	0
757	2019-06-17	6.71	6.71	6.71	6.71	0
758	2019-06-18	6.71	6.71	6.71	6.71	0
759	2019-06-19	6.71	6.71	6.71	6.71	0
760	2019-06-20	6.71	6.71	6.71	6.71	0
761	2019-06-21	6.71	6.71	6.71	6.71	0
762	2019-06-24	6.71	6.71	6.71	6.71	0
763	2019-06-25	6.71	6.71	6.71	6.71	0
764	2019-06-26	6.71	6.71	6.71	6.71	0
765	2019-06-27	6.71	6.71	6.71	6.71	0
766	2019-06-28	6.71	6.71	6.71	6.71	0
767	2019-07-01	6.71	6.71	6.71	6.71	0
768	2019-07-02	6.71	6.71	6.71	6.71	0
769	2019-07-03	6.71	6.71	6.71	6.71	0
770	2019-07-04	6.71	6.71	6.71	6.71	0
771	2019-07-05	6.71	6.71	6.71	6.71	0
772	2019-07-08	6.71	6.71	6.71	6.71	0
773	2019-07-09	6.71	6.71	6.71	6.71	0
774	2019-07-10	6.71	6.71	6.71	6.71	0
775	2019-07-11	6.71	6.71	6.71	6.71	0
776	2019-07-12	6.71	6.71	6.71	6.71	0
777	2019-07-15	6.71	6.71	6.71	6.71	0
778	2019-07-16	6.71	6.71	6.71	6.71	0
779	2019-07-17	6.71	6.71	6.71	6.71	0
780	2019-07-18	6.71	6.71	6.71	6.71	0
781	2019-07-19	6.71	6.71	6.71	6.71	0
782	2019-07-22	6.99	6.99	6.1	6.1	11200
783	2019-07-23	6.71	6.71	6.71	6.71	100
784	2019-07-24	6.15	6.15	6.15	6.15	100
785	2019-07-25	6.15	6.15	6.15	6.15	0
786	2019-07-26	6.15	6.15	6.15	6.15	0
787	2019-07-29	6.15	6.15	6.15	6.15	0
788	2019-07-30	6.15	6.15	6.15	6.15	0
789	2019-07-31	6.15	6.15	6.15	6.15	0
790	2019-08-01	6.15	6.15	6.15	6.15	0
791	2019-08-02	6.15	6.15	6.15	6.15	0
792	2019-08-05	6.76	6.76	6.76	6.76	100000
793	2019-08-06	6.15	7.41	6.15	7.41	200
794	2019-08-07	6.76	7.41	6.76	7.41	200
795	2019-08-08	7.41	7.41	7.41	7.41	0
796	2019-08-09	6.76	7.41	6.76	7.41	200
797	2019-08-12	7.41	7.41	7.41	7.41	0
798	2019-08-13	6.76	6.76	6.76	6.76	100
799	2019-08-14	6.15	7.13	6.15	7.13	200
800	2019-08-15	6.48	7.36	6.48	7.36	200
801	2019-08-16	6.71	7.36	6.71	7.36	10200
802	2019-08-19	6.71	7.36	6.71	7.36	200
803	2019-08-20	6.71	6.71	6.71	6.71	100
804	2019-08-21	6.15	7.08	6.15	7.08	200
805	2019-08-22	6.43	7.08	6.43	7.08	200
806	2019-08-23	6.76	6.76	6.76	6.76	11000
807	2019-08-26	6.15	6.8	6.15	6.8	200
808	2019-08-27	6.2	6.85	6.2	6.85	200
809	2019-08-28	6.85	6.85	6.85	6.85	0
810	2019-08-29	6.24	6.85	6.24	6.85	200
811	2019-08-30	6.24	6.85	6.24	6.85	200
812	2019-09-03	6.24	6.85	6.24	6.85	200
813	2019-09-04	6.24	6.85	6.24	6.85	200
814	2019-09-05	6.24	6.99	6.24	6.85	20300
815	2019-09-06	6.24	6.85	6.24	6.85	200
816	2019-09-09	6.99	6.99	6.24	6.9	20300
817	2019-09-10	6.29	6.94	6.29	6.9	300
818	2019-09-11	6.99	6.99	6.76	6.9	20200
819	2019-09-12	6.9	6.9	6.9	6.9	0
820	2019-09-13	6.76	6.9	6.76	6.9	200
821	2019-09-16	6.29	6.99	6.29	6.9	400
822	2019-09-17	6.29	6.9	6.29	6.9	200
823	2019-09-18	6.9	6.9	6.9	6.9	0
824	2019-09-19	6.29	6.9	6.29	6.9	200
825	2019-09-20	6.29	6.9	6.29	6.9	200
826	2019-09-23	6.29	6.9	6.29	6.9	200
827	2019-09-24	6.29	6.9	6.29	6.9	200
828	2019-09-25	6.29	7.04	6.29	7.04	200
829	2019-09-26	6.38	6.99	6.38	6.52	110300
830	2019-09-27	6.52	6.52	6.29	6.29	20300
831	2019-09-30	6.06	6.29	6.06	6.29	10100
832	2019-10-01	6.06	6.06	6.06	6.06	100
833	2019-10-02	6.06	6.06	6.06	6.06	0
834	2019-10-03	6.06	6.06	6.06	6.06	0
835	2019-10-04	6.06	6.06	6.06	6.06	0
836	2019-10-07	6.06	6.06	6.06	6.06	0
837	2019-10-08	6.06	6.06	6.06	6.06	0
838	2019-10-09	6.06	6.06	6.06	6.06	0
839	2019-10-10	6.06	6.06	6.06	6.06	0
840	2019-10-11	6.06	6.06	6.06	6.06	0
841	2019-10-14	6.34	6.34	6.06	6.06	7400
842	2019-10-15	6.06	6.06	6.06	6.06	0
843	2019-10-16	6.06	6.06	6.06	6.06	0
844	2019-10-17	6.06	6.06	6.06	6.06	0
845	2019-10-18	6.06	6.06	6.06	6.06	0
846	2019-10-21	6.06	6.06	6.06	6.06	0
847	2019-10-22	6.06	6.06	6.06	6.06	0
848	2019-10-23	6.52	6.52	6.52	6.52	100
849	2019-10-24	6.06	6.99	6.06	6.99	200
850	2019-10-25	6.99	7.64	6.99	7.64	1100
851	2019-10-28	6.94	6.94	6.94	6.94	100
852	2019-10-29	6.94	6.94	6.94	6.94	0
853	2019-10-30	6.34	6.34	6.34	6.34	100
854	2019-10-31	6.06	6.06	6.06	6.06	100
855	2019-11-01	6.66	6.66	6.1	6.62	400
856	2019-11-04	6.06	6.06	6.06	6.06	100
857	2019-11-05	6.06	6.06	6.06	6.06	0
858	2019-11-06	6.06	6.06	6.06	6.06	0
859	2019-11-07	6.06	6.06	6.06	6.06	0
860	2019-11-08	6.06	6.06	6.06	6.06	0
861	2019-11-11	6.06	6.06	6.06	6.06	0
862	2019-11-12	6.06	6.06	6.06	6.06	0
863	2019-11-13	6.06	6.06	6.06	6.06	0
864	2019-11-14	5.73	6.57	5.73	6.57	200
865	2019-11-15	6.57	6.57	6.57	6.57	0
866	2019-11-18	6.57	6.57	6.57	6.57	0
867	2019-11-19	6.57	6.57	6.57	6.57	0
868	2019-11-20	6.57	6.57	6.57	6.57	0
869	2019-11-21	5.96	5.96	5.96	5.96	100
870	2019-11-22	6.52	6.52	6.52	6.52	100
871	2019-11-25	5.92	5.92	5.92	5.92	100
872	2019-11-26	5.92	5.92	5.92	5.92	0
873	2019-11-27	5.92	5.92	5.92	5.92	0
874	2019-11-28	5.92	5.92	5.92	5.92	0
875	2019-11-29	6.48	6.48	6.48	6.48	100
876	2019-12-02	6.48	6.48	6.48	6.48	0
877	2019-12-03	6.48	6.48	6.48	6.48	0
878	2019-12-04	6.48	6.48	6.48	6.48	0
879	2019-12-05	6.48	6.48	6.48	6.48	0
880	2019-12-06	6.48	6.48	6.48	6.48	0
881	2019-12-09	6.48	6.48	6.48	6.48	0
882	2019-12-10	6.52	6.52	6.1	6.1	5100
883	2019-12-11	5.55	6.29	5.55	6.29	10100
884	2019-12-12	6.29	6.29	6.29	6.29	0
885	2019-12-13	5.73	6.48	5.73	6.48	200
886	2019-12-16	5.96	6.29	5.96	6.29	10100
887	2019-12-17	5.92	5.92	5.92	5.92	200
888	2019-12-18	6.29	6.29	6.29	6.29	10000
889	2019-12-19	6.79	6.79	6.79	6.79	100
890	2019-12-20	6.24	6.24	6.24	6.24	100
891	2019-12-23	6.24	6.24	6.24	6.24	0
892	2019-12-24	6.24	6.24	6.24	6.24	0
893	2019-12-25	6.24	6.24	6.24	6.24	0
894	2019-12-26	6.74	6.74	6.74	6.74	100
895	2019-12-27	6.14	7.28	6.14	7.28	300
896	2019-12-30	6.64	7.28	6.64	7.28	200
897	2019-12-31	6.64	7.88	6.59	7.83	2900
898	2020-01-02	7.13	7.13	7.13	7.13	100
899	2020-01-03	6.49	6.49	6.49	6.49	100
900	2020-01-06	6.49	6.49	6.49	6.49	0
901	2020-01-07	6.49	6.49	6.49	6.49	0
902	2020-01-08	6.29	6.29	6.29	6.29	100
903	2020-01-09	6.29	6.29	6.29	6.29	0
904	2020-01-10	6.29	6.29	6.29	6.29	0
905	2020-01-13	6.29	6.29	6.29	6.29	0
906	2020-01-14	6.29	6.29	6.29	6.29	0
907	2020-01-15	6.29	6.29	6.29	6.29	0
908	2020-01-16	6.29	6.29	6.29	6.29	0
909	2020-01-17	6.29	6.29	6.29	6.29	0
910	2020-01-20	6.29	6.29	6.29	6.29	0
911	2020-01-21	6.44	6.89	6.44	6.89	20100
912	2020-01-22	6.29	6.29	6.29	6.29	5000
913	2020-01-30	5.75	5.75	5.75	5.75	100
914	2020-01-31	5.75	5.75	5.75	5.75	0
915	2020-02-03	5.75	5.75	5.75	5.75	0
916	2020-02-04	5.75	5.75	5.75	5.75	0
917	2020-02-05	5.75	5.75	5.75	5.75	0
918	2020-02-06	5.75	5.75	5.75	5.75	0
919	2020-02-07	5.75	5.75	5.75	5.75	0
920	2020-02-10	5.75	5.75	5.75	5.75	0
921	2020-02-11	5.75	5.75	5.75	5.75	0
922	2020-02-12	5.75	5.75	5.75	5.75	0
923	2020-02-13	5.75	5.75	5.75	5.75	0
924	2020-02-14	5.75	5.75	5.75	5.75	0
925	2020-02-17	6.29	6.29	6.29	6.29	100
926	2020-02-18	6.29	6.29	6.29	6.29	0
927	2020-02-19	6.29	6.29	6.29	6.29	0
928	2020-02-20	6.29	6.29	6.29	6.29	0
929	2020-02-21	6.29	6.29	6.29	6.29	0
930	2020-02-24	6.89	6.89	6.89	6.89	100
931	2020-02-25	6.89	6.89	6.89	6.89	0
932	2020-02-26	6.89	6.89	6.89	6.89	0
933	2020-02-27	6.49	6.49	6.49	6.49	2400
934	2020-02-28	6.49	6.49	6.49	6.49	0
935	2020-03-02	6.49	6.49	6.49	6.49	0
936	2020-03-03	6.98	6.98	6.98	6.98	600
937	2020-03-04	6.98	6.98	6.98	6.98	0
938	2020-03-05	6.98	6.98	6.98	6.98	0
939	2020-03-06	6.98	6.98	6.98	6.98	0
940	2020-03-09	6.98	6.98	6.98	6.98	0
941	2020-03-10	7.53	7.53	7.53	7.53	100
942	2020-03-11	7.53	7.53	7.53	7.53	0
943	2020-03-12	7.83	7.83	7.83	7.83	100
944	2020-03-13	8.27	8.27	8.27	8.27	100
945	2020-03-16	8.27	8.27	8.27	8.27	0
946	2020-03-17	8.77	8.77	8.77	8.77	100
947	2020-03-18	9.56	9.56	9.56	9.56	100
948	2020-03-19	9.56	9.56	9.56	9.56	0
949	2020-03-20	9.56	9.56	9.56	9.56	0
950	2020-03-23	9.56	9.56	9.56	9.56	0
951	2020-03-24	8.62	8.62	8.62	8.62	100
952	2020-03-25	9.26	9.26	9.26	9.26	100
953	2020-03-26	9.26	9.26	9.26	9.26	0
954	2020-03-27	9.26	9.26	9.26	9.26	0
955	2020-03-30	9.26	9.26	9.26	9.26	0
956	2020-03-31	9.26	9.26	9.26	9.26	0
957	2020-04-01	8.37	8.37	8.37	8.37	100
958	2020-04-03	8.57	8.57	8.57	8.57	100
959	2020-04-06	8.57	8.57	8.57	8.57	0
960	2020-04-07	8.57	8.57	8.57	8.57	0
961	2020-04-08	8.57	8.57	8.57	8.57	0
962	2020-04-09	8.57	8.57	8.57	8.57	0
963	2020-04-10	8.57	8.57	8.57	8.57	0
964	2020-04-13	8.57	8.57	8.57	8.57	0
965	2020-04-14	8.57	8.57	8.57	8.57	0
966	2020-04-15	8.57	8.57	8.57	8.57	0
967	2020-04-16	7.73	8.37	7.73	7.73	2800
968	2020-04-17	8.37	8.37	8.17	8.37	1200
969	2020-04-20	7.58	9.16	7.58	9.16	900
970	2020-04-21	10.01	10.01	10.01	10.01	100
971	2020-04-22	10.01	10.01	10.01	10.01	0
972	2020-04-23	10.01	10.01	10.01	10.01	0
973	2020-04-24	10.01	10.01	10.01	10.01	0
974	2020-04-27	9.02	9.02	9.02	9.02	500
975	2020-04-28	8.12	8.12	8.12	8.12	1200
976	2020-04-29	8.37	8.37	7.48	7.93	700
977	2020-05-04	8.52	8.52	8.17	8.52	1200
978	2020-05-05	9.31	9.31	8.52	9.21	300
979	2020-05-06	9.96	9.96	8.32	9.86	3400
980	2020-05-07	8.92	8.92	8.92	8.92	200
981	2020-05-08	9.76	9.76	8.92	8.92	200
982	2020-05-11	8.22	9.46	8.03	9.36	3600
983	2020-05-12	8.47	8.97	8.47	8.97	8200
984	2020-05-13	8.52	8.82	8.27	8.27	4200
985	2020-05-14	7.88	8.22	7.88	8.22	900
986	2020-05-15	8.82	8.82	8.82	8.82	100
987	2020-05-18	8.82	8.82	8.82	8.82	0
988	2020-05-19	8.62	8.62	8.62	8.62	1500
989	2020-05-20	8.27	8.32	8.27	8.32	1000
990	2020-05-21	9.02	9.02	9.02	9.02	500
991	2020-05-22	9.86	9.86	9.02	9.02	1100
992	2020-05-25	9.02	9.02	9.02	9.02	0
993	2020-05-26	9.11	9.11	8.27	8.47	1400
994	2020-05-27	8.87	8.87	8.52	8.52	1100
995	2020-05-28	8.62	8.82	8.52	8.82	3200
996	2020-05-29	8.52	8.52	8.47	8.47	200
997	2020-06-01	8.67	8.67	8.67	8.67	100
998	2020-06-02	8.42	8.57	8.42	8.57	1200
999	2020-06-03	8.62	8.62	8.42	8.57	800
1000	2020-06-04	8.42	8.42	8.37	8.37	400
1001	2020-06-05	8.42	8.42	8.22	8.42	5000
1002	2020-06-08	8.57	8.67	8.42	8.57	7000
1003	2020-06-09	8.57	8.72	8.47	8.62	2600
1004	2020-06-10	8.52	8.72	8.52	8.72	1100
1005	2020-06-11	8.52	8.62	8.42	8.57	5400
1006	2020-06-12	8.47	8.57	8.47	8.57	1100
1007	2020-06-15	8.67	8.67	8.62	8.62	300
1008	2020-06-16	8.62	9.16	8.62	9.16	6200
1009	2020-06-17	8.62	8.87	8.62	8.87	300
1010	2020-06-18	8.87	8.87	8.67	8.87	2400
1011	2020-06-19	8.87	9.07	8.87	9.07	3300
1012	2020-06-22	8.92	9.31	8.92	9.26	1700
1013	2020-06-23	9.16	9.91	9.16	9.91	2500
1014	2020-06-24	9.71	9.76	9.07	9.07	2100
1015	2020-06-25	9.26	9.26	9.07	9.07	2100
1016	2020-06-26	9.16	9.16	9.07	9.07	4800
1017	2020-06-29	8.92	8.92	8.92	8.92	300
1018	2020-06-30	9.07	9.07	8.57	8.57	3400
1019	2020-07-01	8.97	8.97	8.67	8.77	1100
1020	2020-07-02	8.82	8.82	8.82	8.82	600
1021	2020-07-03	8.92	8.92	8.92	8.92	600
1022	2020-07-06	8.67	8.87	8.67	8.87	1400
1023	2020-07-07	8.87	8.87	8.87	8.87	0
1024	2020-07-08	8.67	8.67	8.67	8.67	1200
1025	2020-07-09	8.82	8.92	8.82	8.92	1500
1026	2020-07-10	9.02	9.02	9.02	9.02	200
1027	2020-07-13	9.02	9.31	9.02	9.16	12800
1028	2020-07-14	9.31	9.66	9.21	9.66	14300
1029	2020-07-15	10.35	10.35	9.91	9.91	1700
1030	2020-07-16	10.06	10.06	10.06	10.06	200
1031	2020-07-17	9.86	9.86	9.71	9.71	2200
1032	2020-07-20	9.41	9.41	9.41	9.41	1000
1033	2020-07-21	9.66	9.66	9.41	9.51	3200
1034	2020-07-22	9.26	9.36	9.21	9.36	1500
1035	2020-07-23	9.36	9.36	9.16	9.31	3900
1036	2020-07-24	9.51	9.51	9.16	9.21	1500
1037	2020-07-27	8.77	8.87	8.47	8.57	3700
1038	2020-07-28	8.57	8.97	8.22	8.62	1600
1039	2020-07-29	9.07	9.07	8.87	8.87	600
1040	2020-07-30	8.56	9.0	8.56	9.0	1300
1041	2020-07-31	8.49	8.75	8.49	8.75	1400
1042	2020-08-03	8.62	8.81	8.56	8.62	3100
1043	2020-08-04	8.62	8.62	8.56	8.62	1100
1044	2020-08-05	8.62	8.62	8.62	8.62	200
1045	2020-08-06	8.81	8.87	8.75	8.75	500
1046	2020-08-07	8.49	8.87	8.49	8.87	7100
1047	2020-08-10	8.94	8.94	8.94	8.94	500
1048	2020-08-11	8.81	9.13	8.81	9.13	5700
1049	2020-08-12	9.51	9.51	9.0	9.0	400
1050	2020-08-13	9.13	9.51	9.13	9.51	2100
1051	2020-08-14	9.32	9.39	9.32	9.39	1000
1052	2020-08-17	9.39	9.51	9.39	9.51	1200
1053	2020-08-18	9.58	9.9	9.58	9.9	1500
1054	2020-08-19	9.9	9.9	9.64	9.64	700
1055	2020-08-20	9.9	9.9	9.64	9.64	600
1056	2020-08-21	9.64	10.09	9.64	10.09	800
1057	2020-08-24	9.96	9.96	9.64	9.64	4800
1058	2020-08-25	9.64	9.64	9.64	9.64	1500
1059	2020-08-26	9.58	9.58	9.58	9.58	2900
1060	2020-08-27	9.58	9.64	9.58	9.64	2000
1061	2020-08-28	9.64	9.64	9.64	9.64	0
1062	2020-08-31	9.58	9.77	9.58	9.77	1500
1063	2020-09-01	9.77	9.77	9.45	9.58	1600
1064	2020-09-03	9.58	9.83	9.58	9.58	2200
1065	2020-09-04	9.77	9.77	9.77	9.77	5000
1066	2020-09-07	9.77	9.77	9.77	9.77	0
1067	2020-09-08	9.77	9.77	9.77	9.77	0
1068	2020-09-09	9.77	9.77	9.77	9.77	100
1069	2020-09-10	9.83	10.53	9.83	10.53	3200
1070	2020-09-11	10.53	10.73	10.53	10.53	11300
1071	2020-09-14	10.66	10.66	10.22	10.53	25000
1072	2020-09-15	10.73	10.73	10.73	10.73	100
1073	2020-09-16	10.73	10.73	10.73	10.73	200
1074	2020-09-17	10.73	10.73	10.73	10.73	100
1075	2020-09-18	10.73	10.73	10.73	10.73	10300
1076	2020-09-21	10.53	10.53	10.53	10.53	1600
1077	2020-09-22	10.41	10.79	10.41	10.79	1500
1078	2020-09-23	10.79	10.79	10.79	10.79	0
1079	2020-09-24	10.79	10.79	10.79	10.79	100
1080	2020-09-25	10.79	10.79	10.53	10.79	1700
1081	2020-09-28	10.47	10.47	10.41	10.41	1000
1082	2020-09-29	10.41	10.41	10.41	10.41	0
1083	2020-09-30	10.47	10.47	10.47	10.47	200
1084	2020-10-01	10.47	10.47	10.47	10.47	0
1085	2020-10-02	10.22	10.22	10.22	10.22	100
1086	2020-10-05	10.28	10.53	10.28	10.53	8800
1087	2020-10-06	10.53	10.73	10.53	10.66	8500
1088	2020-10-07	10.66	10.73	10.66	10.73	11100
1089	2020-10-08	10.41	10.53	10.41	10.41	2400
1090	2020-10-09	10.41	10.66	10.41	10.66	9700
1091	2020-10-12	10.53	10.53	10.47	10.47	1200
1092	2020-10-13	10.34	10.34	10.34	10.34	100
1093	2020-10-14	10.34	10.34	10.22	10.22	7800
1094	2020-10-15	10.22	10.22	10.22	10.22	0
1095	2020-10-16	10.53	10.53	10.53	10.53	1000
1096	2020-10-19	10.53	10.53	10.53	10.53	0
1097	2020-10-20	10.73	10.98	10.6	10.98	9300
1098	2020-10-21	10.98	10.98	10.98	10.98	1300
1099	2020-10-22	10.92	10.92	10.92	10.92	100
1100	2020-10-23	10.92	10.92	10.85	10.92	4000
1101	2020-10-26	10.92	10.92	10.92	10.92	5100
1102	2020-10-27	10.98	10.98	10.85	10.85	1100
1103	2020-10-28	10.92	10.92	10.73	10.73	3500
1104	2020-10-29	11.17	11.17	10.28	10.34	7300
1105	2020-10-30	11.05	11.05	10.6	10.79	1200
1106	2020-11-02	10.47	10.47	10.47	10.47	800
1107	2020-11-03	10.85	10.85	10.85	10.85	500
1108	2020-11-04	10.98	10.98	10.85	10.98	3300
1109	2020-11-05	10.98	10.98	10.98	10.98	5100
1110	2020-11-06	10.98	10.98	10.98	10.98	0
1111	2020-11-09	10.98	11.05	10.98	11.05	2500
1112	2020-11-10	11.17	11.17	11.11	11.11	1400
1113	2020-11-11	11.11	11.11	11.11	11.11	0
1114	2020-11-12	11.11	11.3	11.11	11.3	200
1115	2020-11-13	11.3	11.3	11.3	11.3	0
1116	2020-11-16	11.3	11.49	11.3	11.49	4700
1117	2020-11-17	11.49	11.75	11.49	11.68	2300
1118	2020-11-18	11.81	11.81	11.81	11.81	100
1119	2020-11-19	11.75	11.75	11.68	11.68	1000
1120	2020-11-20	11.75	11.75	11.75	11.75	700
1121	2020-11-23	11.75	12.07	11.75	12.07	4500
1122	2020-11-24	12.32	12.32	12.13	12.32	16200
1123	2020-11-25	12.58	12.58	12.32	12.32	5100
1124	2020-11-26	12.32	12.45	12.32	12.45	300
1125	2020-11-27	12.51	12.64	12.51	12.64	5400
1126	2020-11-30	12.9	12.9	12.9	12.9	1000
1127	2020-12-01	12.9	12.9	12.9	12.9	0
1128	2020-12-02	12.9	12.9	12.9	12.9	1000
1129	2020-12-03	12.9	12.9	12.9	12.9	4100
1130	2020-12-04	12.9	12.9	12.9	12.9	1000
1131	2020-12-07	12.96	12.96	12.77	12.77	5500
1132	2020-12-08	12.77	12.96	12.77	12.96	1200
1133	2020-12-09	12.96	12.96	12.96	12.96	2000
1134	2020-12-10	13.09	13.28	13.09	13.28	5100
1135	2020-12-11	13.47	13.47	12.96	12.96	19100
1136	2020-12-14	13.02	13.02	12.96	13.02	1400
1137	2020-12-15	13.41	13.41	13.34	13.41	1500
1138	2020-12-16	13.73	13.79	13.73	13.79	4300
1139	2020-12-17	14.26	14.26	13.99	13.99	600
1140	2020-12-18	14.26	14.26	13.86	14.06	900
1141	2020-12-21	14.06	14.66	14.06	14.13	7000
1142	2020-12-22	14.26	14.26	14.26	14.26	3400
1143	2020-12-23	14.33	14.33	14.26	14.26	2220
1144	2020-12-24	14.26	14.26	14.13	14.26	500
1145	2020-12-25	14.13	14.13	13.92	14.13	2100
1146	2020-12-28	14.13	14.26	14.06	14.26	6700
1147	2020-12-29	14.19	14.19	14.13	14.13	2500
1148	2020-12-30	14.06	14.06	14.06	14.06	539
1149	2020-12-31	14.06	14.06	13.99	14.06	4000
1150	2021-01-04	14.39	14.39	13.92	13.92	8100
1151	2021-01-05	14.06	14.06	13.72	13.72	5800
1152	2021-01-06	13.72	14.06	13.72	14.06	7700
1153	2021-01-07	13.99	14.93	13.99	13.99	4500
1154	2021-01-08	14.06	14.06	13.79	13.99	1300
1155	2021-01-11	14.06	14.06	13.79	13.99	3220
1156	2021-01-12	13.99	13.99	13.86	13.92	1400
1157	2021-01-13	14.93	14.93	13.39	13.86	13900
1158	2021-01-14	14.26	14.26	13.86	14.06	5700
1159	2021-01-15	14.39	14.39	13.92	14.06	11500
1160	2021-01-18	13.99	13.99	13.86	13.92	500
1161	2021-01-19	13.86	13.99	13.72	13.92	2200
1162	2021-01-20	13.72	13.92	13.72	13.92	2300
1163	2021-01-21	13.59	14.33	13.32	13.32	22200
1164	2021-01-22	13.86	13.86	13.32	13.32	5600
1165	2021-01-25	13.72	13.79	13.32	13.32	10120
1166	2021-01-26	13.46	13.66	13.32	13.39	12500
1167	2021-01-27	13.59	13.59	12.79	12.79	10500
1168	2021-01-28	12.79	13.26	12.38	13.19	6100
1169	2021-01-29	12.38	12.38	12.38	12.38	2000
1170	2021-02-01	12.45	12.45	12.12	12.12	1700
1171	2021-02-02	12.12	12.18	11.72	11.78	6300
1172	2021-02-03	12.45	12.92	12.45	12.92	16700
1173	2021-02-04	13.12	13.12	13.05	13.05	1100
1174	2021-02-05	13.12	13.12	12.65	12.65	1600
1175	2021-02-08	12.92	12.92	12.72	12.85	3600
1176	2021-02-09	12.85	12.85	12.85	12.85	0
1177	2021-02-17	12.59	12.85	12.38	12.79	2200
1178	2021-02-18	12.52	12.85	12.52	12.79	4400
1179	2021-02-19	12.85	12.85	12.85	12.85	1100
1180	2021-02-22	12.85	12.85	12.52	12.52	9200
1181	2021-02-23	12.52	12.52	12.52	12.52	5680
1182	2021-02-24	12.52	12.79	12.45	12.79	2100
1183	2021-02-25	12.65	12.65	12.59	12.59	4000
1184	2021-02-26	12.45	12.59	12.18	12.59	5800
1185	2021-03-01	12.59	12.79	12.52	12.65	11400
1186	2021-03-02	12.65	12.85	12.65	12.65	3241
1187	2021-03-03	12.65	12.72	12.65	12.72	3800
1188	2021-03-04	12.72	12.72	12.65	12.72	8559
1189	2021-03-05	12.65	12.79	12.59	12.79	4300
1190	2021-03-08	13.79	13.79	12.79	13.05	5900
1191	2021-03-09	13.05	13.59	12.99	13.46	15201
1192	2021-03-10	13.39	13.66	13.39	13.46	26200
1193	2021-03-11	13.46	13.52	13.46	13.52	12500
1194	2021-03-12	13.66	13.86	13.52	13.86	53800
1195	2021-03-15	13.86	14.59	13.86	14.59	25500
1196	2021-03-16	14.26	14.39	14.06	14.06	18280
1197	2021-03-17	14.06	14.19	13.99	14.06	8301
1198	2021-03-18	14.06	14.06	13.92	14.06	13800
1199	2021-03-19	13.72	13.99	13.72	13.92	20900
1200	2021-03-22	13.92	14.19	13.92	14.13	14500
1201	2021-03-23	14.13	14.33	13.99	14.19	19100
1202	2021-03-24	14.06	14.13	13.99	14.06	21500
1203	2021-03-25	14.06	14.19	13.99	14.06	18200
1204	2021-03-26	14.13	14.19	13.92	14.19	7300
1205	2021-03-29	14.19	14.33	14.06	14.19	18911
1206	2021-03-30	14.33	14.66	14.13	14.66	2400
1207	2021-03-31	14.39	14.66	14.39	14.53	6700
1208	2021-04-01	14.46	14.46	14.26	14.39	8100
1209	2021-04-02	14.39	14.46	14.19	14.33	7700
1210	2021-04-05	14.33	14.33	14.26	14.26	7000
1211	2021-04-06	14.33	14.53	14.26	14.46	13733
1212	2021-04-07	14.33	14.73	14.33	14.73	15060
1213	2021-04-08	14.73	14.73	14.39	14.73	9300
1214	2021-04-09	14.73	15.33	14.66	15.33	9237
1215	2021-04-12	15.0	15.33	14.86	15.26	46031
1216	2021-04-13	15.0	15.53	15.0	15.53	46031
1217	2021-04-14	15.06	15.8	15.06	15.46	8400
1218	2021-04-15	15.53	15.87	15.13	15.46	3900
1219	2021-04-16	15.46	15.46	14.79	15.4	10500
1220	2021-04-19	14.79	14.79	14.79	14.79	200
1221	2021-04-20	15.33	15.46	14.93	15.46	5533
1222	2021-04-22	15.2	15.2	14.73	15.2	3800
1223	2021-04-23	14.79	14.79	14.79	14.79	100
1224	2021-04-26	14.79	15.33	14.79	15.33	8300
1225	2021-04-27	15.26	15.26	15.26	15.26	200
1226	2021-04-28	14.26	15.2	14.26	15.2	2700
1227	2021-04-29	14.53	15.06	14.53	15.06	500
1228	2021-05-04	15.06	15.26	14.46	15.26	5700
1229	2021-05-05	14.53	15.4	14.53	15.26	5200
1230	2021-05-06	15.26	15.26	14.86	15.26	3439
1231	2021-05-07	15.4	15.4	14.93	15.13	17400
1232	2021-05-10	15.13	15.13	14.86	14.86	13200
1233	2021-05-11	14.86	14.93	14.86	14.93	8000
1234	2021-05-12	14.86	15.2	14.86	15.2	10800
1235	2021-05-13	15.13	15.26	15.06	15.26	12600
1236	2021-05-14	15.26	15.26	15.13	15.2	9300
1237	2021-05-17	14.46	15.4	14.46	15.13	4400
1238	2021-05-18	15.13	15.4	15.13	15.4	11226
1239	2021-05-19	15.47	15.47	15.11	15.18	2300
1240	2021-05-20	15.47	15.47	14.97	15.18	2600
1241	2021-05-21	15.18	15.33	13.68	15.33	6533
1242	2021-05-24	15.33	15.33	14.39	15.33	3800
1243	2021-05-25	14.39	14.97	14.39	14.97	3000
1244	2021-05-26	14.47	15.04	14.47	15.04	12300
1245	2021-05-27	15.18	15.18	14.75	15.04	3900
1246	2021-05-28	14.75	15.04	14.75	15.04	3333
1247	2021-05-31	13.96	15.18	13.96	15.04	13600
1248	2021-06-01	14.75	15.11	14.75	15.04	7600
1249	2021-06-02	14.68	15.04	14.54	14.97	10900
1250	2021-06-03	14.97	14.97	14.54	14.9	3340
1251	2021-06-04	14.97	14.97	14.54	14.9	2300
1252	2021-06-07	14.68	14.9	14.68	14.68	4800
1253	2021-06-08	14.68	14.9	14.61	14.82	6600
1254	2021-06-09	14.68	14.82	14.68	14.82	4700
1255	2021-06-10	14.9	15.04	14.75	14.75	4100
1256	2021-06-11	14.97	14.97	14.68	14.75	2900
1257	2021-06-14	14.75	14.9	14.75	14.9	5100
1258	2021-06-15	14.82	14.9	14.82	14.9	1100
1259	2021-06-16	14.82	14.82	14.82	14.82	100
1260	2021-06-17	14.82	15.04	14.75	15.04	1800
1261	2021-06-18	14.97	15.68	14.82	15.61	12600
1262	2021-06-21	15.61	15.76	14.75	15.04	12100
1263	2021-06-22	14.75	15.76	14.75	15.11	2400
1264	2021-06-23	14.82	15.4	14.68	15.4	8835
1265	2021-06-24	14.82	14.82	14.82	14.82	100
1266	2021-06-25	15.33	15.33	15.33	15.33	100
1267	2021-06-28	15.33	15.33	14.97	15.04	40900
1268	2021-06-29	15.54	15.54	15.54	15.54	500
1269	2021-06-30	15.4	15.4	15.4	15.4	215
1270	2021-07-01	15.04	15.04	14.9	15.04	1400
1271	2021-07-02	15.11	15.18	14.82	15.18	1400
1272	2021-07-05	14.82	15.11	14.82	15.11	9115
1273	2021-07-06	15.33	15.33	15.04	15.04	920
1274	2021-07-07	14.9	14.97	14.9	14.97	700
1275	2021-07-08	14.97	14.97	14.97	14.97	300
1276	2021-07-09	14.75	14.97	14.75	14.97	300
1277	2021-07-12	14.9	14.9	14.75	14.75	1200
1278	2021-07-13	14.97	14.97	14.97	14.97	600
1279	2021-07-14	14.97	14.97	14.97	14.97	600
1280	2021-07-15	14.68	14.97	14.68	14.97	6000
1281	2021-07-16	14.97	14.97	14.97	14.97	0
1282	2021-07-19	14.82	14.97	14.61	14.61	2200
1283	2021-07-20	14.61	14.97	14.61	14.97	2700
1284	2021-07-21	14.68	14.9	14.68	14.9	2235
1285	2021-07-22	15.18	15.18	15.18	15.18	1000
1286	2021-07-23	15.11	15.11	15.11	15.11	300
1287	2021-07-26	14.68	15.04	14.68	14.75	5100
1288	2021-07-27	14.39	14.68	14.39	14.68	5200
1289	2021-07-28	14.68	14.68	14.68	14.68	1125
1290	2021-07-29	14.68	14.68	14.68	14.68	0
1291	2021-07-30	14.54	14.54	14.47	14.47	2400
1292	2021-08-02	14.61	14.9	14.61	14.9	200
1293	2021-08-03	14.9	14.9	14.9	14.9	0
1294	2021-08-04	14.82	14.9	14.82	14.82	500
1295	2021-08-05	14.9	14.9	14.82	14.82	1100
1296	2021-08-06	15.04	15.04	14.97	14.97	2100
1297	2021-08-09	14.75	15.04	14.75	14.97	5100
1298	2021-08-10	15.04	15.4	15.04	15.4	18100
1299	2021-08-11	15.4	15.76	15.4	15.47	5400
1300	2021-08-12	15.76	16.11	15.68	15.68	9715
1301	2021-08-13	15.68	15.76	15.4	15.4	12000
1302	2021-08-16	15.47	15.76	15.4	15.4	4410
1303	2021-08-17	15.76	15.83	15.61	15.83	15924
1304	2021-08-18	16.11	16.11	15.76	15.83	11300
1305	2021-08-19	15.83	16.11	15.83	16.11	15500
1306	2021-08-20	16.11	16.47	15.9	16.04	14900
1307	2021-08-23	15.97	15.97	15.97	15.97	5800
1308	2021-08-24	16.04	16.4	15.97	15.97	8234
1309	2021-08-25	15.97	16.47	15.97	16.47	1900
1310	2021-08-26	16.47	16.47	16.47	16.47	0
1311	2021-08-27	16.11	16.11	16.11	16.11	500
1312	2021-08-30	16.11	16.61	16.11	16.61	4900
1313	2021-08-31	16.61	16.61	16.54	16.54	1900
1314	2021-09-01	16.54	16.83	16.54	16.69	15900
1315	2021-09-06	16.69	17.19	16.69	17.04	4600
1316	2021-09-07	17.12	17.12	16.76	16.83	9218
1317	2021-09-08	16.76	17.04	16.76	16.76	3600
1318	2021-09-09	17.12	17.12	16.9	16.9	400
1319	2021-09-10	16.9	16.97	16.9	16.97	1700
1320	2021-09-13	17.19	17.26	17.04	17.19	11134
1321	2021-09-14	17.47	17.55	17.47	17.55	6200
1322	2021-09-15	17.9	18.98	17.9	18.76	4700
1323	2021-09-16	18.76	19.34	18.69	18.76	4800
1324	2021-09-17	18.83	19.19	18.83	18.98	3000
1325	2021-09-20	19.05	19.84	18.98	18.98	19400
1326	2021-09-21	18.98	18.98	18.76	18.76	24000
1327	2021-09-22	18.76	18.76	18.62	18.76	9300
1328	2021-09-23	18.83	18.91	18.62	18.83	18600
1329	2021-09-24	18.83	18.83	18.19	18.83	7000
1330	2021-09-27	18.26	18.26	18.26	18.26	500
1331	2021-09-28	17.98	18.83	17.12	18.83	1120
1332	2021-09-29	17.4	18.98	17.4	18.83	7200
1333	2021-09-30	18.83	18.83	18.19	18.83	2900
1334	2021-10-01	18.91	18.91	18.33	18.91	5400
1335	2021-10-04	18.76	18.91	18.62	18.91	4400
1336	2021-10-05	18.69	18.98	18.62	18.98	1300
1337	2021-10-06	18.69	19.41	18.69	19.41	5600
1338	2021-10-07	18.98	19.91	18.98	19.91	18800
1339	2021-10-08	18.83	19.91	18.83	19.91	3500
1340	2021-10-11	20.05	20.05	19.55	19.77	13700
1341	2021-10-12	19.26	19.62	19.26	19.62	900
1342	2021-10-13	19.91	20.27	19.62	19.62	2200
1343	2021-10-14	19.62	20.62	19.34	19.34	18500
1344	2021-10-15	19.34	19.34	18.69	19.26	7900
1345	2021-10-18	18.83	19.26	18.83	19.26	5200
1346	2021-10-19	19.26	19.26	18.98	19.12	3500
1347	2021-10-20	18.98	19.26	18.98	19.26	200
1348	2021-10-21	20.77	20.77	18.91	19.34	16620
1349	2021-10-22	19.34	19.34	18.83	19.26	5900
1350	2021-10-25	19.26	19.26	19.19	19.19	5900
1351	2021-10-26	19.19	19.19	18.91	19.19	4900
1352	2021-10-27	19.05	19.34	18.91	19.19	27500
1353	2021-10-28	19.34	20.91	19.12	20.84	268000
1354	2021-10-29	21.2	22.2	20.77	20.84	42100
1355	2021-11-01	20.84	20.91	20.55	20.55	81800
1356	2021-11-02	20.2	20.62	19.91	20.41	59400
1357	2021-11-03	20.2	20.62	20.2	20.55	46800
1358	2021-11-04	20.55	20.55	20.05	20.41	103400
1359	2021-11-05	20.62	21.13	20.41	21.05	53320
1360	2021-11-08	21.63	23.13	21.48	23.13	95900
1361	2021-11-09	23.56	24.35	22.92	23.13	65750
1362	2021-11-10	23.27	23.27	22.06	23.2	22600
1363	2021-11-11	22.56	22.56	21.84	22.2	66100
1364	2021-11-12	22.06	22.56	22.06	22.2	68700
1365	2021-11-15	22.92	22.92	22.13	22.27	132300
1366	2021-11-16	22.42	22.7	22.06	22.2	50640
1367	2021-11-17	22.2	22.7	22.2	22.49	62300
1368	2021-11-18	22.49	22.49	22.06	22.06	68200
1369	2021-11-19	22.06	22.56	21.77	21.84	81700
1370	2021-11-22	21.91	22.2	20.77	20.98	113440
1371	2021-11-23	21.41	21.84	21.13	21.84	30100
1372	2021-11-24	21.63	21.91	21.34	21.41	41200
1373	2021-11-25	21.48	21.77	21.41	21.56	11700
1374	2021-11-26	21.84	21.84	21.34	21.48	60510
1375	2021-11-29	21.34	21.56	20.77	21.48	36500
1376	2021-11-30	21.34	21.78	21.26	21.56	13500
1377	2021-12-01	21.56	21.56	20.82	21.41	16400
1378	2021-12-02	21.48	21.48	20.89	21.11	7510
1379	2021-12-03	20.45	21.48	20.45	20.89	23300
1380	2021-12-06	20.37	20.74	20.0	20.0	14100
1381	2021-12-07	21.41	21.41	19.56	20.67	28800
1382	2021-12-08	21.11	21.11	20.08	20.67	4300
1383	2021-12-09	20.67	20.96	20.15	20.96	16111
1384	2021-12-10	20.08	21.11	20.08	20.67	4000
1385	2021-12-13	20.67	20.67	20.15	20.59	11600
1386	2021-12-14	20.82	20.82	20.0	20.15	10801
1387	2021-12-15	20.15	20.3	19.71	20.3	14360
1388	2021-12-16	20.0	20.37	19.85	20.37	10300
1389	2021-12-17	20.37	20.37	20.0	20.22	4600
1390	2021-12-20	20.52	20.52	19.63	20.22	2700
1391	2021-12-21	19.85	20.08	19.78	19.85	6319
1392	2021-12-22	19.85	20.15	19.63	20.0	13110
1393	2021-12-23	20.3	20.3	19.71	20.0	2800
1394	2021-12-24	20.0	22.0	19.26	20.96	21300
1395	2021-12-27	20.37	20.59	20.0	20.0	1900
1396	2021-12-28	20.59	20.67	19.63	20.22	6800
1397	2021-12-29	20.22	20.52	20.0	20.3	2900
1398	2021-12-30	20.3	20.3	20.08	20.22	2700
1399	2021-12-31	20.0	20.22	19.71	20.22	8600
1400	2022-01-04	20.0	20.45	20.0	20.15	8700
1401	2022-01-05	20.22	20.22	19.93	20.15	16014
1402	2022-01-06	20.08	20.08	19.85	19.93	3810
1403	2022-01-07	19.93	20.22	19.85	19.85	14810
1404	2022-01-10	19.78	19.85	19.71	19.85	8300
1405	2022-01-11	19.71	20.0	19.63	20.0	8000
1406	2022-01-12	20.0	20.15	19.63	19.93	13800
1407	2022-01-13	19.34	20.22	19.34	20.15	7300
1408	2022-01-14	20.22	20.22	19.63	20.15	6200
1409	2022-01-17	20.74	20.74	19.63	19.71	13300
1410	2022-01-18	19.78	20.08	19.56	19.63	12400
1411	2022-01-19	20.3	20.3	19.56	19.63	15200
1412	2022-01-20	19.63	20.3	19.63	20.22	9501
1413	2022-01-21	20.22	20.37	20.08	20.22	20000
1414	2022-01-24	20.3	20.67	20.0	20.3	27410
1415	2022-01-25	20.0	22.15	20.0	22.15	21100
1416	2022-01-26	20.37	21.11	20.0	20.67	22400
1417	2022-01-27	20.0	20.74	20.0	20.67	8200
1418	2022-01-28	20.3	20.74	20.3	20.74	3500
1419	2022-02-07	20.74	20.74	20.52	20.67	5792
1420	2022-02-08	20.74	20.74	20.59	20.74	813
1421	2022-02-09	20.74	20.82	20.67	20.82	9900
1422	2022-02-10	20.74	21.34	20.67	21.34	24223
1423	2022-02-11	20.89	21.56	20.89	21.56	11600
1424	2022-02-14	21.56	22.22	21.11	21.78	26200
1425	2022-02-15	21.85	22.22	21.63	22.22	24614
1426	2022-02-16	22.22	22.37	22.15	22.22	7600
1427	2022-02-17	22.0	22.0	21.93	21.93	5600
1428	2022-02-18	22.0	22.45	22.0	22.45	44900
1429	2022-02-21	22.59	22.67	22.15	22.59	35700
1430	2022-02-22	22.52	22.59	22.22	22.22	15300
1431	2022-02-23	22.0	22.52	21.93	22.15	2600
1432	2022-02-24	22.15	22.22	21.11	22.15	21300
1433	2022-02-25	22.15	22.3	22.15	22.22	12100
1434	2022-02-28	22.22	23.63	22.08	23.63	40800
1435	2022-03-01	23.63	23.63	22.59	22.89	14200
1436	2022-03-02	22.52	22.89	22.45	22.89	13700
1437	2022-03-03	23.04	23.11	22.22	22.89	6300
1438	2022-03-04	22.97	23.11	22.52	23.11	12900
1439	2022-03-07	23.11	23.11	22.67	23.11	23300
1440	2022-03-08	23.04	23.11	22.89	22.97	15100
1441	2022-03-09	23.11	23.41	22.97	23.41	26500
1442	2022-03-10	23.34	23.63	23.26	23.63	11100
1443	2022-03-11	23.48	24.82	23.48	24.45	30200
1444	2022-03-14	24.45	25.19	24.45	24.97	35400
1445	2022-03-15	25.11	26.3	24.97	26.15	39540
1446	2022-03-16	26.15	26.52	25.56	26.22	9800
1447	2022-03-17	26.22	26.22	25.63	25.63	20100
1448	2022-03-18	25.63	25.85	25.48	25.85	14400
1449	2022-03-21	25.85	28.22	25.85	27.85	33500
1450	2022-03-22	28.45	28.52	27.56	27.56	18900
1451	2022-03-23	27.56	27.85	27.41	27.85	8524
1452	2022-03-24	26.89	27.85	26.89	27.85	4000
1453	2022-03-25	27.85	29.63	27.85	28.89	43300
1454	2022-03-28	29.63	29.93	28.97	29.41	24400
1455	2022-03-29	29.63	29.71	29.48	29.63	21200
1456	2022-03-30	29.63	29.78	29.56	29.63	9100
1457	2022-03-31	29.63	29.63	29.26	29.56	12500
1458	2022-04-01	28.89	29.04	28.67	28.89	30800
1459	2022-04-04	28.89	28.89	27.85	28.3	23300
1460	2022-04-05	28.3	28.3	27.78	27.78	26400
1461	2022-04-06	28.0	28.15	28.0	28.0	6300
1462	2022-04-07	29.56	29.56	27.78	28.08	8400
1463	2022-04-08	27.78	27.93	27.56	27.78	13100
1464	2022-04-12	27.78	27.78	27.04	27.34	8700
1465	2022-04-13	27.34	27.34	26.67	26.82	14300
1466	2022-04-14	26.82	26.82	26.0	26.37	24700
1467	2022-04-15	27.04	27.04	26.37	26.67	11400
1468	2022-04-18	27.34	27.85	26.89	26.97	20700
1469	2022-04-19	26.74	27.34	26.6	26.6	32800
1470	2022-04-20	26.6	27.26	26.6	26.89	18200
1471	2022-04-21	26.89	26.89	26.08	26.3	55300
1472	2022-04-22	26.89	26.89	26.22	26.22	17700
1473	2022-04-25	26.3	26.3	25.19	25.63	41341
1474	2022-04-26	25.63	26.67	25.63	26.67	26939
1475	2022-04-27	26.91	27.07	26.03	26.03	8300
1476	2022-04-28	26.99	26.99	25.55	26.59	14700
1477	2022-04-29	27.23	27.23	26.51	26.67	22700
1478	2022-05-04	26.67	26.67	26.03	26.03	31830
1479	2022-05-05	26.91	26.91	26.27	26.59	15800
1480	2022-05-06	26.19	26.59	26.19	26.59	4313
1481	2022-05-09	26.59	26.59	25.79	25.79	10700
1482	2022-05-10	25.79	26.27	25.79	25.87	24401
1483	2022-05-11	25.95	27.07	25.95	26.67	7500
1484	2022-05-12	26.35	27.07	25.95	25.95	13005
1485	2022-05-13	25.87	26.67	24.92	24.92	34101
1486	2022-05-16	24.92	26.59	24.92	25.39	19000
1487	2022-05-17	25.39	27.78	24.92	25.31	19115
1488	2022-05-18	25.47	27.07	25.08	25.31	19500
1489	2022-05-19	25.08	25.24	24.68	25.16	23600
1490	2022-05-20	25.08	26.27	25.08	25.16	33700
1491	2022-05-23	26.11	26.11	25.16	26.03	9000
1492	2022-05-24	26.03	26.03	26.03	26.03	0
1493	2022-05-25	25.47	26.51	25.47	26.27	2700
1494	2022-05-26	25.87	25.95	25.63	25.95	7000
1495	2022-05-27	25.87	26.19	25.55	26.11	2800
1496	2022-05-30	26.11	26.11	25.63	25.95	3200
1497	2022-05-31	26.03	26.27	25.87	26.27	10500
1498	2022-06-01	26.27	26.59	26.03	26.59	6300
1499	2022-06-02	26.67	27.62	26.67	26.99	24700
1500	2022-06-03	26.67	26.67	26.27	26.43	4900
1501	2022-06-06	26.99	26.99	26.35	26.99	3420
1502	2022-06-07	26.35	26.67	25.95	26.67	10301
1503	2022-06-08	26.11	26.91	25.95	26.91	4500
1504	2022-06-09	26.35	26.67	26.11	26.11	4700
1505	2022-06-10	26.35	26.67	26.27	26.27	3800
1506	2022-06-13	26.11	26.27	25.55	25.87	7601
1507	2022-06-14	25.87	25.87	25.55	25.63	3400
1508	2022-06-15	25.55	26.19	25.39	25.63	12700
1509	2022-06-16	25.71	26.11	25.71	26.11	200
1510	2022-06-17	25.0	26.03	25.0	26.03	4600
1511	2022-06-20	25.16	25.47	25.08	25.08	14320
1512	2022-06-21	25.79	25.79	25.08	25.08	6200
1513	2022-06-22	25.08	25.47	25.08	25.47	7300
1514	2022-06-23	25.39	25.39	25.08	25.39	6700
1515	2022-06-24	25.39	25.39	25.16	25.16	800
1516	2022-06-27	25.39	25.39	25.16	25.39	2300
1517	2022-06-28	25.0	25.47	25.0	25.47	2400
1518	2022-06-29	25.55	25.87	25.24	25.24	5800
1519	2022-06-30	25.47	25.87	25.47	25.87	1500
1520	2022-07-01	25.79	25.79	25.79	25.79	500
1521	2022-07-04	25.47	25.71	25.47	25.47	14600
1522	2022-07-05	25.63	25.63	25.47	25.47	2800
1523	2022-07-06	25.16	25.31	25.08	25.31	4500
1524	2022-07-07	25.31	25.31	25.24	25.24	1900
1525	2022-07-08	25.24	25.79	25.16	25.79	3400
1526	2022-07-11	25.31	25.79	25.31	25.31	2410
1527	2022-07-12	25.31	25.47	25.31	25.47	1300
1528	2022-07-13	25.47	25.47	25.31	25.31	4826
1529	2022-07-14	25.63	25.71	25.31	25.31	3900
1530	2022-07-15	25.55	25.55	25.31	25.31	2800
1531	2022-07-18	25.31	25.87	25.24	25.87	6700
1532	2022-07-19	25.55	25.87	25.55	25.87	8760
1533	2022-07-20	25.87	26.27	25.87	26.27	10300
1534	2022-07-21	26.27	26.59	26.03	26.19	7700
1535	2022-07-22	26.27	26.43	26.27	26.27	3200
1536	2022-07-25	26.27	27.38	26.27	27.3	24840
1537	2022-07-26	26.27	27.46	26.27	27.46	27100
1538	2022-07-27	26.35	27.46	26.27	27.46	4940
1539	2022-07-28	27.38	28.02	27.38	28.02	8600
1540	2022-07-29	26.83	27.62	26.51	27.62	9700
1541	2022-08-01	27.7	27.86	27.46	27.86	11300
1542	2022-08-02	27.86	28.1	27.86	27.86	3900
1543	2022-08-03	27.86	28.02	27.86	28.02	3300
1544	2022-08-04	28.02	28.18	28.02	28.18	2570
1545	2022-08-05	28.18	28.9	28.18	28.9	19000
1546	2022-08-08	28.9	28.9	27.46	27.86	2080
1547	2022-08-09	28.26	28.58	27.86	28.58	2100
1548	2022-08-10	28.66	28.66	28.5	28.58	3700
1549	2022-08-11	28.66	28.66	27.94	28.34	4835
1550	2022-08-12	28.34	28.34	27.86	27.94	2100
1551	2022-08-15	27.94	27.94	27.54	27.54	9910
1552	2022-08-16	27.62	27.62	27.15	27.15	5300
1553	2022-08-17	27.46	27.46	27.15	27.23	10000
1554	2022-08-18	27.7	27.86	27.62	27.86	1730
1555	2022-08-19	27.46	27.86	27.46	27.86	900
1556	2022-08-22	27.46	27.46	27.15	27.15	8500
1557	2022-08-23	27.15	27.86	27.07	27.86	15000
1558	2022-08-24	27.86	27.94	27.86	27.86	3900
1559	2022-08-25	27.86	30.65	27.86	29.77	8600
1560	2022-08-26	28.34	29.29	28.34	29.29	7300
1561	2022-08-29	28.26	29.14	28.26	29.06	5208
1562	2022-08-30	28.26	28.9	27.86	28.9	4000
1563	2022-08-31	27.86	28.66	27.46	28.66	16200
1564	2022-09-05	28.26	28.26	26.83	28.18	16800
1565	2022-09-06	27.86	29.06	27.38	28.1	11200
1566	2022-09-07	27.46	28.58	27.46	28.58	1400
1567	2022-09-08	27.54	27.78	27.46	27.7	8400
1568	2022-09-09	27.86	28.58	27.78	28.58	15000
1569	2022-09-12	27.94	28.58	27.86	27.86	2610
1570	2022-09-13	27.86	28.26	27.07	28.18	15300
1571	2022-09-14	27.7	28.18	26.27	28.1	23000
1572	2022-09-15	28.26	28.26	27.54	28.1	4251
1573	2022-09-16	27.07	27.7	27.07	27.46	2500
1574	2022-09-19	27.07	27.15	26.75	27.07	10951
1575	2022-09-20	27.07	27.86	27.07	27.86	7400
1576	2022-09-21	27.07	27.94	27.07	27.86	2420
1577	2022-09-22	27.78	27.86	27.46	27.46	3100
1578	2022-09-23	27.86	27.86	27.7	27.7	2000
1579	2022-09-26	27.7	27.7	27.07	27.07	16600
1580	2022-09-27	27.86	27.86	26.91	27.7	28982
1581	2022-09-28	27.07	27.07	26.35	26.43	40500
1582	2022-09-29	27.78	27.78	26.43	26.91	6600
1583	2022-09-30	26.67	26.99	25.63	26.99	1700
1584	2022-10-03	26.67	26.99	26.27	26.99	700
1585	2022-10-04	25.0	26.67	25.0	26.67	7800
1586	2022-10-05	26.59	26.59	26.27	26.27	3300
1587	2022-10-06	25.63	25.95	25.63	25.87	2600
1588	2022-10-07	25.47	25.47	23.88	25.31	10900
1589	2022-10-10	25.31	25.31	25.31	25.31	600
1590	2022-10-11	24.44	25.24	24.44	24.68	2000
1591	2022-10-12	24.2	25.31	24.04	25.31	4800
1592	2022-10-13	25.31	25.63	25.31	25.63	2300
1593	2022-10-14	24.84	25.47	24.68	25.47	8900
1594	2022-10-17	25.08	25.08	24.68	25.08	1300
1595	2022-10-18	25.39	25.47	25.31	25.47	4600
1596	2022-10-19	25.08	25.39	24.68	25.39	2100
1597	2022-10-20	24.36	25.08	24.36	25.08	2000
1598	2022-10-21	24.36	24.92	24.36	24.92	2101
1599	2022-10-24	24.92	25.47	24.36	25.24	5000
1600	2022-10-25	23.96	24.92	23.88	24.84	2605
1601	2022-10-26	24.68	24.68	24.12	24.12	1515
1602	2022-10-27	24.92	24.92	23.56	23.56	5500
1603	2022-10-28	23.88	25.08	23.88	25.08	2600
1604	2022-10-31	23.96	24.68	23.96	24.68	1300
1605	2022-11-01	24.68	25.39	24.68	25.39	2700
1606	2022-11-02	24.68	24.68	24.44	24.6	2700
1607	2022-11-03	24.68	24.68	24.68	24.68	200
1608	2022-11-04	25.63	25.63	24.28	24.36	1000
1609	2022-11-07	24.12	24.68	24.04	24.68	2200
1610	2022-11-08	23.56	24.44	23.56	24.44	6700
1611	2022-11-09	24.44	24.44	23.72	23.88	3330
1612	2022-11-10	22.77	24.36	22.77	23.88	1300
1613	2022-11-11	21.89	23.88	21.89	23.88	3500
1614	2022-11-14	23.88	23.88	23.88	23.88	0
1615	2022-11-15	22.05	23.01	21.89	22.85	2100
1616	2022-11-16	21.49	22.61	21.49	22.61	5810
1617	2022-11-17	23.01	24.28	21.89	21.89	2810
1618	2022-11-18	22.85	23.4	22.69	23.4	1200
1619	2022-11-21	24.52	24.52	22.69	24.2	5500
1620	2022-11-22	23.09	24.28	23.01	24.28	2102
1621	2022-11-23	24.28	24.28	24.28	24.28	0
1622	2022-11-24	22.29	22.85	22.29	22.85	900
1623	2022-11-25	24.2	24.2	24.2	24.2	100
1624	2022-11-28	24.6	24.68	22.93	23.48	2402
1625	2022-11-29	23.56	24.6	23.09	24.12	4200
1626	2022-11-30	23.32	24.12	23.32	24.12	600
1627	2022-12-01	24.6	24.6	24.6	24.6	1100
1628	2022-12-02	23.88	23.88	23.88	23.88	1300
1629	2022-12-05	23.17	25.47	23.17	25.47	4300
1630	2022-12-06	23.09	23.88	23.09	23.88	4700
1631	2022-12-07	22.77	23.48	22.77	23.48	4500
1632	2022-12-08	23.88	23.88	23.09	23.24	7600
1633	2022-12-09	23.24	23.8	23.09	23.8	4900
1634	2022-12-12	23.32	24.52	23.32	24.52	2500
1635	2022-12-13	24.52	24.52	24.52	24.52	0
1636	2022-12-14	23.88	25.08	23.88	25.0	700
1637	2022-12-15	23.84	24.75	23.84	23.84	2300
1638	2022-12-16	24.0	25.58	22.76	25.16	400
1639	2022-12-19	23.34	25.08	23.34	24.83	800
1640	2022-12-20	24.83	24.83	24.83	24.83	0
1641	2022-12-21	24.42	24.42	23.75	24.17	700
1642	2022-12-22	24.09	24.17	23.34	23.34	2900
1643	2022-12-23	24.83	24.83	24.17	24.17	500
1644	2022-12-26	23.51	23.51	23.34	23.34	600
1645	2022-12-27	24.75	24.75	24.75	24.75	100
1646	2022-12-28	24.0	24.0	24.0	24.0	1000
1647	2022-12-29	23.67	24.0	23.67	23.75	3400
1648	2022-12-30	23.67	24.17	23.67	24.17	3100
1649	2023-01-03	23.67	24.5	23.51	24.0	13400
1650	2023-01-04	23.59	24.0	23.26	23.42	4700
1651	2023-01-05	25.49	25.49	24.25	24.25	200
1652	2023-01-06	24.0	24.0	23.34	23.34	3000
1653	2023-01-09	23.42	23.92	23.42	23.51	3200
1654	2023-01-10	23.59	24.33	23.59	24.17	400
1655	2023-01-11	24.17	24.17	24.17	24.17	200
1656	2023-01-12	23.42	24.17	23.34	24.17	5100
1657	2023-01-13	23.42	24.33	23.34	23.84	3900
1658	2023-01-16	24.0	24.0	23.34	23.92	3200
1659	2023-01-17	23.59	24.0	23.59	23.59	4000
1660	2023-01-18	23.92	23.92	23.59	23.92	800
1661	2023-01-19	23.92	24.33	23.92	24.33	500
1662	2023-01-27	23.92	25.0	23.92	24.83	5300
1663	2023-01-30	24.83	24.83	24.0	24.0	4100
1664	2023-01-31	24.17	24.25	24.09	24.09	600
1665	2023-02-01	24.33	24.33	24.33	24.33	206
1666	2023-02-02	24.33	24.33	24.33	24.33	100
1667	2023-02-03	24.33	24.33	24.33	24.33	0
1668	2023-02-06	24.33	24.33	24.33	24.33	0
1669	2023-02-07	24.0	24.42	23.84	24.09	2300
1670	2023-02-08	24.0	24.0	24.0	24.0	800
1671	2023-02-09	24.09	24.09	24.0	24.0	200
1672	2023-02-10	24.0	24.0	23.59	23.67	1500
1673	2023-02-13	23.67	23.67	23.67	23.67	0
1674	2023-02-14	23.59	23.92	23.59	23.92	600
1675	2023-02-15	23.92	23.92	23.34	23.34	3900
1676	2023-02-16	23.42	23.42	23.34	23.42	2300
1677	2023-02-17	23.59	23.59	23.42	23.42	200
1678	2023-02-20	23.84	23.84	23.34	23.42	11600
1679	2023-02-21	23.67	23.67	22.84	22.84	7500
1680	2023-02-22	23.17	23.67	22.93	23.67	10500
1681	2023-02-23	23.42	23.42	23.26	23.34	2500
1682	2023-02-24	23.26	23.26	23.26	23.26	1000
1683	2023-02-27	23.34	23.34	23.01	23.01	11700
1684	2023-02-28	24.25	24.25	23.09	23.09	400
1685	2023-03-01	23.09	23.17	23.09	23.17	1900
1686	2023-03-02	23.17	23.17	23.09	23.17	600
1687	2023-03-03	23.17	23.17	23.09	23.09	1500
1688	2023-03-06	23.67	23.75	22.93	23.01	3500
1689	2023-03-07	23.26	23.26	23.09	23.17	2000
1690	2023-03-08	23.51	23.51	23.51	23.51	100
1691	2023-03-09	23.17	23.17	23.17	23.17	1200
1692	2023-03-10	23.42	23.42	23.42	23.42	100
1693	2023-03-13	23.17	23.17	23.09	23.09	300
1694	2023-03-14	23.09	23.09	23.01	23.01	1000
1695	2023-03-15	23.09	23.92	23.01	23.92	13000
1696	2023-03-16	23.26	23.26	23.17	23.26	1200
1697	2023-03-17	23.34	23.34	23.34	23.34	700
1698	2023-03-20	23.59	23.59	23.17	23.51	9100
1699	2023-03-21	23.26	23.26	23.17	23.17	700
1700	2023-03-22	23.17	23.42	23.17	23.34	1300
1701	2023-03-23	23.42	23.51	23.26	23.51	3800
1702	2023-03-24	23.51	23.67	23.51	23.67	6300
1703	2023-03-27	23.84	23.84	23.84	23.84	800
1704	2023-03-28	23.84	23.84	23.51	23.67	2108
1705	2023-03-29	23.51	23.84	23.42	23.59	6402
1706	2023-03-30	23.51	23.59	23.42	23.51	5800
1707	2023-03-31	23.51	23.51	23.51	23.51	0
1708	2023-04-03	23.34	23.75	23.26	23.59	1200
1709	2023-04-04	23.59	23.59	23.42	23.42	3100
1710	2023-04-05	23.34	23.75	23.34	23.75	3900
1711	2023-04-06	23.26	23.75	23.26	23.75	200
1712	2023-04-07	23.59	23.67	23.59	23.67	1300
1713	2023-04-10	23.59	24.0	23.59	23.92	4800
1714	2023-04-11	23.51	23.59	23.42	23.59	3700
1715	2023-04-12	24.0	24.58	24.0	24.58	1800
1716	2023-04-13	23.67	24.42	23.67	24.42	300
1717	2023-04-14	24.5	24.58	24.09	24.58	6400
1718	2023-04-17	24.58	24.58	24.58	24.58	0
1719	2023-04-18	24.58	24.58	24.58	24.58	0
1720	2023-04-19	24.83	24.83	24.42	24.5	900
1721	2023-04-20	24.5	24.5	24.5	24.5	0
1722	2023-04-21	24.42	24.42	24.0	24.42	2900
1723	2023-04-24	24.5	24.5	23.84	24.42	2100
1724	2023-04-25	24.42	24.42	24.42	24.42	700
1725	2023-04-26	24.42	24.42	24.42	24.42	620
1726	2023-04-27	24.09	24.58	24.09	24.58	2000
1727	2023-04-28	24.83	24.83	24.66	24.66	800
1728	2023-05-04	24.66	24.66	24.5	24.58	700
1729	2023-05-05	24.42	24.42	24.09	24.33	800
1730	2023-05-08	24.33	24.42	24.17	24.42	10600
1731	2023-05-09	24.42	24.5	24.17	24.5	8300
1732	2023-05-10	24.42	24.58	24.33	24.58	8520
1733	2023-05-11	24.58	24.66	24.5	24.5	2700
1734	2023-05-12	24.83	24.83	24.5	24.75	8310
1735	2023-05-15	25.0	25.0	24.75	25.0	14102
1736	2023-05-16	26.25	26.61	25.09	25.27	5303
1737	2023-05-17	25.98	25.98	24.64	25.36	900
1738	2023-05-18	24.82	25.18	24.82	25.09	2100
1739	2023-05-19	25.0	25.0	24.19	25.0	2100
1740	2023-05-22	25.18	25.18	25.0	25.0	600
1741	2023-05-23	25.09	25.09	24.64	24.91	11200
1742	2023-05-24	24.46	24.55	24.46	24.55	1700
1743	2023-05-25	24.55	24.91	24.46	24.91	500
1744	2023-05-26	24.91	24.91	24.91	24.91	2000
1745	2023-05-29	25.09	25.27	25.09	25.18	2900
1746	2023-05-30	25.18	25.27	24.64	24.64	5313
1747	2023-05-31	25.18	25.18	24.73	25.09	4340
1748	2023-06-01	24.73	24.73	24.64	24.64	1100
1749	2023-06-02	24.91	25.09	24.91	25.09	11500
1750	2023-06-05	24.73	25.18	24.73	25.18	5600
1751	2023-06-06	24.64	25.09	24.64	24.91	2309
1752	2023-06-07	25.09	25.09	24.73	24.73	10213
1753	2023-06-08	24.73	24.82	24.73	24.82	1700
1754	2023-06-09	25.09	25.09	24.82	24.82	1601
1755	2023-06-12	24.64	24.82	24.55	24.82	3600
1756	2023-06-13	24.82	25.0	24.82	25.0	400
1757	2023-06-14	24.91	24.91	24.91	24.91	1123
1758	2023-06-15	24.91	25.0	24.91	24.91	5900
1759	2023-06-16	25.0	25.0	25.0	25.0	900
1760	2023-06-19	25.0	25.0	25.0	25.0	700
1761	2023-06-20	24.91	24.91	24.82	24.82	1100
1762	2023-06-21	24.82	24.82	24.55	24.64	11600
1763	2023-06-22	24.64	24.82	24.64	24.82	4400
1764	2023-06-23	24.91	24.91	24.73	24.91	6600
1765	2023-06-26	24.91	24.91	24.73	24.91	1400
1766	2023-06-27	24.73	25.0	24.73	24.91	1908
1767	2023-06-28	24.73	24.82	24.55	24.82	500
1768	2023-06-29	24.82	24.82	24.55	24.64	1600
1769	2023-06-30	24.64	24.64	24.64	24.64	0
1770	2023-07-03	24.64	24.64	24.46	24.46	2902
1771	2023-07-04	24.64	24.64	24.28	24.46	1500
1772	2023-07-05	24.46	24.73	24.46	24.73	5300
1773	2023-07-06	24.64	24.64	24.64	24.64	1100
1774	2023-07-07	24.64	24.64	24.64	24.64	0
1775	2023-07-10	24.64	24.64	24.64	24.64	4700
1776	2023-07-11	24.55	24.82	24.46	24.82	1400
1777	2023-07-12	24.37	24.82	24.37	24.82	500
1778	2023-07-13	24.82	24.82	24.82	24.82	200
1779	2023-07-14	24.64	25.0	23.65	24.73	37526
1780	2023-07-17	24.82	24.82	24.28	24.64	9300
1781	2023-07-18	24.64	24.64	24.64	24.64	3100
1782	2023-07-19	24.64	24.73	23.74	24.37	17300
1783	2023-07-20	24.37	24.64	24.37	24.37	3700
1784	2023-07-21	24.19	24.37	24.19	24.28	5600
1785	2023-07-24	23.83	24.1	23.74	23.92	10300
1786	2023-07-25	26.16	26.16	23.92	24.19	2800
1787	2023-07-26	24.1	24.1	24.1	24.1	7400
1788	2023-07-27	24.1	24.1	24.1	24.1	0
1789	2023-07-28	24.01	24.01	23.74	23.74	5600
1790	2023-07-31	23.65	23.74	21.95	23.29	60300
1791	2023-08-01	23.38	23.38	22.85	23.12	8200
1792	2023-08-02	23.12	23.29	22.67	23.03	15301
1793	2023-08-03	23.03	23.29	22.94	22.94	5800
1794	2023-08-04	22.85	23.2	22.85	22.85	5205
1795	2023-08-07	22.94	23.2	22.85	23.2	12100
1796	2023-08-08	23.03	23.03	22.94	23.03	2700
1797	2023-08-09	23.03	23.12	23.03	23.03	8300
1798	2023-08-10	23.03	23.12	22.94	23.12	6100
1799	2023-08-11	23.12	23.12	23.03	23.12	3600
1800	2023-08-14	23.03	23.74	23.03	23.74	6700
1801	2023-08-15	23.74	23.74	23.74	23.74	100
1802	2023-08-16	23.74	23.74	23.56	23.56	1200
1803	2023-08-17	23.47	23.47	23.47	23.47	2900
1804	2023-08-18	23.29	23.29	22.94	22.94	7900
1805	2023-08-21	22.94	23.29	22.85	23.29	2200
1806	2023-08-22	22.94	22.94	22.85	22.85	4000
1807	2023-08-23	23.03	23.12	23.03	23.12	2900
1808	2023-08-24	23.29	23.29	23.12	23.12	4200
1809	2023-08-25	23.12	23.12	22.94	23.12	700
1810	2023-08-28	23.29	23.29	23.03	23.03	2300
1811	2023-08-29	23.12	23.12	23.12	23.12	400
1812	2023-08-30	23.2	23.29	23.12	23.12	1300
1813	2023-08-31	23.12	23.2	23.12	23.2	1200
1814	2023-09-05	23.12	23.12	20.97	22.58	97000
1815	2023-09-06	22.58	22.76	22.4	22.76	3600
1816	2023-09-07	22.76	22.76	22.31	22.67	18000
1817	2023-09-08	22.4	22.49	22.4	22.4	13100
1818	2023-09-11	22.4	22.49	21.95	22.04	18160
1819	2023-09-12	22.22	22.31	22.22	22.31	2000
1820	2023-09-13	22.4	22.4	22.22	22.31	2700
1821	2023-09-14	22.22	22.31	22.13	22.13	2110
1822	2023-09-15	22.22	22.22	22.13	22.22	800
1823	2023-09-18	22.4	22.4	22.04	22.04	3100
1824	2023-09-19	22.4	22.4	22.22	22.31	1100
1825	2023-09-20	22.4	22.49	22.4	22.49	3300
1826	2023-09-21	22.4	22.4	22.4	22.4	2100
1827	2023-09-22	22.04	22.4	21.95	22.22	16800
1828	2023-09-25	22.22	22.22	21.86	21.86	10405
1829	2023-09-26	21.95	21.95	21.86	21.86	14200
1830	2023-09-27	21.86	21.95	21.59	21.86	8601
1831	2023-09-28	21.95	21.95	21.86	21.86	3804
1832	2023-09-29	21.86	22.22	21.86	22.22	1500
1833	2023-10-02	22.22	22.31	22.22	22.31	200
1834	2023-10-03	22.4	22.4	21.68	21.68	2600
1835	2023-10-04	21.5	21.68	21.5	21.68	8200
1836	2023-10-05	21.77	21.77	21.77	21.77	100
1837	2023-10-06	21.77	21.95	21.77	21.95	2300
1838	2023-10-09	22.31	22.4	22.22	22.31	1900
1839	2023-10-10	22.31	22.31	22.31	22.31	3100
1840	2023-10-11	22.31	22.31	22.31	22.31	1000
1841	2023-10-12	22.31	22.31	22.13	22.31	1200
1842	2023-10-13	22.67	22.67	22.04	22.4	1780
1843	2023-10-16	22.22	22.31	22.22	22.31	600
1844	2023-10-17	22.31	22.31	22.04	22.04	2830
1845	2023-10-18	21.86	21.86	21.68	21.77	6600
1846	2023-10-19	21.77	21.95	21.77	21.95	3800
1847	2023-10-20	21.95	21.95	21.77	21.86	3700
1848	2023-10-23	22.22	22.22	21.59	21.59	2302
1849	2023-10-24	22.4	22.4	22.22	22.31	1801
1850	2023-10-25	22.31	22.31	21.95	21.95	12502
1851	2023-10-26	21.95	21.95	21.59	21.68	1500
1852	2023-10-27	21.95	21.95	21.95	21.95	3400
1853	2023-10-30	22.04	22.04	21.86	21.86	5100
1854	2023-10-31	21.95	21.95	21.68	21.77	2000
1855	2023-11-01	21.68	21.68	21.68	21.68	1600
1856	2023-11-02	21.77	21.77	21.5	21.77	7500
1857	2023-11-03	21.77	21.77	21.77	21.77	600
1858	2023-11-06	21.77	21.86	21.77	21.86	1200
1859	2023-11-07	21.86	21.86	21.77	21.86	500
1860	2023-11-08	21.77	21.77	21.68	21.77	7000
1861	2023-11-09	21.95	22.13	21.95	21.95	8400
1862	2023-11-10	22.13	22.13	22.13	22.13	1700
1863	2023-11-13	22.13	22.13	22.13	22.13	0
1864	2023-11-14	22.22	22.22	22.13	22.13	1520
1865	2023-11-15	21.95	22.22	21.95	22.13	4100
1866	2023-11-16	22.22	22.22	22.13	22.13	1000
1867	2023-11-17	21.95	22.22	21.86	22.22	3100
1868	2023-11-20	22.13	22.22	22.13	22.22	1120
1869	2023-11-21	21.77	21.77	21.77	21.77	300
1870	2023-11-22	21.77	21.86	21.77	21.77	4300
1871	2023-11-23	21.77	22.22	21.68	22.22	900
1872	2023-11-24	21.14	22.04	21.14	22.04	10373
1873	2023-11-27	21.95	21.95	21.68	21.68	900
1874	2023-11-28	21.68	21.68	21.68	21.68	1200
1875	2023-11-29	21.68	21.68	21.68	21.68	0
1876	2023-11-30	21.59	21.95	21.41	21.95	1400
1877	2023-12-01	21.77	21.95	21.68	21.95	3602
1878	2023-12-04	21.95	22.04	21.95	22.04	1200
1879	2023-12-05	22.22	22.31	22.13	22.22	1736
1880	2023-12-06	22.31	22.49	22.31	22.49	2300
1881	2023-12-07	22.49	22.49	22.49	22.49	1600
1882	2023-12-08	22.49	22.76	22.22	22.76	2209
1883	2023-12-11	22.49	22.85	22.49	22.76	4532
1884	2023-12-12	22.76	22.85	22.58	22.85	7100
1885	2023-12-13	22.85	22.85	22.67	22.67	1311
1886	2023-12-14	22.58	22.85	22.49	22.85	1303
1887	2023-12-15	22.85	23.13	22.38	23.13	2901
1888	2023-12-18	22.38	23.13	22.29	22.94	8300
1889	2023-12-19	22.38	23.03	22.38	23.03	2900
1890	2023-12-20	23.03	23.31	23.03	23.31	4300
1891	2023-12-21	23.5	23.87	23.5	23.69	300
1892	2023-12-22	23.59	23.59	23.22	23.22	708
1893	2023-12-25	23.78	23.78	23.22	23.59	10400
1894	2023-12-26	23.59	23.69	23.59	23.59	2400
1895	2023-12-27	23.59	23.59	23.59	23.59	0
1896	2023-12-28	23.59	23.59	23.41	23.5	10400
1897	2023-12-29	23.5	23.59	23.5	23.59	300
1898	2024-01-02	23.78	24.8	23.78	24.06	3000
1899	2024-01-03	24.06	24.06	23.59	23.97	1800
1900	2024-01-04	23.41	23.41	23.41	23.41	1300
1901	2024-01-05	23.41	23.69	23.41	23.41	7100
1902	2024-01-08	23.78	24.15	23.5	24.15	4170
1903	2024-01-09	24.15	24.15	24.15	24.15	0
1904	2024-01-10	24.15	24.15	24.15	24.15	0
1905	2024-01-11	24.24	24.62	24.15	24.15	2600
1906	2024-01-12	24.24	24.24	24.24	24.24	800
1907	2024-01-15	24.24	24.24	24.24	24.24	0
1908	2024-01-16	23.59	24.24	23.31	24.24	9900
1909	2024-01-17	24.24	24.52	24.24	24.52	500
1910	2024-01-18	24.24	24.24	24.24	24.24	1000
1911	2024-01-19	24.15	24.43	24.06	24.43	5100
1912	2024-01-22	24.52	24.52	24.43	24.43	2900
1913	2024-01-23	24.52	24.52	24.43	24.43	1100
1914	2024-01-24	24.43	24.62	24.34	24.34	5700
1915	2024-01-25	24.71	24.71	24.43	24.43	4100
1916	2024-01-26	24.43	24.43	24.43	24.43	1400
1917	2024-01-29	25.08	25.08	24.24	24.52	8700
1918	2024-01-30	24.9	24.9	24.71	24.71	400
1919	2024-01-31	24.24	24.71	24.24	24.71	3706
1920	2024-02-01	24.71	24.71	24.71	24.71	2
1921	2024-02-02	24.34	24.52	24.34	24.52	2300
1922	2024-02-05	24.52	24.52	24.52	24.52	500
1923	2024-02-06	24.43	24.43	24.43	24.43	700
1924	2024-02-07	24.43	24.43	24.34	24.43	2805
1925	2024-02-15	25.18	25.18	24.24	24.71	23201
1926	2024-02-16	24.62	24.62	24.62	24.62	100
1927	2024-02-19	24.62	24.62	24.43	24.62	6500
1928	2024-02-20	24.52	24.99	24.52	24.99	10708
1929	2024-02-21	24.71	24.99	24.62	24.99	2701
1930	2024-02-22	25.08	25.18	24.8	24.99	2800
1931	2024-02-23	24.9	24.99	24.71	24.9	11100
1932	2024-02-26	24.9	24.9	24.9	24.9	4300
1933	2024-02-27	24.9	24.9	24.8	24.9	4900
1934	2024-02-28	24.99	24.99	24.8	24.8	4300
1935	2024-02-29	24.8	24.8	24.71	24.8	2700
1936	2024-03-01	24.8	24.9	24.8	24.9	2200
1937	2024-03-04	24.9	25.08	24.9	25.08	1009
1938	2024-03-05	25.08	25.08	25.08	25.08	0
1939	2024-03-06	24.99	25.08	24.99	25.08	2800
1940	2024-03-07	24.99	24.99	24.52	24.99	949
1941	2024-03-08	24.99	24.99	24.9	24.99	3900
1942	2024-03-11	24.62	24.9	24.62	24.9	1219
1943	2024-03-12	24.9	24.9	24.8	24.8	3410
1944	2024-03-13	24.8	24.8	24.62	24.71	3500
1945	2024-03-14	24.71	24.9	24.43	24.9	13800
1946	2024-03-15	24.8	24.8	24.62	24.8	6100
1947	2024-03-18	24.71	24.71	24.24	24.24	15500
1948	2024-03-19	24.24	24.52	24.15	24.43	5600
1949	2024-03-20	24.43	24.43	24.15	24.15	9300
1950	2024-03-21	24.15	24.24	24.15	24.15	7000
1951	2024-03-22	24.24	24.24	24.06	24.24	5400
1952	2024-03-25	24.06	24.24	23.97	24.24	8400
1953	2024-03-26	24.24	24.24	23.97	24.24	8300
1954	2024-03-27	24.52	24.52	24.52	24.52	100
1955	2024-03-28	24.43	24.43	24.43	24.43	100
1956	2024-03-29	24.34	24.52	24.06	24.52	5400
1957	2024-04-01	24.06	24.24	24.06	24.24	500
1958	2024-04-02	24.24	24.52	24.24	24.34	1900
1959	2024-04-03	24.34	24.43	24.24	24.34	1504
1960	2024-04-04	24.34	24.34	24.06	24.06	5900
1961	2024-04-05	24.24	24.24	24.06	24.15	9400
1962	2024-04-08	23.78	23.87	23.31	23.87	23200
1963	2024-04-09	23.78	23.78	23.5	23.78	14000
1964	2024-04-10	23.78	24.06	23.59	23.97	2700
1965	2024-04-11	23.69	23.78	23.69	23.69	7300
1966	2024-04-12	23.69	25.64	23.69	24.15	16800
1967	2024-04-15	24.15	24.15	23.78	23.87	10710
1968	2024-04-16	23.59	23.69	23.5	23.5	3300
1969	2024-04-17	23.59	23.59	22.38	22.75	34600
1970	2024-04-19	22.94	22.94	21.91	22.38	41800
1971	2024-04-22	22.38	22.38	22.29	22.38	6300
1972	2024-04-23	22.38	22.66	21.82	22.38	19550
1973	2024-04-24	22.38	22.85	21.91	22.1	48200
1974	2024-04-25	22.29	22.29	21.73	22.1	13789
1975	2024-04-26	23.1	23.2	22.2	22.7	20707
1976	2024-05-02	22.5	22.6	22.1	22.5	9300
1977	2024-05-03	22.4	22.4	21.6	22.1	9930
1978	2024-05-06	22.2	22.2	22.0	22.0	11607
1979	2024-05-07	22.0	22.0	21.8	21.8	13460
1980	2024-05-08	22.0	22.0	21.8	21.8	8447
1981	2024-05-09	21.8	22.0	21.8	21.9	2453
1982	2024-05-10	22.0	22.0	21.8	22.0	5312
1983	2024-05-13	22.0	22.4	22.0	22.0	7633
1984	2024-05-14	22.0	22.0	21.8	21.9	1304
1985	2024-05-15	21.9	22.0	21.8	22.0	5651
1986	2024-05-16	22.0	22.1	21.8	21.8	6206
1987	2024-05-17	21.8	21.9	21.8	21.9	3430
1988	2024-05-20	21.9	22.0	21.8	21.9	6800
1989	2024-05-21	21.9	21.9	21.8	21.9	3053
1990	2024-05-22	21.9	22.0	21.7	21.8	8707
1991	2024-05-23	21.8	21.9	21.8	21.9	5909
1992	2024-05-24	21.8	21.9	21.7	21.7	4003
1993	2024-05-27	21.7	21.8	21.7	21.7	4440
1994	2024-05-28	21.8	21.9	21.6	21.9	18848
1995	2024-05-29	21.7	21.8	21.6	21.8	1100
1996	2024-05-30	21.7	21.7	21.6	21.6	3600
1997	2024-05-31	21.6	21.6	21.5	21.6	3700
1998	2024-06-03	21.6	21.7	21.4	21.4	13701
1999	2024-06-04	21.5	21.6	21.5	21.5	4940
2000	2024-06-05	21.6	21.6	21.3	21.4	11014
2001	2024-06-06	21.5	21.5	21.1	21.4	7300
2002	2024-06-07	21.5	21.5	21.4	21.4	17300
2003	2024-06-10	21.4	21.5	21.4	21.5	1700
2004	2024-06-11	21.4	21.4	21.4	21.4	1100
2005	2024-06-12	21.5	21.6	21.5	21.5	5500
2006	2024-06-13	21.7	21.7	20.0	21.5	17000
2007	2024-06-14	21.4	22.5	21.4	22.1	22101
2008	2024-06-17	22.2	22.2	22.0	22.0	9400
2009	2024-06-18	22.1	24.2	22.1	23.1	35500
2010	2024-06-19	24.2	24.2	22.3	23.0	8300
2011	2024-06-20	24.3	24.3	22.3	23.0	5560
2012	2024-06-21	23.0	23.0	22.1	23.0	12500
2013	2024-06-24	23.0	23.2	22.7	23.0	40742
2014	2024-06-25	23.0	23.0	23.0	23.0	3200
2015	2024-06-26	23.0	23.4	22.7	23.4	4310
2016	2024-06-27	23.0	23.4	23.0	23.4	1300
2017	2024-06-28	23.2	23.2	23.0	23.0	8800
2018	2024-07-01	23.0	23.0	23.0	23.0	300
2019	2024-07-02	23.0	23.0	23.0	23.0	100
2020	2024-07-03	23.0	23.0	23.0	23.0	200
2021	2024-07-04	23.0	23.0	23.0	23.0	300
2022	2024-07-05	22.7	23.0	22.7	23.0	6700
2023	2024-07-08	22.7	23.0	22.7	23.0	7559
2024	2024-07-09	22.7	23.0	22.7	23.0	2801
2025	2024-07-10	22.7	22.9	22.7	22.9	3600
2026	2024-07-11	22.9	22.9	22.7	22.8	7000
2027	2024-07-12	23.0	23.4	23.0	23.4	11500
2028	2024-07-15	23.4	23.4	23.0	23.1	15130
2029	2024-07-16	23.0	23.4	23.0	23.2	9546
2030	2024-07-17	23.2	23.4	22.8	23.4	13501
2031	2024-07-18	23.1	23.4	23.0	23.4	4001
2032	2024-07-19	23.4	23.4	23.4	23.4	909
2033	2024-07-22	23.0	23.1	23.0	23.1	37000
2034	2024-07-23	23.1	23.1	22.9	22.9	5101
2035	2024-07-24	23.0	23.4	23.0	23.1	25101
2036	2024-07-25	23.0	23.0	23.0	23.0	7579
2037	2024-07-26	23.0	23.1	23.0	23.1	7800
2038	2024-07-29	23.0	23.1	23.0	23.0	12400
2039	2024-07-30	23.0	23.1	22.9	23.1	6800
2040	2024-07-31	23.4	24.3	23.4	23.8	9400
2041	2024-08-01	23.1	23.6	23.0	23.6	10500
2042	2024-08-02	23.0	23.0	23.0	23.0	2000
2043	2024-08-05	22.9	23.1	22.9	23.0	18100
2044	2024-08-06	22.9	23.1	22.9	23.0	12400
2045	2024-08-07	23.0	23.0	22.4	22.8	2700
2046	2024-08-08	22.8	23.0	22.5	22.5	2100
2047	2024-08-09	22.5	22.9	22.5	22.9	3700
2048	2024-08-12	22.9	22.9	22.6	22.6	1300
2049	2024-08-13	22.6	22.8	22.4	22.8	3900
2050	2024-08-14	22.8	22.8	22.8	22.8	100
2051	2024-08-15	22.3	22.8	22.3	22.8	400
2052	2024-08-16	22.7	22.8	22.7	22.8	3600
2053	2024-08-19	22.8	22.8	22.5	22.7	4300
2054	2024-08-20	22.9	22.9	22.7	22.9	800
2055	2024-08-21	22.9	22.9	22.7	22.7	300
2056	2024-08-22	23.3	23.3	23.0	23.0	1300
2057	2024-08-23	22.9	23.2	22.9	23.2	1600
2058	2024-08-26	23.2	23.2	23.0	23.0	1000
2059	2024-08-27	22.9	22.9	22.6	22.6	1200
2060	2024-08-28	22.3	22.3	22.3	22.3	3200
2061	2024-08-29	22.9	22.9	22.7	22.7	300
2062	2024-08-30	23.0	23.0	23.0	23.0	6200
2063	2024-09-04	23.0	23.0	22.7	22.7	1600
2064	2024-09-05	22.7	22.7	22.7	22.7	200
2065	2024-09-06	22.2	22.2	22.2	22.2	3000
2066	2024-09-10	22.3	22.9	21.9	22.5	7600
2067	2024-09-11	22.4	22.4	22.3	22.3	500
2068	2024-09-13	23.0	23.2	23.0	23.0	3900
2069	2024-09-16	23.0	23.0	23.0	23.0	5100
2070	2024-09-17	22.5	22.5	22.0	22.5	11000
2071	2024-09-18	22.4	22.4	22.4	22.4	1500
2072	2024-09-19	22.2	22.5	22.0	22.5	4000
2073	2024-09-20	22.8	22.8	22.8	22.8	100
2074	2024-09-23	22.1	22.5	22.1	22.5	600
2075	2024-09-24	22.5	22.5	22.5	22.5	500
2076	2024-09-25	22.2	22.8	22.0	22.8	5800
2077	2024-09-26	22.8	22.8	22.8	22.8	600
2078	2024-09-27	22.8	22.8	22.7	22.7	400
2079	2024-09-30	22.0	22.6	22.0	22.6	200
2080	2024-10-01	23.0	23.0	22.7	22.7	1500
2081	2024-10-03	22.0	22.7	22.0	22.7	6900
2082	2024-10-04	22.4	22.7	22.4	22.7	2700
2083	2024-10-07	22.4	22.8	22.4	22.7	8600
2084	2024-10-08	22.6	22.8	22.6	22.7	2500
2085	2024-10-09	23.0	23.0	22.7	22.7	1600
2086	2024-10-10	22.9	22.9	22.7	22.7	9800
2087	2024-10-11	22.7	22.7	22.7	22.7	2500
2088	2024-10-14	22.7	22.7	22.7	22.7	2600
2089	2024-10-15	22.8	22.8	22.8	22.8	900
2090	2024-10-16	22.7	22.7	22.7	22.7	1400
2091	2024-10-17	22.7	22.7	22.5	22.7	21500
2092	2024-10-18	22.3	22.7	22.2	22.7	7300
2093	2024-10-21	22.5	22.5	22.5	22.5	4000
2094	2024-10-22	22.5	22.5	22.5	22.5	600
2095	2024-10-24	22.3	22.3	22.1	22.1	4900
2096	2024-10-25	22.2	22.5	22.2	22.5	500
2097	2024-10-28	22.5	22.5	22.0	22.2	3400
2098	2024-10-29	22.1	22.2	22.1	22.2	1500
2099	2024-10-30	22.3	22.3	22.3	22.3	500
2100	2024-10-31	22.3	22.3	22.3	22.3	500
2101	2024-11-05	22.0	22.3	22.0	22.2	4600
2102	2024-11-06	22.0	22.0	22.0	22.0	300
2103	2024-11-07	22.1	22.1	22.0	22.1	1400
2104	2024-11-08	21.8	21.9	21.8	21.9	2800
2105	2024-11-11	21.9	22.3	21.9	22.2	2100
2106	2024-11-12	22.0	22.0	22.0	22.0	200
2107	2024-11-13	22.0	22.1	22.0	22.1	1400
2108	2024-11-14	22.2	22.2	22.0	22.0	600
2109	2024-11-15	22.0	22.0	22.0	22.0	700
2110	2024-11-18	22.0	22.0	22.0	22.0	100
2111	2024-11-19	22.0	22.0	21.7	22.0	1000
2112	2024-11-20	21.9	22.2	21.9	22.1	500
2113	2024-11-21	22.0	22.0	21.9	22.0	4300
2114	2024-11-22	22.0	22.0	21.8	21.8	1000
2115	2024-11-25	21.8	21.8	21.8	21.8	1500
2116	2024-11-26	21.7	21.8	21.7	21.8	400
2117	2024-11-27	21.9	22.0	21.8	22.0	500
2118	2024-11-28	21.2	21.8	21.2	21.8	9700
2119	2024-11-29	21.8	21.8	21.8	21.8	3800
2120	2024-12-02	21.8	21.9	21.7	21.8	3300
2121	2024-12-03	21.8	21.8	21.7	21.8	4800
2122	2024-12-04	21.7	21.8	21.7	21.8	6500
2123	2024-12-05	21.8	21.8	21.7	21.8	2700
2124	2024-12-06	21.8	21.8	21.8	21.8	500
2125	2024-12-09	21.8	21.8	21.6	21.8	5500
2126	2024-12-10	21.5	21.7	21.5	21.6	5300
2127	2024-12-11	21.4	21.6	21.4	21.6	2100
2128	2024-12-12	21.7	21.8	21.7	21.8	600
2129	2024-12-16	21.8	21.8	21.8	21.8	1400
2130	2024-12-17	21.8	21.8	21.7	21.7	1200
2131	2024-12-18	21.7	21.8	21.7	21.8	800
2132	2024-12-19	21.6	21.6	21.6	21.6	100
2133	2024-12-20	21.8	21.8	21.6	21.6	5700
2134	2024-12-23	21.6	21.8	21.6	21.7	1300
2135	2024-12-24	21.8	21.8	21.8	21.8	2700
2136	2024-12-25	21.8	21.8	21.5	21.7	9400
2137	2024-12-26	21.7	21.7	21.5	21.5	11400
2138	2024-12-27	21.6	21.6	21.5	21.5	7100
2139	2024-12-30	21.5	21.7	21.5	21.7	5600
2140	2025-01-02	21.8	23.8	21.8	23.4	6600
2141	2025-01-03	22.7	22.7	22.7	22.7	100
2142	2025-01-06	22.4	22.4	21.5	22.4	7800
2143	2025-01-09	22.3	22.3	21.8	21.8	500
2144	2025-01-13	21.7	21.9	21.0	21.9	5400
2145	2025-01-14	21.4	21.5	21.4	21.5	3600
2146	2025-01-15	21.7	21.8	21.7	21.7	1600
2147	2025-01-17	22.0	22.0	22.0	22.0	1000
2148	2025-01-20	22.0	22.0	22.0	22.0	1400
2149	2025-01-21	22.2	22.2	22.2	22.2	2600
2150	2025-01-22	22.7	22.7	22.7	22.7	4900
2151	2025-01-23	22.7	22.7	22.7	22.7	100
2152	2025-02-03	22.7	23.6	22.7	23.0	8000
2153	2025-02-04	23.4	23.5	23.0	23.0	7000
2154	2025-02-05	23.5	23.5	21.5	23.3	6100
2155	2025-02-06	23.0	23.0	23.0	23.0	1000
2156	2025-02-07	23.0	23.0	23.0	23.0	1200
2157	2025-02-10	22.9	23.0	22.2	22.6	5900
2158	2025-02-11	22.4	22.4	22.3	22.3	3200
2159	2025-02-12	22.6	22.7	22.4	22.4	700
2160	2025-02-13	22.4	22.6	22.4	22.6	2300
2161	2025-02-14	22.7	22.7	22.7	22.7	1800
2162	2025-02-17	22.7	22.7	22.5	22.6	11700
2163	2025-02-18	22.6	22.7	22.6	22.7	8200
2164	2025-02-19	22.6	22.6	22.5	22.5	2200
2165	2025-02-20	23.5	23.5	22.5	22.5	13700
2166	2025-02-21	22.8	23.0	22.7	22.9	5400
2167	2025-02-24	22.8	22.9	22.8	22.9	8600
2168	2025-02-25	22.9	23.1	22.9	23.0	26000
2169	2025-02-26	23.0	23.5	23.0	23.5	10900
2170	2025-02-27	23.3	23.4	23.2	23.4	21400
2171	2025-02-28	23.3	23.3	23.2	23.2	16600
2172	2025-03-03	23.1	23.2	23.1	23.2	5100
2173	2025-03-04	23.1	23.2	23.1	23.2	10300
2174	2025-03-05	23.1	23.1	23.1	23.1	100
2175	2025-03-06	23.1	23.3	23.1	23.1	9300
2176	2025-03-07	23.1	23.1	23.1	23.1	8300
2177	2025-03-10	23.2	23.2	23.0	23.1	6100
2178	2025-03-11	23.0	23.4	23.0	23.1	15800
2179	2025-03-12	23.4	23.4	23.0	23.2	5500
2180	2025-03-13	23.1	23.1	23.0	23.0	1200
2181	2025-03-14	23.0	23.2	22.9	23.2	9500
2182	2025-03-17	22.8	23.4	22.8	23.4	2100
2183	2025-03-19	23.4	23.5	23.0	23.0	5600
