	time	open	high	low	close	volume
0	2016-04-15	12.65	12.65	6.81	6.81	1400
1	2016-04-19	6.81	6.81	6.81	6.81	0
2	2016-04-20	6.81	6.81	6.81	6.81	0
3	2016-04-21	7.48	7.48	7.48	7.48	100
4	2016-04-22	7.48	7.48	7.48	7.48	0
5	2016-04-25	7.48	7.48	7.48	7.48	0
6	2016-04-26	8.21	8.21	8.21	8.21	700
7	2016-04-27	9.0	9.0	9.0	9.0	3000
8	2016-04-28	9.0	9.0	9.0	9.0	0
9	2016-04-29	9.0	9.0	9.0	9.0	0
10	2016-05-04	9.0	9.0	9.0	9.0	0
11	2016-05-05	9.0	9.0	9.0	9.0	500
12	2016-05-06	9.0	9.0	9.0	9.0	0
13	2016-05-09	9.0	9.0	9.0	9.0	0
14	2016-05-10	9.0	9.0	9.0	9.0	0
15	2016-05-11	9.0	9.0	9.0	9.0	0
16	2016-05-12	9.0	9.0	9.0	9.0	0
17	2016-05-13	9.0	9.0	9.0	9.0	0
18	2016-05-16	9.0	9.0	9.0	9.0	0
19	2016-05-17	9.0	9.0	9.0	9.0	0
20	2016-05-18	9.0	9.0	9.0	9.0	0
21	2016-05-19	8.52	9.12	8.52	9.12	200
22	2016-05-20	9.12	9.12	9.12	9.12	900
23	2016-05-23	9.12	9.12	9.12	9.12	0
24	2016-05-24	9.12	9.12	9.12	9.12	0
25	2016-05-25	9.12	9.12	9.12	9.12	0
26	2016-05-26	9.12	9.12	9.12	9.12	0
27	2016-05-27	9.12	9.12	9.12	9.12	0
28	2016-05-30	9.12	9.12	9.12	9.12	0
29	2016-05-31	9.12	9.12	9.12	9.12	0
30	2016-06-01	9.12	9.12	9.12	9.12	0
31	2016-06-02	9.12	9.12	9.12	9.12	0
32	2016-06-03	9.12	9.12	9.12	9.12	0
33	2016-06-06	9.12	9.12	9.12	9.12	0
34	2016-06-07	9.12	10.04	9.12	10.04	2100
35	2016-06-08	10.64	10.64	10.64	10.64	100
36	2016-06-09	11.56	11.56	11.56	11.56	100
37	2016-06-10	11.56	11.56	11.56	11.56	0
38	2016-06-13	11.56	11.56	11.56	11.56	0
39	2016-06-14	11.56	11.56	11.56	11.56	0
40	2016-06-15	11.56	11.56	11.56	11.56	0
41	2016-06-16	11.56	11.56	11.56	11.56	0
42	2016-06-17	11.56	11.56	11.56	11.56	0
43	2016-06-20	11.56	11.56	11.56	11.56	0
44	2016-06-21	11.56	11.56	11.56	11.56	0
45	2016-06-22	11.56	11.56	11.56	11.56	0
46	2016-06-23	11.56	11.56	11.56	11.56	0
47	2016-06-24	11.56	11.56	11.56	11.56	0
48	2016-06-27	11.56	11.56	11.56	11.56	0
49	2016-06-28	11.56	11.56	11.56	11.56	0
50	2016-06-29	11.56	11.56	11.56	11.56	0
51	2016-06-30	11.56	11.56	11.56	11.56	0
52	2016-07-01	11.56	11.56	11.56	11.56	0
53	2016-07-04	11.56	11.56	11.56	11.56	0
54	2016-07-05	11.56	11.56	11.56	11.56	0
55	2016-07-06	11.56	11.56	11.56	11.56	0
56	2016-07-07	11.56	11.56	11.56	11.56	0
57	2016-07-08	11.56	11.56	11.56	11.56	0
58	2016-07-11	11.56	11.56	11.56	11.56	0
59	2016-07-12	11.56	11.56	11.56	11.56	0
60	2016-07-13	11.56	11.56	11.56	11.56	0
61	2016-07-14	11.56	11.56	11.56	11.56	0
62	2016-07-15	11.56	11.56	11.56	11.56	0
63	2016-07-18	11.56	11.56	11.56	11.56	0
64	2016-07-19	11.56	11.56	11.56	11.56	0
65	2016-07-20	11.56	11.56	11.56	11.56	0
66	2016-07-21	11.56	11.56	11.56	11.56	0
67	2016-07-22	11.56	11.56	11.56	11.56	0
68	2016-07-25	11.56	11.56	11.56	11.56	0
69	2016-07-26	11.56	11.56	11.56	11.56	0
70	2016-07-27	11.56	11.56	11.56	11.56	0
71	2016-07-28	11.56	11.56	11.56	11.56	0
72	2016-07-29	11.56	11.56	11.56	11.56	0
73	2016-08-01	11.56	11.56	11.56	11.56	0
74	2016-08-02	11.56	11.56	11.56	11.56	0
75	2016-08-03	11.56	11.56	11.56	11.56	0
76	2016-08-04	11.56	11.56	11.56	11.56	0
77	2016-08-05	11.56	11.56	11.56	11.56	0
78	2016-08-08	11.56	11.56	11.56	11.56	0
79	2016-08-09	11.56	11.56	11.56	11.56	0
80	2016-08-10	11.56	11.56	11.56	11.56	0
81	2016-08-11	11.56	11.56	11.56	11.56	0
82	2016-08-12	11.56	11.56	11.56	11.56	0
83	2016-08-15	11.56	11.56	11.56	11.56	0
84	2016-08-16	11.56	11.56	11.56	11.56	0
85	2016-08-17	11.56	11.56	11.56	11.56	0
86	2016-08-18	11.56	11.56	11.56	11.56	0
87	2016-08-19	11.56	11.56	11.56	11.56	0
88	2016-08-22	11.56	11.56	11.56	11.56	0
89	2016-08-23	11.56	11.56	11.56	11.56	0
90	2016-08-24	11.56	11.56	11.56	11.56	0
91	2016-08-25	11.56	11.56	11.56	11.56	0
92	2016-08-26	11.56	11.56	11.56	11.56	0
93	2016-08-29	11.56	11.56	11.56	11.56	0
94	2016-08-30	11.56	11.56	11.56	11.56	0
95	2016-08-31	11.56	11.56	11.56	11.56	0
96	2016-09-01	11.56	11.56	11.56	11.56	0
97	2016-09-05	11.56	11.56	11.56	11.56	0
98	2016-09-06	11.56	11.56	11.56	11.56	0
99	2016-09-07	11.56	11.56	11.56	11.56	0
100	2016-09-08	11.56	11.56	11.56	11.56	0
101	2016-09-09	11.56	11.56	11.56	11.56	0
102	2016-09-12	11.56	11.56	11.56	11.56	0
103	2016-09-13	11.56	11.56	11.56	11.56	0
104	2016-09-14	11.56	11.56	11.56	11.56	0
105	2016-09-15	11.56	11.56	11.56	11.56	0
106	2016-09-16	11.56	11.56	11.56	11.56	0
107	2016-09-19	11.56	11.56	11.56	11.56	0
108	2016-09-20	11.56	11.56	11.56	11.56	0
109	2016-09-21	11.56	11.56	11.56	11.56	0
110	2016-09-22	11.56	11.56	11.56	11.56	0
111	2016-09-23	11.56	11.56	11.56	11.56	0
112	2016-09-26	11.56	11.56	11.56	11.56	0
113	2016-09-27	11.56	11.56	11.56	11.56	0
114	2016-09-28	11.56	11.56	11.56	11.56	0
115	2016-09-29	11.56	11.56	11.56	11.56	0
116	2016-09-30	11.56	11.56	11.56	11.56	0
117	2016-10-03	11.56	11.56	11.56	11.56	0
118	2016-10-04	11.56	11.56	11.56	11.56	0
119	2016-10-05	11.56	11.56	11.56	11.56	0
120	2016-10-06	11.56	11.56	11.56	11.56	0
121	2016-10-07	11.56	11.56	11.56	11.56	0
122	2016-10-10	11.56	11.56	11.56	11.56	0
123	2016-10-11	11.56	11.56	11.56	11.56	0
124	2016-10-12	11.56	11.56	11.56	11.56	0
125	2016-10-13	11.56	11.56	11.56	11.56	0
126	2016-10-14	11.56	11.56	11.56	11.56	0
127	2016-10-17	11.56	11.56	11.56	11.56	0
128	2016-10-18	11.56	11.56	11.56	11.56	0
129	2016-10-19	11.56	11.56	11.56	11.56	0
130	2016-10-20	11.56	11.56	11.56	11.56	0
131	2016-10-21	11.56	11.56	11.56	11.56	0
132	2016-10-24	11.56	11.56	11.56	11.56	0
133	2016-10-25	11.56	11.56	11.56	11.56	0
134	2016-10-26	11.56	11.56	11.56	11.56	0
135	2016-10-27	11.56	11.56	11.56	11.56	0
136	2016-10-28	11.56	11.56	11.56	11.56	0
137	2016-10-31	11.56	11.56	11.56	11.56	0
138	2016-11-01	11.56	11.56	11.56	11.56	0
139	2016-11-02	11.56	11.56	11.56	11.56	0
140	2016-11-03	11.56	11.56	11.56	11.56	0
141	2016-11-04	11.56	11.56	11.56	11.56	0
142	2016-11-07	11.56	11.56	11.56	11.56	0
143	2016-11-08	11.56	11.56	11.56	11.56	0
144	2016-11-09	11.56	11.56	11.56	11.56	0
145	2016-11-10	11.56	11.56	11.56	11.56	0
146	2016-11-11	11.56	11.56	11.56	11.56	0
147	2016-11-14	11.56	11.56	11.56	11.56	0
148	2016-11-15	11.56	11.56	11.56	11.56	0
149	2016-11-16	12.71	12.71	12.71	12.71	100
150	2016-11-17	12.71	12.71	12.71	12.71	0
151	2016-11-18	12.71	12.71	12.71	12.71	0
152	2016-11-21	11.56	11.56	11.56	11.56	100
153	2016-11-22	11.56	11.56	11.56	11.56	0
154	2016-11-23	11.56	11.56	11.56	11.56	0
155	2016-11-24	11.56	11.56	11.56	11.56	0
156	2016-11-25	11.56	11.56	11.56	11.56	0
157	2016-11-28	11.56	11.56	11.56	11.56	0
158	2016-11-29	11.56	11.56	11.56	11.56	0
159	2016-11-30	11.56	11.56	11.56	11.56	0
160	2016-12-01	10.4	10.4	10.4	10.4	100
161	2016-12-02	9.73	9.73	9.73	9.73	100
162	2016-12-05	9.73	9.73	9.73	9.73	0
163	2016-12-06	9.73	9.73	9.73	9.73	0
164	2016-12-07	9.73	9.73	9.73	9.73	0
165	2016-12-08	9.73	9.73	9.73	9.73	0
166	2016-12-09	9.73	9.73	9.73	9.73	0
167	2016-12-12	9.73	9.73	9.73	9.73	0
168	2016-12-13	9.73	9.73	9.73	9.73	0
169	2016-12-14	9.73	9.73	9.73	9.73	0
170	2016-12-15	9.73	9.73	9.73	9.73	0
171	2016-12-16	9.73	9.73	9.73	9.73	0
172	2016-12-19	9.73	9.73	9.73	9.73	0
173	2016-12-20	9.73	9.73	9.73	9.73	0
174	2016-12-21	9.73	9.73	9.73	9.73	0
175	2016-12-22	9.73	9.73	9.73	9.73	0
176	2016-12-23	9.73	9.73	9.73	9.73	0
177	2016-12-26	9.73	9.73	9.73	9.73	0
178	2016-12-27	9.73	9.73	9.73	9.73	0
179	2016-12-28	9.73	9.73	9.73	9.73	0
180	2016-12-29	9.73	9.73	9.73	9.73	0
181	2016-12-30	9.73	9.73	9.73	9.73	0
182	2017-01-03	9.73	9.73	9.73	9.73	0
183	2017-01-04	9.73	9.73	9.73	9.73	0
184	2017-01-05	9.73	9.73	9.73	9.73	0
185	2017-01-06	9.73	9.73	9.73	9.73	0
186	2017-01-09	9.73	9.73	9.73	9.73	0
187	2017-01-10	9.73	9.73	9.73	9.73	0
188	2017-01-11	9.73	9.73	9.73	9.73	0
189	2017-01-12	9.73	9.73	9.73	9.73	0
190	2017-01-13	9.73	9.73	9.73	9.73	0
191	2017-01-16	9.73	9.73	9.73	9.73	0
192	2017-01-17	9.73	9.73	9.73	9.73	0
193	2017-01-18	9.73	9.73	9.73	9.73	0
194	2017-01-19	9.73	9.73	9.73	9.73	0
195	2017-01-20	9.73	9.73	9.73	9.73	0
196	2017-01-23	9.73	9.73	9.73	9.73	0
197	2017-01-24	9.73	9.73	9.73	9.73	0
198	2017-01-25	9.73	9.73	9.73	9.73	0
199	2017-02-02	9.73	9.73	9.73	9.73	0
200	2017-02-03	9.73	9.73	9.73	9.73	0
201	2017-02-06	9.73	9.73	9.73	9.73	0
202	2017-02-07	9.73	9.73	9.73	9.73	0
203	2017-02-08	9.73	9.73	9.73	9.73	0
204	2017-02-09	9.73	9.73	9.73	9.73	0
205	2017-02-10	9.73	9.73	9.73	9.73	0
206	2017-02-13	9.73	9.73	9.73	9.73	0
207	2017-02-14	9.73	9.73	9.73	9.73	0
208	2017-02-15	9.73	9.73	9.73	9.73	0
209	2017-02-16	9.73	9.73	9.73	9.73	0
210	2017-02-17	9.73	9.73	9.73	9.73	0
211	2017-02-20	9.73	9.73	9.73	9.73	0
212	2017-02-21	9.73	9.73	9.73	9.73	2000
213	2017-02-22	9.12	9.12	9.12	9.12	300
214	2017-02-23	9.12	9.12	9.12	9.12	0
215	2017-02-24	9.12	9.12	9.12	9.12	0
216	2017-02-27	9.12	9.12	9.12	9.12	0
217	2017-02-28	9.12	9.12	9.12	9.12	0
218	2017-03-01	9.12	9.12	9.12	9.12	0
219	2017-03-02	9.12	9.12	9.12	9.12	0
220	2017-03-03	9.12	9.12	9.12	9.12	0
221	2017-03-06	9.12	9.12	9.12	9.12	0
222	2017-03-07	9.43	9.43	9.43	9.43	1000
223	2017-03-08	9.43	9.43	9.43	9.43	0
224	2017-03-09	9.43	9.43	9.43	9.43	0
225	2017-03-10	9.43	9.43	9.43	9.43	0
226	2017-03-13	9.43	9.43	9.43	9.43	0
227	2017-03-14	9.43	9.43	9.43	9.43	0
228	2017-03-15	9.43	9.43	9.43	9.43	0
229	2017-03-16	9.43	9.43	9.43	9.43	0
230	2017-03-17	9.43	9.43	9.43	9.43	0
231	2017-03-20	9.43	9.43	9.43	9.43	0
232	2017-03-21	9.43	9.43	9.43	9.43	0
233	2017-03-22	9.43	9.43	9.43	9.43	0
234	2017-03-23	9.43	9.43	9.43	9.43	0
235	2017-03-24	9.43	9.43	9.43	9.43	0
236	2017-03-27	9.43	9.43	9.43	9.43	0
237	2017-03-28	9.43	9.43	9.43	9.43	0
238	2017-03-29	9.43	9.43	9.43	9.43	0
239	2017-03-30	9.43	9.43	9.43	9.43	0
240	2017-03-31	9.43	9.43	9.43	9.43	0
241	2017-04-03	9.43	9.43	9.43	9.43	0
242	2017-04-04	9.43	9.43	9.43	9.43	0
243	2017-04-05	9.43	9.43	9.43	9.43	0
244	2017-04-07	9.43	9.43	9.43	9.43	0
245	2017-04-10	9.43	9.43	9.43	9.43	0
246	2017-04-11	9.43	9.43	9.43	9.43	0
247	2017-04-12	9.43	9.43	9.43	9.43	0
248	2017-04-13	9.43	9.43	9.43	9.43	0
249	2017-04-14	9.43	9.43	9.43	9.43	0
250	2017-04-17	9.43	9.43	9.43	9.43	0
251	2017-04-18	9.43	9.43	9.43	9.43	0
252	2017-04-19	9.43	9.43	9.43	9.43	0
253	2017-04-20	9.43	9.43	9.43	9.43	0
254	2017-04-21	9.43	9.43	9.43	9.43	0
255	2017-04-24	9.43	9.43	9.43	9.43	0
256	2017-04-25	9.43	9.43	9.43	9.43	0
257	2017-04-26	9.43	9.43	9.43	9.43	0
258	2017-04-27	9.43	9.43	9.43	9.43	0
259	2017-04-28	9.43	9.43	9.43	9.43	300
260	2017-05-03	9.43	9.43	9.43	9.43	0
261	2017-05-04	9.43	9.43	9.43	9.43	0
262	2017-05-05	9.43	9.43	9.43	9.43	0
263	2017-05-08	9.43	9.43	9.43	9.43	0
264	2017-05-09	9.43	9.43	9.43	9.43	0
265	2017-05-10	9.43	9.43	9.43	9.43	0
266	2017-05-11	9.43	9.43	9.43	9.43	0
267	2017-05-12	9.43	9.43	9.43	9.43	0
268	2017-05-15	9.43	9.43	9.43	9.43	0
269	2017-05-16	9.43	9.43	9.43	9.43	0
270	2017-05-17	9.43	9.43	9.43	9.43	0
271	2017-05-18	9.43	9.43	9.43	9.43	0
272	2017-05-19	9.43	9.43	9.43	9.43	0
273	2017-05-22	9.43	9.43	9.43	9.43	0
274	2017-05-23	9.43	9.43	9.43	9.43	0
275	2017-05-24	9.43	9.43	9.43	9.43	0
276	2017-05-25	9.43	9.43	9.43	9.43	0
277	2017-05-26	9.43	9.43	9.43	9.43	0
278	2017-05-29	9.43	9.43	9.43	9.43	0
279	2017-05-30	9.43	9.43	9.43	9.43	0
280	2017-05-31	9.43	9.43	9.43	9.43	0
281	2017-06-01	9.43	9.43	9.43	9.43	0
282	2017-06-02	9.43	9.43	9.43	9.43	0
283	2017-06-05	9.43	9.43	9.43	9.43	0
284	2017-06-06	9.43	9.43	9.43	9.43	0
285	2017-06-07	9.43	9.43	9.43	9.43	0
286	2017-06-08	9.43	9.43	9.43	9.43	0
287	2017-06-09	9.43	9.43	9.43	9.43	0
288	2017-06-12	9.43	9.43	9.43	9.43	0
289	2017-06-13	9.43	9.43	9.43	9.43	0
290	2017-06-14	9.43	9.43	9.43	9.43	0
291	2017-06-15	9.43	9.43	9.43	9.43	0
292	2017-06-16	9.43	9.43	9.43	9.43	0
293	2017-06-19	9.43	9.43	9.43	9.43	0
294	2017-06-20	9.43	9.43	9.43	9.43	0
295	2017-06-21	9.43	9.43	9.43	9.43	0
296	2017-06-22	9.43	9.43	9.43	9.43	0
297	2017-06-23	9.43	9.43	9.43	9.43	0
298	2017-06-26	9.43	9.43	9.43	9.43	0
299	2017-06-27	9.43	9.43	9.43	9.43	0
300	2017-06-28	9.43	9.43	9.43	9.43	0
301	2017-06-29	9.43	9.43	9.43	9.43	0
302	2017-06-30	9.43	9.43	9.43	9.43	0
303	2017-07-03	10.26	10.26	10.26	10.26	100
304	2017-07-04	10.26	10.26	10.26	10.26	0
305	2017-07-05	10.26	10.26	10.26	10.26	0
306	2017-07-06	10.26	10.26	10.26	10.26	0
307	2017-07-07	10.26	10.26	10.26	10.26	0
308	2017-07-10	10.26	10.26	10.26	10.26	0
309	2017-07-11	10.26	10.26	10.26	10.26	0
310	2017-07-12	10.26	10.26	10.26	10.26	0
311	2017-07-13	10.26	10.26	10.26	10.26	0
312	2017-07-14	10.26	10.26	10.26	10.26	0
313	2017-07-17	10.26	10.26	10.26	10.26	0
314	2017-07-18	10.26	10.26	10.26	10.26	0
315	2017-07-19	10.26	10.26	10.26	10.26	0
316	2017-07-20	10.26	10.26	10.26	10.26	0
317	2017-07-21	10.26	10.26	10.26	10.26	0
318	2017-07-24	10.26	10.26	10.26	10.26	0
319	2017-07-25	10.26	10.26	10.26	10.26	0
320	2017-07-26	10.26	10.26	10.26	10.26	0
321	2017-07-27	10.26	10.26	10.26	10.26	0
322	2017-07-28	10.26	10.26	10.26	10.26	0
323	2017-07-31	10.26	10.26	10.26	10.26	0
324	2017-08-01	10.26	10.26	10.26	10.26	0
325	2017-08-02	10.26	10.26	10.26	10.26	0
326	2017-08-03	10.26	10.26	10.26	10.26	0
327	2017-08-04	10.26	10.26	10.26	10.26	0
328	2017-08-07	10.26	10.26	10.26	10.26	0
329	2017-08-08	10.26	10.26	10.26	10.26	0
330	2017-08-09	10.26	10.26	10.26	10.26	0
331	2017-08-10	10.26	10.26	10.26	10.26	0
332	2017-08-11	10.26	10.26	10.26	10.26	0
333	2017-08-14	10.26	10.26	10.26	10.26	0
334	2017-08-15	10.26	10.26	10.26	10.26	0
335	2017-08-16	10.26	10.26	10.26	10.26	0
336	2017-08-17	10.26	10.26	10.26	10.26	0
337	2017-08-18	10.26	10.26	10.26	10.26	0
338	2017-08-21	10.26	10.26	10.26	10.26	0
339	2017-08-22	10.26	10.26	10.26	10.26	0
340	2017-08-23	10.26	10.26	10.26	10.26	0
341	2017-08-24	10.26	10.26	10.26	10.26	0
342	2017-08-25	10.26	10.26	10.26	10.26	0
343	2017-08-28	10.26	10.26	10.26	10.26	0
344	2017-08-29	10.26	10.26	10.26	10.26	0
345	2017-08-30	10.26	10.26	10.26	10.26	0
346	2017-08-31	9.62	9.62	9.62	9.62	600
347	2017-09-01	9.62	9.62	9.62	9.62	0
348	2017-09-05	9.62	9.62	9.62	9.62	0
349	2017-09-06	9.62	9.62	9.62	9.62	0
350	2017-09-07	9.62	9.62	9.62	9.62	0
351	2017-09-08	9.62	9.62	9.62	9.62	0
352	2017-09-11	9.62	9.62	9.62	9.62	0
353	2017-09-12	9.62	9.62	9.62	9.62	0
354	2017-09-13	9.62	9.62	9.62	9.62	0
355	2017-09-14	9.62	9.62	9.62	9.62	0
356	2017-09-15	9.62	9.62	9.62	9.62	0
357	2017-09-18	9.62	9.62	9.62	9.62	0
358	2017-09-19	9.62	9.62	9.62	9.62	0
359	2017-09-20	9.62	9.62	9.62	9.62	0
360	2017-09-21	9.62	9.62	9.62	9.62	0
361	2017-09-22	9.62	9.62	9.62	9.62	0
362	2017-09-25	9.62	9.62	9.62	9.62	0
363	2017-09-26	8.72	8.72	8.72	8.72	100
364	2017-09-27	8.72	8.72	8.72	8.72	0
365	2017-09-28	8.72	8.72	8.72	8.72	0
366	2017-09-29	8.72	8.72	8.72	8.72	0
367	2017-10-02	8.72	8.72	8.72	8.72	0
368	2017-10-03	8.72	8.72	8.72	8.72	0
369	2017-10-04	8.72	8.72	8.72	8.72	0
370	2017-10-05	8.72	8.72	8.72	8.72	0
371	2017-10-06	8.72	8.72	8.72	8.72	0
372	2017-10-09	8.72	8.72	8.72	8.72	0
373	2017-10-10	8.72	8.72	8.72	8.72	0
374	2017-10-11	8.72	8.72	8.72	8.72	0
375	2017-10-12	8.72	8.72	8.72	8.72	0
376	2017-10-13	8.72	8.72	8.72	8.72	0
377	2017-10-16	8.72	8.72	8.72	8.72	0
378	2017-10-17	8.72	8.72	8.72	8.72	0
379	2017-10-18	8.72	8.72	8.72	8.72	0
380	2017-10-19	8.72	8.72	8.72	8.72	0
381	2017-10-20	8.72	8.72	8.72	8.72	0
382	2017-10-23	8.72	8.72	8.72	8.72	0
383	2017-10-24	8.72	8.72	8.72	8.72	0
384	2017-10-25	8.72	8.72	8.72	8.72	0
385	2017-10-26	8.72	8.72	8.72	8.72	0
386	2017-10-27	8.72	8.72	8.72	8.72	0
387	2017-10-30	8.72	8.72	8.72	8.72	0
388	2017-10-31	8.72	8.72	8.72	8.72	0
389	2017-11-01	8.72	8.72	8.72	8.72	0
390	2017-11-02	8.72	8.72	8.72	8.72	0
391	2017-11-03	8.72	8.72	8.72	8.72	0
392	2017-11-06	8.72	8.72	8.72	8.72	0
393	2017-11-07	8.72	8.72	8.72	8.72	0
394	2017-11-08	8.72	8.72	8.72	8.72	0
395	2017-11-09	8.72	8.72	8.72	8.72	0
396	2017-11-10	8.72	8.72	8.72	8.72	0
397	2017-11-13	8.72	8.72	8.72	8.72	0
398	2017-11-14	8.72	8.72	8.72	8.72	0
399	2017-11-15	8.72	8.72	8.72	8.72	0
400	2017-11-16	8.72	8.72	8.72	8.72	0
401	2017-11-17	8.72	8.72	8.72	8.72	0
402	2017-11-20	8.72	8.72	8.72	8.72	0
403	2017-11-21	8.72	8.72	8.72	8.72	0
404	2017-11-22	8.72	8.72	8.72	8.72	0
405	2017-11-23	8.72	8.72	8.72	8.72	0
406	2017-11-24	8.72	8.72	8.72	8.72	0
407	2017-11-27	8.72	8.72	8.72	8.72	0
408	2017-11-28	8.72	8.72	8.72	8.72	0
409	2017-11-29	8.72	8.72	8.72	8.72	0
410	2017-11-30	8.72	8.72	8.72	8.72	0
411	2017-12-01	8.72	8.72	8.72	8.72	0
412	2017-12-04	8.72	8.72	8.72	8.72	0
413	2017-12-05	8.72	8.72	8.72	8.72	0
414	2017-12-06	8.72	8.72	8.72	8.72	0
415	2017-12-07	8.72	8.72	8.72	8.72	0
416	2017-12-08	8.98	8.98	8.98	8.98	100
417	2017-12-11	8.98	8.98	8.98	8.98	0
418	2017-12-12	8.98	8.98	8.98	8.98	0
419	2017-12-13	8.98	8.98	8.98	8.98	0
420	2017-12-14	8.98	8.98	8.98	8.98	0
421	2017-12-15	8.98	8.98	8.98	8.98	0
422	2017-12-18	8.98	8.98	8.98	8.98	0
423	2017-12-19	8.98	8.98	8.98	8.98	0
424	2017-12-20	8.98	8.98	8.98	8.98	0
425	2017-12-21	8.98	8.98	8.98	8.98	0
426	2017-12-22	8.98	8.98	8.98	8.98	0
427	2017-12-25	8.98	8.98	8.98	8.98	0
428	2017-12-26	8.98	8.98	8.98	8.98	0
429	2017-12-27	8.98	8.98	8.98	8.98	0
430	2017-12-28	8.98	8.98	8.98	8.98	0
431	2017-12-29	8.98	8.98	8.98	8.98	0
432	2018-01-02	8.98	8.98	8.98	8.98	0
433	2018-01-03	8.98	8.98	8.98	8.98	0
434	2018-01-04	8.98	8.98	8.98	8.98	0
435	2018-01-05	8.98	8.98	8.98	8.98	0
436	2018-01-08	9.88	9.88	9.88	9.88	3300
437	2018-01-09	10.84	10.84	10.84	10.84	100
438	2018-01-10	10.84	10.84	10.84	10.84	0
439	2018-01-11	9.81	9.81	9.81	9.81	100
440	2018-01-12	9.81	9.81	9.81	9.81	0
441	2018-01-15	9.81	9.81	9.81	9.81	0
442	2018-01-16	9.81	9.81	9.81	9.81	0
443	2018-01-17	9.81	9.81	9.81	9.81	0
444	2018-01-18	9.81	9.81	9.81	9.81	0
445	2018-01-19	9.81	9.81	9.81	9.81	0
446	2018-01-22	9.81	9.81	9.81	9.81	0
447	2018-01-23	9.81	9.81	9.81	9.81	0
448	2018-01-24	9.81	9.81	9.81	9.81	0
449	2018-01-25	10.33	10.33	10.33	10.33	100
450	2018-01-26	10.33	10.33	10.33	10.33	0
451	2018-01-29	10.33	10.33	10.33	10.33	0
452	2018-01-30	10.33	10.33	10.33	10.33	0
453	2018-01-31	10.33	10.33	10.33	10.33	0
454	2018-02-01	10.33	10.33	10.33	10.33	0
455	2018-02-02	11.29	11.29	11.29	11.29	100
456	2018-02-05	11.29	11.29	11.29	11.29	0
457	2018-02-06	11.29	11.29	11.29	11.29	0
458	2018-02-07	11.29	11.29	11.29	11.29	0
459	2018-02-08	11.29	11.29	11.29	11.29	0
460	2018-02-09	11.29	11.29	11.29	11.29	0
461	2018-02-12	11.29	11.29	11.29	11.29	0
462	2018-02-13	11.29	11.29	11.29	11.29	0
463	2018-02-21	11.29	11.29	11.29	11.29	0
464	2018-02-22	11.29	11.29	11.29	11.29	0
465	2018-02-23	11.29	11.29	11.29	11.29	0
466	2018-02-26	11.29	11.29	11.29	11.29	0
467	2018-02-27	11.29	11.29	11.29	11.29	0
468	2018-02-28	11.29	11.29	11.29	11.29	0
469	2018-03-01	11.29	11.29	11.29	11.29	0
470	2018-03-02	11.29	11.29	11.29	11.29	0
471	2018-03-05	11.29	11.29	11.29	11.29	0
472	2018-03-06	11.29	11.29	11.29	11.29	0
473	2018-03-07	11.29	11.29	11.29	11.29	0
474	2018-03-08	11.29	11.29	11.29	11.29	0
475	2018-03-09	11.29	11.29	11.29	11.29	0
476	2018-03-12	11.29	11.29	11.29	11.29	0
477	2018-03-13	11.29	11.29	11.29	11.29	0
478	2018-03-14	11.29	11.29	11.29	11.29	0
479	2018-03-15	11.29	11.29	11.29	11.29	0
480	2018-03-16	10.2	12.31	10.2	10.2	300
481	2018-03-19	9.24	9.24	9.24	9.24	100
482	2018-03-20	9.24	9.24	9.24	9.24	6
483	2018-03-21	9.24	9.24	9.24	9.24	0
484	2018-03-22	9.24	9.24	9.24	9.24	0
485	2018-03-23	9.24	9.24	9.24	9.24	0
486	2018-03-26	9.24	9.24	9.24	9.24	0
487	2018-03-27	9.24	9.24	9.24	9.24	0
488	2018-03-28	9.24	9.24	9.24	9.24	0
489	2018-03-29	9.24	9.24	9.24	9.24	1
490	2018-03-30	9.24	9.24	9.24	9.24	0
491	2018-04-02	10.13	10.13	10.13	10.13	100
492	2018-04-03	10.13	10.13	10.13	10.13	0
493	2018-04-04	10.13	10.13	10.13	10.13	0
494	2018-04-05	10.13	10.13	10.13	10.13	0
495	2018-04-06	10.13	10.13	10.13	10.13	0
496	2018-04-09	10.13	10.13	10.13	10.13	0
497	2018-04-10	10.13	10.13	10.13	10.13	0
498	2018-04-11	10.13	10.13	10.13	10.13	0
499	2018-04-12	10.13	10.13	10.13	10.13	0
500	2018-04-13	10.13	10.13	10.13	10.13	0
501	2018-04-16	10.13	10.13	10.13	10.13	0
502	2018-04-17	10.13	10.13	10.13	10.13	0
503	2018-04-18	10.13	10.13	10.13	10.13	0
504	2018-04-19	10.13	10.13	10.13	10.13	0
505	2018-04-20	10.13	10.13	10.13	10.13	0
506	2018-04-23	10.13	10.13	10.13	10.13	1000
507	2018-04-24	10.13	10.13	10.13	10.13	0
508	2018-04-26	10.13	10.13	10.13	10.13	0
509	2018-04-27	10.13	10.13	10.13	10.13	0
510	2018-05-02	10.13	10.13	10.13	10.13	0
511	2018-05-03	10.13	10.13	10.13	10.13	0
512	2018-05-04	10.13	10.13	10.13	10.13	0
513	2018-05-07	10.13	10.13	10.13	10.13	0
514	2018-05-08	10.13	10.13	10.13	10.13	0
515	2018-05-09	10.13	10.13	10.13	10.13	0
516	2018-05-10	10.13	10.13	10.13	10.13	0
517	2018-05-11	10.13	10.13	10.13	10.13	0
518	2018-05-14	10.13	10.13	10.13	10.13	0
519	2018-05-15	10.13	10.13	10.13	10.13	0
520	2018-05-16	10.13	10.13	10.13	10.13	0
521	2018-05-17	10.13	10.13	10.13	10.13	0
522	2018-05-18	10.13	10.13	10.13	10.13	0
523	2018-05-21	10.13	10.13	10.13	10.13	0
524	2018-05-22	10.13	10.13	10.13	10.13	0
525	2018-05-23	10.13	10.13	10.13	10.13	0
526	2018-05-24	10.13	10.13	10.13	10.13	0
527	2018-05-25	10.13	10.13	10.13	10.13	0
528	2018-05-28	10.13	10.13	10.13	10.13	0
529	2018-05-29	10.13	10.13	10.13	10.13	0
530	2018-05-30	10.13	10.13	10.13	10.13	0
531	2018-05-31	10.13	10.13	10.13	10.13	0
532	2018-06-01	10.13	10.13	10.13	10.13	0
533	2018-06-04	10.13	10.13	10.13	10.13	0
534	2018-06-05	10.13	10.13	10.13	10.13	0
535	2018-06-06	10.13	10.13	10.13	10.13	0
536	2018-06-07	10.13	10.13	10.13	10.13	0
537	2018-06-08	10.13	10.13	10.13	10.13	0
538	2018-06-11	10.13	10.13	10.13	10.13	0
539	2018-06-12	10.13	10.13	10.13	10.13	0
540	2018-06-13	10.13	10.13	10.13	10.13	0
541	2018-06-14	10.13	10.13	10.13	10.13	0
542	2018-06-15	10.13	10.13	10.13	10.13	0
543	2018-06-18	10.13	10.13	10.13	10.13	0
544	2018-06-19	10.13	10.13	10.13	10.13	0
545	2018-06-20	10.13	10.13	10.13	10.13	0
546	2018-06-21	10.13	10.13	10.13	10.13	0
547	2018-06-22	10.13	10.13	10.13	10.13	0
548	2018-06-25	10.13	10.13	10.13	10.13	0
549	2018-06-26	10.13	10.13	10.13	10.13	0
550	2018-06-27	10.13	10.13	10.13	10.13	0
551	2018-06-28	10.13	10.13	10.13	10.13	0
552	2018-06-29	10.13	10.13	10.13	10.13	0
553	2018-07-02	10.13	10.13	10.13	10.13	0
554	2018-07-03	10.13	10.13	10.13	10.13	0
555	2018-07-04	10.13	10.13	10.13	10.13	0
556	2018-07-05	10.13	10.13	10.13	10.13	0
557	2018-07-06	10.13	10.13	10.13	10.13	0
558	2018-07-09	10.13	10.13	10.13	10.13	0
559	2018-07-10	10.13	10.13	10.13	10.13	0
560	2018-07-11	10.13	10.13	10.13	10.13	0
561	2018-07-12	10.13	10.13	10.13	10.13	0
562	2018-07-13	10.13	10.13	10.13	10.13	0
563	2018-07-16	10.13	10.13	10.13	10.13	0
564	2018-07-17	10.13	10.13	10.13	10.13	0
565	2018-07-18	10.13	10.13	10.13	10.13	0
566	2018-07-19	10.13	10.13	10.13	10.13	0
567	2018-07-20	10.13	10.13	10.13	10.13	0
568	2018-07-23	10.13	10.13	10.13	10.13	0
569	2018-07-24	10.13	10.13	10.13	10.13	0
570	2018-07-25	10.13	10.13	10.13	10.13	0
571	2018-07-26	10.13	10.13	10.13	10.13	0
572	2018-07-27	10.13	10.13	10.13	10.13	0
573	2018-07-30	10.13	10.13	10.13	10.13	0
574	2018-07-31	11.09	11.09	11.09	11.09	100
575	2018-08-01	11.09	11.09	11.09	11.09	0
576	2018-08-02	11.09	11.09	11.09	11.09	0
577	2018-08-03	11.09	11.09	11.09	11.09	0
578	2018-08-06	11.09	11.09	11.09	11.09	0
579	2018-08-07	11.09	11.09	11.09	11.09	0
580	2018-08-08	11.09	11.09	11.09	11.09	0
581	2018-08-09	11.09	11.09	11.09	11.09	0
582	2018-08-10	11.09	11.09	11.09	11.09	0
583	2018-08-13	11.09	11.09	11.09	11.09	0
584	2018-08-14	11.09	11.09	11.09	11.09	0
585	2018-08-15	11.09	11.09	11.09	11.09	0
586	2018-08-16	11.09	11.09	11.09	11.09	0
587	2018-08-17	11.09	11.09	11.09	11.09	0
588	2018-08-20	11.09	11.09	11.09	11.09	0
589	2018-08-21	11.09	11.09	11.09	11.09	0
590	2018-08-22	11.09	11.09	11.09	11.09	0
591	2018-08-23	11.09	11.09	11.09	11.09	0
592	2018-08-24	11.09	11.09	11.09	11.09	0
593	2018-08-27	11.09	11.09	11.09	11.09	0
594	2018-08-28	11.09	11.09	11.09	11.09	0
595	2018-08-29	11.09	11.09	11.09	11.09	0
596	2018-08-30	11.09	11.09	11.09	11.09	0
597	2018-08-31	11.09	11.09	11.09	11.09	0
598	2018-09-04	11.09	11.09	11.09	11.09	0
599	2018-09-05	11.09	11.09	11.09	11.09	0
600	2018-09-06	11.09	11.09	11.09	11.09	0
601	2018-09-07	11.09	11.09	11.09	11.09	0
602	2018-09-10	11.09	11.09	11.09	11.09	0
603	2018-09-11	10.07	10.07	10.07	10.07	100
604	2018-09-12	10.07	10.07	10.07	10.07	0
605	2018-09-13	10.07	10.07	10.07	10.07	0
606	2018-09-14	10.07	10.07	10.07	10.07	0
607	2018-09-17	10.07	10.07	10.07	10.07	0
608	2018-09-18	10.07	10.07	10.07	10.07	0
609	2018-09-19	10.07	10.07	10.07	10.07	0
610	2018-09-20	10.07	10.07	10.07	10.07	0
611	2018-09-21	10.07	10.07	10.07	10.07	0
612	2018-09-24	10.07	10.07	10.07	10.07	0
613	2018-09-25	10.07	10.07	10.07	10.07	0
614	2018-09-26	10.07	10.07	10.07	10.07	0
615	2018-09-27	10.07	10.07	10.07	10.07	0
616	2018-09-28	10.07	10.07	10.07	10.07	0
617	2018-10-01	10.07	10.07	10.07	10.07	0
618	2018-10-02	10.07	10.07	10.07	10.07	0
619	2018-10-03	10.07	10.07	10.07	10.07	0
620	2018-10-04	10.07	10.07	10.07	10.07	0
621	2018-10-05	10.07	10.07	10.07	10.07	0
622	2018-10-08	10.07	10.07	10.07	10.07	0
623	2018-10-09	10.07	10.07	10.07	10.07	0
624	2018-10-10	10.07	10.07	10.07	10.07	0
625	2018-10-11	10.07	10.07	10.07	10.07	0
626	2018-10-12	10.07	10.07	10.07	10.07	0
627	2018-10-15	10.07	10.07	10.07	10.07	0
628	2018-10-16	10.07	10.07	10.07	10.07	0
629	2018-10-17	10.07	10.07	10.07	10.07	0
630	2018-10-18	10.07	10.07	10.07	10.07	0
631	2018-10-19	10.07	10.07	10.07	10.07	0
632	2018-10-22	10.07	10.07	10.07	10.07	0
633	2018-10-23	10.07	10.07	10.07	10.07	0
634	2018-10-24	10.07	10.07	10.07	10.07	0
635	2018-10-25	10.07	10.07	10.07	10.07	0
636	2018-10-26	10.07	10.07	10.07	10.07	0
637	2018-10-29	10.07	10.07	10.07	10.07	0
638	2018-10-30	10.07	10.07	10.07	10.07	0
639	2018-10-31	10.07	10.07	10.07	10.07	0
640	2018-11-01	10.07	10.07	10.07	10.07	0
641	2018-11-02	10.07	10.07	10.07	10.07	0
642	2018-11-05	10.07	10.07	10.07	10.07	0
643	2018-11-06	10.07	10.07	10.07	10.07	0
644	2018-11-07	10.07	10.07	10.07	10.07	0
645	2018-11-08	10.07	10.07	10.07	10.07	0
646	2018-11-09	10.07	10.07	10.07	10.07	0
647	2018-11-12	10.07	10.07	10.07	10.07	0
648	2018-11-13	10.07	10.07	10.07	10.07	0
649	2018-11-14	10.07	10.07	10.07	10.07	0
650	2018-11-15	10.07	10.07	10.07	10.07	0
651	2018-11-16	10.07	10.07	10.07	10.07	0
652	2018-11-19	10.07	10.07	10.07	10.07	0
653	2018-11-20	10.07	10.07	10.07	10.07	0
654	2018-11-21	10.07	10.07	10.07	10.07	0
655	2018-11-22	10.07	10.07	10.07	10.07	0
656	2018-11-23	10.07	10.07	10.07	10.07	0
657	2018-11-26	10.07	10.07	10.07	10.07	0
658	2018-11-27	9.52	9.52	9.52	9.52	100
659	2018-11-28	9.52	9.52	9.52	9.52	0
660	2018-11-29	9.52	9.52	9.52	9.52	0
661	2018-11-30	9.52	9.52	9.52	9.52	0
662	2018-12-03	9.52	9.52	9.52	9.52	0
663	2018-12-04	9.52	9.52	9.52	9.52	0
664	2018-12-05	9.52	9.52	9.52	9.52	0
665	2018-12-06	9.52	9.52	9.52	9.52	0
666	2018-12-07	9.52	9.52	9.52	9.52	0
667	2018-12-10	9.52	9.52	9.52	9.52	0
668	2018-12-11	9.52	9.52	9.52	9.52	0
669	2018-12-12	9.52	9.52	9.52	9.52	0
670	2018-12-13	9.52	9.52	9.52	9.52	0
671	2018-12-14	9.52	9.52	9.52	9.52	0
672	2018-12-17	9.52	9.52	9.52	9.52	0
673	2018-12-18	9.52	9.52	9.52	9.52	0
674	2018-12-19	9.52	9.52	9.52	9.52	0
675	2018-12-20	9.52	9.52	9.52	9.52	0
676	2018-12-21	9.52	9.52	9.52	9.52	0
677	2018-12-24	9.52	9.52	9.52	9.52	0
678	2018-12-25	9.52	9.52	9.52	9.52	0
679	2018-12-26	9.52	9.52	9.52	9.52	0
680	2018-12-27	9.52	9.52	9.52	9.52	0
681	2018-12-28	9.52	9.52	9.52	9.52	0
682	2019-01-02	9.52	9.52	9.52	9.52	0
683	2019-01-03	9.52	9.52	9.52	9.52	0
684	2019-01-04	9.52	9.52	9.52	9.52	0
685	2019-01-07	9.52	9.52	9.52	9.52	0
686	2019-01-08	9.52	9.52	9.52	9.52	0
687	2019-01-09	9.52	9.52	9.52	9.52	0
688	2019-01-10	9.52	9.52	9.52	9.52	0
689	2019-01-11	9.52	9.52	9.52	9.52	0
690	2019-01-14	9.52	9.52	9.52	9.52	0
691	2019-01-15	9.52	9.52	9.52	9.52	0
692	2019-01-16	9.52	9.52	9.52	9.52	0
693	2019-01-17	9.52	9.52	9.52	9.52	0
694	2019-01-18	9.52	9.52	9.52	9.52	0
695	2019-01-21	9.52	9.52	9.52	9.52	0
696	2019-01-22	9.52	9.52	9.52	9.52	0
697	2019-01-23	9.52	9.52	9.52	9.52	0
698	2019-01-24	9.52	9.52	9.52	9.52	0
699	2019-01-25	9.52	9.52	9.52	9.52	0
700	2019-01-28	9.52	9.52	9.52	9.52	0
701	2019-01-29	9.52	9.52	9.52	9.52	0
702	2019-01-30	9.52	9.52	9.52	9.52	0
703	2019-01-31	9.52	9.52	9.52	9.52	0
704	2019-02-01	9.52	9.52	9.52	9.52	0
705	2019-02-11	9.52	9.52	9.52	9.52	0
706	2019-02-12	9.52	9.52	9.52	9.52	0
707	2019-02-13	9.52	9.52	9.52	9.52	0
708	2019-02-14	9.52	9.52	9.52	9.52	0
709	2019-02-15	9.52	9.52	9.52	9.52	0
710	2019-02-18	9.52	9.52	9.52	9.52	0
711	2019-02-19	9.52	9.52	9.52	9.52	0
712	2019-02-20	9.52	9.52	9.52	9.52	0
713	2019-02-21	9.52	9.52	9.52	9.52	0
714	2019-02-22	9.52	9.52	9.52	9.52	0
715	2019-02-25	9.52	9.52	9.52	9.52	0
716	2019-02-26	9.52	9.52	9.52	9.52	0
717	2019-02-27	9.52	9.52	9.52	9.52	0
718	2019-02-28	9.52	9.52	9.52	9.52	0
719	2019-03-01	9.52	9.52	9.52	9.52	0
720	2019-03-04	9.52	9.52	9.52	9.52	0
721	2019-03-05	9.52	9.52	9.52	9.52	0
722	2019-03-06	9.52	9.52	9.52	9.52	0
723	2019-03-07	9.52	9.52	9.52	9.52	0
724	2019-03-08	9.52	9.52	9.52	9.52	0
725	2019-03-11	9.52	9.52	9.52	9.52	0
726	2019-03-12	9.52	9.52	9.52	9.52	0
727	2019-03-13	9.52	9.52	9.52	9.52	0
728	2019-03-14	9.52	9.52	9.52	9.52	0
729	2019-03-15	9.52	9.52	9.52	9.52	0
730	2019-03-18	9.52	9.52	9.52	9.52	0
731	2019-03-19	9.52	9.52	9.52	9.52	0
732	2019-03-20	9.52	9.52	9.52	9.52	0
733	2019-03-21	9.52	9.52	9.52	9.52	0
734	2019-03-22	9.52	9.52	9.52	9.52	0
735	2019-03-25	9.52	9.52	9.52	9.52	0
736	2019-03-26	9.52	9.52	9.52	9.52	0
737	2019-03-27	9.52	9.52	9.52	9.52	0
738	2019-03-28	9.52	9.52	9.52	9.52	0
739	2019-03-29	9.52	9.52	9.52	9.52	0
740	2019-04-01	9.52	9.52	9.52	9.52	0
741	2019-04-02	9.52	9.52	9.52	9.52	0
742	2019-04-03	9.52	9.52	9.52	9.52	0
743	2019-04-04	9.52	9.52	9.52	9.52	0
744	2019-04-05	9.52	9.52	9.52	9.52	0
745	2019-04-08	9.52	9.52	9.52	9.52	0
746	2019-04-09	9.52	9.52	9.52	9.52	0
747	2019-04-10	9.52	9.52	9.52	9.52	0
748	2019-04-11	9.52	9.52	9.52	9.52	0
749	2019-04-12	9.52	9.52	9.52	9.52	0
750	2019-04-16	9.52	9.52	9.52	9.52	0
751	2019-04-17	9.52	9.52	9.52	9.52	0
752	2019-04-18	9.52	9.52	9.52	9.52	0
753	2019-04-19	9.52	9.52	9.52	9.52	0
754	2019-04-22	9.52	9.52	9.52	9.52	0
755	2019-04-23	9.52	9.52	9.52	9.52	0
756	2019-04-24	9.52	9.52	9.52	9.52	0
757	2019-04-25	10.18	10.18	10.18	10.18	0
758	2019-04-26	10.18	10.18	10.18	10.18	0
759	2019-05-02	10.18	10.18	10.18	10.18	0
760	2019-05-03	10.18	10.18	10.18	10.18	0
761	2019-05-06	10.18	10.18	10.18	10.18	0
762	2019-05-07	10.18	10.18	10.18	10.18	0
763	2019-05-08	10.18	10.18	10.18	10.18	0
764	2019-05-09	10.18	10.18	10.18	10.18	0
765	2019-05-10	10.18	10.18	10.18	10.18	0
766	2019-05-13	10.18	10.18	10.18	10.18	0
767	2019-05-14	10.18	10.18	10.18	10.18	0
768	2019-05-15	10.18	10.18	10.18	10.18	0
769	2019-05-16	10.18	10.18	10.18	10.18	0
770	2019-05-17	10.18	10.18	10.18	10.18	0
771	2019-05-20	10.18	10.18	10.18	10.18	0
772	2019-05-21	10.18	10.18	10.18	10.18	0
773	2019-05-22	10.18	10.18	10.18	10.18	0
774	2019-05-23	10.18	10.18	10.18	10.18	0
775	2019-05-24	10.18	10.18	10.18	10.18	0
776	2019-05-27	10.18	10.18	10.18	10.18	0
777	2019-05-28	10.18	10.18	10.18	10.18	0
778	2019-05-29	10.18	10.18	10.18	10.18	0
779	2019-05-30	10.18	10.18	10.18	10.18	0
780	2019-05-31	10.18	10.18	10.18	10.18	0
781	2019-06-03	10.18	10.18	10.18	10.18	0
782	2019-06-04	10.18	10.18	10.18	10.18	0
783	2019-06-05	10.18	10.18	10.18	10.18	0
784	2019-06-06	10.18	10.18	10.18	10.18	0
785	2019-06-07	10.18	10.18	10.18	10.18	0
786	2019-06-10	10.18	10.18	10.18	10.18	0
787	2019-06-11	10.18	10.18	10.18	10.18	0
788	2019-06-12	10.18	10.18	10.18	10.18	0
789	2019-06-13	10.18	10.18	10.18	10.18	0
790	2019-06-14	10.18	10.18	10.18	10.18	0
791	2019-06-17	10.18	10.18	10.18	10.18	0
792	2019-06-18	10.18	10.18	10.18	10.18	0
793	2019-06-19	10.18	10.18	10.18	10.18	0
794	2019-06-20	9.52	9.52	9.52	9.52	0
795	2019-06-21	9.52	9.52	9.52	9.52	0
796	2019-06-24	10.18	10.18	10.18	10.18	0
797	2019-06-25	10.18	10.18	10.18	10.18	0
798	2019-06-26	10.18	10.18	10.18	10.18	0
799	2019-06-27	10.18	10.18	10.18	10.18	0
800	2019-06-28	10.18	10.18	10.18	10.18	0
801	2019-07-01	10.18	10.18	10.18	10.18	0
802	2019-07-02	10.18	10.18	10.18	10.18	0
803	2019-07-03	10.18	10.18	10.18	10.18	0
804	2019-07-04	10.18	10.18	10.18	10.18	0
805	2019-07-05	10.18	10.18	10.18	10.18	0
806	2019-07-08	10.18	10.18	10.18	10.18	0
807	2019-07-09	10.18	10.18	10.18	10.18	0
808	2019-07-10	10.18	10.18	10.18	10.18	0
809	2019-07-11	10.18	10.18	10.18	10.18	0
810	2019-07-12	10.18	10.18	10.18	10.18	0
811	2019-07-15	10.18	10.18	10.18	10.18	0
812	2019-07-16	10.18	10.18	10.18	10.18	0
813	2019-07-17	10.18	10.18	10.18	10.18	0
814	2019-07-18	10.18	10.18	10.18	10.18	0
815	2019-07-19	10.18	10.18	10.18	10.18	0
816	2019-07-22	10.18	10.18	10.18	10.18	0
817	2019-07-23	10.18	10.18	10.18	10.18	0
818	2019-07-24	10.47	10.47	10.47	10.47	100
819	2019-07-25	10.47	10.47	10.47	10.47	0
820	2019-07-26	10.47	10.47	10.47	10.47	0
821	2019-07-29	10.47	10.47	10.47	10.47	0
822	2019-07-30	10.47	10.47	10.47	10.47	0
823	2019-07-31	10.47	10.47	10.47	10.47	0
824	2019-08-01	10.47	10.47	10.47	10.47	0
825	2019-08-02	10.47	10.47	10.47	10.47	0
826	2019-08-05	10.47	10.47	10.47	10.47	0
827	2019-08-06	10.47	10.47	10.47	10.47	0
828	2019-08-07	10.68	10.68	10.68	10.68	6400
829	2019-08-08	10.68	10.68	10.68	10.68	0
830	2019-08-09	10.68	10.68	10.68	10.68	200
831	2019-08-12	10.68	10.68	10.68	10.68	0
832	2019-08-13	10.68	10.68	10.68	10.68	0
833	2019-08-14	10.68	10.68	10.68	10.68	0
834	2019-08-15	10.68	10.68	10.68	10.68	0
835	2019-08-16	10.68	10.68	10.68	10.68	0
836	2019-08-19	10.68	10.68	10.68	10.68	0
837	2019-08-20	10.68	10.68	10.68	10.68	0
838	2019-08-21	10.68	10.68	10.68	10.68	0
839	2019-08-22	10.68	10.68	10.68	10.68	0
840	2019-08-23	10.68	10.68	10.68	10.68	0
841	2019-08-26	10.18	10.18	10.18	10.18	10000
842	2019-08-27	10.18	10.18	10.18	10.18	0
843	2019-08-28	10.18	10.18	10.18	10.18	0
844	2019-08-29	10.18	10.18	10.18	10.18	0
845	2019-08-30	10.18	10.18	10.18	10.18	0
846	2019-09-03	10.18	10.18	10.18	10.18	0
847	2019-09-04	10.18	10.18	9.45	9.45	900
848	2019-09-05	9.45	9.45	9.45	9.45	0
849	2019-09-06	9.45	9.45	9.45	9.45	0
850	2019-09-09	9.45	9.45	9.45	9.45	0
851	2019-09-10	9.45	9.45	9.45	9.45	0
852	2019-09-11	9.45	9.45	9.45	9.45	0
853	2019-09-12	9.45	9.45	9.45	9.45	0
854	2019-09-13	9.45	9.45	9.45	9.45	0
855	2019-09-16	9.45	9.45	9.45	9.45	0
856	2019-09-17	9.45	9.45	9.45	9.45	0
857	2019-09-18	9.45	9.45	9.45	9.45	0
858	2019-09-19	9.45	9.45	9.45	9.45	0
859	2019-09-20	9.45	9.45	9.45	9.45	0
860	2019-09-23	9.45	9.45	9.45	9.45	0
861	2019-09-24	9.45	9.45	9.45	9.45	0
862	2019-09-25	9.45	9.45	9.45	9.45	4100
863	2019-09-26	9.45	9.45	9.45	9.45	0
864	2019-09-27	9.45	9.45	9.45	9.45	0
865	2019-09-30	9.45	9.45	9.45	9.45	0
866	2019-10-01	9.45	9.45	9.45	9.45	0
867	2019-10-02	9.45	9.45	9.45	9.45	0
868	2019-10-03	9.45	9.45	9.45	9.45	0
869	2019-10-04	9.45	9.45	9.45	9.45	0
870	2019-10-07	9.45	9.45	9.45	9.45	0
871	2019-10-08	9.45	9.45	9.45	9.45	0
872	2019-10-09	9.45	9.45	9.45	9.45	1000
873	2019-10-10	9.45	9.45	9.45	9.45	4000
874	2019-10-11	9.45	9.45	9.45	9.45	0
875	2019-10-14	10.39	10.39	10.39	10.39	100
876	2019-10-15	10.39	10.39	10.39	10.39	0
877	2019-10-16	11.41	11.41	11.41	11.41	100
878	2019-10-17	12.5	12.5	12.5	12.5	100
879	2019-10-18	12.5	12.5	12.5	12.5	0
880	2019-10-21	12.5	12.5	12.5	12.5	0
881	2019-10-22	12.5	12.5	12.5	12.5	0
882	2019-10-23	12.5	12.5	12.5	12.5	0
883	2019-10-24	12.5	12.5	12.5	12.5	0
884	2019-10-25	12.5	12.5	12.5	12.5	0
885	2019-10-28	12.5	12.5	12.5	12.5	0
886	2019-10-29	12.5	12.5	12.5	12.5	0
887	2019-10-30	12.5	12.5	12.5	12.5	0
888	2019-10-31	12.5	12.5	12.5	12.5	0
889	2019-11-01	12.5	12.5	12.5	12.5	0
890	2019-11-04	12.5	12.5	12.5	12.5	0
891	2019-11-05	13.74	13.74	13.74	13.74	100
892	2019-11-06	13.74	13.74	13.74	13.74	0
893	2019-11-07	13.74	13.74	13.74	13.74	0
894	2019-11-08	13.74	13.74	13.74	13.74	0
895	2019-11-11	13.74	13.74	13.74	13.74	0
896	2019-11-12	13.74	13.74	13.74	13.74	0
897	2019-11-13	13.74	13.74	13.74	13.74	0
898	2019-11-14	13.74	13.74	13.74	13.74	0
899	2019-11-15	13.74	13.74	13.74	13.74	0
900	2019-11-18	13.74	13.74	13.74	13.74	0
901	2019-11-19	13.74	13.74	13.74	13.74	0
902	2019-11-20	13.74	13.74	13.74	13.74	0
903	2019-11-21	13.74	13.74	13.74	13.74	0
904	2019-11-22	13.74	13.74	13.74	13.74	0
905	2019-11-25	13.74	13.74	13.74	13.74	0
906	2019-11-26	13.74	13.74	13.74	13.74	0
907	2019-11-27	13.74	13.74	13.74	13.74	0
908	2019-11-28	13.74	13.74	13.74	13.74	0
909	2019-11-29	13.74	13.74	13.74	13.74	0
910	2019-12-02	13.74	13.74	13.74	13.74	0
911	2019-12-03	15.05	15.05	15.05	15.05	100
912	2019-12-04	15.05	15.05	15.05	15.05	0
913	2019-12-05	15.05	15.05	15.05	15.05	0
914	2019-12-06	15.05	15.05	15.05	15.05	0
915	2019-12-09	15.05	15.05	15.05	15.05	0
916	2019-12-10	15.05	15.05	15.05	15.05	0
917	2019-12-11	15.05	15.05	15.05	15.05	0
918	2019-12-12	15.05	15.05	15.05	15.05	0
919	2019-12-13	15.05	15.05	15.05	15.05	0
920	2019-12-16	15.05	15.05	15.05	15.05	0
921	2019-12-17	15.05	15.05	15.05	15.05	0
922	2019-12-18	15.05	15.05	15.05	15.05	0
923	2019-12-19	15.05	15.05	15.05	15.05	0
924	2019-12-20	15.05	15.05	15.05	15.05	0
925	2019-12-23	15.05	15.05	15.05	15.05	0
926	2019-12-24	15.05	15.05	15.05	15.05	0
927	2019-12-25	15.05	15.05	15.05	15.05	0
928	2019-12-26	15.05	15.05	15.05	15.05	0
929	2019-12-27	15.05	15.05	15.05	15.05	0
930	2019-12-30	15.05	15.05	15.05	15.05	0
931	2019-12-31	15.05	15.05	15.05	15.05	0
932	2020-01-02	15.05	15.05	15.05	15.05	0
933	2020-01-03	15.05	15.05	15.05	15.05	0
934	2020-01-06	15.05	15.05	15.05	15.05	0
935	2020-01-07	15.05	15.05	15.05	15.05	0
936	2020-01-08	15.05	15.05	15.05	15.05	0
937	2020-01-09	15.05	15.05	15.05	15.05	0
938	2020-01-10	15.05	15.05	15.05	15.05	0
939	2020-01-13	13.59	13.59	13.59	13.59	6300
940	2020-01-14	13.59	13.59	13.59	13.59	0
941	2020-01-15	13.59	13.59	13.59	13.59	0
942	2020-01-16	13.59	13.59	13.59	13.59	0
943	2020-01-17	13.59	13.59	13.59	13.59	0
944	2020-01-20	13.59	13.59	13.59	13.59	0
945	2020-01-21	13.59	13.59	13.59	13.59	0
946	2020-01-22	13.59	13.59	13.59	13.59	0
947	2020-01-30	13.59	13.59	13.59	13.59	0
948	2020-01-31	13.59	13.59	13.59	13.59	0
949	2020-02-03	13.59	13.59	13.59	13.59	0
950	2020-02-04	13.59	13.59	13.59	13.59	0
951	2020-02-05	13.59	13.59	13.59	13.59	0
952	2020-02-06	13.59	13.59	13.59	13.59	0
953	2020-02-07	13.59	13.59	13.59	13.59	0
954	2020-02-10	13.59	13.59	13.59	13.59	0
955	2020-02-11	13.59	13.59	13.59	13.59	0
956	2020-02-12	13.59	13.59	13.59	13.59	0
957	2020-02-13	13.59	13.59	13.59	13.59	0
958	2020-02-14	13.59	13.59	13.59	13.59	0
959	2020-02-17	13.59	13.59	13.59	13.59	0
960	2020-02-18	13.59	13.59	13.59	13.59	0
961	2020-02-19	13.59	13.59	13.59	13.59	0
962	2020-02-20	13.59	13.59	13.59	13.59	0
963	2020-02-21	13.59	13.59	13.59	13.59	0
964	2020-02-24	13.59	13.59	13.59	13.59	0
965	2020-02-25	13.59	13.59	13.59	13.59	0
966	2020-02-26	13.59	13.59	13.59	13.59	0
967	2020-02-27	13.59	13.59	13.59	13.59	0
968	2020-02-28	13.59	13.59	13.59	13.59	0
969	2020-03-02	13.59	13.59	13.59	13.59	0
970	2020-03-03	13.59	13.59	13.59	13.59	0
971	2020-03-04	13.59	13.59	13.59	13.59	0
972	2020-03-05	13.59	13.59	13.59	13.59	0
973	2020-03-06	13.59	13.59	13.59	13.59	0
974	2020-03-09	13.59	13.59	13.59	13.59	0
975	2020-03-10	13.59	13.59	13.59	13.59	0
976	2020-03-11	13.59	13.59	13.59	13.59	0
977	2020-03-12	13.59	13.59	13.59	13.59	0
978	2020-03-13	13.59	13.59	13.59	13.59	0
979	2020-03-16	13.59	13.59	13.59	13.59	0
980	2020-03-17	13.59	13.59	13.59	13.59	0
981	2020-03-18	13.59	13.59	13.59	13.59	0
982	2020-03-19	13.59	13.59	13.59	13.59	22000
983	2020-03-20	13.59	13.59	13.59	13.59	0
984	2020-03-23	13.59	13.59	13.59	13.59	0
985	2020-03-24	13.59	13.59	13.59	13.59	0
986	2020-03-25	13.59	13.59	13.59	13.59	0
987	2020-03-26	13.59	13.59	13.59	13.59	0
988	2020-03-27	13.59	13.59	13.59	13.59	0
989	2020-03-30	13.59	13.59	13.59	13.59	0
990	2020-03-31	13.59	13.59	13.59	13.59	0
991	2020-04-01	13.59	13.59	13.59	13.59	0
992	2020-04-03	13.59	13.59	13.59	13.59	0
993	2020-04-06	13.59	13.59	13.59	13.59	0
994	2020-04-07	13.59	13.59	13.59	13.59	0
995	2020-04-08	13.59	13.59	13.59	13.59	0
996	2020-04-09	13.59	13.59	13.59	13.59	0
997	2020-04-10	13.08	13.08	13.08	13.08	5000
998	2020-04-13	11.77	11.77	11.77	11.77	100
999	2020-04-14	11.77	11.77	10.61	10.61	500
1000	2020-04-15	10.61	10.61	10.61	10.61	0
1001	2020-04-16	10.61	10.61	10.61	10.61	0
1002	2020-04-17	11.63	11.63	11.63	11.63	100
1003	2020-04-20	11.63	11.63	11.63	11.63	0
1004	2020-04-21	11.77	11.77	11.77	11.77	20000
1005	2020-04-22	11.77	11.77	11.77	11.77	1000
1006	2020-04-23	11.77	11.77	11.77	11.77	0
1007	2020-04-24	11.77	11.77	11.77	11.77	0
1008	2020-04-27	11.77	11.77	11.77	11.77	0
1009	2020-04-28	12.94	12.94	12.94	12.94	3900
1010	2020-04-29	12.94	14.17	12.94	13.45	2600
1011	2020-05-04	13.45	13.45	13.45	13.45	0
1012	2020-05-05	14.75	14.75	14.75	14.75	100
1013	2020-05-06	15.26	15.26	14.17	14.17	200
1014	2020-05-07	14.17	14.17	14.17	14.17	0
1015	2020-05-08	13.08	13.08	12.86	13.01	8700
1016	2020-05-11	14.47	14.47	14.47	14.47	64
1017	2020-05-12	11.8	13.66	11.8	13.66	1300
1018	2020-05-13	13.66	13.66	13.66	13.66	0
1019	2020-05-14	13.66	13.66	13.66	13.66	0
1020	2020-05-15	12.93	12.93	12.93	12.93	100
1021	2020-05-18	12.93	12.93	12.93	12.93	0
1022	2020-05-19	12.93	12.93	12.93	12.93	0
1023	2020-05-20	12.93	12.93	12.93	12.93	0
1024	2020-05-21	12.93	12.93	12.93	12.93	0
1025	2020-05-22	12.93	12.93	12.93	12.93	0
1026	2020-05-25	12.93	12.93	12.93	12.93	0
1027	2020-05-26	12.93	12.93	12.93	12.93	0
1028	2020-05-27	12.93	12.93	12.93	12.93	0
1029	2020-05-28	12.93	12.93	12.93	12.93	0
1030	2020-05-29	12.93	12.93	12.93	12.93	0
1031	2020-06-01	12.93	12.93	12.93	12.93	0
1032	2020-06-02	12.93	12.93	12.93	12.93	0
1033	2020-06-03	12.93	12.93	12.93	12.93	0
1034	2020-06-04	12.93	12.93	12.93	12.93	0
1035	2020-06-05	13.74	13.74	13.74	13.74	100
1036	2020-06-08	13.74	13.74	13.74	13.74	0
1037	2020-06-09	13.74	13.74	13.74	13.74	0
1038	2020-06-10	13.74	13.74	13.74	13.74	0
1039	2020-06-11	13.74	13.74	13.74	13.74	0
1040	2020-06-12	12.93	12.93	12.93	12.93	200
1041	2020-06-15	12.93	12.93	12.93	12.93	0
1042	2020-06-16	12.93	12.93	12.93	12.93	200
1043	2020-06-17	12.93	12.93	12.93	12.93	0
1044	2020-06-18	12.93	12.93	12.93	12.93	0
1045	2020-06-19	12.93	12.93	12.93	12.93	0
1046	2020-06-22	12.93	12.93	12.93	12.93	0
1047	2020-06-23	12.93	12.93	12.93	12.93	0
1048	2020-06-24	12.93	12.93	12.93	12.93	0
1049	2020-06-25	12.93	12.93	12.93	12.93	0
1050	2020-06-26	12.93	12.93	12.93	12.93	0
1051	2020-06-29	12.93	12.93	12.93	12.93	0
1052	2020-06-30	12.93	12.93	12.93	12.93	0
1053	2020-07-01	12.93	12.93	12.93	12.93	0
1054	2020-07-02	12.93	12.93	12.93	12.93	0
1055	2020-07-03	12.93	12.93	12.93	12.93	0
1056	2020-07-06	12.93	12.93	12.93	12.93	0
1057	2020-07-07	12.93	12.93	12.93	12.93	0
1058	2020-07-08	12.93	12.93	12.93	12.93	0
1059	2020-07-09	12.93	12.93	12.93	12.93	0
1060	2020-07-10	12.93	12.93	12.93	12.93	0
1061	2020-07-13	12.93	12.93	12.93	12.93	0
1062	2020-07-14	12.93	12.93	12.93	12.93	0
1063	2020-07-15	12.93	12.93	12.93	12.93	0
1064	2020-07-16	12.93	12.93	12.93	12.93	0
1065	2020-07-17	12.93	12.93	12.93	12.93	0
1066	2020-07-20	12.93	12.93	12.93	12.93	0
1067	2020-07-21	12.93	12.93	12.93	12.93	0
1068	2020-07-22	12.93	12.93	12.93	12.93	0
1069	2020-07-23	12.93	12.93	12.93	12.93	0
1070	2020-07-24	12.93	12.93	12.93	12.93	0
1071	2020-07-27	12.93	12.93	12.93	12.93	0
1072	2020-07-28	14.06	14.06	14.06	14.06	1000
1073	2020-07-29	12.69	12.69	12.69	12.69	100
1074	2020-07-30	12.69	12.69	12.69	12.69	0
1075	2020-07-31	12.69	12.69	12.69	12.69	0
1076	2020-08-03	12.69	12.69	12.69	12.69	0
1077	2020-08-04	12.69	12.69	12.69	12.69	0
1078	2020-08-05	12.69	12.69	12.69	12.69	0
1079	2020-08-06	12.69	12.69	12.69	12.69	0
1080	2020-08-07	12.69	12.69	12.69	12.69	0
1081	2020-08-10	12.69	12.69	12.69	12.69	0
1082	2020-08-11	12.69	12.69	12.69	12.69	0
1083	2020-08-12	12.69	12.69	12.69	12.69	0
1084	2020-08-13	12.69	12.69	12.69	12.69	0
1085	2020-08-14	12.69	12.69	12.69	12.69	0
1086	2020-08-17	12.69	12.69	12.69	12.69	10
1087	2020-08-18	12.69	12.69	12.69	12.69	30
1088	2020-08-19	13.9	13.9	12.61	12.61	700
1089	2020-08-20	13.74	13.74	11.72	11.72	600
1090	2020-08-21	11.72	11.72	11.72	11.72	0
1091	2020-08-24	12.85	12.85	12.85	12.85	100
1092	2020-08-25	12.85	12.85	12.85	12.85	1
1093	2020-08-26	14.06	14.06	14.06	14.06	100
1094	2020-08-27	14.06	14.06	14.06	14.06	1
1095	2020-08-28	14.06	14.06	14.06	14.06	0
1096	2020-08-31	14.06	14.06	14.06	14.06	0
1097	2020-09-01	14.06	14.06	14.06	14.06	0
1098	2020-09-03	14.06	14.06	14.06	14.06	0
1099	2020-09-04	14.06	14.06	14.06	14.06	0
1100	2020-09-07	14.06	14.06	14.06	14.06	0
1101	2020-09-08	14.06	14.06	14.06	14.06	0
1102	2020-09-09	14.06	14.06	14.06	14.06	2000
1103	2020-09-10	14.06	14.06	14.06	14.06	0
1104	2020-09-11	14.14	14.14	14.14	14.14	100
1105	2020-09-14	12.77	12.77	12.77	12.77	100
1106	2020-09-15	12.77	12.77	12.77	12.77	0
1107	2020-09-16	13.98	13.98	12.69	12.69	200
1108	2020-09-17	12.69	12.69	12.69	12.69	0
1109	2020-09-18	12.69	12.69	12.69	12.69	0
1110	2020-09-21	12.69	12.69	12.69	12.69	0
1111	2020-09-22	13.9	13.9	13.9	13.9	100
1112	2020-09-23	13.9	13.9	13.9	13.9	0
1113	2020-09-24	13.9	13.9	13.9	13.9	0
1114	2020-09-25	13.9	13.9	13.9	13.9	0
1115	2020-09-28	13.9	13.9	13.9	13.9	0
1116	2020-09-29	13.9	13.9	13.9	13.9	0
1117	2020-09-30	13.9	13.9	13.9	13.9	0
1118	2020-10-01	13.9	13.9	13.9	13.9	0
1119	2020-10-02	13.9	13.9	13.9	13.9	0
1120	2020-10-05	14.95	15.27	14.95	15.27	400
1121	2020-10-06	15.27	15.27	15.27	15.27	0
1122	2020-10-07	15.27	15.27	15.27	15.27	0
1123	2020-10-08	15.52	15.76	15.52	15.76	1100
1124	2020-10-09	15.76	15.76	15.76	15.76	0
1125	2020-10-12	15.76	15.76	15.76	15.76	800
1126	2020-10-13	15.76	15.76	15.76	15.76	0
1127	2020-10-14	15.76	15.76	15.76	15.76	0
1128	2020-10-15	15.76	15.76	15.76	15.76	0
1129	2020-10-16	15.76	15.76	15.76	15.76	0
1130	2020-10-19	17.29	17.29	17.29	17.29	200
1131	2020-10-20	17.29	17.29	17.29	17.29	0
1132	2020-10-21	17.29	17.29	17.29	17.29	0
1133	2020-10-22	17.29	17.29	17.29	17.29	0
1134	2020-10-23	18.99	18.99	18.99	18.99	100
1135	2020-10-26	18.99	18.99	18.99	18.99	0
1136	2020-10-27	18.99	18.99	18.99	18.99	0
1137	2020-10-28	18.99	18.99	18.99	18.99	200
1138	2020-10-29	18.99	18.99	18.99	18.99	0
1139	2020-10-30	18.99	18.99	18.99	18.99	0
1140	2020-11-02	18.99	18.99	18.99	18.99	0
1141	2020-11-03	18.99	18.99	18.99	18.99	0
1142	2020-11-04	18.99	18.99	18.99	18.99	0
1143	2020-11-05	18.99	18.99	18.99	18.99	0
1144	2020-11-06	18.99	18.99	18.99	18.99	0
1145	2020-11-09	18.99	18.99	18.99	18.99	0
1146	2020-11-10	18.99	18.99	18.99	18.99	0
1147	2020-11-11	18.99	18.99	18.99	18.99	0
1148	2020-11-12	18.99	18.99	18.99	18.99	0
1149	2020-11-13	18.99	18.99	18.99	18.99	0
1150	2020-11-16	18.99	18.99	18.99	18.99	0
1151	2020-11-17	18.99	18.99	18.99	18.99	0
1152	2020-11-18	18.99	18.99	18.99	18.99	0
1153	2020-11-19	18.99	18.99	18.99	18.99	0
1154	2020-11-20	18.99	18.99	18.99	18.99	0
1155	2020-11-23	18.99	18.99	18.99	18.99	0
1156	2020-11-24	18.99	18.99	18.99	18.99	0
1157	2020-11-25	18.99	18.99	18.99	18.99	0
1158	2020-11-26	18.99	18.99	18.99	18.99	0
1159	2020-11-27	18.99	18.99	18.99	18.99	0
1160	2020-11-30	18.99	18.99	18.99	18.99	0
1161	2020-12-01	18.99	18.99	18.99	18.99	0
1162	2020-12-02	18.99	18.99	18.99	18.99	0
1163	2020-12-03	18.99	18.99	18.99	18.99	0
1164	2020-12-04	18.99	18.99	18.99	18.99	100
1165	2020-12-07	18.99	18.99	18.99	18.99	0
1166	2020-12-08	18.99	18.99	18.99	18.99	0
1167	2020-12-09	18.99	18.99	18.99	18.99	0
1168	2020-12-10	18.99	18.99	18.99	18.99	0
1169	2020-12-11	18.99	18.99	18.99	18.99	0
1170	2020-12-14	18.99	18.99	18.99	18.99	0
1171	2020-12-15	18.99	18.99	18.99	18.99	0
1172	2020-12-16	18.99	18.99	18.99	18.99	0
1173	2020-12-17	20.85	20.85	20.85	20.85	200
1174	2020-12-18	20.85	20.85	20.85	20.85	0
1175	2020-12-21	20.85	20.85	20.85	20.85	0
1176	2020-12-22	18.83	18.83	18.83	18.83	200
1177	2020-12-23	18.83	18.83	18.83	18.83	0
1178	2020-12-24	18.83	18.83	18.83	18.83	0
1179	2020-12-25	18.83	18.83	18.83	18.83	0
1180	2020-12-28	18.83	18.83	18.83	18.83	0
1181	2020-12-29	18.83	18.83	18.83	18.83	0
1182	2020-12-30	18.83	18.83	18.83	18.83	0
1183	2020-12-31	18.83	18.83	18.83	18.83	0
1184	2021-01-04	18.83	18.83	18.83	18.83	0
1185	2021-01-05	18.83	18.83	18.83	18.83	0
1186	2021-01-06	18.83	18.83	18.83	18.83	0
1187	2021-01-07	18.83	18.83	18.83	18.83	0
1188	2021-01-08	18.83	18.83	18.83	18.83	0
1189	2021-01-11	18.83	18.83	18.83	18.83	0
1190	2021-01-12	18.83	18.83	18.83	18.83	0
1191	2021-01-13	19.39	19.39	18.83	18.83	1500
1192	2021-01-14	18.83	18.83	18.83	18.83	0
1193	2021-01-15	20.2	20.2	20.2	20.2	1000
1194	2021-01-18	20.2	20.2	20.2	20.2	0
1195	2021-01-19	20.2	20.2	20.2	20.2	0
1196	2021-01-20	20.2	20.2	20.2	20.2	0
1197	2021-01-21	20.2	20.2	20.2	20.2	100
1198	2021-01-22	20.2	20.2	20.2	20.2	0
1199	2021-01-25	20.2	20.2	20.2	20.2	0
1200	2021-01-26	18.34	18.34	18.26	18.26	3500
1201	2021-01-27	18.26	18.26	18.26	18.26	0
1202	2021-01-28	16.49	16.49	16.49	16.49	2000
1203	2021-01-29	14.87	14.87	14.87	14.87	100
1204	2021-02-01	14.87	14.87	14.87	14.87	0
1205	2021-02-02	14.87	14.87	14.87	14.87	0
1206	2021-02-03	14.87	14.87	14.87	14.87	0
1207	2021-02-04	14.87	14.87	14.87	14.87	0
1208	2021-02-05	14.87	14.87	14.87	14.87	0
1209	2021-02-08	14.87	14.87	14.87	14.87	0
1210	2021-02-09	14.87	14.87	14.87	14.87	0
1211	2021-02-17	16.32	16.32	16.32	16.32	100
1212	2021-02-18	14.71	17.94	14.71	14.71	400
1213	2021-02-19	14.71	14.71	14.71	14.71	0
1214	2021-02-22	14.71	14.71	14.71	14.71	0
1215	2021-02-23	14.71	14.71	14.71	14.71	0
1216	2021-02-24	16.16	16.16	16.16	16.16	100
1217	2021-02-25	16.16	16.16	16.16	16.16	0
1218	2021-02-26	16.16	16.16	16.16	16.16	0
1219	2021-03-01	17.78	17.78	17.78	17.78	100
1220	2021-03-02	19.56	19.56	19.56	19.56	100
1221	2021-03-03	19.56	19.56	19.56	19.56	0
1222	2021-03-04	21.01	21.01	21.01	21.01	1000
1223	2021-03-05	21.01	21.01	21.01	21.01	0
1224	2021-03-08	21.01	21.01	21.01	21.01	0
1225	2021-03-09	21.01	21.01	21.01	21.01	0
1226	2021-03-10	21.01	21.01	21.01	21.01	0
1227	2021-03-11	21.01	21.01	21.01	21.01	0
1228	2021-03-12	21.01	21.01	21.01	21.01	0
1229	2021-03-15	21.01	21.01	21.01	21.01	0
1230	2021-03-16	21.01	21.01	21.01	21.01	0
1231	2021-03-17	21.01	21.01	21.01	21.01	0
1232	2021-03-18	21.01	21.01	21.01	21.01	0
1233	2021-03-19	21.01	21.01	21.01	21.01	0
1234	2021-03-22	21.01	21.01	21.01	21.01	0
1235	2021-03-23	21.01	21.01	21.01	21.01	0
1236	2021-03-24	21.01	21.01	21.01	21.01	0
1237	2021-03-25	21.01	21.01	21.01	21.01	0
1238	2021-03-26	21.01	21.01	21.01	21.01	0
1239	2021-03-29	21.01	21.01	21.01	21.01	0
1240	2021-03-30	21.01	21.01	21.01	21.01	0
1241	2021-03-31	21.01	21.01	21.01	21.01	0
1242	2021-04-01	23.11	23.11	23.11	23.11	101
1243	2021-04-02	23.11	23.11	23.11	23.11	0
1244	2021-04-05	23.11	23.11	23.11	23.11	0
1245	2021-04-06	24.24	24.24	24.24	24.24	100
1246	2021-04-07	24.24	24.24	24.24	24.24	0
1247	2021-04-08	24.24	24.24	24.24	24.24	0
1248	2021-04-09	24.24	24.24	24.24	24.24	0
1249	2021-04-12	24.24	24.24	24.24	24.24	0
1250	2021-04-13	24.24	24.24	24.24	24.24	0
1251	2021-04-14	24.24	24.24	24.24	24.24	0
1252	2021-04-15	24.24	24.24	24.24	24.24	0
1253	2021-04-16	24.24	24.24	24.24	24.24	0
1254	2021-04-19	24.24	24.24	24.24	24.24	0
1255	2021-04-20	24.24	24.24	24.24	24.24	0
1256	2021-04-22	24.24	24.24	24.24	24.24	0
1257	2021-04-23	24.24	24.24	24.24	24.24	0
1258	2021-04-26	24.24	24.24	24.24	24.24	0
1259	2021-04-27	24.24	24.24	24.24	24.24	0
1260	2021-04-28	24.24	24.24	24.24	24.24	0
1261	2021-04-29	26.59	26.59	26.59	26.59	1000
1262	2021-05-04	26.59	26.59	26.59	26.59	0
1263	2021-05-05	26.59	26.59	26.59	26.59	0
1264	2021-05-06	26.59	26.59	26.59	26.59	0
1265	2021-05-07	26.59	26.59	26.59	26.59	0
1266	2021-05-10	26.51	26.59	26.51	26.59	500
1267	2021-05-11	26.59	26.59	26.59	26.59	700
1268	2021-05-12	26.59	26.59	26.59	26.59	1100
1269	2021-05-13	26.67	26.67	26.67	26.67	100
1270	2021-05-14	28.39	28.39	28.39	28.39	100
1271	2021-05-17	28.39	28.39	28.39	28.39	0
1272	2021-05-18	28.39	28.39	28.39	28.39	0
1273	2021-05-19	28.39	28.39	28.39	28.39	0
1274	2021-05-20	29.25	29.25	29.25	29.25	2000
1275	2021-05-21	32.17	32.17	29.25	29.25	1300
1276	2021-05-24	29.25	29.25	29.25	29.25	0
1277	2021-05-25	26.67	26.67	26.67	26.67	100
1278	2021-05-26	26.67	26.67	26.67	26.67	0
1279	2021-05-27	26.67	26.67	26.67	26.67	0
1280	2021-05-28	26.67	26.67	26.67	26.67	0
1281	2021-05-31	26.67	26.67	26.67	26.67	0
1282	2021-06-01	26.67	26.67	26.67	26.67	0
1283	2021-06-02	26.67	26.67	26.67	26.67	0
1284	2021-06-03	26.67	26.67	26.67	26.67	0
1285	2021-06-04	26.67	26.67	26.67	26.67	0
1286	2021-06-07	26.67	26.67	26.67	26.67	0
1287	2021-06-08	24.09	24.09	24.09	24.09	400
1288	2021-06-09	24.09	24.09	24.09	24.09	0
1289	2021-06-10	24.09	24.09	24.09	24.09	100
1290	2021-06-11	24.09	24.09	23.66	23.66	1700
1291	2021-06-14	23.66	23.66	23.66	23.66	0
1292	2021-06-15	23.66	23.66	23.66	23.66	0
1293	2021-06-16	23.66	23.66	23.66	23.66	0
1294	2021-06-17	23.66	23.66	23.66	23.66	0
1295	2021-06-18	23.66	23.66	23.66	23.66	0
1296	2021-06-21	23.66	23.66	23.66	23.66	0
1297	2021-06-22	23.66	23.66	23.66	23.66	0
1298	2021-06-23	23.66	23.66	23.66	23.66	0
1299	2021-06-24	23.66	23.66	23.66	23.66	0
1300	2021-06-25	23.66	23.66	23.66	23.66	0
1301	2021-06-28	23.66	23.66	23.66	23.66	0
1302	2021-06-29	23.66	23.66	23.66	23.66	0
1303	2021-06-30	23.66	23.66	23.66	23.66	0
1304	2021-07-01	23.66	23.66	23.66	23.66	0
1305	2021-07-02	24.34	24.34	24.34	24.34	100
1306	2021-07-05	24.34	24.34	24.34	24.34	0
1307	2021-07-06	24.34	24.34	24.34	24.34	0
1308	2021-07-07	24.34	24.34	24.34	24.34	0
1309	2021-07-08	24.34	24.34	24.34	24.34	0
1310	2021-07-09	24.34	24.34	24.34	24.34	0
1311	2021-07-12	24.34	24.34	24.34	24.34	0
1312	2021-07-13	24.34	24.34	24.34	24.34	0
1313	2021-07-14	24.34	24.34	24.34	24.34	0
1314	2021-07-15	24.34	24.34	24.34	24.34	0
1315	2021-07-16	24.34	24.34	24.34	24.34	6
1316	2021-07-19	22.37	22.37	22.37	22.37	100
1317	2021-07-20	22.37	22.37	22.37	22.37	0
1318	2021-07-21	22.37	22.37	22.37	22.37	0
1319	2021-07-22	21.51	21.51	20.13	20.13	200
1320	2021-07-23	21.51	21.51	21.51	21.51	355
1321	2021-07-26	21.51	21.51	21.51	21.51	6
1322	2021-07-27	21.51	21.51	21.51	21.51	0
1323	2021-07-28	21.51	21.51	21.51	21.51	0
1324	2021-07-29	21.51	21.51	21.51	21.51	0
1325	2021-07-30	21.51	21.51	21.51	21.51	0
1326	2021-08-02	21.51	21.51	21.51	21.51	0
1327	2021-08-03	22.37	22.37	22.37	22.37	100
1328	2021-08-04	22.37	22.37	22.37	22.37	0
1329	2021-08-05	22.37	22.37	22.37	22.37	0
1330	2021-08-06	22.37	22.37	22.37	22.37	0
1331	2021-08-09	22.37	22.37	22.37	22.37	0
1332	2021-08-10	22.37	22.37	22.37	22.37	0
1333	2021-08-11	22.37	22.37	22.37	22.37	0
1334	2021-08-12	22.37	22.37	22.37	22.37	0
1335	2021-08-13	22.37	22.37	22.37	22.37	0
1336	2021-08-16	22.37	22.37	22.37	22.37	0
1337	2021-08-17	22.37	22.37	22.37	22.37	0
1338	2021-08-18	22.37	22.37	22.37	22.37	0
1339	2021-08-19	22.37	22.37	22.37	22.37	45
1340	2021-08-20	22.37	22.37	22.37	22.37	0
1341	2021-08-23	22.37	22.37	22.37	22.37	0
1342	2021-08-24	20.13	20.13	20.13	20.13	100
1343	2021-08-25	20.13	22.11	20.13	22.11	1200
1344	2021-08-26	22.11	22.11	22.11	22.11	0
1345	2021-08-27	22.11	22.11	22.11	22.11	0
1346	2021-08-30	22.11	22.11	22.11	22.11	0
1347	2021-08-31	22.11	22.11	22.11	22.11	0
1348	2021-09-01	22.11	22.11	22.11	22.11	0
1349	2021-09-06	20.22	20.22	20.22	20.22	100
1350	2021-09-07	20.22	20.22	20.22	20.22	0
1351	2021-09-08	20.22	20.22	20.22	20.22	0
1352	2021-09-09	18.24	18.24	18.24	18.24	100
1353	2021-09-10	18.24	18.24	18.24	18.24	0
1354	2021-09-13	20.04	20.04	20.04	20.04	117
1355	2021-09-14	20.04	20.04	20.04	20.04	0
1356	2021-09-15	18.07	18.07	18.07	18.07	100
1357	2021-09-16	18.07	18.07	18.07	18.07	11
1358	2021-09-17	18.07	18.07	18.07	18.07	0
1359	2021-09-20	18.07	18.07	18.07	18.07	0
1360	2021-09-21	18.07	18.07	18.07	18.07	0
1361	2021-09-22	18.07	18.07	18.07	18.07	0
1362	2021-09-23	18.07	18.07	18.07	18.07	0
1363	2021-09-24	18.07	18.07	18.07	18.07	0
1364	2021-09-27	18.07	18.07	18.07	18.07	0
1365	2021-09-28	18.07	18.07	18.07	18.07	0
1366	2021-09-29	19.87	19.87	19.87	19.87	100
1367	2021-09-30	21.85	21.85	21.85	21.85	500
1368	2021-10-01	24.0	24.0	24.0	24.0	617
1369	2021-10-04	26.32	26.32	26.32	26.32	1100
1370	2021-10-05	28.9	28.9	28.73	28.9	2900
1371	2021-10-06	29.25	31.74	28.9	31.74	4917
1372	2021-10-07	34.84	34.84	34.84	34.84	1205
1373	2021-10-08	38.28	38.28	37.85	38.28	16706
1374	2021-10-11	38.28	38.28	34.5	34.5	2000
1375	2021-10-12	31.14	31.14	31.05	31.05	4010
1376	2021-10-13	28.04	28.04	27.96	27.96	3717
1377	2021-10-14	27.53	27.53	25.29	25.29	6201
1378	2021-10-15	25.81	25.81	25.81	25.81	100
1379	2021-10-18	25.46	27.53	25.46	27.53	200
1380	2021-10-19	27.7	27.7	25.38	27.61	1800
1381	2021-10-20	27.61	27.61	27.61	27.61	2000
1382	2021-10-21	25.38	25.38	24.86	24.86	4001
1383	2021-10-22	25.81	26.67	25.81	26.67	900
1384	2021-10-25	27.1	27.53	27.1	27.1	1000
1385	2021-10-26	24.52	24.95	24.43	24.95	1100
1386	2021-10-27	24.95	27.1	24.95	27.1	400
1387	2021-10-28	26.24	26.24	24.69	24.69	1300
1388	2021-10-29	24.52	24.52	24.52	24.52	500
1389	2021-11-01	23.05	25.38	23.05	25.38	800
1390	2021-11-02	25.38	25.38	25.38	25.38	0
1391	2021-11-03	24.95	26.15	24.95	26.15	800
1392	2021-11-04	26.15	26.15	26.15	26.15	0
1393	2021-11-05	26.15	26.15	26.15	26.15	0
1394	2021-11-08	26.15	26.15	26.15	26.15	0
1395	2021-11-09	25.72	25.72	25.72	25.72	1300
1396	2021-11-10	25.72	25.72	25.72	25.72	0
1397	2021-11-11	23.31	27.53	23.31	27.53	300
1398	2021-11-12	27.61	27.61	24.78	25.81	2600
1399	2021-11-15	25.81	25.81	25.81	25.81	0
1400	2021-11-16	25.72	25.81	25.72	25.81	900
1401	2021-11-17	25.81	25.81	25.81	25.81	1500
1402	2021-11-18	25.81	25.81	25.81	25.81	700
1403	2021-11-19	24.09	25.81	24.09	25.81	1100
1404	2021-11-22	25.81	25.81	25.81	25.81	0
1405	2021-11-23	25.81	25.81	25.81	25.81	0
1406	2021-11-24	23.31	25.72	23.31	25.72	400
1407	2021-11-25	25.72	25.72	25.72	25.72	0
1408	2021-11-26	25.64	25.72	25.64	25.72	900
1409	2021-11-29	25.72	25.72	25.72	25.72	0
1410	2021-11-30	24.09	24.17	24.09	24.17	500
1411	2021-12-01	25.21	25.21	22.54	22.54	310
1412	2021-12-02	24.6	24.6	24.43	24.52	300
1413	2021-12-03	24.43	25.81	24.43	25.81	400
1414	2021-12-06	25.81	25.81	25.81	25.81	0
1415	2021-12-07	25.81	25.81	25.81	25.81	0
1416	2021-12-08	23.31	25.55	23.31	25.55	500
1417	2021-12-09	23.48	23.57	23.48	23.57	400
1418	2021-12-10	24.86	24.86	24.86	24.86	100
1419	2021-12-13	24.78	25.03	24.78	25.03	700
1420	2021-12-14	24.95	24.95	24.95	24.95	101
1421	2021-12-15	24.95	24.95	24.95	24.95	0
1422	2021-12-16	24.86	24.86	24.86	24.86	308
1423	2021-12-17	24.09	24.09	24.09	24.09	1500
1424	2021-12-20	24.09	24.09	24.09	24.09	0
1425	2021-12-21	24.09	24.09	24.09	24.09	100
1426	2021-12-22	24.09	24.09	24.09	24.09	1
1427	2021-12-23	22.45	26.07	22.45	26.07	600
1428	2021-12-24	26.07	26.07	26.07	26.07	0
1429	2021-12-27	26.07	26.07	26.07	26.07	0
1430	2021-12-28	26.07	26.07	26.07	26.07	0
1431	2021-12-29	26.07	26.07	26.07	26.07	0
1432	2021-12-30	26.07	26.07	26.07	26.07	0
1433	2021-12-31	26.07	26.07	26.07	26.07	0
1434	2022-01-04	23.48	25.72	23.48	25.72	500
1435	2022-01-05	23.48	25.38	23.48	25.38	400
1436	2022-01-06	25.38	25.38	25.38	25.38	0
1437	2022-01-07	25.29	25.29	23.66	23.66	400
1438	2022-01-10	25.38	25.38	25.38	25.38	100
1439	2022-01-11	25.38	25.38	25.38	25.38	0
1440	2022-01-12	24.95	24.95	22.97	22.97	200
1441	2022-01-13	24.78	24.78	24.78	24.78	100
1442	2022-01-14	24.69	24.69	24.69	24.69	100
1443	2022-01-17	24.69	24.69	24.69	24.69	0
1444	2022-01-18	22.28	22.37	22.28	22.37	500
1445	2022-01-19	20.13	20.13	20.13	20.13	200
1446	2022-01-20	22.11	22.11	22.11	22.11	100
1447	2022-01-21	23.74	23.74	23.74	23.74	100
1448	2022-01-24	23.74	23.74	23.74	23.74	0
1449	2022-01-25	23.74	23.74	23.74	23.74	0
1450	2022-01-26	23.57	23.57	23.57	23.57	100
1451	2022-01-27	23.48	24.0	23.48	24.0	600
1452	2022-01-28	24.17	24.17	24.17	24.17	100
1453	2022-02-07	24.17	24.17	24.17	24.17	0
1454	2022-02-08	24.09	24.09	24.09	24.09	200
1455	2022-02-09	23.23	25.12	23.23	25.12	500
1456	2022-02-10	25.12	25.12	25.12	25.12	0
1457	2022-02-11	25.12	25.12	25.12	25.12	0
1458	2022-02-14	25.12	25.12	25.12	25.12	100
1459	2022-02-15	25.12	25.12	25.12	25.12	0
1460	2022-02-16	25.12	25.12	25.12	25.12	0
1461	2022-02-17	25.12	25.12	25.12	25.12	0
1462	2022-02-18	22.71	24.0	22.71	24.0	300
1463	2022-02-21	24.0	24.0	24.0	24.0	0
1464	2022-02-22	22.02	22.02	22.02	22.02	200
1465	2022-02-23	22.97	23.05	22.97	23.05	300
1466	2022-02-24	23.05	23.05	23.05	23.05	0
1467	2022-02-25	22.97	25.29	22.97	25.29	300
1468	2022-02-28	24.95	27.53	24.95	27.53	800
1469	2022-03-01	27.61	28.39	27.61	27.87	600
1470	2022-03-02	27.87	27.87	27.87	27.87	0
1471	2022-03-03	27.87	27.87	27.87	27.87	0
1472	2022-03-04	27.53	27.53	27.53	27.53	200
1473	2022-03-07	27.1	27.1	26.93	26.93	5300
1474	2022-03-08	26.93	26.93	26.93	26.93	0
1475	2022-03-09	26.84	26.84	26.67	26.84	3500
1476	2022-03-10	26.84	27.96	26.84	27.61	6500
1477	2022-03-11	30.37	30.37	28.82	28.82	1909
1478	2022-03-14	28.82	28.82	28.82	28.82	100
1479	2022-03-15	25.98	25.98	25.98	25.98	100
1480	2022-03-16	28.47	28.56	23.74	23.74	3100
1481	2022-03-17	26.07	26.07	26.07	26.07	1309
1482	2022-03-18	28.56	28.65	28.56	28.65	2808
1483	2022-03-21	28.39	28.47	28.39	28.39	5200
1484	2022-03-22	28.3	31.23	27.61	27.61	3600
1485	2022-03-23	27.61	27.61	27.61	27.61	0
1486	2022-03-24	27.61	27.61	27.61	27.61	0
1487	2022-03-25	25.81	25.81	25.81	25.81	600
1488	2022-03-28	28.39	28.39	28.39	28.39	200
1489	2022-03-29	28.47	28.47	28.47	28.47	100
1490	2022-03-30	28.47	28.47	28.47	28.47	6000
1491	2022-03-31	28.82	28.9	28.82	28.9	5000
1492	2022-04-01	28.9	28.9	28.9	28.9	0
1493	2022-04-04	28.9	28.9	28.9	28.9	0
1494	2022-04-05	29.08	29.08	28.9	28.9	1600
1495	2022-04-06	28.9	28.9	28.9	28.9	0
1496	2022-04-07	28.9	28.9	28.9	28.9	500
1497	2022-04-08	28.9	28.9	28.9	28.9	0
1498	2022-04-12	28.9	28.9	28.9	28.9	0
1499	2022-04-13	28.9	28.9	28.9	28.9	900
1500	2022-04-14	28.9	28.9	28.9	28.9	0
1501	2022-04-15	28.9	28.9	28.9	28.9	0
1502	2022-04-18	28.9	28.9	28.9	28.9	0
1503	2022-04-19	28.9	28.9	28.9	28.9	0
1504	2022-04-20	28.9	28.9	28.9	28.9	0
1505	2022-04-21	28.9	28.9	28.9	28.9	0
1506	2022-04-22	28.9	28.9	28.9	28.9	0
1507	2022-04-25	28.9	28.9	28.9	28.9	0
1508	2022-04-26	28.9	28.9	28.9	28.9	0
1509	2022-04-27	28.9	28.9	28.9	28.9	900
1510	2022-04-28	28.9	28.9	28.9	28.9	0
1511	2022-04-29	28.9	28.9	28.9	28.9	0
1512	2022-05-04	28.9	28.9	28.9	28.9	100
1513	2022-05-05	28.9	28.9	28.9	28.9	0
1514	2022-05-06	28.9	28.9	28.9	28.9	0
1515	2022-05-09	28.9	28.9	28.9	28.9	100
1516	2022-05-10	28.9	28.9	28.9	28.9	1
1517	2022-05-11	28.9	28.9	28.9	28.9	0
1518	2022-05-12	28.9	28.9	28.9	28.9	0
1519	2022-05-13	28.9	28.9	28.9	28.9	0
1520	2022-05-16	28.9	31.74	28.9	31.74	600
1521	2022-05-17	31.83	31.83	31.83	31.83	200
1522	2022-05-18	31.83	31.83	31.83	31.83	0
1523	2022-05-19	29.27	29.27	29.27	29.27	100
1524	2022-05-20	29.27	29.27	29.27	29.27	0
1525	2022-05-23	29.27	29.27	29.27	29.27	0
1526	2022-05-24	29.27	29.27	29.27	29.27	8
1527	2022-05-25	29.27	29.27	29.27	29.27	0
1528	2022-05-26	30.18	30.18	30.18	30.18	900
1529	2022-05-27	30.18	30.18	30.18	30.18	0
1530	2022-05-30	30.18	30.18	30.18	30.18	0
1531	2022-05-31	30.18	30.18	30.18	30.18	0
1532	2022-06-01	30.18	30.18	30.18	30.18	0
1533	2022-06-02	30.18	30.18	30.18	30.18	0
1534	2022-06-03	30.18	30.18	30.18	30.18	0
1535	2022-06-06	30.18	30.18	30.18	30.18	0
1536	2022-06-07	30.18	30.18	30.18	30.18	0
1537	2022-06-08	30.18	30.18	30.18	30.18	0
1538	2022-06-09	30.18	30.18	30.18	30.18	0
1539	2022-06-10	30.18	30.18	30.18	30.18	0
1540	2022-06-13	29.27	29.27	29.27	29.27	900
1541	2022-06-14	29.27	29.27	29.27	29.27	0
1542	2022-06-15	29.27	29.27	29.27	29.27	0
1543	2022-06-16	29.27	29.27	29.27	29.27	0
1544	2022-06-17	29.27	29.27	29.27	29.27	0
1545	2022-06-20	29.27	29.27	29.27	29.27	0
1546	2022-06-21	29.27	29.27	29.27	29.27	0
1547	2022-06-22	29.27	29.27	29.27	29.27	0
1548	2022-06-23	29.27	29.27	29.27	29.27	0
1549	2022-06-24	29.27	29.27	29.27	29.27	0
1550	2022-06-27	29.27	29.27	29.27	29.27	0
1551	2022-06-28	29.27	29.27	29.27	29.27	0
1552	2022-06-29	29.27	29.27	29.27	29.27	0
1553	2022-06-30	29.27	29.27	29.27	29.27	0
1554	2022-07-01	29.27	29.27	29.27	29.27	0
1555	2022-07-04	29.27	29.27	29.27	29.27	0
1556	2022-07-05	32.01	32.01	32.01	32.01	1000
1557	2022-07-06	32.01	32.01	32.01	32.01	0
1558	2022-07-07	34.94	35.21	34.94	35.21	800
1559	2022-07-08	38.69	38.69	38.69	38.69	600
1560	2022-07-11	38.69	38.69	38.69	38.69	0
1561	2022-07-12	38.69	38.69	38.69	38.69	0
1562	2022-07-13	38.69	38.69	38.69	38.69	0
1563	2022-07-14	38.69	38.69	38.69	38.69	0
1564	2022-07-15	38.69	38.69	38.69	38.69	0
1565	2022-07-18	38.69	38.69	38.69	38.69	0
1566	2022-07-19	38.69	38.69	38.69	38.69	0
1567	2022-07-20	42.53	42.53	42.07	42.07	2100
1568	2022-07-21	46.19	46.28	46.19	46.28	2100
1569	2022-07-22	50.76	50.86	50.76	50.86	200
1570	2022-07-25	55.89	55.89	55.89	55.89	3900
1571	2022-07-26	61.47	61.47	61.47	61.47	450
1572	2022-07-27	67.59	67.59	67.59	67.59	4201
1573	2022-07-28	74.27	74.27	74.27	74.27	1800
1574	2022-07-29	81.68	81.68	81.68	81.68	8362
1575	2022-08-01	89.82	89.82	89.82	89.82	4839
1576	2022-08-02	97.87	97.87	80.86	80.86	7537
1577	2022-08-03	73.17	73.17	72.81	72.81	3820
1578	2022-08-04	65.58	69.15	65.58	69.15	3500
1579	2022-08-05	67.69	73.17	67.69	73.17	1700
1580	2022-08-08	73.17	73.17	65.95	73.17	1100
1581	2022-08-09	68.6	73.17	68.6	73.17	5055
1582	2022-08-10	69.97	70.06	69.97	70.06	200
1583	2022-08-11	70.06	70.06	70.06	70.06	0
1584	2022-08-12	64.94	70.06	64.94	70.06	800
1585	2022-08-15	70.06	70.06	70.06	70.06	0
1586	2022-08-16	70.06	70.06	70.06	70.06	100
1587	2022-08-17	70.06	73.17	70.06	71.34	1300
1588	2022-08-18	68.6	72.72	68.6	72.72	1400
1589	2022-08-19	75.92	75.92	65.86	73.17	4900
1590	2022-08-22	66.31	73.17	65.86	73.17	12010
1591	2022-08-23	75.0	75.0	65.86	73.81	3702
1592	2022-08-24	73.54	74.55	73.17	74.55	1600
1593	2022-08-25	74.09	74.09	73.17	73.17	900
1594	2022-08-26	73.17	73.91	71.34	73.17	4031
1595	2022-08-29	72.99	72.99	72.72	72.72	600
1596	2022-08-30	73.17	73.17	71.8	72.53	3031
1597	2022-08-31	73.08	73.08	73.08	73.08	200
1598	2022-09-05	74.09	74.09	73.08	73.08	1200
1599	2022-09-06	73.08	73.91	73.08	73.63	2031
1600	2022-09-07	69.61	73.17	68.6	73.17	1000
1601	2022-09-08	72.26	75.0	72.26	73.17	10100
1602	2022-09-09	73.17	73.17	73.17	73.17	1800
1603	2022-09-12	73.17	73.17	73.17	73.17	100
1604	2022-09-13	76.28	77.75	73.36	73.36	2200
1605	2022-09-14	73.36	73.63	73.36	73.63	2700
1606	2022-09-15	74.55	79.58	74.55	79.58	3200
1607	2022-09-16	79.58	79.58	79.58	79.58	0
1608	2022-09-19	75.92	75.92	75.92	75.92	5400
1609	2022-09-20	75.92	77.75	75.92	77.75	3900
1610	2022-09-21	76.83	77.75	76.83	77.75	2500
1611	2022-09-22	75.92	78.66	75.92	78.66	9000
1612	2022-09-23	76.83	76.83	76.83	76.83	1000
1613	2022-09-26	76.83	79.58	76.83	79.58	7700
1614	2022-09-27	79.58	82.41	79.12	82.41	17818
1615	2022-09-28	78.66	78.75	78.66	78.75	1600
1616	2022-09-29	77.75	77.75	75.92	75.92	300
1617	2022-09-30	76.65	82.32	76.65	82.32	8300
1618	2022-10-03	82.32	82.32	82.32	82.32	1
1619	2022-10-04	82.23	82.23	82.14	82.14	200
1620	2022-10-05	82.14	82.14	82.14	82.14	0
1621	2022-10-06	82.23	84.15	82.23	84.15	5000
1622	2022-10-07	84.06	84.06	79.58	82.32	4800
1623	2022-10-10	82.32	82.32	82.32	82.32	1500
1624	2022-10-11	77.75	82.32	77.75	82.32	4100
1625	2022-10-12	82.32	82.32	82.32	82.32	0
1626	2022-10-13	82.32	82.32	82.32	82.32	6
1627	2022-10-14	82.32	82.32	82.32	82.32	0
1628	2022-10-17	77.75	77.75	77.75	77.75	2000
1629	2022-10-18	77.75	82.32	77.75	82.32	8000
1630	2022-10-19	82.32	82.32	82.32	82.32	0
1631	2022-10-20	79.58	79.58	79.58	79.58	100
1632	2022-10-21	75.0	75.0	75.0	75.0	1500
1633	2022-10-24	67.5	67.69	67.5	67.5	1910
1634	2022-10-25	60.83	60.83	60.83	60.83	1300
1635	2022-10-26	54.88	64.03	54.88	64.03	300
1636	2022-10-27	57.62	65.76	57.62	65.76	1600
1637	2022-10-28	59.54	65.86	59.54	65.76	1000
1638	2022-10-31	65.76	65.76	65.76	65.76	0
1639	2022-11-01	59.54	65.76	59.36	65.76	800
1640	2022-11-02	59.45	65.86	59.27	65.86	1000
1641	2022-11-03	59.64	59.64	59.27	59.27	1200
1642	2022-11-04	56.71	62.47	56.71	62.47	200
1643	2022-11-07	56.8	63.84	56.25	63.84	2400
1644	2022-11-08	57.72	62.11	57.53	62.11	1200
1645	2022-11-09	55.98	68.23	55.98	68.23	600
1646	2022-11-10	68.23	68.23	68.23	68.23	0
1647	2022-11-11	68.23	68.23	68.23	68.23	0
1648	2022-11-14	61.47	67.69	61.47	67.69	2000
1649	2022-11-15	60.92	67.23	60.92	67.23	600
1650	2022-11-16	67.23	67.23	67.23	67.23	0
1651	2022-11-17	65.86	65.86	65.86	65.86	101
1652	2022-11-18	59.27	65.86	59.27	65.86	800
1653	2022-11-21	59.45	59.45	59.27	59.27	600
1654	2022-11-22	59.27	59.27	59.27	59.27	0
1655	2022-11-23	59.27	59.27	59.27	59.27	0
1656	2022-11-24	58.54	58.54	58.54	58.54	100
1657	2022-11-25	58.54	58.54	58.54	58.54	0
1658	2022-11-28	58.54	58.54	58.54	58.54	0
1659	2022-11-29	58.54	58.54	58.54	58.54	100
1660	2022-11-30	53.6	62.93	53.6	62.93	1401
1661	2022-12-01	69.15	69.15	69.15	69.15	200
1662	2022-12-02	69.15	69.15	69.15	69.15	0
1663	2022-12-05	68.97	68.97	68.97	68.97	200
1664	2022-12-06	68.97	68.97	68.97	68.97	0
1665	2022-12-07	68.97	68.97	68.97	68.97	0
1666	2022-12-08	62.11	62.2	62.11	62.11	500
1667	2022-12-09	58.54	58.54	56.44	56.44	300
1668	2022-12-12	55.89	55.89	55.89	55.89	500
1669	2022-12-13	50.95	57.62	50.95	57.62	710
1670	2022-12-14	61.83	63.11	61.83	63.11	700
1671	2022-12-15	56.8	56.89	56.8	56.89	400
1672	2022-12-16	52.32	60.09	52.32	60.09	700
1673	2022-12-19	55.06	55.06	54.15	54.15	5300
1674	2022-12-20	53.42	53.42	53.42	53.42	100
1675	2022-12-21	53.05	53.05	48.57	48.57	400
1676	2022-12-22	46.65	48.93	46.65	48.84	300
1677	2022-12-23	48.84	48.84	48.84	48.84	0
1678	2022-12-26	48.84	48.84	48.84	48.84	0
1679	2022-12-27	48.93	48.93	48.84	48.84	300
1680	2022-12-28	45.09	52.78	45.0	45.0	500
1681	2022-12-29	45.55	49.48	44.82	49.39	5500
1682	2022-12-30	45.0	45.0	45.0	45.0	200
1683	2023-01-03	44.45	44.54	42.81	42.9	700
1684	2023-01-04	42.17	42.9	38.69	38.69	8400
1685	2023-01-05	42.53	42.53	42.53	42.53	400
1686	2023-01-06	42.99	42.99	42.99	42.99	1800
1687	2023-01-09	46.65	47.11	44.09	44.09	400
1688	2023-01-10	41.16	48.48	39.88	48.48	3400
1689	2023-01-11	52.59	52.59	52.14	52.59	700
1690	2023-01-12	56.98	56.98	56.98	56.98	200
1691	2023-01-13	56.98	56.98	56.98	56.98	0
1692	2023-01-16	51.68	56.53	51.68	55.79	500
1693	2023-01-17	55.79	55.79	55.79	55.79	0
1694	2023-01-18	55.79	55.79	55.79	55.79	0
1695	2023-01-19	54.61	54.61	53.42	53.42	1200
1696	2023-01-27	58.36	58.72	57.62	58.72	5600
1697	2023-01-30	64.58	64.58	62.2	64.58	3811
1698	2023-01-31	62.2	62.2	62.2	62.2	100
1699	2023-02-01	62.38	67.87	62.2	62.56	3000
1700	2023-02-02	62.56	62.56	62.56	62.56	0
1701	2023-02-03	62.2	62.2	62.2	62.2	400
1702	2023-02-06	62.2	62.2	62.2	62.2	1700
1703	2023-02-07	62.2	62.2	62.2	62.2	0
1704	2023-02-08	62.2	62.2	62.2	62.2	0
1705	2023-02-09	62.2	62.2	62.2	62.2	0
1706	2023-02-10	62.2	62.2	62.2	62.2	0
1707	2023-02-13	56.71	56.71	55.98	55.98	1300
1708	2023-02-14	55.98	55.98	55.98	55.98	0
1709	2023-02-15	50.49	61.28	50.49	60.46	1500
1710	2023-02-16	60.46	60.46	60.46	60.46	0
1711	2023-02-17	60.46	60.46	60.46	60.46	0
1712	2023-02-20	60.37	60.37	59.91	60.37	1000
1713	2023-02-21	60.37	60.37	60.37	60.37	0
1714	2023-02-22	59.36	59.36	59.36	59.36	300
1715	2023-02-23	59.36	59.36	59.36	59.36	0
1716	2023-02-24	58.54	58.54	58.45	58.45	400
1717	2023-02-27	58.08	58.08	58.08	58.08	200
1718	2023-02-28	58.08	58.08	58.08	58.08	0
1719	2023-03-01	58.08	58.08	58.08	58.08	0
1720	2023-03-02	56.71	56.71	55.61	56.71	2800
1721	2023-03-03	56.71	56.71	56.71	56.71	0
1722	2023-03-06	56.71	56.71	56.71	56.71	0
1723	2023-03-07	56.71	56.71	56.71	56.71	0
1724	2023-03-08	61.19	61.19	61.19	61.19	100
1725	2023-03-09	61.19	61.19	61.19	61.19	0
1726	2023-03-10	61.19	61.19	61.19	61.19	0
1727	2023-03-13	64.39	64.39	64.39	64.39	100
1728	2023-03-14	64.39	64.39	64.39	64.39	0
1729	2023-03-15	64.39	64.39	64.39	64.39	0
1730	2023-03-16	64.39	64.39	64.39	64.39	0
1731	2023-03-17	66.41	66.41	66.41	66.41	113
1732	2023-03-20	66.41	66.41	66.41	66.41	0
1733	2023-03-21	66.41	66.41	66.41	66.41	0
1734	2023-03-22	66.41	66.41	66.41	66.41	0
1735	2023-03-23	66.41	66.41	66.41	66.41	0
1736	2023-03-24	59.82	66.41	59.82	66.41	3400
1737	2023-03-27	66.41	66.41	66.41	66.41	0
1738	2023-03-28	66.41	66.41	66.41	66.41	0
1739	2023-03-29	66.41	66.41	66.41	66.41	0
1740	2023-03-30	66.41	66.41	66.41	66.41	0
1741	2023-03-31	66.41	66.41	66.41	66.41	0
1742	2023-04-03	66.41	66.41	66.41	66.41	0
1743	2023-04-04	60.37	60.37	60.37	60.37	200
1744	2023-04-05	62.2	62.2	62.2	62.2	200
1745	2023-04-06	62.2	62.2	62.2	62.2	0
1746	2023-04-07	62.2	62.2	62.2	62.2	0
1747	2023-04-10	66.13	66.13	66.13	66.13	100
1748	2023-04-11	66.13	66.13	66.13	66.13	0
1749	2023-04-12	66.59	66.59	66.59	66.59	100
1750	2023-04-13	66.59	66.59	66.59	66.59	0
1751	2023-04-14	66.59	66.59	66.59	66.59	0
1752	2023-04-17	66.59	66.59	66.59	66.59	0
1753	2023-04-18	66.59	66.59	66.59	66.59	1
1754	2023-04-19	62.2	64.03	60.37	64.03	1000
1755	2023-04-20	64.03	64.03	64.03	64.03	0
1756	2023-04-21	64.03	64.03	64.03	64.03	0
1757	2023-04-24	59.45	59.45	57.62	57.62	26000
1758	2023-04-25	57.62	57.62	57.62	57.62	9000
1759	2023-04-26	57.62	57.62	57.17	57.17	12900
1760	2023-04-27	57.62	62.2	57.62	62.2	900
1761	2023-04-28	59.45	59.45	59.45	59.45	5300
1762	2023-05-04	57.62	57.62	57.62	57.62	4000
1763	2023-05-05	57.53	57.53	55.79	55.79	4000
1764	2023-05-08	55.79	55.79	55.79	55.79	23409
1765	2023-05-09	55.79	55.79	55.7	55.7	20400
1766	2023-05-10	55.7	55.7	54.88	54.88	5100
1767	2023-05-11	54.06	56.71	53.51	56.71	8207
1768	2023-05-12	53.78	60.28	53.51	59.91	8000
1769	2023-05-15	59.45	59.45	55.79	55.79	700
1770	2023-05-16	56.18	56.28	55.89	55.89	800
1771	2023-05-17	55.89	55.99	52.91	55.99	400
1772	2023-05-18	56.18	56.18	55.7	55.7	602
1773	2023-05-19	55.7	55.7	55.6	55.6	1200
1774	2023-05-22	55.6	55.7	55.6	55.6	1000
1775	2023-05-23	55.7	55.7	55.7	55.7	100
1776	2023-05-24	55.6	55.6	55.6	55.6	800
1777	2023-05-25	54.83	54.83	54.83	54.83	1400
1778	2023-05-26	54.83	55.51	50.22	55.51	1100
1779	2023-05-29	55.51	55.51	55.51	55.51	0
1780	2023-05-30	53.97	54.83	53.87	54.83	1500
1781	2023-05-31	54.55	54.55	54.35	54.35	600
1782	2023-06-01	54.26	54.26	54.26	54.26	100
1783	2023-06-02	53.87	54.55	53.87	54.55	900
1784	2023-06-05	54.55	54.55	54.55	54.55	0
1785	2023-06-06	52.43	52.43	52.43	52.43	200
1786	2023-06-07	52.81	53.39	52.81	53.39	400
1787	2023-06-08	53.39	53.39	53.39	53.39	0
1788	2023-06-09	53.39	53.39	53.39	53.39	0
1789	2023-06-12	53.39	54.26	53.39	54.16	3800
1790	2023-06-13	53.97	53.97	53.87	53.97	2100
1791	2023-06-14	53.97	54.35	53.97	54.06	800
1792	2023-06-15	58.68	58.68	58.68	58.68	500
1793	2023-06-16	58.68	58.68	58.68	58.68	0
1794	2023-06-19	56.47	56.47	55.22	56.47	3500
1795	2023-06-20	56.47	56.47	56.47	56.47	0
1796	2023-06-21	55.6	55.6	55.6	55.6	200
1797	2023-06-22	57.72	57.72	55.89	57.24	1900
1798	2023-06-23	57.24	57.24	57.24	57.24	0
1799	2023-06-26	56.76	57.72	56.76	56.76	1100
1800	2023-06-27	56.76	56.76	56.76	56.76	0
1801	2023-06-28	60.12	60.12	60.12	60.12	200
1802	2023-06-29	56.28	56.28	56.08	56.08	400
1803	2023-06-30	56.08	56.08	56.08	56.08	0
1804	2023-07-03	56.18	56.37	56.18	56.37	500
1805	2023-07-04	56.47	56.76	56.47	56.76	1400
1806	2023-07-05	56.76	56.76	56.76	56.76	0
1807	2023-07-06	56.76	56.76	56.76	56.76	0
1808	2023-07-07	56.76	56.76	56.76	56.76	0
1809	2023-07-10	56.76	56.76	56.76	56.76	600
1810	2023-07-11	56.76	56.76	56.76	56.76	0
1811	2023-07-12	53.1	56.76	53.1	56.76	400
1812	2023-07-13	57.72	57.72	57.72	57.72	200
1813	2023-07-14	56.28	56.28	55.8	55.8	600
1814	2023-07-17	59.55	59.55	59.55	59.55	100
1815	2023-07-18	59.55	59.55	55.12	55.8	1700
1816	2023-07-19	55.8	55.8	55.8	55.8	200
1817	2023-07-20	56.28	56.57	56.08	56.57	2100
1818	2023-07-21	56.57	56.57	56.57	56.57	300
1819	2023-07-24	55.8	55.8	55.8	55.8	4500
1820	2023-07-25	53.87	56.57	53.87	56.08	400
1821	2023-07-26	55.8	55.89	55.8	55.89	5300
1822	2023-07-27	57.62	57.62	57.62	57.62	300
1823	2023-07-28	57.62	57.62	57.62	57.62	300
1824	2023-07-31	57.43	57.53	57.34	57.34	1600
1825	2023-08-01	57.05	57.14	54.93	57.14	4900
1826	2023-08-02	58.1	58.1	58.1	58.1	100
1827	2023-08-03	58.1	58.1	58.1	58.1	0
1828	2023-08-04	58.2	58.2	58.2	58.2	1602
1829	2023-08-07	58.2	58.2	56.08	58.1	1331
1830	2023-08-08	56.18	56.18	56.18	56.18	1100
1831	2023-08-09	56.28	58.1	56.28	58.1	1010
1832	2023-08-10	58.1	58.1	56.37	56.37	1723
1833	2023-08-11	59.55	59.55	59.55	59.55	100
1834	2023-08-14	56.18	56.18	55.8	55.8	2550
1835	2023-08-15	56.37	56.37	55.03	55.03	1950
1836	2023-08-16	60.41	60.41	56.76	58.1	600
1837	2023-08-17	58.01	58.1	58.01	58.1	500
1838	2023-08-18	57.34	57.34	53.01	53.01	200
1839	2023-08-21	56.28	56.57	56.18	56.57	406
1840	2023-08-22	56.57	56.57	56.57	56.57	100
1841	2023-08-23	57.53	57.53	57.53	57.53	100
1842	2023-08-24	60.61	60.61	58.68	58.68	200
1843	2023-08-25	60.03	60.03	53.1	58.1	2500
1844	2023-08-28	58.1	58.1	58.1	58.1	200
1845	2023-08-29	58.1	58.1	58.1	58.1	0
1846	2023-08-30	58.1	58.1	58.1	58.1	0
1847	2023-08-31	56.76	57.14	53.2	53.2	6500
1848	2023-09-05	57.72	57.72	53.2	53.2	5100
1849	2023-09-06	53.49	54.06	53.49	54.06	500
1850	2023-09-07	55.6	55.6	55.6	55.6	300
1851	2023-09-08	55.41	55.51	55.41	55.51	600
1852	2023-09-11	55.8	55.8	54.83	54.83	3401
1853	2023-09-12	53.97	55.7	53.97	55.7	300
1854	2023-09-13	55.7	55.7	55.7	55.7	0
1855	2023-09-14	55.7	55.7	55.7	55.7	0
1856	2023-09-15	56.76	56.76	56.66	56.66	1000
1857	2023-09-18	56.37	56.37	56.37	56.37	500
1858	2023-09-19	55.99	55.99	55.99	55.99	300
1859	2023-09-20	55.99	55.99	55.99	55.99	300
1860	2023-09-21	55.99	55.99	55.99	55.99	0
1861	2023-09-22	55.8	55.8	55.8	55.8	100
1862	2023-09-25	55.8	55.8	55.8	55.8	300
1863	2023-09-26	55.8	55.8	55.8	55.8	200
1864	2023-09-27	55.8	55.8	55.8	55.8	0
1865	2023-09-28	55.8	55.8	55.8	55.8	0
1866	2023-09-29	55.8	55.8	55.8	55.8	0
1867	2023-10-02	55.8	55.8	55.8	55.8	0
1868	2023-10-03	55.8	55.8	55.8	55.8	0
1869	2023-10-04	55.8	55.8	55.8	55.8	0
1870	2023-10-05	55.8	55.8	55.8	55.8	0
1871	2023-10-06	55.8	55.8	55.8	55.8	5000
1872	2023-10-09	61.28	61.28	61.28	61.28	300
1873	2023-10-10	61.28	61.28	61.28	61.28	0
1874	2023-10-11	61.28	61.28	61.28	61.28	0
1875	2023-10-12	61.28	61.28	61.28	61.28	0
1876	2023-10-13	61.28	61.28	61.28	61.28	0
1877	2023-10-16	61.28	61.28	61.28	61.28	0
1878	2023-10-17	61.28	61.28	61.28	61.28	0
1879	2023-10-18	61.28	61.28	61.28	61.28	0
1880	2023-10-19	61.28	61.28	61.28	61.28	0
1881	2023-10-20	61.28	61.28	61.28	61.28	0
1882	2023-10-23	61.28	61.28	61.28	61.28	0
1883	2023-10-24	61.28	61.28	61.28	61.28	1
1884	2023-10-25	55.22	59.07	55.22	58.87	2600
1885	2023-10-26	57.72	57.72	57.72	57.72	100
1886	2023-10-27	51.95	57.62	51.95	57.62	1300
1887	2023-10-30	57.62	57.62	57.62	57.62	0
1888	2023-10-31	57.62	57.62	57.62	57.62	0
1889	2023-11-01	57.62	57.62	57.62	57.62	0
1890	2023-11-02	57.62	57.62	57.62	57.62	0
1891	2023-11-03	52.24	53.01	52.24	53.01	200
1892	2023-11-06	55.89	55.89	55.12	55.8	500
1893	2023-11-07	55.8	55.8	55.8	55.8	0
1894	2023-11-08	56.66	56.66	56.66	56.66	100
1895	2023-11-09	52.91	57.62	52.91	57.62	5100
1896	2023-11-10	57.62	57.62	57.62	57.62	0
1897	2023-11-13	57.43	57.53	53.39	56.57	800
1898	2023-11-14	57.34	57.34	57.34	57.34	100
1899	2023-11-15	54.06	54.06	52.91	52.91	200
1900	2023-11-16	56.08	56.08	56.08	56.08	100
1901	2023-11-17	56.08	56.08	56.08	56.08	0
1902	2023-11-20	55.8	55.99	55.8	55.99	600
1903	2023-11-21	56.66	56.66	56.66	56.66	2300
1904	2023-11-22	59.64	59.64	53.87	54.06	15100
1905	2023-11-23	54.06	54.06	54.06	54.06	0
1906	2023-11-24	54.06	54.06	54.06	54.06	0
1907	2023-11-27	53.87	53.87	53.87	53.87	12000
1908	2023-11-28	53.87	53.87	53.87	53.87	0
1909	2023-11-29	55.32	55.51	55.22	55.22	400
1910	2023-11-30	55.22	55.22	55.22	55.22	0
1911	2023-12-01	55.22	55.22	55.22	55.22	0
1912	2023-12-04	54.16	54.16	54.16	54.16	12900
1913	2023-12-05	54.16	54.16	54.16	54.16	0
1914	2023-12-06	54.35	54.35	54.35	54.35	500
1915	2023-12-07	54.35	54.35	54.35	54.35	1720
1916	2023-12-08	54.35	54.35	54.35	54.35	600
1917	2023-12-11	54.35	54.35	54.35	54.35	0
1918	2023-12-12	54.35	54.35	54.35	54.35	0
1919	2023-12-13	54.35	54.35	54.35	54.35	0
1920	2023-12-14	54.35	54.35	54.35	54.35	0
1921	2023-12-15	54.35	54.35	54.35	54.35	0
1922	2023-12-18	54.35	54.35	54.35	54.35	300
1923	2023-12-19	54.35	54.35	54.35	54.35	0
1924	2023-12-20	54.35	54.35	54.35	54.35	200
1925	2023-12-21	54.35	54.35	54.35	54.35	1
1926	2023-12-22	55.32	55.32	55.32	55.32	100
1927	2023-12-25	56.28	56.28	56.28	56.28	100
1928	2023-12-26	56.28	56.28	56.28	56.28	0
1929	2023-12-27	56.18	56.18	56.18	56.18	300
1930	2023-12-28	56.76	56.76	56.76	56.76	200
1931	2023-12-29	56.76	56.76	56.76	56.76	0
1932	2024-01-02	57.53	57.53	57.53	57.53	100
1933	2024-01-03	57.53	57.53	57.53	57.53	0
1934	2024-01-04	57.53	57.53	57.53	57.53	0
1935	2024-01-05	58.68	58.68	58.59	58.68	600
1936	2024-01-08	58.68	58.68	58.68	58.68	0
1937	2024-01-09	58.68	58.68	58.68	58.68	500
1938	2024-01-10	58.68	58.68	58.68	58.68	0
1939	2024-01-11	58.68	58.68	58.68	58.68	0
1940	2024-01-12	58.68	58.68	58.68	58.68	0
1941	2024-01-15	61.57	61.57	58.68	58.68	600
1942	2024-01-16	58.68	58.68	58.68	58.68	40
1943	2024-01-17	59.16	59.93	59.16	59.93	500
1944	2024-01-18	59.93	61.09	59.93	61.09	800
1945	2024-01-19	57.72	57.72	57.72	57.72	100
1946	2024-01-22	60.61	62.53	60.61	62.53	1800
1947	2024-01-23	62.53	62.72	62.53	62.72	2000
1948	2024-01-24	62.72	62.72	62.72	62.72	3400
1949	2024-01-25	62.72	62.72	62.72	62.72	200
1950	2024-01-26	63.88	63.97	63.49	63.97	2200
1951	2024-01-29	63.97	63.97	63.97	63.97	500
1952	2024-01-30	64.07	64.65	64.07	64.65	401
1953	2024-01-31	64.74	64.74	64.74	64.74	103
1954	2024-02-01	64.74	64.74	64.74	64.74	0
1955	2024-02-02	64.74	64.74	64.74	64.74	0
1956	2024-02-05	64.74	64.74	64.74	64.74	0
1957	2024-02-06	64.74	64.74	64.74	64.74	200
1958	2024-02-07	64.45	64.45	64.45	64.45	100
1959	2024-02-15	64.45	64.45	64.45	64.45	0
1960	2024-02-16	64.45	64.45	64.45	64.45	0
1961	2024-02-19	64.45	64.45	64.45	64.45	0
1962	2024-02-20	64.45	64.45	64.45	64.45	10
1963	2024-02-21	64.45	65.42	64.45	65.42	1010
1964	2024-02-22	65.42	65.42	65.42	65.42	0
1965	2024-02-23	65.42	65.42	65.42	65.42	0
1966	2024-02-26	65.42	65.42	65.42	65.42	0
1967	2024-02-27	64.45	64.55	64.45	64.55	401
1968	2024-02-28	67.24	67.72	67.24	67.72	200
1969	2024-02-29	67.34	67.72	67.34	67.72	800
1970	2024-03-01	67.72	67.72	67.72	67.72	310
1971	2024-03-04	67.72	67.72	67.24	67.24	200
1972	2024-03-05	67.24	67.24	67.24	67.24	100
1973	2024-03-06	67.34	67.34	67.34	67.34	201
1974	2024-03-07	67.34	67.34	67.34	67.34	100
1975	2024-03-08	69.17	69.26	69.17	69.26	200
1976	2024-03-11	69.26	69.26	69.26	69.26	0
1977	2024-03-12	69.26	69.26	69.26	69.26	0
1978	2024-03-13	69.26	69.26	69.26	69.26	0
1979	2024-03-14	69.26	69.26	69.26	69.26	100
1980	2024-03-15	69.26	69.26	69.26	69.26	411
1981	2024-03-18	69.26	69.26	69.26	69.26	300
1982	2024-03-19	69.26	69.26	69.26	69.26	500
1983	2024-03-20	69.26	69.26	69.26	69.26	0
1984	2024-03-21	72.15	72.15	72.15	72.15	100
1985	2024-03-22	72.15	72.15	72.15	72.15	0
1986	2024-03-25	72.15	72.15	72.15	72.15	0
1987	2024-03-26	72.15	72.15	72.15	72.15	0
1988	2024-03-27	72.15	72.15	70.03	70.03	2200
1989	2024-03-28	71.19	71.57	71.19	71.57	1722
1990	2024-03-29	70.71	71.57	70.71	71.57	400
1991	2024-04-01	71.57	71.57	71.57	71.57	0
1992	2024-04-02	65.42	71.38	65.42	71.38	600
1993	2024-04-03	71.09	71.19	71.09	71.19	4600
1994	2024-04-04	71.19	71.19	71.19	71.19	3000
1995	2024-04-05	70.71	71.19	70.71	71.19	9500
1996	2024-04-08	71.19	74.07	71.19	74.07	5300
1997	2024-04-09	74.07	74.94	74.07	74.94	2100
1998	2024-04-10	74.94	74.94	74.94	74.94	100
1999	2024-04-11	74.94	74.94	74.94	74.94	0
2000	2024-04-12	73.3	73.3	72.53	72.53	4100
2001	2024-04-15	71.19	71.19	70.71	71.19	1900
2002	2024-04-16	71.19	71.19	70.23	70.23	2900
2003	2024-04-17	70.23	70.23	70.23	70.23	1600
2004	2024-04-19	70.23	70.23	70.23	70.23	200
2005	2024-04-22	74.94	74.94	74.94	74.94	101
2006	2024-04-23	74.94	74.94	74.94	74.94	100
2007	2024-04-24	74.56	74.56	72.15	74.27	4600
2008	2024-04-25	76.77	76.77	76.77	76.77	100
2009	2024-04-26	76.77	76.77	76.77	76.77	0
2010	2024-05-02	76.96	76.96	76.86	76.86	700
2011	2024-05-03	76.96	76.96	76.86	76.86	2400
2012	2024-05-06	76.0	76.86	76.0	76.86	1100
2013	2024-05-07	76.86	76.96	76.0	76.0	1321
2014	2024-05-08	75.04	75.9	75.04	75.9	1900
2015	2024-05-09	77.92	77.92	75.13	76.0	1400
2016	2024-05-10	76.0	76.0	76.0	76.0	0
2017	2024-05-13	76.09	76.29	76.0	76.0	4260
2018	2024-05-14	76.0	76.0	76.0	76.0	100
2019	2024-05-15	75.9	77.4	75.9	77.4	600
2020	2024-05-16	77.4	77.4	77.4	77.4	100
2021	2024-05-17	77.4	77.4	77.4	77.4	0
2022	2024-05-20	77.4	77.4	77.4	77.4	0
2023	2024-05-21	77.4	77.4	77.4	77.4	0
2024	2024-05-22	75.5	77.4	71.5	77.4	300
2025	2024-05-23	72.0	77.3	71.5	77.3	500
2026	2024-05-24	77.3	77.3	77.3	77.3	10
2027	2024-05-27	77.3	77.3	77.3	77.3	0
2028	2024-05-28	77.3	77.3	77.3	77.3	1
2029	2024-05-29	77.3	77.3	77.3	77.3	0
2030	2024-05-30	77.3	77.3	77.3	77.3	0
2031	2024-05-31	77.3	77.3	77.3	77.3	1
2032	2024-06-03	77.0	77.2	77.0	77.2	500
2033	2024-06-04	77.2	77.2	77.2	77.2	0
2034	2024-06-05	77.2	77.2	77.2	77.2	0
2035	2024-06-06	77.2	77.2	77.2	77.2	0
2036	2024-06-07	77.2	77.2	77.2	77.2	0
2037	2024-06-10	77.2	77.2	77.2	77.2	0
2038	2024-06-11	77.2	77.2	77.2	77.2	0
2039	2024-06-12	77.2	77.2	77.2	77.2	0
2040	2024-06-13	77.2	77.2	77.2	77.2	2
2041	2024-06-14	77.2	77.2	77.2	77.2	19
2042	2024-06-17	77.0	77.2	77.0	77.1	1800
2043	2024-06-18	77.0	77.1	76.1	76.1	7800
2044	2024-06-19	76.1	76.1	76.1	76.1	612
2045	2024-06-20	76.1	83.7	76.1	83.6	3100
2046	2024-06-21	83.6	83.6	83.6	83.6	0
2047	2024-06-24	83.6	90.5	83.5	90.0	402
2048	2024-06-25	81.0	89.0	81.0	89.0	330
2049	2024-06-26	85.0	86.9	85.0	86.9	600
2050	2024-06-27	78.5	86.8	78.4	86.8	3600
2051	2024-06-28	83.0	83.0	79.0	82.6	6600
2052	2024-07-01	84.8	84.8	84.8	84.8	105
2053	2024-07-02	84.8	84.8	84.8	84.8	0
2054	2024-07-03	84.8	84.8	84.8	84.8	0
2055	2024-07-04	84.7	84.7	82.0	82.0	400
2056	2024-07-05	84.4	84.4	84.4	84.4	200
2057	2024-07-08	81.9	83.4	81.9	83.4	200
2058	2024-07-09	83.4	83.4	83.4	83.4	2
2059	2024-07-10	84.5	91.7	83.0	83.0	1301
2060	2024-07-11	81.5	81.5	81.5	81.5	600
2061	2024-07-12	85.4	85.4	74.3	83.4	901
2062	2024-07-15	83.5	84.9	77.7	84.8	2200
2063	2024-07-16	83.5	83.5	81.0	83.2	4100
2064	2024-07-17	82.0	91.0	82.0	91.0	2200
2065	2024-07-18	82.2	85.0	81.9	85.0	3400
2066	2024-07-19	83.5	84.9	83.4	84.9	3800
2067	2024-07-22	80.4	80.4	80.0	80.0	1855
2068	2024-07-23	82.9	82.9	82.9	82.9	106
2069	2024-07-24	82.8	82.8	82.8	82.8	2000
2070	2024-07-25	82.8	82.8	82.8	82.8	0
2071	2024-07-26	80.0	80.0	80.0	80.0	500
2072	2024-07-30	76.3	76.5	76.3	76.5	100
2073	2024-07-31	76.7	76.7	76.6	76.6	700
2074	2024-08-01	77.1	77.1	76.6	76.6	2000
2075	2024-08-02	76.6	76.6	76.0	76.1	3800
2076	2024-08-05	79.3	79.3	76.0	76.0	500
2077	2024-08-06	76.0	76.0	76.0	76.0	700
2078	2024-08-07	76.0	76.1	76.0	76.1	300
2079	2024-08-09	76.0	76.5	76.0	76.5	500
2080	2024-08-12	79.0	79.0	78.0	78.0	2000
2081	2024-08-19	78.0	78.0	78.0	78.0	100
2082	2024-08-21	78.1	78.1	78.1	78.1	500
2083	2024-08-22	78.2	78.2	78.2	78.2	500
2084	2024-08-23	77.0	77.5	77.0	77.0	600
2085	2024-08-28	76.0	76.1	76.0	76.0	2500
2086	2024-08-30	76.0	76.0	75.9	75.9	3300
2087	2024-09-04	77.0	77.0	76.5	76.5	600
2088	2024-09-05	76.6	76.6	76.6	76.6	1000
2089	2024-09-06	77.9	77.9	76.6	76.6	3400
2090	2024-09-09	76.6	76.6	76.6	76.6	600
2091	2024-09-10	76.5	76.5	75.0	75.0	1100
2092	2024-09-11	77.8	77.8	75.0	75.0	1100
2093	2024-09-12	78.0	78.0	78.0	78.0	600
2094	2024-09-13	78.0	78.0	77.0	77.0	1400
2095	2024-09-16	76.1	76.1	76.1	76.1	1000
2096	2024-09-17	76.1	76.1	76.0	76.0	2000
2097	2024-09-18	76.0	76.0	76.0	76.0	1000
2098	2024-09-19	76.0	76.0	76.0	76.0	1000
2099	2024-09-23	76.0	76.0	76.0	76.0	100
2100	2024-09-24	75.5	76.1	75.5	76.1	800
2101	2024-09-27	76.0	76.0	76.0	76.0	1000
2102	2024-10-01	76.0	76.0	76.0	76.0	2000
2103	2024-10-02	76.0	76.0	76.0	76.0	1000
2104	2024-10-03	76.0	76.0	76.0	76.0	800
2105	2024-10-07	76.0	76.0	76.0	76.0	100
2106	2024-10-10	75.8	75.8	75.8	75.8	1000
2107	2024-10-15	75.8	75.8	75.5	75.5	3400
2108	2024-10-16	75.5	75.5	75.5	75.5	100
2109	2024-10-21	75.5	75.5	74.5	74.5	1600
2110	2024-10-22	70.2	70.3	70.2	70.3	100
2111	2024-10-23	76.9	76.9	76.9	76.9	300
2112	2024-11-04	73.0	73.0	73.0	73.0	700
2113	2024-11-06	74.0	74.0	74.0	74.0	1000
2114	2024-11-07	74.3	74.3	74.3	74.3	400
2115	2024-11-19	72.2	72.2	72.2	72.2	200
2116	2024-11-27	73.0	73.0	73.0	73.0	500
2117	2024-12-05	72.2	72.2	72.2	72.2	300
2118	2024-12-09	72.2	73.0	72.2	72.2	1300
2119	2024-12-10	72.2	73.0	72.2	72.3	3000
2120	2024-12-11	72.4	73.0	72.3	72.3	1600
2121	2024-12-12	73.0	73.0	73.0	73.0	200
2122	2024-12-16	73.0	73.0	73.0	73.0	2000
2123	2024-12-18	73.0	73.0	73.0	73.0	100
2124	2024-12-25	77.0	77.0	76.9	76.9	200
2125	2025-01-02	76.9	77.3	76.7	77.3	4600
2126	2025-01-03	77.3	77.3	77.3	77.3	100
2127	2025-01-06	72.0	77.3	72.0	77.3	300
2128	2025-01-09	73.6	77.1	73.5	77.1	1900
2129	2025-01-13	78.5	78.5	78.5	78.5	1100
2130	2025-01-20	78.5	78.5	78.5	78.5	100
2131	2025-01-21	76.0	76.0	76.0	76.0	100
2132	2025-01-22	73.0	75.9	69.1	72.0	1300
2133	2025-01-23	70.7	70.7	70.7	70.7	100
2134	2025-02-03	70.8	70.8	70.8	70.8	300
2135	2025-02-06	75.0	75.0	75.0	75.0	100
2136	2025-02-07	74.9	75.0	74.9	75.0	1100
2137	2025-02-10	75.0	78.0	75.0	78.0	3000
2138	2025-02-11	85.0	85.0	84.5	84.5	300
2139	2025-02-12	78.0	78.4	78.0	78.0	3300
2140	2025-02-13	78.3	78.4	78.3	78.3	1000
2141	2025-02-14	77.3	80.0	77.3	80.0	1300
2142	2025-02-18	80.0	80.0	78.1	78.1	7600
2143	2025-02-21	78.2	78.2	78.2	78.2	2900
2144	2025-02-24	78.2	78.9	78.2	78.9	2100
2145	2025-02-25	78.9	78.9	78.4	78.5	1700
2146	2025-02-26	79.0	79.0	79.0	79.0	2200
2147	2025-02-27	79.1	80.0	79.1	80.0	2100
2148	2025-02-28	79.1	79.5	79.1	79.5	3200
2149	2025-03-03	80.0	87.0	80.0	80.3	1200
2150	2025-03-04	85.0	85.0	79.2	79.2	200
2151	2025-03-05	79.3	79.3	79.0	79.0	900
2152	2025-03-06	80.0	80.0	80.0	80.0	700
2153	2025-03-07	80.0	80.7	80.0	80.7	1300
2154	2025-03-10	81.0	83.2	81.0	83.2	800
2155	2025-03-13	79.0	81.9	79.0	81.8	300
2156	2025-03-14	81.7	81.8	81.7	81.7	3400
2157	2025-03-17	89.8	89.8	80.5	82.1	3100
2158	2025-03-18	84.0	84.0	84.0	84.0	100
