	time	open	high	low	close	volume
0	2016-03-02	7.56	7.56	7.56	7.56	0
1	2016-03-03	7.56	7.56	7.56	7.56	0
2	2016-03-04	9.8	9.8	9.8	9.8	100
3	2016-03-07	10.74	10.74	10.74	10.74	100
4	2016-03-08	10.74	10.74	10.74	10.74	0
5	2016-03-09	11.78	11.78	11.78	11.78	100
6	2016-03-10	11.78	11.78	11.78	11.78	0
7	2016-03-11	11.78	11.78	11.78	11.78	0
8	2016-03-14	11.78	11.78	11.78	11.78	0
9	2016-03-15	10.68	10.68	10.68	10.68	200
10	2016-03-16	10.68	10.68	10.68	10.68	0
11	2016-03-17	10.68	10.68	10.68	10.68	0
12	2016-03-18	10.68	10.68	10.68	10.68	0
13	2016-03-21	10.68	10.68	10.68	10.68	0
14	2016-03-22	10.68	10.68	10.68	10.68	0
15	2016-03-23	10.68	10.68	10.68	10.68	0
16	2016-03-24	10.68	10.68	10.68	10.68	0
17	2016-03-25	10.68	10.68	10.68	10.68	0
18	2016-03-28	10.68	10.68	10.68	10.68	0
19	2016-03-29	10.68	10.68	10.68	10.68	0
20	2016-03-30	10.68	10.68	10.68	10.68	0
21	2016-03-31	10.68	10.68	10.68	10.68	0
22	2016-04-01	10.68	10.68	10.68	10.68	0
23	2016-04-04	10.68	10.68	10.68	10.68	0
24	2016-04-05	10.68	10.68	10.68	10.68	0
25	2016-04-06	10.68	10.68	10.68	10.68	0
26	2016-04-07	10.68	10.68	10.68	10.68	0
27	2016-04-08	10.68	10.68	10.68	10.68	0
28	2016-04-11	10.68	10.68	10.68	10.68	0
29	2016-04-12	10.68	10.68	10.68	10.68	0
30	2016-04-13	10.68	10.68	10.68	10.68	0
31	2016-04-14	9.64	9.64	9.64	9.64	423
32	2016-04-15	9.64	9.64	9.64	9.64	0
33	2016-04-19	9.64	9.64	9.64	9.64	0
34	2016-04-20	9.64	9.64	9.64	9.64	0
35	2016-04-21	9.64	9.64	9.64	9.64	0
36	2016-04-22	9.64	9.64	9.64	9.64	0
37	2016-04-25	9.64	9.64	9.64	9.64	0
38	2016-04-26	9.64	9.64	9.64	9.64	0
39	2016-04-27	9.64	9.64	9.64	9.64	0
40	2016-04-28	9.64	9.64	9.64	9.64	0
41	2016-04-29	9.64	9.64	9.64	9.64	0
42	2016-05-04	9.64	9.64	9.64	9.64	0
43	2016-05-05	9.64	9.64	9.64	9.64	0
44	2016-05-06	9.64	9.64	9.64	9.64	200
45	2016-05-09	9.64	9.64	9.64	9.64	0
46	2016-05-10	9.64	9.64	9.64	9.64	0
47	2016-05-11	9.64	9.64	9.64	9.64	0
48	2016-05-12	9.64	9.64	9.64	9.64	100
49	2016-05-13	9.38	9.38	9.38	9.38	200
50	2016-05-16	10.11	10.11	10.11	10.11	0
51	2016-05-17	10.11	10.11	10.11	10.11	0
52	2016-05-18	10.11	10.11	10.11	10.11	0
53	2016-05-19	10.11	10.11	10.11	10.11	0
54	2016-05-20	10.11	10.11	10.11	10.11	0
55	2016-05-23	10.11	10.11	10.11	10.11	0
56	2016-05-24	10.11	10.11	10.11	10.11	0
57	2016-05-25	10.11	10.11	10.11	10.11	0
58	2016-05-26	10.11	10.11	10.11	10.11	0
59	2016-05-27	10.11	10.11	10.11	10.11	0
60	2016-05-30	10.11	10.11	10.11	10.11	0
61	2016-05-31	10.11	10.11	10.11	10.11	0
62	2016-06-01	10.11	10.11	10.11	10.11	0
63	2016-06-02	10.11	10.11	10.11	10.11	0
64	2016-06-03	9.38	9.38	9.38	9.38	400
65	2016-06-06	9.38	9.38	9.38	9.38	0
66	2016-06-07	9.38	9.38	9.38	9.38	0
67	2016-06-08	9.38	9.38	9.38	9.38	0
68	2016-06-09	9.38	9.38	9.38	9.38	0
69	2016-06-10	9.38	9.38	9.38	9.38	0
70	2016-06-13	9.38	9.38	9.38	9.38	0
71	2016-06-14	9.38	9.38	9.38	9.38	0
72	2016-06-15	9.38	9.38	9.38	9.38	0
73	2016-06-16	9.38	9.38	9.38	9.38	0
74	2016-06-17	9.38	9.38	9.38	9.38	0
75	2016-06-20	9.38	9.38	9.38	9.38	0
76	2016-06-21	9.38	9.38	9.38	9.38	0
77	2016-06-22	9.38	9.38	9.38	9.38	0
78	2016-06-23	9.83	9.83	9.83	9.83	100
79	2016-06-24	9.83	9.83	9.83	9.83	0
80	2016-06-27	9.83	9.83	9.83	9.83	0
81	2016-06-28	9.83	9.83	9.83	9.83	0
82	2016-06-29	9.83	9.83	9.83	9.83	0
83	2016-06-30	9.83	9.83	9.83	9.83	0
84	2016-07-01	9.83	9.83	9.83	9.83	100
85	2016-07-04	9.27	9.27	9.27	9.27	300
86	2016-07-05	9.27	9.27	9.27	9.27	0
87	2016-07-06	9.27	9.27	9.27	9.27	0
88	2016-07-07	9.27	9.27	9.27	9.27	0
89	2016-07-08	9.27	9.27	9.27	9.27	0
90	2016-07-11	9.27	9.27	9.27	9.27	0
91	2016-07-12	9.27	9.27	9.27	9.27	0
92	2016-07-13	9.27	9.27	9.27	9.27	0
93	2016-07-14	9.27	9.27	9.27	9.27	0
94	2016-07-15	9.27	9.27	9.27	9.27	0
95	2016-07-18	9.27	9.27	9.27	9.27	0
96	2016-07-19	9.27	9.27	9.27	9.27	0
97	2016-07-20	9.27	9.27	9.27	9.27	0
98	2016-07-21	9.27	9.27	9.27	9.27	0
99	2016-07-22	9.27	9.27	9.27	9.27	0
100	2016-07-25	9.27	9.27	9.27	9.27	0
101	2016-07-26	9.27	9.27	9.27	9.27	0
102	2016-07-27	9.27	9.27	9.27	9.27	0
103	2016-07-28	9.27	9.27	9.27	9.27	0
104	2016-07-29	9.27	9.27	9.27	9.27	0
105	2016-08-01	9.27	9.27	9.27	9.27	0
106	2016-08-02	9.27	9.27	9.27	9.27	0
107	2016-08-03	9.27	9.27	9.27	9.27	0
108	2016-08-04	9.27	9.27	9.27	9.27	0
109	2016-08-05	9.27	9.27	9.27	9.27	0
110	2016-08-08	9.27	9.27	9.27	9.27	0
111	2016-08-09	9.27	9.27	9.27	9.27	0
112	2016-08-10	9.27	9.27	9.27	9.27	0
113	2016-08-11	9.27	9.27	9.27	9.27	0
114	2016-08-12	9.27	9.27	9.27	9.27	0
115	2016-08-15	9.27	9.27	9.27	9.27	0
116	2016-08-16	9.27	9.27	9.27	9.27	0
117	2016-08-17	9.27	9.27	9.27	9.27	0
118	2016-08-18	9.27	9.27	9.27	9.27	0
119	2016-08-19	9.27	9.27	9.27	9.27	0
120	2016-08-22	9.27	9.27	9.27	9.27	0
121	2016-08-23	9.27	9.27	9.27	9.27	0
122	2016-08-24	9.27	9.27	9.27	9.27	0
123	2016-08-25	9.27	9.27	9.27	9.27	0
124	2016-08-26	9.27	9.27	9.27	9.27	0
125	2016-08-29	9.27	9.27	9.27	9.27	0
126	2016-08-30	9.27	9.27	9.27	9.27	0
127	2016-08-31	9.27	9.27	9.27	9.27	0
128	2016-09-01	9.27	9.27	9.27	9.27	0
129	2016-09-05	9.27	9.27	9.27	9.27	0
130	2016-09-06	9.27	9.27	9.27	9.27	0
131	2016-09-07	9.27	9.27	9.27	9.27	0
132	2016-09-08	9.27	9.27	9.27	9.27	0
133	2016-09-09	9.27	9.27	9.27	9.27	0
134	2016-09-12	9.27	9.27	9.27	9.27	0
135	2016-09-13	9.27	9.27	9.27	9.27	0
136	2016-09-14	9.27	9.27	9.27	9.27	0
137	2016-09-15	9.27	9.27	9.27	9.27	0
138	2016-09-16	9.27	9.27	9.27	9.27	0
139	2016-09-19	9.27	9.27	9.27	9.27	0
140	2016-09-20	9.89	9.89	9.89	9.89	3521
141	2016-09-21	9.89	9.89	9.89	9.89	0
142	2016-09-22	9.89	9.89	9.89	9.89	0
143	2016-09-23	9.89	9.89	9.89	9.89	0
144	2016-09-26	9.89	9.89	9.89	9.89	0
145	2016-09-27	9.89	9.89	9.89	9.89	0
146	2016-09-28	9.89	9.89	9.89	9.89	0
147	2016-09-29	9.89	9.89	9.89	9.89	0
148	2016-09-30	9.89	9.89	9.89	9.89	0
149	2016-10-03	9.89	9.89	9.89	9.89	0
150	2016-10-04	9.89	9.89	9.89	9.89	0
151	2016-10-05	9.89	9.89	9.89	9.89	0
152	2016-10-06	9.89	9.89	9.89	9.89	0
153	2016-10-07	9.89	9.89	9.89	9.89	0
154	2016-10-10	9.89	9.89	9.89	9.89	0
155	2016-10-11	9.89	9.89	9.89	9.89	0
156	2016-10-12	9.89	9.89	9.89	9.89	0
157	2016-10-13	9.89	9.89	9.89	9.89	0
158	2016-10-14	9.89	9.89	9.89	9.89	0
159	2016-10-17	9.89	9.89	9.89	9.89	0
160	2016-10-18	9.89	9.89	9.89	9.89	0
161	2016-10-19	9.89	9.89	9.89	9.89	0
162	2016-10-20	9.89	9.89	9.89	9.89	0
163	2016-10-21	9.89	9.89	9.89	9.89	0
164	2016-10-24	9.89	9.89	9.89	9.89	0
165	2016-10-25	9.89	9.89	9.89	9.89	0
166	2016-10-26	9.89	9.89	9.89	9.89	0
167	2016-10-27	9.89	9.89	9.89	9.89	0
168	2016-10-28	9.89	9.89	9.89	9.89	0
169	2016-10-31	9.89	9.89	9.89	9.89	0
170	2016-11-01	9.89	9.89	9.89	9.89	0
171	2016-11-02	9.89	9.89	9.89	9.89	0
172	2016-11-03	9.89	9.89	9.89	9.89	0
173	2016-11-04	9.89	9.89	9.89	9.89	0
174	2016-11-07	8.93	8.93	8.93	8.93	3200
175	2016-11-08	8.93	8.93	8.93	8.93	0
176	2016-11-09	8.93	8.93	8.93	8.93	0
177	2016-11-10	8.93	8.93	8.93	8.93	0
178	2016-11-11	8.93	8.93	8.93	8.93	0
179	2016-11-14	8.93	8.93	8.93	8.93	0
180	2016-11-15	8.93	8.93	8.93	8.93	0
181	2016-11-16	8.93	8.93	8.93	8.93	0
182	2016-11-17	8.93	8.93	8.93	8.93	0
183	2016-11-18	8.93	8.93	8.93	8.93	0
184	2016-11-21	8.93	8.93	8.93	8.93	0
185	2016-11-22	8.93	8.93	8.93	8.93	0
186	2016-11-23	8.93	8.93	8.93	8.93	0
187	2016-11-24	8.93	8.93	8.93	8.93	0
188	2016-11-25	8.93	8.93	8.93	8.93	0
189	2016-11-28	8.93	8.93	8.93	8.93	0
190	2016-11-29	8.93	8.93	8.93	8.93	0
191	2016-11-30	8.93	8.93	8.93	8.93	0
192	2016-12-01	8.93	8.93	8.93	8.93	0
193	2016-12-02	8.93	8.93	8.93	8.93	0
194	2016-12-05	8.93	8.93	8.93	8.93	0
195	2016-12-06	8.93	8.93	8.93	8.93	0
196	2016-12-07	8.93	8.93	8.93	8.93	0
197	2016-12-08	8.93	8.93	8.93	8.93	0
198	2016-12-09	8.93	8.93	8.93	8.93	0
199	2016-12-12	8.93	8.93	8.93	8.93	0
200	2016-12-13	8.93	8.93	8.93	8.93	0
201	2016-12-14	8.93	8.93	8.93	8.93	0
202	2016-12-15	8.93	8.93	8.93	8.93	0
203	2016-12-16	8.93	8.93	8.93	8.93	0
204	2016-12-19	8.93	8.93	8.93	8.93	0
205	2016-12-20	8.93	8.93	8.93	8.93	0
206	2016-12-21	8.93	8.93	8.93	8.93	0
207	2016-12-22	8.93	8.93	8.93	8.93	0
208	2016-12-23	8.93	8.93	8.93	8.93	0
209	2016-12-26	8.93	8.93	8.93	8.93	0
210	2016-12-27	8.93	8.93	8.93	8.93	0
211	2016-12-28	8.93	8.93	8.93	8.93	0
212	2016-12-29	9.77	9.77	9.77	9.77	100
213	2016-12-30	9.77	9.77	9.77	9.77	0
214	2017-01-03	9.77	9.77	9.77	9.77	0
215	2017-01-04	9.77	9.77	9.77	9.77	0
216	2017-01-05	9.77	9.77	9.77	9.77	0
217	2017-01-06	9.77	9.77	9.77	9.77	0
218	2017-01-09	9.77	9.77	9.77	9.77	0
219	2017-01-10	9.77	9.77	9.77	9.77	0
220	2017-01-11	9.77	9.77	9.77	9.77	0
221	2017-01-12	9.77	9.77	9.77	9.77	0
222	2017-01-13	9.77	9.77	9.77	9.77	0
223	2017-01-16	9.77	9.77	9.77	9.77	0
224	2017-01-17	9.77	9.77	9.77	9.77	0
225	2017-01-18	9.77	9.77	9.77	9.77	0
226	2017-01-19	9.77	9.77	9.77	9.77	0
227	2017-01-20	9.77	9.77	9.77	9.77	0
228	2017-01-23	9.77	9.77	9.77	9.77	0
229	2017-01-24	9.77	9.77	9.77	9.77	0
230	2017-01-25	9.77	9.77	9.77	9.77	0
231	2017-02-02	9.77	9.77	9.77	9.77	0
232	2017-02-03	9.77	9.77	9.77	9.77	0
233	2017-02-06	9.77	9.77	9.77	9.77	0
234	2017-02-07	9.77	9.77	9.77	9.77	0
235	2017-02-08	9.77	9.77	9.77	9.77	0
236	2017-02-09	9.77	9.77	9.77	9.77	0
237	2017-02-10	9.77	9.77	9.77	9.77	0
238	2017-02-13	9.77	9.77	9.77	9.77	0
239	2017-02-14	9.77	9.77	9.77	9.77	200
240	2017-02-15	9.77	9.77	9.77	9.77	0
241	2017-02-16	9.77	9.77	9.77	9.77	0
242	2017-02-17	9.77	9.77	9.77	9.77	0
243	2017-02-20	9.77	9.77	9.77	9.77	0
244	2017-02-21	9.77	9.77	9.77	9.77	0
245	2017-02-22	9.77	9.77	9.77	9.77	0
246	2017-02-23	9.77	9.77	9.77	9.77	0
247	2017-02-24	9.77	9.77	9.77	9.77	0
248	2017-02-27	9.77	9.77	9.77	9.77	0
249	2017-02-28	9.77	9.77	9.77	9.77	0
250	2017-03-01	9.77	9.77	9.77	9.77	0
251	2017-03-02	9.77	9.77	9.77	9.77	0
252	2017-03-03	9.77	9.77	9.77	9.77	0
253	2017-03-06	9.77	9.77	9.77	9.77	0
254	2017-03-07	9.77	9.77	9.77	9.77	0
255	2017-03-08	9.77	9.77	9.77	9.77	0
256	2017-03-09	9.77	9.77	9.77	9.77	0
257	2017-03-10	9.77	9.77	9.77	9.77	0
258	2017-03-13	9.77	9.77	9.77	9.77	0
259	2017-03-14	9.77	9.77	9.77	9.77	0
260	2017-03-15	9.77	9.77	9.77	9.77	0
261	2017-03-16	9.77	9.77	9.77	9.77	0
262	2017-03-17	9.77	9.77	9.77	9.77	0
263	2017-03-20	9.77	9.77	9.77	9.77	0
264	2017-03-21	9.77	9.77	9.77	9.77	0
265	2017-03-22	9.77	9.77	9.77	9.77	0
266	2017-03-23	9.77	9.77	9.77	9.77	0
267	2017-03-24	9.77	9.77	9.77	9.77	0
268	2017-03-27	9.77	9.77	9.77	9.77	0
269	2017-03-28	9.77	9.77	9.77	9.77	0
270	2017-03-29	9.77	9.77	9.77	9.77	0
271	2017-03-30	9.77	9.77	9.77	9.77	0
272	2017-03-31	9.77	9.77	9.77	9.77	0
273	2017-04-03	9.77	9.77	9.77	9.77	0
274	2017-04-04	9.77	9.77	9.77	9.77	0
275	2017-04-05	9.77	9.77	9.77	9.77	0
276	2017-04-07	9.77	9.77	9.77	9.77	0
277	2017-04-10	9.77	9.77	9.77	9.77	0
278	2017-04-11	9.77	9.77	9.77	9.77	0
279	2017-04-12	9.77	9.77	9.77	9.77	0
280	2017-04-13	9.77	9.77	9.77	9.77	0
281	2017-04-14	9.77	9.77	9.77	9.77	0
282	2017-04-17	9.77	9.77	9.77	9.77	0
283	2017-04-18	9.77	9.77	9.77	9.77	0
284	2017-04-19	9.77	9.77	9.77	9.77	0
285	2017-04-20	9.77	9.77	9.77	9.77	0
286	2017-04-21	9.77	9.77	9.77	9.77	0
287	2017-04-24	9.77	9.77	9.77	9.77	0
288	2017-04-25	9.77	9.77	9.77	9.77	0
289	2017-04-26	10.11	10.11	10.11	10.11	200
290	2017-04-27	10.11	10.11	10.11	10.11	0
291	2017-04-28	9.27	9.27	9.1	9.1	6600
292	2017-05-03	9.1	9.1	9.1	9.1	0
293	2017-05-04	8.54	8.54	8.54	8.54	100
294	2017-05-05	8.41	8.41	8.1	8.1	200
295	2017-05-08	8.1	8.1	8.1	8.1	0
296	2017-05-09	8.1	8.1	8.1	8.1	0
297	2017-05-10	7.92	7.92	7.92	7.92	100
298	2017-05-11	7.92	7.92	7.92	7.92	0
299	2017-05-12	7.92	7.92	7.92	7.92	0
300	2017-05-15	7.48	7.48	7.48	7.48	100
301	2017-05-16	7.48	7.48	7.48	7.48	0
302	2017-05-17	7.48	7.48	7.48	7.48	0
303	2017-05-18	7.48	7.48	7.48	7.48	0
304	2017-05-19	7.48	7.48	7.48	7.48	0
305	2017-05-22	7.23	7.23	7.23	7.23	100
306	2017-05-23	7.23	7.23	7.23	7.23	0
307	2017-05-24	6.92	6.92	6.92	6.92	100
308	2017-05-25	6.92	6.92	6.92	6.92	0
309	2017-05-26	6.92	6.92	6.92	6.92	0
310	2017-05-29	6.92	6.92	6.92	6.92	0
311	2017-05-30	6.92	6.92	6.92	6.92	0
312	2017-05-31	7.6	7.6	7.17	7.6	482
313	2017-06-01	8.35	8.35	8.35	8.35	100
314	2017-06-02	8.73	8.73	7.67	7.67	600
315	2017-06-05	7.79	8.41	7.67	8.41	335
316	2017-06-06	8.41	8.41	8.41	8.41	0
317	2017-06-07	8.41	8.41	8.41	8.41	161
318	2017-06-08	7.73	7.73	7.67	7.67	216
319	2017-06-09	7.67	7.67	7.67	7.67	0
320	2017-06-12	7.67	7.67	7.67	7.67	0
321	2017-06-13	7.67	7.67	7.67	7.67	0
322	2017-06-14	7.67	7.67	7.67	7.67	0
323	2017-06-15	7.67	7.67	7.67	7.67	0
324	2017-06-16	7.67	7.67	7.67	7.67	0
325	2017-06-19	7.67	7.67	7.67	7.67	0
326	2017-06-20	7.67	7.67	7.67	7.67	0
327	2017-06-21	7.67	7.67	7.67	7.67	0
328	2017-06-22	7.67	7.67	7.67	7.67	0
329	2017-06-23	7.67	7.67	7.67	7.67	0
330	2017-06-26	7.67	7.67	7.67	7.67	0
331	2017-06-27	7.79	7.79	7.79	7.79	211
332	2017-06-28	7.79	7.79	7.79	7.79	0
333	2017-06-29	7.79	7.79	7.79	7.79	0
334	2017-06-30	7.79	7.79	7.79	7.79	0
335	2017-07-03	7.79	7.79	7.79	7.79	0
336	2017-07-04	8.54	8.54	8.54	8.54	110
337	2017-07-05	7.98	7.98	7.79	7.79	5500
338	2017-07-06	7.79	7.79	7.79	7.79	0
339	2017-07-07	7.79	7.79	7.79	7.79	0
340	2017-07-10	7.79	7.79	7.79	7.79	1
341	2017-07-11	8.1	8.1	8.1	8.1	100
342	2017-07-12	8.1	8.1	8.1	8.1	0
343	2017-07-13	8.1	8.1	8.1	8.1	0
344	2017-07-14	8.1	8.1	8.1	8.1	0
345	2017-07-17	8.1	8.1	8.1	8.1	0
346	2017-07-18	8.1	8.1	8.1	8.1	0
347	2017-07-19	8.1	8.1	8.1	8.1	0
348	2017-07-20	8.1	8.1	8.1	8.1	0
349	2017-07-21	8.1	8.1	8.1	8.1	0
350	2017-07-24	8.1	8.1	8.1	8.1	0
351	2017-07-25	8.1	8.1	8.1	8.1	0
352	2017-07-26	8.1	8.1	8.1	8.1	0
353	2017-07-27	8.1	8.1	8.1	8.1	0
354	2017-07-28	8.1	8.1	8.1	8.1	0
355	2017-07-31	7.67	8.1	7.67	8.1	563
356	2017-08-01	8.1	8.1	8.1	8.1	0
357	2017-08-02	8.1	8.1	8.1	8.1	0
358	2017-08-03	8.91	8.91	8.91	8.91	9100
359	2017-08-04	8.91	8.91	8.91	8.91	63
360	2017-08-07	8.1	8.1	8.1	8.1	100
361	2017-08-08	8.23	8.23	8.23	8.23	1000
362	2017-08-09	7.67	7.67	7.67	7.67	5000
363	2017-08-10	7.67	7.67	7.67	7.67	0
364	2017-08-11	7.67	7.67	7.67	7.67	0
365	2017-08-14	7.67	7.67	7.67	7.67	0
366	2017-08-15	7.67	7.67	7.67	7.67	0
367	2017-08-16	7.67	7.67	7.67	7.67	0
368	2017-08-17	6.92	6.92	6.92	6.92	3000
369	2017-08-18	6.92	6.92	6.92	6.92	0
370	2017-08-21	6.92	6.92	6.92	6.92	0
371	2017-08-22	6.92	6.92	6.92	6.92	0
372	2017-08-23	6.92	6.92	6.92	6.92	0
373	2017-08-24	6.92	6.92	6.92	6.92	0
374	2017-08-25	6.92	6.92	6.92	6.92	0
375	2017-08-28	6.92	6.92	6.92	6.92	0
376	2017-08-29	6.92	6.92	6.92	6.92	0
377	2017-08-30	6.92	6.92	6.92	6.92	0
378	2017-08-31	6.92	6.92	6.92	6.92	0
379	2017-09-01	6.92	6.92	6.92	6.92	0
380	2017-09-05	6.92	6.92	6.92	6.92	0
381	2017-09-06	6.92	6.92	6.92	6.92	0
382	2017-09-07	7.6	7.6	7.6	7.6	200
383	2017-09-08	7.6	7.6	7.6	7.6	0
384	2017-09-11	7.6	7.6	7.6	7.6	0
385	2017-09-12	7.6	7.6	7.6	7.6	0
386	2017-09-13	7.79	8.04	7.79	8.04	911
387	2017-09-14	8.41	8.41	8.41	8.41	500
388	2017-09-15	8.41	8.41	8.41	8.41	1000
389	2017-09-18	8.41	8.41	8.41	8.41	0
390	2017-09-19	8.23	8.23	8.1	8.1	1200
391	2017-09-20	8.41	8.41	8.04	8.04	634
392	2017-09-21	7.98	7.98	7.85	7.85	2300
393	2017-09-22	7.85	7.85	7.85	7.85	0
394	2017-09-25	7.85	7.85	7.85	7.85	0
395	2017-09-26	7.85	7.85	7.85	7.85	0
396	2017-09-27	7.85	7.85	7.85	7.85	0
397	2017-09-28	7.85	7.85	7.85	7.85	0
398	2017-09-29	8.35	8.35	8.35	8.35	100
399	2017-10-02	8.35	8.41	8.35	8.41	12200
400	2017-10-03	8.41	8.41	8.41	8.41	0
401	2017-10-04	8.48	8.48	8.48	8.48	100
402	2017-10-05	8.48	8.48	8.48	8.48	0
403	2017-10-06	8.48	8.48	8.48	8.48	0
404	2017-10-09	8.73	8.73	8.73	8.73	500
405	2017-10-10	8.73	8.73	8.73	8.73	40
406	2017-10-11	8.73	8.73	8.73	8.73	0
407	2017-10-12	8.73	8.73	8.73	8.73	775
408	2017-10-13	8.73	8.73	8.73	8.73	0
409	2017-10-16	8.73	8.73	8.73	8.73	23085
410	2017-10-17	8.73	8.73	8.73	8.73	63
411	2017-10-18	8.73	8.73	8.73	8.73	0
412	2017-10-19	8.73	8.73	8.73	8.73	0
413	2017-10-20	8.73	8.73	8.73	8.73	200
414	2017-10-23	8.73	8.79	8.73	8.79	500
415	2017-10-24	8.79	8.79	8.79	8.79	0
416	2017-10-25	8.79	8.79	8.79	8.79	0
417	2017-10-26	8.79	8.79	8.79	8.79	0
418	2017-10-27	8.79	8.79	8.79	8.79	0
419	2017-10-30	8.79	8.79	8.79	8.79	0
420	2017-10-31	8.79	8.79	8.79	8.79	0
421	2017-11-01	8.79	8.79	8.79	8.79	0
422	2017-11-02	8.79	8.79	8.79	8.79	0
423	2017-11-03	8.79	8.79	8.79	8.79	0
424	2017-11-06	8.79	8.79	8.79	8.79	5100
425	2017-11-07	8.79	8.79	8.79	8.79	0
426	2017-11-08	8.79	8.79	8.79	8.79	0
427	2017-11-09	8.79	8.79	8.79	8.79	0
428	2017-11-10	8.79	8.79	8.79	8.79	0
429	2017-11-13	8.79	8.79	8.79	8.79	0
430	2017-11-14	8.79	8.79	8.79	8.79	0
431	2017-11-15	8.79	8.79	8.79	8.79	0
432	2017-11-16	8.79	9.66	8.79	9.66	200
433	2017-11-17	10.6	10.6	10.6	10.6	100
434	2017-11-20	11.66	11.66	11.66	11.66	100
435	2017-11-21	12.47	12.47	12.47	12.47	100
436	2017-11-22	13.59	13.59	13.59	13.59	100
437	2017-11-23	13.59	13.59	13.59	13.59	0
438	2017-11-24	13.59	13.59	13.59	13.59	0
439	2017-11-27	14.02	14.02	14.02	14.02	100
440	2017-11-28	14.02	14.02	14.02	14.02	0
441	2017-11-29	14.02	14.02	14.02	14.02	0
442	2017-11-30	14.02	14.02	14.02	14.02	0
443	2017-12-01	14.02	14.02	14.02	14.02	0
444	2017-12-04	14.02	14.02	14.02	14.02	0
445	2017-12-05	14.02	14.02	14.02	14.02	0
446	2017-12-06	14.02	14.02	14.02	14.02	0
447	2017-12-07	14.02	14.02	14.02	14.02	0
448	2017-12-08	15.39	15.39	15.39	15.39	100
449	2017-12-11	15.39	15.39	15.39	15.39	0
450	2017-12-12	15.39	15.39	15.39	15.39	0
451	2017-12-13	15.39	15.39	15.39	15.39	0
452	2017-12-14	15.39	15.39	15.39	15.39	0
453	2017-12-15	15.39	15.39	15.39	15.39	0
454	2017-12-18	15.39	15.39	15.39	15.39	0
455	2017-12-19	15.39	15.39	15.39	15.39	0
456	2017-12-20	15.39	15.39	15.39	15.39	0
457	2017-12-21	15.39	15.39	15.39	15.39	23
458	2017-12-22	15.39	15.39	15.39	15.39	0
459	2017-12-25	16.89	16.89	16.89	16.89	100
460	2017-12-26	16.89	16.89	16.89	16.89	0
461	2017-12-27	16.89	16.89	16.89	16.89	0
462	2017-12-28	16.89	16.89	16.89	16.89	0
463	2017-12-29	16.89	16.89	16.89	16.89	0
464	2018-01-02	16.89	16.89	16.89	16.89	0
465	2018-01-03	16.89	16.89	16.89	16.89	0
466	2018-01-04	16.89	16.89	16.89	16.89	0
467	2018-01-05	16.89	16.89	16.89	16.89	0
468	2018-01-08	16.89	16.89	16.89	16.89	0
469	2018-01-09	16.89	16.89	16.89	16.89	0
470	2018-01-10	16.89	16.89	16.89	16.89	0
471	2018-01-11	16.89	16.89	16.89	16.89	0
472	2018-01-12	15.21	15.21	15.21	15.21	1600
473	2018-01-15	15.21	15.21	15.21	15.21	0
474	2018-01-16	15.21	15.21	15.21	15.21	0
475	2018-01-17	13.71	13.71	13.71	13.71	100
476	2018-01-18	12.34	12.34	12.34	12.34	100
477	2018-01-19	11.16	11.16	11.16	11.16	600
478	2018-01-22	11.16	11.16	11.16	11.16	1000
479	2018-01-23	11.16	11.16	11.16	11.16	0
480	2018-01-24	11.16	11.16	11.16	11.16	10
481	2018-01-25	11.16	11.16	11.16	11.16	24
482	2018-01-26	11.22	11.78	11.22	11.78	300
483	2018-01-29	12.34	12.34	12.34	12.34	100
484	2018-01-30	12.78	12.78	12.78	12.78	100
485	2018-01-31	13.65	13.65	13.65	13.65	100
486	2018-02-01	13.65	13.65	13.65	13.65	0
487	2018-02-02	13.65	13.65	13.65	13.65	0
488	2018-02-05	13.65	13.65	13.65	13.65	0
489	2018-02-06	13.65	13.65	13.65	13.65	0
490	2018-02-07	13.65	13.65	13.65	13.65	0
491	2018-02-08	13.65	13.65	13.65	13.65	0
492	2018-02-09	12.34	12.34	12.34	12.34	200
493	2018-02-12	12.34	12.34	12.34	12.34	0
494	2018-02-13	12.34	12.34	12.34	12.34	0
495	2018-02-21	12.34	12.34	12.34	12.34	0
496	2018-02-22	12.34	12.34	12.34	12.34	0
497	2018-02-23	12.34	12.34	12.34	12.34	0
498	2018-02-26	12.34	12.34	12.34	12.34	0
499	2018-02-27	11.84	11.84	11.84	11.84	500
500	2018-02-28	11.84	11.84	11.84	11.84	0
501	2018-03-01	11.84	11.84	11.84	11.84	0
502	2018-03-02	11.84	11.84	11.84	11.84	0
503	2018-03-05	11.84	11.84	11.84	11.84	0
504	2018-03-06	11.84	11.84	11.84	11.84	0
505	2018-03-07	11.84	11.84	11.84	11.84	0
506	2018-03-08	11.22	11.22	11.22	11.22	300
507	2018-03-09	11.22	11.22	11.22	11.22	0
508	2018-03-12	10.6	10.6	10.6	10.6	100
509	2018-03-13	10.6	10.6	10.6	10.6	0
510	2018-03-14	10.6	10.6	10.6	10.6	0
511	2018-03-15	10.6	10.6	10.6	10.6	0
512	2018-03-16	10.6	10.6	10.6	10.6	0
513	2018-03-19	10.6	10.6	10.6	10.6	0
514	2018-03-20	10.6	10.6	10.6	10.6	0
515	2018-03-21	10.6	10.6	10.6	10.6	0
516	2018-03-22	10.6	10.6	10.6	10.6	0
517	2018-03-23	10.6	10.6	10.6	10.6	0
518	2018-03-26	10.84	11.09	10.84	11.09	1100
519	2018-03-27	10.6	10.6	10.6	10.6	400
520	2018-03-28	10.6	11.41	10.6	11.41	330
521	2018-03-29	11.41	11.41	11.41	11.41	0
522	2018-03-30	11.41	11.41	11.41	11.41	0
523	2018-04-02	11.41	11.41	11.41	11.41	0
524	2018-04-03	11.41	11.41	11.41	11.41	0
525	2018-04-04	11.41	11.41	11.41	11.41	0
526	2018-04-05	11.41	11.41	11.41	11.41	0
527	2018-04-06	11.41	11.41	11.41	11.41	0
528	2018-04-09	11.41	11.41	11.41	11.41	100
529	2018-04-10	11.41	11.41	11.41	11.41	0
530	2018-04-11	11.41	11.41	11.41	11.41	0
531	2018-04-12	11.41	11.41	11.41	11.41	0
532	2018-04-13	11.41	11.41	11.41	11.41	0
533	2018-04-16	11.41	11.41	11.41	11.41	0
534	2018-04-17	11.41	11.41	11.41	11.41	0
535	2018-04-18	11.41	11.41	11.41	11.41	0
536	2018-04-19	11.41	11.41	11.41	11.41	0
537	2018-04-20	11.41	11.41	11.41	11.41	0
538	2018-04-23	11.41	11.41	11.41	11.41	0
539	2018-04-24	11.41	11.41	11.41	11.41	0
540	2018-04-26	11.41	11.41	11.41	11.41	0
541	2018-04-27	11.41	11.41	11.41	11.41	0
542	2018-05-02	11.41	11.41	11.41	11.41	0
543	2018-05-03	11.41	11.41	11.41	11.41	0
544	2018-05-04	11.41	11.41	11.41	11.41	0
545	2018-05-07	11.41	11.41	11.41	11.41	0
546	2018-05-08	11.41	11.41	11.41	11.41	0
547	2018-05-09	11.41	11.41	11.41	11.41	0
548	2018-05-10	11.41	11.41	11.41	11.41	0
549	2018-05-11	11.41	11.41	11.41	11.41	0
550	2018-05-14	11.41	11.41	11.41	11.41	0
551	2018-05-15	11.41	11.41	11.41	11.41	0
552	2018-05-16	11.41	11.41	11.41	11.41	0
553	2018-05-17	10.49	10.49	10.36	10.36	1500
554	2018-05-18	10.36	10.36	10.36	10.36	0
555	2018-05-21	10.36	10.36	10.36	10.36	0
556	2018-05-22	10.36	10.36	10.36	10.36	0
557	2018-05-23	10.36	10.36	10.36	10.36	0
558	2018-05-24	10.36	10.36	10.36	10.36	0
559	2018-05-25	10.36	10.36	10.36	10.36	0
560	2018-05-28	10.36	10.36	10.36	10.36	0
561	2018-05-29	10.36	10.36	10.36	10.36	0
562	2018-05-30	10.36	10.36	10.36	10.36	0
563	2018-05-31	10.42	10.42	10.42	10.42	300
564	2018-06-01	10.42	10.42	10.42	10.42	0
565	2018-06-04	10.42	10.42	10.42	10.42	0
566	2018-06-05	10.42	10.42	10.42	10.42	0
567	2018-06-06	10.42	10.42	10.42	10.42	0
568	2018-06-07	10.42	10.42	10.42	10.42	0
569	2018-06-08	10.42	10.42	10.42	10.42	0
570	2018-06-11	10.42	10.42	10.42	10.42	0
571	2018-06-12	10.42	10.42	10.42	10.42	0
572	2018-06-13	10.42	10.42	10.42	10.42	0
573	2018-06-14	10.42	10.42	10.42	10.42	0
574	2018-06-15	10.42	10.42	10.42	10.42	0
575	2018-06-18	10.42	10.42	10.42	10.42	0
576	2018-06-19	10.42	10.42	10.42	10.42	0
577	2018-06-20	10.42	10.42	10.42	10.42	0
578	2018-06-21	10.42	10.42	10.42	10.42	0
579	2018-06-22	10.42	10.42	10.42	10.42	0
580	2018-06-25	10.42	10.42	10.42	10.42	0
581	2018-06-26	10.42	10.42	10.42	10.42	0
582	2018-06-27	10.42	10.42	10.42	10.42	0
583	2018-06-28	10.82	10.82	10.82	10.82	100
584	2018-06-29	10.82	10.82	10.82	10.82	100
585	2018-07-02	10.82	10.82	10.82	10.82	0
586	2018-07-03	10.82	10.82	10.82	10.82	0
587	2018-07-04	10.82	10.82	10.82	10.82	0
588	2018-07-05	10.82	10.82	10.82	10.82	0
589	2018-07-06	10.82	10.82	10.82	10.82	0
590	2018-07-09	10.82	10.82	10.82	10.82	0
591	2018-07-10	10.82	10.82	10.82	10.82	0
592	2018-07-11	10.82	10.82	10.82	10.82	0
593	2018-07-12	10.82	10.82	10.82	10.82	0
594	2018-07-13	10.82	10.82	10.82	10.82	0
595	2018-07-16	10.82	10.82	10.82	10.82	0
596	2018-07-17	10.82	10.82	10.82	10.82	0
597	2018-07-18	10.82	10.82	10.82	10.82	0
598	2018-07-19	10.82	10.82	10.82	10.82	0
599	2018-07-20	10.82	10.82	10.82	10.82	0
600	2018-07-23	10.82	10.82	10.82	10.82	0
601	2018-07-24	10.82	10.82	10.82	10.82	0
602	2018-07-25	10.82	10.82	10.82	10.82	0
603	2018-07-26	10.82	10.82	10.82	10.82	0
604	2018-07-27	10.82	10.82	10.82	10.82	0
605	2018-07-30	11.08	11.08	11.08	11.08	500
606	2018-07-31	11.08	11.08	11.08	11.08	0
607	2018-08-01	11.08	11.08	11.08	11.08	0
608	2018-08-02	11.08	11.08	11.08	11.08	0
609	2018-08-03	11.08	11.08	11.08	11.08	0
610	2018-08-06	11.08	11.08	11.08	11.08	0
611	2018-08-07	11.08	11.08	11.08	11.08	0
612	2018-08-08	11.08	11.08	11.08	11.08	0
613	2018-08-09	11.08	11.08	11.08	11.08	0
614	2018-08-10	11.08	11.08	11.08	11.08	0
615	2018-08-13	11.08	11.08	11.08	11.08	0
616	2018-08-14	11.08	11.08	11.08	11.08	0
617	2018-08-15	11.08	11.08	11.08	11.08	0
618	2018-08-16	11.08	11.08	11.08	11.08	0
619	2018-08-17	10.49	10.49	10.16	10.16	2000
620	2018-08-20	10.16	10.16	10.16	10.16	0
621	2018-08-21	10.16	10.16	10.16	10.16	0
622	2018-08-22	10.16	10.16	10.16	10.16	0
623	2018-08-23	10.16	10.16	10.16	10.16	0
624	2018-08-24	10.16	10.16	10.16	10.16	0
625	2018-08-27	10.16	10.16	10.16	10.16	0
626	2018-08-28	10.16	10.16	10.16	10.16	0
627	2018-08-29	10.16	10.88	9.83	10.88	2100
628	2018-08-30	10.88	10.88	10.88	10.88	0
629	2018-08-31	11.01	11.01	11.01	11.01	100
630	2018-09-04	11.01	11.01	11.01	11.01	0
631	2018-09-05	11.01	11.01	11.01	11.01	0
632	2018-09-06	11.01	11.01	11.01	11.01	0
633	2018-09-07	11.01	11.01	11.01	11.01	0
634	2018-09-10	11.01	11.01	11.01	11.01	0
635	2018-09-11	11.01	11.01	11.01	11.01	0
636	2018-09-12	11.01	11.01	11.01	11.01	0
637	2018-09-13	11.01	11.01	11.01	11.01	0
638	2018-09-14	11.01	11.01	11.01	11.01	0
639	2018-09-17	11.01	11.01	11.01	11.01	0
640	2018-09-18	11.01	11.01	11.01	11.01	0
641	2018-09-19	11.01	11.01	11.01	11.01	0
642	2018-09-20	11.01	11.01	11.01	11.01	0
643	2018-09-21	11.01	11.01	11.01	11.01	0
644	2018-09-24	11.01	11.01	11.01	11.01	0
645	2018-09-25	11.27	11.27	11.27	11.27	100
646	2018-09-26	11.27	11.27	11.27	11.27	0
647	2018-09-27	11.27	11.27	11.27	11.27	0
648	2018-09-28	11.27	11.27	11.27	11.27	0
649	2018-10-01	11.27	11.27	11.27	11.27	0
650	2018-10-02	11.27	11.27	11.27	11.27	0
651	2018-10-03	11.27	11.27	11.27	11.27	0
652	2018-10-04	11.27	11.27	11.27	11.27	0
653	2018-10-05	11.27	11.27	11.27	11.27	0
654	2018-10-08	11.27	11.27	11.27	11.27	0
655	2018-10-09	11.27	11.27	11.27	11.27	0
656	2018-10-10	11.27	11.27	11.27	11.27	0
657	2018-10-11	11.27	11.27	11.27	11.27	0
658	2018-10-12	10.16	10.23	10.16	10.23	500
659	2018-10-15	10.23	10.23	10.23	10.23	0
660	2018-10-16	10.23	10.23	10.23	10.23	0
661	2018-10-17	9.83	9.83	9.83	9.83	600
662	2018-10-18	9.18	9.18	9.18	9.18	4520
663	2018-10-19	9.18	9.18	9.18	9.18	3000
664	2018-10-22	9.18	9.18	9.18	9.18	0
665	2018-10-23	8.52	8.52	8.26	8.52	10730
666	2018-10-24	8.26	9.37	8.26	9.37	838
667	2018-10-25	8.52	8.52	8.52	8.52	700
668	2018-10-26	7.87	9.37	7.87	9.37	4300
669	2018-10-29	10.29	10.29	10.29	10.29	100
670	2018-10-30	10.29	10.29	10.29	10.29	0
671	2018-10-31	11.27	11.27	11.27	11.27	100
672	2018-11-01	11.27	11.27	11.27	11.27	100
673	2018-11-02	11.27	11.27	11.27	11.27	0
674	2018-11-05	11.27	11.27	11.27	11.27	0
675	2018-11-06	12.32	12.32	12.32	12.32	100
676	2018-11-07	12.32	12.32	12.32	12.32	0
677	2018-11-08	12.32	12.32	12.32	12.32	0
678	2018-11-09	12.32	12.32	12.32	12.32	10
679	2018-11-12	12.32	12.32	12.32	12.32	0
680	2018-11-13	12.32	12.32	12.32	12.32	0
681	2018-11-14	12.32	12.32	12.32	12.32	0
682	2018-11-15	12.32	12.32	12.32	12.32	0
683	2018-11-16	12.32	12.32	12.32	12.32	0
684	2018-11-19	12.32	12.32	12.32	12.32	0
685	2018-11-20	12.32	12.32	12.32	12.32	0
686	2018-11-21	12.32	12.32	12.32	12.32	0
687	2018-11-22	11.27	11.27	11.27	11.27	100
688	2018-11-23	10.23	10.23	10.23	10.23	200
689	2018-11-26	11.21	11.21	11.21	11.21	100
690	2018-11-27	10.16	11.67	10.16	11.67	800
691	2018-11-28	11.67	11.67	11.67	11.67	0
692	2018-11-29	12.13	12.13	12.13	12.13	100
693	2018-11-30	12.32	12.32	12.32	12.32	100
694	2018-12-03	12.32	12.32	12.32	12.32	0
695	2018-12-04	12.32	12.32	12.32	12.32	0
696	2018-12-05	12.32	12.32	12.32	12.32	0
697	2018-12-06	12.32	12.32	12.32	12.32	0
698	2018-12-07	12.32	12.32	12.32	12.32	0
699	2018-12-10	12.32	12.32	12.32	12.32	0
700	2018-12-11	12.32	12.32	12.32	12.32	0
701	2018-12-12	12.32	12.32	12.32	12.32	0
702	2018-12-13	12.32	12.32	12.32	12.32	0
703	2018-12-14	12.32	12.32	12.32	12.32	0
704	2018-12-17	12.32	12.32	12.32	12.32	0
705	2018-12-18	12.32	12.32	12.32	12.32	0
706	2018-12-19	12.32	12.32	12.32	12.32	0
707	2018-12-20	12.32	12.32	12.32	12.32	0
708	2018-12-21	12.32	12.32	12.32	12.32	0
709	2018-12-24	12.32	12.32	12.32	12.32	0
710	2018-12-25	12.32	12.32	12.32	12.32	0
711	2018-12-26	12.32	12.32	12.32	12.32	0
712	2018-12-27	12.32	12.32	12.32	12.32	0
713	2018-12-28	12.32	12.32	12.32	12.32	0
714	2019-01-02	12.32	12.32	12.32	12.32	0
715	2019-01-03	12.32	12.32	12.32	12.32	0
716	2019-01-04	12.32	12.32	12.32	12.32	0
717	2019-01-07	12.32	12.32	12.32	12.32	0
718	2019-01-08	12.32	12.32	12.32	12.32	0
719	2019-01-09	12.32	12.32	12.32	12.32	0
720	2019-01-10	12.32	12.32	12.32	12.32	0
721	2019-01-11	12.32	12.32	12.32	12.32	0
722	2019-01-14	12.32	12.32	12.32	12.32	0
723	2019-01-15	12.32	12.32	12.32	12.32	0
724	2019-01-16	12.32	12.32	12.32	12.32	0
725	2019-01-17	12.32	12.32	12.32	12.32	0
726	2019-01-18	12.32	12.32	12.32	12.32	0
727	2019-01-21	12.32	12.32	12.32	12.32	0
728	2019-01-22	12.32	12.32	12.32	12.32	0
729	2019-01-23	12.32	12.32	12.32	12.32	0
730	2019-01-24	12.39	12.39	12.39	12.39	2500
731	2019-01-25	12.39	12.39	12.39	12.39	0
732	2019-01-28	12.39	12.39	12.39	12.39	0
733	2019-01-29	12.39	12.39	12.39	12.39	0
734	2019-01-30	12.39	12.39	12.39	12.39	0
735	2019-01-31	12.39	12.39	12.39	12.39	0
736	2019-02-01	12.39	12.39	12.39	12.39	0
737	2019-02-11	12.39	12.39	12.39	12.39	0
738	2019-02-12	12.39	12.39	12.39	12.39	0
739	2019-02-13	12.39	12.39	12.39	12.39	0
740	2019-02-14	12.39	12.39	12.39	12.39	0
741	2019-02-15	12.39	12.39	12.39	12.39	0
742	2019-02-18	12.39	12.39	12.39	12.39	0
743	2019-02-19	12.39	12.39	12.39	12.39	0
744	2019-02-20	12.39	12.39	12.39	12.39	0
745	2019-02-21	12.39	12.39	12.39	12.39	0
746	2019-02-22	12.39	12.39	12.39	12.39	0
747	2019-02-25	12.39	12.39	12.39	12.39	0
748	2019-02-26	12.39	12.39	12.39	12.39	0
749	2019-02-27	12.39	12.39	12.39	12.39	0
750	2019-02-28	12.39	12.39	12.39	12.39	0
751	2019-03-01	12.39	12.39	12.39	12.39	0
752	2019-03-04	12.39	12.39	12.39	12.39	0
753	2019-03-05	12.39	12.39	12.39	12.39	0
754	2019-03-06	12.39	12.39	12.39	12.39	0
755	2019-03-07	12.39	12.39	12.39	12.39	0
756	2019-03-08	12.39	12.39	12.39	12.39	0
757	2019-03-11	12.39	12.39	12.39	12.39	0
758	2019-03-12	12.39	12.39	12.39	12.39	0
759	2019-03-13	12.39	12.39	12.39	12.39	0
760	2019-03-14	12.39	12.39	12.39	12.39	0
761	2019-03-15	12.39	12.39	12.39	12.39	0
762	2019-03-18	12.39	12.39	12.39	12.39	0
763	2019-03-19	12.39	12.39	12.39	12.39	0
764	2019-03-20	12.39	12.39	12.39	12.39	0
765	2019-03-21	12.39	12.39	12.39	12.39	0
766	2019-03-22	12.39	12.39	12.39	12.39	0
767	2019-03-25	12.39	12.39	12.39	12.39	0
768	2019-03-26	12.39	12.39	12.39	12.39	0
769	2019-03-27	12.39	12.39	12.39	12.39	0
770	2019-03-28	12.39	12.39	12.39	12.39	0
771	2019-03-29	12.39	12.39	12.39	12.39	0
772	2019-04-01	12.39	12.39	12.39	12.39	0
773	2019-04-02	12.39	12.39	12.39	12.39	0
774	2019-04-03	12.39	12.39	12.39	12.39	0
775	2019-04-04	12.39	12.39	12.39	12.39	0
776	2019-04-05	12.39	12.39	12.39	12.39	0
777	2019-04-08	12.39	12.39	12.39	12.39	0
778	2019-04-09	12.39	12.39	12.39	12.39	0
779	2019-04-10	12.39	12.39	12.39	12.39	0
780	2019-04-11	12.39	12.39	12.39	12.39	0
781	2019-04-12	12.39	12.39	12.39	12.39	0
782	2019-04-16	12.39	12.39	12.39	12.39	0
783	2019-04-17	12.39	12.39	12.39	12.39	0
784	2019-04-18	11.21	12.39	11.21	12.39	200
785	2019-04-19	12.39	12.39	12.39	12.39	0
786	2019-04-22	12.39	12.39	12.39	12.39	0
787	2019-04-23	12.39	12.39	12.39	12.39	0
788	2019-04-24	12.39	12.39	12.39	12.39	0
789	2019-04-25	11.27	11.27	11.27	11.27	213
790	2019-04-26	11.27	11.27	11.27	11.27	7
791	2019-05-02	11.27	11.27	11.27	11.27	0
792	2019-05-03	11.27	11.27	11.27	11.27	0
793	2019-05-06	11.27	11.27	11.27	11.27	0
794	2019-05-07	10.49	10.49	10.49	10.49	500
795	2019-05-08	10.49	10.49	10.49	10.49	0
796	2019-05-09	10.49	10.49	10.49	10.49	0
797	2019-05-10	10.49	10.49	10.49	10.49	0
798	2019-05-13	10.49	10.49	10.49	10.49	0
799	2019-05-14	10.49	10.49	10.49	10.49	0
800	2019-05-15	11.19	11.19	11.19	11.19	0
801	2019-05-16	9.51	9.51	9.51	9.51	100
802	2019-05-17	9.51	9.51	9.51	9.51	0
803	2019-05-20	9.51	9.51	9.51	9.51	0
804	2019-05-21	9.51	9.51	9.51	9.51	0
805	2019-05-22	9.51	9.51	9.51	9.51	0
806	2019-05-23	9.51	9.51	9.51	9.51	0
807	2019-05-24	9.51	9.51	9.51	9.51	75
808	2019-05-27	9.51	9.51	9.51	9.51	0
809	2019-05-28	9.51	9.51	9.51	9.51	0
810	2019-05-29	9.51	9.51	9.51	9.51	0
811	2019-05-30	9.51	9.51	9.51	9.51	0
812	2019-05-31	9.51	9.51	9.51	9.51	0
813	2019-06-03	9.51	9.51	9.51	9.51	0
814	2019-06-04	9.51	9.51	9.51	9.51	1200
815	2019-06-05	9.51	9.51	9.51	9.51	0
816	2019-06-06	9.51	9.51	9.51	9.51	0
817	2019-06-07	9.51	9.51	9.51	9.51	0
818	2019-06-10	9.51	9.51	9.51	9.51	1000
819	2019-06-11	9.51	9.51	9.51	9.51	0
820	2019-06-12	9.51	9.51	9.51	9.51	0
821	2019-06-13	9.51	9.51	9.51	9.51	0
822	2019-06-14	9.51	9.51	9.51	9.51	0
823	2019-06-17	9.51	9.51	9.51	9.51	0
824	2019-06-18	9.51	9.51	9.51	9.51	0
825	2019-06-19	9.51	9.51	9.51	9.51	0
826	2019-06-20	9.51	9.51	9.51	9.51	0
827	2019-06-21	9.51	9.51	9.51	9.51	0
828	2019-06-24	9.51	9.51	9.51	9.51	0
829	2019-06-25	9.51	9.51	9.51	9.51	0
830	2019-06-26	9.51	9.51	9.51	9.51	0
831	2019-06-27	9.51	9.51	9.51	9.51	0
832	2019-06-28	9.51	9.51	9.51	9.51	0
833	2019-07-01	9.51	9.51	9.51	9.51	0
834	2019-07-02	9.51	9.51	9.51	9.51	0
835	2019-07-03	9.51	9.51	9.51	9.51	0
836	2019-07-04	9.51	9.51	9.51	9.51	0
837	2019-07-05	9.51	9.51	9.51	9.51	0
838	2019-07-08	9.09	9.09	9.09	9.09	700
839	2019-07-09	9.09	9.09	9.09	9.09	0
840	2019-07-10	9.09	9.09	9.09	9.09	0
841	2019-07-11	9.09	9.09	9.09	9.09	0
842	2019-07-12	9.09	9.09	9.09	9.09	0
843	2019-07-15	9.09	9.09	9.09	9.09	300
844	2019-07-16	9.09	9.09	9.09	9.09	0
845	2019-07-17	9.09	9.09	9.09	9.09	0
846	2019-07-18	9.09	9.09	9.09	9.09	0
847	2019-07-19	9.09	9.09	9.09	9.09	0
848	2019-07-22	9.09	9.09	9.09	9.09	0
849	2019-07-23	9.09	9.09	9.09	9.09	0
850	2019-07-24	9.09	9.09	9.09	9.09	0
851	2019-07-25	9.09	9.09	9.09	9.09	0
852	2019-07-26	9.09	9.09	9.09	9.09	0
853	2019-07-29	9.09	9.09	9.09	9.09	0
854	2019-07-30	9.09	9.09	9.09	9.09	0
855	2019-07-31	9.09	9.09	9.09	9.09	0
856	2019-08-01	9.09	9.09	9.09	9.09	0
857	2019-08-02	10.0	10.0	10.0	10.0	100
858	2019-08-05	10.0	10.0	10.0	10.0	0
859	2019-08-06	10.0	10.0	10.0	10.0	0
860	2019-08-07	10.0	10.0	10.0	10.0	0
861	2019-08-08	10.0	10.0	10.0	10.0	0
862	2019-08-09	9.79	9.79	9.79	9.79	100
863	2019-08-12	9.79	9.79	9.79	9.79	0
864	2019-08-13	9.79	9.79	9.79	9.79	0
865	2019-08-14	9.79	9.79	9.79	9.79	0
866	2019-08-15	8.81	8.81	8.81	8.81	320
867	2019-08-16	8.81	8.81	8.81	8.81	0
868	2019-08-19	8.81	8.81	8.81	8.81	0
869	2019-08-20	8.81	8.81	8.81	8.81	0
870	2019-08-21	9.65	9.65	9.65	9.65	100
871	2019-08-22	9.65	9.65	9.65	9.65	0
872	2019-08-23	9.65	9.65	9.65	9.65	0
873	2019-08-26	9.65	9.65	9.65	9.65	0
874	2019-08-27	9.65	9.65	9.65	9.65	0
875	2019-08-28	9.65	9.65	9.65	9.65	0
876	2019-08-29	9.65	9.65	9.65	9.65	0
877	2019-08-30	9.65	9.65	9.65	9.65	0
878	2019-09-03	9.65	9.65	9.65	9.65	0
879	2019-09-04	9.37	9.37	9.37	9.37	100
880	2019-09-05	9.37	9.37	9.37	9.37	0
881	2019-09-06	9.37	9.37	9.37	9.37	0
882	2019-09-09	9.37	9.37	9.37	9.37	0
883	2019-09-10	9.37	9.37	9.37	9.37	0
884	2019-09-11	9.37	9.37	9.37	9.37	0
885	2019-09-12	9.37	9.37	9.37	9.37	0
886	2019-09-13	9.37	9.37	9.37	9.37	0
887	2019-09-16	9.37	9.37	9.37	9.37	0
888	2019-09-17	9.37	9.37	9.37	9.37	0
889	2019-09-18	9.37	9.37	9.37	9.37	0
890	2019-09-19	9.37	9.37	9.37	9.37	0
891	2019-09-20	9.37	9.37	9.37	9.37	0
892	2019-09-23	9.37	9.37	9.37	9.37	0
893	2019-09-24	9.37	10.28	9.37	10.28	200
894	2019-09-25	11.26	11.26	11.26	11.26	100
895	2019-09-26	11.26	11.26	11.26	11.26	0
896	2019-09-27	12.38	12.38	12.38	12.38	1800
897	2019-09-30	13.08	13.08	13.08	13.08	100
898	2019-10-01	13.08	13.08	13.08	13.08	0
899	2019-10-02	13.08	13.08	13.08	13.08	20
900	2019-10-03	13.08	13.08	13.08	13.08	0
901	2019-10-04	13.08	13.08	13.08	13.08	0
902	2019-10-07	13.08	13.08	13.08	13.08	0
903	2019-10-08	13.08	13.08	13.08	13.08	0
904	2019-10-09	13.08	13.08	13.08	13.08	0
905	2019-10-10	13.08	13.08	13.08	13.08	0
906	2019-10-11	13.08	13.08	13.08	13.08	0
907	2019-10-14	13.08	13.08	13.08	13.08	0
908	2019-10-15	13.08	13.08	13.08	13.08	0
909	2019-10-16	13.08	13.08	13.08	13.08	0
910	2019-10-17	13.08	13.08	13.08	13.08	0
911	2019-10-18	13.08	13.08	13.08	13.08	0
912	2019-10-21	13.08	13.08	13.08	13.08	0
913	2019-10-22	13.08	13.08	13.08	13.08	0
914	2019-10-23	13.08	13.08	13.08	13.08	0
915	2019-10-24	13.08	13.08	13.08	13.08	0
916	2019-10-25	13.08	13.08	13.08	13.08	0
917	2019-10-28	13.08	13.08	13.08	13.08	0
918	2019-10-29	13.08	13.08	13.08	13.08	0
919	2019-10-30	13.08	13.08	13.08	13.08	0
920	2019-10-31	13.08	13.08	13.08	13.08	0
921	2019-11-01	13.08	13.08	13.08	13.08	0
922	2019-11-04	13.08	13.08	13.08	13.08	0
923	2019-11-05	13.08	13.08	13.08	13.08	0
924	2019-11-06	13.08	13.08	13.08	13.08	0
925	2019-11-07	13.08	13.08	13.08	13.08	0
926	2019-11-08	13.08	13.08	13.08	13.08	0
927	2019-11-11	13.08	13.08	13.08	13.08	0
928	2019-11-12	13.08	13.08	13.08	13.08	0
929	2019-11-13	13.08	13.08	13.08	13.08	0
930	2019-11-14	13.08	13.08	13.08	13.08	0
931	2019-11-15	13.08	13.08	13.08	13.08	0
932	2019-11-18	13.08	13.08	13.08	13.08	0
933	2019-11-19	13.08	13.08	13.08	13.08	0
934	2019-11-20	13.08	13.08	13.08	13.08	0
935	2019-11-21	13.08	13.08	13.08	13.08	0
936	2019-11-22	13.08	13.08	13.08	13.08	0
937	2019-11-25	13.08	13.08	13.08	13.08	0
938	2019-11-26	13.08	13.08	13.08	13.08	0
939	2019-11-27	13.08	13.08	13.08	13.08	0
940	2019-11-28	13.08	13.08	13.08	13.08	0
941	2019-11-29	13.08	13.08	13.08	13.08	0
942	2019-12-02	13.08	13.08	13.08	13.08	0
943	2019-12-03	13.08	13.08	13.08	13.08	0
944	2019-12-04	13.08	13.08	13.08	13.08	0
945	2019-12-05	13.08	13.08	13.08	13.08	0
946	2019-12-06	13.08	13.08	13.08	13.08	0
947	2019-12-09	13.08	13.08	13.08	13.08	0
948	2019-12-10	13.08	13.08	13.08	13.08	0
949	2019-12-11	13.08	13.08	13.08	13.08	0
950	2019-12-12	13.08	13.08	13.08	13.08	0
951	2019-12-13	13.08	13.08	13.08	13.08	0
952	2019-12-16	13.08	13.08	13.08	13.08	0
953	2019-12-17	13.08	13.08	13.08	13.08	0
954	2019-12-18	13.08	13.08	13.08	13.08	0
955	2019-12-19	13.08	13.08	13.08	13.08	0
956	2019-12-20	13.08	13.08	13.08	13.08	0
957	2019-12-23	13.08	13.08	13.08	13.08	0
958	2019-12-24	13.08	13.08	13.08	13.08	0
959	2019-12-25	14.33	14.33	14.33	14.33	400
960	2019-12-26	14.33	14.33	14.33	14.33	1000
961	2019-12-27	12.94	14.33	12.94	14.33	200
962	2019-12-30	13.98	13.98	13.98	13.98	100
963	2019-12-31	15.38	15.38	15.38	15.38	700
964	2020-01-02	15.38	15.38	15.38	15.38	0
965	2020-01-03	15.38	15.38	15.38	15.38	0
966	2020-01-06	15.38	15.38	15.38	15.38	0
967	2020-01-07	15.38	15.38	15.38	15.38	0
968	2020-01-08	15.38	15.38	15.38	15.38	0
969	2020-01-09	15.38	15.38	15.38	15.38	0
970	2020-01-10	15.38	15.38	15.38	15.38	0
971	2020-01-13	15.38	15.38	15.38	15.38	0
972	2020-01-14	15.38	15.38	15.38	15.38	0
973	2020-01-15	15.38	15.38	15.38	15.38	0
974	2020-01-16	15.38	15.38	15.38	15.38	0
975	2020-01-17	15.38	15.38	15.38	15.38	0
976	2020-01-20	15.38	15.38	15.38	15.38	0
977	2020-01-21	15.38	15.38	15.38	15.38	0
978	2020-01-22	15.38	15.38	15.38	15.38	0
979	2020-01-30	15.38	15.38	15.38	15.38	0
980	2020-01-31	15.38	15.38	15.38	15.38	0
981	2020-02-03	15.38	15.38	15.38	15.38	0
982	2020-02-04	15.38	15.38	15.38	15.38	0
983	2020-02-05	15.38	15.38	15.38	15.38	0
984	2020-02-06	15.38	15.38	15.38	15.38	0
985	2020-02-07	15.38	15.38	15.38	15.38	0
986	2020-02-10	15.38	15.38	15.38	15.38	0
987	2020-02-11	15.38	15.38	15.38	15.38	0
988	2020-02-12	15.38	15.38	15.38	15.38	0
989	2020-02-13	15.38	15.38	15.38	15.38	0
990	2020-02-14	15.38	15.38	15.38	15.38	0
991	2020-02-17	15.38	15.38	15.38	15.38	0
992	2020-02-18	15.38	15.38	15.38	15.38	0
993	2020-02-19	15.38	15.38	15.38	15.38	0
994	2020-02-20	15.38	15.38	15.38	15.38	0
995	2020-02-21	15.38	15.38	15.38	15.38	0
996	2020-02-24	15.38	15.38	15.38	15.38	0
997	2020-02-25	15.38	15.38	15.38	15.38	0
998	2020-02-26	15.38	15.38	15.38	15.38	0
999	2020-02-27	15.38	15.38	15.38	15.38	0
1000	2020-02-28	15.38	15.38	15.38	15.38	0
1001	2020-03-02	15.38	15.38	15.38	15.38	0
1002	2020-03-03	15.38	15.38	15.38	15.38	0
1003	2020-03-04	15.38	15.38	15.38	15.38	0
1004	2020-03-05	15.38	15.38	15.38	15.38	0
1005	2020-03-06	15.38	15.38	15.38	15.38	0
1006	2020-03-09	15.38	15.38	15.38	15.38	0
1007	2020-03-10	15.38	15.38	15.38	15.38	0
1008	2020-03-11	15.38	15.38	15.38	15.38	0
1009	2020-03-12	15.38	15.38	15.38	15.38	0
1010	2020-03-13	15.38	15.38	15.38	15.38	0
1011	2020-03-16	15.38	15.38	15.38	15.38	0
1012	2020-03-17	15.38	15.38	15.38	15.38	0
1013	2020-03-18	15.38	15.38	15.38	15.38	0
1014	2020-03-19	15.38	15.38	15.38	15.38	0
1015	2020-03-20	15.38	15.38	15.38	15.38	0
1016	2020-03-23	15.38	15.38	15.38	15.38	0
1017	2020-03-24	15.38	15.38	15.38	15.38	0
1018	2020-03-25	15.38	15.38	15.38	15.38	0
1019	2020-03-26	15.38	15.38	15.38	15.38	0
1020	2020-03-27	15.38	15.38	15.38	15.38	0
1021	2020-03-30	16.78	16.78	16.78	16.78	100
1022	2020-03-31	18.46	18.46	18.46	18.46	300
1023	2020-04-01	18.46	18.46	18.46	18.46	0
1024	2020-04-03	18.46	18.46	18.46	18.46	0
1025	2020-04-06	18.46	18.46	18.46	18.46	0
1026	2020-04-07	18.46	18.46	18.46	18.46	0
1027	2020-04-08	18.46	18.46	18.46	18.46	0
1028	2020-04-09	18.46	18.46	18.46	18.46	0
1029	2020-04-10	18.46	18.46	18.46	18.46	0
1030	2020-04-13	18.46	18.46	18.46	18.46	0
1031	2020-04-14	18.46	18.46	18.46	18.46	0
1032	2020-04-15	18.46	18.46	18.46	18.46	0
1033	2020-04-16	18.46	18.46	18.46	18.46	0
1034	2020-04-17	18.46	18.46	18.46	18.46	0
1035	2020-04-20	18.46	18.46	18.46	18.46	0
1036	2020-04-21	18.46	18.46	18.46	18.46	0
1037	2020-04-22	18.46	18.46	18.46	18.46	0
1038	2020-04-23	18.46	18.46	18.46	18.46	0
1039	2020-04-24	18.46	18.46	18.46	18.46	0
1040	2020-04-27	18.46	18.46	18.46	18.46	0
1041	2020-04-28	18.46	18.46	18.46	18.46	0
1042	2020-04-29	18.46	18.46	18.46	18.46	0
1043	2020-05-04	18.46	18.46	18.46	18.46	0
1044	2020-05-05	18.46	18.46	18.46	18.46	0
1045	2020-05-06	18.46	18.46	18.46	18.46	0
1046	2020-05-07	18.46	18.46	18.46	18.46	0
1047	2020-05-08	18.46	18.46	18.46	18.46	0
1048	2020-05-11	18.46	18.46	18.46	18.46	0
1049	2020-05-12	18.46	18.46	18.46	18.46	0
1050	2020-05-13	18.46	18.46	18.46	18.46	0
1051	2020-05-14	18.46	18.46	18.46	18.46	0
1052	2020-05-15	18.46	18.46	18.46	18.46	0
1053	2020-05-18	18.46	18.46	18.46	18.46	0
1054	2020-05-19	18.46	18.46	18.46	18.46	0
1055	2020-05-20	18.46	18.46	18.46	18.46	0
1056	2020-05-21	18.46	18.46	18.46	18.46	0
1057	2020-05-22	18.46	18.46	18.46	18.46	0
1058	2020-05-25	18.46	18.46	18.46	18.46	0
1059	2020-05-26	18.46	18.46	18.46	18.46	0
1060	2020-05-27	18.46	18.46	18.46	18.46	0
1061	2020-05-28	18.46	18.46	18.46	18.46	0
1062	2020-05-29	18.46	18.46	18.46	18.46	0
1063	2020-06-01	18.46	18.46	18.46	18.46	0
1064	2020-06-02	18.46	18.46	18.46	18.46	0
1065	2020-06-03	18.46	18.46	18.46	18.46	0
1066	2020-06-04	18.46	18.46	18.46	18.46	0
1067	2020-06-05	18.46	18.46	18.46	18.46	0
1068	2020-06-08	18.46	18.46	18.46	18.46	0
1069	2020-06-09	18.46	18.46	18.46	18.46	0
1070	2020-06-10	18.46	18.46	18.46	18.46	0
1071	2020-06-11	18.46	18.46	18.46	18.46	0
1072	2020-06-12	18.46	18.46	18.46	18.46	0
1073	2020-06-15	18.46	18.46	18.46	18.46	0
1074	2020-06-16	18.46	18.46	18.46	18.46	0
1075	2020-06-17	18.46	18.46	18.46	18.46	0
1076	2020-06-18	18.46	18.46	18.46	18.46	0
1077	2020-06-19	18.46	18.46	18.46	18.46	0
1078	2020-06-22	18.46	18.46	18.46	18.46	0
1079	2020-06-23	18.46	18.46	18.46	18.46	0
1080	2020-06-24	18.46	18.46	18.46	18.46	0
1081	2020-06-25	18.46	18.46	18.46	18.46	0
1082	2020-06-26	18.46	18.46	18.46	18.46	0
1083	2020-06-29	18.46	18.46	18.46	18.46	0
1084	2020-06-30	17.13	17.13	17.13	17.13	100
1085	2020-07-01	17.13	17.13	17.13	17.13	0
1086	2020-07-02	17.49	17.49	17.49	17.49	0
1087	2020-07-03	17.49	17.49	17.49	17.49	0
1088	2020-07-06	17.49	17.49	17.49	17.49	0
1089	2020-07-07	15.42	15.42	15.42	15.42	1400
1090	2020-07-08	15.42	15.42	15.42	15.42	0
1091	2020-07-09	15.42	15.42	15.42	15.42	0
1092	2020-07-10	15.42	15.42	15.42	15.42	0
1093	2020-07-13	15.42	15.42	15.42	15.42	0
1094	2020-07-14	15.42	15.42	15.42	15.42	0
1095	2020-07-15	15.42	15.42	15.42	15.42	0
1096	2020-07-16	15.42	15.42	15.42	15.42	0
1097	2020-07-17	15.42	15.42	15.42	15.42	0
1098	2020-07-20	15.42	15.42	15.42	15.42	0
1099	2020-07-21	15.42	15.42	15.42	15.42	0
1100	2020-07-22	15.42	15.42	15.42	15.42	0
1101	2020-07-23	15.42	15.42	15.42	15.42	0
1102	2020-07-24	15.42	15.42	15.42	15.42	0
1103	2020-07-27	15.42	15.42	15.42	15.42	0
1104	2020-07-28	15.42	15.42	15.42	15.42	0
1105	2020-07-29	15.42	15.42	15.42	15.42	0
1106	2020-07-30	16.92	16.92	16.92	16.92	100
1107	2020-07-31	15.27	16.92	15.27	16.92	900
1108	2020-08-03	16.92	16.92	16.92	16.92	0
1109	2020-08-04	16.92	16.92	16.92	16.92	0
1110	2020-08-05	16.92	16.92	16.92	16.92	0
1111	2020-08-06	16.92	16.92	16.92	16.92	0
1112	2020-08-07	16.92	16.92	16.92	16.92	0
1113	2020-08-10	16.92	16.92	16.92	16.92	0
1114	2020-08-11	16.92	16.92	16.92	16.92	0
1115	2020-08-12	16.92	16.92	16.92	16.92	0
1116	2020-08-13	16.92	16.92	16.92	16.92	0
1117	2020-08-14	16.92	16.92	16.92	16.92	0
1118	2020-08-17	16.92	16.92	16.92	16.92	0
1119	2020-08-18	16.92	16.92	16.92	16.92	0
1120	2020-08-19	16.92	16.92	16.92	16.92	0
1121	2020-08-20	16.92	16.92	16.92	16.92	0
1122	2020-08-21	16.92	16.92	16.92	16.92	0
1123	2020-08-24	16.92	16.92	16.92	16.92	0
1124	2020-08-25	16.92	16.92	16.92	16.92	0
1125	2020-08-26	16.92	16.92	16.92	16.92	0
1126	2020-08-27	16.92	16.92	16.92	16.92	0
1127	2020-08-28	16.92	16.92	16.92	16.92	0
1128	2020-08-31	16.06	16.06	16.06	16.06	100
1129	2020-09-01	16.06	16.06	16.06	16.06	0
1130	2020-09-03	16.06	16.06	16.06	16.06	0
1131	2020-09-04	16.06	16.06	16.06	16.06	0
1132	2020-09-07	16.06	16.06	16.06	16.06	0
1133	2020-09-08	16.06	16.06	16.06	16.06	0
1134	2020-09-09	16.06	16.06	16.06	16.06	0
1135	2020-09-10	16.06	16.06	16.06	16.06	0
1136	2020-09-11	16.06	16.06	16.06	16.06	0
1137	2020-09-14	16.06	16.06	16.06	16.06	0
1138	2020-09-15	16.06	16.06	16.06	16.06	0
1139	2020-09-16	16.06	16.06	16.06	16.06	0
1140	2020-09-17	16.06	16.06	16.06	16.06	0
1141	2020-09-18	16.06	16.06	16.06	16.06	0
1142	2020-09-21	16.06	16.06	16.06	16.06	1
1143	2020-09-22	16.06	16.06	16.06	16.06	0
1144	2020-09-23	16.06	16.06	16.06	16.06	0
1145	2020-09-24	16.06	16.06	16.06	16.06	0
1146	2020-09-25	16.06	16.06	16.06	16.06	0
1147	2020-09-28	16.06	16.06	16.06	16.06	0
1148	2020-09-29	14.49	14.49	14.49	14.49	100
1149	2020-09-30	14.49	14.49	14.49	14.49	10
1150	2020-10-01	14.49	14.49	14.49	14.49	0
1151	2020-10-02	14.49	14.49	14.49	14.49	0
1152	2020-10-05	14.49	14.49	14.49	14.49	0
1153	2020-10-06	14.49	14.49	14.49	14.49	0
1154	2020-10-07	14.49	14.49	14.49	14.49	0
1155	2020-10-08	14.49	14.49	14.49	14.49	0
1156	2020-10-09	14.49	14.49	14.49	14.49	0
1157	2020-10-12	14.49	14.49	14.49	14.49	0
1158	2020-10-13	14.49	14.49	14.49	14.49	0
1159	2020-10-14	14.49	14.49	14.49	14.49	0
1160	2020-10-15	15.92	15.92	15.92	15.92	100
1161	2020-10-16	15.92	15.92	15.92	15.92	0
1162	2020-10-19	14.35	14.35	14.35	14.35	100
1163	2020-10-20	12.92	12.92	12.92	12.92	200
1164	2020-10-21	12.92	12.92	12.92	12.92	0
1165	2020-10-22	12.92	12.92	12.92	12.92	0
1166	2020-10-23	12.92	12.92	12.92	12.92	0
1167	2020-10-26	12.92	12.92	12.92	12.92	0
1168	2020-10-27	12.92	12.92	12.92	12.92	0
1169	2020-10-28	12.92	12.92	12.92	12.92	0
1170	2020-10-29	12.92	12.92	12.92	12.92	0
1171	2020-10-30	14.2	14.2	14.2	14.2	100
1172	2020-11-02	14.2	14.2	14.2	14.2	0
1173	2020-11-03	14.2	14.2	14.2	14.2	0
1174	2020-11-04	14.2	14.2	14.2	14.2	0
1175	2020-11-05	12.85	12.85	12.85	12.85	200
1176	2020-11-06	12.85	12.85	12.85	12.85	0
1177	2020-11-09	12.85	12.85	12.85	12.85	0
1178	2020-11-10	12.85	12.85	12.85	12.85	0
1179	2020-11-11	12.85	12.85	12.85	12.85	0
1180	2020-11-12	12.85	12.85	12.85	12.85	0
1181	2020-11-13	12.85	12.85	12.85	12.85	0
1182	2020-11-16	11.56	11.56	11.56	11.56	200
1183	2020-11-17	11.56	11.56	11.56	11.56	0
1184	2020-11-18	12.71	12.71	10.42	10.42	1200
1185	2020-11-19	10.42	10.42	10.42	10.42	0
1186	2020-11-20	9.49	9.49	9.42	9.42	500
1187	2020-11-23	9.42	10.35	9.42	10.35	1200
1188	2020-11-24	11.35	11.35	11.35	11.35	100
1189	2020-11-25	12.42	12.42	12.42	12.42	100
1190	2020-11-26	13.56	13.56	11.21	13.2	500
1191	2020-11-27	11.92	13.56	11.92	13.56	1200
1192	2020-11-30	12.21	13.56	12.21	13.56	9000
1193	2020-12-01	13.56	13.56	13.56	13.56	0
1194	2020-12-02	13.56	13.56	13.56	13.56	0
1195	2020-12-03	13.56	13.56	13.56	13.56	0
1196	2020-12-04	13.56	13.56	13.56	13.56	0
1197	2020-12-07	13.56	13.56	13.56	13.56	0
1198	2020-12-08	13.56	13.56	13.56	13.56	0
1199	2020-12-09	13.56	13.56	13.56	13.56	0
1200	2020-12-10	13.56	13.56	13.56	13.56	0
1201	2020-12-11	13.56	13.56	13.56	13.56	0
1202	2020-12-14	13.56	13.56	13.56	13.56	0
1203	2020-12-15	13.56	13.56	13.56	13.56	0
1204	2020-12-16	12.21	12.21	12.21	12.21	100
1205	2020-12-17	12.21	12.21	12.21	12.21	0
1206	2020-12-18	12.21	12.21	12.21	12.21	0
1207	2020-12-21	10.99	10.99	10.99	10.99	100
1208	2020-12-22	10.71	10.71	9.92	9.92	3685
1209	2020-12-23	10.85	10.85	10.85	10.85	1200
1210	2020-12-24	11.92	11.92	9.99	9.99	200
1211	2020-12-25	10.99	10.99	10.71	10.99	9610
1212	2020-12-28	9.99	11.92	9.99	11.85	600
1213	2020-12-29	12.13	12.78	10.71	12.78	4400
1214	2020-12-30	13.2	13.2	13.2	13.2	600
1215	2020-12-31	13.28	13.28	13.28	13.28	425
1216	2021-01-04	11.99	11.99	11.99	11.99	100
1217	2021-01-05	10.92	11.92	10.92	11.92	1700
1218	2021-01-06	11.85	11.85	11.85	11.85	2400
1219	2021-01-07	11.85	11.85	11.85	11.85	0
1220	2021-01-08	11.84	11.84	11.77	11.77	800
1221	2021-01-11	11.77	11.77	11.77	11.77	0
1222	2021-01-12	11.77	11.77	11.77	11.77	0
1223	2021-01-13	11.77	11.77	11.77	11.77	0
1224	2021-01-14	11.24	11.24	11.24	11.24	100
1225	2021-01-15	11.24	11.24	11.24	11.24	0
1226	2021-01-18	11.24	11.24	11.24	11.24	0
1227	2021-01-19	11.84	11.84	11.24	11.24	400
1228	2021-01-20	11.24	11.24	11.24	11.24	0
1229	2021-01-21	11.24	11.24	11.24	11.24	100
1230	2021-01-22	11.24	11.24	11.24	11.24	500
1231	2021-01-25	11.24	11.24	11.24	11.24	0
1232	2021-01-26	11.24	11.24	11.24	11.24	0
1233	2021-01-27	10.19	10.19	10.19	10.19	100
1234	2021-01-28	11.17	11.17	11.17	11.17	100
1235	2021-01-29	11.92	12.22	11.92	12.22	200
1236	2021-02-01	12.22	12.22	12.22	12.22	0
1237	2021-02-02	12.22	12.22	12.22	12.22	0
1238	2021-02-03	12.22	12.22	12.22	12.22	0
1239	2021-02-04	11.02	11.02	11.02	11.02	1400
1240	2021-02-05	11.84	11.84	11.84	11.84	100
1241	2021-02-08	10.72	10.72	10.72	10.72	1100
1242	2021-02-09	11.69	11.69	11.69	11.69	100
1243	2021-02-17	10.57	12.29	10.57	12.22	1700
1244	2021-02-18	11.24	11.92	11.09	11.92	1200
1245	2021-02-19	11.84	12.22	11.84	12.22	500
1246	2021-02-22	12.22	12.22	12.22	12.22	0
1247	2021-02-23	12.22	12.22	12.22	12.22	0
1248	2021-02-24	11.02	11.02	11.02	11.02	200
1249	2021-02-25	11.02	11.02	11.02	11.02	0
1250	2021-02-26	11.84	11.92	11.84	11.92	300
1251	2021-03-01	11.92	11.92	11.92	11.92	0
1252	2021-03-02	11.92	11.92	11.92	11.92	0
1253	2021-03-03	10.87	10.87	10.87	10.87	800
1254	2021-03-04	10.87	10.87	10.87	10.87	0
1255	2021-03-05	10.87	10.87	10.87	10.87	0
1256	2021-03-08	10.87	10.87	10.87	10.87	0
1257	2021-03-09	10.87	10.87	10.87	10.87	0
1258	2021-03-10	10.87	10.87	10.87	10.87	900
1259	2021-03-11	10.87	10.87	10.87	10.87	0
1260	2021-03-12	10.87	10.87	10.87	10.87	0
1261	2021-03-15	11.54	11.54	11.54	11.54	100
1262	2021-03-16	11.47	11.54	11.47	11.54	3000
1263	2021-03-17	11.54	11.92	11.54	11.92	300
1264	2021-03-18	11.92	11.92	11.92	11.92	0
1265	2021-03-19	11.92	11.92	11.92	11.92	0
1266	2021-03-22	11.92	11.92	11.92	11.92	0
1267	2021-03-23	11.99	11.99	11.99	11.99	100
1268	2021-03-24	11.99	11.99	11.99	11.99	0
1269	2021-03-25	11.99	11.99	11.99	11.99	0
1270	2021-03-26	10.94	10.94	10.94	10.94	200
1271	2021-03-29	11.84	11.84	11.84	11.84	100
1272	2021-03-30	11.84	12.22	11.84	12.22	300
1273	2021-03-31	12.14	12.59	11.99	11.99	400
1274	2021-04-01	11.99	11.99	11.99	11.99	0
1275	2021-04-02	11.99	11.99	11.99	11.99	0
1276	2021-04-05	11.02	11.02	11.02	11.02	200
1277	2021-04-06	11.02	11.02	11.02	11.02	0
1278	2021-04-07	10.87	10.87	10.87	10.87	100
1279	2021-04-08	10.87	10.87	10.87	10.87	0
1280	2021-04-09	10.87	10.87	10.87	10.87	0
1281	2021-04-12	10.87	10.87	10.87	10.87	100
1282	2021-04-13	10.87	10.87	10.87	10.87	100
1283	2021-04-14	10.87	10.87	10.87	10.87	0
1284	2021-04-15	10.87	10.87	10.87	10.87	0
1285	2021-04-16	10.87	10.87	10.87	10.87	0
1286	2021-04-19	10.87	11.24	10.87	11.24	200
1287	2021-04-20	11.24	11.24	11.24	11.24	100
1288	2021-04-22	11.62	11.62	11.62	11.62	100
1289	2021-04-23	11.24	11.24	11.24	11.24	100
1290	2021-04-26	11.24	11.24	11.24	11.24	0
1291	2021-04-27	10.12	10.49	10.12	10.49	220
1292	2021-04-28	10.12	11.17	9.52	11.17	800
1293	2021-04-29	11.17	11.54	11.17	11.54	200
1294	2021-05-04	11.54	11.54	11.54	11.54	0
1295	2021-05-05	10.57	10.57	10.57	10.57	100
1296	2021-05-06	10.64	10.64	10.64	10.64	100
1297	2021-05-07	10.64	10.64	10.64	10.64	0
1298	2021-05-10	10.64	10.64	10.64	10.64	100
1299	2021-05-11	10.79	10.79	10.79	10.79	100
1300	2021-05-12	10.72	11.62	10.72	11.62	800
1301	2021-05-13	12.52	12.52	12.52	12.52	100
1302	2021-05-14	12.52	12.52	12.52	12.52	0
1303	2021-05-17	12.52	12.52	12.52	12.52	0
1304	2021-05-18	12.52	12.52	12.52	12.52	0
1305	2021-05-19	12.52	12.52	12.52	12.52	0
1306	2021-05-20	12.91	12.91	12.91	12.91	100
1307	2021-05-21	12.91	12.91	12.91	12.91	0
1308	2021-05-24	12.91	12.91	12.91	12.91	0
1309	2021-05-25	12.91	12.91	12.91	12.91	0
1310	2021-05-26	12.52	12.52	12.52	12.52	100
1311	2021-05-27	12.52	12.52	12.52	12.52	0
1312	2021-05-28	12.52	12.52	12.52	12.52	0
1313	2021-05-31	12.52	12.52	12.52	12.52	0
1314	2021-06-01	12.52	12.52	12.52	12.52	0
1315	2021-06-02	12.52	12.52	12.52	12.52	0
1316	2021-06-03	12.52	12.52	12.52	12.52	0
1317	2021-06-04	12.52	12.52	12.52	12.52	0
1318	2021-06-07	11.26	11.26	11.26	11.26	100
1319	2021-06-08	10.25	10.33	10.17	10.33	4900
1320	2021-06-09	10.01	10.01	10.01	10.01	100
1321	2021-06-10	9.39	9.39	9.39	9.39	150
1322	2021-06-11	10.33	10.33	9.46	9.46	2550
1323	2021-06-14	9.46	10.4	8.68	9.46	12934
1324	2021-06-15	9.31	9.31	8.53	9.31	8700
1325	2021-06-16	9.23	9.23	9.0	9.0	1300
1326	2021-06-17	8.6	9.23	8.37	8.76	1700
1327	2021-06-18	8.76	9.0	8.76	9.0	5200
1328	2021-06-21	9.07	9.07	8.76	9.07	2603
1329	2021-06-22	9.07	9.31	8.6	8.84	550
1330	2021-06-23	8.84	9.23	8.84	9.07	1900
1331	2021-06-24	9.15	9.31	9.0	9.0	600
1332	2021-06-25	9.15	9.15	9.07	9.07	400
1333	2021-06-28	9.39	9.39	8.6	9.07	900
1334	2021-06-29	9.15	9.15	9.15	9.15	1100
1335	2021-06-30	9.07	9.15	8.53	8.53	3300
1336	2021-07-01	8.6	8.76	8.6	8.76	265
1337	2021-07-02	9.0	9.07	9.0	9.07	580
1338	2021-07-05	9.0	9.0	9.0	9.0	1100
1339	2021-07-06	9.0	9.0	9.0	9.0	100
1340	2021-07-07	9.0	9.0	9.0	9.0	2200
1341	2021-07-08	9.0	9.0	9.0	9.0	0
1342	2021-07-09	9.0	9.0	8.68	8.68	500
1343	2021-07-12	8.68	8.68	8.6	8.6	300
1344	2021-07-13	8.6	8.84	8.6	8.84	700
1345	2021-07-14	8.53	8.84	8.53	8.84	200
1346	2021-07-15	8.84	8.84	8.84	8.84	0
1347	2021-07-16	8.84	8.84	8.84	8.84	0
1348	2021-07-19	8.92	9.39	8.92	9.39	4110
1349	2021-07-20	8.68	8.68	8.68	8.68	110
1350	2021-07-21	9.0	9.0	9.0	9.0	100
1351	2021-07-22	9.0	9.0	9.0	9.0	0
1352	2021-07-23	9.07	9.07	9.07	9.07	500
1353	2021-07-26	9.07	9.07	9.07	9.07	0
1354	2021-07-27	9.07	9.07	9.07	9.07	0
1355	2021-07-28	9.23	9.23	9.23	9.23	621
1356	2021-07-29	9.0	9.0	9.0	9.0	200
1357	2021-07-30	9.0	9.0	9.0	9.0	0
1358	2021-08-02	9.0	9.0	9.0	9.0	0
1359	2021-08-03	9.23	9.23	9.0	9.0	510
1360	2021-08-04	9.0	9.0	9.0	9.0	0
1361	2021-08-05	9.0	9.0	9.0	9.0	0
1362	2021-08-06	9.23	9.23	9.23	9.23	200
1363	2021-08-09	9.23	9.23	9.23	9.23	0
1364	2021-08-10	9.0	9.0	9.0	9.0	200
1365	2021-08-11	9.15	9.15	9.15	9.15	100
1366	2021-08-12	9.15	9.23	9.15	9.23	300
1367	2021-08-13	9.23	9.23	9.23	9.23	100
1368	2021-08-16	9.23	9.23	9.23	9.23	0
1369	2021-08-17	9.23	9.23	9.23	9.23	0
1370	2021-08-18	9.23	9.23	9.23	9.23	0
1371	2021-08-19	9.23	9.23	9.15	9.15	3000
1372	2021-08-20	9.15	9.15	9.15	9.15	0
1373	2021-08-23	9.15	9.15	9.15	9.15	0
1374	2021-08-24	9.15	9.15	9.15	9.15	0
1375	2021-08-25	9.15	9.15	9.15	9.15	0
1376	2021-08-26	9.15	9.15	9.15	9.15	0
1377	2021-08-27	9.15	9.15	9.15	9.15	0
1378	2021-08-30	9.15	9.46	9.15	9.46	1200
1379	2021-08-31	9.23	9.31	9.23	9.31	300
1380	2021-09-01	9.46	9.46	9.39	9.46	1000
1381	2021-09-06	9.78	9.78	9.78	9.78	400
1382	2021-09-07	9.54	9.54	9.54	9.54	301
1383	2021-09-08	9.39	9.62	9.39	9.46	700
1384	2021-09-09	9.46	10.09	9.46	10.09	2300
1385	2021-09-10	10.09	10.09	10.09	10.09	0
1386	2021-09-13	10.17	11.03	10.17	11.03	559600
1387	2021-09-14	12.12	12.12	12.12	12.12	3549
1388	2021-09-15	13.3	13.3	11.73	12.91	1066
1389	2021-09-16	11.66	11.66	11.66	11.66	1800
1390	2021-09-17	10.72	11.03	10.56	11.03	11700
1391	2021-09-20	10.79	11.11	10.79	11.11	3031
1392	2021-09-21	11.11	11.11	11.11	11.11	0
1393	2021-09-22	11.66	11.66	10.4	10.95	4700
1394	2021-09-23	10.95	10.95	10.95	10.95	3100
1395	2021-09-24	10.95	10.95	10.95	10.95	100
1396	2021-09-27	10.72	11.58	10.72	11.58	900
1397	2021-09-28	10.95	10.95	10.95	10.95	5900
1398	2021-09-29	10.95	10.95	10.95	10.95	300
1399	2021-09-30	10.79	10.95	10.79	10.95	1100
1400	2021-10-01	10.95	10.95	10.95	10.95	0
1401	2021-10-04	10.25	10.95	10.25	10.95	2700
1402	2021-10-05	11.11	11.97	11.11	11.81	6000
1403	2021-10-06	11.73	11.73	11.5	11.66	2016
1404	2021-10-07	11.42	11.66	11.26	11.66	2500
1405	2021-10-08	11.11	11.11	11.03	11.11	2100
1406	2021-10-11	11.58	11.58	11.19	11.26	1410
1407	2021-10-12	11.34	11.42	11.34	11.42	2400
1408	2021-10-13	11.42	11.42	11.42	11.42	4400
1409	2021-10-14	11.42	11.42	11.42	11.42	3000
1410	2021-10-15	11.34	11.73	11.34	11.73	810
1411	2021-10-18	11.73	12.91	11.73	12.91	35406
1412	2021-10-19	13.3	14.0	13.3	14.0	7500
1413	2021-10-20	14.0	15.18	14.0	15.18	1300
1414	2021-10-21	15.18	15.18	13.69	14.16	33506
1415	2021-10-22	12.91	14.0	12.91	13.14	6400
1416	2021-10-25	12.91	13.69	12.91	13.61	7410
1417	2021-10-26	13.3	13.53	12.98	13.53	4500
1418	2021-10-27	13.61	14.08	13.53	13.61	14003
1419	2021-10-28	13.61	13.61	13.53	13.53	1200
1420	2021-10-29	13.3	13.53	13.3	13.53	400
1421	2021-11-01	13.14	13.45	12.91	13.38	11001
1422	2021-11-02	13.3	13.69	13.3	13.61	3500
1423	2021-11-03	13.69	13.69	13.53	13.53	3300
1424	2021-11-04	12.98	12.98	12.98	12.98	5100
1425	2021-11-05	12.98	13.45	12.91	13.45	4701
1426	2021-11-08	13.45	13.45	12.91	13.45	1015
1427	2021-11-09	13.22	13.45	12.98	13.45	4800
1428	2021-11-10	12.98	13.92	12.98	13.45	19700
1429	2021-11-11	13.53	13.53	13.3	13.3	7400
1430	2021-11-12	13.45	13.45	13.3	13.38	1600
1431	2021-11-15	13.3	13.38	13.06	13.38	3500
1432	2021-11-16	13.3	14.63	13.06	14.31	17700
1433	2021-11-17	14.08	14.08	13.69	13.69	2010
1434	2021-11-18	13.69	13.69	12.59	13.3	1200
1435	2021-11-19	13.3	13.3	13.22	13.3	300
1436	2021-11-22	12.52	13.14	12.12	12.98	3410
1437	2021-11-23	12.91	13.06	12.75	12.98	800
1438	2021-11-24	13.45	13.45	12.91	13.3	9300
1439	2021-11-25	13.3	13.3	13.22	13.22	2100
1440	2021-11-26	12.67	13.14	12.67	13.14	2000
1441	2021-11-29	12.67	13.14	12.59	13.14	300
1442	2021-11-30	13.22	13.69	13.14	13.14	1000
1443	2021-12-01	12.91	12.98	12.91	12.98	2200
1444	2021-12-02	12.98	14.08	12.75	13.92	15500
1445	2021-12-03	13.3	13.3	13.3	13.3	100
1446	2021-12-06	13.22	13.22	13.14	13.14	200
1447	2021-12-07	12.59	13.06	12.59	13.06	913
1448	2021-12-08	12.52	13.06	12.52	13.06	2300
1449	2021-12-09	13.06	13.06	13.06	13.06	0
1450	2021-12-10	12.2	12.83	12.2	12.83	1400
1451	2021-12-13	13.06	13.06	12.67	13.06	4400
1452	2021-12-14	12.28	13.06	12.28	13.06	900
1453	2021-12-15	12.98	13.14	12.83	13.14	1600
1454	2021-12-16	13.06	13.14	12.67	13.14	8800
1455	2021-12-17	13.14	13.14	13.06	13.06	2800
1456	2021-12-20	13.06	13.06	12.52	12.98	3000
1457	2021-12-21	13.45	13.45	13.45	13.45	500
1458	2021-12-22	13.45	13.45	13.45	13.45	0
1459	2021-12-23	13.45	13.45	13.45	13.45	0
1460	2021-12-24	13.3	13.3	13.3	13.3	600
1461	2021-12-27	13.3	13.3	13.3	13.3	0
1462	2021-12-28	13.3	13.3	13.3	13.3	0
1463	2021-12-29	12.59	13.14	12.52	13.14	2600
1464	2021-12-30	12.59	14.39	12.59	14.39	12300
1465	2021-12-31	13.69	15.8	13.3	15.8	20000
1466	2022-01-04	14.24	15.49	14.24	15.49	20100
1467	2022-01-05	14.08	15.1	14.0	15.1	53401
1468	2022-01-06	15.02	15.02	15.02	15.02	600
1469	2022-01-07	13.85	13.92	13.85	13.92	1105
1470	2022-01-10	13.92	13.92	13.3	13.85	7316
1471	2022-01-11	13.61	14.08	13.61	13.69	23500
1472	2022-01-12	14.08	15.02	14.0	15.02	7400
1473	2022-01-13	14.39	14.39	14.39	14.39	100
1474	2022-01-14	14.31	14.31	14.31	14.31	2000
1475	2022-01-17	13.38	13.61	13.38	13.61	3700
1476	2022-01-18	13.61	13.61	13.61	13.61	0
1477	2022-01-19	13.06	13.06	13.06	13.06	800
1478	2022-01-20	12.59	14.31	12.59	14.31	5200
1479	2022-01-21	13.06	13.3	12.91	12.91	3700
1480	2022-01-24	12.91	14.08	12.91	14.08	6200
1481	2022-01-25	14.08	14.08	14.08	14.08	0
1482	2022-01-26	14.08	14.08	14.08	14.08	0
1483	2022-01-27	13.22	13.61	13.14	13.61	510
1484	2022-01-28	13.61	14.16	13.61	14.16	700
1485	2022-02-07	14.16	14.16	14.16	14.16	2
1486	2022-02-08	13.14	13.14	13.14	13.14	1201
1487	2022-02-09	13.14	13.14	13.14	13.14	1100
1488	2022-02-10	13.14	13.92	12.91	12.91	5402
1489	2022-02-11	12.83	12.83	12.83	12.83	401
1490	2022-02-14	12.98	13.45	12.91	13.14	18500
1491	2022-02-15	13.14	13.14	12.98	13.14	700
1492	2022-02-16	13.45	13.45	12.52	12.98	10000
1493	2022-02-17	13.22	13.22	13.22	13.22	100
1494	2022-02-18	13.22	13.22	12.75	12.83	300
1495	2022-02-21	12.59	12.98	12.59	12.98	1200
1496	2022-02-22	12.91	13.06	12.75	13.06	2100
1497	2022-02-23	12.91	13.53	12.91	13.45	22200
1498	2022-02-24	13.45	14.78	13.45	14.78	162003
1499	2022-02-25	16.11	16.19	13.69	15.49	92111
1500	2022-02-28	15.49	15.49	14.0	15.49	129300
1501	2022-03-01	14.86	14.86	14.0	14.0	60800
1502	2022-03-02	14.16	14.31	13.3	14.08	45400
1503	2022-03-03	14.16	14.16	13.53	13.92	27500
1504	2022-03-04	13.61	13.61	13.3	13.38	47305
1505	2022-03-07	13.69	14.08	13.61	13.92	33400
1506	2022-03-08	13.92	14.0	13.38	13.45	37800
1507	2022-03-09	13.53	14.16	13.53	13.85	24914
1508	2022-03-10	13.69	13.85	13.53	13.69	17300
1509	2022-03-11	13.61	14.86	13.61	13.92	143000
1510	2022-03-14	13.92	13.92	13.45	13.69	3100
1511	2022-03-15	13.61	13.61	13.45	13.45	5500
1512	2022-03-16	13.45	13.45	13.14	13.14	35300
1513	2022-03-17	13.14	13.69	13.14	13.53	5614
1514	2022-03-18	13.53	13.85	13.22	13.38	11500
1515	2022-03-21	13.22	13.22	12.83	13.22	18500
1516	2022-03-22	12.91	13.45	12.83	13.22	6000
1517	2022-03-23	13.06	13.22	13.06	13.14	8300
1518	2022-03-24	13.06	13.06	12.91	12.98	6000
1519	2022-03-25	13.22	13.3	12.91	13.14	11100
1520	2022-03-28	13.06	13.14	12.83	13.14	5700
1521	2022-03-29	13.06	13.06	12.83	12.83	13200
1522	2022-03-30	13.06	13.14	12.75	12.91	12500
1523	2022-03-31	12.98	12.98	12.75	12.75	6314
1524	2022-04-01	12.75	12.75	12.59	12.59	16600
1525	2022-04-04	12.59	12.83	12.59	12.83	6313
1526	2022-04-05	12.83	12.98	12.83	12.91	5500
1527	2022-04-06	12.91	12.98	12.75	12.75	5000
1528	2022-04-07	12.52	12.75	12.52	12.52	3800
1529	2022-04-08	12.2	12.36	12.2	12.2	500
1530	2022-04-12	12.2	12.2	11.73	12.05	11700
1531	2022-04-13	12.2	12.28	12.2	12.2	500
1532	2022-04-14	12.2	12.2	12.05	12.12	2900
1533	2022-04-15	11.81	11.81	11.81	11.81	4700
1534	2022-04-18	11.5	11.5	10.95	10.95	9000
1535	2022-04-19	10.95	11.11	10.79	10.95	22600
1536	2022-04-20	10.01	10.87	10.01	10.87	37400
1537	2022-04-21	10.09	10.64	9.86	9.93	11300
1538	2022-04-22	10.25	10.25	9.0	9.78	15800
1539	2022-04-25	10.25	10.25	10.25	10.25	100
1540	2022-04-26	10.64	10.64	9.23	9.86	1500
1541	2022-04-27	9.86	9.86	9.78	9.78	200
1542	2022-04-28	10.09	10.09	9.0	9.23	20600
1543	2022-04-29	9.46	9.86	9.46	9.86	5400
1544	2022-05-04	9.62	9.78	9.62	9.78	200
1545	2022-05-05	9.78	9.86	9.7	9.78	1800
1546	2022-05-06	9.31	9.78	9.31	9.78	3800
1547	2022-05-09	9.23	9.23	8.84	8.84	7700
1548	2022-05-10	9.31	9.31	9.31	9.31	300
1549	2022-05-11	9.31	9.31	9.31	9.31	0
1550	2022-05-12	9.15	9.15	9.15	9.15	500
1551	2022-05-13	8.68	9.07	8.68	8.68	700
1552	2022-05-16	9.07	9.23	9.07	9.15	2200
1553	2022-05-17	9.62	9.62	9.62	9.62	100
1554	2022-05-18	8.92	9.54	8.84	9.54	1200
1555	2022-05-19	9.07	9.07	9.07	9.07	800
1556	2022-05-20	9.0	9.15	9.0	9.15	800
1557	2022-05-23	9.15	9.46	9.15	9.46	300
1558	2022-05-24	9.46	9.46	9.46	9.46	0
1559	2022-05-25	9.39	9.46	9.39	9.46	2000
1560	2022-05-26	9.62	9.62	9.46	9.54	400
1561	2022-05-27	9.54	9.54	9.54	9.54	0
1562	2022-05-30	9.62	10.4	9.62	10.33	2900
1563	2022-05-31	9.62	10.09	9.62	10.09	800
1564	2022-06-01	10.09	10.09	10.09	10.09	0
1565	2022-06-02	10.09	10.09	9.54	9.54	1200
1566	2022-06-03	9.78	9.78	9.39	9.39	300
1567	2022-06-06	9.39	9.39	8.76	9.07	5600
1568	2022-06-07	9.31	9.31	9.31	9.31	1100
1569	2022-06-08	9.31	9.46	9.31	9.39	3200
1570	2022-06-09	9.46	9.46	9.31	9.46	1200
1571	2022-06-10	9.46	9.62	9.46	9.46	900
1572	2022-06-13	9.46	9.46	9.46	9.46	0
1573	2022-06-14	8.92	8.92	8.6	8.6	4900
1574	2022-06-15	8.21	8.21	7.82	8.21	4400
1575	2022-06-16	8.37	8.37	8.21	8.21	300
1576	2022-06-17	7.67	7.67	7.43	7.67	7600
1577	2022-06-20	7.43	7.67	7.2	7.67	9400
1578	2022-06-21	7.27	7.43	7.04	7.43	2402
1579	2022-06-22	7.67	7.67	7.67	7.67	200
1580	2022-06-23	7.43	7.51	7.43	7.51	1700
1581	2022-06-24	7.51	7.51	7.51	7.51	108
1582	2022-06-27	7.04	8.21	7.04	8.21	2200
1583	2022-06-28	8.29	8.29	7.51	7.9	6700
1584	2022-06-29	7.9	7.9	7.9	7.9	0
1585	2022-06-30	7.9	7.9	7.9	7.9	0
1586	2022-07-01	7.82	7.9	7.82	7.9	300
1587	2022-07-04	7.9	7.9	7.9	7.9	0
1588	2022-07-05	7.9	7.9	7.9	7.9	2000
1589	2022-07-06	7.9	7.9	7.9	7.9	3800
1590	2022-07-07	7.27	8.53	7.27	7.82	1100
1591	2022-07-08	7.82	7.82	7.82	7.82	100
1592	2022-07-11	8.53	8.53	8.53	8.53	100
1593	2022-07-12	7.82	7.82	7.74	7.82	10291
1594	2022-07-13	7.82	7.9	7.82	7.9	4800
1595	2022-07-14	7.9	8.06	7.82	8.06	300
1596	2022-07-15	7.98	7.98	7.98	7.98	2200
1597	2022-07-18	7.98	7.98	7.98	7.98	800
1598	2022-07-19	7.74	8.06	7.74	7.98	2200
1599	2022-07-20	7.98	8.45	7.98	8.45	7800
1600	2022-07-21	8.37	8.53	8.29	8.53	6100
1601	2022-07-22	8.37	8.6	8.37	8.53	3700
1602	2022-07-25	8.53	8.53	8.45	8.45	6309
1603	2022-07-26	8.53	9.15	8.53	8.53	2600
1604	2022-07-27	8.53	8.53	8.53	8.53	7000
1605	2022-07-28	8.53	8.6	8.53	8.53	5800
1606	2022-07-29	8.84	8.84	8.29	8.45	300
1607	2022-08-01	8.6	8.6	8.6	8.6	800
1608	2022-08-02	8.45	8.68	8.45	8.68	1000
1609	2022-08-03	8.37	9.31	8.37	9.15	2800
1610	2022-08-04	9.0	9.23	8.68	9.15	4700
1611	2022-08-05	8.6	9.54	8.6	9.46	2200
1612	2022-08-08	9.07	9.07	8.76	9.07	3900
1613	2022-08-09	9.07	9.23	9.07	9.23	200
1614	2022-08-10	8.84	8.92	8.6	8.92	16600
1615	2022-08-11	8.92	8.92	8.6	8.92	9600
1616	2022-08-12	8.84	8.84	8.6	8.84	2200
1617	2022-08-15	8.92	9.39	8.92	9.39	5100
1618	2022-08-16	9.39	9.39	9.39	9.39	0
1619	2022-08-17	9.0	9.0	8.6	8.68	7000
1620	2022-08-18	9.0	9.0	9.0	9.0	100
1621	2022-08-19	9.0	9.0	9.0	9.0	0
1622	2022-08-22	9.0	9.0	8.92	8.92	6500
1623	2022-08-23	8.92	8.92	8.92	8.92	300
1624	2022-08-24	8.92	8.92	8.84	8.92	11700
1625	2022-08-25	8.92	8.92	8.92	8.92	1000
1626	2022-08-26	8.92	8.92	8.92	8.92	6000
1627	2022-08-29	8.53	9.0	8.37	9.0	5300
1628	2022-08-30	9.0	9.0	9.0	9.0	800
1629	2022-08-31	9.0	9.0	9.0	9.0	0
1630	2022-09-05	9.0	9.0	9.0	9.0	0
1631	2022-09-06	9.0	9.0	9.0	9.0	0
1632	2022-09-07	9.0	9.0	9.0	9.0	0
1633	2022-09-08	9.0	9.0	9.0	9.0	0
1634	2022-09-09	9.0	9.0	9.0	9.0	0
1635	2022-09-12	9.0	9.0	9.0	9.0	0
1636	2022-09-13	9.0	9.0	9.0	9.0	0
1637	2022-09-14	9.0	9.0	9.0	9.0	0
1638	2022-09-15	8.68	9.0	8.68	9.0	300
1639	2022-09-16	9.0	9.0	9.0	9.0	0
1640	2022-09-19	8.84	8.84	8.84	8.84	155
1641	2022-09-20	8.76	8.76	8.76	8.76	200
1642	2022-09-21	8.76	8.76	8.76	8.76	0
1643	2022-09-22	8.79	8.79	8.79	8.79	0
1644	2022-09-23	9.21	9.21	9.21	9.21	100
1645	2022-09-26	9.21	9.21	9.21	9.21	0
1646	2022-09-27	9.21	9.21	9.21	9.21	0
1647	2022-09-28	9.21	9.21	9.21	9.21	0
1648	2022-09-29	9.21	9.21	9.21	9.21	0
1649	2022-09-30	9.21	9.21	9.21	9.21	0
1650	2022-10-03	9.21	9.21	9.21	9.21	0
1651	2022-10-04	9.12	9.12	9.12	9.12	100
1652	2022-10-05	9.12	9.12	9.12	9.12	0
1653	2022-10-06	9.12	9.12	9.12	9.12	0
1654	2022-10-07	9.12	9.12	9.12	9.12	0
1655	2022-10-10	9.12	9.12	9.12	9.12	1
1656	2022-10-11	9.12	9.12	9.12	9.12	0
1657	2022-10-12	9.12	9.12	9.12	9.12	0
1658	2022-10-13	9.04	9.04	8.28	8.28	1400
1659	2022-10-14	8.28	8.28	8.28	8.28	0
1660	2022-10-17	8.28	8.28	8.28	8.28	0
1661	2022-10-18	8.36	8.36	8.36	8.36	100
1662	2022-10-19	9.04	9.04	7.6	8.19	9500
1663	2022-10-20	7.6	7.6	7.6	7.6	12900
1664	2022-10-21	6.93	6.93	6.93	6.93	1000
1665	2022-10-24	6.93	6.93	6.93	6.93	0
1666	2022-10-25	6.93	6.93	6.93	6.93	700
1667	2022-10-26	6.93	6.93	6.93	6.93	900
1668	2022-10-27	6.93	6.93	6.93	6.93	100
1669	2022-10-28	6.51	6.93	6.34	6.93	1200
1670	2022-10-31	6.76	6.76	6.42	6.76	1700
1671	2022-11-01	6.76	6.76	6.76	6.76	231
1672	2022-11-02	6.76	7.01	6.17	7.01	1600
1673	2022-11-03	6.42	6.84	6.42	6.84	2800
1674	2022-11-04	6.25	6.67	6.17	6.59	8600
1675	2022-11-07	6.59	6.59	6.59	6.59	0
1676	2022-11-08	6.0	6.0	6.0	6.0	2200
1677	2022-11-09	6.25	6.42	6.0	6.0	700
1678	2022-11-10	6.0	6.0	6.0	6.0	0
1679	2022-11-11	5.49	5.49	5.41	5.41	2500
1680	2022-11-14	5.07	5.07	5.07	5.07	5000
1681	2022-11-15	4.56	4.56	4.56	4.56	3300
1682	2022-11-16	4.82	4.82	4.82	4.82	1100
1683	2022-11-17	5.07	5.24	5.07	5.24	2400
1684	2022-11-18	5.24	5.24	5.24	5.24	0
1685	2022-11-21	5.24	5.24	5.24	5.24	1020
1686	2022-11-22	5.49	5.74	5.32	5.74	2800
1687	2022-11-23	5.83	5.83	5.83	5.83	1300
1688	2022-11-24	5.83	5.83	5.83	5.83	0
1689	2022-11-25	6.34	6.34	6.34	6.34	700
1690	2022-11-28	6.76	6.76	6.76	6.76	2240
1691	2022-11-29	6.76	6.76	6.76	6.76	200
1692	2022-11-30	6.17	6.76	6.08	6.76	2400
1693	2022-12-01	6.76	6.76	6.76	6.76	1000
1694	2022-12-02	6.76	6.76	6.76	6.76	1700
1695	2022-12-05	6.76	6.76	6.76	6.76	100
1696	2022-12-06	6.76	6.76	6.76	6.76	0
1697	2022-12-07	6.76	6.76	6.76	6.76	0
1698	2022-12-08	6.67	7.43	6.67	7.43	400
1699	2022-12-09	6.76	6.76	6.76	6.76	1400
1700	2022-12-12	7.18	7.18	6.25	6.84	300
1701	2022-12-13	6.17	6.76	6.17	6.76	1400
1702	2022-12-14	6.76	6.76	6.76	6.76	0
1703	2022-12-15	6.76	6.76	6.76	6.76	0
1704	2022-12-16	6.76	6.76	6.76	6.76	0
1705	2022-12-19	6.76	6.76	6.76	6.76	0
1706	2022-12-20	6.76	6.76	6.76	6.76	0
1707	2022-12-21	6.76	6.76	6.76	6.76	0
1708	2022-12-22	6.76	6.76	6.76	6.76	0
1709	2022-12-23	6.76	6.76	6.76	6.76	0
1710	2022-12-26	6.42	6.42	6.42	6.42	200
1711	2022-12-27	6.42	6.42	6.42	6.42	0
1712	2022-12-28	6.42	6.42	6.42	6.42	0
1713	2022-12-29	6.42	6.42	6.42	6.42	0
1714	2022-12-30	6.67	6.67	6.67	6.67	200
1715	2023-01-03	6.59	6.59	6.59	6.59	800
1716	2023-01-04	6.59	6.59	6.59	6.59	0
1717	2023-01-05	6.59	6.59	6.59	6.59	0
1718	2023-01-06	6.59	6.59	6.59	6.59	0
1719	2023-01-09	6.76	6.76	6.76	6.76	100
1720	2023-01-10	6.76	6.76	6.76	6.76	0
1721	2023-01-11	6.17	6.17	6.17	6.17	100
1722	2023-01-12	6.67	6.67	6.67	6.67	1700
1723	2023-01-13	6.67	6.67	6.67	6.67	0
1724	2023-01-16	6.67	6.67	6.67	6.67	0
1725	2023-01-17	6.67	6.67	6.67	6.67	600
1726	2023-01-18	6.42	6.59	6.08	6.59	4100
1727	2023-01-19	6.17	6.17	6.17	6.17	824
1728	2023-01-27	6.67	6.76	6.67	6.76	2780
1729	2023-01-30	7.43	7.43	7.43	7.43	5800
1730	2023-01-31	8.11	8.11	7.77	8.11	11851
1731	2023-02-01	8.11	8.11	8.11	8.11	0
1732	2023-02-02	7.6	7.6	7.52	7.52	1213
1733	2023-02-03	7.52	7.52	7.52	7.52	0
1734	2023-02-06	7.94	7.94	7.94	7.94	100
1735	2023-02-07	7.27	7.35	7.27	7.35	200
1736	2023-02-08	7.35	7.35	7.35	7.35	0
1737	2023-02-09	7.35	7.86	7.35	7.86	1920
1738	2023-02-10	7.86	7.86	7.52	7.6	2326
1739	2023-02-13	7.35	7.35	7.35	7.35	192
1740	2023-02-14	7.6	7.6	7.6	7.6	101
1741	2023-02-15	7.6	7.6	7.6	7.6	0
1742	2023-02-16	7.35	7.35	7.35	7.35	800
1743	2023-02-17	7.18	7.52	7.01	7.52	5265
1744	2023-02-20	7.69	7.69	7.69	7.69	5600
1745	2023-02-21	7.69	8.19	7.69	8.19	7600
1746	2023-02-22	8.19	8.19	8.19	8.19	0
1747	2023-02-23	8.19	8.19	8.19	8.19	0
1748	2023-02-24	8.19	8.19	8.19	8.19	10
1749	2023-02-27	8.19	8.19	8.19	8.19	0
1750	2023-02-28	8.19	8.19	8.19	8.19	0
1751	2023-03-01	7.52	7.6	7.43	7.6	800
1752	2023-03-02	7.6	7.6	7.6	7.6	0
1753	2023-03-03	7.6	7.6	7.6	7.6	0
1754	2023-03-06	7.6	7.6	7.6	7.6	201
1755	2023-03-07	7.86	7.86	7.86	7.86	100
1756	2023-03-08	7.86	7.86	7.86	7.86	66
1757	2023-03-09	7.18	7.18	7.18	7.18	405
1758	2023-03-10	7.77	7.86	7.69	7.86	3804
1759	2023-03-13	7.86	7.86	7.35	7.35	1300
1760	2023-03-14	7.43	7.43	7.43	7.43	100
1761	2023-03-15	7.86	7.86	7.86	7.86	100
1762	2023-03-16	7.86	7.86	7.86	7.86	12
1763	2023-03-17	7.86	7.86	7.86	7.86	12
1764	2023-03-20	7.86	7.86	7.86	7.86	0
1765	2023-03-21	7.86	7.86	7.86	7.86	0
1766	2023-03-22	7.86	7.86	7.86	7.86	2150
1767	2023-03-23	7.18	7.27	7.18	7.27	1700
1768	2023-03-24	7.43	7.94	7.43	7.94	27100
1769	2023-03-27	7.52	7.94	7.52	7.94	525
1770	2023-03-28	8.62	8.62	8.62	8.62	100
1771	2023-03-29	7.86	7.86	7.77	7.86	2000
1772	2023-03-30	7.86	7.86	7.86	7.86	0
1773	2023-03-31	7.86	7.86	7.86	7.86	0
1774	2023-04-03	7.86	7.86	7.86	7.86	100
1775	2023-04-04	7.86	7.86	7.86	7.86	0
1776	2023-04-05	7.86	7.86	7.86	7.86	0
1777	2023-04-06	7.86	7.86	7.86	7.86	0
1778	2023-04-07	7.86	7.86	7.86	7.86	0
1779	2023-04-10	7.86	7.86	7.86	7.86	900
1780	2023-04-11	7.86	7.86	7.86	7.86	50
1781	2023-04-12	7.94	7.94	7.94	7.94	668
1782	2023-04-13	7.94	7.94	7.94	7.94	0
1783	2023-04-14	7.94	7.94	7.86	7.86	1300
1784	2023-04-17	7.86	7.86	7.86	7.86	100
1785	2023-04-18	8.45	8.62	8.45	8.62	2006
1786	2023-04-19	8.62	8.62	8.62	8.62	430
1787	2023-04-20	8.62	8.62	8.62	8.62	100
1788	2023-04-21	8.62	8.62	8.62	8.62	100
1789	2023-04-24	8.62	8.62	8.62	8.62	0
1790	2023-04-25	8.62	8.62	8.62	8.62	0
1791	2023-04-26	8.62	8.62	8.62	8.62	0
1792	2023-04-27	8.03	8.03	7.77	7.77	21280
1793	2023-04-28	7.94	7.94	7.94	7.94	2900
1794	2023-05-04	8.03	8.03	8.03	8.03	951
1795	2023-05-05	8.03	8.53	8.03	8.28	5806
1796	2023-05-08	8.28	9.04	8.28	8.96	4113
1797	2023-05-09	8.96	9.29	8.96	9.29	246
1798	2023-05-10	9.29	9.29	9.21	9.21	900
1799	2023-05-11	9.21	9.21	9.21	9.21	723
1800	2023-05-12	8.87	8.87	8.87	8.87	490
1801	2023-05-15	8.87	9.46	8.87	9.29	4042
1802	2023-05-16	9.29	9.55	9.29	9.29	14944
1803	2023-05-17	9.29	9.38	8.96	9.29	2101
1804	2023-05-18	9.2	9.76	9.2	9.76	410
1805	2023-05-19	9.76	9.76	9.76	9.76	0
1806	2023-05-22	8.92	9.48	8.92	9.48	2100
1807	2023-05-23	9.48	9.48	9.29	9.29	500
1808	2023-05-24	9.29	9.29	9.29	9.29	0
1809	2023-05-25	9.29	9.29	9.29	9.29	0
1810	2023-05-26	8.83	8.83	8.55	8.55	1100
1811	2023-05-29	8.55	8.55	8.55	8.55	2500
1812	2023-05-30	8.55	8.83	8.55	8.64	1116
1813	2023-05-31	8.64	8.64	8.64	8.64	4100
1814	2023-06-01	8.92	8.92	8.92	8.92	100
1815	2023-06-02	8.92	8.92	8.92	8.92	100
1816	2023-06-05	8.92	8.92	8.92	8.92	200
1817	2023-06-06	8.92	8.92	8.92	8.92	401
1818	2023-06-07	8.92	8.92	8.83	8.83	852
1819	2023-06-08	8.83	8.83	8.83	8.83	1000
1820	2023-06-09	8.83	8.92	8.83	8.92	1924
1821	2023-06-12	8.83	8.83	8.83	8.83	933
1822	2023-06-13	8.92	9.11	8.92	9.11	1825
1823	2023-06-14	9.11	9.2	9.11	9.2	2900
1824	2023-06-15	9.11	9.11	9.11	9.11	2200
1825	2023-06-16	9.11	9.11	9.11	9.11	4050
1826	2023-06-19	9.11	9.11	9.11	9.11	8600
1827	2023-06-20	9.11	9.11	9.11	9.11	8117
1828	2023-06-21	9.57	9.57	9.11	9.48	3000
1829	2023-06-22	9.48	9.48	9.48	9.48	579
1830	2023-06-23	9.48	9.57	9.48	9.48	1006
1831	2023-06-26	9.48	9.57	9.48	9.57	4700
1832	2023-06-27	9.48	9.48	9.48	9.48	1033
1833	2023-06-28	9.48	9.48	9.48	9.48	1000
1834	2023-06-29	9.48	9.48	9.39	9.39	1100
1835	2023-06-30	9.39	9.39	9.39	9.39	1000
1836	2023-07-03	9.39	9.39	9.39	9.39	1000
1837	2023-07-04	9.39	9.39	9.39	9.39	11000
1838	2023-07-05	9.39	9.39	9.29	9.39	149248
1839	2023-07-06	9.48	9.48	9.39	9.39	5300
1840	2023-07-07	9.48	9.48	9.39	9.39	16600
1841	2023-07-10	9.39	9.48	9.39	9.39	9106
1842	2023-07-11	9.39	9.39	9.39	9.39	1500
1843	2023-07-12	9.48	9.48	9.48	9.48	320
1844	2023-07-13	9.48	9.48	9.48	9.48	2800
1845	2023-07-14	9.48	9.48	9.48	9.48	3100
1846	2023-07-17	9.48	9.48	9.48	9.48	0
1847	2023-07-18	9.48	9.48	9.48	9.48	6300
1848	2023-07-19	9.39	9.39	9.39	9.39	200
1849	2023-07-20	9.29	9.48	9.29	9.48	2700
1850	2023-07-21	9.29	9.48	9.29	9.48	800
1851	2023-07-24	9.48	9.48	9.48	9.48	100
1852	2023-07-25	9.48	9.48	9.48	9.48	2000
1853	2023-07-26	9.48	9.48	9.48	9.48	2001
1854	2023-07-27	9.48	9.57	9.39	9.57	2501
1855	2023-07-28	9.48	9.48	9.48	9.48	2600
1856	2023-07-31	9.48	9.48	9.48	9.48	2000
1857	2023-08-01	9.48	9.57	9.48	9.57	2401
1858	2023-08-02	9.48	9.48	9.48	9.48	4931
1859	2023-08-03	9.48	9.48	9.48	9.48	2500
1860	2023-08-04	9.48	9.48	9.48	9.48	3701
1861	2023-08-07	9.48	9.48	9.48	9.48	7000
1862	2023-08-08	9.48	9.48	9.48	9.48	3200
1863	2023-08-09	9.11	9.48	9.11	9.48	2215
1864	2023-08-10	9.39	9.39	9.29	9.29	2200
1865	2023-08-11	9.48	9.48	9.48	9.48	100
1866	2023-08-14	9.48	9.48	9.48	9.48	0
1867	2023-08-15	9.48	10.41	9.48	10.13	1800
1868	2023-08-16	10.13	10.13	10.13	10.13	0
1869	2023-08-17	10.13	10.13	10.13	10.13	0
1870	2023-08-18	9.29	9.57	9.2	9.57	6908
1871	2023-08-21	9.57	9.57	9.57	9.57	0
1872	2023-08-22	9.57	9.57	9.57	9.57	91
1873	2023-08-23	9.57	9.57	9.57	9.57	0
1874	2023-08-24	9.29	9.48	9.29	9.48	900
1875	2023-08-25	9.48	9.48	9.48	9.48	0
1876	2023-08-28	9.48	9.48	9.48	9.48	0
1877	2023-08-29	8.83	8.92	8.74	8.74	13500
1878	2023-08-30	8.74	8.74	8.74	8.74	2
1879	2023-08-31	8.74	8.74	8.74	8.74	0
1880	2023-09-05	9.01	9.01	9.01	9.01	202
1881	2023-09-06	9.01	9.01	9.01	9.01	800
1882	2023-09-07	9.01	9.01	8.64	8.64	500
1883	2023-09-08	8.92	8.92	8.92	8.92	700
1884	2023-09-11	9.11	9.29	8.92	8.92	3800
1885	2023-09-12	9.11	9.11	9.11	9.11	500
1886	2023-09-13	9.01	9.11	8.92	8.92	3100
1887	2023-09-14	8.92	8.92	8.92	8.92	0
1888	2023-09-15	8.92	8.92	8.92	8.92	100
1889	2023-09-18	9.39	9.39	9.39	9.39	100
1890	2023-09-19	9.39	9.39	9.39	9.39	0
1891	2023-09-20	9.39	9.39	9.39	9.39	0
1892	2023-09-21	9.39	9.39	9.39	9.39	12
1893	2023-09-22	8.64	8.64	8.64	8.64	300
1894	2023-09-25	8.64	8.64	8.64	8.64	300
1895	2023-09-26	8.64	8.64	8.64	8.64	312
1896	2023-09-27	8.64	8.64	8.46	8.46	2300
1897	2023-09-28	8.46	8.46	8.46	8.46	400
1898	2023-09-29	8.46	8.46	8.46	8.46	1400
1899	2023-10-02	8.46	8.46	8.46	8.46	300
1900	2023-10-03	8.46	8.46	8.46	8.46	0
1901	2023-10-04	8.46	8.46	8.46	8.46	431
1902	2023-10-05	8.46	8.46	8.46	8.46	0
1903	2023-10-06	8.46	8.46	8.46	8.46	0
1904	2023-10-09	8.46	8.46	8.46	8.46	0
1905	2023-10-10	8.46	8.46	8.46	8.46	16
1906	2023-10-11	8.46	8.46	8.46	8.46	34
1907	2023-10-12	8.46	8.46	8.46	8.46	0
1908	2023-10-13	8.46	8.46	8.46	8.46	0
1909	2023-10-16	8.46	8.46	8.27	8.46	4786
1910	2023-10-17	8.74	9.29	8.74	9.29	43800
1911	2023-10-18	9.48	9.48	9.29	9.29	202
1912	2023-10-19	9.01	9.01	8.36	8.36	37900
1913	2023-10-20	8.46	8.83	8.08	8.08	3000
1914	2023-10-23	8.08	8.74	8.08	8.27	1500
1915	2023-10-24	8.36	8.36	8.36	8.36	1800
1916	2023-10-25	8.36	8.55	8.36	8.36	1100
1917	2023-10-26	8.08	8.08	7.99	8.08	2800
1918	2023-10-27	7.9	8.55	7.9	8.55	1200
1919	2023-10-30	8.36	8.36	8.36	8.36	100
1920	2023-10-31	8.36	8.36	8.36	8.36	0
1921	2023-11-01	8.36	8.36	8.36	8.36	0
1922	2023-11-02	8.36	8.46	8.36	8.46	2034
1923	2023-11-03	8.46	8.46	8.46	8.46	0
1924	2023-11-06	8.27	8.55	8.08	8.55	800
1925	2023-11-07	8.55	8.55	8.55	8.55	2
1926	2023-11-08	8.36	8.46	8.36	8.36	4925
1927	2023-11-09	8.46	8.55	8.46	8.55	1108
1928	2023-11-10	8.55	8.55	8.55	8.55	1801
1929	2023-11-13	8.55	8.55	8.55	8.55	1400
1930	2023-11-14	8.55	8.55	8.55	8.55	100
1931	2023-11-15	8.55	8.55	8.55	8.55	1400
1932	2023-11-16	8.55	8.55	8.55	8.55	0
1933	2023-11-17	8.55	8.55	8.55	8.55	0
1934	2023-11-20	8.55	8.55	8.55	8.55	720
1935	2023-11-21	8.55	8.55	8.55	8.55	0
1936	2023-11-22	8.55	8.55	8.55	8.55	0
1937	2023-11-23	8.55	8.55	8.55	8.55	100
1938	2023-11-24	8.55	8.55	8.55	8.55	0
1939	2023-11-27	8.55	8.55	8.55	8.55	0
1940	2023-11-28	8.55	8.55	8.08	8.46	3500
1941	2023-11-29	8.46	8.46	8.08	8.08	800
1942	2023-11-30	8.08	8.08	8.08	8.08	0
1943	2023-12-01	8.55	8.55	8.55	8.55	2900
1944	2023-12-04	8.55	8.55	8.55	8.55	0
1945	2023-12-05	8.55	8.55	8.55	8.55	0
1946	2023-12-06	8.36	8.36	8.36	8.36	1609
1947	2023-12-07	8.46	8.46	8.46	8.46	101
1948	2023-12-08	8.46	8.46	8.46	8.46	1000
1949	2023-12-11	8.46	8.46	8.46	8.46	0
1950	2023-12-12	8.46	8.46	8.46	8.46	806
1951	2023-12-13	8.46	8.46	8.46	8.46	4
1952	2023-12-14	8.46	8.46	8.46	8.46	0
1953	2023-12-15	8.46	8.46	8.46	8.46	0
1954	2023-12-18	8.08	8.08	7.81	7.81	501
1955	2023-12-19	8.55	8.55	8.18	8.18	200
1956	2023-12-20	8.18	8.18	8.18	8.18	64
1957	2023-12-21	8.18	8.18	8.18	8.18	3
1958	2023-12-22	8.27	8.27	8.27	8.27	200
1959	2023-12-25	8.46	8.46	8.46	8.46	125
1960	2023-12-26	8.46	8.46	8.46	8.46	6
1961	2023-12-27	8.36	8.36	8.36	8.36	700
1962	2023-12-28	8.36	8.36	8.36	8.36	2000
1963	2023-12-29	8.55	8.55	8.55	8.55	100
1964	2024-01-02	8.55	8.55	8.55	8.55	1
1965	2024-01-03	8.55	8.55	8.55	8.55	0
1966	2024-01-04	8.46	8.64	8.46	8.64	600
1967	2024-01-05	8.64	8.64	8.64	8.64	0
1968	2024-01-08	8.64	8.64	8.55	8.55	200
1969	2024-01-09	8.36	8.36	8.36	8.36	509
1970	2024-01-10	8.36	8.36	8.36	8.36	0
1971	2024-01-11	8.36	8.36	8.36	8.36	48
1972	2024-01-12	8.55	8.74	8.36	8.36	579
1973	2024-01-15	8.36	8.36	8.36	8.36	3
1974	2024-01-16	8.36	8.36	8.36	8.36	0
1975	2024-01-17	8.18	8.18	8.18	8.18	201
1976	2024-01-18	8.27	8.27	8.27	8.27	200
1977	2024-01-19	8.27	8.27	8.27	8.27	16
1978	2024-01-22	8.27	8.27	8.27	8.27	0
1979	2024-01-23	8.27	8.27	8.27	8.27	0
1980	2024-01-24	8.27	8.27	8.27	8.27	0
1981	2024-01-25	8.27	8.27	8.27	8.27	13
1982	2024-01-26	8.36	8.36	8.36	8.36	101
1983	2024-01-29	8.36	8.36	8.36	8.36	0
1984	2024-01-30	8.36	8.36	8.36	8.36	0
1985	2024-01-31	8.36	8.36	8.18	8.18	501
1986	2024-02-01	8.18	8.18	8.18	8.18	700
1987	2024-02-02	8.18	8.18	8.18	8.18	0
1988	2024-02-05	8.18	8.18	8.18	8.18	0
1989	2024-02-06	8.18	8.18	8.18	8.18	0
1990	2024-02-07	8.18	8.18	8.18	8.18	0
1991	2024-02-15	8.36	8.36	8.36	8.36	100
1992	2024-02-16	8.36	8.36	8.36	8.36	1
1993	2024-02-19	8.36	8.74	8.36	8.55	4012
1994	2024-02-20	8.46	8.46	8.36	8.36	1100
1995	2024-02-21	8.36	8.36	8.36	8.36	922
1996	2024-02-22	8.36	8.36	8.36	8.36	700
1997	2024-02-23	8.55	8.55	8.55	8.55	600
1998	2024-02-26	8.64	8.64	8.64	8.64	170
1999	2024-02-27	8.64	8.64	8.64	8.64	0
2000	2024-02-28	8.64	8.64	8.64	8.64	0
2001	2024-02-29	8.55	8.55	8.55	8.55	327
2002	2024-03-01	8.55	8.55	8.55	8.55	1
2003	2024-03-04	8.55	8.55	8.55	8.55	1
2004	2024-03-05	8.83	8.83	8.83	8.83	100
2005	2024-03-06	8.83	8.83	8.83	8.83	0
2006	2024-03-07	8.64	8.64	8.64	8.64	110
2007	2024-03-08	8.64	8.64	8.64	8.64	107
2008	2024-03-11	8.64	8.83	8.64	8.83	4203
2009	2024-03-12	8.83	8.83	8.83	8.83	100
2010	2024-03-13	8.83	8.83	8.83	8.83	15
2011	2024-03-14	8.46	8.74	8.46	8.74	900
2012	2024-03-15	9.29	9.29	8.92	9.11	4800
2013	2024-03-18	9.11	9.11	9.11	9.11	40
2014	2024-03-19	9.11	9.11	9.11	9.11	0
2015	2024-03-20	9.11	9.11	9.11	9.11	0
2016	2024-03-21	9.11	9.11	9.11	9.11	0
2017	2024-03-22	9.11	9.11	9.11	9.11	101
2018	2024-03-25	9.11	9.11	9.11	9.11	0
2019	2024-03-26	9.11	9.11	9.11	9.11	0
2020	2024-03-27	9.11	9.11	9.11	9.11	0
2021	2024-03-28	8.64	8.83	8.64	8.83	1400
2022	2024-03-29	8.64	8.64	8.64	8.64	2500
2023	2024-04-01	8.83	8.83	8.83	8.83	500
2024	2024-04-02	8.83	8.83	8.83	8.83	640
2025	2024-04-03	8.83	8.83	8.83	8.83	0
2026	2024-04-04	8.83	8.83	8.83	8.83	0
2027	2024-04-05	8.83	8.83	8.83	8.83	0
2028	2024-04-08	8.83	8.83	8.83	8.83	0
2029	2024-04-09	8.83	8.83	8.83	8.83	0
2030	2024-04-10	8.83	8.83	8.83	8.83	400
2031	2024-04-11	8.83	8.83	8.83	8.83	2
2032	2024-04-12	8.83	8.83	8.83	8.83	0
2033	2024-04-15	8.83	8.83	8.83	8.83	300
2034	2024-04-16	8.46	8.55	8.46	8.55	210
2035	2024-04-17	8.36	8.36	8.36	8.36	100
2036	2024-04-19	8.46	8.46	8.46	8.46	400
2037	2024-04-22	8.36	8.46	8.36	8.46	400
2038	2024-04-23	8.46	8.64	8.46	8.55	3400
2039	2024-04-24	8.64	8.74	8.64	8.74	4038
2040	2024-04-25	8.74	8.74	8.74	8.74	1700
2041	2024-04-26	8.74	8.74	8.74	8.74	1100
2042	2024-05-02	8.74	8.74	7.99	8.46	2456
2043	2024-05-03	8.64	8.64	8.64	8.64	1700
2044	2024-05-06	8.64	8.83	8.64	8.74	1730
2045	2024-05-07	8.74	8.74	8.74	8.74	600
2046	2024-05-08	9.11	9.11	9.11	9.11	121
2047	2024-05-09	9.01	9.01	9.01	9.01	100
2048	2024-05-10	9.01	9.01	8.83	9.01	2100
2049	2024-05-13	9.11	9.11	9.11	9.11	10221
2050	2024-05-14	9.2	9.2	9.11	9.11	3900
2051	2024-05-15	9.2	9.2	9.11	9.11	1201
2052	2024-05-16	9.11	9.2	9.11	9.2	1616
2053	2024-05-17	9.7	9.7	9.3	9.4	3300
2054	2024-05-20	9.2	9.2	9.0	9.0	3400
2055	2024-05-21	9.1	9.1	9.1	9.1	100
2056	2024-05-22	8.9	9.4	8.9	8.9	800
2057	2024-05-23	9.0	9.2	9.0	9.2	2232
2058	2024-05-24	8.9	8.9	8.9	8.9	820
2059	2024-05-27	9.0	9.0	9.0	9.0	980
2060	2024-05-28	9.0	9.0	9.0	9.0	0
2061	2024-05-29	9.0	9.0	9.0	9.0	800
2062	2024-05-30	9.0	9.0	9.0	9.0	600
2063	2024-05-31	9.0	9.3	9.0	9.3	2131
2064	2024-06-03	9.0	9.0	9.0	9.0	611
2065	2024-06-04	9.0	9.0	9.0	9.0	400
2066	2024-06-05	9.0	9.1	8.9	9.1	3100
2067	2024-06-06	9.1	9.1	9.1	9.1	600
2068	2024-06-07	9.1	9.1	9.1	9.1	0
2069	2024-06-10	9.1	9.1	9.1	9.1	1300
2070	2024-06-11	9.2	9.2	9.2	9.2	400
2071	2024-06-12	9.2	9.2	9.2	9.2	100
2072	2024-06-13	9.2	9.2	9.2	9.2	200
2073	2024-06-14	9.2	9.2	9.2	9.2	0
2074	2024-06-17	9.2	9.2	9.2	9.2	0
2075	2024-06-18	9.2	9.2	9.2	9.2	100
2076	2024-06-19	9.2	9.2	9.2	9.2	0
2077	2024-06-20	9.5	9.5	9.5	9.5	10740
2078	2024-06-21	9.5	9.5	9.5	9.5	0
2079	2024-06-24	9.5	9.5	9.5	9.5	0
2080	2024-06-25	9.5	9.5	9.5	9.5	40
2081	2024-06-26	9.5	9.5	9.5	9.5	32
2082	2024-06-27	9.5	9.5	9.5	9.5	0
2083	2024-06-28	9.5	9.5	9.5	9.5	0
2084	2024-07-01	8.9	8.9	8.9	8.9	511
2085	2024-07-02	8.9	8.9	8.9	8.9	0
2086	2024-07-03	8.9	8.9	8.9	8.9	0
2087	2024-07-04	8.9	8.9	8.9	8.9	0
2088	2024-07-05	8.9	8.9	8.9	8.9	221
2089	2024-07-08	8.9	8.9	8.9	8.9	0
2090	2024-07-09	8.9	8.9	8.9	8.9	2
2091	2024-07-10	8.9	8.9	8.9	8.9	2
2092	2024-07-11	8.8	8.8	8.8	8.8	119
2093	2024-07-12	8.8	8.8	8.8	8.8	0
2094	2024-07-15	8.8	8.8	8.8	8.8	0
2095	2024-07-16	8.8	8.8	8.8	8.8	0
2096	2024-07-17	8.8	8.8	8.8	8.8	0
2097	2024-07-18	8.8	8.8	8.8	8.8	0
2098	2024-07-19	8.8	8.8	8.8	8.8	0
2099	2024-07-22	9.0	9.5	9.0	9.4	800
2100	2024-07-23	9.4	9.4	9.4	9.4	0
2101	2024-07-24	9.4	9.4	9.4	9.4	0
2102	2024-07-25	9.4	9.4	9.4	9.4	0
2103	2024-07-26	9.5	9.8	9.5	9.8	9900
2104	2024-07-30	9.6	9.6	9.6	9.6	1300
2105	2024-07-31	9.5	9.5	9.5	9.5	300
2106	2024-08-01	9.5	9.5	9.5	9.5	1100
2107	2024-08-02	9.5	9.5	9.4	9.4	3100
2108	2024-08-05	9.3	9.3	9.3	9.3	4200
2109	2024-08-06	9.2	10.1	9.2	10.1	2200
2110	2024-08-13	9.8	9.8	9.8	9.8	100
2111	2024-08-15	9.1	9.1	9.1	9.1	100
2112	2024-08-19	9.1	9.1	9.1	9.1	100
2113	2024-08-21	9.1	9.1	9.1	9.1	200
2114	2024-08-26	9.0	9.0	9.0	9.0	100
2115	2024-08-29	9.0	9.0	9.0	9.0	3200
2116	2024-09-06	9.3	9.3	9.3	9.3	200
2117	2024-09-12	9.3	9.3	9.3	9.3	600
2118	2024-09-17	9.4	9.4	9.1	9.1	1700
2119	2024-09-19	9.1	9.1	9.1	9.1	100
2120	2024-09-23	9.0	9.0	9.0	9.0	1100
2121	2024-09-24	9.9	9.9	9.8	9.8	200
2122	2024-09-26	8.9	8.9	8.9	8.9	300
2123	2024-09-30	9.0	9.0	9.0	9.0	600
2124	2024-10-07	9.4	9.4	9.4	9.4	2000
2125	2024-10-17	8.6	8.6	8.6	8.6	2100
2126	2024-10-18	8.6	8.6	8.6	8.6	100
2127	2024-10-22	9.0	9.0	8.8	8.8	200
2128	2024-10-25	9.1	9.1	9.0	9.0	1200
2129	2024-10-31	8.5	8.5	8.5	8.5	100
2130	2024-11-13	8.0	8.5	8.0	8.5	300
2131	2024-11-18	8.5	8.5	8.5	8.5	100
2132	2024-11-19	8.5	8.5	8.5	8.5	1100
2133	2024-11-29	9.2	9.3	9.2	9.2	5200
2134	2024-12-02	9.2	9.2	9.2	9.2	100
2135	2024-12-03	8.8	8.8	8.8	8.8	200
2136	2024-12-04	8.9	8.9	8.9	8.9	500
2137	2024-12-10	8.3	8.3	8.3	8.3	200
2138	2024-12-11	9.0	9.0	8.9	8.9	300
2139	2024-12-13	8.9	8.9	8.9	8.9	200
2140	2024-12-17	9.1	9.1	9.0	9.0	300
2141	2024-12-18	9.0	9.0	9.0	9.0	300
2142	2024-12-19	9.0	9.0	9.0	9.0	100
2143	2024-12-20	9.0	9.0	9.0	9.0	2000
2144	2024-12-23	9.0	9.0	9.0	9.0	1600
2145	2024-12-27	9.5	9.5	9.5	9.5	100
2146	2025-01-08	9.5	9.5	9.5	9.5	400
2147	2025-01-09	9.5	9.5	9.5	9.5	100
2148	2025-01-10	9.5	9.5	9.5	9.5	400
2149	2025-01-13	9.3	9.3	9.3	9.3	400
2150	2025-01-14	9.6	9.6	9.3	9.3	500
2151	2025-01-23	9.3	9.3	9.1	9.1	400
2152	2025-02-03	9.1	9.1	9.1	9.1	600
2153	2025-02-05	9.2	9.2	9.2	9.2	200
2154	2025-02-06	9.2	9.2	9.2	9.2	100
2155	2025-02-07	9.3	9.3	9.2	9.2	1700
2156	2025-02-10	9.2	9.2	9.2	9.2	2100
2157	2025-02-11	9.2	9.2	9.2	9.2	2000
2158	2025-02-13	9.2	9.3	9.2	9.3	13600
2159	2025-02-14	9.3	9.3	9.3	9.3	500
2160	2025-02-17	9.3	9.3	9.3	9.3	200
2161	2025-02-18	9.5	9.5	9.3	9.3	400
2162	2025-02-24	9.3	9.3	9.3	9.3	800
2163	2025-02-25	9.3	9.3	9.2	9.2	1100
2164	2025-02-26	9.2	9.3	9.2	9.3	83400
2165	2025-02-27	9.2	9.2	8.8	9.2	24800
2166	2025-03-03	9.2	9.2	9.2	9.2	300
2167	2025-03-05	10.1	10.1	10.0	10.1	17100
2168	2025-03-06	11.0	11.1	10.9	10.9	20700
2169	2025-03-07	9.9	9.9	9.9	9.9	1100
2170	2025-03-10	9.2	9.5	9.0	9.2	19800
2171	2025-03-11	9.0	9.0	9.0	9.0	38000
2172	2025-03-12	9.1	9.1	9.0	9.0	5500
2173	2025-03-13	9.0	9.0	9.0	9.0	100
2174	2025-03-14	9.0	9.0	9.0	9.0	200
2175	2025-03-17	9.1	9.1	9.1	9.1	100
2176	2025-03-18	9.2	9.2	9.1	9.1	300
2177	2025-03-19	9.1	9.1	9.1	9.1	300
